#     0	 1	   23	 3	 2.7866E+03	 1000	1
 4.8978E+01  0.0000E+00  0.0000E+00  0.0000E+00  0.0000E+00  0.0000E+00
 4.9353E+01  0.0000E+00  0.0000E+00  0.0000E+00  0.0000E+00  0.0000E+00
 4.9731E+01  0.0000E+00  0.0000E+00  0.0000E+00  0.0000E+00  0.0000E+00
 5.0112E+01  0.0000E+00  0.0000E+00  0.0000E+00  0.0000E+00  0.0000E+00
 5.0496E+01  0.0000E+00  0.0000E+00  0.0000E+00  0.0000E+00  0.0000E+00
 5.0882E+01  0.0000E+00  0.0000E+00  0.0000E+00  0.0000E+00  0.0000E+00
 5.1272E+01  0.0000E+00  0.0000E+00  0.0000E+00  0.0000E+00  0.0000E+00
 5.1665E+01  0.0000E+00  0.0000E+00  0.0000E+00  0.0000E+00  0.0000E+00
 5.2060E+01  0.0000E+00  0.0000E+00  0.0000E+00  0.0000E+00  0.0000E+00
 5.2459E+01  0.0000E+00  0.0000E+00  0.0000E+00  0.0000E+00  0.0000E+00
 5.2861E+01  0.0000E+00  0.0000E+00  0.0000E+00  0.0000E+00  0.0000E+00
 5.3266E+01  0.0000E+00  0.0000E+00  0.0000E+00  0.0000E+00  0.0000E+00
 5.3673E+01  0.0000E+00  0.0000E+00  0.0000E+00  0.0000E+00  0.0000E+00
 5.4085E+01  0.0000E+00  0.0000E+00  0.0000E+00  0.0000E+00  0.0000E+00
 5.4499E+01  0.0000E+00  0.0000E+00  0.0000E+00  0.0000E+00  0.0000E+00
 5.4916E+01  0.0000E+00  0.0000E+00  0.0000E+00  0.0000E+00  0.0000E+00
 5.5337E+01  0.0000E+00  0.0000E+00  0.0000E+00  0.0000E+00  0.0000E+00
 5.5760E+01  0.0000E+00  0.0000E+00  0.0000E+00  0.0000E+00  0.0000E+00
 5.6187E+01  0.0000E+00  0.0000E+00  0.0000E+00  0.0000E+00  0.0000E+00
 5.6618E+01  0.0000E+00  0.0000E+00  0.0000E+00  0.0000E+00  0.0000E+00
 5.7051E+01  0.0000E+00  0.0000E+00  0.0000E+00  0.0000E+00  0.0000E+00
 5.7488E+01  0.0000E+00  0.0000E+00  0.0000E+00  0.0000E+00  0.0000E+00
 5.7929E+01  0.0000E+00  0.0000E+00  0.0000E+00  0.0000E+00  0.0000E+00
 5.8372E+01  0.0000E+00  0.0000E+00  0.0000E+00  0.0000E+00  0.0000E+00
 5.8819E+01  0.0000E+00  0.0000E+00  0.0000E+00  0.0000E+00  0.0000E+00
 5.9270E+01  0.0000E+00  0.0000E+00  0.0000E+00  0.0000E+00  0.0000E+00
 5.9724E+01  0.0000E+00  0.0000E+00  0.0000E+00  0.0000E+00  0.0000E+00
 6.0181E+01  0.0000E+00  0.0000E+00  0.0000E+00  0.0000E+00  0.0000E+00
 6.0642E+01  0.0000E+00  0.0000E+00  0.0000E+00  0.0000E+00  0.0000E+00
 6.1106E+01  0.0000E+00  0.0000E+00  0.0000E+00  0.0000E+00  0.0000E+00
 6.1574E+01  0.0000E+00  0.0000E+00  0.0000E+00  0.0000E+00  0.0000E+00
 6.2046E+01  0.0000E+00  0.0000E+00  0.0000E+00  0.0000E+00  0.0000E+00
 6.2521E+01  0.0000E+00  0.0000E+00  0.0000E+00  0.0000E+00  0.0000E+00
 6.3000E+01  0.0000E+00  0.0000E+00  0.0000E+00  0.0000E+00  0.0000E+00
 6.3482E+01  0.0000E+00  0.0000E+00  0.0000E+00  0.0000E+00  0.0000E+00
 6.3968E+01  0.0000E+00  0.0000E+00  0.0000E+00  0.0000E+00  0.0000E+00
 6.4458E+01  0.0000E+00  0.0000E+00  0.0000E+00  0.0000E+00  0.0000E+00
 6.4952E+01  0.0000E+00  0.0000E+00  0.0000E+00  0.0000E+00  0.0000E+00
 6.5449E+01  0.0000E+00  0.0000E+00  0.0000E+00  0.0000E+00  0.0000E+00
 6.5951E+01  0.0000E+00  0.0000E+00  0.0000E+00  0.0000E+00  0.0000E+00
 6.6456E+01  0.0000E+00  0.0000E+00  0.0000E+00  0.0000E+00  0.0000E+00
 6.6965E+01  0.0000E+00  0.0000E+00  0.0000E+00  0.0000E+00  0.0000E+00
 6.7478E+01  0.0000E+00  0.0000E+00  0.0000E+00  0.0000E+00  0.0000E+00
 6.7994E+01  0.0000E+00  0.0000E+00  0.0000E+00  0.0000E+00  0.0000E+00
 6.8515E+01  0.0000E+00  0.0000E+00  0.0000E+00  0.0000E+00  0.0000E+00
 6.9040E+01  0.0000E+00  0.0000E+00  0.0000E+00  0.0000E+00  0.0000E+00
 6.9568E+01  0.0000E+00  0.0000E+00  0.0000E+00  0.0000E+00  0.0000E+00
 7.0101E+01  0.0000E+00  0.0000E+00  0.0000E+00  0.0000E+00  0.0000E+00
 7.0638E+01  0.0000E+00  0.0000E+00  0.0000E+00  0.0000E+00  0.0000E+00
 7.1179E+01  0.0000E+00  0.0000E+00  0.0000E+00  0.0000E+00  0.0000E+00
 7.1724E+01  0.0000E+00  0.0000E+00  0.0000E+00  0.0000E+00  0.0000E+00
 7.2273E+01  0.0000E+00  0.0000E+00  0.0000E+00  0.0000E+00  0.0000E+00
 7.2827E+01  0.0000E+00  0.0000E+00  0.0000E+00  0.0000E+00  0.0000E+00
 7.3385E+01  0.0000E+00  0.0000E+00  0.0000E+00  0.0000E+00  0.0000E+00
 7.3947E+01  0.0000E+00  0.0000E+00  0.0000E+00  0.0000E+00  0.0000E+00
 7.4513E+01  0.0000E+00  0.0000E+00  0.0000E+00  0.0000E+00  0.0000E+00
 7.5084E+01  0.0000E+00  0.0000E+00  0.0000E+00  0.0000E+00  0.0000E+00
 7.5659E+01  0.0000E+00  0.0000E+00  0.0000E+00  0.0000E+00  0.0000E+00
 7.6238E+01  0.0000E+00  0.0000E+00  0.0000E+00  0.0000E+00  0.0000E+00
 7.6822E+01  0.0000E+00  0.0000E+00  0.0000E+00  0.0000E+00  0.0000E+00
 7.7410E+01  0.0000E+00  0.0000E+00  0.0000E+00  0.0000E+00  0.0000E+00
 7.8003E+01  0.0000E+00  0.0000E+00  0.0000E+00  0.0000E+00  0.0000E+00
 7.8601E+01  0.0000E+00  0.0000E+00  0.0000E+00  0.0000E+00  0.0000E+00
 7.9202E+01  0.0000E+00  0.0000E+00  0.0000E+00  0.0000E+00  0.0000E+00
 7.9809E+01  0.0000E+00  0.0000E+00  0.0000E+00  0.0000E+00  0.0000E+00
 8.0420E+01  0.0000E+00  0.0000E+00  0.0000E+00  0.0000E+00  0.0000E+00
 8.1036E+01  0.0000E+00  0.0000E+00  0.0000E+00  0.0000E+00  0.0000E+00
 8.1657E+01  0.0000E+00  0.0000E+00  0.0000E+00  0.0000E+00  0.0000E+00
 8.2282E+01  0.0000E+00  0.0000E+00  0.0000E+00  0.0000E+00  0.0000E+00
 8.2912E+01  0.0000E+00  0.0000E+00  0.0000E+00  0.0000E+00  0.0000E+00
 8.3547E+01  0.0000E+00  0.0000E+00  0.0000E+00  0.0000E+00  0.0000E+00
 8.4187E+01  0.0000E+00  0.0000E+00  0.0000E+00  0.0000E+00  0.0000E+00
 8.4832E+01  0.0000E+00  0.0000E+00  0.0000E+00  0.0000E+00  0.0000E+00
 8.5481E+01  0.0000E+00  0.0000E+00  0.0000E+00  0.0000E+00  0.0000E+00
 8.6136E+01  0.0000E+00  0.0000E+00  0.0000E+00  0.0000E+00  0.0000E+00
 8.6796E+01  0.0000E+00  0.0000E+00  0.0000E+00  0.0000E+00  0.0000E+00
 8.7460E+01  0.0000E+00  0.0000E+00  0.0000E+00  0.0000E+00  0.0000E+00
 8.8130E+01  0.0000E+00  0.0000E+00  0.0000E+00  0.0000E+00  0.0000E+00
 8.8805E+01  0.0000E+00  0.0000E+00  0.0000E+00  0.0000E+00  0.0000E+00
 8.9485E+01  0.0000E+00  0.0000E+00  0.0000E+00  0.0000E+00  0.0000E+00
 9.0171E+01  0.0000E+00  0.0000E+00  0.0000E+00  0.0000E+00  0.0000E+00
 9.0861E+01  0.0000E+00  0.0000E+00  0.0000E+00  0.0000E+00  0.0000E+00
 9.1557E+01  0.0000E+00  0.0000E+00  0.0000E+00  0.0000E+00  0.0000E+00
 9.2258E+01  0.0000E+00  0.0000E+00  0.0000E+00  0.0000E+00  0.0000E+00
 9.2965E+01  0.0000E+00  0.0000E+00  0.0000E+00  0.0000E+00  0.0000E+00
 9.3677E+01  0.0000E+00  0.0000E+00  0.0000E+00  0.0000E+00  0.0000E+00
 9.4394E+01  0.0000E+00  0.0000E+00  0.0000E+00  0.0000E+00  0.0000E+00
 9.5117E+01  0.0000E+00  0.0000E+00  0.0000E+00  0.0000E+00  0.0000E+00
 9.5845E+01  0.0000E+00  0.0000E+00  0.0000E+00  0.0000E+00  0.0000E+00
 9.6579E+01  0.0000E+00  0.0000E+00  0.0000E+00  0.0000E+00  0.0000E+00
 9.7319E+01  0.0000E+00  0.0000E+00  0.0000E+00  0.0000E+00  0.0000E+00
 9.8064E+01  0.0000E+00  0.0000E+00  0.0000E+00  0.0000E+00  0.0000E+00
 9.8815E+01  0.0000E+00  0.0000E+00  0.0000E+00  0.0000E+00  0.0000E+00
 9.9572E+01  0.0000E+00  0.0000E+00  0.0000E+00  0.0000E+00  0.0000E+00
 1.0033E+02  0.0000E+00  0.0000E+00  0.0000E+00  0.0000E+00  0.0000E+00
 1.0110E+02  0.0000E+00  0.0000E+00  0.0000E+00  0.0000E+00  0.0000E+00
 1.0188E+02  0.0000E+00  0.0000E+00  0.0000E+00  0.0000E+00  0.0000E+00
 1.0266E+02  0.0000E+00  0.0000E+00  0.0000E+00  0.0000E+00  0.0000E+00
 1.0344E+02  0.0000E+00  0.0000E+00  0.0000E+00  0.0000E+00  0.0000E+00
 1.0424E+02  0.0000E+00  0.0000E+00  0.0000E+00  0.0000E+00  0.0000E+00
 1.0503E+02  0.0000E+00  0.0000E+00  0.0000E+00  0.0000E+00  0.0000E+00
 1.0584E+02  0.0000E+00  0.0000E+00  0.0000E+00  0.0000E+00  0.0000E+00
 1.0665E+02  0.0000E+00  0.0000E+00  0.0000E+00  0.0000E+00  0.0000E+00
 1.0747E+02  0.0000E+00  0.0000E+00  0.0000E+00  0.0000E+00  0.0000E+00
 1.0829E+02  0.0000E+00  0.0000E+00  0.0000E+00  0.0000E+00  0.0000E+00
 1.0912E+02  0.0000E+00  0.0000E+00  0.0000E+00  0.0000E+00  0.0000E+00
 1.0995E+02  0.0000E+00  0.0000E+00  0.0000E+00  0.0000E+00  0.0000E+00
 1.1080E+02  0.0000E+00  0.0000E+00  0.0000E+00  0.0000E+00  0.0000E+00
 1.1164E+02  0.0000E+00  0.0000E+00  0.0000E+00  0.0000E+00  0.0000E+00
 1.1250E+02  0.0000E+00  0.0000E+00  0.0000E+00  0.0000E+00  0.0000E+00
 1.1336E+02  0.0000E+00  0.0000E+00  0.0000E+00  0.0000E+00  0.0000E+00
 1.1423E+02  0.0000E+00  0.0000E+00  0.0000E+00  0.0000E+00  0.0000E+00
 1.1510E+02  0.0000E+00  0.0000E+00  0.0000E+00  0.0000E+00  0.0000E+00
 1.1599E+02  0.0000E+00  0.0000E+00  0.0000E+00  0.0000E+00  0.0000E+00
 1.1687E+02  0.0000E+00  0.0000E+00  0.0000E+00  0.0000E+00  0.0000E+00
 1.1777E+02  0.0000E+00  0.0000E+00  0.0000E+00  0.0000E+00  0.0000E+00
 1.1867E+02  0.0000E+00  0.0000E+00  0.0000E+00  0.0000E+00  0.0000E+00
 1.1958E+02  0.0000E+00  0.0000E+00  0.0000E+00  0.0000E+00  0.0000E+00
 1.2050E+02  0.0000E+00  0.0000E+00  0.0000E+00  0.0000E+00  0.0000E+00
 1.2142E+02  0.0000E+00  0.0000E+00  0.0000E+00  0.0000E+00  0.0000E+00
 1.2235E+02  0.0000E+00  0.0000E+00  0.0000E+00  0.0000E+00  0.0000E+00
 1.2329E+02  0.0000E+00  0.0000E+00  0.0000E+00  0.0000E+00  0.0000E+00
 1.2423E+02  0.0000E+00  0.0000E+00  0.0000E+00  0.0000E+00  0.0000E+00
 1.2518E+02  0.0000E+00  0.0000E+00  0.0000E+00  0.0000E+00  0.0000E+00
 1.2614E+02  0.0000E+00  0.0000E+00  0.0000E+00  0.0000E+00  0.0000E+00
 1.2711E+02  0.0000E+00  0.0000E+00  0.0000E+00  0.0000E+00  0.0000E+00
 1.2808E+02  0.0000E+00  0.0000E+00  0.0000E+00  0.0000E+00  0.0000E+00
 1.2906E+02  0.0000E+00  0.0000E+00  0.0000E+00  0.0000E+00  0.0000E+00
 1.3005E+02  0.0000E+00  0.0000E+00  0.0000E+00  0.0000E+00  0.0000E+00
 1.3104E+02  0.0000E+00  0.0000E+00  0.0000E+00  0.0000E+00  0.0000E+00
 1.3205E+02  0.0000E+00  0.0000E+00  0.0000E+00  0.0000E+00  0.0000E+00
 1.3306E+02  0.0000E+00  0.0000E+00  0.0000E+00  0.0000E+00  0.0000E+00
 1.3408E+02  0.0000E+00  0.0000E+00  0.0000E+00  0.0000E+00  0.0000E+00
 1.3510E+02  0.0000E+00  0.0000E+00  0.0000E+00  0.0000E+00  0.0000E+00
 1.3614E+02  0.0000E+00  0.0000E+00  0.0000E+00  0.0000E+00  0.0000E+00
 1.3718E+02  0.0000E+00  0.0000E+00  0.0000E+00  0.0000E+00  0.0000E+00
 1.3823E+02  0.0000E+00  0.0000E+00  0.0000E+00  0.0000E+00  0.0000E+00
 1.3929E+02  0.0000E+00  0.0000E+00  0.0000E+00  0.0000E+00  0.0000E+00
 1.4036E+02  0.0000E+00  0.0000E+00  0.0000E+00  0.0000E+00  0.0000E+00
 1.4143E+02  0.0000E+00  0.0000E+00  0.0000E+00  0.0000E+00  0.0000E+00
 1.4252E+02  0.0000E+00  0.0000E+00  0.0000E+00  0.0000E+00  0.0000E+00
 1.4361E+02  0.0000E+00  0.0000E+00  0.0000E+00  0.0000E+00  0.0000E+00
 1.4471E+02  0.0000E+00  0.0000E+00  0.0000E+00  0.0000E+00  0.0000E+00
 1.4582E+02  0.0000E+00  0.0000E+00  0.0000E+00  0.0000E+00  0.0000E+00
 1.4693E+02  0.0000E+00  0.0000E+00  0.0000E+00  0.0000E+00  0.0000E+00
 1.4806E+02  0.0000E+00  0.0000E+00  0.0000E+00  0.0000E+00  0.0000E+00
 1.4919E+02  0.0000E+00  0.0000E+00  0.0000E+00  0.0000E+00  0.0000E+00
 1.5033E+02  0.0000E+00  0.0000E+00  0.0000E+00  0.0000E+00  0.0000E+00
 1.5149E+02  0.0000E+00  0.0000E+00  0.0000E+00  0.0000E+00  0.0000E+00
 1.5265E+02  0.0000E+00  0.0000E+00  0.0000E+00  0.0000E+00  0.0000E+00
 1.5381E+02  0.0000E+00  0.0000E+00  0.0000E+00  0.0000E+00  0.0000E+00
 1.5499E+02  0.0000E+00  0.0000E+00  0.0000E+00  0.0000E+00  0.0000E+00
 1.5618E+02  0.0000E+00  0.0000E+00  0.0000E+00  0.0000E+00  0.0000E+00
 1.5738E+02  0.0000E+00  0.0000E+00  0.0000E+00  0.0000E+00  0.0000E+00
 1.5858E+02  0.0000E+00  0.0000E+00  0.0000E+00  0.0000E+00  0.0000E+00
 1.5980E+02  0.0000E+00  0.0000E+00  0.0000E+00  0.0000E+00  0.0000E+00
 1.6102E+02  0.0000E+00  0.0000E+00  0.0000E+00  0.0000E+00  0.0000E+00
 1.6225E+02  0.0000E+00  0.0000E+00  0.0000E+00  0.0000E+00  0.0000E+00
 1.6349E+02  0.0000E+00  0.0000E+00  0.0000E+00  0.0000E+00  0.0000E+00
 1.6475E+02  0.0000E+00  0.0000E+00  0.0000E+00  0.0000E+00  0.0000E+00
 1.6601E+02  0.0000E+00  0.0000E+00  0.0000E+00  0.0000E+00  0.0000E+00
 1.6728E+02  0.0000E+00  0.0000E+00  0.0000E+00  0.0000E+00  0.0000E+00
 1.6856E+02  0.0000E+00  0.0000E+00  0.0000E+00  0.0000E+00  0.0000E+00
 1.6985E+02  0.0000E+00  0.0000E+00  0.0000E+00  0.0000E+00  0.0000E+00
 1.7115E+02  0.0000E+00  0.0000E+00  0.0000E+00  0.0000E+00  0.0000E+00
 1.7246E+02  0.0000E+00  0.0000E+00  0.0000E+00  0.0000E+00  0.0000E+00
 1.7378E+02  0.0000E+00  0.0000E+00  0.0000E+00  0.0000E+00  0.0000E+00
 1.7511E+02  0.0000E+00  0.0000E+00  0.0000E+00  0.0000E+00  0.0000E+00
 1.7646E+02  0.0000E+00  0.0000E+00  0.0000E+00  0.0000E+00  0.0000E+00
 1.7781E+02  0.0000E+00  0.0000E+00  0.0000E+00  0.0000E+00  0.0000E+00
 1.7917E+02  0.0000E+00  0.0000E+00  0.0000E+00  0.0000E+00  0.0000E+00
 1.8054E+02  0.0000E+00  0.0000E+00  0.0000E+00  0.0000E+00  0.0000E+00
 1.8192E+02  0.0000E+00  0.0000E+00  0.0000E+00  0.0000E+00  0.0000E+00
 1.8332E+02  0.0000E+00  0.0000E+00  0.0000E+00  0.0000E+00  0.0000E+00
 1.8472E+02  0.0000E+00  0.0000E+00  0.0000E+00  0.0000E+00  0.0000E+00
 1.8614E+02  0.0000E+00  0.0000E+00  0.0000E+00  0.0000E+00  0.0000E+00
 1.8756E+02  0.0000E+00  0.0000E+00  0.0000E+00  0.0000E+00  0.0000E+00
 1.8900E+02  0.0000E+00  0.0000E+00  0.0000E+00  0.0000E+00  0.0000E+00
 1.9045E+02  0.0000E+00  0.0000E+00  0.0000E+00  0.0000E+00  0.0000E+00
 1.9190E+02  0.0000E+00  0.0000E+00  0.0000E+00  0.0000E+00  0.0000E+00
 1.9337E+02  0.0000E+00  0.0000E+00  0.0000E+00  0.0000E+00  0.0000E+00
 1.9485E+02  0.0000E+00  0.0000E+00  0.0000E+00  0.0000E+00  0.0000E+00
 1.9635E+02  0.0000E+00  0.0000E+00  0.0000E+00  0.0000E+00  0.0000E+00
 1.9785E+02  0.0000E+00  0.0000E+00  0.0000E+00  0.0000E+00  0.0000E+00
 1.9937E+02  0.0000E+00  0.0000E+00  0.0000E+00  0.0000E+00  0.0000E+00
 2.0089E+02  0.0000E+00  0.0000E+00  0.0000E+00  0.0000E+00  0.0000E+00
 2.0243E+02  0.0000E+00  0.0000E+00  0.0000E+00  0.0000E+00  0.0000E+00
 2.0398E+02  0.0000E+00  0.0000E+00  0.0000E+00  0.0000E+00  0.0000E+00
 2.0554E+02  0.0000E+00  0.0000E+00  0.0000E+00  0.0000E+00  0.0000E+00
 2.0712E+02  0.0000E+00  0.0000E+00  0.0000E+00  0.0000E+00  0.0000E+00
 2.0870E+02  0.0000E+00  0.0000E+00  0.0000E+00  0.0000E+00  0.0000E+00
 2.1030E+02  0.0000E+00  0.0000E+00  0.0000E+00  0.0000E+00  0.0000E+00
 2.1191E+02  0.0000E+00  0.0000E+00  0.0000E+00  0.0000E+00  0.0000E+00
 2.1354E+02  0.0000E+00  0.0000E+00  0.0000E+00  0.0000E+00  0.0000E+00
 2.1517E+02  0.0000E+00  0.0000E+00  0.0000E+00  0.0000E+00  0.0000E+00
 2.1682E+02  0.0000E+00  0.0000E+00  0.0000E+00  0.0000E+00  0.0000E+00
 2.1848E+02  0.0000E+00  0.0000E+00  0.0000E+00  0.0000E+00  0.0000E+00
 2.2015E+02  0.0000E+00  0.0000E+00  0.0000E+00  0.0000E+00  0.0000E+00
 2.2184E+02  0.0000E+00  0.0000E+00  0.0000E+00  0.0000E+00  0.0000E+00
 2.2354E+02  0.0000E+00  0.0000E+00  0.0000E+00  0.0000E+00  0.0000E+00
 2.2525E+02  0.0000E+00  0.0000E+00  0.0000E+00  0.0000E+00  0.0000E+00
 2.2697E+02  0.0000E+00  0.0000E+00  0.0000E+00  0.0000E+00  0.0000E+00
 2.2871E+02  0.0000E+00  0.0000E+00  0.0000E+00  0.0000E+00  0.0000E+00
 2.3046E+02  0.0000E+00  0.0000E+00  0.0000E+00  0.0000E+00  0.0000E+00
 2.3223E+02  0.0000E+00  0.0000E+00  0.0000E+00  0.0000E+00  0.0000E+00
 2.3401E+02  0.0000E+00  0.0000E+00  0.0000E+00  0.0000E+00  0.0000E+00
 2.3580E+02  0.0000E+00  0.0000E+00  0.0000E+00  0.0000E+00  0.0000E+00
 2.3761E+02  0.0000E+00  0.0000E+00  0.0000E+00  0.0000E+00  0.0000E+00
 2.3942E+02  0.0000E+00  0.0000E+00  0.0000E+00  0.0000E+00  0.0000E+00
 2.4126E+02  0.0000E+00  0.0000E+00  0.0000E+00  0.0000E+00  0.0000E+00
 2.4311E+02  0.0000E+00  0.0000E+00  0.0000E+00  0.0000E+00  0.0000E+00
 2.4497E+02  0.0000E+00  0.0000E+00  0.0000E+00  0.0000E+00  0.0000E+00
 2.4684E+02  0.0000E+00  0.0000E+00  0.0000E+00  0.0000E+00  0.0000E+00
 2.4873E+02  0.0000E+00  0.0000E+00  0.0000E+00  0.0000E+00  0.0000E+00
 2.5064E+02  0.0000E+00  0.0000E+00  0.0000E+00  0.0000E+00  0.0000E+00
 2.5256E+02  0.0000E+00  0.0000E+00  0.0000E+00  0.0000E+00  0.0000E+00
 2.5449E+02  0.0000E+00  0.0000E+00  0.0000E+00  0.0000E+00  0.0000E+00
 2.5644E+02  0.0000E+00  0.0000E+00  0.0000E+00  0.0000E+00  0.0000E+00
 2.5841E+02  0.0000E+00  0.0000E+00  0.0000E+00  0.0000E+00  0.0000E+00
 2.6038E+02  0.0000E+00  0.0000E+00  0.0000E+00  0.0000E+00  0.0000E+00
 2.6238E+02  0.0000E+00  0.0000E+00  0.0000E+00  0.0000E+00  0.0000E+00
 2.6439E+02  0.0000E+00  0.0000E+00  0.0000E+00  0.0000E+00  0.0000E+00
 2.6641E+02  0.0000E+00  0.0000E+00  0.0000E+00  0.0000E+00  0.0000E+00
 2.6845E+02  0.0000E+00  0.0000E+00  0.0000E+00  0.0000E+00  0.0000E+00
 2.7051E+02  0.0000E+00  0.0000E+00  0.0000E+00  0.0000E+00  0.0000E+00
 2.7258E+02  0.0000E+00  0.0000E+00  0.0000E+00  0.0000E+00  0.0000E+00
 2.7467E+02  0.0000E+00  0.0000E+00  0.0000E+00  0.0000E+00  0.0000E+00
 2.7677E+02  0.0000E+00  0.0000E+00  0.0000E+00  0.0000E+00  0.0000E+00
 2.7889E+02  0.0000E+00  0.0000E+00  0.0000E+00  0.0000E+00  0.0000E+00
 2.8103E+02  0.0000E+00  0.0000E+00  0.0000E+00  0.0000E+00  0.0000E+00
 2.8318E+02  0.0000E+00  0.0000E+00  0.0000E+00  0.0000E+00  0.0000E+00
 2.8535E+02  0.0000E+00  0.0000E+00  0.0000E+00  0.0000E+00  0.0000E+00
 2.8753E+02  0.0000E+00  0.0000E+00  0.0000E+00  0.0000E+00  0.0000E+00
 2.8974E+02  0.0000E+00  0.0000E+00  0.0000E+00  0.0000E+00  0.0000E+00
 2.9195E+02  0.0000E+00  0.0000E+00  0.0000E+00  0.0000E+00  0.0000E+00
 2.9419E+02  0.0000E+00  0.0000E+00  0.0000E+00  0.0000E+00  0.0000E+00
 2.9644E+02  0.0000E+00  0.0000E+00  0.0000E+00  0.0000E+00  0.0000E+00
 2.9871E+02  0.0000E+00  0.0000E+00  0.0000E+00  0.0000E+00  0.0000E+00
 3.0100E+02  0.0000E+00  0.0000E+00  0.0000E+00  0.0000E+00  0.0000E+00
 3.0331E+02  0.0000E+00  0.0000E+00  0.0000E+00  0.0000E+00  0.0000E+00
 3.0563E+02  0.0000E+00  0.0000E+00  0.0000E+00  0.0000E+00  0.0000E+00
 3.0797E+02  0.0000E+00  0.0000E+00  0.0000E+00  0.0000E+00  0.0000E+00
 3.1033E+02  0.0000E+00  0.0000E+00  0.0000E+00  0.0000E+00  0.0000E+00
 3.1271E+02  0.0000E+00  0.0000E+00  0.0000E+00  0.0000E+00  0.0000E+00
 3.1510E+02  0.0000E+00  0.0000E+00  0.0000E+00  0.0000E+00  0.0000E+00
 3.1751E+02  0.0000E+00  0.0000E+00  0.0000E+00  0.0000E+00  0.0000E+00
 3.1994E+02  0.0000E+00  0.0000E+00  0.0000E+00  0.0000E+00  0.0000E+00
 3.2240E+02  0.0000E+00  0.0000E+00  0.0000E+00  0.0000E+00  0.0000E+00
 3.2486E+02  0.0000E+00  0.0000E+00  0.0000E+00  0.0000E+00  0.0000E+00
 3.2735E+02  0.0000E+00  0.0000E+00  0.0000E+00  0.0000E+00  0.0000E+00
 3.2986E+02  0.0000E+00  0.0000E+00  0.0000E+00  0.0000E+00  0.0000E+00
 3.3239E+02  0.0000E+00  0.0000E+00  0.0000E+00  0.0000E+00  0.0000E+00
 3.3493E+02  0.0000E+00  0.0000E+00  0.0000E+00  0.0000E+00  0.0000E+00
 3.3750E+02  0.0000E+00  0.0000E+00  0.0000E+00  0.0000E+00  0.0000E+00
 3.4008E+02  0.0000E+00  0.0000E+00  0.0000E+00  0.0000E+00  0.0000E+00
 3.4268E+02  0.0000E+00  0.0000E+00  0.0000E+00  0.0000E+00  0.0000E+00
 3.4531E+02  0.0000E+00  0.0000E+00  0.0000E+00  0.0000E+00  0.0000E+00
 3.4795E+02  0.0000E+00  0.0000E+00  0.0000E+00  0.0000E+00  0.0000E+00
 3.5062E+02  0.0000E+00  0.0000E+00  0.0000E+00  0.0000E+00  0.0000E+00
 3.5330E+02  0.0000E+00  0.0000E+00  0.0000E+00  0.0000E+00  0.0000E+00
 3.5601E+02  0.0000E+00  0.0000E+00  0.0000E+00  0.0000E+00  0.0000E+00
 3.5874E+02  0.0000E+00  0.0000E+00  0.0000E+00  0.0000E+00  0.0000E+00
 3.6148E+02  0.0000E+00  0.0000E+00  0.0000E+00  0.0000E+00  0.0000E+00
 3.6425E+02  0.0000E+00  0.0000E+00  0.0000E+00  0.0000E+00  0.0000E+00
 3.6704E+02  0.0000E+00  0.0000E+00  0.0000E+00  0.0000E+00  0.0000E+00
 3.6985E+02  0.0000E+00  0.0000E+00  0.0000E+00  0.0000E+00  0.0000E+00
 3.7268E+02  0.0000E+00  0.0000E+00  0.0000E+00  0.0000E+00  0.0000E+00
 3.7554E+02  0.0000E+00  0.0000E+00  0.0000E+00  0.0000E+00  0.0000E+00
 3.7841E+02  0.0000E+00  0.0000E+00  0.0000E+00  0.0000E+00  0.0000E+00
 3.8131E+02  0.0000E+00  0.0000E+00  0.0000E+00  0.0000E+00  0.0000E+00
 3.8423E+02  0.0000E+00  0.0000E+00  0.0000E+00  0.0000E+00  0.0000E+00
 3.8718E+02  0.0000E+00  0.0000E+00  0.0000E+00  0.0000E+00  0.0000E+00
 3.9014E+02  0.0000E+00  0.0000E+00  0.0000E+00  0.0000E+00  0.0000E+00
 3.9313E+02  0.0000E+00  0.0000E+00  0.0000E+00  0.0000E+00  0.0000E+00
 3.9614E+02  0.0000E+00  0.0000E+00  0.0000E+00  0.0000E+00  0.0000E+00
 3.9917E+02  0.0000E+00  0.0000E+00  0.0000E+00  0.0000E+00  0.0000E+00
 4.0223E+02  0.0000E+00  0.0000E+00  0.0000E+00  0.0000E+00  0.0000E+00
 4.0531E+02  0.0000E+00  0.0000E+00  0.0000E+00  0.0000E+00  0.0000E+00
 4.0841E+02  0.0000E+00  0.0000E+00  0.0000E+00  0.0000E+00  0.0000E+00
 4.1154E+02  0.0000E+00  0.0000E+00  0.0000E+00  0.0000E+00  0.0000E+00
 4.1469E+02  0.0000E+00  0.0000E+00  0.0000E+00  0.0000E+00  0.0000E+00
 4.1787E+02  0.0000E+00  0.0000E+00  0.0000E+00  0.0000E+00  0.0000E+00
 4.2107E+02  0.0000E+00  0.0000E+00  0.0000E+00  0.0000E+00  0.0000E+00
 4.2429E+02  0.0000E+00  0.0000E+00  0.0000E+00  0.0000E+00  0.0000E+00
 4.2754E+02  0.0000E+00  0.0000E+00  0.0000E+00  0.0000E+00  0.0000E+00
 4.3082E+02  0.0000E+00  0.0000E+00  0.0000E+00  0.0000E+00  0.0000E+00
 4.3412E+02  0.0000E+00  0.0000E+00  0.0000E+00  0.0000E+00  0.0000E+00
 4.3744E+02  0.0000E+00  0.0000E+00  0.0000E+00  0.0000E+00  0.0000E+00
 4.4079E+02  0.0000E+00  0.0000E+00  0.0000E+00  0.0000E+00  0.0000E+00
 4.4417E+02  0.0000E+00  0.0000E+00  0.0000E+00  0.0000E+00  0.0000E+00
 4.4757E+02  0.0000E+00  0.0000E+00  0.0000E+00  0.0000E+00  0.0000E+00
 4.5100E+02  0.0000E+00  0.0000E+00  0.0000E+00  0.0000E+00  0.0000E+00
 4.5445E+02  0.0000E+00  0.0000E+00  0.0000E+00  0.0000E+00  0.0000E+00
 4.5793E+02  0.0000E+00  0.0000E+00  0.0000E+00  0.0000E+00  0.0000E+00
 4.6144E+02  0.0000E+00  0.0000E+00  0.0000E+00  0.0000E+00  0.0000E+00
 4.6497E+02  0.0000E+00  0.0000E+00  0.0000E+00  0.0000E+00  0.0000E+00
 4.6853E+02  0.0000E+00  0.0000E+00  0.0000E+00  0.0000E+00  0.0000E+00
 4.7212E+02  0.0000E+00  0.0000E+00  0.0000E+00  0.0000E+00  0.0000E+00
 4.7574E+02  0.0000E+00  0.0000E+00  0.0000E+00  0.0000E+00  0.0000E+00
 4.7938E+02  0.0000E+00  0.0000E+00  0.0000E+00  0.0000E+00  0.0000E+00
 4.8305E+02  0.0000E+00  0.0000E+00  0.0000E+00  0.0000E+00  0.0000E+00
 4.8675E+02  0.0000E+00  0.0000E+00  0.0000E+00  0.0000E+00  0.0000E+00
 4.9048E+02  0.0000E+00  0.0000E+00  0.0000E+00  0.0000E+00  0.0000E+00
 4.9424E+02  0.0000E+00  0.0000E+00  0.0000E+00  0.0000E+00  0.0000E+00
 4.9802E+02  0.0000E+00  0.0000E+00  0.0000E+00  0.0000E+00  0.0000E+00
 5.0183E+02  0.0000E+00  0.0000E+00  0.0000E+00  0.0000E+00  0.0000E+00
 5.0568E+02  0.0000E+00  0.0000E+00  0.0000E+00  0.0000E+00  0.0000E+00
 5.0955E+02  0.0000E+00  0.0000E+00  0.0000E+00  0.0000E+00  0.0000E+00
 5.1345E+02  0.0000E+00  0.0000E+00  0.0000E+00  0.0000E+00  0.0000E+00
 5.1738E+02  0.0000E+00  0.0000E+00  0.0000E+00  0.0000E+00  0.0000E+00
 5.2135E+02  0.0000E+00  0.0000E+00  0.0000E+00  0.0000E+00  0.0000E+00
 5.2534E+02  0.0000E+00  0.0000E+00  0.0000E+00  0.0000E+00  0.0000E+00
 5.2936E+02  0.0000E+00  0.0000E+00  0.0000E+00  0.0000E+00  0.0000E+00
 5.3342E+02  0.0000E+00  0.0000E+00  0.0000E+00  0.0000E+00  0.0000E+00
 5.3750E+02  0.0000E+00  0.0000E+00  0.0000E+00  0.0000E+00  0.0000E+00
 5.4162E+02  0.0000E+00  0.0000E+00  0.0000E+00  0.0000E+00  0.0000E+00
 5.4577E+02  0.0000E+00  0.0000E+00  0.0000E+00  0.0000E+00  0.0000E+00
 5.4995E+02  0.0000E+00  0.0000E+00  0.0000E+00  0.0000E+00  0.0000E+00
 5.5416E+02  0.0000E+00  0.0000E+00  0.0000E+00  0.0000E+00  0.0000E+00
 5.5840E+02  0.0000E+00  0.0000E+00  0.0000E+00  0.0000E+00  0.0000E+00
 5.6268E+02  0.0000E+00  0.0000E+00  0.0000E+00  0.0000E+00  0.0000E+00
 5.6699E+02  0.0000E+00  0.0000E+00  0.0000E+00  0.0000E+00  0.0000E+00
 5.7133E+02  0.0000E+00  0.0000E+00  0.0000E+00  0.0000E+00  0.0000E+00
 5.7571E+02  0.0000E+00  0.0000E+00  0.0000E+00  0.0000E+00  0.0000E+00
 5.8011E+02  0.0000E+00  0.0000E+00  0.0000E+00  0.0000E+00  0.0000E+00
 5.8456E+02  0.0000E+00  0.0000E+00  0.0000E+00  0.0000E+00  0.0000E+00
 5.8903E+02  0.0000E+00  0.0000E+00  0.0000E+00  0.0000E+00  0.0000E+00
 5.9354E+02  0.0000E+00  0.0000E+00  0.0000E+00  0.0000E+00  0.0000E+00
 5.9809E+02  0.0000E+00  0.0000E+00  0.0000E+00  0.0000E+00  0.0000E+00
 6.0267E+02  0.0000E+00  0.0000E+00  0.0000E+00  0.0000E+00  0.0000E+00
 6.0729E+02  0.0000E+00  0.0000E+00  0.0000E+00  0.0000E+00  0.0000E+00
 6.1194E+02  0.0000E+00  0.0000E+00  0.0000E+00  0.0000E+00  0.0000E+00
 6.1662E+02  0.0000E+00  0.0000E+00  0.0000E+00  0.0000E+00  0.0000E+00
 6.2135E+02  0.0000E+00  0.0000E+00  0.0000E+00  0.0000E+00  0.0000E+00
 6.2610E+02  0.0000E+00  0.0000E+00  0.0000E+00  0.0000E+00  0.0000E+00
 6.3090E+02  0.0000E+00  0.0000E+00  0.0000E+00  0.0000E+00  0.0000E+00
 6.3573E+02  0.0000E+00  0.0000E+00  0.0000E+00  0.0000E+00  0.0000E+00
 6.4060E+02  0.0000E+00  0.0000E+00  0.0000E+00  0.0000E+00  0.0000E+00
 6.4551E+02  0.0000E+00  0.0000E+00  0.0000E+00  0.0000E+00  0.0000E+00
 6.5045E+02  0.0000E+00  0.0000E+00  0.0000E+00  0.0000E+00  0.0000E+00
 6.5543E+02  0.0000E+00  0.0000E+00  0.0000E+00  0.0000E+00  0.0000E+00
 6.6045E+02  0.0000E+00  0.0000E+00  0.0000E+00  0.0000E+00  0.0000E+00
 6.6551E+02  0.0000E+00  0.0000E+00  0.0000E+00  0.0000E+00  0.0000E+00
 6.7060E+02  0.0000E+00  0.0000E+00  0.0000E+00  0.0000E+00  0.0000E+00
 6.7574E+02  0.0000E+00  0.0000E+00  0.0000E+00  0.0000E+00  0.0000E+00
 6.8092E+02  0.0000E+00  0.0000E+00  0.0000E+00  0.0000E+00  0.0000E+00
 6.8613E+02  0.0000E+00  0.0000E+00  0.0000E+00  0.0000E+00  0.0000E+00
 6.9138E+02  0.0000E+00  0.0000E+00  0.0000E+00  0.0000E+00  0.0000E+00
 6.9668E+02  0.0000E+00  0.0000E+00  0.0000E+00  0.0000E+00  0.0000E+00
 7.0201E+02  0.0000E+00  0.0000E+00  0.0000E+00  0.0000E+00  0.0000E+00
 7.0739E+02  0.0000E+00  0.0000E+00  0.0000E+00  0.0000E+00  0.0000E+00
 7.1281E+02  0.0000E+00  0.0000E+00  0.0000E+00  0.0000E+00  0.0000E+00
 7.1827E+02  0.0000E+00  0.0000E+00  0.0000E+00  0.0000E+00  0.0000E+00
 7.2377E+02  0.0000E+00  0.0000E+00  0.0000E+00  0.0000E+00  0.0000E+00
 7.2931E+02  0.0000E+00  0.0000E+00  0.0000E+00  0.0000E+00  0.0000E+00
 7.3490E+02  0.0000E+00  0.0000E+00  0.0000E+00  0.0000E+00  0.0000E+00
 7.4052E+02  0.0000E+00  0.0000E+00  0.0000E+00  0.0000E+00  0.0000E+00
 7.4620E+02  0.0000E+00  0.0000E+00  0.0000E+00  0.0000E+00  0.0000E+00
 7.5191E+02  0.0000E+00  0.0000E+00  0.0000E+00  0.0000E+00  0.0000E+00
 7.5767E+02  0.0000E+00  0.0000E+00  0.0000E+00  0.0000E+00  0.0000E+00
 7.6347E+02  0.0000E+00  0.0000E+00  0.0000E+00  0.0000E+00  0.0000E+00
 7.6932E+02  0.0000E+00  0.0000E+00  0.0000E+00  0.0000E+00  0.0000E+00
 7.7521E+02  0.0000E+00  0.0000E+00  0.0000E+00  0.0000E+00  0.0000E+00
 7.8115E+02  0.0000E+00  0.0000E+00  0.0000E+00  0.0000E+00  0.0000E+00
 7.8713E+02  0.0000E+00  0.0000E+00  0.0000E+00  0.0000E+00  0.0000E+00
 7.9316E+02  0.0000E+00  0.0000E+00  0.0000E+00  0.0000E+00  0.0000E+00
 7.9923E+02  0.0000E+00  0.0000E+00  0.0000E+00  0.0000E+00  0.0000E+00
 8.0535E+02  0.0000E+00  0.0000E+00  0.0000E+00  0.0000E+00  0.0000E+00
 8.1152E+02  0.0000E+00  0.0000E+00  0.0000E+00  0.0000E+00  0.0000E+00
 8.1774E+02  0.0000E+00  0.0000E+00  0.0000E+00  0.0000E+00  0.0000E+00
 8.2400E+02  0.0000E+00  0.0000E+00  0.0000E+00  0.0000E+00  0.0000E+00
 8.3031E+02  0.0000E+00  0.0000E+00  0.0000E+00  0.0000E+00  0.0000E+00
 8.3667E+02  0.0000E+00  0.0000E+00  0.0000E+00  0.0000E+00  0.0000E+00
 8.4307E+02  0.0000E+00  0.0000E+00  0.0000E+00  0.0000E+00  0.0000E+00
 8.4953E+02  0.0000E+00  0.0000E+00  0.0000E+00  0.0000E+00  0.0000E+00
 8.5604E+02  0.0000E+00  0.0000E+00  0.0000E+00  0.0000E+00  0.0000E+00
 8.6259E+02  0.0000E+00  0.0000E+00  0.0000E+00  0.0000E+00  0.0000E+00
 8.6920E+02  0.0000E+00  0.0000E+00  0.0000E+00  0.0000E+00  0.0000E+00
 8.7586E+02  0.0000E+00  0.0000E+00  0.0000E+00  0.0000E+00  0.0000E+00
 8.8256E+02  0.0000E+00  0.0000E+00  0.0000E+00  0.0000E+00  0.0000E+00
 8.8932E+02  0.0000E+00  0.0000E+00  0.0000E+00  0.0000E+00  0.0000E+00
 8.9613E+02  0.0000E+00  0.0000E+00  0.0000E+00  0.0000E+00  0.0000E+00
 9.0300E+02  0.0000E+00  0.0000E+00  0.0000E+00  0.0000E+00  0.0000E+00
 9.0991E+02  0.0000E+00  0.0000E+00  0.0000E+00  0.0000E+00  0.0000E+00
 9.1688E+02  0.0000E+00  0.0000E+00  0.0000E+00  0.0000E+00  0.0000E+00
 9.2390E+02  0.0000E+00  0.0000E+00  0.0000E+00  0.0000E+00  0.0000E+00
 9.3098E+02  0.0000E+00  0.0000E+00  0.0000E+00  0.0000E+00  0.0000E+00
 9.3811E+02  0.0000E+00  0.0000E+00  0.0000E+00  0.0000E+00  0.0000E+00
 9.4529E+02  0.0000E+00  0.0000E+00  0.0000E+00  0.0000E+00  0.0000E+00
 9.5253E+02  0.0000E+00  0.0000E+00  0.0000E+00  0.0000E+00  0.0000E+00
 9.5983E+02  0.0000E+00  0.0000E+00  0.0000E+00  0.0000E+00  0.0000E+00
 9.6718E+02  0.0000E+00  0.0000E+00  0.0000E+00  0.0000E+00  0.0000E+00
 9.7458E+02  0.0000E+00  0.0000E+00  0.0000E+00  0.0000E+00  0.0000E+00
 9.8205E+02  0.0000E+00  0.0000E+00  0.0000E+00  0.0000E+00  0.0000E+00
 9.8957E+02  0.0000E+00  0.0000E+00  0.0000E+00  0.0000E+00  0.0000E+00
 9.9715E+02  0.0000E+00  0.0000E+00  0.0000E+00  0.0000E+00  0.0000E+00
 1.0048E+03  0.0000E+00  0.0000E+00  0.0000E+00  0.0000E+00  0.0000E+00
 1.0125E+03  0.0000E+00  0.0000E+00  0.0000E+00  0.0000E+00  0.0000E+00
 1.0202E+03  0.0000E+00  0.0000E+00  0.0000E+00  0.0000E+00  0.0000E+00
 1.0280E+03  0.0000E+00  0.0000E+00  0.0000E+00  0.0000E+00  0.0000E+00
 1.0359E+03  0.0000E+00  0.0000E+00  0.0000E+00  0.0000E+00  0.0000E+00
 1.0439E+03  0.0000E+00  0.0000E+00  0.0000E+00  0.0000E+00  0.0000E+00
 1.0518E+03  0.0000E+00  0.0000E+00  0.0000E+00  0.0000E+00  0.0000E+00
 1.0599E+03  0.0000E+00  0.0000E+00  0.0000E+00  0.0000E+00  0.0000E+00
 1.0680E+03  0.0000E+00  0.0000E+00  0.0000E+00  0.0000E+00  0.0000E+00
 1.0762E+03  0.0000E+00  0.0000E+00  0.0000E+00  0.0000E+00  0.0000E+00
 1.0844E+03  0.0000E+00  0.0000E+00  0.0000E+00  0.0000E+00  0.0000E+00
 1.0927E+03  0.0000E+00  0.0000E+00  0.0000E+00  0.0000E+00  0.0000E+00
 1.1011E+03  0.0000E+00  0.0000E+00  0.0000E+00  0.0000E+00  0.0000E+00
 1.1095E+03  0.0000E+00  0.0000E+00  0.0000E+00  0.0000E+00  0.0000E+00
 1.1180E+03  0.0000E+00  0.0000E+00  0.0000E+00  0.0000E+00  0.0000E+00
 1.1266E+03  0.0000E+00  0.0000E+00  0.0000E+00  0.0000E+00  0.0000E+00
 1.1352E+03  0.0000E+00  0.0000E+00  0.0000E+00  0.0000E+00  0.0000E+00
 1.1439E+03  0.0000E+00  0.0000E+00  0.0000E+00  0.0000E+00  0.0000E+00
 1.1527E+03  0.0000E+00  0.0000E+00  0.0000E+00  0.0000E+00  0.0000E+00
 1.1615E+03  0.0000E+00  0.0000E+00  0.0000E+00  0.0000E+00  0.0000E+00
 1.1704E+03  0.0000E+00  0.0000E+00  0.0000E+00  0.0000E+00  0.0000E+00
 1.1794E+03  0.0000E+00  0.0000E+00  0.0000E+00  0.0000E+00  0.0000E+00
 1.1884E+03  0.0000E+00  0.0000E+00  0.0000E+00  0.0000E+00  0.0000E+00
 1.1975E+03  0.0000E+00  0.0000E+00  0.0000E+00  0.0000E+00  0.0000E+00
 1.2067E+03  0.0000E+00  0.0000E+00  0.0000E+00  0.0000E+00  0.0000E+00
 1.2159E+03  0.0000E+00  0.0000E+00  0.0000E+00  0.0000E+00  0.0000E+00
 1.2252E+03  0.0000E+00  0.0000E+00  0.0000E+00  0.0000E+00  0.0000E+00
 1.2346E+03  0.0000E+00  0.0000E+00  0.0000E+00  0.0000E+00  0.0000E+00
 1.2441E+03  0.0000E+00  0.0000E+00  0.0000E+00  0.0000E+00  0.0000E+00
 1.2536E+03  0.0000E+00  0.0000E+00  0.0000E+00  0.0000E+00  0.0000E+00
 1.2632E+03  0.0000E+00  0.0000E+00  0.0000E+00  0.0000E+00  0.0000E+00
 1.2729E+03  0.0000E+00  0.0000E+00  0.0000E+00  0.0000E+00  0.0000E+00
 1.2826E+03  0.0000E+00  0.0000E+00  0.0000E+00  0.0000E+00  0.0000E+00
 1.2924E+03  0.0000E+00  0.0000E+00  0.0000E+00  0.0000E+00  0.0000E+00
 1.3023E+03  0.0000E+00  0.0000E+00  0.0000E+00  0.0000E+00  0.0000E+00
 1.3123E+03  0.0000E+00  0.0000E+00  0.0000E+00  0.0000E+00  0.0000E+00
 1.3224E+03  0.0000E+00  0.0000E+00  0.0000E+00  0.0000E+00  0.0000E+00
 1.3325E+03  0.0000E+00  0.0000E+00  0.0000E+00  0.0000E+00  0.0000E+00
 1.3427E+03  0.0000E+00  0.0000E+00  0.0000E+00  0.0000E+00  0.0000E+00
 1.3530E+03  0.0000E+00  0.0000E+00  0.0000E+00  0.0000E+00  0.0000E+00
 1.3633E+03  0.0000E+00  0.0000E+00  0.0000E+00  0.0000E+00  0.0000E+00
 1.3738E+03  0.0000E+00  0.0000E+00  0.0000E+00  0.0000E+00  0.0000E+00
 1.3843E+03  0.0000E+00  0.0000E+00  0.0000E+00  0.0000E+00  0.0000E+00
 1.3949E+03  0.0000E+00  0.0000E+00  0.0000E+00  0.0000E+00  0.0000E+00
 1.4056E+03  0.0000E+00  0.0000E+00  0.0000E+00  0.0000E+00  0.0000E+00
 1.4164E+03  0.0000E+00  0.0000E+00  0.0000E+00  0.0000E+00  0.0000E+00
 1.4272E+03  0.0000E+00  0.0000E+00  0.0000E+00  0.0000E+00  0.0000E+00
 1.4381E+03  0.0000E+00  0.0000E+00  0.0000E+00  0.0000E+00  0.0000E+00
 1.4491E+03  0.0000E+00  0.0000E+00  0.0000E+00  0.0000E+00  0.0000E+00
 1.4602E+03  0.0000E+00  0.0000E+00  0.0000E+00  0.0000E+00  0.0000E+00
 1.4714E+03  0.0000E+00  0.0000E+00  0.0000E+00  0.0000E+00  0.0000E+00
 1.4827E+03  0.0000E+00  0.0000E+00  0.0000E+00  0.0000E+00  0.0000E+00
 1.4940E+03  0.0000E+00  0.0000E+00  0.0000E+00  0.0000E+00  0.0000E+00
 1.5055E+03  0.0000E+00  0.0000E+00  0.0000E+00  0.0000E+00  0.0000E+00
 1.5170E+03  0.0000E+00  0.0000E+00  0.0000E+00  0.0000E+00  0.0000E+00
 1.5286E+03  0.0000E+00  0.0000E+00  0.0000E+00  0.0000E+00  0.0000E+00
 1.5403E+03  0.0000E+00  0.0000E+00  0.0000E+00  0.0000E+00  0.0000E+00
 1.5521E+03  0.0000E+00  0.0000E+00  0.0000E+00  0.0000E+00  0.0000E+00
 1.5640E+03  0.0000E+00  0.0000E+00  0.0000E+00  0.0000E+00  0.0000E+00
 1.5760E+03  0.0000E+00  0.0000E+00  0.0000E+00  0.0000E+00  0.0000E+00
 1.5881E+03  0.0000E+00  0.0000E+00  0.0000E+00  0.0000E+00  0.0000E+00
 1.6002E+03  0.0000E+00  0.0000E+00  0.0000E+00  0.0000E+00  0.0000E+00
 1.6125E+03  0.0000E+00  0.0000E+00  0.0000E+00  0.0000E+00  0.0000E+00
 1.6248E+03  0.0000E+00  0.0000E+00  0.0000E+00  0.0000E+00  0.0000E+00
 1.6373E+03  0.0000E+00  0.0000E+00  0.0000E+00  0.0000E+00  0.0000E+00
 1.6498E+03  0.0000E+00  0.0000E+00  0.0000E+00  0.0000E+00  0.0000E+00
 1.6625E+03  0.0000E+00  0.0000E+00  0.0000E+00  0.0000E+00  0.0000E+00
 1.6752E+03  0.0000E+00  0.0000E+00  0.0000E+00  0.0000E+00  0.0000E+00
 1.6880E+03  0.0000E+00  0.0000E+00  0.0000E+00  0.0000E+00  0.0000E+00
 1.7009E+03  0.0000E+00  0.0000E+00  0.0000E+00  0.0000E+00  0.0000E+00
 1.7140E+03  0.0000E+00  0.0000E+00  0.0000E+00  0.0000E+00  0.0000E+00
 1.7271E+03  0.0000E+00  0.0000E+00  0.0000E+00  0.0000E+00  0.0000E+00
 1.7403E+03  0.0000E+00  0.0000E+00  0.0000E+00  0.0000E+00  0.0000E+00
 1.7537E+03  0.0000E+00  0.0000E+00  0.0000E+00  0.0000E+00  0.0000E+00
 1.7671E+03  0.0000E+00  0.0000E+00  0.0000E+00  0.0000E+00  0.0000E+00
 1.7806E+03  0.0000E+00  0.0000E+00  0.0000E+00  0.0000E+00  0.0000E+00
 1.7943E+03  0.0000E+00  0.0000E+00  0.0000E+00  0.0000E+00  0.0000E+00
 1.8080E+03  0.0000E+00  0.0000E+00  0.0000E+00  0.0000E+00  0.0000E+00
 1.8218E+03  0.0000E+00  0.0000E+00  0.0000E+00  0.0000E+00  0.0000E+00
 1.8358E+03  0.0000E+00  0.0000E+00  0.0000E+00  0.0000E+00  0.0000E+00
 1.8499E+03  0.0000E+00  0.0000E+00  0.0000E+00  0.0000E+00  0.0000E+00
 1.8640E+03  0.0000E+00  0.0000E+00  0.0000E+00  0.0000E+00  0.0000E+00
 1.8783E+03  0.0000E+00  0.0000E+00  0.0000E+00  0.0000E+00  0.0000E+00
 1.8927E+03  0.0000E+00  0.0000E+00  0.0000E+00  0.0000E+00  0.0000E+00
 1.9072E+03  0.0000E+00  0.0000E+00  0.0000E+00  0.0000E+00  0.0000E+00
 1.9218E+03  0.0000E+00  0.0000E+00  0.0000E+00  0.0000E+00  0.0000E+00
 1.9365E+03  0.0000E+00  0.0000E+00  0.0000E+00  0.0000E+00  0.0000E+00
 1.9513E+03  0.0000E+00  0.0000E+00  0.0000E+00  0.0000E+00  0.0000E+00
 1.9663E+03  0.0000E+00  0.0000E+00  0.0000E+00  0.0000E+00  0.0000E+00
 1.9813E+03  0.0000E+00  0.0000E+00  0.0000E+00  0.0000E+00  0.0000E+00
 1.9965E+03  0.0000E+00  0.0000E+00  0.0000E+00  0.0000E+00  0.0000E+00
 2.0118E+03  0.0000E+00  0.0000E+00  0.0000E+00  0.0000E+00  0.0000E+00
 2.0272E+03  0.0000E+00  0.0000E+00  0.0000E+00  0.0000E+00  0.0000E+00
 2.0427E+03  0.0000E+00  0.0000E+00  0.0000E+00  0.0000E+00  0.0000E+00
 2.0584E+03  0.0000E+00  0.0000E+00  0.0000E+00  0.0000E+00  0.0000E+00
 2.0741E+03  0.0000E+00  0.0000E+00  0.0000E+00  0.0000E+00  0.0000E+00
 2.0900E+03  0.0000E+00  0.0000E+00  0.0000E+00  0.0000E+00  0.0000E+00
 2.1060E+03  0.0000E+00  0.0000E+00  0.0000E+00  0.0000E+00  0.0000E+00
 2.1222E+03  0.0000E+00  0.0000E+00  0.0000E+00  0.0000E+00  0.0000E+00
 2.1384E+03  0.0000E+00  0.0000E+00  0.0000E+00  0.0000E+00  0.0000E+00
 2.1548E+03  0.0000E+00  0.0000E+00  0.0000E+00  0.0000E+00  0.0000E+00
 2.1713E+03  0.0000E+00  0.0000E+00  0.0000E+00  0.0000E+00  0.0000E+00
 2.1879E+03  0.0000E+00  0.0000E+00  0.0000E+00  0.0000E+00  0.0000E+00
 2.2047E+03  0.0000E+00  0.0000E+00  0.0000E+00  0.0000E+00  0.0000E+00
 2.2216E+03  0.0000E+00  0.0000E+00  0.0000E+00  0.0000E+00  0.0000E+00
 2.2386E+03  0.0000E+00  0.0000E+00  0.0000E+00  0.0000E+00  0.0000E+00
 2.2557E+03  0.0000E+00  0.0000E+00  0.0000E+00  0.0000E+00  0.0000E+00
 2.2730E+03  0.0000E+00  0.0000E+00  0.0000E+00  0.0000E+00  0.0000E+00
 2.2904E+03  0.0000E+00  0.0000E+00  0.0000E+00  0.0000E+00  0.0000E+00
 2.3079E+03  0.0000E+00  0.0000E+00  0.0000E+00  0.0000E+00  0.0000E+00
 2.3256E+03  0.0000E+00  0.0000E+00  0.0000E+00  0.0000E+00  0.0000E+00
 2.3434E+03  0.0000E+00  0.0000E+00  0.0000E+00  0.0000E+00  0.0000E+00
 2.3614E+03  0.0000E+00  0.0000E+00  0.0000E+00  0.0000E+00  0.0000E+00
 2.3794E+03  0.0000E+00  0.0000E+00  0.0000E+00  0.0000E+00  0.0000E+00
 2.3977E+03  0.0000E+00  0.0000E+00  0.0000E+00  0.0000E+00  0.0000E+00
 2.4160E+03  0.0000E+00  0.0000E+00  0.0000E+00  0.0000E+00  0.0000E+00
 2.4345E+03  0.0000E+00  0.0000E+00  0.0000E+00  0.0000E+00  0.0000E+00
 2.4532E+03  0.0000E+00  0.0000E+00  0.0000E+00  0.0000E+00  0.0000E+00
 2.4720E+03  0.0000E+00  0.0000E+00  0.0000E+00  0.0000E+00  0.0000E+00
 2.4909E+03  0.0000E+00  0.0000E+00  0.0000E+00  0.0000E+00  0.0000E+00
 2.5100E+03  0.0000E+00  0.0000E+00  0.0000E+00  0.0000E+00  0.0000E+00
 2.5292E+03  0.0000E+00  0.0000E+00  0.0000E+00  0.0000E+00  0.0000E+00
 2.5486E+03  0.0000E+00  0.0000E+00  0.0000E+00  0.0000E+00  0.0000E+00
 2.5681E+03  0.0000E+00  0.0000E+00  0.0000E+00  0.0000E+00  0.0000E+00
 2.5878E+03  0.0000E+00  0.0000E+00  0.0000E+00  0.0000E+00  0.0000E+00
 2.6076E+03  0.0000E+00  0.0000E+00  0.0000E+00  0.0000E+00  0.0000E+00
 2.6275E+03  0.0000E+00  0.0000E+00  0.0000E+00  0.0000E+00  0.0000E+00
 2.6477E+03  0.0000E+00  0.0000E+00  0.0000E+00  0.0000E+00  0.0000E+00
 2.6679E+03  0.0000E+00  0.0000E+00  0.0000E+00  0.0000E+00  0.0000E+00
 2.6884E+03  0.0000E+00  0.0000E+00  0.0000E+00  0.0000E+00  0.0000E+00
 2.7090E+03  0.0000E+00  0.0000E+00  0.0000E+00  0.0000E+00  0.0000E+00
 2.7297E+03  0.0000E+00  0.0000E+00  0.0000E+00  0.0000E+00  0.0000E+00
 2.7506E+03  0.0000E+00  0.0000E+00  0.0000E+00  0.0000E+00  0.0000E+00
 2.7717E+03  0.0000E+00  0.0000E+00  0.0000E+00  0.0000E+00  0.0000E+00
 2.7929E+03  2.8352E-04  6.0587E-03  4.5821E-04  1.9637E-02  1.0000E+00
 2.8143E+03  2.8363E-04  6.0149E-03  4.5825E-04  1.9490E-02  1.0000E+00
 2.8358E+03  2.8374E-04  5.9714E-03  4.5829E-04  1.9343E-02  1.0000E+00
 2.8576E+03  2.8385E-04  5.9283E-03  4.5833E-04  1.9198E-02  1.0000E+00
 2.8794E+03  2.8396E-04  5.8854E-03  4.5837E-04  1.9054E-02  1.0000E+00
 2.9015E+03  2.8408E-04  5.8428E-03  4.5841E-04  1.8910E-02  1.0000E+00
 2.9237E+03  2.8419E-04  5.8007E-03  4.5845E-04  1.8768E-02  1.0000E+00
 2.9461E+03  2.8432E-04  5.7590E-03  4.5849E-04  1.8627E-02  1.0000E+00
 2.9687E+03  2.8445E-04  5.7178E-03  4.5853E-04  1.8487E-02  1.0000E+00
 2.9914E+03  2.8460E-04  5.6771E-03  4.5857E-04  1.8349E-02  1.0000E+00
 3.0143E+03  2.8474E-04  5.6368E-03  4.5861E-04  1.8211E-02  1.0000E+00
 3.0374E+03  2.8490E-04  5.5969E-03  4.5865E-04  1.8074E-02  1.0000E+00
 3.0607E+03  2.8507E-04  5.5575E-03  4.5869E-04  1.7938E-02  1.0000E+00
 3.0841E+03  2.8524E-04  5.5185E-03  4.5873E-04  1.7803E-02  1.0000E+00
 3.1077E+03  2.8542E-04  5.4799E-03  4.5878E-04  1.7670E-02  1.0000E+00
 3.1315E+03  2.8561E-04  5.4417E-03  4.5882E-04  1.7537E-02  1.0000E+00
 3.1555E+03  2.8581E-04  5.4039E-03  4.5886E-04  1.7405E-02  1.0000E+00
 3.1797E+03  2.8601E-04  5.3665E-03  4.5890E-04  1.7275E-02  1.0000E+00
 3.2040E+03  2.8622E-04  5.3295E-03  4.5895E-04  1.7145E-02  1.0000E+00
 3.2286E+03  2.8644E-04  5.2929E-03  4.5899E-04  1.7016E-02  1.0000E+00
 3.2533E+03  2.8666E-04  5.2567E-03  4.5904E-04  1.6889E-02  1.0000E+00
 3.2782E+03  2.8690E-04  5.2209E-03  4.5908E-04  1.6762E-02  1.0000E+00
 3.3033E+03  2.8714E-04  5.1854E-03  4.5912E-04  1.6636E-02  1.0000E+00
 3.3286E+03  2.8738E-04  5.1503E-03  4.5917E-04  1.6511E-02  1.0000E+00
 3.3541E+03  2.8764E-04  5.1155E-03  4.5922E-04  1.6388E-02  1.0000E+00
 3.3798E+03  2.8790E-04  5.0811E-03  4.5926E-04  1.6265E-02  1.0000E+00
 3.4057E+03  2.8817E-04  5.0470E-03  4.5931E-04  1.6143E-02  1.0000E+00
 3.4317E+03  2.8844E-04  5.0133E-03  4.5935E-04  1.6022E-02  1.0000E+00
 3.4580E+03  2.8872E-04  4.9800E-03  4.5940E-04  1.5901E-02  1.0000E+00
 3.4845E+03  2.8901E-04  4.9469E-03  4.5945E-04  1.5782E-02  1.0000E+00
 3.5112E+03  2.8930E-04  4.9142E-03  4.5950E-04  1.5664E-02  1.0000E+00
 3.5381E+03  2.8960E-04  4.8818E-03  4.5954E-04  1.5546E-02  1.0000E+00
 3.5652E+03  2.8991E-04  4.8497E-03  4.5959E-04  1.5430E-02  1.0000E+00
 3.5925E+03  2.9023E-04  4.8179E-03  4.5964E-04  1.5314E-02  1.0000E+00
 3.6200E+03  2.9055E-04  4.7865E-03  4.5969E-04  1.5200E-02  1.0000E+00
 3.6477E+03  2.9087E-04  4.7553E-03  4.5974E-04  1.5086E-02  1.0000E+00
 3.6757E+03  2.9121E-04  4.7245E-03  4.5979E-04  1.4973E-02  1.0000E+00
 3.7038E+03  2.9155E-04  4.6939E-03  4.5984E-04  1.4860E-02  1.0000E+00
 3.7322E+03  2.9189E-04  4.6636E-03  4.5989E-04  1.4749E-02  1.0000E+00
 3.7608E+03  2.9225E-04  4.6336E-03  4.5994E-04  1.4639E-02  1.0000E+00
 3.7896E+03  2.9261E-04  4.6039E-03  4.5999E-04  1.4529E-02  1.0000E+00
 3.8186E+03  2.9297E-04  4.5745E-03  4.6005E-04  1.4420E-02  1.0000E+00
 3.8478E+03  2.9334E-04  4.5454E-03  4.6010E-04  1.4312E-02  1.0000E+00
 3.8773E+03  2.9372E-04  4.5165E-03  4.6015E-04  1.4205E-02  1.0000E+00
 3.9070E+03  2.9410E-04  4.4879E-03  4.6020E-04  1.4099E-02  1.0000E+00
 3.9369E+03  2.9449E-04  4.4595E-03  4.6026E-04  1.3993E-02  1.0000E+00
 3.9671E+03  2.9488E-04  4.4314E-03  4.6031E-04  1.3888E-02  1.0000E+00
 3.9974E+03  2.9529E-04  4.4036E-03  4.6036E-04  1.3785E-02  1.0000E+00
 4.0281E+03  2.9569E-04  4.3760E-03  4.6042E-04  1.3681E-02  1.0000E+00
 4.0589E+03  2.9610E-04  4.3487E-03  4.6047E-04  1.3579E-02  1.0000E+00
 4.0900E+03  2.9652E-04  4.3216E-03  4.6053E-04  1.3477E-02  1.0000E+00
 4.1213E+03  2.9695E-04  4.2948E-03  4.6059E-04  1.3377E-02  1.0000E+00
 4.1529E+03  2.9738E-04  4.2681E-03  4.6064E-04  1.3277E-02  1.0000E+00
 4.1847E+03  2.9781E-04  4.2418E-03  4.6070E-04  1.3177E-02  1.0000E+00
 4.2167E+03  2.9825E-04  4.2156E-03  4.6076E-04  1.3079E-02  1.0000E+00
 4.2490E+03  2.9870E-04  4.1897E-03  4.6081E-04  1.2981E-02  1.0000E+00
 4.2816E+03  2.9915E-04  4.1641E-03  4.6087E-04  1.2884E-02  1.0000E+00
 4.3143E+03  2.9961E-04  4.1386E-03  4.6093E-04  1.2788E-02  1.0000E+00
 4.3474E+03  3.0007E-04  4.1134E-03  4.6099E-04  1.2692E-02  1.0000E+00
 4.3807E+03  3.0054E-04  4.0883E-03  4.6105E-04  1.2597E-02  1.0000E+00
 4.4142E+03  3.0101E-04  4.0635E-03  4.6111E-04  1.2503E-02  1.0000E+00
 4.4480E+03  3.0149E-04  4.0389E-03  4.6117E-04  1.2410E-02  1.0000E+00
 4.4821E+03  3.0198E-04  4.0146E-03  4.6123E-04  1.2317E-02  1.0000E+00
 4.5164E+03  3.0247E-04  3.9904E-03  4.6129E-04  1.2225E-02  1.0000E+00
 4.5510E+03  3.0296E-04  3.9664E-03  4.6136E-04  1.2134E-02  1.0000E+00
 4.5859E+03  3.0347E-04  3.9426E-03  4.6142E-04  1.2043E-02  1.0000E+00
 4.6210E+03  3.0397E-04  3.9191E-03  4.6148E-04  1.1953E-02  1.0000E+00
 4.6564E+03  3.0448E-04  3.8957E-03  4.6154E-04  1.1864E-02  1.0000E+00
 4.6920E+03  3.0500E-04  3.8725E-03  4.6161E-04  1.1776E-02  1.0000E+00
 4.7280E+03  3.0552E-04  3.8495E-03  4.6167E-04  1.1688E-02  1.0000E+00
 4.7642E+03  3.0605E-04  3.8267E-03  4.6174E-04  1.1601E-02  1.0000E+00
 4.8007E+03  3.0658E-04  3.8041E-03  4.6180E-04  1.1514E-02  1.0000E+00
 4.8374E+03  3.0712E-04  3.7817E-03  4.6187E-04  1.1428E-02  1.0000E+00
 4.8745E+03  3.0766E-04  3.7594E-03  4.6193E-04  1.1343E-02  1.0000E+00
 4.9118E+03  3.0821E-04  3.7373E-03  4.6200E-04  1.1258E-02  1.0000E+00
 4.9494E+03  3.0876E-04  3.7154E-03  4.6207E-04  1.1174E-02  1.0000E+00
 4.9873E+03  3.0932E-04  3.6937E-03  4.6214E-04  1.1091E-02  1.0000E+00
 5.0255E+03  3.0988E-04  3.6722E-03  4.6220E-04  1.1008E-02  1.0000E+00
 5.0640E+03  3.1044E-04  3.6508E-03  4.6227E-04  1.0926E-02  1.0000E+00
 5.1028E+03  3.1101E-04  3.6295E-03  4.6234E-04  1.0845E-02  1.0000E+00
 5.1419E+03  3.1159E-04  3.6085E-03  4.6241E-04  1.0764E-02  1.0000E+00
 5.1812E+03  3.1217E-04  3.5875E-03  4.6248E-04  1.0684E-02  1.0000E+00
 5.2209E+03  3.1275E-04  3.5668E-03  4.6255E-04  1.0604E-02  1.0000E+00
 5.2609E+03  3.1333E-04  3.5461E-03  4.6263E-04  1.0525E-02  1.0000E+00
 5.3012E+03  3.1392E-04  3.5256E-03  4.6270E-04  1.0447E-02  1.0000E+00
 5.3418E+03  3.1451E-04  3.5053E-03  4.6277E-04  1.0369E-02  1.0000E+00
 5.3827E+03  3.1510E-04  3.4851E-03  4.6284E-04  1.0292E-02  1.0000E+00
 5.4239E+03  3.1570E-04  3.4650E-03  4.6292E-04  1.0216E-02  1.0000E+00
 5.4655E+03  3.1630E-04  3.4450E-03  4.6299E-04  1.0140E-02  1.0000E+00
 5.5073E+03  3.1690E-04  3.4252E-03  4.6307E-04  1.0064E-02  1.0000E+00
 5.5495E+03  3.1751E-04  3.4056E-03  4.6314E-04  9.9893E-03  1.0000E+00
 5.5920E+03  3.1812E-04  3.3860E-03  4.6322E-04  9.9150E-03  1.0000E+00
 5.6348E+03  3.1873E-04  3.3666E-03  4.6330E-04  9.8413E-03  1.0000E+00
 5.6780E+03  3.1934E-04  3.3473E-03  4.6337E-04  9.7681E-03  1.0000E+00
 5.7215E+03  3.1996E-04  3.3282E-03  4.6345E-04  9.6955E-03  1.0000E+00
 5.7653E+03  3.2058E-04  3.3092E-03  4.6353E-04  9.6234E-03  1.0000E+00
 5.8094E+03  3.2121E-04  3.2903E-03  4.6361E-04  9.5519E-03  1.0000E+00
 5.8539E+03  3.2184E-04  3.2715E-03  4.6369E-04  9.4810E-03  1.0000E+00
 5.8988E+03  3.2247E-04  3.2529E-03  4.6377E-04  9.4106E-03  1.0000E+00
 5.9439E+03  3.2310E-04  3.2344E-03  4.6385E-04  9.3407E-03  1.0000E+00
 5.9895E+03  3.2374E-04  3.2160E-03  4.6393E-04  9.2713E-03  1.0000E+00
 6.0353E+03  3.2438E-04  3.1977E-03  4.6402E-04  9.2025E-03  1.0000E+00
 6.0815E+03  3.2502E-04  3.1795E-03  4.6410E-04  9.1342E-03  1.0000E+00
 6.1281E+03  3.2566E-04  3.1615E-03  4.6418E-04  9.0664E-03  1.0000E+00
 6.1751E+03  3.2631E-04  3.1435E-03  4.6427E-04  8.9991E-03  1.0000E+00
 6.2223E+03  3.2696E-04  3.1257E-03  4.6435E-04  8.9323E-03  1.0000E+00
 6.2700E+03  3.2762E-04  3.1080E-03  4.6444E-04  8.8661E-03  1.0000E+00
 6.3180E+03  3.2827E-04  3.0905E-03  4.6452E-04  8.8003E-03  1.0000E+00
 6.3664E+03  3.2893E-04  3.0730E-03  4.6461E-04  8.7351E-03  1.0000E+00
 6.4152E+03  3.2960E-04  3.0556E-03  4.6470E-04  8.6703E-03  1.0000E+00
 6.4643E+03  3.3026E-04  3.0384E-03  4.6479E-04  8.6061E-03  1.0000E+00
 6.5138E+03  3.3093E-04  3.0212E-03  4.6487E-04  8.5423E-03  1.0000E+00
 6.5637E+03  3.3160E-04  3.0042E-03  4.6496E-04  8.4790E-03  1.0000E+00
 6.6139E+03  3.3227E-04  2.9873E-03  4.6505E-04  8.4162E-03  1.0000E+00
 6.6646E+03  3.3295E-04  2.9705E-03  4.6515E-04  8.3539E-03  1.0000E+00
 6.7156E+03  3.3363E-04  2.9537E-03  4.6524E-04  8.2920E-03  1.0000E+00
 6.7671E+03  3.3431E-04  2.9371E-03  4.6533E-04  8.2306E-03  1.0000E+00
 6.8189E+03  3.3499E-04  2.9206E-03  4.6542E-04  8.1697E-03  1.0000E+00
 6.8711E+03  3.3568E-04  2.9042E-03  4.6552E-04  8.1093E-03  1.0000E+00
 6.9237E+03  3.3637E-04  2.8879E-03  4.6561E-04  8.0493E-03  1.0000E+00
 6.9768E+03  3.3706E-04  2.8717E-03  4.6571E-04  7.9897E-03  1.0000E+00
 7.0302E+03  3.3775E-04  2.8556E-03  4.6580E-04  7.9306E-03  1.0000E+00
 7.0840E+03  3.3845E-04  2.8396E-03  4.6590E-04  7.8720E-03  1.0000E+00
 7.1383E+03  3.3915E-04  2.8237E-03  4.6600E-04  7.8138E-03  1.0000E+00
 7.1929E+03  3.3985E-04  2.8079E-03  4.6610E-04  7.7561E-03  1.0000E+00
 7.2480E+03  3.4055E-04  2.7922E-03  4.6619E-04  7.6987E-03  1.0000E+00
 7.3035E+03  3.4126E-04  2.7765E-03  4.6629E-04  7.6419E-03  1.0000E+00
 7.3595E+03  3.4197E-04  2.7610E-03  4.6640E-04  7.5854E-03  1.0000E+00
 7.4158E+03  3.4268E-04  2.7456E-03  4.6650E-04  7.5294E-03  1.0000E+00
 7.4726E+03  3.4340E-04  2.7302E-03  4.6660E-04  7.4738E-03  1.0000E+00
 7.5299E+03  3.4411E-04  2.7150E-03  4.6670E-04  7.4187E-03  1.0000E+00
 7.5875E+03  3.4483E-04  2.6998E-03  4.6681E-04  7.3639E-03  1.0000E+00
 7.6456E+03  3.4555E-04  2.6848E-03  4.6691E-04  7.3096E-03  1.0000E+00
 7.7042E+03  3.4627E-04  2.6698E-03  4.6702E-04  7.2557E-03  1.0000E+00
 7.7632E+03  3.4700E-04  2.6549E-03  4.6712E-04  7.2022E-03  1.0000E+00
 7.8226E+03  3.4773E-04  2.6401E-03  4.6723E-04  7.1491E-03  1.0000E+00
 7.8825E+03  3.4846E-04  2.6254E-03  4.6734E-04  7.0964E-03  1.0000E+00
 7.9429E+03  3.4919E-04  2.6107E-03  4.6745E-04  7.0441E-03  1.0000E+00
 8.0037E+03  3.4992E-04  2.5962E-03  4.6756E-04  6.9922E-03  1.0000E+00
 8.0650E+03  3.5066E-04  2.5817E-03  4.6767E-04  6.9407E-03  1.0000E+00
 8.1268E+03  3.5140E-04  2.5673E-03  4.6778E-04  6.8896E-03  1.0000E+00
 8.1890E+03  3.5214E-04  2.5530E-03  4.6789E-04  6.8388E-03  1.0000E+00
 8.2518E+03  3.5288E-04  2.5388E-03  4.6800E-04  6.7885E-03  1.0000E+00
 8.3150E+03  3.5363E-04  2.5247E-03  4.6812E-04  6.7386E-03  1.0000E+00
 8.3786E+03  3.5437E-04  2.5106E-03  4.6823E-04  6.6890E-03  1.0000E+00
 8.4428E+03  3.5512E-04  2.4967E-03  4.6835E-04  6.6398E-03  1.0000E+00
 8.5075E+03  3.5587E-04  2.4828E-03  4.6846E-04  6.5910E-03  1.0000E+00
 8.5726E+03  3.5662E-04  2.4689E-03  4.6858E-04  6.5425E-03  1.0000E+00
 8.6383E+03  3.5737E-04  2.4552E-03  4.6870E-04  6.4944E-03  1.0000E+00
 8.7044E+03  3.5813E-04  2.4415E-03  4.6882E-04  6.4467E-03  1.0000E+00
 8.7711E+03  3.5888E-04  2.4279E-03  4.6894E-04  6.3994E-03  1.0000E+00
 8.8383E+03  3.5963E-04  2.4143E-03  4.6906E-04  6.3524E-03  1.0000E+00
 8.9059E+03  3.6039E-04  2.4009E-03  4.6918E-04  6.3057E-03  1.0000E+00
 8.9741E+03  3.6115E-04  2.3875E-03  4.6931E-04  6.2594E-03  1.0000E+00
 9.0429E+03  3.6190E-04  2.3741E-03  4.6943E-04  6.2135E-03  1.0000E+00
 9.1121E+03  3.6266E-04  2.3608E-03  4.6955E-04  6.1679E-03  1.0000E+00
 9.1819E+03  3.6342E-04  2.3476E-03  4.6968E-04  6.1227E-03  1.0000E+00
 9.2522E+03  3.6418E-04  2.3345E-03  4.6981E-04  6.0778E-03  1.0000E+00
 9.3231E+03  3.6494E-04  2.3214E-03  4.6994E-04  6.0333E-03  1.0000E+00
 9.3945E+03  3.6569E-04  2.3084E-03  4.7006E-04  5.9890E-03  1.0000E+00
 9.4664E+03  3.6645E-04  2.2955E-03  4.7019E-04  5.9452E-03  1.0000E+00
 9.5389E+03  3.6722E-04  2.2826E-03  4.7033E-04  5.9016E-03  1.0000E+00
 9.6120E+03  3.6798E-04  2.2698E-03  4.7046E-04  5.8584E-03  1.0000E+00
 9.6856E+03  3.6874E-04  2.2570E-03  4.7059E-04  5.8155E-03  1.0000E+00
 9.7598E+03  3.6950E-04  2.2443E-03  4.7072E-04  5.7730E-03  1.0000E+00
 9.8345E+03  3.7026E-04  2.2317E-03  4.7086E-04  5.7308E-03  1.0000E+00
 9.9098E+03  3.7102E-04  2.2191E-03  4.7100E-04  5.6888E-03  1.0000E+00
 9.9857E+03  3.7178E-04  2.2066E-03  4.7113E-04  5.6473E-03  1.0000E+00
 1.0062E+04  3.7255E-04  2.1942E-03  4.7127E-04  5.6060E-03  1.0000E+00
 1.0139E+04  3.7331E-04  2.1818E-03  4.7141E-04  5.5650E-03  1.0000E+00
 1.0217E+04  3.7407E-04  2.1695E-03  4.7155E-04  5.5244E-03  1.0000E+00
 1.0295E+04  3.7483E-04  2.1572E-03  4.7169E-04  5.4840E-03  1.0000E+00
 1.0374E+04  3.7559E-04  2.1450E-03  4.7184E-04  5.4440E-03  1.0000E+00
 1.0453E+04  3.7636E-04  2.1329E-03  4.7198E-04  5.4043E-03  1.0000E+00
 1.0533E+04  3.7712E-04  2.1208E-03  4.7212E-04  5.3648E-03  1.0000E+00
 1.0614E+04  3.7788E-04  2.1087E-03  4.7227E-04  5.3257E-03  1.0000E+00
 1.0695E+04  3.7864E-04  2.0968E-03  4.7242E-04  5.2869E-03  1.0000E+00
 1.0777E+04  3.7940E-04  2.0848E-03  4.7257E-04  5.2484E-03  1.0000E+00
 1.0860E+04  3.8016E-04  2.0730E-03  4.7272E-04  5.2101E-03  1.0000E+00
 1.0943E+04  3.8092E-04  2.0612E-03  4.7287E-04  5.1722E-03  1.0000E+00
 1.1027E+04  3.8168E-04  2.0494E-03  4.7302E-04  5.1345E-03  1.0000E+00
 1.1111E+04  3.8244E-04  2.0377E-03  4.7317E-04  5.0971E-03  1.0000E+00
 1.1196E+04  3.8320E-04  2.0261E-03  4.7333E-04  5.0600E-03  1.0000E+00
 1.1282E+04  3.8395E-04  2.0145E-03  4.7348E-04  5.0232E-03  1.0000E+00
 1.1369E+04  3.8471E-04  2.0029E-03  4.7364E-04  4.9867E-03  1.0000E+00
 1.1456E+04  3.8547E-04  1.9915E-03  4.7380E-04  4.9504E-03  1.0000E+00
 1.1543E+04  3.8622E-04  1.9800E-03  4.7395E-04  4.9145E-03  1.0000E+00
 1.1632E+04  3.8698E-04  1.9686E-03  4.7411E-04  4.8788E-03  1.0000E+00
 1.1721E+04  3.8773E-04  1.9573E-03  4.7428E-04  4.8433E-03  1.0000E+00
 1.1811E+04  3.8848E-04  1.9461E-03  4.7444E-04  4.8082E-03  1.0000E+00
 1.1901E+04  3.8924E-04  1.9348E-03  4.7460E-04  4.7733E-03  1.0000E+00
 1.1992E+04  3.8999E-04  1.9237E-03  4.7477E-04  4.7387E-03  1.0000E+00
 1.2084E+04  3.9074E-04  1.9125E-03  4.7494E-04  4.7043E-03  1.0000E+00
 1.2177E+04  3.9149E-04  1.9015E-03  4.7510E-04  4.6702E-03  1.0000E+00
 1.2270E+04  3.9223E-04  1.8905E-03  4.7527E-04  4.6364E-03  1.0000E+00
 1.2364E+04  3.9298E-04  1.8795E-03  4.7544E-04  4.6028E-03  1.0000E+00
 1.2458E+04  3.9372E-04  1.8686E-03  4.7562E-04  4.5694E-03  1.0000E+00
 1.2554E+04  3.9447E-04  1.8577E-03  4.7579E-04  4.5364E-03  1.0000E+00
 1.2650E+04  3.9521E-04  1.8469E-03  4.7596E-04  4.5036E-03  1.0000E+00
 1.2747E+04  3.9595E-04  1.8361E-03  4.7614E-04  4.4710E-03  1.0000E+00
 1.2845E+04  3.9669E-04  1.8254E-03  4.7632E-04  4.4387E-03  1.0000E+00
 1.2943E+04  3.9743E-04  1.8147E-03  4.7650E-04  4.4066E-03  1.0000E+00
 1.3042E+04  3.9816E-04  1.8041E-03  4.7668E-04  4.3747E-03  1.0000E+00
 1.3142E+04  3.9890E-04  1.7935E-03  4.7686E-04  4.3431E-03  1.0000E+00
 1.3243E+04  3.9963E-04  1.7830E-03  4.7704E-04  4.3118E-03  1.0000E+00
 1.3344E+04  4.0036E-04  1.7725E-03  4.7723E-04  4.2807E-03  1.0000E+00
 1.3446E+04  4.0109E-04  1.7620E-03  4.7741E-04  4.2498E-03  1.0000E+00
 1.3549E+04  4.0182E-04  1.7516E-03  4.7760E-04  4.2192E-03  1.0000E+00
 1.3653E+04  4.0255E-04  1.7413E-03  4.7779E-04  4.1887E-03  1.0000E+00
 1.3757E+04  4.0328E-04  1.7310E-03  4.7798E-04  4.1586E-03  1.0000E+00
 1.3863E+04  4.0400E-04  1.7208E-03  4.7817E-04  4.1286E-03  1.0000E+00
 1.3969E+04  4.0472E-04  1.7106E-03  4.7836E-04  4.0989E-03  1.0000E+00
 1.4076E+04  4.0544E-04  1.7004E-03  4.7856E-04  4.0694E-03  1.0000E+00
 1.4184E+04  4.0616E-04  1.6903E-03  4.7876E-04  4.0401E-03  1.0000E+00
 1.4292E+04  4.0688E-04  1.6803E-03  4.7895E-04  4.0111E-03  1.0000E+00
 1.4402E+04  4.0760E-04  1.6702E-03  4.7915E-04  3.9823E-03  1.0000E+00
 1.4512E+04  4.0831E-04  1.6603E-03  4.7936E-04  3.9537E-03  1.0000E+00
 1.4623E+04  4.0903E-04  1.6504E-03  4.7956E-04  3.9253E-03  1.0000E+00
 1.4735E+04  4.0974E-04  1.6405E-03  4.7976E-04  3.8971E-03  1.0000E+00
 1.4848E+04  4.1045E-04  1.6307E-03  4.7997E-04  3.8691E-03  1.0000E+00
 1.4962E+04  4.1116E-04  1.6209E-03  4.8018E-04  3.8414E-03  1.0000E+00
 1.5076E+04  4.1186E-04  1.6112E-03  4.8039E-04  3.8139E-03  1.0000E+00
 1.5192E+04  4.1257E-04  1.6015E-03  4.8060E-04  3.7865E-03  1.0000E+00
 1.5308E+04  4.1327E-04  1.5918E-03  4.8081E-04  3.7594E-03  1.0000E+00
 1.5425E+04  4.1398E-04  1.5822E-03  4.8102E-04  3.7325E-03  1.0000E+00
 1.5544E+04  4.1468E-04  1.5727E-03  4.8124E-04  3.7058E-03  1.0000E+00
 1.5663E+04  4.1538E-04  1.5632E-03  4.8146E-04  3.6793E-03  1.0000E+00
 1.5783E+04  4.1607E-04  1.5537E-03  4.8168E-04  3.6530E-03  1.0000E+00
 1.5903E+04  4.1677E-04  1.5443E-03  4.8190E-04  3.6269E-03  1.0000E+00
 1.6025E+04  4.1746E-04  1.5350E-03  4.8212E-04  3.6010E-03  1.0000E+00
 1.6148E+04  4.1816E-04  1.5257E-03  4.8234E-04  3.5753E-03  1.0000E+00
 1.6272E+04  4.1885E-04  1.5164E-03  4.8257E-04  3.5498E-03  1.0000E+00
 1.6396E+04  4.1954E-04  1.5071E-03  4.8280E-04  3.5245E-03  1.0000E+00
 1.6522E+04  4.2022E-04  1.4980E-03  4.8303E-04  3.4994E-03  1.0000E+00
 1.6648E+04  4.2091E-04  1.4888E-03  4.8326E-04  3.4744E-03  1.0000E+00
 1.6776E+04  4.2159E-04  1.4797E-03  4.8349E-04  3.4497E-03  1.0000E+00
 1.6904E+04  4.2228E-04  1.4707E-03  4.8373E-04  3.4251E-03  1.0000E+00
 1.7034E+04  4.2296E-04  1.4617E-03  4.8397E-04  3.4008E-03  1.0000E+00
 1.7164E+04  4.2364E-04  1.4527E-03  4.8421E-04  3.3766E-03  1.0000E+00
 1.7296E+04  4.2431E-04  1.4438E-03  4.8445E-04  3.3526E-03  1.0000E+00
 1.7428E+04  4.2499E-04  1.4349E-03  4.8469E-04  3.3288E-03  1.0000E+00
 1.7562E+04  4.2566E-04  1.4261E-03  4.8493E-04  3.3052E-03  1.0000E+00
 1.7696E+04  4.2633E-04  1.4173E-03  4.8518E-04  3.2817E-03  1.0000E+00
 1.7832E+04  4.2700E-04  1.4085E-03  4.8543E-04  3.2584E-03  1.0000E+00
 1.7968E+04  4.2767E-04  1.3998E-03  4.8568E-04  3.2353E-03  1.0000E+00
 1.8106E+04  4.2834E-04  1.3912E-03  4.8593E-04  3.2124E-03  1.0000E+00
 1.8244E+04  4.2900E-04  1.3826E-03  4.8619E-04  3.1897E-03  1.0000E+00
 1.8384E+04  4.2967E-04  1.3740E-03  4.8645E-04  3.1671E-03  1.0000E+00
 1.8525E+04  4.3033E-04  1.3655E-03  4.8670E-04  3.1447E-03  1.0000E+00
 1.8667E+04  4.3099E-04  1.3570E-03  4.8696E-04  3.1225E-03  1.0000E+00
 1.8810E+04  4.3165E-04  1.3485E-03  4.8723E-04  3.1004E-03  1.0000E+00
 1.8954E+04  4.3231E-04  1.3402E-03  4.8749E-04  3.0785E-03  1.0000E+00
 1.9099E+04  4.3297E-04  1.3318E-03  4.8776E-04  3.0568E-03  1.0000E+00
 1.9245E+04  4.3364E-04  1.3236E-03  4.8803E-04  3.0352E-03  1.0000E+00
 1.9393E+04  4.3431E-04  1.3154E-03  4.8830E-04  3.0139E-03  1.0000E+00
 1.9541E+04  4.3498E-04  1.3072E-03  4.8857E-04  2.9926E-03  1.0000E+00
 1.9691E+04  4.3565E-04  1.2991E-03  4.8885E-04  2.9716E-03  1.0000E+00
 1.9842E+04  4.3633E-04  1.2910E-03  4.8913E-04  2.9506E-03  1.0000E+00
 1.9994E+04  4.3700E-04  1.2830E-03  4.8941E-04  2.9299E-03  1.0000E+00
 2.0147E+04  4.3768E-04  1.2750E-03  4.8969E-04  2.9093E-03  1.0000E+00
 2.0301E+04  4.3836E-04  1.2671E-03  4.8997E-04  2.8889E-03  1.0000E+00
 2.0456E+04  4.3904E-04  1.2592E-03  4.9026E-04  2.8686E-03  1.0000E+00
 2.0613E+04  4.3972E-04  1.2514E-03  4.9055E-04  2.8485E-03  1.0000E+00
 2.0771E+04  4.4040E-04  1.2436E-03  4.9084E-04  2.8285E-03  1.0000E+00
 2.0930E+04  4.4108E-04  1.2359E-03  4.9114E-04  2.8087E-03  1.0000E+00
 2.1090E+04  4.4176E-04  1.2282E-03  4.9143E-04  2.7890E-03  1.0000E+00
 2.1252E+04  4.4245E-04  1.2206E-03  4.9173E-04  2.7695E-03  1.0000E+00
 2.1415E+04  4.4313E-04  1.2130E-03  4.9203E-04  2.7501E-03  1.0000E+00
 2.1579E+04  4.4382E-04  1.2055E-03  4.9233E-04  2.7309E-03  1.0000E+00
 2.1744E+04  4.4451E-04  1.1980E-03  4.9264E-04  2.7118E-03  1.0000E+00
 2.1910E+04  4.4519E-04  1.1905E-03  4.9295E-04  2.6929E-03  1.0000E+00
 2.2078E+04  4.4588E-04  1.1831E-03  4.9326E-04  2.6741E-03  1.0000E+00
 2.2247E+04  4.4657E-04  1.1757E-03  4.9357E-04  2.6555E-03  1.0000E+00
 2.2418E+04  4.4726E-04  1.1684E-03  4.9389E-04  2.6370E-03  1.0000E+00
 2.2589E+04  4.4795E-04  1.1611E-03  4.9420E-04  2.6186E-03  1.0000E+00
 2.2762E+04  4.4864E-04  1.1539E-03  4.9452E-04  2.6004E-03  1.0000E+00
 2.2937E+04  4.4933E-04  1.1467E-03  4.9485E-04  2.5823E-03  1.0000E+00
 2.3112E+04  4.5002E-04  1.1395E-03  4.9517E-04  2.5644E-03  1.0000E+00
 2.3289E+04  4.5070E-04  1.1324E-03  4.9550E-04  2.5466E-03  1.0000E+00
 2.3468E+04  4.5139E-04  1.1253E-03  4.9583E-04  2.5289E-03  1.0000E+00
 2.3647E+04  4.5208E-04  1.1183E-03  4.9617E-04  2.5114E-03  1.0000E+00
 2.3829E+04  4.5277E-04  1.1113E-03  4.9650E-04  2.4940E-03  1.0000E+00
 2.4011E+04  4.5346E-04  1.1043E-03  4.9684E-04  2.4767E-03  1.0000E+00
 2.4195E+04  4.5414E-04  1.0974E-03  4.9718E-04  2.4596E-03  1.0000E+00
 2.4380E+04  4.5483E-04  1.0905E-03  4.9753E-04  2.4426E-03  1.0000E+00
 2.4567E+04  4.5552E-04  1.0836E-03  4.9787E-04  2.4257E-03  1.0000E+00
 2.4755E+04  4.5620E-04  1.0768E-03  4.9822E-04  2.4090E-03  1.0000E+00
 2.4945E+04  4.5689E-04  1.0700E-03  4.9858E-04  2.3924E-03  1.0000E+00
 2.5136E+04  4.5756E-04  1.0633E-03  4.9893E-04  2.3759E-03  1.0000E+00
 2.5328E+04  4.5821E-04  1.0565E-03  4.9929E-04  2.3595E-03  1.0000E+00
 2.5522E+04  4.5886E-04  1.0498E-03  4.9965E-04  2.3433E-03  1.0000E+00
 2.5718E+04  4.5952E-04  1.0431E-03  5.0002E-04  2.3272E-03  1.0000E+00
 2.5915E+04  4.6017E-04  1.0364E-03  5.0038E-04  2.3112E-03  1.0000E+00
 2.6113E+04  4.6082E-04  1.0298E-03  5.0075E-04  2.2953E-03  1.0000E+00
 2.6313E+04  4.6147E-04  1.0232E-03  5.0113E-04  2.2796E-03  1.0000E+00
 2.6515E+04  4.6213E-04  1.0167E-03  5.0150E-04  2.2639E-03  1.0000E+00
 2.6718E+04  4.6278E-04  1.0102E-03  5.0188E-04  2.2484E-03  1.0000E+00
 2.6922E+04  4.6344E-04  1.0038E-03  5.0226E-04  2.2330E-03  1.0000E+00
 2.7128E+04  4.6410E-04  9.9736E-04  5.0265E-04  2.2178E-03  1.0000E+00
 2.7336E+04  4.6475E-04  9.9098E-04  5.0304E-04  2.2026E-03  1.0000E+00
 2.7545E+04  4.6541E-04  9.8465E-04  5.0343E-04  2.1876E-03  1.0000E+00
 2.7756E+04  4.6607E-04  9.7835E-04  5.0382E-04  2.1726E-03  1.0000E+00
 2.7969E+04  4.6673E-04  9.7210E-04  5.0422E-04  2.1578E-03  1.0000E+00
 2.8183E+04  4.6740E-04  9.6588E-04  5.0462E-04  2.1431E-03  1.0000E+00
 2.8399E+04  4.6806E-04  9.5970E-04  5.0502E-04  2.1285E-03  1.0000E+00
 2.8617E+04  4.6872E-04  9.5356E-04  5.0543E-04  2.1141E-03  1.0000E+00
 2.8836E+04  4.6939E-04  9.4746E-04  5.0584E-04  2.0997E-03  1.0000E+00
 2.9056E+04  4.7006E-04  9.4140E-04  5.0626E-04  2.0855E-03  1.0000E+00
 2.9279E+04  4.7072E-04  9.3538E-04  5.0667E-04  2.0713E-03  1.0000E+00
 2.9503E+04  4.7139E-04  9.2939E-04  5.0709E-04  2.0573E-03  1.0000E+00
 2.9729E+04  4.7207E-04  9.2344E-04  5.0752E-04  2.0433E-03  1.0000E+00
 2.9957E+04  4.7274E-04  9.1753E-04  5.0795E-04  2.0295E-03  1.0000E+00
 3.0186E+04  4.7341E-04  9.1166E-04  5.0838E-04  2.0158E-03  1.0000E+00
 3.0417E+04  4.7409E-04  9.0582E-04  5.0881E-04  2.0022E-03  1.0000E+00
 3.0650E+04  4.7477E-04  9.0002E-04  5.0925E-04  1.9887E-03  1.0000E+00
 3.0885E+04  4.7544E-04  8.9426E-04  5.0969E-04  1.9753E-03  1.0000E+00
 3.1122E+04  4.7612E-04  8.8853E-04  5.1014E-04  1.9620E-03  1.0000E+00
 3.1360E+04  4.7681E-04  8.8284E-04  5.1058E-04  1.9488E-03  1.0000E+00
 3.1600E+04  4.7749E-04  8.7719E-04  5.1104E-04  1.9357E-03  1.0000E+00
 3.1842E+04  4.7818E-04  8.7157E-04  5.1149E-04  1.9227E-03  1.0000E+00
 3.2086E+04  4.7886E-04  8.6599E-04  5.1195E-04  1.9098E-03  1.0000E+00
 3.2332E+04  4.7955E-04  8.6045E-04  5.1242E-04  1.8970E-03  1.0000E+00
 3.2579E+04  4.8025E-04  8.5494E-04  5.1288E-04  1.8843E-03  1.0000E+00
 3.2829E+04  4.8094E-04  8.4947E-04  5.1335E-04  1.8717E-03  1.0000E+00
 3.3080E+04  4.8163E-04  8.4403E-04  5.1383E-04  1.8592E-03  1.0000E+00
 3.3334E+04  4.8233E-04  8.3862E-04  5.1431E-04  1.8468E-03  1.0000E+00
 3.3589E+04  4.8303E-04  8.3326E-04  5.1479E-04  1.8345E-03  1.0000E+00
 3.3846E+04  4.8373E-04  8.2792E-04  5.1528E-04  1.8222E-03  1.0000E+00
 3.4105E+04  4.8444E-04  8.2263E-04  5.1577E-04  1.8101E-03  1.0000E+00
 3.4367E+04  4.8515E-04  8.1736E-04  5.1626E-04  1.7981E-03  1.0000E+00
 3.4630E+04  4.8585E-04  8.1213E-04  5.1676E-04  1.7861E-03  1.0000E+00
 3.4895E+04  4.8657E-04  8.0694E-04  5.1726E-04  1.7743E-03  1.0000E+00
 3.5162E+04  4.8728E-04  8.0178E-04  5.1777E-04  1.7625E-03  1.0000E+00
 3.5431E+04  4.8800E-04  7.9665E-04  5.1828E-04  1.7508E-03  1.0000E+00
 3.5703E+04  4.8872E-04  7.9156E-04  5.1879E-04  1.7393E-03  1.0000E+00
 3.5976E+04  4.8944E-04  7.8650E-04  5.1931E-04  1.7278E-03  1.0000E+00
 3.6252E+04  4.9016E-04  7.8147E-04  5.1984E-04  1.7164E-03  1.0000E+00
 3.6529E+04  4.9089E-04  7.7648E-04  5.2036E-04  1.7051E-03  1.0000E+00
 3.6809E+04  4.9162E-04  7.7152E-04  5.2090E-04  1.6938E-03  1.0000E+00
 3.7091E+04  4.9235E-04  7.6659E-04  5.2143E-04  1.6827E-03  1.0000E+00
 3.7375E+04  4.9308E-04  7.6170E-04  5.2197E-04  1.6716E-03  1.0000E+00
 3.7661E+04  4.9382E-04  7.5684E-04  5.2252E-04  1.6606E-03  1.0000E+00
 3.7950E+04  4.9456E-04  7.5201E-04  5.2307E-04  1.6498E-03  1.0000E+00
 3.8240E+04  4.9531E-04  7.4721E-04  5.2362E-04  1.6390E-03  1.0000E+00
 3.8533E+04  4.9605E-04  7.4244E-04  5.2418E-04  1.6282E-03  1.0000E+00
 3.8828E+04  4.9680E-04  7.3771E-04  5.2474E-04  1.6176E-03  1.0000E+00
 3.9126E+04  4.9756E-04  7.3301E-04  5.2531E-04  1.6070E-03  1.0000E+00
 3.9425E+04  4.9831E-04  7.2834E-04  5.2588E-04  1.5966E-03  1.0000E+00
 3.9727E+04  4.9907E-04  7.2370E-04  5.2646E-04  1.5862E-03  1.0000E+00
 4.0032E+04  4.9984E-04  7.1909E-04  5.2704E-04  1.5759E-03  1.0000E+00
 4.0338E+04  5.0060E-04  7.1451E-04  5.2763E-04  1.5656E-03  1.0000E+00
 4.0647E+04  5.0137E-04  7.0996E-04  5.2822E-04  1.5555E-03  1.0000E+00
 4.0958E+04  5.0215E-04  7.0545E-04  5.2882E-04  1.5454E-03  1.0000E+00
 4.1272E+04  5.0292E-04  7.0096E-04  5.2942E-04  1.5354E-03  1.0000E+00
 4.1588E+04  5.0370E-04  6.9651E-04  5.3002E-04  1.5255E-03  1.0000E+00
 4.1907E+04  5.0449E-04  6.9208E-04  5.3063E-04  1.5156E-03  1.0000E+00
 4.2228E+04  5.0527E-04  6.8769E-04  5.3125E-04  1.5058E-03  1.0000E+00
 4.2551E+04  5.0607E-04  6.8332E-04  5.3187E-04  1.4961E-03  1.0000E+00
 4.2877E+04  5.0686E-04  6.7899E-04  5.3250E-04  1.4865E-03  1.0000E+00
 4.3205E+04  5.0766E-04  6.7468E-04  5.3313E-04  1.4770E-03  1.0000E+00
 4.3536E+04  5.0846E-04  6.7040E-04  5.3377E-04  1.4675E-03  1.0000E+00
 4.3869E+04  5.0927E-04  6.6615E-04  5.3441E-04  1.4581E-03  1.0000E+00
 4.4205E+04  5.1008E-04  6.6194E-04  5.3506E-04  1.4488E-03  1.0000E+00
 4.4544E+04  5.1089E-04  6.5774E-04  5.3571E-04  1.4395E-03  1.0000E+00
 4.4885E+04  5.1171E-04  6.5358E-04  5.3637E-04  1.4303E-03  1.0000E+00
 4.5229E+04  5.1254E-04  6.4945E-04  5.3703E-04  1.4212E-03  1.0000E+00
 4.5575E+04  5.1336E-04  6.4534E-04  5.3770E-04  1.4122E-03  1.0000E+00
 4.5924E+04  5.1420E-04  6.4127E-04  5.3837E-04  1.4032E-03  1.0000E+00
 4.6276E+04  5.1503E-04  6.3722E-04  5.3905E-04  1.3943E-03  1.0000E+00
 4.6630E+04  5.1587E-04  6.3320E-04  5.3974E-04  1.3854E-03  1.0000E+00
 4.6987E+04  5.1672E-04  6.2920E-04  5.4043E-04  1.3767E-03  1.0000E+00
 4.7347E+04  5.1757E-04  6.2524E-04  5.4113E-04  1.3680E-03  1.0000E+00
 4.7710E+04  5.1842E-04  6.2130E-04  5.4183E-04  1.3593E-03  1.0000E+00
 4.8075E+04  5.1928E-04  6.1739E-04  5.4254E-04  1.3508E-03  1.0000E+00
 4.8443E+04  5.2014E-04  6.1350E-04  5.4326E-04  1.3423E-03  1.0000E+00
 4.8814E+04  5.2101E-04  6.0964E-04  5.4398E-04  1.3338E-03  1.0000E+00
 4.9188E+04  5.2188E-04  6.0581E-04  5.4470E-04  1.3255E-03  1.0000E+00
 4.9565E+04  5.2276E-04  6.0201E-04  5.4544E-04  1.3172E-03  1.0000E+00
 4.9945E+04  5.2364E-04  5.9823E-04  5.4618E-04  1.3089E-03  1.0000E+00
 5.0327E+04  5.2453E-04  5.9448E-04  5.4692E-04  1.3008E-03  1.0000E+00
 5.0713E+04  5.2542E-04  5.9075E-04  5.4767E-04  1.2926E-03  1.0000E+00
 5.1101E+04  5.2632E-04  5.8705E-04  5.4843E-04  1.2846E-03  1.0000E+00
 5.1492E+04  5.2723E-04  5.8338E-04  5.4919E-04  1.2766E-03  1.0000E+00
 5.1887E+04  5.2813E-04  5.7973E-04  5.4996E-04  1.2687E-03  1.0000E+00
 5.2284E+04  5.2905E-04  5.7610E-04  5.5074E-04  1.2608E-03  1.0000E+00
 5.2684E+04  5.2997E-04  5.7251E-04  5.5152E-04  1.2530E-03  1.0000E+00
 5.3088E+04  5.3089E-04  5.6893E-04  5.5231E-04  1.2453E-03  1.0000E+00
 5.3494E+04  5.3182E-04  5.6538E-04  5.5311E-04  1.2376E-03  1.0000E+00
 5.3904E+04  5.3276E-04  5.6186E-04  5.5391E-04  1.2300E-03  1.0000E+00
 5.4317E+04  5.3370E-04  5.5836E-04  5.5472E-04  1.2224E-03  1.0000E+00
 5.4733E+04  5.3465E-04  5.5489E-04  5.5554E-04  1.2149E-03  1.0000E+00
 5.5152E+04  5.3560E-04  5.5144E-04  5.5636E-04  1.2075E-03  1.0000E+00
 5.5574E+04  5.3656E-04  5.4801E-04  5.5719E-04  1.2001E-03  1.0000E+00
 5.6000E+04  5.3752E-04  5.4461E-04  5.5803E-04  1.1927E-03  1.0000E+00
 5.6429E+04  5.3850E-04  5.4123E-04  5.5888E-04  1.1855E-03  1.0000E+00
 5.6861E+04  5.3947E-04  5.3788E-04  5.5973E-04  1.1782E-03  1.0000E+00
 5.7297E+04  5.4046E-04  5.3455E-04  5.6059E-04  1.1711E-03  1.0000E+00
 5.7735E+04  5.4145E-04  5.3124E-04  5.6145E-04  1.1640E-03  1.0000E+00
 5.8177E+04  5.4244E-04  5.2796E-04  5.6233E-04  1.1569E-03  1.0000E+00
 5.8623E+04  5.4344E-04  5.2469E-04  5.6321E-04  1.1499E-03  1.0000E+00
 5.9072E+04  5.4445E-04  5.2146E-04  5.6409E-04  1.1430E-03  1.0000E+00
 5.9524E+04  5.4547E-04  5.1824E-04  5.6499E-04  1.1361E-03  1.0000E+00
 5.9980E+04  5.4649E-04  5.1505E-04  5.6589E-04  1.1293E-03  1.0000E+00
 6.0440E+04  5.4752E-04  5.1188E-04  5.6680E-04  1.1225E-03  1.0000E+00
 6.0902E+04  5.4856E-04  5.0873E-04  5.6772E-04  1.1158E-03  1.0000E+00
 6.1369E+04  5.4960E-04  5.0561E-04  5.6865E-04  1.1091E-03  1.0000E+00
 6.1839E+04  5.5065E-04  5.0251E-04  5.6958E-04  1.1025E-03  1.0000E+00
 6.2312E+04  5.5170E-04  4.9943E-04  5.7053E-04  1.0959E-03  1.0000E+00
 6.2790E+04  5.5277E-04  4.9637E-04  5.7148E-04  1.0894E-03  1.0000E+00
 6.3270E+04  5.5384E-04  4.9333E-04  5.7243E-04  1.0829E-03  1.0000E+00
 6.3755E+04  5.5492E-04  4.9031E-04  5.7340E-04  1.0765E-03  1.0000E+00
 6.4243E+04  5.5600E-04  4.8732E-04  5.7437E-04  1.0701E-03  1.0000E+00
 6.4735E+04  5.5709E-04  4.8435E-04  5.7536E-04  1.0638E-03  1.0000E+00
 6.5231E+04  5.5819E-04  4.8140E-04  5.7635E-04  1.0576E-03  1.0000E+00
 6.5731E+04  5.5930E-04  4.7847E-04  5.7735E-04  1.0513E-03  1.0000E+00
 6.6234E+04  5.6042E-04  4.7556E-04  5.7836E-04  1.0452E-03  1.0000E+00
 6.6741E+04  5.6154E-04  4.7267E-04  5.7937E-04  1.0391E-03  1.0000E+00
 6.7252E+04  5.6267E-04  4.6980E-04  5.8040E-04  1.0330E-03  1.0000E+00
 6.7767E+04  5.6381E-04  4.6695E-04  5.8143E-04  1.0270E-03  1.0000E+00
 6.8286E+04  5.6496E-04  4.6412E-04  5.8248E-04  1.0210E-03  1.0000E+00
 6.8809E+04  5.6611E-04  4.6132E-04  5.8353E-04  1.0151E-03  1.0000E+00
 6.9336E+04  5.6727E-04  4.5853E-04  5.8459E-04  1.0092E-03  1.0000E+00
 6.9867E+04  5.6845E-04  4.5576E-04  5.8566E-04  1.0033E-03  1.0000E+00
 7.0402E+04  5.6963E-04  4.5302E-04  5.8674E-04  9.9754E-04  1.0000E+00
 7.0942E+04  5.7081E-04  4.5029E-04  5.8783E-04  9.9180E-04  1.0000E+00
 7.1485E+04  5.7201E-04  4.4758E-04  5.8893E-04  9.8610E-04  1.0000E+00
 7.2032E+04  5.7322E-04  4.4489E-04  5.9003E-04  9.8044E-04  1.0000E+00
 7.2584E+04  5.7443E-04  4.4222E-04  5.9115E-04  9.7483E-04  1.0000E+00
 7.3140E+04  5.7565E-04  4.3957E-04  5.9228E-04  9.6927E-04  1.0000E+00
 7.3700E+04  5.7689E-04  4.3694E-04  5.9341E-04  9.6375E-04  1.0000E+00
 7.4264E+04  5.7813E-04  4.3433E-04  5.9456E-04  9.5827E-04  1.0000E+00
 7.4833E+04  5.7938E-04  4.3174E-04  5.9572E-04  9.5284E-04  1.0000E+00
 7.5406E+04  5.8064E-04  4.2916E-04  5.9688E-04  9.4745E-04  1.0000E+00
 7.5984E+04  5.8191E-04  4.2661E-04  5.9806E-04  9.4210E-04  1.0000E+00
 7.6566E+04  5.8318E-04  4.2407E-04  5.9925E-04  9.3679E-04  1.0000E+00
 7.7152E+04  5.8447E-04  4.2155E-04  6.0044E-04  9.3153E-04  1.0000E+00
 7.7743E+04  5.8577E-04  4.1905E-04  6.0165E-04  9.2631E-04  1.0000E+00
 7.8338E+04  5.8708E-04  4.1657E-04  6.0287E-04  9.2113E-04  1.0000E+00
 7.8938E+04  5.8839E-04  4.1411E-04  6.0410E-04  9.1599E-04  1.0000E+00
 7.9543E+04  5.8972E-04  4.1166E-04  6.0533E-04  9.1089E-04  1.0000E+00
 8.0152E+04  5.9106E-04  4.0923E-04  6.0658E-04  9.0584E-04  1.0000E+00
 8.0766E+04  5.9240E-04  4.0682E-04  6.0784E-04  9.0082E-04  1.0000E+00
 8.1384E+04  5.9376E-04  4.0443E-04  6.0911E-04  8.9584E-04  1.0000E+00
 8.2008E+04  5.9513E-04  4.0205E-04  6.1040E-04  8.9091E-04  1.0000E+00
 8.2636E+04  5.9651E-04  3.9969E-04  6.1169E-04  8.8601E-04  1.0000E+00
 8.3268E+04  5.9790E-04  3.9735E-04  6.1300E-04  8.8115E-04  1.0000E+00
 8.3906E+04  5.9930E-04  3.9502E-04  6.1431E-04  8.7633E-04  1.0000E+00
 8.4549E+04  6.0071E-04  3.9272E-04  6.1564E-04  8.7155E-04  1.0000E+00
 8.5196E+04  6.0213E-04  3.9043E-04  6.1698E-04  8.6681E-04  1.0000E+00
 8.5849E+04  6.0356E-04  3.8815E-04  6.1833E-04  8.6210E-04  1.0000E+00
 8.6506E+04  6.0501E-04  3.8589E-04  6.1969E-04  8.5744E-04  1.0000E+00
 8.7169E+04  6.0646E-04  3.8365E-04  6.2107E-04  8.5281E-04  1.0000E+00
 8.7836E+04  6.0793E-04  3.8143E-04  6.2246E-04  8.4822E-04  1.0000E+00
 8.8509E+04  6.0940E-04  3.7922E-04  6.2385E-04  8.4366E-04  1.0000E+00
 8.9187E+04  6.1089E-04  3.7703E-04  6.2527E-04  8.3915E-04  1.0000E+00
 8.9870E+04  6.1240E-04  3.7485E-04  6.2669E-04  8.3466E-04  1.0000E+00
 9.0558E+04  6.1391E-04  3.7269E-04  6.2813E-04  8.3022E-04  1.0000E+00
 9.1252E+04  6.1543E-04  3.7055E-04  6.2958E-04  8.2581E-04  1.0000E+00
 9.1950E+04  6.1697E-04  3.6842E-04  6.3104E-04  8.2144E-04  1.0000E+00
 9.2655E+04  6.1852E-04  3.6630E-04  6.3251E-04  8.1710E-04  1.0000E+00
 9.3364E+04  6.2008E-04  3.6421E-04  6.3400E-04  8.1280E-04  1.0000E+00
 9.4079E+04  6.2166E-04  3.6212E-04  6.3550E-04  8.0853E-04  1.0000E+00
 9.4800E+04  6.2325E-04  3.6006E-04  6.3702E-04  8.0430E-04  1.0000E+00
 9.5526E+04  6.2485E-04  3.5801E-04  6.3854E-04  8.0010E-04  1.0000E+00
 9.6257E+04  6.2646E-04  3.5597E-04  6.4009E-04  7.9593E-04  1.0000E+00
 9.6994E+04  6.2809E-04  3.5395E-04  6.4164E-04  7.9180E-04  1.0000E+00
 9.7737E+04  6.2973E-04  3.5194E-04  6.4321E-04  7.8771E-04  1.0000E+00
 9.8486E+04  6.3138E-04  3.4995E-04  6.4479E-04  7.8364E-04  1.0000E+00
 9.9240E+04  6.3304E-04  3.4797E-04  6.4639E-04  7.7961E-04  1.0000E+00
 1.0000E+05  6.3472E-04  3.4601E-04  6.4800E-04  7.7562E-04  1.0000E+00


