#     0	 1	   18	 3	 2.5877E+03	 1000	1
 4.8978E+01  0.0000E+00  0.0000E+00  0.0000E+00  0.0000E+00  0.0000E+00
 4.9353E+01  0.0000E+00  0.0000E+00  0.0000E+00  0.0000E+00  0.0000E+00
 4.9731E+01  0.0000E+00  0.0000E+00  0.0000E+00  0.0000E+00  0.0000E+00
 5.0112E+01  0.0000E+00  0.0000E+00  0.0000E+00  0.0000E+00  0.0000E+00
 5.0496E+01  0.0000E+00  0.0000E+00  0.0000E+00  0.0000E+00  0.0000E+00
 5.0882E+01  0.0000E+00  0.0000E+00  0.0000E+00  0.0000E+00  0.0000E+00
 5.1272E+01  0.0000E+00  0.0000E+00  0.0000E+00  0.0000E+00  0.0000E+00
 5.1665E+01  0.0000E+00  0.0000E+00  0.0000E+00  0.0000E+00  0.0000E+00
 5.2060E+01  0.0000E+00  0.0000E+00  0.0000E+00  0.0000E+00  0.0000E+00
 5.2459E+01  0.0000E+00  0.0000E+00  0.0000E+00  0.0000E+00  0.0000E+00
 5.2861E+01  0.0000E+00  0.0000E+00  0.0000E+00  0.0000E+00  0.0000E+00
 5.3266E+01  0.0000E+00  0.0000E+00  0.0000E+00  0.0000E+00  0.0000E+00
 5.3673E+01  0.0000E+00  0.0000E+00  0.0000E+00  0.0000E+00  0.0000E+00
 5.4085E+01  0.0000E+00  0.0000E+00  0.0000E+00  0.0000E+00  0.0000E+00
 5.4499E+01  0.0000E+00  0.0000E+00  0.0000E+00  0.0000E+00  0.0000E+00
 5.4916E+01  0.0000E+00  0.0000E+00  0.0000E+00  0.0000E+00  0.0000E+00
 5.5337E+01  0.0000E+00  0.0000E+00  0.0000E+00  0.0000E+00  0.0000E+00
 5.5760E+01  0.0000E+00  0.0000E+00  0.0000E+00  0.0000E+00  0.0000E+00
 5.6187E+01  0.0000E+00  0.0000E+00  0.0000E+00  0.0000E+00  0.0000E+00
 5.6618E+01  0.0000E+00  0.0000E+00  0.0000E+00  0.0000E+00  0.0000E+00
 5.7051E+01  0.0000E+00  0.0000E+00  0.0000E+00  0.0000E+00  0.0000E+00
 5.7488E+01  0.0000E+00  0.0000E+00  0.0000E+00  0.0000E+00  0.0000E+00
 5.7929E+01  0.0000E+00  0.0000E+00  0.0000E+00  0.0000E+00  0.0000E+00
 5.8372E+01  0.0000E+00  0.0000E+00  0.0000E+00  0.0000E+00  0.0000E+00
 5.8819E+01  0.0000E+00  0.0000E+00  0.0000E+00  0.0000E+00  0.0000E+00
 5.9270E+01  0.0000E+00  0.0000E+00  0.0000E+00  0.0000E+00  0.0000E+00
 5.9724E+01  0.0000E+00  0.0000E+00  0.0000E+00  0.0000E+00  0.0000E+00
 6.0181E+01  0.0000E+00  0.0000E+00  0.0000E+00  0.0000E+00  0.0000E+00
 6.0642E+01  0.0000E+00  0.0000E+00  0.0000E+00  0.0000E+00  0.0000E+00
 6.1106E+01  0.0000E+00  0.0000E+00  0.0000E+00  0.0000E+00  0.0000E+00
 6.1574E+01  0.0000E+00  0.0000E+00  0.0000E+00  0.0000E+00  0.0000E+00
 6.2046E+01  0.0000E+00  0.0000E+00  0.0000E+00  0.0000E+00  0.0000E+00
 6.2521E+01  0.0000E+00  0.0000E+00  0.0000E+00  0.0000E+00  0.0000E+00
 6.3000E+01  0.0000E+00  0.0000E+00  0.0000E+00  0.0000E+00  0.0000E+00
 6.3482E+01  0.0000E+00  0.0000E+00  0.0000E+00  0.0000E+00  0.0000E+00
 6.3968E+01  0.0000E+00  0.0000E+00  0.0000E+00  0.0000E+00  0.0000E+00
 6.4458E+01  0.0000E+00  0.0000E+00  0.0000E+00  0.0000E+00  0.0000E+00
 6.4952E+01  0.0000E+00  0.0000E+00  0.0000E+00  0.0000E+00  0.0000E+00
 6.5449E+01  0.0000E+00  0.0000E+00  0.0000E+00  0.0000E+00  0.0000E+00
 6.5951E+01  0.0000E+00  0.0000E+00  0.0000E+00  0.0000E+00  0.0000E+00
 6.6456E+01  0.0000E+00  0.0000E+00  0.0000E+00  0.0000E+00  0.0000E+00
 6.6965E+01  0.0000E+00  0.0000E+00  0.0000E+00  0.0000E+00  0.0000E+00
 6.7478E+01  0.0000E+00  0.0000E+00  0.0000E+00  0.0000E+00  0.0000E+00
 6.7994E+01  0.0000E+00  0.0000E+00  0.0000E+00  0.0000E+00  0.0000E+00
 6.8515E+01  0.0000E+00  0.0000E+00  0.0000E+00  0.0000E+00  0.0000E+00
 6.9040E+01  0.0000E+00  0.0000E+00  0.0000E+00  0.0000E+00  0.0000E+00
 6.9568E+01  0.0000E+00  0.0000E+00  0.0000E+00  0.0000E+00  0.0000E+00
 7.0101E+01  0.0000E+00  0.0000E+00  0.0000E+00  0.0000E+00  0.0000E+00
 7.0638E+01  0.0000E+00  0.0000E+00  0.0000E+00  0.0000E+00  0.0000E+00
 7.1179E+01  0.0000E+00  0.0000E+00  0.0000E+00  0.0000E+00  0.0000E+00
 7.1724E+01  0.0000E+00  0.0000E+00  0.0000E+00  0.0000E+00  0.0000E+00
 7.2273E+01  0.0000E+00  0.0000E+00  0.0000E+00  0.0000E+00  0.0000E+00
 7.2827E+01  0.0000E+00  0.0000E+00  0.0000E+00  0.0000E+00  0.0000E+00
 7.3385E+01  0.0000E+00  0.0000E+00  0.0000E+00  0.0000E+00  0.0000E+00
 7.3947E+01  0.0000E+00  0.0000E+00  0.0000E+00  0.0000E+00  0.0000E+00
 7.4513E+01  0.0000E+00  0.0000E+00  0.0000E+00  0.0000E+00  0.0000E+00
 7.5084E+01  0.0000E+00  0.0000E+00  0.0000E+00  0.0000E+00  0.0000E+00
 7.5659E+01  0.0000E+00  0.0000E+00  0.0000E+00  0.0000E+00  0.0000E+00
 7.6238E+01  0.0000E+00  0.0000E+00  0.0000E+00  0.0000E+00  0.0000E+00
 7.6822E+01  0.0000E+00  0.0000E+00  0.0000E+00  0.0000E+00  0.0000E+00
 7.7410E+01  0.0000E+00  0.0000E+00  0.0000E+00  0.0000E+00  0.0000E+00
 7.8003E+01  0.0000E+00  0.0000E+00  0.0000E+00  0.0000E+00  0.0000E+00
 7.8601E+01  0.0000E+00  0.0000E+00  0.0000E+00  0.0000E+00  0.0000E+00
 7.9202E+01  0.0000E+00  0.0000E+00  0.0000E+00  0.0000E+00  0.0000E+00
 7.9809E+01  0.0000E+00  0.0000E+00  0.0000E+00  0.0000E+00  0.0000E+00
 8.0420E+01  0.0000E+00  0.0000E+00  0.0000E+00  0.0000E+00  0.0000E+00
 8.1036E+01  0.0000E+00  0.0000E+00  0.0000E+00  0.0000E+00  0.0000E+00
 8.1657E+01  0.0000E+00  0.0000E+00  0.0000E+00  0.0000E+00  0.0000E+00
 8.2282E+01  0.0000E+00  0.0000E+00  0.0000E+00  0.0000E+00  0.0000E+00
 8.2912E+01  0.0000E+00  0.0000E+00  0.0000E+00  0.0000E+00  0.0000E+00
 8.3547E+01  0.0000E+00  0.0000E+00  0.0000E+00  0.0000E+00  0.0000E+00
 8.4187E+01  0.0000E+00  0.0000E+00  0.0000E+00  0.0000E+00  0.0000E+00
 8.4832E+01  0.0000E+00  0.0000E+00  0.0000E+00  0.0000E+00  0.0000E+00
 8.5481E+01  0.0000E+00  0.0000E+00  0.0000E+00  0.0000E+00  0.0000E+00
 8.6136E+01  0.0000E+00  0.0000E+00  0.0000E+00  0.0000E+00  0.0000E+00
 8.6796E+01  0.0000E+00  0.0000E+00  0.0000E+00  0.0000E+00  0.0000E+00
 8.7460E+01  0.0000E+00  0.0000E+00  0.0000E+00  0.0000E+00  0.0000E+00
 8.8130E+01  0.0000E+00  0.0000E+00  0.0000E+00  0.0000E+00  0.0000E+00
 8.8805E+01  0.0000E+00  0.0000E+00  0.0000E+00  0.0000E+00  0.0000E+00
 8.9485E+01  0.0000E+00  0.0000E+00  0.0000E+00  0.0000E+00  0.0000E+00
 9.0171E+01  0.0000E+00  0.0000E+00  0.0000E+00  0.0000E+00  0.0000E+00
 9.0861E+01  0.0000E+00  0.0000E+00  0.0000E+00  0.0000E+00  0.0000E+00
 9.1557E+01  0.0000E+00  0.0000E+00  0.0000E+00  0.0000E+00  0.0000E+00
 9.2258E+01  0.0000E+00  0.0000E+00  0.0000E+00  0.0000E+00  0.0000E+00
 9.2965E+01  0.0000E+00  0.0000E+00  0.0000E+00  0.0000E+00  0.0000E+00
 9.3677E+01  0.0000E+00  0.0000E+00  0.0000E+00  0.0000E+00  0.0000E+00
 9.4394E+01  0.0000E+00  0.0000E+00  0.0000E+00  0.0000E+00  0.0000E+00
 9.5117E+01  0.0000E+00  0.0000E+00  0.0000E+00  0.0000E+00  0.0000E+00
 9.5845E+01  0.0000E+00  0.0000E+00  0.0000E+00  0.0000E+00  0.0000E+00
 9.6579E+01  0.0000E+00  0.0000E+00  0.0000E+00  0.0000E+00  0.0000E+00
 9.7319E+01  0.0000E+00  0.0000E+00  0.0000E+00  0.0000E+00  0.0000E+00
 9.8064E+01  0.0000E+00  0.0000E+00  0.0000E+00  0.0000E+00  0.0000E+00
 9.8815E+01  0.0000E+00  0.0000E+00  0.0000E+00  0.0000E+00  0.0000E+00
 9.9572E+01  0.0000E+00  0.0000E+00  0.0000E+00  0.0000E+00  0.0000E+00
 1.0033E+02  0.0000E+00  0.0000E+00  0.0000E+00  0.0000E+00  0.0000E+00
 1.0110E+02  0.0000E+00  0.0000E+00  0.0000E+00  0.0000E+00  0.0000E+00
 1.0188E+02  0.0000E+00  0.0000E+00  0.0000E+00  0.0000E+00  0.0000E+00
 1.0266E+02  0.0000E+00  0.0000E+00  0.0000E+00  0.0000E+00  0.0000E+00
 1.0344E+02  0.0000E+00  0.0000E+00  0.0000E+00  0.0000E+00  0.0000E+00
 1.0424E+02  0.0000E+00  0.0000E+00  0.0000E+00  0.0000E+00  0.0000E+00
 1.0503E+02  0.0000E+00  0.0000E+00  0.0000E+00  0.0000E+00  0.0000E+00
 1.0584E+02  0.0000E+00  0.0000E+00  0.0000E+00  0.0000E+00  0.0000E+00
 1.0665E+02  0.0000E+00  0.0000E+00  0.0000E+00  0.0000E+00  0.0000E+00
 1.0747E+02  0.0000E+00  0.0000E+00  0.0000E+00  0.0000E+00  0.0000E+00
 1.0829E+02  0.0000E+00  0.0000E+00  0.0000E+00  0.0000E+00  0.0000E+00
 1.0912E+02  0.0000E+00  0.0000E+00  0.0000E+00  0.0000E+00  0.0000E+00
 1.0995E+02  0.0000E+00  0.0000E+00  0.0000E+00  0.0000E+00  0.0000E+00
 1.1080E+02  0.0000E+00  0.0000E+00  0.0000E+00  0.0000E+00  0.0000E+00
 1.1164E+02  0.0000E+00  0.0000E+00  0.0000E+00  0.0000E+00  0.0000E+00
 1.1250E+02  0.0000E+00  0.0000E+00  0.0000E+00  0.0000E+00  0.0000E+00
 1.1336E+02  0.0000E+00  0.0000E+00  0.0000E+00  0.0000E+00  0.0000E+00
 1.1423E+02  0.0000E+00  0.0000E+00  0.0000E+00  0.0000E+00  0.0000E+00
 1.1510E+02  0.0000E+00  0.0000E+00  0.0000E+00  0.0000E+00  0.0000E+00
 1.1599E+02  0.0000E+00  0.0000E+00  0.0000E+00  0.0000E+00  0.0000E+00
 1.1687E+02  0.0000E+00  0.0000E+00  0.0000E+00  0.0000E+00  0.0000E+00
 1.1777E+02  0.0000E+00  0.0000E+00  0.0000E+00  0.0000E+00  0.0000E+00
 1.1867E+02  0.0000E+00  0.0000E+00  0.0000E+00  0.0000E+00  0.0000E+00
 1.1958E+02  0.0000E+00  0.0000E+00  0.0000E+00  0.0000E+00  0.0000E+00
 1.2050E+02  0.0000E+00  0.0000E+00  0.0000E+00  0.0000E+00  0.0000E+00
 1.2142E+02  0.0000E+00  0.0000E+00  0.0000E+00  0.0000E+00  0.0000E+00
 1.2235E+02  0.0000E+00  0.0000E+00  0.0000E+00  0.0000E+00  0.0000E+00
 1.2329E+02  0.0000E+00  0.0000E+00  0.0000E+00  0.0000E+00  0.0000E+00
 1.2423E+02  0.0000E+00  0.0000E+00  0.0000E+00  0.0000E+00  0.0000E+00
 1.2518E+02  0.0000E+00  0.0000E+00  0.0000E+00  0.0000E+00  0.0000E+00
 1.2614E+02  0.0000E+00  0.0000E+00  0.0000E+00  0.0000E+00  0.0000E+00
 1.2711E+02  0.0000E+00  0.0000E+00  0.0000E+00  0.0000E+00  0.0000E+00
 1.2808E+02  0.0000E+00  0.0000E+00  0.0000E+00  0.0000E+00  0.0000E+00
 1.2906E+02  0.0000E+00  0.0000E+00  0.0000E+00  0.0000E+00  0.0000E+00
 1.3005E+02  0.0000E+00  0.0000E+00  0.0000E+00  0.0000E+00  0.0000E+00
 1.3104E+02  0.0000E+00  0.0000E+00  0.0000E+00  0.0000E+00  0.0000E+00
 1.3205E+02  0.0000E+00  0.0000E+00  0.0000E+00  0.0000E+00  0.0000E+00
 1.3306E+02  0.0000E+00  0.0000E+00  0.0000E+00  0.0000E+00  0.0000E+00
 1.3408E+02  0.0000E+00  0.0000E+00  0.0000E+00  0.0000E+00  0.0000E+00
 1.3510E+02  0.0000E+00  0.0000E+00  0.0000E+00  0.0000E+00  0.0000E+00
 1.3614E+02  0.0000E+00  0.0000E+00  0.0000E+00  0.0000E+00  0.0000E+00
 1.3718E+02  0.0000E+00  0.0000E+00  0.0000E+00  0.0000E+00  0.0000E+00
 1.3823E+02  0.0000E+00  0.0000E+00  0.0000E+00  0.0000E+00  0.0000E+00
 1.3929E+02  0.0000E+00  0.0000E+00  0.0000E+00  0.0000E+00  0.0000E+00
 1.4036E+02  0.0000E+00  0.0000E+00  0.0000E+00  0.0000E+00  0.0000E+00
 1.4143E+02  0.0000E+00  0.0000E+00  0.0000E+00  0.0000E+00  0.0000E+00
 1.4252E+02  0.0000E+00  0.0000E+00  0.0000E+00  0.0000E+00  0.0000E+00
 1.4361E+02  0.0000E+00  0.0000E+00  0.0000E+00  0.0000E+00  0.0000E+00
 1.4471E+02  0.0000E+00  0.0000E+00  0.0000E+00  0.0000E+00  0.0000E+00
 1.4582E+02  0.0000E+00  0.0000E+00  0.0000E+00  0.0000E+00  0.0000E+00
 1.4693E+02  0.0000E+00  0.0000E+00  0.0000E+00  0.0000E+00  0.0000E+00
 1.4806E+02  0.0000E+00  0.0000E+00  0.0000E+00  0.0000E+00  0.0000E+00
 1.4919E+02  0.0000E+00  0.0000E+00  0.0000E+00  0.0000E+00  0.0000E+00
 1.5033E+02  0.0000E+00  0.0000E+00  0.0000E+00  0.0000E+00  0.0000E+00
 1.5149E+02  0.0000E+00  0.0000E+00  0.0000E+00  0.0000E+00  0.0000E+00
 1.5265E+02  0.0000E+00  0.0000E+00  0.0000E+00  0.0000E+00  0.0000E+00
 1.5381E+02  0.0000E+00  0.0000E+00  0.0000E+00  0.0000E+00  0.0000E+00
 1.5499E+02  0.0000E+00  0.0000E+00  0.0000E+00  0.0000E+00  0.0000E+00
 1.5618E+02  0.0000E+00  0.0000E+00  0.0000E+00  0.0000E+00  0.0000E+00
 1.5738E+02  0.0000E+00  0.0000E+00  0.0000E+00  0.0000E+00  0.0000E+00
 1.5858E+02  0.0000E+00  0.0000E+00  0.0000E+00  0.0000E+00  0.0000E+00
 1.5980E+02  0.0000E+00  0.0000E+00  0.0000E+00  0.0000E+00  0.0000E+00
 1.6102E+02  0.0000E+00  0.0000E+00  0.0000E+00  0.0000E+00  0.0000E+00
 1.6225E+02  0.0000E+00  0.0000E+00  0.0000E+00  0.0000E+00  0.0000E+00
 1.6349E+02  0.0000E+00  0.0000E+00  0.0000E+00  0.0000E+00  0.0000E+00
 1.6475E+02  0.0000E+00  0.0000E+00  0.0000E+00  0.0000E+00  0.0000E+00
 1.6601E+02  0.0000E+00  0.0000E+00  0.0000E+00  0.0000E+00  0.0000E+00
 1.6728E+02  0.0000E+00  0.0000E+00  0.0000E+00  0.0000E+00  0.0000E+00
 1.6856E+02  0.0000E+00  0.0000E+00  0.0000E+00  0.0000E+00  0.0000E+00
 1.6985E+02  0.0000E+00  0.0000E+00  0.0000E+00  0.0000E+00  0.0000E+00
 1.7115E+02  0.0000E+00  0.0000E+00  0.0000E+00  0.0000E+00  0.0000E+00
 1.7246E+02  0.0000E+00  0.0000E+00  0.0000E+00  0.0000E+00  0.0000E+00
 1.7378E+02  0.0000E+00  0.0000E+00  0.0000E+00  0.0000E+00  0.0000E+00
 1.7511E+02  0.0000E+00  0.0000E+00  0.0000E+00  0.0000E+00  0.0000E+00
 1.7646E+02  0.0000E+00  0.0000E+00  0.0000E+00  0.0000E+00  0.0000E+00
 1.7781E+02  0.0000E+00  0.0000E+00  0.0000E+00  0.0000E+00  0.0000E+00
 1.7917E+02  0.0000E+00  0.0000E+00  0.0000E+00  0.0000E+00  0.0000E+00
 1.8054E+02  0.0000E+00  0.0000E+00  0.0000E+00  0.0000E+00  0.0000E+00
 1.8192E+02  0.0000E+00  0.0000E+00  0.0000E+00  0.0000E+00  0.0000E+00
 1.8332E+02  0.0000E+00  0.0000E+00  0.0000E+00  0.0000E+00  0.0000E+00
 1.8472E+02  0.0000E+00  0.0000E+00  0.0000E+00  0.0000E+00  0.0000E+00
 1.8614E+02  0.0000E+00  0.0000E+00  0.0000E+00  0.0000E+00  0.0000E+00
 1.8756E+02  0.0000E+00  0.0000E+00  0.0000E+00  0.0000E+00  0.0000E+00
 1.8900E+02  0.0000E+00  0.0000E+00  0.0000E+00  0.0000E+00  0.0000E+00
 1.9045E+02  0.0000E+00  0.0000E+00  0.0000E+00  0.0000E+00  0.0000E+00
 1.9190E+02  0.0000E+00  0.0000E+00  0.0000E+00  0.0000E+00  0.0000E+00
 1.9337E+02  0.0000E+00  0.0000E+00  0.0000E+00  0.0000E+00  0.0000E+00
 1.9485E+02  0.0000E+00  0.0000E+00  0.0000E+00  0.0000E+00  0.0000E+00
 1.9635E+02  0.0000E+00  0.0000E+00  0.0000E+00  0.0000E+00  0.0000E+00
 1.9785E+02  0.0000E+00  0.0000E+00  0.0000E+00  0.0000E+00  0.0000E+00
 1.9937E+02  0.0000E+00  0.0000E+00  0.0000E+00  0.0000E+00  0.0000E+00
 2.0089E+02  0.0000E+00  0.0000E+00  0.0000E+00  0.0000E+00  0.0000E+00
 2.0243E+02  0.0000E+00  0.0000E+00  0.0000E+00  0.0000E+00  0.0000E+00
 2.0398E+02  0.0000E+00  0.0000E+00  0.0000E+00  0.0000E+00  0.0000E+00
 2.0554E+02  0.0000E+00  0.0000E+00  0.0000E+00  0.0000E+00  0.0000E+00
 2.0712E+02  0.0000E+00  0.0000E+00  0.0000E+00  0.0000E+00  0.0000E+00
 2.0870E+02  0.0000E+00  0.0000E+00  0.0000E+00  0.0000E+00  0.0000E+00
 2.1030E+02  0.0000E+00  0.0000E+00  0.0000E+00  0.0000E+00  0.0000E+00
 2.1191E+02  0.0000E+00  0.0000E+00  0.0000E+00  0.0000E+00  0.0000E+00
 2.1354E+02  0.0000E+00  0.0000E+00  0.0000E+00  0.0000E+00  0.0000E+00
 2.1517E+02  0.0000E+00  0.0000E+00  0.0000E+00  0.0000E+00  0.0000E+00
 2.1682E+02  0.0000E+00  0.0000E+00  0.0000E+00  0.0000E+00  0.0000E+00
 2.1848E+02  0.0000E+00  0.0000E+00  0.0000E+00  0.0000E+00  0.0000E+00
 2.2015E+02  0.0000E+00  0.0000E+00  0.0000E+00  0.0000E+00  0.0000E+00
 2.2184E+02  0.0000E+00  0.0000E+00  0.0000E+00  0.0000E+00  0.0000E+00
 2.2354E+02  0.0000E+00  0.0000E+00  0.0000E+00  0.0000E+00  0.0000E+00
 2.2525E+02  0.0000E+00  0.0000E+00  0.0000E+00  0.0000E+00  0.0000E+00
 2.2697E+02  0.0000E+00  0.0000E+00  0.0000E+00  0.0000E+00  0.0000E+00
 2.2871E+02  0.0000E+00  0.0000E+00  0.0000E+00  0.0000E+00  0.0000E+00
 2.3046E+02  0.0000E+00  0.0000E+00  0.0000E+00  0.0000E+00  0.0000E+00
 2.3223E+02  0.0000E+00  0.0000E+00  0.0000E+00  0.0000E+00  0.0000E+00
 2.3401E+02  0.0000E+00  0.0000E+00  0.0000E+00  0.0000E+00  0.0000E+00
 2.3580E+02  0.0000E+00  0.0000E+00  0.0000E+00  0.0000E+00  0.0000E+00
 2.3761E+02  0.0000E+00  0.0000E+00  0.0000E+00  0.0000E+00  0.0000E+00
 2.3942E+02  0.0000E+00  0.0000E+00  0.0000E+00  0.0000E+00  0.0000E+00
 2.4126E+02  0.0000E+00  0.0000E+00  0.0000E+00  0.0000E+00  0.0000E+00
 2.4311E+02  0.0000E+00  0.0000E+00  0.0000E+00  0.0000E+00  0.0000E+00
 2.4497E+02  0.0000E+00  0.0000E+00  0.0000E+00  0.0000E+00  0.0000E+00
 2.4684E+02  0.0000E+00  0.0000E+00  0.0000E+00  0.0000E+00  0.0000E+00
 2.4873E+02  0.0000E+00  0.0000E+00  0.0000E+00  0.0000E+00  0.0000E+00
 2.5064E+02  0.0000E+00  0.0000E+00  0.0000E+00  0.0000E+00  0.0000E+00
 2.5256E+02  0.0000E+00  0.0000E+00  0.0000E+00  0.0000E+00  0.0000E+00
 2.5449E+02  0.0000E+00  0.0000E+00  0.0000E+00  0.0000E+00  0.0000E+00
 2.5644E+02  0.0000E+00  0.0000E+00  0.0000E+00  0.0000E+00  0.0000E+00
 2.5841E+02  0.0000E+00  0.0000E+00  0.0000E+00  0.0000E+00  0.0000E+00
 2.6038E+02  0.0000E+00  0.0000E+00  0.0000E+00  0.0000E+00  0.0000E+00
 2.6238E+02  0.0000E+00  0.0000E+00  0.0000E+00  0.0000E+00  0.0000E+00
 2.6439E+02  0.0000E+00  0.0000E+00  0.0000E+00  0.0000E+00  0.0000E+00
 2.6641E+02  0.0000E+00  0.0000E+00  0.0000E+00  0.0000E+00  0.0000E+00
 2.6845E+02  0.0000E+00  0.0000E+00  0.0000E+00  0.0000E+00  0.0000E+00
 2.7051E+02  0.0000E+00  0.0000E+00  0.0000E+00  0.0000E+00  0.0000E+00
 2.7258E+02  0.0000E+00  0.0000E+00  0.0000E+00  0.0000E+00  0.0000E+00
 2.7467E+02  0.0000E+00  0.0000E+00  0.0000E+00  0.0000E+00  0.0000E+00
 2.7677E+02  0.0000E+00  0.0000E+00  0.0000E+00  0.0000E+00  0.0000E+00
 2.7889E+02  0.0000E+00  0.0000E+00  0.0000E+00  0.0000E+00  0.0000E+00
 2.8103E+02  0.0000E+00  0.0000E+00  0.0000E+00  0.0000E+00  0.0000E+00
 2.8318E+02  0.0000E+00  0.0000E+00  0.0000E+00  0.0000E+00  0.0000E+00
 2.8535E+02  0.0000E+00  0.0000E+00  0.0000E+00  0.0000E+00  0.0000E+00
 2.8753E+02  0.0000E+00  0.0000E+00  0.0000E+00  0.0000E+00  0.0000E+00
 2.8974E+02  0.0000E+00  0.0000E+00  0.0000E+00  0.0000E+00  0.0000E+00
 2.9195E+02  0.0000E+00  0.0000E+00  0.0000E+00  0.0000E+00  0.0000E+00
 2.9419E+02  0.0000E+00  0.0000E+00  0.0000E+00  0.0000E+00  0.0000E+00
 2.9644E+02  0.0000E+00  0.0000E+00  0.0000E+00  0.0000E+00  0.0000E+00
 2.9871E+02  0.0000E+00  0.0000E+00  0.0000E+00  0.0000E+00  0.0000E+00
 3.0100E+02  0.0000E+00  0.0000E+00  0.0000E+00  0.0000E+00  0.0000E+00
 3.0331E+02  0.0000E+00  0.0000E+00  0.0000E+00  0.0000E+00  0.0000E+00
 3.0563E+02  0.0000E+00  0.0000E+00  0.0000E+00  0.0000E+00  0.0000E+00
 3.0797E+02  0.0000E+00  0.0000E+00  0.0000E+00  0.0000E+00  0.0000E+00
 3.1033E+02  0.0000E+00  0.0000E+00  0.0000E+00  0.0000E+00  0.0000E+00
 3.1271E+02  0.0000E+00  0.0000E+00  0.0000E+00  0.0000E+00  0.0000E+00
 3.1510E+02  0.0000E+00  0.0000E+00  0.0000E+00  0.0000E+00  0.0000E+00
 3.1751E+02  0.0000E+00  0.0000E+00  0.0000E+00  0.0000E+00  0.0000E+00
 3.1994E+02  0.0000E+00  0.0000E+00  0.0000E+00  0.0000E+00  0.0000E+00
 3.2240E+02  0.0000E+00  0.0000E+00  0.0000E+00  0.0000E+00  0.0000E+00
 3.2486E+02  0.0000E+00  0.0000E+00  0.0000E+00  0.0000E+00  0.0000E+00
 3.2735E+02  0.0000E+00  0.0000E+00  0.0000E+00  0.0000E+00  0.0000E+00
 3.2986E+02  0.0000E+00  0.0000E+00  0.0000E+00  0.0000E+00  0.0000E+00
 3.3239E+02  0.0000E+00  0.0000E+00  0.0000E+00  0.0000E+00  0.0000E+00
 3.3493E+02  0.0000E+00  0.0000E+00  0.0000E+00  0.0000E+00  0.0000E+00
 3.3750E+02  0.0000E+00  0.0000E+00  0.0000E+00  0.0000E+00  0.0000E+00
 3.4008E+02  0.0000E+00  0.0000E+00  0.0000E+00  0.0000E+00  0.0000E+00
 3.4268E+02  0.0000E+00  0.0000E+00  0.0000E+00  0.0000E+00  0.0000E+00
 3.4531E+02  0.0000E+00  0.0000E+00  0.0000E+00  0.0000E+00  0.0000E+00
 3.4795E+02  0.0000E+00  0.0000E+00  0.0000E+00  0.0000E+00  0.0000E+00
 3.5062E+02  0.0000E+00  0.0000E+00  0.0000E+00  0.0000E+00  0.0000E+00
 3.5330E+02  0.0000E+00  0.0000E+00  0.0000E+00  0.0000E+00  0.0000E+00
 3.5601E+02  0.0000E+00  0.0000E+00  0.0000E+00  0.0000E+00  0.0000E+00
 3.5874E+02  0.0000E+00  0.0000E+00  0.0000E+00  0.0000E+00  0.0000E+00
 3.6148E+02  0.0000E+00  0.0000E+00  0.0000E+00  0.0000E+00  0.0000E+00
 3.6425E+02  0.0000E+00  0.0000E+00  0.0000E+00  0.0000E+00  0.0000E+00
 3.6704E+02  0.0000E+00  0.0000E+00  0.0000E+00  0.0000E+00  0.0000E+00
 3.6985E+02  0.0000E+00  0.0000E+00  0.0000E+00  0.0000E+00  0.0000E+00
 3.7268E+02  0.0000E+00  0.0000E+00  0.0000E+00  0.0000E+00  0.0000E+00
 3.7554E+02  0.0000E+00  0.0000E+00  0.0000E+00  0.0000E+00  0.0000E+00
 3.7841E+02  0.0000E+00  0.0000E+00  0.0000E+00  0.0000E+00  0.0000E+00
 3.8131E+02  0.0000E+00  0.0000E+00  0.0000E+00  0.0000E+00  0.0000E+00
 3.8423E+02  0.0000E+00  0.0000E+00  0.0000E+00  0.0000E+00  0.0000E+00
 3.8718E+02  0.0000E+00  0.0000E+00  0.0000E+00  0.0000E+00  0.0000E+00
 3.9014E+02  0.0000E+00  0.0000E+00  0.0000E+00  0.0000E+00  0.0000E+00
 3.9313E+02  0.0000E+00  0.0000E+00  0.0000E+00  0.0000E+00  0.0000E+00
 3.9614E+02  0.0000E+00  0.0000E+00  0.0000E+00  0.0000E+00  0.0000E+00
 3.9917E+02  0.0000E+00  0.0000E+00  0.0000E+00  0.0000E+00  0.0000E+00
 4.0223E+02  0.0000E+00  0.0000E+00  0.0000E+00  0.0000E+00  0.0000E+00
 4.0531E+02  0.0000E+00  0.0000E+00  0.0000E+00  0.0000E+00  0.0000E+00
 4.0841E+02  0.0000E+00  0.0000E+00  0.0000E+00  0.0000E+00  0.0000E+00
 4.1154E+02  0.0000E+00  0.0000E+00  0.0000E+00  0.0000E+00  0.0000E+00
 4.1469E+02  0.0000E+00  0.0000E+00  0.0000E+00  0.0000E+00  0.0000E+00
 4.1787E+02  0.0000E+00  0.0000E+00  0.0000E+00  0.0000E+00  0.0000E+00
 4.2107E+02  0.0000E+00  0.0000E+00  0.0000E+00  0.0000E+00  0.0000E+00
 4.2429E+02  0.0000E+00  0.0000E+00  0.0000E+00  0.0000E+00  0.0000E+00
 4.2754E+02  0.0000E+00  0.0000E+00  0.0000E+00  0.0000E+00  0.0000E+00
 4.3082E+02  0.0000E+00  0.0000E+00  0.0000E+00  0.0000E+00  0.0000E+00
 4.3412E+02  0.0000E+00  0.0000E+00  0.0000E+00  0.0000E+00  0.0000E+00
 4.3744E+02  0.0000E+00  0.0000E+00  0.0000E+00  0.0000E+00  0.0000E+00
 4.4079E+02  0.0000E+00  0.0000E+00  0.0000E+00  0.0000E+00  0.0000E+00
 4.4417E+02  0.0000E+00  0.0000E+00  0.0000E+00  0.0000E+00  0.0000E+00
 4.4757E+02  0.0000E+00  0.0000E+00  0.0000E+00  0.0000E+00  0.0000E+00
 4.5100E+02  0.0000E+00  0.0000E+00  0.0000E+00  0.0000E+00  0.0000E+00
 4.5445E+02  0.0000E+00  0.0000E+00  0.0000E+00  0.0000E+00  0.0000E+00
 4.5793E+02  0.0000E+00  0.0000E+00  0.0000E+00  0.0000E+00  0.0000E+00
 4.6144E+02  0.0000E+00  0.0000E+00  0.0000E+00  0.0000E+00  0.0000E+00
 4.6497E+02  0.0000E+00  0.0000E+00  0.0000E+00  0.0000E+00  0.0000E+00
 4.6853E+02  0.0000E+00  0.0000E+00  0.0000E+00  0.0000E+00  0.0000E+00
 4.7212E+02  0.0000E+00  0.0000E+00  0.0000E+00  0.0000E+00  0.0000E+00
 4.7574E+02  0.0000E+00  0.0000E+00  0.0000E+00  0.0000E+00  0.0000E+00
 4.7938E+02  0.0000E+00  0.0000E+00  0.0000E+00  0.0000E+00  0.0000E+00
 4.8305E+02  0.0000E+00  0.0000E+00  0.0000E+00  0.0000E+00  0.0000E+00
 4.8675E+02  0.0000E+00  0.0000E+00  0.0000E+00  0.0000E+00  0.0000E+00
 4.9048E+02  0.0000E+00  0.0000E+00  0.0000E+00  0.0000E+00  0.0000E+00
 4.9424E+02  0.0000E+00  0.0000E+00  0.0000E+00  0.0000E+00  0.0000E+00
 4.9802E+02  0.0000E+00  0.0000E+00  0.0000E+00  0.0000E+00  0.0000E+00
 5.0183E+02  0.0000E+00  0.0000E+00  0.0000E+00  0.0000E+00  0.0000E+00
 5.0568E+02  0.0000E+00  0.0000E+00  0.0000E+00  0.0000E+00  0.0000E+00
 5.0955E+02  0.0000E+00  0.0000E+00  0.0000E+00  0.0000E+00  0.0000E+00
 5.1345E+02  0.0000E+00  0.0000E+00  0.0000E+00  0.0000E+00  0.0000E+00
 5.1738E+02  0.0000E+00  0.0000E+00  0.0000E+00  0.0000E+00  0.0000E+00
 5.2135E+02  0.0000E+00  0.0000E+00  0.0000E+00  0.0000E+00  0.0000E+00
 5.2534E+02  0.0000E+00  0.0000E+00  0.0000E+00  0.0000E+00  0.0000E+00
 5.2936E+02  0.0000E+00  0.0000E+00  0.0000E+00  0.0000E+00  0.0000E+00
 5.3342E+02  0.0000E+00  0.0000E+00  0.0000E+00  0.0000E+00  0.0000E+00
 5.3750E+02  0.0000E+00  0.0000E+00  0.0000E+00  0.0000E+00  0.0000E+00
 5.4162E+02  0.0000E+00  0.0000E+00  0.0000E+00  0.0000E+00  0.0000E+00
 5.4577E+02  0.0000E+00  0.0000E+00  0.0000E+00  0.0000E+00  0.0000E+00
 5.4995E+02  0.0000E+00  0.0000E+00  0.0000E+00  0.0000E+00  0.0000E+00
 5.5416E+02  0.0000E+00  0.0000E+00  0.0000E+00  0.0000E+00  0.0000E+00
 5.5840E+02  0.0000E+00  0.0000E+00  0.0000E+00  0.0000E+00  0.0000E+00
 5.6268E+02  0.0000E+00  0.0000E+00  0.0000E+00  0.0000E+00  0.0000E+00
 5.6699E+02  0.0000E+00  0.0000E+00  0.0000E+00  0.0000E+00  0.0000E+00
 5.7133E+02  0.0000E+00  0.0000E+00  0.0000E+00  0.0000E+00  0.0000E+00
 5.7571E+02  0.0000E+00  0.0000E+00  0.0000E+00  0.0000E+00  0.0000E+00
 5.8011E+02  0.0000E+00  0.0000E+00  0.0000E+00  0.0000E+00  0.0000E+00
 5.8456E+02  0.0000E+00  0.0000E+00  0.0000E+00  0.0000E+00  0.0000E+00
 5.8903E+02  0.0000E+00  0.0000E+00  0.0000E+00  0.0000E+00  0.0000E+00
 5.9354E+02  0.0000E+00  0.0000E+00  0.0000E+00  0.0000E+00  0.0000E+00
 5.9809E+02  0.0000E+00  0.0000E+00  0.0000E+00  0.0000E+00  0.0000E+00
 6.0267E+02  0.0000E+00  0.0000E+00  0.0000E+00  0.0000E+00  0.0000E+00
 6.0729E+02  0.0000E+00  0.0000E+00  0.0000E+00  0.0000E+00  0.0000E+00
 6.1194E+02  0.0000E+00  0.0000E+00  0.0000E+00  0.0000E+00  0.0000E+00
 6.1662E+02  0.0000E+00  0.0000E+00  0.0000E+00  0.0000E+00  0.0000E+00
 6.2135E+02  0.0000E+00  0.0000E+00  0.0000E+00  0.0000E+00  0.0000E+00
 6.2610E+02  0.0000E+00  0.0000E+00  0.0000E+00  0.0000E+00  0.0000E+00
 6.3090E+02  0.0000E+00  0.0000E+00  0.0000E+00  0.0000E+00  0.0000E+00
 6.3573E+02  0.0000E+00  0.0000E+00  0.0000E+00  0.0000E+00  0.0000E+00
 6.4060E+02  0.0000E+00  0.0000E+00  0.0000E+00  0.0000E+00  0.0000E+00
 6.4551E+02  0.0000E+00  0.0000E+00  0.0000E+00  0.0000E+00  0.0000E+00
 6.5045E+02  0.0000E+00  0.0000E+00  0.0000E+00  0.0000E+00  0.0000E+00
 6.5543E+02  0.0000E+00  0.0000E+00  0.0000E+00  0.0000E+00  0.0000E+00
 6.6045E+02  0.0000E+00  0.0000E+00  0.0000E+00  0.0000E+00  0.0000E+00
 6.6551E+02  0.0000E+00  0.0000E+00  0.0000E+00  0.0000E+00  0.0000E+00
 6.7060E+02  0.0000E+00  0.0000E+00  0.0000E+00  0.0000E+00  0.0000E+00
 6.7574E+02  0.0000E+00  0.0000E+00  0.0000E+00  0.0000E+00  0.0000E+00
 6.8092E+02  0.0000E+00  0.0000E+00  0.0000E+00  0.0000E+00  0.0000E+00
 6.8613E+02  0.0000E+00  0.0000E+00  0.0000E+00  0.0000E+00  0.0000E+00
 6.9138E+02  0.0000E+00  0.0000E+00  0.0000E+00  0.0000E+00  0.0000E+00
 6.9668E+02  0.0000E+00  0.0000E+00  0.0000E+00  0.0000E+00  0.0000E+00
 7.0201E+02  0.0000E+00  0.0000E+00  0.0000E+00  0.0000E+00  0.0000E+00
 7.0739E+02  0.0000E+00  0.0000E+00  0.0000E+00  0.0000E+00  0.0000E+00
 7.1281E+02  0.0000E+00  0.0000E+00  0.0000E+00  0.0000E+00  0.0000E+00
 7.1827E+02  0.0000E+00  0.0000E+00  0.0000E+00  0.0000E+00  0.0000E+00
 7.2377E+02  0.0000E+00  0.0000E+00  0.0000E+00  0.0000E+00  0.0000E+00
 7.2931E+02  0.0000E+00  0.0000E+00  0.0000E+00  0.0000E+00  0.0000E+00
 7.3490E+02  0.0000E+00  0.0000E+00  0.0000E+00  0.0000E+00  0.0000E+00
 7.4052E+02  0.0000E+00  0.0000E+00  0.0000E+00  0.0000E+00  0.0000E+00
 7.4620E+02  0.0000E+00  0.0000E+00  0.0000E+00  0.0000E+00  0.0000E+00
 7.5191E+02  0.0000E+00  0.0000E+00  0.0000E+00  0.0000E+00  0.0000E+00
 7.5767E+02  0.0000E+00  0.0000E+00  0.0000E+00  0.0000E+00  0.0000E+00
 7.6347E+02  0.0000E+00  0.0000E+00  0.0000E+00  0.0000E+00  0.0000E+00
 7.6932E+02  0.0000E+00  0.0000E+00  0.0000E+00  0.0000E+00  0.0000E+00
 7.7521E+02  0.0000E+00  0.0000E+00  0.0000E+00  0.0000E+00  0.0000E+00
 7.8115E+02  0.0000E+00  0.0000E+00  0.0000E+00  0.0000E+00  0.0000E+00
 7.8713E+02  0.0000E+00  0.0000E+00  0.0000E+00  0.0000E+00  0.0000E+00
 7.9316E+02  0.0000E+00  0.0000E+00  0.0000E+00  0.0000E+00  0.0000E+00
 7.9923E+02  0.0000E+00  0.0000E+00  0.0000E+00  0.0000E+00  0.0000E+00
 8.0535E+02  0.0000E+00  0.0000E+00  0.0000E+00  0.0000E+00  0.0000E+00
 8.1152E+02  0.0000E+00  0.0000E+00  0.0000E+00  0.0000E+00  0.0000E+00
 8.1774E+02  0.0000E+00  0.0000E+00  0.0000E+00  0.0000E+00  0.0000E+00
 8.2400E+02  0.0000E+00  0.0000E+00  0.0000E+00  0.0000E+00  0.0000E+00
 8.3031E+02  0.0000E+00  0.0000E+00  0.0000E+00  0.0000E+00  0.0000E+00
 8.3667E+02  0.0000E+00  0.0000E+00  0.0000E+00  0.0000E+00  0.0000E+00
 8.4307E+02  0.0000E+00  0.0000E+00  0.0000E+00  0.0000E+00  0.0000E+00
 8.4953E+02  0.0000E+00  0.0000E+00  0.0000E+00  0.0000E+00  0.0000E+00
 8.5604E+02  0.0000E+00  0.0000E+00  0.0000E+00  0.0000E+00  0.0000E+00
 8.6259E+02  0.0000E+00  0.0000E+00  0.0000E+00  0.0000E+00  0.0000E+00
 8.6920E+02  0.0000E+00  0.0000E+00  0.0000E+00  0.0000E+00  0.0000E+00
 8.7586E+02  0.0000E+00  0.0000E+00  0.0000E+00  0.0000E+00  0.0000E+00
 8.8256E+02  0.0000E+00  0.0000E+00  0.0000E+00  0.0000E+00  0.0000E+00
 8.8932E+02  0.0000E+00  0.0000E+00  0.0000E+00  0.0000E+00  0.0000E+00
 8.9613E+02  0.0000E+00  0.0000E+00  0.0000E+00  0.0000E+00  0.0000E+00
 9.0300E+02  0.0000E+00  0.0000E+00  0.0000E+00  0.0000E+00  0.0000E+00
 9.0991E+02  0.0000E+00  0.0000E+00  0.0000E+00  0.0000E+00  0.0000E+00
 9.1688E+02  0.0000E+00  0.0000E+00  0.0000E+00  0.0000E+00  0.0000E+00
 9.2390E+02  0.0000E+00  0.0000E+00  0.0000E+00  0.0000E+00  0.0000E+00
 9.3098E+02  0.0000E+00  0.0000E+00  0.0000E+00  0.0000E+00  0.0000E+00
 9.3811E+02  0.0000E+00  0.0000E+00  0.0000E+00  0.0000E+00  0.0000E+00
 9.4529E+02  0.0000E+00  0.0000E+00  0.0000E+00  0.0000E+00  0.0000E+00
 9.5253E+02  0.0000E+00  0.0000E+00  0.0000E+00  0.0000E+00  0.0000E+00
 9.5983E+02  0.0000E+00  0.0000E+00  0.0000E+00  0.0000E+00  0.0000E+00
 9.6718E+02  0.0000E+00  0.0000E+00  0.0000E+00  0.0000E+00  0.0000E+00
 9.7458E+02  0.0000E+00  0.0000E+00  0.0000E+00  0.0000E+00  0.0000E+00
 9.8205E+02  0.0000E+00  0.0000E+00  0.0000E+00  0.0000E+00  0.0000E+00
 9.8957E+02  0.0000E+00  0.0000E+00  0.0000E+00  0.0000E+00  0.0000E+00
 9.9715E+02  0.0000E+00  0.0000E+00  0.0000E+00  0.0000E+00  0.0000E+00
 1.0048E+03  0.0000E+00  0.0000E+00  0.0000E+00  0.0000E+00  0.0000E+00
 1.0125E+03  0.0000E+00  0.0000E+00  0.0000E+00  0.0000E+00  0.0000E+00
 1.0202E+03  0.0000E+00  0.0000E+00  0.0000E+00  0.0000E+00  0.0000E+00
 1.0280E+03  0.0000E+00  0.0000E+00  0.0000E+00  0.0000E+00  0.0000E+00
 1.0359E+03  0.0000E+00  0.0000E+00  0.0000E+00  0.0000E+00  0.0000E+00
 1.0439E+03  0.0000E+00  0.0000E+00  0.0000E+00  0.0000E+00  0.0000E+00
 1.0518E+03  0.0000E+00  0.0000E+00  0.0000E+00  0.0000E+00  0.0000E+00
 1.0599E+03  0.0000E+00  0.0000E+00  0.0000E+00  0.0000E+00  0.0000E+00
 1.0680E+03  0.0000E+00  0.0000E+00  0.0000E+00  0.0000E+00  0.0000E+00
 1.0762E+03  0.0000E+00  0.0000E+00  0.0000E+00  0.0000E+00  0.0000E+00
 1.0844E+03  0.0000E+00  0.0000E+00  0.0000E+00  0.0000E+00  0.0000E+00
 1.0927E+03  0.0000E+00  0.0000E+00  0.0000E+00  0.0000E+00  0.0000E+00
 1.1011E+03  0.0000E+00  0.0000E+00  0.0000E+00  0.0000E+00  0.0000E+00
 1.1095E+03  0.0000E+00  0.0000E+00  0.0000E+00  0.0000E+00  0.0000E+00
 1.1180E+03  0.0000E+00  0.0000E+00  0.0000E+00  0.0000E+00  0.0000E+00
 1.1266E+03  0.0000E+00  0.0000E+00  0.0000E+00  0.0000E+00  0.0000E+00
 1.1352E+03  0.0000E+00  0.0000E+00  0.0000E+00  0.0000E+00  0.0000E+00
 1.1439E+03  0.0000E+00  0.0000E+00  0.0000E+00  0.0000E+00  0.0000E+00
 1.1527E+03  0.0000E+00  0.0000E+00  0.0000E+00  0.0000E+00  0.0000E+00
 1.1615E+03  0.0000E+00  0.0000E+00  0.0000E+00  0.0000E+00  0.0000E+00
 1.1704E+03  0.0000E+00  0.0000E+00  0.0000E+00  0.0000E+00  0.0000E+00
 1.1794E+03  0.0000E+00  0.0000E+00  0.0000E+00  0.0000E+00  0.0000E+00
 1.1884E+03  0.0000E+00  0.0000E+00  0.0000E+00  0.0000E+00  0.0000E+00
 1.1975E+03  0.0000E+00  0.0000E+00  0.0000E+00  0.0000E+00  0.0000E+00
 1.2067E+03  0.0000E+00  0.0000E+00  0.0000E+00  0.0000E+00  0.0000E+00
 1.2159E+03  0.0000E+00  0.0000E+00  0.0000E+00  0.0000E+00  0.0000E+00
 1.2252E+03  0.0000E+00  0.0000E+00  0.0000E+00  0.0000E+00  0.0000E+00
 1.2346E+03  0.0000E+00  0.0000E+00  0.0000E+00  0.0000E+00  0.0000E+00
 1.2441E+03  0.0000E+00  0.0000E+00  0.0000E+00  0.0000E+00  0.0000E+00
 1.2536E+03  0.0000E+00  0.0000E+00  0.0000E+00  0.0000E+00  0.0000E+00
 1.2632E+03  0.0000E+00  0.0000E+00  0.0000E+00  0.0000E+00  0.0000E+00
 1.2729E+03  0.0000E+00  0.0000E+00  0.0000E+00  0.0000E+00  0.0000E+00
 1.2826E+03  0.0000E+00  0.0000E+00  0.0000E+00  0.0000E+00  0.0000E+00
 1.2924E+03  0.0000E+00  0.0000E+00  0.0000E+00  0.0000E+00  0.0000E+00
 1.3023E+03  0.0000E+00  0.0000E+00  0.0000E+00  0.0000E+00  0.0000E+00
 1.3123E+03  0.0000E+00  0.0000E+00  0.0000E+00  0.0000E+00  0.0000E+00
 1.3224E+03  0.0000E+00  0.0000E+00  0.0000E+00  0.0000E+00  0.0000E+00
 1.3325E+03  0.0000E+00  0.0000E+00  0.0000E+00  0.0000E+00  0.0000E+00
 1.3427E+03  0.0000E+00  0.0000E+00  0.0000E+00  0.0000E+00  0.0000E+00
 1.3530E+03  0.0000E+00  0.0000E+00  0.0000E+00  0.0000E+00  0.0000E+00
 1.3633E+03  0.0000E+00  0.0000E+00  0.0000E+00  0.0000E+00  0.0000E+00
 1.3738E+03  0.0000E+00  0.0000E+00  0.0000E+00  0.0000E+00  0.0000E+00
 1.3843E+03  0.0000E+00  0.0000E+00  0.0000E+00  0.0000E+00  0.0000E+00
 1.3949E+03  0.0000E+00  0.0000E+00  0.0000E+00  0.0000E+00  0.0000E+00
 1.4056E+03  0.0000E+00  0.0000E+00  0.0000E+00  0.0000E+00  0.0000E+00
 1.4164E+03  0.0000E+00  0.0000E+00  0.0000E+00  0.0000E+00  0.0000E+00
 1.4272E+03  0.0000E+00  0.0000E+00  0.0000E+00  0.0000E+00  0.0000E+00
 1.4381E+03  0.0000E+00  0.0000E+00  0.0000E+00  0.0000E+00  0.0000E+00
 1.4491E+03  0.0000E+00  0.0000E+00  0.0000E+00  0.0000E+00  0.0000E+00
 1.4602E+03  0.0000E+00  0.0000E+00  0.0000E+00  0.0000E+00  0.0000E+00
 1.4714E+03  0.0000E+00  0.0000E+00  0.0000E+00  0.0000E+00  0.0000E+00
 1.4827E+03  0.0000E+00  0.0000E+00  0.0000E+00  0.0000E+00  0.0000E+00
 1.4940E+03  0.0000E+00  0.0000E+00  0.0000E+00  0.0000E+00  0.0000E+00
 1.5055E+03  0.0000E+00  0.0000E+00  0.0000E+00  0.0000E+00  0.0000E+00
 1.5170E+03  0.0000E+00  0.0000E+00  0.0000E+00  0.0000E+00  0.0000E+00
 1.5286E+03  0.0000E+00  0.0000E+00  0.0000E+00  0.0000E+00  0.0000E+00
 1.5403E+03  0.0000E+00  0.0000E+00  0.0000E+00  0.0000E+00  0.0000E+00
 1.5521E+03  0.0000E+00  0.0000E+00  0.0000E+00  0.0000E+00  0.0000E+00
 1.5640E+03  0.0000E+00  0.0000E+00  0.0000E+00  0.0000E+00  0.0000E+00
 1.5760E+03  0.0000E+00  0.0000E+00  0.0000E+00  0.0000E+00  0.0000E+00
 1.5881E+03  0.0000E+00  0.0000E+00  0.0000E+00  0.0000E+00  0.0000E+00
 1.6002E+03  0.0000E+00  0.0000E+00  0.0000E+00  0.0000E+00  0.0000E+00
 1.6125E+03  0.0000E+00  0.0000E+00  0.0000E+00  0.0000E+00  0.0000E+00
 1.6248E+03  0.0000E+00  0.0000E+00  0.0000E+00  0.0000E+00  0.0000E+00
 1.6373E+03  0.0000E+00  0.0000E+00  0.0000E+00  0.0000E+00  0.0000E+00
 1.6498E+03  0.0000E+00  0.0000E+00  0.0000E+00  0.0000E+00  0.0000E+00
 1.6625E+03  0.0000E+00  0.0000E+00  0.0000E+00  0.0000E+00  0.0000E+00
 1.6752E+03  0.0000E+00  0.0000E+00  0.0000E+00  0.0000E+00  0.0000E+00
 1.6880E+03  0.0000E+00  0.0000E+00  0.0000E+00  0.0000E+00  0.0000E+00
 1.7009E+03  0.0000E+00  0.0000E+00  0.0000E+00  0.0000E+00  0.0000E+00
 1.7140E+03  0.0000E+00  0.0000E+00  0.0000E+00  0.0000E+00  0.0000E+00
 1.7271E+03  0.0000E+00  0.0000E+00  0.0000E+00  0.0000E+00  0.0000E+00
 1.7403E+03  0.0000E+00  0.0000E+00  0.0000E+00  0.0000E+00  0.0000E+00
 1.7537E+03  0.0000E+00  0.0000E+00  0.0000E+00  0.0000E+00  0.0000E+00
 1.7671E+03  0.0000E+00  0.0000E+00  0.0000E+00  0.0000E+00  0.0000E+00
 1.7806E+03  0.0000E+00  0.0000E+00  0.0000E+00  0.0000E+00  0.0000E+00
 1.7943E+03  0.0000E+00  0.0000E+00  0.0000E+00  0.0000E+00  0.0000E+00
 1.8080E+03  0.0000E+00  0.0000E+00  0.0000E+00  0.0000E+00  0.0000E+00
 1.8218E+03  0.0000E+00  0.0000E+00  0.0000E+00  0.0000E+00  0.0000E+00
 1.8358E+03  0.0000E+00  0.0000E+00  0.0000E+00  0.0000E+00  0.0000E+00
 1.8499E+03  0.0000E+00  0.0000E+00  0.0000E+00  0.0000E+00  0.0000E+00
 1.8640E+03  0.0000E+00  0.0000E+00  0.0000E+00  0.0000E+00  0.0000E+00
 1.8783E+03  0.0000E+00  0.0000E+00  0.0000E+00  0.0000E+00  0.0000E+00
 1.8927E+03  0.0000E+00  0.0000E+00  0.0000E+00  0.0000E+00  0.0000E+00
 1.9072E+03  0.0000E+00  0.0000E+00  0.0000E+00  0.0000E+00  0.0000E+00
 1.9218E+03  0.0000E+00  0.0000E+00  0.0000E+00  0.0000E+00  0.0000E+00
 1.9365E+03  0.0000E+00  0.0000E+00  0.0000E+00  0.0000E+00  0.0000E+00
 1.9513E+03  0.0000E+00  0.0000E+00  0.0000E+00  0.0000E+00  0.0000E+00
 1.9663E+03  0.0000E+00  0.0000E+00  0.0000E+00  0.0000E+00  0.0000E+00
 1.9813E+03  0.0000E+00  0.0000E+00  0.0000E+00  0.0000E+00  0.0000E+00
 1.9965E+03  0.0000E+00  0.0000E+00  0.0000E+00  0.0000E+00  0.0000E+00
 2.0118E+03  0.0000E+00  0.0000E+00  0.0000E+00  0.0000E+00  0.0000E+00
 2.0272E+03  0.0000E+00  0.0000E+00  0.0000E+00  0.0000E+00  0.0000E+00
 2.0427E+03  0.0000E+00  0.0000E+00  0.0000E+00  0.0000E+00  0.0000E+00
 2.0584E+03  0.0000E+00  0.0000E+00  0.0000E+00  0.0000E+00  0.0000E+00
 2.0741E+03  0.0000E+00  0.0000E+00  0.0000E+00  0.0000E+00  0.0000E+00
 2.0900E+03  0.0000E+00  0.0000E+00  0.0000E+00  0.0000E+00  0.0000E+00
 2.1060E+03  0.0000E+00  0.0000E+00  0.0000E+00  0.0000E+00  0.0000E+00
 2.1222E+03  0.0000E+00  0.0000E+00  0.0000E+00  0.0000E+00  0.0000E+00
 2.1384E+03  0.0000E+00  0.0000E+00  0.0000E+00  0.0000E+00  0.0000E+00
 2.1548E+03  0.0000E+00  0.0000E+00  0.0000E+00  0.0000E+00  0.0000E+00
 2.1713E+03  0.0000E+00  0.0000E+00  0.0000E+00  0.0000E+00  0.0000E+00
 2.1879E+03  0.0000E+00  0.0000E+00  0.0000E+00  0.0000E+00  0.0000E+00
 2.2047E+03  0.0000E+00  0.0000E+00  0.0000E+00  0.0000E+00  0.0000E+00
 2.2216E+03  0.0000E+00  0.0000E+00  0.0000E+00  0.0000E+00  0.0000E+00
 2.2386E+03  0.0000E+00  0.0000E+00  0.0000E+00  0.0000E+00  0.0000E+00
 2.2557E+03  0.0000E+00  0.0000E+00  0.0000E+00  0.0000E+00  0.0000E+00
 2.2730E+03  0.0000E+00  0.0000E+00  0.0000E+00  0.0000E+00  0.0000E+00
 2.2904E+03  0.0000E+00  0.0000E+00  0.0000E+00  0.0000E+00  0.0000E+00
 2.3079E+03  0.0000E+00  0.0000E+00  0.0000E+00  0.0000E+00  0.0000E+00
 2.3256E+03  0.0000E+00  0.0000E+00  0.0000E+00  0.0000E+00  0.0000E+00
 2.3434E+03  0.0000E+00  0.0000E+00  0.0000E+00  0.0000E+00  0.0000E+00
 2.3614E+03  0.0000E+00  0.0000E+00  0.0000E+00  0.0000E+00  0.0000E+00
 2.3794E+03  0.0000E+00  0.0000E+00  0.0000E+00  0.0000E+00  0.0000E+00
 2.3977E+03  0.0000E+00  0.0000E+00  0.0000E+00  0.0000E+00  0.0000E+00
 2.4160E+03  0.0000E+00  0.0000E+00  0.0000E+00  0.0000E+00  0.0000E+00
 2.4345E+03  0.0000E+00  0.0000E+00  0.0000E+00  0.0000E+00  0.0000E+00
 2.4532E+03  0.0000E+00  0.0000E+00  0.0000E+00  0.0000E+00  0.0000E+00
 2.4720E+03  0.0000E+00  0.0000E+00  0.0000E+00  0.0000E+00  0.0000E+00
 2.4909E+03  0.0000E+00  0.0000E+00  0.0000E+00  0.0000E+00  0.0000E+00
 2.5100E+03  0.0000E+00  0.0000E+00  0.0000E+00  0.0000E+00  0.0000E+00
 2.5292E+03  0.0000E+00  0.0000E+00  0.0000E+00  0.0000E+00  0.0000E+00
 2.5486E+03  0.0000E+00  0.0000E+00  0.0000E+00  0.0000E+00  0.0000E+00
 2.5681E+03  0.0000E+00  0.0000E+00  0.0000E+00  0.0000E+00  0.0000E+00
 2.5878E+03  5.2658E-04  1.2148E-02  8.9566E-04  4.1428E-02  1.0000E+00
 2.6076E+03  5.2706E-04  1.2066E-02  8.9573E-04  4.1116E-02  1.0000E+00
 2.6275E+03  5.2753E-04  1.1985E-02  8.9580E-04  4.0807E-02  1.0000E+00
 2.6477E+03  5.2800E-04  1.1904E-02  8.9587E-04  4.0500E-02  1.0000E+00
 2.6679E+03  5.2847E-04  1.1824E-02  8.9594E-04  4.0195E-02  1.0000E+00
 2.6884E+03  5.2894E-04  1.1744E-02  8.9601E-04  3.9893E-02  1.0000E+00
 2.7090E+03  5.2942E-04  1.1665E-02  8.9608E-04  3.9593E-02  1.0000E+00
 2.7297E+03  5.2990E-04  1.1587E-02  8.9615E-04  3.9295E-02  1.0000E+00
 2.7506E+03  5.3039E-04  1.1509E-02  8.9623E-04  3.9000E-02  1.0000E+00
 2.7717E+03  5.3090E-04  1.1432E-02  8.9630E-04  3.8706E-02  1.0000E+00
 2.7929E+03  5.3142E-04  1.1356E-02  8.9637E-04  3.8415E-02  1.0000E+00
 2.8143E+03  5.3195E-04  1.1281E-02  8.9645E-04  3.8127E-02  1.0000E+00
 2.8358E+03  5.3249E-04  1.1206E-02  8.9652E-04  3.7840E-02  1.0000E+00
 2.8576E+03  5.3304E-04  1.1133E-02  8.9660E-04  3.7556E-02  1.0000E+00
 2.8794E+03  5.3360E-04  1.1059E-02  8.9667E-04  3.7273E-02  1.0000E+00
 2.9015E+03  5.3418E-04  1.0987E-02  8.9675E-04  3.6993E-02  1.0000E+00
 2.9237E+03  5.3476E-04  1.0915E-02  8.9683E-04  3.6715E-02  1.0000E+00
 2.9461E+03  5.3536E-04  1.0844E-02  8.9691E-04  3.6439E-02  1.0000E+00
 2.9687E+03  5.3597E-04  1.0774E-02  8.9699E-04  3.6166E-02  1.0000E+00
 2.9914E+03  5.3659E-04  1.0704E-02  8.9707E-04  3.5894E-02  1.0000E+00
 3.0143E+03  5.3722E-04  1.0635E-02  8.9715E-04  3.5624E-02  1.0000E+00
 3.0374E+03  5.3786E-04  1.0566E-02  8.9723E-04  3.5357E-02  1.0000E+00
 3.0607E+03  5.3851E-04  1.0498E-02  8.9731E-04  3.5091E-02  1.0000E+00
 3.0841E+03  5.3917E-04  1.0431E-02  8.9739E-04  3.4828E-02  1.0000E+00
 3.1077E+03  5.3984E-04  1.0365E-02  8.9747E-04  3.4566E-02  1.0000E+00
 3.1315E+03  5.4053E-04  1.0299E-02  8.9755E-04  3.4307E-02  1.0000E+00
 3.1555E+03  5.4122E-04  1.0233E-02  8.9764E-04  3.4049E-02  1.0000E+00
 3.1797E+03  5.4193E-04  1.0168E-02  8.9772E-04  3.3793E-02  1.0000E+00
 3.2040E+03  5.4264E-04  1.0104E-02  8.9781E-04  3.3540E-02  1.0000E+00
 3.2286E+03  5.4337E-04  1.0041E-02  8.9789E-04  3.3288E-02  1.0000E+00
 3.2533E+03  5.4410E-04  9.9775E-03  8.9798E-04  3.3038E-02  1.0000E+00
 3.2782E+03  5.4485E-04  9.9150E-03  8.9807E-04  3.2790E-02  1.0000E+00
 3.3033E+03  5.4561E-04  9.8531E-03  8.9815E-04  3.2544E-02  1.0000E+00
 3.3286E+03  5.4638E-04  9.7917E-03  8.9824E-04  3.2300E-02  1.0000E+00
 3.3541E+03  5.4715E-04  9.7309E-03  8.9833E-04  3.2058E-02  1.0000E+00
 3.3798E+03  5.4794E-04  9.6706E-03  8.9842E-04  3.1817E-02  1.0000E+00
 3.4057E+03  5.4874E-04  9.6109E-03  8.9851E-04  3.1579E-02  1.0000E+00
 3.4317E+03  5.4955E-04  9.5517E-03  8.9860E-04  3.1342E-02  1.0000E+00
 3.4580E+03  5.5037E-04  9.4930E-03  8.9870E-04  3.1107E-02  1.0000E+00
 3.4845E+03  5.5120E-04  9.4348E-03  8.9879E-04  3.0874E-02  1.0000E+00
 3.5112E+03  5.5204E-04  9.3771E-03  8.9888E-04  3.0642E-02  1.0000E+00
 3.5381E+03  5.5289E-04  9.3199E-03  8.9897E-04  3.0412E-02  1.0000E+00
 3.5652E+03  5.5375E-04  9.2632E-03  8.9907E-04  3.0184E-02  1.0000E+00
 3.5925E+03  5.5462E-04  9.2070E-03  8.9916E-04  2.9958E-02  1.0000E+00
 3.6200E+03  5.5550E-04  9.1513E-03  8.9926E-04  2.9734E-02  1.0000E+00
 3.6477E+03  5.5639E-04  9.0960E-03  8.9936E-04  2.9511E-02  1.0000E+00
 3.6757E+03  5.5729E-04  9.0413E-03  8.9946E-04  2.9290E-02  1.0000E+00
 3.7038E+03  5.5820E-04  8.9869E-03  8.9955E-04  2.9070E-02  1.0000E+00
 3.7322E+03  5.5912E-04  8.9331E-03  8.9965E-04  2.8853E-02  1.0000E+00
 3.7608E+03  5.6005E-04  8.8797E-03  8.9975E-04  2.8637E-02  1.0000E+00
 3.7896E+03  5.6099E-04  8.8267E-03  8.9985E-04  2.8422E-02  1.0000E+00
 3.8186E+03  5.6194E-04  8.7742E-03  8.9996E-04  2.8209E-02  1.0000E+00
 3.8478E+03  5.6290E-04  8.7222E-03  9.0006E-04  2.7998E-02  1.0000E+00
 3.8773E+03  5.6387E-04  8.6705E-03  9.0016E-04  2.7788E-02  1.0000E+00
 3.9070E+03  5.6485E-04  8.6193E-03  9.0026E-04  2.7580E-02  1.0000E+00
 3.9369E+03  5.6583E-04  8.5686E-03  9.0037E-04  2.7374E-02  1.0000E+00
 3.9671E+03  5.6683E-04  8.5182E-03  9.0047E-04  2.7169E-02  1.0000E+00
 3.9974E+03  5.6784E-04  8.4682E-03  9.0058E-04  2.6966E-02  1.0000E+00
 4.0281E+03  5.6886E-04  8.4187E-03  9.0069E-04  2.6764E-02  1.0000E+00
 4.0589E+03  5.6989E-04  8.3695E-03  9.0080E-04  2.6564E-02  1.0000E+00
 4.0900E+03  5.7092E-04  8.3208E-03  9.0090E-04  2.6365E-02  1.0000E+00
 4.1213E+03  5.7197E-04  8.2725E-03  9.0101E-04  2.6168E-02  1.0000E+00
 4.1529E+03  5.7303E-04  8.2245E-03  9.0112E-04  2.5972E-02  1.0000E+00
 4.1847E+03  5.7409E-04  8.1769E-03  9.0124E-04  2.5778E-02  1.0000E+00
 4.2167E+03  5.7517E-04  8.1297E-03  9.0135E-04  2.5585E-02  1.0000E+00
 4.2490E+03  5.7626E-04  8.0829E-03  9.0146E-04  2.5394E-02  1.0000E+00
 4.2816E+03  5.7735E-04  8.0365E-03  9.0157E-04  2.5204E-02  1.0000E+00
 4.3143E+03  5.7846E-04  7.9904E-03  9.0169E-04  2.5016E-02  1.0000E+00
 4.3474E+03  5.7957E-04  7.9447E-03  9.0181E-04  2.4829E-02  1.0000E+00
 4.3807E+03  5.8069E-04  7.8993E-03  9.0192E-04  2.4643E-02  1.0000E+00
 4.4142E+03  5.8183E-04  7.8543E-03  9.0204E-04  2.4459E-02  1.0000E+00
 4.4480E+03  5.8297E-04  7.8097E-03  9.0216E-04  2.4277E-02  1.0000E+00
 4.4821E+03  5.8412E-04  7.7654E-03  9.0228E-04  2.4095E-02  1.0000E+00
 4.5164E+03  5.8528E-04  7.7214E-03  9.0240E-04  2.3915E-02  1.0000E+00
 4.5510E+03  5.8645E-04  7.6778E-03  9.0252E-04  2.3737E-02  1.0000E+00
 4.5859E+03  5.8763E-04  7.6346E-03  9.0264E-04  2.3559E-02  1.0000E+00
 4.6210E+03  5.8882E-04  7.5916E-03  9.0276E-04  2.3384E-02  1.0000E+00
 4.6564E+03  5.9002E-04  7.5490E-03  9.0289E-04  2.3209E-02  1.0000E+00
 4.6920E+03  5.9123E-04  7.5067E-03  9.0301E-04  2.3036E-02  1.0000E+00
 4.7280E+03  5.9245E-04  7.4647E-03  9.0314E-04  2.2864E-02  1.0000E+00
 4.7642E+03  5.9368E-04  7.4231E-03  9.0326E-04  2.2693E-02  1.0000E+00
 4.8007E+03  5.9491E-04  7.3818E-03  9.0339E-04  2.2524E-02  1.0000E+00
 4.8374E+03  5.9616E-04  7.3407E-03  9.0352E-04  2.2356E-02  1.0000E+00
 4.8745E+03  5.9741E-04  7.3000E-03  9.0365E-04  2.2189E-02  1.0000E+00
 4.9118E+03  5.9867E-04  7.2595E-03  9.0378E-04  2.2024E-02  1.0000E+00
 4.9494E+03  5.9993E-04  7.2192E-03  9.0391E-04  2.1860E-02  1.0000E+00
 4.9873E+03  6.0120E-04  7.1792E-03  9.0405E-04  2.1697E-02  1.0000E+00
 5.0255E+03  6.0246E-04  7.1394E-03  9.0418E-04  2.1535E-02  1.0000E+00
 5.0640E+03  6.0374E-04  7.0998E-03  9.0431E-04  2.1375E-02  1.0000E+00
 5.1028E+03  6.0501E-04  7.0605E-03  9.0445E-04  2.1215E-02  1.0000E+00
 5.1419E+03  6.0629E-04  7.0214E-03  9.0459E-04  2.1057E-02  1.0000E+00
 5.1812E+03  6.0757E-04  6.9825E-03  9.0473E-04  2.0900E-02  1.0000E+00
 5.2209E+03  6.0886E-04  6.9438E-03  9.0486E-04  2.0745E-02  1.0000E+00
 5.2609E+03  6.1015E-04  6.9053E-03  9.0500E-04  2.0590E-02  1.0000E+00
 5.3012E+03  6.1144E-04  6.8671E-03  9.0515E-04  2.0437E-02  1.0000E+00
 5.3418E+03  6.1273E-04  6.8291E-03  9.0529E-04  2.0285E-02  1.0000E+00
 5.3827E+03  6.1403E-04  6.7913E-03  9.0543E-04  2.0134E-02  1.0000E+00
 5.4239E+03  6.1534E-04  6.7537E-03  9.0558E-04  1.9984E-02  1.0000E+00
 5.4655E+03  6.1664E-04  6.7163E-03  9.0572E-04  1.9835E-02  1.0000E+00
 5.5073E+03  6.1795E-04  6.6792E-03  9.0587E-04  1.9688E-02  1.0000E+00
 5.5495E+03  6.1927E-04  6.6422E-03  9.0602E-04  1.9541E-02  1.0000E+00
 5.5920E+03  6.2058E-04  6.6055E-03  9.0617E-04  1.9396E-02  1.0000E+00
 5.6348E+03  6.2190E-04  6.5690E-03  9.0632E-04  1.9252E-02  1.0000E+00
 5.6780E+03  6.2323E-04  6.5327E-03  9.0647E-04  1.9109E-02  1.0000E+00
 5.7215E+03  6.2456E-04  6.4966E-03  9.0662E-04  1.8967E-02  1.0000E+00
 5.7653E+03  6.2589E-04  6.4607E-03  9.0677E-04  1.8826E-02  1.0000E+00
 5.8094E+03  6.2722E-04  6.4250E-03  9.0693E-04  1.8686E-02  1.0000E+00
 5.8539E+03  6.2856E-04  6.3895E-03  9.0709E-04  1.8547E-02  1.0000E+00
 5.8988E+03  6.2991E-04  6.3542E-03  9.0724E-04  1.8409E-02  1.0000E+00
 5.9439E+03  6.3125E-04  6.3191E-03  9.0740E-04  1.8273E-02  1.0000E+00
 5.9895E+03  6.3260E-04  6.2842E-03  9.0756E-04  1.8137E-02  1.0000E+00
 6.0353E+03  6.3396E-04  6.2495E-03  9.0772E-04  1.8002E-02  1.0000E+00
 6.0815E+03  6.3532E-04  6.2150E-03  9.0788E-04  1.7869E-02  1.0000E+00
 6.1281E+03  6.3668E-04  6.1807E-03  9.0805E-04  1.7736E-02  1.0000E+00
 6.1751E+03  6.3804E-04  6.1466E-03  9.0821E-04  1.7604E-02  1.0000E+00
 6.2223E+03  6.3941E-04  6.1127E-03  9.0838E-04  1.7474E-02  1.0000E+00
 6.2700E+03  6.4079E-04  6.0790E-03  9.0855E-04  1.7344E-02  1.0000E+00
 6.3180E+03  6.4216E-04  6.0455E-03  9.0871E-04  1.7216E-02  1.0000E+00
 6.3664E+03  6.4354E-04  6.0121E-03  9.0888E-04  1.7088E-02  1.0000E+00
 6.4152E+03  6.4493E-04  5.9790E-03  9.0906E-04  1.6961E-02  1.0000E+00
 6.4643E+03  6.4632E-04  5.9461E-03  9.0923E-04  1.6835E-02  1.0000E+00
 6.5138E+03  6.4771E-04  5.9133E-03  9.0940E-04  1.6711E-02  1.0000E+00
 6.5637E+03  6.4910E-04  5.8807E-03  9.0958E-04  1.6587E-02  1.0000E+00
 6.6139E+03  6.5050E-04  5.8483E-03  9.0975E-04  1.6464E-02  1.0000E+00
 6.6646E+03  6.5191E-04  5.8161E-03  9.0993E-04  1.6342E-02  1.0000E+00
 6.7156E+03  6.5332E-04  5.7841E-03  9.1011E-04  1.6221E-02  1.0000E+00
 6.7671E+03  6.5473E-04  5.7522E-03  9.1029E-04  1.6101E-02  1.0000E+00
 6.8189E+03  6.5614E-04  5.7206E-03  9.1048E-04  1.5982E-02  1.0000E+00
 6.8711E+03  6.5756E-04  5.6891E-03  9.1066E-04  1.5864E-02  1.0000E+00
 6.9237E+03  6.5899E-04  5.6578E-03  9.1084E-04  1.5746E-02  1.0000E+00
 6.9768E+03  6.6041E-04  5.6267E-03  9.1103E-04  1.5630E-02  1.0000E+00
 7.0302E+03  6.6185E-04  5.5957E-03  9.1122E-04  1.5514E-02  1.0000E+00
 7.0840E+03  6.6328E-04  5.5649E-03  9.1141E-04  1.5399E-02  1.0000E+00
 7.1383E+03  6.6472E-04  5.5344E-03  9.1160E-04  1.5286E-02  1.0000E+00
 7.1929E+03  6.6617E-04  5.5039E-03  9.1179E-04  1.5173E-02  1.0000E+00
 7.2480E+03  6.6761E-04  5.4737E-03  9.1199E-04  1.5061E-02  1.0000E+00
 7.3035E+03  6.6907E-04  5.4436E-03  9.1218E-04  1.4949E-02  1.0000E+00
 7.3595E+03  6.7052E-04  5.4137E-03  9.1238E-04  1.4839E-02  1.0000E+00
 7.4158E+03  6.7198E-04  5.3840E-03  9.1258E-04  1.4729E-02  1.0000E+00
 7.4726E+03  6.7345E-04  5.3544E-03  9.1278E-04  1.4621E-02  1.0000E+00
 7.5299E+03  6.7492E-04  5.3250E-03  9.1298E-04  1.4513E-02  1.0000E+00
 7.5875E+03  6.7639E-04  5.2957E-03  9.1318E-04  1.4406E-02  1.0000E+00
 7.6456E+03  6.7787E-04  5.2667E-03  9.1339E-04  1.4299E-02  1.0000E+00
 7.7042E+03  6.7935E-04  5.2378E-03  9.1359E-04  1.4194E-02  1.0000E+00
 7.7632E+03  6.8083E-04  5.2090E-03  9.1380E-04  1.4089E-02  1.0000E+00
 7.8226E+03  6.8232E-04  5.1804E-03  9.1401E-04  1.3985E-02  1.0000E+00
 7.8825E+03  6.8382E-04  5.1520E-03  9.1422E-04  1.3882E-02  1.0000E+00
 7.9429E+03  6.8531E-04  5.1238E-03  9.1443E-04  1.3780E-02  1.0000E+00
 8.0037E+03  6.8682E-04  5.0957E-03  9.1465E-04  1.3678E-02  1.0000E+00
 8.0650E+03  6.8832E-04  5.0677E-03  9.1486E-04  1.3578E-02  1.0000E+00
 8.1268E+03  6.8983E-04  5.0400E-03  9.1508E-04  1.3478E-02  1.0000E+00
 8.1890E+03  6.9135E-04  5.0123E-03  9.1530E-04  1.3378E-02  1.0000E+00
 8.2518E+03  6.9287E-04  4.9849E-03  9.1552E-04  1.3280E-02  1.0000E+00
 8.3150E+03  6.9438E-04  4.9575E-03  9.1574E-04  1.3182E-02  1.0000E+00
 8.3786E+03  6.9590E-04  4.9303E-03  9.1597E-04  1.3085E-02  1.0000E+00
 8.4428E+03  6.9741E-04  4.9031E-03  9.1620E-04  1.2989E-02  1.0000E+00
 8.5075E+03  6.9892E-04  4.8761E-03  9.1642E-04  1.2893E-02  1.0000E+00
 8.5726E+03  7.0043E-04  4.8492E-03  9.1665E-04  1.2799E-02  1.0000E+00
 8.6383E+03  7.0194E-04  4.8224E-03  9.1688E-04  1.2705E-02  1.0000E+00
 8.7044E+03  7.0345E-04  4.7957E-03  9.1712E-04  1.2611E-02  1.0000E+00
 8.7711E+03  7.0495E-04  4.7691E-03  9.1735E-04  1.2519E-02  1.0000E+00
 8.8383E+03  7.0646E-04  4.7427E-03  9.1759E-04  1.2427E-02  1.0000E+00
 8.9059E+03  7.0796E-04  4.7163E-03  9.1783E-04  1.2335E-02  1.0000E+00
 8.9741E+03  7.0946E-04  4.6901E-03  9.1807E-04  1.2245E-02  1.0000E+00
 9.0429E+03  7.1095E-04  4.6639E-03  9.1831E-04  1.2155E-02  1.0000E+00
 9.1121E+03  7.1245E-04  4.6379E-03  9.1856E-04  1.2066E-02  1.0000E+00
 9.1819E+03  7.1394E-04  4.6120E-03  9.1880E-04  1.1977E-02  1.0000E+00
 9.2522E+03  7.1544E-04  4.5862E-03  9.1905E-04  1.1890E-02  1.0000E+00
 9.3231E+03  7.1693E-04  4.5605E-03  9.1930E-04  1.1802E-02  1.0000E+00
 9.3945E+03  7.1841E-04  4.5349E-03  9.1956E-04  1.1716E-02  1.0000E+00
 9.4664E+03  7.1990E-04  4.5094E-03  9.1981E-04  1.1630E-02  1.0000E+00
 9.5389E+03  7.2138E-04  4.4841E-03  9.2007E-04  1.1545E-02  1.0000E+00
 9.6120E+03  7.2286E-04  4.4588E-03  9.2032E-04  1.1460E-02  1.0000E+00
 9.6856E+03  7.2434E-04  4.4337E-03  9.2058E-04  1.1377E-02  1.0000E+00
 9.7598E+03  7.2582E-04  4.4086E-03  9.2085E-04  1.1293E-02  1.0000E+00
 9.8345E+03  7.2729E-04  4.3837E-03  9.2111E-04  1.1211E-02  1.0000E+00
 9.9098E+03  7.2876E-04  4.3589E-03  9.2138E-04  1.1129E-02  1.0000E+00
 9.9857E+03  7.3023E-04  4.3341E-03  9.2165E-04  1.1047E-02  1.0000E+00
 1.0062E+04  7.3170E-04  4.3095E-03  9.2192E-04  1.0967E-02  1.0000E+00
 1.0139E+04  7.3317E-04  4.2850E-03  9.2219E-04  1.0886E-02  1.0000E+00
 1.0217E+04  7.3463E-04  4.2606E-03  9.2246E-04  1.0807E-02  1.0000E+00
 1.0295E+04  7.3609E-04  4.2363E-03  9.2274E-04  1.0728E-02  1.0000E+00
 1.0374E+04  7.3754E-04  4.2121E-03  9.2302E-04  1.0650E-02  1.0000E+00
 1.0453E+04  7.3900E-04  4.1880E-03  9.2330E-04  1.0572E-02  1.0000E+00
 1.0533E+04  7.4045E-04  4.1640E-03  9.2359E-04  1.0495E-02  1.0000E+00
 1.0614E+04  7.4190E-04  4.1401E-03  9.2387E-04  1.0418E-02  1.0000E+00
 1.0695E+04  7.4335E-04  4.1164E-03  9.2416E-04  1.0342E-02  1.0000E+00
 1.0777E+04  7.4479E-04  4.0927E-03  9.2445E-04  1.0267E-02  1.0000E+00
 1.0860E+04  7.4623E-04  4.0691E-03  9.2474E-04  1.0192E-02  1.0000E+00
 1.0943E+04  7.4767E-04  4.0456E-03  9.2504E-04  1.0118E-02  1.0000E+00
 1.1027E+04  7.4910E-04  4.0223E-03  9.2533E-04  1.0044E-02  1.0000E+00
 1.1111E+04  7.5054E-04  3.9990E-03  9.2563E-04  9.9712E-03  1.0000E+00
 1.1196E+04  7.5197E-04  3.9759E-03  9.2593E-04  9.8986E-03  1.0000E+00
 1.1282E+04  7.5339E-04  3.9528E-03  9.2624E-04  9.8266E-03  1.0000E+00
 1.1369E+04  7.5482E-04  3.9298E-03  9.2655E-04  9.7551E-03  1.0000E+00
 1.1456E+04  7.5624E-04  3.9070E-03  9.2685E-04  9.6842E-03  1.0000E+00
 1.1543E+04  7.5765E-04  3.8842E-03  9.2717E-04  9.6139E-03  1.0000E+00
 1.1632E+04  7.5907E-04  3.8616E-03  9.2748E-04  9.5440E-03  1.0000E+00
 1.1721E+04  7.6048E-04  3.8390E-03  9.2780E-04  9.4747E-03  1.0000E+00
 1.1811E+04  7.6189E-04  3.8165E-03  9.2811E-04  9.4059E-03  1.0000E+00
 1.1901E+04  7.6329E-04  3.7942E-03  9.2844E-04  9.3377E-03  1.0000E+00
 1.1992E+04  7.6469E-04  3.7719E-03  9.2876E-04  9.2699E-03  1.0000E+00
 1.2084E+04  7.6609E-04  3.7498E-03  9.2909E-04  9.2027E-03  1.0000E+00
 1.2177E+04  7.6748E-04  3.7277E-03  9.2941E-04  9.1360E-03  1.0000E+00
 1.2270E+04  7.6887E-04  3.7057E-03  9.2975E-04  9.0698E-03  1.0000E+00
 1.2364E+04  7.7026E-04  3.6839E-03  9.3008E-04  9.0041E-03  1.0000E+00
 1.2458E+04  7.7164E-04  3.6621E-03  9.3042E-04  8.9389E-03  1.0000E+00
 1.2554E+04  7.7302E-04  3.6404E-03  9.3075E-04  8.8742E-03  1.0000E+00
 1.2650E+04  7.7440E-04  3.6189E-03  9.3110E-04  8.8100E-03  1.0000E+00
 1.2747E+04  7.7577E-04  3.5974E-03  9.3144E-04  8.7463E-03  1.0000E+00
 1.2845E+04  7.7714E-04  3.5760E-03  9.3179E-04  8.6830E-03  1.0000E+00
 1.2943E+04  7.7851E-04  3.5547E-03  9.3214E-04  8.6203E-03  1.0000E+00
 1.3042E+04  7.7987E-04  3.5336E-03  9.3249E-04  8.5580E-03  1.0000E+00
 1.3142E+04  7.8123E-04  3.5125E-03  9.3285E-04  8.4962E-03  1.0000E+00
 1.3243E+04  7.8259E-04  3.4915E-03  9.3321E-04  8.4349E-03  1.0000E+00
 1.3344E+04  7.8395E-04  3.4707E-03  9.3357E-04  8.3740E-03  1.0000E+00
 1.3446E+04  7.8530E-04  3.4499E-03  9.3393E-04  8.3136E-03  1.0000E+00
 1.3549E+04  7.8666E-04  3.4292E-03  9.3430E-04  8.2536E-03  1.0000E+00
 1.3653E+04  7.8801E-04  3.4087E-03  9.3467E-04  8.1942E-03  1.0000E+00
 1.3757E+04  7.8935E-04  3.3882E-03  9.3504E-04  8.1351E-03  1.0000E+00
 1.3863E+04  7.9070E-04  3.3678E-03  9.3541E-04  8.0765E-03  1.0000E+00
 1.3969E+04  7.9204E-04  3.3476E-03  9.3579E-04  8.0184E-03  1.0000E+00
 1.4076E+04  7.9338E-04  3.3274E-03  9.3617E-04  7.9607E-03  1.0000E+00
 1.4184E+04  7.9472E-04  3.3074E-03  9.3656E-04  7.9034E-03  1.0000E+00
 1.4292E+04  7.9606E-04  3.2874E-03  9.3695E-04  7.8466E-03  1.0000E+00
 1.4402E+04  7.9740E-04  3.2676E-03  9.3734E-04  7.7902E-03  1.0000E+00
 1.4512E+04  7.9873E-04  3.2478E-03  9.3773E-04  7.7343E-03  1.0000E+00
 1.4623E+04  8.0007E-04  3.2282E-03  9.3813E-04  7.6787E-03  1.0000E+00
 1.4735E+04  8.0140E-04  3.2086E-03  9.3853E-04  7.6236E-03  1.0000E+00
 1.4848E+04  8.0273E-04  3.1892E-03  9.3893E-04  7.5689E-03  1.0000E+00
 1.4962E+04  8.0406E-04  3.1698E-03  9.3934E-04  7.5147E-03  1.0000E+00
 1.5076E+04  8.0539E-04  3.1506E-03  9.3975E-04  7.4608E-03  1.0000E+00
 1.5192E+04  8.0671E-04  3.1314E-03  9.4016E-04  7.4073E-03  1.0000E+00
 1.5308E+04  8.0804E-04  3.1124E-03  9.4057E-04  7.3543E-03  1.0000E+00
 1.5425E+04  8.0936E-04  3.0934E-03  9.4099E-04  7.3016E-03  1.0000E+00
 1.5544E+04  8.1068E-04  3.0746E-03  9.4142E-04  7.2494E-03  1.0000E+00
 1.5663E+04  8.1201E-04  3.0559E-03  9.4184E-04  7.1976E-03  1.0000E+00
 1.5783E+04  8.1333E-04  3.0372E-03  9.4227E-04  7.1461E-03  1.0000E+00
 1.5903E+04  8.1465E-04  3.0187E-03  9.4270E-04  7.0951E-03  1.0000E+00
 1.6025E+04  8.1597E-04  3.0002E-03  9.4314E-04  7.0444E-03  1.0000E+00
 1.6148E+04  8.1729E-04  2.9819E-03  9.4358E-04  6.9941E-03  1.0000E+00
 1.6272E+04  8.1861E-04  2.9637E-03  9.4402E-04  6.9442E-03  1.0000E+00
 1.6396E+04  8.1993E-04  2.9455E-03  9.4447E-04  6.8947E-03  1.0000E+00
 1.6522E+04  8.2125E-04  2.9275E-03  9.4492E-04  6.8455E-03  1.0000E+00
 1.6648E+04  8.2256E-04  2.9095E-03  9.4537E-04  6.7968E-03  1.0000E+00
 1.6776E+04  8.2388E-04  2.8917E-03  9.4583E-04  6.7484E-03  1.0000E+00
 1.6904E+04  8.2520E-04  2.8740E-03  9.4629E-04  6.7004E-03  1.0000E+00
 1.7034E+04  8.2652E-04  2.8563E-03  9.4675E-04  6.6527E-03  1.0000E+00
 1.7164E+04  8.2784E-04  2.8388E-03  9.4722E-04  6.6054E-03  1.0000E+00
 1.7296E+04  8.2915E-04  2.8213E-03  9.4769E-04  6.5585E-03  1.0000E+00
 1.7428E+04  8.3047E-04  2.8040E-03  9.4817E-04  6.5119E-03  1.0000E+00
 1.7562E+04  8.3179E-04  2.7867E-03  9.4865E-04  6.4656E-03  1.0000E+00
 1.7696E+04  8.3311E-04  2.7696E-03  9.4913E-04  6.4198E-03  1.0000E+00
 1.7832E+04  8.3443E-04  2.7525E-03  9.4961E-04  6.3742E-03  1.0000E+00
 1.7968E+04  8.3575E-04  2.7355E-03  9.5011E-04  6.3291E-03  1.0000E+00
 1.8106E+04  8.3707E-04  2.7187E-03  9.5060E-04  6.2842E-03  1.0000E+00
 1.8244E+04  8.3839E-04  2.7019E-03  9.5110E-04  6.2397E-03  1.0000E+00
 1.8384E+04  8.3971E-04  2.6853E-03  9.5160E-04  6.1956E-03  1.0000E+00
 1.8525E+04  8.4104E-04  2.6687E-03  9.5211E-04  6.1518E-03  1.0000E+00
 1.8667E+04  8.4236E-04  2.6522E-03  9.5262E-04  6.1083E-03  1.0000E+00
 1.8810E+04  8.4370E-04  2.6359E-03  9.5313E-04  6.0651E-03  1.0000E+00
 1.8954E+04  8.4503E-04  2.6196E-03  9.5365E-04  6.0223E-03  1.0000E+00
 1.9099E+04  8.4637E-04  2.6035E-03  9.5417E-04  5.9798E-03  1.0000E+00
 1.9245E+04  8.4772E-04  2.5874E-03  9.5470E-04  5.9377E-03  1.0000E+00
 1.9393E+04  8.4907E-04  2.5715E-03  9.5523E-04  5.8958E-03  1.0000E+00
 1.9541E+04  8.5042E-04  2.5556E-03  9.5576E-04  5.8543E-03  1.0000E+00
 1.9691E+04  8.5178E-04  2.5399E-03  9.5630E-04  5.8131E-03  1.0000E+00
 1.9842E+04  8.5314E-04  2.5243E-03  9.5685E-04  5.7722E-03  1.0000E+00
 1.9994E+04  8.5451E-04  2.5087E-03  9.5739E-04  5.7316E-03  1.0000E+00
 2.0147E+04  8.5588E-04  2.4933E-03  9.5795E-04  5.6913E-03  1.0000E+00
 2.0301E+04  8.5726E-04  2.4780E-03  9.5850E-04  5.6513E-03  1.0000E+00
 2.0456E+04  8.5864E-04  2.4627E-03  9.5906E-04  5.6116E-03  1.0000E+00
 2.0613E+04  8.6002E-04  2.4476E-03  9.5963E-04  5.5723E-03  1.0000E+00
 2.0771E+04  8.6141E-04  2.4325E-03  9.6020E-04  5.5332E-03  1.0000E+00
 2.0930E+04  8.6281E-04  2.4176E-03  9.6077E-04  5.4944E-03  1.0000E+00
 2.1090E+04  8.6420E-04  2.4027E-03  9.6135E-04  5.4560E-03  1.0000E+00
 2.1252E+04  8.6561E-04  2.3880E-03  9.6194E-04  5.4178E-03  1.0000E+00
 2.1415E+04  8.6701E-04  2.3733E-03  9.6253E-04  5.3799E-03  1.0000E+00
 2.1579E+04  8.6843E-04  2.3587E-03  9.6312E-04  5.3423E-03  1.0000E+00
 2.1744E+04  8.6984E-04  2.3443E-03  9.6372E-04  5.3050E-03  1.0000E+00
 2.1910E+04  8.7127E-04  2.3299E-03  9.6432E-04  5.2680E-03  1.0000E+00
 2.2078E+04  8.7269E-04  2.3156E-03  9.6493E-04  5.2312E-03  1.0000E+00
 2.2247E+04  8.7413E-04  2.3014E-03  9.6554E-04  5.1948E-03  1.0000E+00
 2.2418E+04  8.7556E-04  2.2873E-03  9.6616E-04  5.1586E-03  1.0000E+00
 2.2589E+04  8.7700E-04  2.2732E-03  9.6678E-04  5.1227E-03  1.0000E+00
 2.2762E+04  8.7845E-04  2.2593E-03  9.6741E-04  5.0870E-03  1.0000E+00
 2.2937E+04  8.7990E-04  2.2455E-03  9.6804E-04  5.0517E-03  1.0000E+00
 2.3112E+04  8.8136E-04  2.2317E-03  9.6867E-04  5.0166E-03  1.0000E+00
 2.3289E+04  8.8282E-04  2.2180E-03  9.6932E-04  4.9817E-03  1.0000E+00
 2.3468E+04  8.8428E-04  2.2045E-03  9.6996E-04  4.9472E-03  1.0000E+00
 2.3647E+04  8.8575E-04  2.1910E-03  9.7062E-04  4.9129E-03  1.0000E+00
 2.3829E+04  8.8723E-04  2.1776E-03  9.7127E-04  4.8788E-03  1.0000E+00
 2.4011E+04  8.8871E-04  2.1643E-03  9.7194E-04  4.8451E-03  1.0000E+00
 2.4195E+04  8.9020E-04  2.1510E-03  9.7260E-04  4.8116E-03  1.0000E+00
 2.4380E+04  8.9169E-04  2.1379E-03  9.7328E-04  4.7783E-03  1.0000E+00
 2.4567E+04  8.9319E-04  2.1248E-03  9.7396E-04  4.7453E-03  1.0000E+00
 2.4755E+04  8.9469E-04  2.1118E-03  9.7464E-04  4.7125E-03  1.0000E+00
 2.4945E+04  8.9612E-04  2.0988E-03  9.7533E-04  4.6800E-03  1.0000E+00
 2.5136E+04  8.9737E-04  2.0853E-03  9.7603E-04  4.6478E-03  1.0000E+00
 2.5328E+04  8.9863E-04  2.0720E-03  9.7673E-04  4.6158E-03  1.0000E+00
 2.5522E+04  8.9988E-04  2.0587E-03  9.7743E-04  4.5840E-03  1.0000E+00
 2.5718E+04  9.0113E-04  2.0455E-03  9.7815E-04  4.5525E-03  1.0000E+00
 2.5915E+04  9.0239E-04  2.0324E-03  9.7887E-04  4.5212E-03  1.0000E+00
 2.6113E+04  9.0365E-04  2.0194E-03  9.7959E-04  4.4901E-03  1.0000E+00
 2.6313E+04  9.0491E-04  2.0065E-03  9.8032E-04  4.4593E-03  1.0000E+00
 2.6515E+04  9.0617E-04  1.9936E-03  9.8105E-04  4.4288E-03  1.0000E+00
 2.6718E+04  9.0743E-04  1.9808E-03  9.8180E-04  4.3984E-03  1.0000E+00
 2.6922E+04  9.0869E-04  1.9681E-03  9.8254E-04  4.3683E-03  1.0000E+00
 2.7128E+04  9.0996E-04  1.9555E-03  9.8330E-04  4.3384E-03  1.0000E+00
 2.7336E+04  9.1123E-04  1.9430E-03  9.8406E-04  4.3088E-03  1.0000E+00
 2.7545E+04  9.1250E-04  1.9305E-03  9.8482E-04  4.2794E-03  1.0000E+00
 2.7756E+04  9.1377E-04  1.9181E-03  9.8559E-04  4.2502E-03  1.0000E+00
 2.7969E+04  9.1504E-04  1.9058E-03  9.8637E-04  4.2212E-03  1.0000E+00
 2.8183E+04  9.1632E-04  1.8936E-03  9.8715E-04  4.1925E-03  1.0000E+00
 2.8399E+04  9.1760E-04  1.8814E-03  9.8795E-04  4.1639E-03  1.0000E+00
 2.8617E+04  9.1888E-04  1.8694E-03  9.8874E-04  4.1356E-03  1.0000E+00
 2.8836E+04  9.2017E-04  1.8574E-03  9.8955E-04  4.1075E-03  1.0000E+00
 2.9056E+04  9.2146E-04  1.8454E-03  9.9036E-04  4.0796E-03  1.0000E+00
 2.9279E+04  9.2275E-04  1.8336E-03  9.9117E-04  4.0520E-03  1.0000E+00
 2.9503E+04  9.2404E-04  1.8218E-03  9.9199E-04  4.0245E-03  1.0000E+00
 2.9729E+04  9.2534E-04  1.8101E-03  9.9282E-04  3.9973E-03  1.0000E+00
 2.9957E+04  9.2664E-04  1.7985E-03  9.9366E-04  3.9702E-03  1.0000E+00
 3.0186E+04  9.2794E-04  1.7869E-03  9.9450E-04  3.9434E-03  1.0000E+00
 3.0417E+04  9.2924E-04  1.7755E-03  9.9535E-04  3.9168E-03  1.0000E+00
 3.0650E+04  9.3055E-04  1.7641E-03  9.9621E-04  3.8903E-03  1.0000E+00
 3.0885E+04  9.3186E-04  1.7527E-03  9.9707E-04  3.8641E-03  1.0000E+00
 3.1122E+04  9.3318E-04  1.7415E-03  9.9794E-04  3.8381E-03  1.0000E+00
 3.1360E+04  9.3450E-04  1.7303E-03  9.9882E-04  3.8123E-03  1.0000E+00
 3.1600E+04  9.3582E-04  1.7192E-03  9.9971E-04  3.7867E-03  1.0000E+00
 3.1842E+04  9.3715E-04  1.7081E-03  1.0006E-03  3.7612E-03  1.0000E+00
 3.2086E+04  9.3848E-04  1.6972E-03  1.0015E-03  3.7360E-03  1.0000E+00
 3.2332E+04  9.3981E-04  1.6863E-03  1.0024E-03  3.7110E-03  1.0000E+00
 3.2579E+04  9.4115E-04  1.6754E-03  1.0033E-03  3.6861E-03  1.0000E+00
 3.2829E+04  9.4249E-04  1.6647E-03  1.0042E-03  3.6615E-03  1.0000E+00
 3.3080E+04  9.4384E-04  1.6540E-03  1.0052E-03  3.6370E-03  1.0000E+00
 3.3334E+04  9.4519E-04  1.6434E-03  1.0061E-03  3.6127E-03  1.0000E+00
 3.3589E+04  9.4655E-04  1.6328E-03  1.0070E-03  3.5886E-03  1.0000E+00
 3.3846E+04  9.4791E-04  1.6224E-03  1.0080E-03  3.5647E-03  1.0000E+00
 3.4105E+04  9.4927E-04  1.6120E-03  1.0090E-03  3.5410E-03  1.0000E+00
 3.4367E+04  9.5064E-04  1.6016E-03  1.0099E-03  3.5174E-03  1.0000E+00
 3.4630E+04  9.5201E-04  1.5913E-03  1.0109E-03  3.4941E-03  1.0000E+00
 3.4895E+04  9.5339E-04  1.5811E-03  1.0119E-03  3.4709E-03  1.0000E+00
 3.5162E+04  9.5478E-04  1.5710E-03  1.0129E-03  3.4479E-03  1.0000E+00
 3.5431E+04  9.5616E-04  1.5609E-03  1.0139E-03  3.4251E-03  1.0000E+00
 3.5703E+04  9.5756E-04  1.5509E-03  1.0149E-03  3.4024E-03  1.0000E+00
 3.5976E+04  9.5896E-04  1.5410E-03  1.0159E-03  3.3799E-03  1.0000E+00
 3.6252E+04  9.6036E-04  1.5311E-03  1.0169E-03  3.3576E-03  1.0000E+00
 3.6529E+04  9.6177E-04  1.5213E-03  1.0180E-03  3.3355E-03  1.0000E+00
 3.6809E+04  9.6319E-04  1.5116E-03  1.0190E-03  3.3135E-03  1.0000E+00
 3.7091E+04  9.6461E-04  1.5019E-03  1.0200E-03  3.2917E-03  1.0000E+00
 3.7375E+04  9.6603E-04  1.4923E-03  1.0211E-03  3.2701E-03  1.0000E+00
 3.7661E+04  9.6746E-04  1.4827E-03  1.0222E-03  3.2486E-03  1.0000E+00
 3.7950E+04  9.6890E-04  1.4733E-03  1.0232E-03  3.2273E-03  1.0000E+00
 3.8240E+04  9.7034E-04  1.4638E-03  1.0243E-03  3.2062E-03  1.0000E+00
 3.8533E+04  9.7179E-04  1.4545E-03  1.0254E-03  3.1852E-03  1.0000E+00
 3.8828E+04  9.7325E-04  1.4452E-03  1.0265E-03  3.1644E-03  1.0000E+00
 3.9126E+04  9.7471E-04  1.4360E-03  1.0276E-03  3.1437E-03  1.0000E+00
 3.9425E+04  9.7618E-04  1.4268E-03  1.0287E-03  3.1232E-03  1.0000E+00
 3.9727E+04  9.7766E-04  1.4177E-03  1.0299E-03  3.1029E-03  1.0000E+00
 4.0032E+04  9.7914E-04  1.4086E-03  1.0310E-03  3.0827E-03  1.0000E+00
 4.0338E+04  9.8063E-04  1.3996E-03  1.0322E-03  3.0627E-03  1.0000E+00
 4.0647E+04  9.8212E-04  1.3907E-03  1.0333E-03  3.0428E-03  1.0000E+00
 4.0958E+04  9.8362E-04  1.3819E-03  1.0345E-03  3.0231E-03  1.0000E+00
 4.1272E+04  9.8513E-04  1.3731E-03  1.0357E-03  3.0036E-03  1.0000E+00
 4.1588E+04  9.8665E-04  1.3643E-03  1.0368E-03  2.9841E-03  1.0000E+00
 4.1907E+04  9.8817E-04  1.3556E-03  1.0380E-03  2.9649E-03  1.0000E+00
 4.2228E+04  9.8970E-04  1.3470E-03  1.0393E-03  2.9458E-03  1.0000E+00
 4.2551E+04  9.9124E-04  1.3384E-03  1.0405E-03  2.9268E-03  1.0000E+00
 4.2877E+04  9.9278E-04  1.3299E-03  1.0417E-03  2.9080E-03  1.0000E+00
 4.3205E+04  9.9434E-04  1.3215E-03  1.0429E-03  2.8893E-03  1.0000E+00
 4.3536E+04  9.9590E-04  1.3131E-03  1.0442E-03  2.8708E-03  1.0000E+00
 4.3869E+04  9.9747E-04  1.3047E-03  1.0454E-03  2.8524E-03  1.0000E+00
 4.4205E+04  9.9904E-04  1.2965E-03  1.0467E-03  2.8341E-03  1.0000E+00
 4.4544E+04  1.0006E-03  1.2882E-03  1.0480E-03  2.8160E-03  1.0000E+00
 4.4885E+04  1.0022E-03  1.2801E-03  1.0493E-03  2.7980E-03  1.0000E+00
 4.5229E+04  1.0038E-03  1.2720E-03  1.0506E-03  2.7802E-03  1.0000E+00
 4.5575E+04  1.0054E-03  1.2639E-03  1.0519E-03  2.7625E-03  1.0000E+00
 4.5924E+04  1.0070E-03  1.2559E-03  1.0532E-03  2.7450E-03  1.0000E+00
 4.6276E+04  1.0087E-03  1.2480E-03  1.0545E-03  2.7275E-03  1.0000E+00
 4.6630E+04  1.0103E-03  1.2401E-03  1.0559E-03  2.7103E-03  1.0000E+00
 4.6987E+04  1.0120E-03  1.2323E-03  1.0572E-03  2.6931E-03  1.0000E+00
 4.7347E+04  1.0136E-03  1.2245E-03  1.0586E-03  2.6761E-03  1.0000E+00
 4.7710E+04  1.0153E-03  1.2167E-03  1.0599E-03  2.6592E-03  1.0000E+00
 4.8075E+04  1.0169E-03  1.2091E-03  1.0613E-03  2.6424E-03  1.0000E+00
 4.8443E+04  1.0186E-03  1.2015E-03  1.0627E-03  2.6258E-03  1.0000E+00
 4.8814E+04  1.0203E-03  1.1939E-03  1.0641E-03  2.6093E-03  1.0000E+00
 4.9188E+04  1.0220E-03  1.1864E-03  1.0656E-03  2.5929E-03  1.0000E+00
 4.9565E+04  1.0237E-03  1.1789E-03  1.0670E-03  2.5767E-03  1.0000E+00
 4.9945E+04  1.0254E-03  1.1715E-03  1.0684E-03  2.5606E-03  1.0000E+00
 5.0327E+04  1.0272E-03  1.1641E-03  1.0699E-03  2.5446E-03  1.0000E+00
 5.0713E+04  1.0289E-03  1.1568E-03  1.0714E-03  2.5287E-03  1.0000E+00
 5.1101E+04  1.0307E-03  1.1496E-03  1.0729E-03  2.5130E-03  1.0000E+00
 5.1492E+04  1.0324E-03  1.1424E-03  1.0743E-03  2.4973E-03  1.0000E+00
 5.1887E+04  1.0342E-03  1.1352E-03  1.0759E-03  2.4818E-03  1.0000E+00
 5.2284E+04  1.0360E-03  1.1281E-03  1.0774E-03  2.4664E-03  1.0000E+00
 5.2684E+04  1.0378E-03  1.1210E-03  1.0789E-03  2.4512E-03  1.0000E+00
 5.3088E+04  1.0396E-03  1.1140E-03  1.0805E-03  2.4360E-03  1.0000E+00
 5.3494E+04  1.0414E-03  1.1071E-03  1.0820E-03  2.4210E-03  1.0000E+00
 5.3904E+04  1.0432E-03  1.1002E-03  1.0836E-03  2.4061E-03  1.0000E+00
 5.4317E+04  1.0450E-03  1.0933E-03  1.0852E-03  2.3913E-03  1.0000E+00
 5.4733E+04  1.0469E-03  1.0865E-03  1.0868E-03  2.3766E-03  1.0000E+00
 5.5152E+04  1.0487E-03  1.0797E-03  1.0884E-03  2.3621E-03  1.0000E+00
 5.5574E+04  1.0506E-03  1.0730E-03  1.0900E-03  2.3476E-03  1.0000E+00
 5.6000E+04  1.0525E-03  1.0663E-03  1.0916E-03  2.3333E-03  1.0000E+00
 5.6429E+04  1.0544E-03  1.0597E-03  1.0933E-03  2.3190E-03  1.0000E+00
 5.6861E+04  1.0563E-03  1.0532E-03  1.0950E-03  2.3049E-03  1.0000E+00
 5.7297E+04  1.0582E-03  1.0466E-03  1.0966E-03  2.2909E-03  1.0000E+00
 5.7735E+04  1.0601E-03  1.0401E-03  1.0983E-03  2.2770E-03  1.0000E+00
 5.8177E+04  1.0621E-03  1.0337E-03  1.1000E-03  2.2632E-03  1.0000E+00
 5.8623E+04  1.0640E-03  1.0273E-03  1.1018E-03  2.2495E-03  1.0000E+00
 5.9072E+04  1.0660E-03  1.0210E-03  1.1035E-03  2.2360E-03  1.0000E+00
 5.9524E+04  1.0680E-03  1.0147E-03  1.1053E-03  2.2225E-03  1.0000E+00
 5.9980E+04  1.0700E-03  1.0084E-03  1.1070E-03  2.2091E-03  1.0000E+00
 6.0440E+04  1.0720E-03  1.0022E-03  1.1088E-03  2.1959E-03  1.0000E+00
 6.0902E+04  1.0740E-03  9.9602E-04  1.1106E-03  2.1827E-03  1.0000E+00
 6.1369E+04  1.0760E-03  9.8989E-04  1.1124E-03  2.1696E-03  1.0000E+00
 6.1839E+04  1.0781E-03  9.8381E-04  1.1142E-03  2.1567E-03  1.0000E+00
 6.2312E+04  1.0801E-03  9.7777E-04  1.1161E-03  2.1438E-03  1.0000E+00
 6.2790E+04  1.0822E-03  9.7178E-04  1.1179E-03  2.1311E-03  1.0000E+00
 6.3270E+04  1.0843E-03  9.6582E-04  1.1198E-03  2.1184E-03  1.0000E+00
 6.3755E+04  1.0864E-03  9.5991E-04  1.1217E-03  2.1059E-03  1.0000E+00
 6.4243E+04  1.0885E-03  9.5405E-04  1.1236E-03  2.0934E-03  1.0000E+00
 6.4735E+04  1.0906E-03  9.4822E-04  1.1255E-03  2.0811E-03  1.0000E+00
 6.5231E+04  1.0928E-03  9.4243E-04  1.1275E-03  2.0688E-03  1.0000E+00
 6.5731E+04  1.0949E-03  9.3669E-04  1.1294E-03  2.0567E-03  1.0000E+00
 6.6234E+04  1.0971E-03  9.3099E-04  1.1314E-03  2.0446E-03  1.0000E+00
 6.6741E+04  1.0993E-03  9.2533E-04  1.1334E-03  2.0326E-03  1.0000E+00
 6.7252E+04  1.1015E-03  9.1971E-04  1.1354E-03  2.0208E-03  1.0000E+00
 6.7767E+04  1.1037E-03  9.1413E-04  1.1374E-03  2.0090E-03  1.0000E+00
 6.8286E+04  1.1060E-03  9.0859E-04  1.1395E-03  1.9973E-03  1.0000E+00
 6.8809E+04  1.1082E-03  9.0308E-04  1.1415E-03  1.9857E-03  1.0000E+00
 6.9336E+04  1.1105E-03  8.9762E-04  1.1436E-03  1.9742E-03  1.0000E+00
 6.9867E+04  1.1128E-03  8.9220E-04  1.1457E-03  1.9628E-03  1.0000E+00
 7.0402E+04  1.1151E-03  8.8682E-04  1.1478E-03  1.9514E-03  1.0000E+00
 7.0942E+04  1.1174E-03  8.8147E-04  1.1499E-03  1.9402E-03  1.0000E+00
 7.1485E+04  1.1197E-03  8.7617E-04  1.1521E-03  1.9290E-03  1.0000E+00
 7.2032E+04  1.1221E-03  8.7090E-04  1.1542E-03  1.9180E-03  1.0000E+00
 7.2584E+04  1.1245E-03  8.6567E-04  1.1564E-03  1.9070E-03  1.0000E+00
 7.3140E+04  1.1269E-03  8.6048E-04  1.1586E-03  1.8961E-03  1.0000E+00
 7.3700E+04  1.1293E-03  8.5532E-04  1.1609E-03  1.8853E-03  1.0000E+00
 7.4264E+04  1.1317E-03  8.5021E-04  1.1631E-03  1.8746E-03  1.0000E+00
 7.4833E+04  1.1341E-03  8.4513E-04  1.1654E-03  1.8640E-03  1.0000E+00
 7.5406E+04  1.1366E-03  8.4008E-04  1.1676E-03  1.8534E-03  1.0000E+00
 7.5984E+04  1.1391E-03  8.3508E-04  1.1699E-03  1.8430E-03  1.0000E+00
 7.6566E+04  1.1416E-03  8.3010E-04  1.1723E-03  1.8326E-03  1.0000E+00
 7.7152E+04  1.1441E-03  8.2517E-04  1.1746E-03  1.8223E-03  1.0000E+00
 7.7743E+04  1.1466E-03  8.2027E-04  1.1770E-03  1.8121E-03  1.0000E+00
 7.8338E+04  1.1492E-03  8.1541E-04  1.1793E-03  1.8019E-03  1.0000E+00
 7.8938E+04  1.1517E-03  8.1058E-04  1.1818E-03  1.7919E-03  1.0000E+00
 7.9543E+04  1.1543E-03  8.0579E-04  1.1842E-03  1.7819E-03  1.0000E+00
 8.0152E+04  1.1569E-03  8.0103E-04  1.1866E-03  1.7720E-03  1.0000E+00
 8.0766E+04  1.1596E-03  7.9630E-04  1.1891E-03  1.7622E-03  1.0000E+00
 8.1384E+04  1.1622E-03  7.9162E-04  1.1916E-03  1.7525E-03  1.0000E+00
 8.2008E+04  1.1649E-03  7.8696E-04  1.1941E-03  1.7428E-03  1.0000E+00
 8.2636E+04  1.1676E-03  7.8234E-04  1.1966E-03  1.7332E-03  1.0000E+00
 8.3268E+04  1.1703E-03  7.7775E-04  1.1992E-03  1.7237E-03  1.0000E+00
 8.3906E+04  1.1730E-03  7.7320E-04  1.2017E-03  1.7143E-03  1.0000E+00
 8.4549E+04  1.1758E-03  7.6868E-04  1.2043E-03  1.7050E-03  1.0000E+00
 8.5196E+04  1.1786E-03  7.6419E-04  1.2070E-03  1.6957E-03  1.0000E+00
 8.5849E+04  1.1814E-03  7.5973E-04  1.2096E-03  1.6865E-03  1.0000E+00
 8.6506E+04  1.1842E-03  7.5531E-04  1.2123E-03  1.6773E-03  1.0000E+00
 8.7169E+04  1.1870E-03  7.5092E-04  1.2150E-03  1.6683E-03  1.0000E+00
 8.7836E+04  1.1899E-03  7.4656E-04  1.2177E-03  1.6593E-03  1.0000E+00
 8.8509E+04  1.1928E-03  7.4224E-04  1.2204E-03  1.6504E-03  1.0000E+00
 8.9187E+04  1.1957E-03  7.3794E-04  1.2232E-03  1.6416E-03  1.0000E+00
 8.9870E+04  1.1986E-03  7.3368E-04  1.2260E-03  1.6328E-03  1.0000E+00
 9.0558E+04  1.2016E-03  7.2945E-04  1.2288E-03  1.6241E-03  1.0000E+00
 9.1252E+04  1.2046E-03  7.2525E-04  1.2316E-03  1.6155E-03  1.0000E+00
 9.1950E+04  1.2076E-03  7.2108E-04  1.2345E-03  1.6069E-03  1.0000E+00
 9.2655E+04  1.2106E-03  7.1694E-04  1.2373E-03  1.5984E-03  1.0000E+00
 9.3364E+04  1.2136E-03  7.1283E-04  1.2403E-03  1.5900E-03  1.0000E+00
 9.4079E+04  1.2167E-03  7.0875E-04  1.2432E-03  1.5817E-03  1.0000E+00
 9.4800E+04  1.2198E-03  7.0470E-04  1.2462E-03  1.5734E-03  1.0000E+00
 9.5526E+04  1.2229E-03  7.0068E-04  1.2491E-03  1.5652E-03  1.0000E+00
 9.6257E+04  1.2261E-03  6.9669E-04  1.2522E-03  1.5570E-03  1.0000E+00
 9.6994E+04  1.2293E-03  6.9274E-04  1.2552E-03  1.5490E-03  1.0000E+00
 9.7737E+04  1.2325E-03  6.8880E-04  1.2583E-03  1.5409E-03  1.0000E+00
 9.8486E+04  1.2357E-03  6.8490E-04  1.2614E-03  1.5330E-03  1.0000E+00
 9.9240E+04  1.2390E-03  6.8103E-04  1.2645E-03  1.5251E-03  1.0000E+00
 1.0000E+05  1.2422E-03  6.7719E-04  1.2676E-03  1.5173E-03  1.0000E+00


