#     0	 1	   15	 1	 2.5523E+03	 1000	1
 4.8978E+01  0.0000E+00  0.0000E+00  0.0000E+00  0.0000E+00  0.0000E+00
 4.9353E+01  0.0000E+00  0.0000E+00  0.0000E+00  0.0000E+00  0.0000E+00
 4.9731E+01  0.0000E+00  0.0000E+00  0.0000E+00  0.0000E+00  0.0000E+00
 5.0112E+01  0.0000E+00  0.0000E+00  0.0000E+00  0.0000E+00  0.0000E+00
 5.0496E+01  0.0000E+00  0.0000E+00  0.0000E+00  0.0000E+00  0.0000E+00
 5.0882E+01  0.0000E+00  0.0000E+00  0.0000E+00  0.0000E+00  0.0000E+00
 5.1272E+01  0.0000E+00  0.0000E+00  0.0000E+00  0.0000E+00  0.0000E+00
 5.1665E+01  0.0000E+00  0.0000E+00  0.0000E+00  0.0000E+00  0.0000E+00
 5.2060E+01  0.0000E+00  0.0000E+00  0.0000E+00  0.0000E+00  0.0000E+00
 5.2459E+01  0.0000E+00  0.0000E+00  0.0000E+00  0.0000E+00  0.0000E+00
 5.2861E+01  0.0000E+00  0.0000E+00  0.0000E+00  0.0000E+00  0.0000E+00
 5.3266E+01  0.0000E+00  0.0000E+00  0.0000E+00  0.0000E+00  0.0000E+00
 5.3673E+01  0.0000E+00  0.0000E+00  0.0000E+00  0.0000E+00  0.0000E+00
 5.4085E+01  0.0000E+00  0.0000E+00  0.0000E+00  0.0000E+00  0.0000E+00
 5.4499E+01  0.0000E+00  0.0000E+00  0.0000E+00  0.0000E+00  0.0000E+00
 5.4916E+01  0.0000E+00  0.0000E+00  0.0000E+00  0.0000E+00  0.0000E+00
 5.5337E+01  0.0000E+00  0.0000E+00  0.0000E+00  0.0000E+00  0.0000E+00
 5.5760E+01  0.0000E+00  0.0000E+00  0.0000E+00  0.0000E+00  0.0000E+00
 5.6187E+01  0.0000E+00  0.0000E+00  0.0000E+00  0.0000E+00  0.0000E+00
 5.6618E+01  0.0000E+00  0.0000E+00  0.0000E+00  0.0000E+00  0.0000E+00
 5.7051E+01  0.0000E+00  0.0000E+00  0.0000E+00  0.0000E+00  0.0000E+00
 5.7488E+01  0.0000E+00  0.0000E+00  0.0000E+00  0.0000E+00  0.0000E+00
 5.7929E+01  0.0000E+00  0.0000E+00  0.0000E+00  0.0000E+00  0.0000E+00
 5.8372E+01  0.0000E+00  0.0000E+00  0.0000E+00  0.0000E+00  0.0000E+00
 5.8819E+01  0.0000E+00  0.0000E+00  0.0000E+00  0.0000E+00  0.0000E+00
 5.9270E+01  0.0000E+00  0.0000E+00  0.0000E+00  0.0000E+00  0.0000E+00
 5.9724E+01  0.0000E+00  0.0000E+00  0.0000E+00  0.0000E+00  0.0000E+00
 6.0181E+01  0.0000E+00  0.0000E+00  0.0000E+00  0.0000E+00  0.0000E+00
 6.0642E+01  0.0000E+00  0.0000E+00  0.0000E+00  0.0000E+00  0.0000E+00
 6.1106E+01  0.0000E+00  0.0000E+00  0.0000E+00  0.0000E+00  0.0000E+00
 6.1574E+01  0.0000E+00  0.0000E+00  0.0000E+00  0.0000E+00  0.0000E+00
 6.2046E+01  0.0000E+00  0.0000E+00  0.0000E+00  0.0000E+00  0.0000E+00
 6.2521E+01  0.0000E+00  0.0000E+00  0.0000E+00  0.0000E+00  0.0000E+00
 6.3000E+01  0.0000E+00  0.0000E+00  0.0000E+00  0.0000E+00  0.0000E+00
 6.3482E+01  0.0000E+00  0.0000E+00  0.0000E+00  0.0000E+00  0.0000E+00
 6.3968E+01  0.0000E+00  0.0000E+00  0.0000E+00  0.0000E+00  0.0000E+00
 6.4458E+01  0.0000E+00  0.0000E+00  0.0000E+00  0.0000E+00  0.0000E+00
 6.4952E+01  0.0000E+00  0.0000E+00  0.0000E+00  0.0000E+00  0.0000E+00
 6.5449E+01  0.0000E+00  0.0000E+00  0.0000E+00  0.0000E+00  0.0000E+00
 6.5951E+01  0.0000E+00  0.0000E+00  0.0000E+00  0.0000E+00  0.0000E+00
 6.6456E+01  0.0000E+00  0.0000E+00  0.0000E+00  0.0000E+00  0.0000E+00
 6.6965E+01  0.0000E+00  0.0000E+00  0.0000E+00  0.0000E+00  0.0000E+00
 6.7478E+01  0.0000E+00  0.0000E+00  0.0000E+00  0.0000E+00  0.0000E+00
 6.7994E+01  0.0000E+00  0.0000E+00  0.0000E+00  0.0000E+00  0.0000E+00
 6.8515E+01  0.0000E+00  0.0000E+00  0.0000E+00  0.0000E+00  0.0000E+00
 6.9040E+01  0.0000E+00  0.0000E+00  0.0000E+00  0.0000E+00  0.0000E+00
 6.9568E+01  0.0000E+00  0.0000E+00  0.0000E+00  0.0000E+00  0.0000E+00
 7.0101E+01  0.0000E+00  0.0000E+00  0.0000E+00  0.0000E+00  0.0000E+00
 7.0638E+01  0.0000E+00  0.0000E+00  0.0000E+00  0.0000E+00  0.0000E+00
 7.1179E+01  0.0000E+00  0.0000E+00  0.0000E+00  0.0000E+00  0.0000E+00
 7.1724E+01  0.0000E+00  0.0000E+00  0.0000E+00  0.0000E+00  0.0000E+00
 7.2273E+01  0.0000E+00  0.0000E+00  0.0000E+00  0.0000E+00  0.0000E+00
 7.2827E+01  0.0000E+00  0.0000E+00  0.0000E+00  0.0000E+00  0.0000E+00
 7.3385E+01  0.0000E+00  0.0000E+00  0.0000E+00  0.0000E+00  0.0000E+00
 7.3947E+01  0.0000E+00  0.0000E+00  0.0000E+00  0.0000E+00  0.0000E+00
 7.4513E+01  0.0000E+00  0.0000E+00  0.0000E+00  0.0000E+00  0.0000E+00
 7.5084E+01  0.0000E+00  0.0000E+00  0.0000E+00  0.0000E+00  0.0000E+00
 7.5659E+01  0.0000E+00  0.0000E+00  0.0000E+00  0.0000E+00  0.0000E+00
 7.6238E+01  0.0000E+00  0.0000E+00  0.0000E+00  0.0000E+00  0.0000E+00
 7.6822E+01  0.0000E+00  0.0000E+00  0.0000E+00  0.0000E+00  0.0000E+00
 7.7410E+01  0.0000E+00  0.0000E+00  0.0000E+00  0.0000E+00  0.0000E+00
 7.8003E+01  0.0000E+00  0.0000E+00  0.0000E+00  0.0000E+00  0.0000E+00
 7.8601E+01  0.0000E+00  0.0000E+00  0.0000E+00  0.0000E+00  0.0000E+00
 7.9202E+01  0.0000E+00  0.0000E+00  0.0000E+00  0.0000E+00  0.0000E+00
 7.9809E+01  0.0000E+00  0.0000E+00  0.0000E+00  0.0000E+00  0.0000E+00
 8.0420E+01  0.0000E+00  0.0000E+00  0.0000E+00  0.0000E+00  0.0000E+00
 8.1036E+01  0.0000E+00  0.0000E+00  0.0000E+00  0.0000E+00  0.0000E+00
 8.1657E+01  0.0000E+00  0.0000E+00  0.0000E+00  0.0000E+00  0.0000E+00
 8.2282E+01  0.0000E+00  0.0000E+00  0.0000E+00  0.0000E+00  0.0000E+00
 8.2912E+01  0.0000E+00  0.0000E+00  0.0000E+00  0.0000E+00  0.0000E+00
 8.3547E+01  0.0000E+00  0.0000E+00  0.0000E+00  0.0000E+00  0.0000E+00
 8.4187E+01  0.0000E+00  0.0000E+00  0.0000E+00  0.0000E+00  0.0000E+00
 8.4832E+01  0.0000E+00  0.0000E+00  0.0000E+00  0.0000E+00  0.0000E+00
 8.5481E+01  0.0000E+00  0.0000E+00  0.0000E+00  0.0000E+00  0.0000E+00
 8.6136E+01  0.0000E+00  0.0000E+00  0.0000E+00  0.0000E+00  0.0000E+00
 8.6796E+01  0.0000E+00  0.0000E+00  0.0000E+00  0.0000E+00  0.0000E+00
 8.7460E+01  0.0000E+00  0.0000E+00  0.0000E+00  0.0000E+00  0.0000E+00
 8.8130E+01  0.0000E+00  0.0000E+00  0.0000E+00  0.0000E+00  0.0000E+00
 8.8805E+01  0.0000E+00  0.0000E+00  0.0000E+00  0.0000E+00  0.0000E+00
 8.9485E+01  0.0000E+00  0.0000E+00  0.0000E+00  0.0000E+00  0.0000E+00
 9.0171E+01  0.0000E+00  0.0000E+00  0.0000E+00  0.0000E+00  0.0000E+00
 9.0861E+01  0.0000E+00  0.0000E+00  0.0000E+00  0.0000E+00  0.0000E+00
 9.1557E+01  0.0000E+00  0.0000E+00  0.0000E+00  0.0000E+00  0.0000E+00
 9.2258E+01  0.0000E+00  0.0000E+00  0.0000E+00  0.0000E+00  0.0000E+00
 9.2965E+01  0.0000E+00  0.0000E+00  0.0000E+00  0.0000E+00  0.0000E+00
 9.3677E+01  0.0000E+00  0.0000E+00  0.0000E+00  0.0000E+00  0.0000E+00
 9.4394E+01  0.0000E+00  0.0000E+00  0.0000E+00  0.0000E+00  0.0000E+00
 9.5117E+01  0.0000E+00  0.0000E+00  0.0000E+00  0.0000E+00  0.0000E+00
 9.5845E+01  0.0000E+00  0.0000E+00  0.0000E+00  0.0000E+00  0.0000E+00
 9.6579E+01  0.0000E+00  0.0000E+00  0.0000E+00  0.0000E+00  0.0000E+00
 9.7319E+01  0.0000E+00  0.0000E+00  0.0000E+00  0.0000E+00  0.0000E+00
 9.8064E+01  0.0000E+00  0.0000E+00  0.0000E+00  0.0000E+00  0.0000E+00
 9.8815E+01  0.0000E+00  0.0000E+00  0.0000E+00  0.0000E+00  0.0000E+00
 9.9572E+01  0.0000E+00  0.0000E+00  0.0000E+00  0.0000E+00  0.0000E+00
 1.0033E+02  0.0000E+00  0.0000E+00  0.0000E+00  0.0000E+00  0.0000E+00
 1.0110E+02  0.0000E+00  0.0000E+00  0.0000E+00  0.0000E+00  0.0000E+00
 1.0188E+02  0.0000E+00  0.0000E+00  0.0000E+00  0.0000E+00  0.0000E+00
 1.0266E+02  0.0000E+00  0.0000E+00  0.0000E+00  0.0000E+00  0.0000E+00
 1.0344E+02  0.0000E+00  0.0000E+00  0.0000E+00  0.0000E+00  0.0000E+00
 1.0424E+02  0.0000E+00  0.0000E+00  0.0000E+00  0.0000E+00  0.0000E+00
 1.0503E+02  0.0000E+00  0.0000E+00  0.0000E+00  0.0000E+00  0.0000E+00
 1.0584E+02  0.0000E+00  0.0000E+00  0.0000E+00  0.0000E+00  0.0000E+00
 1.0665E+02  0.0000E+00  0.0000E+00  0.0000E+00  0.0000E+00  0.0000E+00
 1.0747E+02  0.0000E+00  0.0000E+00  0.0000E+00  0.0000E+00  0.0000E+00
 1.0829E+02  0.0000E+00  0.0000E+00  0.0000E+00  0.0000E+00  0.0000E+00
 1.0912E+02  0.0000E+00  0.0000E+00  0.0000E+00  0.0000E+00  0.0000E+00
 1.0995E+02  0.0000E+00  0.0000E+00  0.0000E+00  0.0000E+00  0.0000E+00
 1.1080E+02  0.0000E+00  0.0000E+00  0.0000E+00  0.0000E+00  0.0000E+00
 1.1164E+02  0.0000E+00  0.0000E+00  0.0000E+00  0.0000E+00  0.0000E+00
 1.1250E+02  0.0000E+00  0.0000E+00  0.0000E+00  0.0000E+00  0.0000E+00
 1.1336E+02  0.0000E+00  0.0000E+00  0.0000E+00  0.0000E+00  0.0000E+00
 1.1423E+02  0.0000E+00  0.0000E+00  0.0000E+00  0.0000E+00  0.0000E+00
 1.1510E+02  0.0000E+00  0.0000E+00  0.0000E+00  0.0000E+00  0.0000E+00
 1.1599E+02  0.0000E+00  0.0000E+00  0.0000E+00  0.0000E+00  0.0000E+00
 1.1687E+02  0.0000E+00  0.0000E+00  0.0000E+00  0.0000E+00  0.0000E+00
 1.1777E+02  0.0000E+00  0.0000E+00  0.0000E+00  0.0000E+00  0.0000E+00
 1.1867E+02  0.0000E+00  0.0000E+00  0.0000E+00  0.0000E+00  0.0000E+00
 1.1958E+02  0.0000E+00  0.0000E+00  0.0000E+00  0.0000E+00  0.0000E+00
 1.2050E+02  0.0000E+00  0.0000E+00  0.0000E+00  0.0000E+00  0.0000E+00
 1.2142E+02  0.0000E+00  0.0000E+00  0.0000E+00  0.0000E+00  0.0000E+00
 1.2235E+02  0.0000E+00  0.0000E+00  0.0000E+00  0.0000E+00  0.0000E+00
 1.2329E+02  0.0000E+00  0.0000E+00  0.0000E+00  0.0000E+00  0.0000E+00
 1.2423E+02  0.0000E+00  0.0000E+00  0.0000E+00  0.0000E+00  0.0000E+00
 1.2518E+02  0.0000E+00  0.0000E+00  0.0000E+00  0.0000E+00  0.0000E+00
 1.2614E+02  0.0000E+00  0.0000E+00  0.0000E+00  0.0000E+00  0.0000E+00
 1.2711E+02  0.0000E+00  0.0000E+00  0.0000E+00  0.0000E+00  0.0000E+00
 1.2808E+02  0.0000E+00  0.0000E+00  0.0000E+00  0.0000E+00  0.0000E+00
 1.2906E+02  0.0000E+00  0.0000E+00  0.0000E+00  0.0000E+00  0.0000E+00
 1.3005E+02  0.0000E+00  0.0000E+00  0.0000E+00  0.0000E+00  0.0000E+00
 1.3104E+02  0.0000E+00  0.0000E+00  0.0000E+00  0.0000E+00  0.0000E+00
 1.3205E+02  0.0000E+00  0.0000E+00  0.0000E+00  0.0000E+00  0.0000E+00
 1.3306E+02  0.0000E+00  0.0000E+00  0.0000E+00  0.0000E+00  0.0000E+00
 1.3408E+02  0.0000E+00  0.0000E+00  0.0000E+00  0.0000E+00  0.0000E+00
 1.3510E+02  0.0000E+00  0.0000E+00  0.0000E+00  0.0000E+00  0.0000E+00
 1.3614E+02  0.0000E+00  0.0000E+00  0.0000E+00  0.0000E+00  0.0000E+00
 1.3718E+02  0.0000E+00  0.0000E+00  0.0000E+00  0.0000E+00  0.0000E+00
 1.3823E+02  0.0000E+00  0.0000E+00  0.0000E+00  0.0000E+00  0.0000E+00
 1.3929E+02  0.0000E+00  0.0000E+00  0.0000E+00  0.0000E+00  0.0000E+00
 1.4036E+02  0.0000E+00  0.0000E+00  0.0000E+00  0.0000E+00  0.0000E+00
 1.4143E+02  0.0000E+00  0.0000E+00  0.0000E+00  0.0000E+00  0.0000E+00
 1.4252E+02  0.0000E+00  0.0000E+00  0.0000E+00  0.0000E+00  0.0000E+00
 1.4361E+02  0.0000E+00  0.0000E+00  0.0000E+00  0.0000E+00  0.0000E+00
 1.4471E+02  0.0000E+00  0.0000E+00  0.0000E+00  0.0000E+00  0.0000E+00
 1.4582E+02  0.0000E+00  0.0000E+00  0.0000E+00  0.0000E+00  0.0000E+00
 1.4693E+02  0.0000E+00  0.0000E+00  0.0000E+00  0.0000E+00  0.0000E+00
 1.4806E+02  0.0000E+00  0.0000E+00  0.0000E+00  0.0000E+00  0.0000E+00
 1.4919E+02  0.0000E+00  0.0000E+00  0.0000E+00  0.0000E+00  0.0000E+00
 1.5033E+02  0.0000E+00  0.0000E+00  0.0000E+00  0.0000E+00  0.0000E+00
 1.5149E+02  0.0000E+00  0.0000E+00  0.0000E+00  0.0000E+00  0.0000E+00
 1.5265E+02  0.0000E+00  0.0000E+00  0.0000E+00  0.0000E+00  0.0000E+00
 1.5381E+02  0.0000E+00  0.0000E+00  0.0000E+00  0.0000E+00  0.0000E+00
 1.5499E+02  0.0000E+00  0.0000E+00  0.0000E+00  0.0000E+00  0.0000E+00
 1.5618E+02  0.0000E+00  0.0000E+00  0.0000E+00  0.0000E+00  0.0000E+00
 1.5738E+02  0.0000E+00  0.0000E+00  0.0000E+00  0.0000E+00  0.0000E+00
 1.5858E+02  0.0000E+00  0.0000E+00  0.0000E+00  0.0000E+00  0.0000E+00
 1.5980E+02  0.0000E+00  0.0000E+00  0.0000E+00  0.0000E+00  0.0000E+00
 1.6102E+02  0.0000E+00  0.0000E+00  0.0000E+00  0.0000E+00  0.0000E+00
 1.6225E+02  0.0000E+00  0.0000E+00  0.0000E+00  0.0000E+00  0.0000E+00
 1.6349E+02  0.0000E+00  0.0000E+00  0.0000E+00  0.0000E+00  0.0000E+00
 1.6475E+02  0.0000E+00  0.0000E+00  0.0000E+00  0.0000E+00  0.0000E+00
 1.6601E+02  0.0000E+00  0.0000E+00  0.0000E+00  0.0000E+00  0.0000E+00
 1.6728E+02  0.0000E+00  0.0000E+00  0.0000E+00  0.0000E+00  0.0000E+00
 1.6856E+02  0.0000E+00  0.0000E+00  0.0000E+00  0.0000E+00  0.0000E+00
 1.6985E+02  0.0000E+00  0.0000E+00  0.0000E+00  0.0000E+00  0.0000E+00
 1.7115E+02  0.0000E+00  0.0000E+00  0.0000E+00  0.0000E+00  0.0000E+00
 1.7246E+02  0.0000E+00  0.0000E+00  0.0000E+00  0.0000E+00  0.0000E+00
 1.7378E+02  0.0000E+00  0.0000E+00  0.0000E+00  0.0000E+00  0.0000E+00
 1.7511E+02  0.0000E+00  0.0000E+00  0.0000E+00  0.0000E+00  0.0000E+00
 1.7646E+02  0.0000E+00  0.0000E+00  0.0000E+00  0.0000E+00  0.0000E+00
 1.7781E+02  0.0000E+00  0.0000E+00  0.0000E+00  0.0000E+00  0.0000E+00
 1.7917E+02  0.0000E+00  0.0000E+00  0.0000E+00  0.0000E+00  0.0000E+00
 1.8054E+02  0.0000E+00  0.0000E+00  0.0000E+00  0.0000E+00  0.0000E+00
 1.8192E+02  0.0000E+00  0.0000E+00  0.0000E+00  0.0000E+00  0.0000E+00
 1.8332E+02  0.0000E+00  0.0000E+00  0.0000E+00  0.0000E+00  0.0000E+00
 1.8472E+02  0.0000E+00  0.0000E+00  0.0000E+00  0.0000E+00  0.0000E+00
 1.8614E+02  0.0000E+00  0.0000E+00  0.0000E+00  0.0000E+00  0.0000E+00
 1.8756E+02  0.0000E+00  0.0000E+00  0.0000E+00  0.0000E+00  0.0000E+00
 1.8900E+02  0.0000E+00  0.0000E+00  0.0000E+00  0.0000E+00  0.0000E+00
 1.9045E+02  0.0000E+00  0.0000E+00  0.0000E+00  0.0000E+00  0.0000E+00
 1.9190E+02  0.0000E+00  0.0000E+00  0.0000E+00  0.0000E+00  0.0000E+00
 1.9337E+02  0.0000E+00  0.0000E+00  0.0000E+00  0.0000E+00  0.0000E+00
 1.9485E+02  0.0000E+00  0.0000E+00  0.0000E+00  0.0000E+00  0.0000E+00
 1.9635E+02  0.0000E+00  0.0000E+00  0.0000E+00  0.0000E+00  0.0000E+00
 1.9785E+02  0.0000E+00  0.0000E+00  0.0000E+00  0.0000E+00  0.0000E+00
 1.9937E+02  0.0000E+00  0.0000E+00  0.0000E+00  0.0000E+00  0.0000E+00
 2.0089E+02  0.0000E+00  0.0000E+00  0.0000E+00  0.0000E+00  0.0000E+00
 2.0243E+02  0.0000E+00  0.0000E+00  0.0000E+00  0.0000E+00  0.0000E+00
 2.0398E+02  0.0000E+00  0.0000E+00  0.0000E+00  0.0000E+00  0.0000E+00
 2.0554E+02  0.0000E+00  0.0000E+00  0.0000E+00  0.0000E+00  0.0000E+00
 2.0712E+02  0.0000E+00  0.0000E+00  0.0000E+00  0.0000E+00  0.0000E+00
 2.0870E+02  0.0000E+00  0.0000E+00  0.0000E+00  0.0000E+00  0.0000E+00
 2.1030E+02  0.0000E+00  0.0000E+00  0.0000E+00  0.0000E+00  0.0000E+00
 2.1191E+02  0.0000E+00  0.0000E+00  0.0000E+00  0.0000E+00  0.0000E+00
 2.1354E+02  0.0000E+00  0.0000E+00  0.0000E+00  0.0000E+00  0.0000E+00
 2.1517E+02  0.0000E+00  0.0000E+00  0.0000E+00  0.0000E+00  0.0000E+00
 2.1682E+02  0.0000E+00  0.0000E+00  0.0000E+00  0.0000E+00  0.0000E+00
 2.1848E+02  0.0000E+00  0.0000E+00  0.0000E+00  0.0000E+00  0.0000E+00
 2.2015E+02  0.0000E+00  0.0000E+00  0.0000E+00  0.0000E+00  0.0000E+00
 2.2184E+02  0.0000E+00  0.0000E+00  0.0000E+00  0.0000E+00  0.0000E+00
 2.2354E+02  0.0000E+00  0.0000E+00  0.0000E+00  0.0000E+00  0.0000E+00
 2.2525E+02  0.0000E+00  0.0000E+00  0.0000E+00  0.0000E+00  0.0000E+00
 2.2697E+02  0.0000E+00  0.0000E+00  0.0000E+00  0.0000E+00  0.0000E+00
 2.2871E+02  0.0000E+00  0.0000E+00  0.0000E+00  0.0000E+00  0.0000E+00
 2.3046E+02  0.0000E+00  0.0000E+00  0.0000E+00  0.0000E+00  0.0000E+00
 2.3223E+02  0.0000E+00  0.0000E+00  0.0000E+00  0.0000E+00  0.0000E+00
 2.3401E+02  0.0000E+00  0.0000E+00  0.0000E+00  0.0000E+00  0.0000E+00
 2.3580E+02  0.0000E+00  0.0000E+00  0.0000E+00  0.0000E+00  0.0000E+00
 2.3761E+02  0.0000E+00  0.0000E+00  0.0000E+00  0.0000E+00  0.0000E+00
 2.3942E+02  0.0000E+00  0.0000E+00  0.0000E+00  0.0000E+00  0.0000E+00
 2.4126E+02  0.0000E+00  0.0000E+00  0.0000E+00  0.0000E+00  0.0000E+00
 2.4311E+02  0.0000E+00  0.0000E+00  0.0000E+00  0.0000E+00  0.0000E+00
 2.4497E+02  0.0000E+00  0.0000E+00  0.0000E+00  0.0000E+00  0.0000E+00
 2.4684E+02  0.0000E+00  0.0000E+00  0.0000E+00  0.0000E+00  0.0000E+00
 2.4873E+02  0.0000E+00  0.0000E+00  0.0000E+00  0.0000E+00  0.0000E+00
 2.5064E+02  0.0000E+00  0.0000E+00  0.0000E+00  0.0000E+00  0.0000E+00
 2.5256E+02  0.0000E+00  0.0000E+00  0.0000E+00  0.0000E+00  0.0000E+00
 2.5449E+02  0.0000E+00  0.0000E+00  0.0000E+00  0.0000E+00  0.0000E+00
 2.5644E+02  0.0000E+00  0.0000E+00  0.0000E+00  0.0000E+00  0.0000E+00
 2.5841E+02  0.0000E+00  0.0000E+00  0.0000E+00  0.0000E+00  0.0000E+00
 2.6038E+02  0.0000E+00  0.0000E+00  0.0000E+00  0.0000E+00  0.0000E+00
 2.6238E+02  0.0000E+00  0.0000E+00  0.0000E+00  0.0000E+00  0.0000E+00
 2.6439E+02  0.0000E+00  0.0000E+00  0.0000E+00  0.0000E+00  0.0000E+00
 2.6641E+02  0.0000E+00  0.0000E+00  0.0000E+00  0.0000E+00  0.0000E+00
 2.6845E+02  0.0000E+00  0.0000E+00  0.0000E+00  0.0000E+00  0.0000E+00
 2.7051E+02  0.0000E+00  0.0000E+00  0.0000E+00  0.0000E+00  0.0000E+00
 2.7258E+02  0.0000E+00  0.0000E+00  0.0000E+00  0.0000E+00  0.0000E+00
 2.7467E+02  0.0000E+00  0.0000E+00  0.0000E+00  0.0000E+00  0.0000E+00
 2.7677E+02  0.0000E+00  0.0000E+00  0.0000E+00  0.0000E+00  0.0000E+00
 2.7889E+02  0.0000E+00  0.0000E+00  0.0000E+00  0.0000E+00  0.0000E+00
 2.8103E+02  0.0000E+00  0.0000E+00  0.0000E+00  0.0000E+00  0.0000E+00
 2.8318E+02  0.0000E+00  0.0000E+00  0.0000E+00  0.0000E+00  0.0000E+00
 2.8535E+02  0.0000E+00  0.0000E+00  0.0000E+00  0.0000E+00  0.0000E+00
 2.8753E+02  0.0000E+00  0.0000E+00  0.0000E+00  0.0000E+00  0.0000E+00
 2.8974E+02  0.0000E+00  0.0000E+00  0.0000E+00  0.0000E+00  0.0000E+00
 2.9195E+02  0.0000E+00  0.0000E+00  0.0000E+00  0.0000E+00  0.0000E+00
 2.9419E+02  0.0000E+00  0.0000E+00  0.0000E+00  0.0000E+00  0.0000E+00
 2.9644E+02  0.0000E+00  0.0000E+00  0.0000E+00  0.0000E+00  0.0000E+00
 2.9871E+02  0.0000E+00  0.0000E+00  0.0000E+00  0.0000E+00  0.0000E+00
 3.0100E+02  0.0000E+00  0.0000E+00  0.0000E+00  0.0000E+00  0.0000E+00
 3.0331E+02  0.0000E+00  0.0000E+00  0.0000E+00  0.0000E+00  0.0000E+00
 3.0563E+02  0.0000E+00  0.0000E+00  0.0000E+00  0.0000E+00  0.0000E+00
 3.0797E+02  0.0000E+00  0.0000E+00  0.0000E+00  0.0000E+00  0.0000E+00
 3.1033E+02  0.0000E+00  0.0000E+00  0.0000E+00  0.0000E+00  0.0000E+00
 3.1271E+02  0.0000E+00  0.0000E+00  0.0000E+00  0.0000E+00  0.0000E+00
 3.1510E+02  0.0000E+00  0.0000E+00  0.0000E+00  0.0000E+00  0.0000E+00
 3.1751E+02  0.0000E+00  0.0000E+00  0.0000E+00  0.0000E+00  0.0000E+00
 3.1994E+02  0.0000E+00  0.0000E+00  0.0000E+00  0.0000E+00  0.0000E+00
 3.2240E+02  0.0000E+00  0.0000E+00  0.0000E+00  0.0000E+00  0.0000E+00
 3.2486E+02  0.0000E+00  0.0000E+00  0.0000E+00  0.0000E+00  0.0000E+00
 3.2735E+02  0.0000E+00  0.0000E+00  0.0000E+00  0.0000E+00  0.0000E+00
 3.2986E+02  0.0000E+00  0.0000E+00  0.0000E+00  0.0000E+00  0.0000E+00
 3.3239E+02  0.0000E+00  0.0000E+00  0.0000E+00  0.0000E+00  0.0000E+00
 3.3493E+02  0.0000E+00  0.0000E+00  0.0000E+00  0.0000E+00  0.0000E+00
 3.3750E+02  0.0000E+00  0.0000E+00  0.0000E+00  0.0000E+00  0.0000E+00
 3.4008E+02  0.0000E+00  0.0000E+00  0.0000E+00  0.0000E+00  0.0000E+00
 3.4268E+02  0.0000E+00  0.0000E+00  0.0000E+00  0.0000E+00  0.0000E+00
 3.4531E+02  0.0000E+00  0.0000E+00  0.0000E+00  0.0000E+00  0.0000E+00
 3.4795E+02  0.0000E+00  0.0000E+00  0.0000E+00  0.0000E+00  0.0000E+00
 3.5062E+02  0.0000E+00  0.0000E+00  0.0000E+00  0.0000E+00  0.0000E+00
 3.5330E+02  0.0000E+00  0.0000E+00  0.0000E+00  0.0000E+00  0.0000E+00
 3.5601E+02  0.0000E+00  0.0000E+00  0.0000E+00  0.0000E+00  0.0000E+00
 3.5874E+02  0.0000E+00  0.0000E+00  0.0000E+00  0.0000E+00  0.0000E+00
 3.6148E+02  0.0000E+00  0.0000E+00  0.0000E+00  0.0000E+00  0.0000E+00
 3.6425E+02  0.0000E+00  0.0000E+00  0.0000E+00  0.0000E+00  0.0000E+00
 3.6704E+02  0.0000E+00  0.0000E+00  0.0000E+00  0.0000E+00  0.0000E+00
 3.6985E+02  0.0000E+00  0.0000E+00  0.0000E+00  0.0000E+00  0.0000E+00
 3.7268E+02  0.0000E+00  0.0000E+00  0.0000E+00  0.0000E+00  0.0000E+00
 3.7554E+02  0.0000E+00  0.0000E+00  0.0000E+00  0.0000E+00  0.0000E+00
 3.7841E+02  0.0000E+00  0.0000E+00  0.0000E+00  0.0000E+00  0.0000E+00
 3.8131E+02  0.0000E+00  0.0000E+00  0.0000E+00  0.0000E+00  0.0000E+00
 3.8423E+02  0.0000E+00  0.0000E+00  0.0000E+00  0.0000E+00  0.0000E+00
 3.8718E+02  0.0000E+00  0.0000E+00  0.0000E+00  0.0000E+00  0.0000E+00
 3.9014E+02  0.0000E+00  0.0000E+00  0.0000E+00  0.0000E+00  0.0000E+00
 3.9313E+02  0.0000E+00  0.0000E+00  0.0000E+00  0.0000E+00  0.0000E+00
 3.9614E+02  0.0000E+00  0.0000E+00  0.0000E+00  0.0000E+00  0.0000E+00
 3.9917E+02  0.0000E+00  0.0000E+00  0.0000E+00  0.0000E+00  0.0000E+00
 4.0223E+02  0.0000E+00  0.0000E+00  0.0000E+00  0.0000E+00  0.0000E+00
 4.0531E+02  0.0000E+00  0.0000E+00  0.0000E+00  0.0000E+00  0.0000E+00
 4.0841E+02  0.0000E+00  0.0000E+00  0.0000E+00  0.0000E+00  0.0000E+00
 4.1154E+02  0.0000E+00  0.0000E+00  0.0000E+00  0.0000E+00  0.0000E+00
 4.1469E+02  0.0000E+00  0.0000E+00  0.0000E+00  0.0000E+00  0.0000E+00
 4.1787E+02  0.0000E+00  0.0000E+00  0.0000E+00  0.0000E+00  0.0000E+00
 4.2107E+02  0.0000E+00  0.0000E+00  0.0000E+00  0.0000E+00  0.0000E+00
 4.2429E+02  0.0000E+00  0.0000E+00  0.0000E+00  0.0000E+00  0.0000E+00
 4.2754E+02  0.0000E+00  0.0000E+00  0.0000E+00  0.0000E+00  0.0000E+00
 4.3082E+02  0.0000E+00  0.0000E+00  0.0000E+00  0.0000E+00  0.0000E+00
 4.3412E+02  0.0000E+00  0.0000E+00  0.0000E+00  0.0000E+00  0.0000E+00
 4.3744E+02  0.0000E+00  0.0000E+00  0.0000E+00  0.0000E+00  0.0000E+00
 4.4079E+02  0.0000E+00  0.0000E+00  0.0000E+00  0.0000E+00  0.0000E+00
 4.4417E+02  0.0000E+00  0.0000E+00  0.0000E+00  0.0000E+00  0.0000E+00
 4.4757E+02  0.0000E+00  0.0000E+00  0.0000E+00  0.0000E+00  0.0000E+00
 4.5100E+02  0.0000E+00  0.0000E+00  0.0000E+00  0.0000E+00  0.0000E+00
 4.5445E+02  0.0000E+00  0.0000E+00  0.0000E+00  0.0000E+00  0.0000E+00
 4.5793E+02  0.0000E+00  0.0000E+00  0.0000E+00  0.0000E+00  0.0000E+00
 4.6144E+02  0.0000E+00  0.0000E+00  0.0000E+00  0.0000E+00  0.0000E+00
 4.6497E+02  0.0000E+00  0.0000E+00  0.0000E+00  0.0000E+00  0.0000E+00
 4.6853E+02  0.0000E+00  0.0000E+00  0.0000E+00  0.0000E+00  0.0000E+00
 4.7212E+02  0.0000E+00  0.0000E+00  0.0000E+00  0.0000E+00  0.0000E+00
 4.7574E+02  0.0000E+00  0.0000E+00  0.0000E+00  0.0000E+00  0.0000E+00
 4.7938E+02  0.0000E+00  0.0000E+00  0.0000E+00  0.0000E+00  0.0000E+00
 4.8305E+02  0.0000E+00  0.0000E+00  0.0000E+00  0.0000E+00  0.0000E+00
 4.8675E+02  0.0000E+00  0.0000E+00  0.0000E+00  0.0000E+00  0.0000E+00
 4.9048E+02  0.0000E+00  0.0000E+00  0.0000E+00  0.0000E+00  0.0000E+00
 4.9424E+02  0.0000E+00  0.0000E+00  0.0000E+00  0.0000E+00  0.0000E+00
 4.9802E+02  0.0000E+00  0.0000E+00  0.0000E+00  0.0000E+00  0.0000E+00
 5.0183E+02  0.0000E+00  0.0000E+00  0.0000E+00  0.0000E+00  0.0000E+00
 5.0568E+02  0.0000E+00  0.0000E+00  0.0000E+00  0.0000E+00  0.0000E+00
 5.0955E+02  0.0000E+00  0.0000E+00  0.0000E+00  0.0000E+00  0.0000E+00
 5.1345E+02  0.0000E+00  0.0000E+00  0.0000E+00  0.0000E+00  0.0000E+00
 5.1738E+02  0.0000E+00  0.0000E+00  0.0000E+00  0.0000E+00  0.0000E+00
 5.2135E+02  0.0000E+00  0.0000E+00  0.0000E+00  0.0000E+00  0.0000E+00
 5.2534E+02  0.0000E+00  0.0000E+00  0.0000E+00  0.0000E+00  0.0000E+00
 5.2936E+02  0.0000E+00  0.0000E+00  0.0000E+00  0.0000E+00  0.0000E+00
 5.3342E+02  0.0000E+00  0.0000E+00  0.0000E+00  0.0000E+00  0.0000E+00
 5.3750E+02  0.0000E+00  0.0000E+00  0.0000E+00  0.0000E+00  0.0000E+00
 5.4162E+02  0.0000E+00  0.0000E+00  0.0000E+00  0.0000E+00  0.0000E+00
 5.4577E+02  0.0000E+00  0.0000E+00  0.0000E+00  0.0000E+00  0.0000E+00
 5.4995E+02  0.0000E+00  0.0000E+00  0.0000E+00  0.0000E+00  0.0000E+00
 5.5416E+02  0.0000E+00  0.0000E+00  0.0000E+00  0.0000E+00  0.0000E+00
 5.5840E+02  0.0000E+00  0.0000E+00  0.0000E+00  0.0000E+00  0.0000E+00
 5.6268E+02  0.0000E+00  0.0000E+00  0.0000E+00  0.0000E+00  0.0000E+00
 5.6699E+02  0.0000E+00  0.0000E+00  0.0000E+00  0.0000E+00  0.0000E+00
 5.7133E+02  0.0000E+00  0.0000E+00  0.0000E+00  0.0000E+00  0.0000E+00
 5.7571E+02  0.0000E+00  0.0000E+00  0.0000E+00  0.0000E+00  0.0000E+00
 5.8011E+02  0.0000E+00  0.0000E+00  0.0000E+00  0.0000E+00  0.0000E+00
 5.8456E+02  0.0000E+00  0.0000E+00  0.0000E+00  0.0000E+00  0.0000E+00
 5.8903E+02  0.0000E+00  0.0000E+00  0.0000E+00  0.0000E+00  0.0000E+00
 5.9354E+02  0.0000E+00  0.0000E+00  0.0000E+00  0.0000E+00  0.0000E+00
 5.9809E+02  0.0000E+00  0.0000E+00  0.0000E+00  0.0000E+00  0.0000E+00
 6.0267E+02  0.0000E+00  0.0000E+00  0.0000E+00  0.0000E+00  0.0000E+00
 6.0729E+02  0.0000E+00  0.0000E+00  0.0000E+00  0.0000E+00  0.0000E+00
 6.1194E+02  0.0000E+00  0.0000E+00  0.0000E+00  0.0000E+00  0.0000E+00
 6.1662E+02  0.0000E+00  0.0000E+00  0.0000E+00  0.0000E+00  0.0000E+00
 6.2135E+02  0.0000E+00  0.0000E+00  0.0000E+00  0.0000E+00  0.0000E+00
 6.2610E+02  0.0000E+00  0.0000E+00  0.0000E+00  0.0000E+00  0.0000E+00
 6.3090E+02  0.0000E+00  0.0000E+00  0.0000E+00  0.0000E+00  0.0000E+00
 6.3573E+02  0.0000E+00  0.0000E+00  0.0000E+00  0.0000E+00  0.0000E+00
 6.4060E+02  0.0000E+00  0.0000E+00  0.0000E+00  0.0000E+00  0.0000E+00
 6.4551E+02  0.0000E+00  0.0000E+00  0.0000E+00  0.0000E+00  0.0000E+00
 6.5045E+02  0.0000E+00  0.0000E+00  0.0000E+00  0.0000E+00  0.0000E+00
 6.5543E+02  0.0000E+00  0.0000E+00  0.0000E+00  0.0000E+00  0.0000E+00
 6.6045E+02  0.0000E+00  0.0000E+00  0.0000E+00  0.0000E+00  0.0000E+00
 6.6551E+02  0.0000E+00  0.0000E+00  0.0000E+00  0.0000E+00  0.0000E+00
 6.7060E+02  0.0000E+00  0.0000E+00  0.0000E+00  0.0000E+00  0.0000E+00
 6.7574E+02  0.0000E+00  0.0000E+00  0.0000E+00  0.0000E+00  0.0000E+00
 6.8092E+02  0.0000E+00  0.0000E+00  0.0000E+00  0.0000E+00  0.0000E+00
 6.8613E+02  0.0000E+00  0.0000E+00  0.0000E+00  0.0000E+00  0.0000E+00
 6.9138E+02  0.0000E+00  0.0000E+00  0.0000E+00  0.0000E+00  0.0000E+00
 6.9668E+02  0.0000E+00  0.0000E+00  0.0000E+00  0.0000E+00  0.0000E+00
 7.0201E+02  0.0000E+00  0.0000E+00  0.0000E+00  0.0000E+00  0.0000E+00
 7.0739E+02  0.0000E+00  0.0000E+00  0.0000E+00  0.0000E+00  0.0000E+00
 7.1281E+02  0.0000E+00  0.0000E+00  0.0000E+00  0.0000E+00  0.0000E+00
 7.1827E+02  0.0000E+00  0.0000E+00  0.0000E+00  0.0000E+00  0.0000E+00
 7.2377E+02  0.0000E+00  0.0000E+00  0.0000E+00  0.0000E+00  0.0000E+00
 7.2931E+02  0.0000E+00  0.0000E+00  0.0000E+00  0.0000E+00  0.0000E+00
 7.3490E+02  0.0000E+00  0.0000E+00  0.0000E+00  0.0000E+00  0.0000E+00
 7.4052E+02  0.0000E+00  0.0000E+00  0.0000E+00  0.0000E+00  0.0000E+00
 7.4620E+02  0.0000E+00  0.0000E+00  0.0000E+00  0.0000E+00  0.0000E+00
 7.5191E+02  0.0000E+00  0.0000E+00  0.0000E+00  0.0000E+00  0.0000E+00
 7.5767E+02  0.0000E+00  0.0000E+00  0.0000E+00  0.0000E+00  0.0000E+00
 7.6347E+02  0.0000E+00  0.0000E+00  0.0000E+00  0.0000E+00  0.0000E+00
 7.6932E+02  0.0000E+00  0.0000E+00  0.0000E+00  0.0000E+00  0.0000E+00
 7.7521E+02  0.0000E+00  0.0000E+00  0.0000E+00  0.0000E+00  0.0000E+00
 7.8115E+02  0.0000E+00  0.0000E+00  0.0000E+00  0.0000E+00  0.0000E+00
 7.8713E+02  0.0000E+00  0.0000E+00  0.0000E+00  0.0000E+00  0.0000E+00
 7.9316E+02  0.0000E+00  0.0000E+00  0.0000E+00  0.0000E+00  0.0000E+00
 7.9923E+02  0.0000E+00  0.0000E+00  0.0000E+00  0.0000E+00  0.0000E+00
 8.0535E+02  0.0000E+00  0.0000E+00  0.0000E+00  0.0000E+00  0.0000E+00
 8.1152E+02  0.0000E+00  0.0000E+00  0.0000E+00  0.0000E+00  0.0000E+00
 8.1774E+02  0.0000E+00  0.0000E+00  0.0000E+00  0.0000E+00  0.0000E+00
 8.2400E+02  0.0000E+00  0.0000E+00  0.0000E+00  0.0000E+00  0.0000E+00
 8.3031E+02  0.0000E+00  0.0000E+00  0.0000E+00  0.0000E+00  0.0000E+00
 8.3667E+02  0.0000E+00  0.0000E+00  0.0000E+00  0.0000E+00  0.0000E+00
 8.4307E+02  0.0000E+00  0.0000E+00  0.0000E+00  0.0000E+00  0.0000E+00
 8.4953E+02  0.0000E+00  0.0000E+00  0.0000E+00  0.0000E+00  0.0000E+00
 8.5604E+02  0.0000E+00  0.0000E+00  0.0000E+00  0.0000E+00  0.0000E+00
 8.6259E+02  0.0000E+00  0.0000E+00  0.0000E+00  0.0000E+00  0.0000E+00
 8.6920E+02  0.0000E+00  0.0000E+00  0.0000E+00  0.0000E+00  0.0000E+00
 8.7586E+02  0.0000E+00  0.0000E+00  0.0000E+00  0.0000E+00  0.0000E+00
 8.8256E+02  0.0000E+00  0.0000E+00  0.0000E+00  0.0000E+00  0.0000E+00
 8.8932E+02  0.0000E+00  0.0000E+00  0.0000E+00  0.0000E+00  0.0000E+00
 8.9613E+02  0.0000E+00  0.0000E+00  0.0000E+00  0.0000E+00  0.0000E+00
 9.0300E+02  0.0000E+00  0.0000E+00  0.0000E+00  0.0000E+00  0.0000E+00
 9.0991E+02  0.0000E+00  0.0000E+00  0.0000E+00  0.0000E+00  0.0000E+00
 9.1688E+02  0.0000E+00  0.0000E+00  0.0000E+00  0.0000E+00  0.0000E+00
 9.2390E+02  0.0000E+00  0.0000E+00  0.0000E+00  0.0000E+00  0.0000E+00
 9.3098E+02  0.0000E+00  0.0000E+00  0.0000E+00  0.0000E+00  0.0000E+00
 9.3811E+02  0.0000E+00  0.0000E+00  0.0000E+00  0.0000E+00  0.0000E+00
 9.4529E+02  0.0000E+00  0.0000E+00  0.0000E+00  0.0000E+00  0.0000E+00
 9.5253E+02  0.0000E+00  0.0000E+00  0.0000E+00  0.0000E+00  0.0000E+00
 9.5983E+02  0.0000E+00  0.0000E+00  0.0000E+00  0.0000E+00  0.0000E+00
 9.6718E+02  0.0000E+00  0.0000E+00  0.0000E+00  0.0000E+00  0.0000E+00
 9.7458E+02  0.0000E+00  0.0000E+00  0.0000E+00  0.0000E+00  0.0000E+00
 9.8205E+02  0.0000E+00  0.0000E+00  0.0000E+00  0.0000E+00  0.0000E+00
 9.8957E+02  0.0000E+00  0.0000E+00  0.0000E+00  0.0000E+00  0.0000E+00
 9.9715E+02  0.0000E+00  0.0000E+00  0.0000E+00  0.0000E+00  0.0000E+00
 1.0048E+03  0.0000E+00  0.0000E+00  0.0000E+00  0.0000E+00  0.0000E+00
 1.0125E+03  0.0000E+00  0.0000E+00  0.0000E+00  0.0000E+00  0.0000E+00
 1.0202E+03  0.0000E+00  0.0000E+00  0.0000E+00  0.0000E+00  0.0000E+00
 1.0280E+03  0.0000E+00  0.0000E+00  0.0000E+00  0.0000E+00  0.0000E+00
 1.0359E+03  0.0000E+00  0.0000E+00  0.0000E+00  0.0000E+00  0.0000E+00
 1.0439E+03  0.0000E+00  0.0000E+00  0.0000E+00  0.0000E+00  0.0000E+00
 1.0518E+03  0.0000E+00  0.0000E+00  0.0000E+00  0.0000E+00  0.0000E+00
 1.0599E+03  0.0000E+00  0.0000E+00  0.0000E+00  0.0000E+00  0.0000E+00
 1.0680E+03  0.0000E+00  0.0000E+00  0.0000E+00  0.0000E+00  0.0000E+00
 1.0762E+03  0.0000E+00  0.0000E+00  0.0000E+00  0.0000E+00  0.0000E+00
 1.0844E+03  0.0000E+00  0.0000E+00  0.0000E+00  0.0000E+00  0.0000E+00
 1.0927E+03  0.0000E+00  0.0000E+00  0.0000E+00  0.0000E+00  0.0000E+00
 1.1011E+03  0.0000E+00  0.0000E+00  0.0000E+00  0.0000E+00  0.0000E+00
 1.1095E+03  0.0000E+00  0.0000E+00  0.0000E+00  0.0000E+00  0.0000E+00
 1.1180E+03  0.0000E+00  0.0000E+00  0.0000E+00  0.0000E+00  0.0000E+00
 1.1266E+03  0.0000E+00  0.0000E+00  0.0000E+00  0.0000E+00  0.0000E+00
 1.1352E+03  0.0000E+00  0.0000E+00  0.0000E+00  0.0000E+00  0.0000E+00
 1.1439E+03  0.0000E+00  0.0000E+00  0.0000E+00  0.0000E+00  0.0000E+00
 1.1527E+03  0.0000E+00  0.0000E+00  0.0000E+00  0.0000E+00  0.0000E+00
 1.1615E+03  0.0000E+00  0.0000E+00  0.0000E+00  0.0000E+00  0.0000E+00
 1.1704E+03  0.0000E+00  0.0000E+00  0.0000E+00  0.0000E+00  0.0000E+00
 1.1794E+03  0.0000E+00  0.0000E+00  0.0000E+00  0.0000E+00  0.0000E+00
 1.1884E+03  0.0000E+00  0.0000E+00  0.0000E+00  0.0000E+00  0.0000E+00
 1.1975E+03  0.0000E+00  0.0000E+00  0.0000E+00  0.0000E+00  0.0000E+00
 1.2067E+03  0.0000E+00  0.0000E+00  0.0000E+00  0.0000E+00  0.0000E+00
 1.2159E+03  0.0000E+00  0.0000E+00  0.0000E+00  0.0000E+00  0.0000E+00
 1.2252E+03  0.0000E+00  0.0000E+00  0.0000E+00  0.0000E+00  0.0000E+00
 1.2346E+03  0.0000E+00  0.0000E+00  0.0000E+00  0.0000E+00  0.0000E+00
 1.2441E+03  0.0000E+00  0.0000E+00  0.0000E+00  0.0000E+00  0.0000E+00
 1.2536E+03  0.0000E+00  0.0000E+00  0.0000E+00  0.0000E+00  0.0000E+00
 1.2632E+03  0.0000E+00  0.0000E+00  0.0000E+00  0.0000E+00  0.0000E+00
 1.2729E+03  0.0000E+00  0.0000E+00  0.0000E+00  0.0000E+00  0.0000E+00
 1.2826E+03  0.0000E+00  0.0000E+00  0.0000E+00  0.0000E+00  0.0000E+00
 1.2924E+03  0.0000E+00  0.0000E+00  0.0000E+00  0.0000E+00  0.0000E+00
 1.3023E+03  0.0000E+00  0.0000E+00  0.0000E+00  0.0000E+00  0.0000E+00
 1.3123E+03  0.0000E+00  0.0000E+00  0.0000E+00  0.0000E+00  0.0000E+00
 1.3224E+03  0.0000E+00  0.0000E+00  0.0000E+00  0.0000E+00  0.0000E+00
 1.3325E+03  0.0000E+00  0.0000E+00  0.0000E+00  0.0000E+00  0.0000E+00
 1.3427E+03  0.0000E+00  0.0000E+00  0.0000E+00  0.0000E+00  0.0000E+00
 1.3530E+03  0.0000E+00  0.0000E+00  0.0000E+00  0.0000E+00  0.0000E+00
 1.3633E+03  0.0000E+00  0.0000E+00  0.0000E+00  0.0000E+00  0.0000E+00
 1.3738E+03  0.0000E+00  0.0000E+00  0.0000E+00  0.0000E+00  0.0000E+00
 1.3843E+03  0.0000E+00  0.0000E+00  0.0000E+00  0.0000E+00  0.0000E+00
 1.3949E+03  0.0000E+00  0.0000E+00  0.0000E+00  0.0000E+00  0.0000E+00
 1.4056E+03  0.0000E+00  0.0000E+00  0.0000E+00  0.0000E+00  0.0000E+00
 1.4164E+03  0.0000E+00  0.0000E+00  0.0000E+00  0.0000E+00  0.0000E+00
 1.4272E+03  0.0000E+00  0.0000E+00  0.0000E+00  0.0000E+00  0.0000E+00
 1.4381E+03  0.0000E+00  0.0000E+00  0.0000E+00  0.0000E+00  0.0000E+00
 1.4491E+03  0.0000E+00  0.0000E+00  0.0000E+00  0.0000E+00  0.0000E+00
 1.4602E+03  0.0000E+00  0.0000E+00  0.0000E+00  0.0000E+00  0.0000E+00
 1.4714E+03  0.0000E+00  0.0000E+00  0.0000E+00  0.0000E+00  0.0000E+00
 1.4827E+03  0.0000E+00  0.0000E+00  0.0000E+00  0.0000E+00  0.0000E+00
 1.4940E+03  0.0000E+00  0.0000E+00  0.0000E+00  0.0000E+00  0.0000E+00
 1.5055E+03  0.0000E+00  0.0000E+00  0.0000E+00  0.0000E+00  0.0000E+00
 1.5170E+03  0.0000E+00  0.0000E+00  0.0000E+00  0.0000E+00  0.0000E+00
 1.5286E+03  0.0000E+00  0.0000E+00  0.0000E+00  0.0000E+00  0.0000E+00
 1.5403E+03  0.0000E+00  0.0000E+00  0.0000E+00  0.0000E+00  0.0000E+00
 1.5521E+03  0.0000E+00  0.0000E+00  0.0000E+00  0.0000E+00  0.0000E+00
 1.5640E+03  0.0000E+00  0.0000E+00  0.0000E+00  0.0000E+00  0.0000E+00
 1.5760E+03  0.0000E+00  0.0000E+00  0.0000E+00  0.0000E+00  0.0000E+00
 1.5881E+03  0.0000E+00  0.0000E+00  0.0000E+00  0.0000E+00  0.0000E+00
 1.6002E+03  0.0000E+00  0.0000E+00  0.0000E+00  0.0000E+00  0.0000E+00
 1.6125E+03  0.0000E+00  0.0000E+00  0.0000E+00  0.0000E+00  0.0000E+00
 1.6248E+03  0.0000E+00  0.0000E+00  0.0000E+00  0.0000E+00  0.0000E+00
 1.6373E+03  0.0000E+00  0.0000E+00  0.0000E+00  0.0000E+00  0.0000E+00
 1.6498E+03  0.0000E+00  0.0000E+00  0.0000E+00  0.0000E+00  0.0000E+00
 1.6625E+03  0.0000E+00  0.0000E+00  0.0000E+00  0.0000E+00  0.0000E+00
 1.6752E+03  0.0000E+00  0.0000E+00  0.0000E+00  0.0000E+00  0.0000E+00
 1.6880E+03  0.0000E+00  0.0000E+00  0.0000E+00  0.0000E+00  0.0000E+00
 1.7009E+03  0.0000E+00  0.0000E+00  0.0000E+00  0.0000E+00  0.0000E+00
 1.7140E+03  0.0000E+00  0.0000E+00  0.0000E+00  0.0000E+00  0.0000E+00
 1.7271E+03  0.0000E+00  0.0000E+00  0.0000E+00  0.0000E+00  0.0000E+00
 1.7403E+03  0.0000E+00  0.0000E+00  0.0000E+00  0.0000E+00  0.0000E+00
 1.7537E+03  0.0000E+00  0.0000E+00  0.0000E+00  0.0000E+00  0.0000E+00
 1.7671E+03  0.0000E+00  0.0000E+00  0.0000E+00  0.0000E+00  0.0000E+00
 1.7806E+03  0.0000E+00  0.0000E+00  0.0000E+00  0.0000E+00  0.0000E+00
 1.7943E+03  0.0000E+00  0.0000E+00  0.0000E+00  0.0000E+00  0.0000E+00
 1.8080E+03  0.0000E+00  0.0000E+00  0.0000E+00  0.0000E+00  0.0000E+00
 1.8218E+03  0.0000E+00  0.0000E+00  0.0000E+00  0.0000E+00  0.0000E+00
 1.8358E+03  0.0000E+00  0.0000E+00  0.0000E+00  0.0000E+00  0.0000E+00
 1.8499E+03  0.0000E+00  0.0000E+00  0.0000E+00  0.0000E+00  0.0000E+00
 1.8640E+03  0.0000E+00  0.0000E+00  0.0000E+00  0.0000E+00  0.0000E+00
 1.8783E+03  0.0000E+00  0.0000E+00  0.0000E+00  0.0000E+00  0.0000E+00
 1.8927E+03  0.0000E+00  0.0000E+00  0.0000E+00  0.0000E+00  0.0000E+00
 1.9072E+03  0.0000E+00  0.0000E+00  0.0000E+00  0.0000E+00  0.0000E+00
 1.9218E+03  0.0000E+00  0.0000E+00  0.0000E+00  0.0000E+00  0.0000E+00
 1.9365E+03  0.0000E+00  0.0000E+00  0.0000E+00  0.0000E+00  0.0000E+00
 1.9513E+03  0.0000E+00  0.0000E+00  0.0000E+00  0.0000E+00  0.0000E+00
 1.9663E+03  0.0000E+00  0.0000E+00  0.0000E+00  0.0000E+00  0.0000E+00
 1.9813E+03  0.0000E+00  0.0000E+00  0.0000E+00  0.0000E+00  0.0000E+00
 1.9965E+03  0.0000E+00  0.0000E+00  0.0000E+00  0.0000E+00  0.0000E+00
 2.0118E+03  0.0000E+00  0.0000E+00  0.0000E+00  0.0000E+00  0.0000E+00
 2.0272E+03  0.0000E+00  0.0000E+00  0.0000E+00  0.0000E+00  0.0000E+00
 2.0427E+03  0.0000E+00  0.0000E+00  0.0000E+00  0.0000E+00  0.0000E+00
 2.0584E+03  0.0000E+00  0.0000E+00  0.0000E+00  0.0000E+00  0.0000E+00
 2.0741E+03  0.0000E+00  0.0000E+00  0.0000E+00  0.0000E+00  0.0000E+00
 2.0900E+03  0.0000E+00  0.0000E+00  0.0000E+00  0.0000E+00  0.0000E+00
 2.1060E+03  0.0000E+00  0.0000E+00  0.0000E+00  0.0000E+00  0.0000E+00
 2.1222E+03  0.0000E+00  0.0000E+00  0.0000E+00  0.0000E+00  0.0000E+00
 2.1384E+03  0.0000E+00  0.0000E+00  0.0000E+00  0.0000E+00  0.0000E+00
 2.1548E+03  0.0000E+00  0.0000E+00  0.0000E+00  0.0000E+00  0.0000E+00
 2.1713E+03  0.0000E+00  0.0000E+00  0.0000E+00  0.0000E+00  0.0000E+00
 2.1879E+03  0.0000E+00  0.0000E+00  0.0000E+00  0.0000E+00  0.0000E+00
 2.2047E+03  0.0000E+00  0.0000E+00  0.0000E+00  0.0000E+00  0.0000E+00
 2.2216E+03  0.0000E+00  0.0000E+00  0.0000E+00  0.0000E+00  0.0000E+00
 2.2386E+03  0.0000E+00  0.0000E+00  0.0000E+00  0.0000E+00  0.0000E+00
 2.2557E+03  0.0000E+00  0.0000E+00  0.0000E+00  0.0000E+00  0.0000E+00
 2.2730E+03  0.0000E+00  0.0000E+00  0.0000E+00  0.0000E+00  0.0000E+00
 2.2904E+03  0.0000E+00  0.0000E+00  0.0000E+00  0.0000E+00  0.0000E+00
 2.3079E+03  0.0000E+00  0.0000E+00  0.0000E+00  0.0000E+00  0.0000E+00
 2.3256E+03  0.0000E+00  0.0000E+00  0.0000E+00  0.0000E+00  0.0000E+00
 2.3434E+03  0.0000E+00  0.0000E+00  0.0000E+00  0.0000E+00  0.0000E+00
 2.3614E+03  0.0000E+00  0.0000E+00  0.0000E+00  0.0000E+00  0.0000E+00
 2.3794E+03  0.0000E+00  0.0000E+00  0.0000E+00  0.0000E+00  0.0000E+00
 2.3977E+03  0.0000E+00  0.0000E+00  0.0000E+00  0.0000E+00  0.0000E+00
 2.4160E+03  0.0000E+00  0.0000E+00  0.0000E+00  0.0000E+00  0.0000E+00
 2.4345E+03  0.0000E+00  0.0000E+00  0.0000E+00  0.0000E+00  0.0000E+00
 2.4532E+03  0.0000E+00  0.0000E+00  0.0000E+00  0.0000E+00  0.0000E+00
 2.4720E+03  0.0000E+00  0.0000E+00  0.0000E+00  0.0000E+00  0.0000E+00
 2.4909E+03  0.0000E+00  0.0000E+00  0.0000E+00  0.0000E+00  0.0000E+00
 2.5100E+03  0.0000E+00  0.0000E+00  0.0000E+00  0.0000E+00  0.0000E+00
 2.5292E+03  0.0000E+00  0.0000E+00  0.0000E+00  0.0000E+00  0.0000E+00
 2.5486E+03  0.0000E+00  0.0000E+00  0.0000E+00  0.0000E+00  0.0000E+00
 2.5681E+03  1.1311E-03  2.6292E-02  1.3319E-03  6.2078E-02  1.0000E+00
 2.5878E+03  1.1323E-03  2.6120E-02  1.3320E-03  6.1611E-02  1.0000E+00
 2.6076E+03  1.1335E-03  2.5949E-02  1.3321E-03  6.1148E-02  1.0000E+00
 2.6275E+03  1.1347E-03  2.5779E-02  1.3322E-03  6.0688E-02  1.0000E+00
 2.6477E+03  1.1359E-03  2.5610E-02  1.3323E-03  6.0231E-02  1.0000E+00
 2.6679E+03  1.1371E-03  2.5442E-02  1.3324E-03  5.9778E-02  1.0000E+00
 2.6884E+03  1.1383E-03  2.5275E-02  1.3325E-03  5.9329E-02  1.0000E+00
 2.7090E+03  1.1396E-03  2.5109E-02  1.3326E-03  5.8882E-02  1.0000E+00
 2.7297E+03  1.1408E-03  2.4944E-02  1.3328E-03  5.8440E-02  1.0000E+00
 2.7506E+03  1.1420E-03  2.4780E-02  1.3329E-03  5.8000E-02  1.0000E+00
 2.7717E+03  1.1432E-03  2.4617E-02  1.3330E-03  5.7564E-02  1.0000E+00
 2.7929E+03  1.1443E-03  2.4455E-02  1.3331E-03  5.7131E-02  1.0000E+00
 2.8143E+03  1.1455E-03  2.4293E-02  1.3332E-03  5.6702E-02  1.0000E+00
 2.8358E+03  1.1467E-03  2.4133E-02  1.3333E-03  5.6276E-02  1.0000E+00
 2.8576E+03  1.1479E-03  2.3974E-02  1.3334E-03  5.5853E-02  1.0000E+00
 2.8794E+03  1.1491E-03  2.3816E-02  1.3335E-03  5.5433E-02  1.0000E+00
 2.9015E+03  1.1503E-03  2.3659E-02  1.3336E-03  5.5016E-02  1.0000E+00
 2.9237E+03  1.1515E-03  2.3502E-02  1.3338E-03  5.4603E-02  1.0000E+00
 2.9461E+03  1.1526E-03  2.3347E-02  1.3339E-03  5.4193E-02  1.0000E+00
 2.9687E+03  1.1538E-03  2.3193E-02  1.3340E-03  5.3785E-02  1.0000E+00
 2.9914E+03  1.1550E-03  2.3039E-02  1.3341E-03  5.3381E-02  1.0000E+00
 3.0143E+03  1.1561E-03  2.2887E-02  1.3342E-03  5.2980E-02  1.0000E+00
 3.0374E+03  1.1573E-03  2.2735E-02  1.3344E-03  5.2582E-02  1.0000E+00
 3.0607E+03  1.1585E-03  2.2585E-02  1.3345E-03  5.2188E-02  1.0000E+00
 3.0841E+03  1.1596E-03  2.2435E-02  1.3346E-03  5.1796E-02  1.0000E+00
 3.1077E+03  1.1608E-03  2.2286E-02  1.3347E-03  5.1407E-02  1.0000E+00
 3.1315E+03  1.1619E-03  2.2138E-02  1.3348E-03  5.1021E-02  1.0000E+00
 3.1555E+03  1.1631E-03  2.1991E-02  1.3350E-03  5.0638E-02  1.0000E+00
 3.1797E+03  1.1643E-03  2.1845E-02  1.3351E-03  5.0258E-02  1.0000E+00
 3.2040E+03  1.1654E-03  2.1700E-02  1.3352E-03  4.9880E-02  1.0000E+00
 3.2286E+03  1.1666E-03  2.1556E-02  1.3353E-03  4.9506E-02  1.0000E+00
 3.2533E+03  1.1677E-03  2.1413E-02  1.3355E-03  4.9134E-02  1.0000E+00
 3.2782E+03  1.1689E-03  2.1271E-02  1.3356E-03  4.8766E-02  1.0000E+00
 3.3033E+03  1.1700E-03  2.1129E-02  1.3357E-03  4.8400E-02  1.0000E+00
 3.3286E+03  1.1712E-03  2.0989E-02  1.3359E-03  4.8037E-02  1.0000E+00
 3.3541E+03  1.1723E-03  2.0849E-02  1.3360E-03  4.7676E-02  1.0000E+00
 3.3798E+03  1.1735E-03  2.0710E-02  1.3361E-03  4.7319E-02  1.0000E+00
 3.4057E+03  1.1746E-03  2.0573E-02  1.3363E-03  4.6964E-02  1.0000E+00
 3.4317E+03  1.1758E-03  2.0436E-02  1.3364E-03  4.6612E-02  1.0000E+00
 3.4580E+03  1.1769E-03  2.0299E-02  1.3365E-03  4.6262E-02  1.0000E+00
 3.4845E+03  1.1780E-03  2.0164E-02  1.3367E-03  4.5915E-02  1.0000E+00
 3.5112E+03  1.1792E-03  2.0030E-02  1.3368E-03  4.5571E-02  1.0000E+00
 3.5381E+03  1.1803E-03  1.9897E-02  1.3370E-03  4.5229E-02  1.0000E+00
 3.5652E+03  1.1815E-03  1.9764E-02  1.3371E-03  4.4890E-02  1.0000E+00
 3.5925E+03  1.1826E-03  1.9632E-02  1.3372E-03  4.4554E-02  1.0000E+00
 3.6200E+03  1.1838E-03  1.9501E-02  1.3374E-03  4.4220E-02  1.0000E+00
 3.6477E+03  1.1849E-03  1.9371E-02  1.3375E-03  4.3889E-02  1.0000E+00
 3.6757E+03  1.1861E-03  1.9242E-02  1.3377E-03  4.3560E-02  1.0000E+00
 3.7038E+03  1.1872E-03  1.9114E-02  1.3378E-03  4.3233E-02  1.0000E+00
 3.7322E+03  1.1884E-03  1.8986E-02  1.3380E-03  4.2910E-02  1.0000E+00
 3.7608E+03  1.1895E-03  1.8860E-02  1.3381E-03  4.2588E-02  1.0000E+00
 3.7896E+03  1.1906E-03  1.8734E-02  1.3383E-03  4.2269E-02  1.0000E+00
 3.8186E+03  1.1918E-03  1.8609E-02  1.3384E-03  4.1953E-02  1.0000E+00
 3.8478E+03  1.1929E-03  1.8485E-02  1.3386E-03  4.1639E-02  1.0000E+00
 3.8773E+03  1.1941E-03  1.8362E-02  1.3387E-03  4.1327E-02  1.0000E+00
 3.9070E+03  1.1953E-03  1.8239E-02  1.3389E-03  4.1018E-02  1.0000E+00
 3.9369E+03  1.1964E-03  1.8117E-02  1.3390E-03  4.0711E-02  1.0000E+00
 3.9671E+03  1.1976E-03  1.7997E-02  1.3392E-03  4.0406E-02  1.0000E+00
 3.9974E+03  1.1987E-03  1.7876E-02  1.3393E-03  4.0104E-02  1.0000E+00
 4.0281E+03  1.1999E-03  1.7757E-02  1.3395E-03  3.9803E-02  1.0000E+00
 4.0589E+03  1.2010E-03  1.7639E-02  1.3397E-03  3.9506E-02  1.0000E+00
 4.0900E+03  1.2022E-03  1.7521E-02  1.3398E-03  3.9210E-02  1.0000E+00
 4.1213E+03  1.2034E-03  1.7404E-02  1.3400E-03  3.8917E-02  1.0000E+00
 4.1529E+03  1.2045E-03  1.7288E-02  1.3402E-03  3.8626E-02  1.0000E+00
 4.1847E+03  1.2057E-03  1.7173E-02  1.3403E-03  3.8337E-02  1.0000E+00
 4.2167E+03  1.2069E-03  1.7058E-02  1.3405E-03  3.8050E-02  1.0000E+00
 4.2490E+03  1.2080E-03  1.6945E-02  1.3407E-03  3.7766E-02  1.0000E+00
 4.2816E+03  1.2092E-03  1.6832E-02  1.3408E-03  3.7484E-02  1.0000E+00
 4.3143E+03  1.2104E-03  1.6719E-02  1.3410E-03  3.7203E-02  1.0000E+00
 4.3474E+03  1.2116E-03  1.6608E-02  1.3412E-03  3.6925E-02  1.0000E+00
 4.3807E+03  1.2127E-03  1.6497E-02  1.3413E-03  3.6650E-02  1.0000E+00
 4.4142E+03  1.2139E-03  1.6387E-02  1.3415E-03  3.6376E-02  1.0000E+00
 4.4480E+03  1.2151E-03  1.6278E-02  1.3417E-03  3.6104E-02  1.0000E+00
 4.4821E+03  1.2163E-03  1.6170E-02  1.3419E-03  3.5834E-02  1.0000E+00
 4.5164E+03  1.2175E-03  1.6062E-02  1.3420E-03  3.5567E-02  1.0000E+00
 4.5510E+03  1.2187E-03  1.5955E-02  1.3422E-03  3.5301E-02  1.0000E+00
 4.5859E+03  1.2199E-03  1.5849E-02  1.3424E-03  3.5038E-02  1.0000E+00
 4.6210E+03  1.2211E-03  1.5743E-02  1.3426E-03  3.4776E-02  1.0000E+00
 4.6564E+03  1.2223E-03  1.5638E-02  1.3428E-03  3.4516E-02  1.0000E+00
 4.6920E+03  1.2235E-03  1.5534E-02  1.3430E-03  3.4259E-02  1.0000E+00
 4.7280E+03  1.2247E-03  1.5431E-02  1.3431E-03  3.4003E-02  1.0000E+00
 4.7642E+03  1.2259E-03  1.5328E-02  1.3433E-03  3.3750E-02  1.0000E+00
 4.8007E+03  1.2271E-03  1.5226E-02  1.3435E-03  3.3498E-02  1.0000E+00
 4.8374E+03  1.2284E-03  1.5125E-02  1.3437E-03  3.3248E-02  1.0000E+00
 4.8745E+03  1.2296E-03  1.5025E-02  1.3439E-03  3.3000E-02  1.0000E+00
 4.9118E+03  1.2308E-03  1.4925E-02  1.3441E-03  3.2754E-02  1.0000E+00
 4.9494E+03  1.2320E-03  1.4825E-02  1.3443E-03  3.2510E-02  1.0000E+00
 4.9873E+03  1.2332E-03  1.4726E-02  1.3445E-03  3.2267E-02  1.0000E+00
 5.0255E+03  1.2344E-03  1.4628E-02  1.3447E-03  3.2027E-02  1.0000E+00
 5.0640E+03  1.2356E-03  1.4530E-02  1.3449E-03  3.1788E-02  1.0000E+00
 5.1028E+03  1.2368E-03  1.4433E-02  1.3451E-03  3.1551E-02  1.0000E+00
 5.1419E+03  1.2380E-03  1.4337E-02  1.3453E-03  3.1316E-02  1.0000E+00
 5.1812E+03  1.2391E-03  1.4241E-02  1.3455E-03  3.1083E-02  1.0000E+00
 5.2209E+03  1.2403E-03  1.4145E-02  1.3457E-03  3.0852E-02  1.0000E+00
 5.2609E+03  1.2415E-03  1.4051E-02  1.3459E-03  3.0622E-02  1.0000E+00
 5.3012E+03  1.2427E-03  1.3956E-02  1.3461E-03  3.0394E-02  1.0000E+00
 5.3418E+03  1.2438E-03  1.3863E-02  1.3463E-03  3.0168E-02  1.0000E+00
 5.3827E+03  1.2450E-03  1.3769E-02  1.3466E-03  2.9943E-02  1.0000E+00
 5.4239E+03  1.2461E-03  1.3677E-02  1.3468E-03  2.9720E-02  1.0000E+00
 5.4655E+03  1.2472E-03  1.3585E-02  1.3470E-03  2.9499E-02  1.0000E+00
 5.5073E+03  1.2484E-03  1.3493E-02  1.3472E-03  2.9280E-02  1.0000E+00
 5.5495E+03  1.2495E-03  1.3402E-02  1.3474E-03  2.9062E-02  1.0000E+00
 5.5920E+03  1.2506E-03  1.3312E-02  1.3476E-03  2.8846E-02  1.0000E+00
 5.6348E+03  1.2517E-03  1.3222E-02  1.3479E-03  2.8631E-02  1.0000E+00
 5.6780E+03  1.2529E-03  1.3132E-02  1.3481E-03  2.8418E-02  1.0000E+00
 5.7215E+03  1.2540E-03  1.3043E-02  1.3483E-03  2.8207E-02  1.0000E+00
 5.7653E+03  1.2551E-03  1.2955E-02  1.3486E-03  2.7998E-02  1.0000E+00
 5.8094E+03  1.2561E-03  1.2867E-02  1.3488E-03  2.7789E-02  1.0000E+00
 5.8539E+03  1.2572E-03  1.2780E-02  1.3490E-03  2.7583E-02  1.0000E+00
 5.8988E+03  1.2583E-03  1.2693E-02  1.3492E-03  2.7378E-02  1.0000E+00
 5.9439E+03  1.2594E-03  1.2607E-02  1.3495E-03  2.7175E-02  1.0000E+00
 5.9895E+03  1.2604E-03  1.2521E-02  1.3497E-03  2.6973E-02  1.0000E+00
 6.0353E+03  1.2615E-03  1.2436E-02  1.3500E-03  2.6773E-02  1.0000E+00
 6.0815E+03  1.2625E-03  1.2351E-02  1.3502E-03  2.6574E-02  1.0000E+00
 6.1281E+03  1.2636E-03  1.2266E-02  1.3504E-03  2.6377E-02  1.0000E+00
 6.1751E+03  1.2646E-03  1.2183E-02  1.3507E-03  2.6181E-02  1.0000E+00
 6.2223E+03  1.2656E-03  1.2099E-02  1.3509E-03  2.5987E-02  1.0000E+00
 6.2700E+03  1.2666E-03  1.2016E-02  1.3512E-03  2.5794E-02  1.0000E+00
 6.3180E+03  1.2676E-03  1.1934E-02  1.3514E-03  2.5603E-02  1.0000E+00
 6.3664E+03  1.2686E-03  1.1852E-02  1.3517E-03  2.5413E-02  1.0000E+00
 6.4152E+03  1.2696E-03  1.1770E-02  1.3519E-03  2.5225E-02  1.0000E+00
 6.4643E+03  1.2706E-03  1.1690E-02  1.3522E-03  2.5038E-02  1.0000E+00
 6.5138E+03  1.2716E-03  1.1609E-02  1.3525E-03  2.4852E-02  1.0000E+00
 6.5637E+03  1.2725E-03  1.1529E-02  1.3527E-03  2.4668E-02  1.0000E+00
 6.6139E+03  1.2735E-03  1.1449E-02  1.3530E-03  2.4485E-02  1.0000E+00
 6.6646E+03  1.2745E-03  1.1370E-02  1.3533E-03  2.4304E-02  1.0000E+00
 6.7156E+03  1.2754E-03  1.1292E-02  1.3535E-03  2.4124E-02  1.0000E+00
 6.7671E+03  1.2763E-03  1.1213E-02  1.3538E-03  2.3945E-02  1.0000E+00
 6.8189E+03  1.2772E-03  1.1136E-02  1.3541E-03  2.3768E-02  1.0000E+00
 6.8711E+03  1.2782E-03  1.1058E-02  1.3543E-03  2.3592E-02  1.0000E+00
 6.9237E+03  1.2791E-03  1.0981E-02  1.3546E-03  2.3418E-02  1.0000E+00
 6.9768E+03  1.2799E-03  1.0905E-02  1.3549E-03  2.3245E-02  1.0000E+00
 7.0302E+03  1.2808E-03  1.0829E-02  1.3552E-03  2.3073E-02  1.0000E+00
 7.0840E+03  1.2817E-03  1.0753E-02  1.3554E-03  2.2902E-02  1.0000E+00
 7.1383E+03  1.2826E-03  1.0678E-02  1.3557E-03  2.2733E-02  1.0000E+00
 7.1929E+03  1.2834E-03  1.0604E-02  1.3560E-03  2.2565E-02  1.0000E+00
 7.2480E+03  1.2843E-03  1.0529E-02  1.3563E-03  2.2398E-02  1.0000E+00
 7.3035E+03  1.2851E-03  1.0456E-02  1.3566E-03  2.2233E-02  1.0000E+00
 7.3595E+03  1.2859E-03  1.0382E-02  1.3569E-03  2.2068E-02  1.0000E+00
 7.4158E+03  1.2867E-03  1.0309E-02  1.3572E-03  2.1905E-02  1.0000E+00
 7.4726E+03  1.2875E-03  1.0237E-02  1.3575E-03  2.1744E-02  1.0000E+00
 7.5299E+03  1.2883E-03  1.0165E-02  1.3578E-03  2.1583E-02  1.0000E+00
 7.5875E+03  1.2891E-03  1.0093E-02  1.3581E-03  2.1424E-02  1.0000E+00
 7.6456E+03  1.2899E-03  1.0022E-02  1.3584E-03  2.1266E-02  1.0000E+00
 7.7042E+03  1.2906E-03  9.9508E-03  1.3587E-03  2.1109E-02  1.0000E+00
 7.7632E+03  1.2914E-03  9.8804E-03  1.3590E-03  2.0953E-02  1.0000E+00
 7.8226E+03  1.2921E-03  9.8103E-03  1.3593E-03  2.0799E-02  1.0000E+00
 7.8825E+03  1.2929E-03  9.7406E-03  1.3596E-03  2.0646E-02  1.0000E+00
 7.9429E+03  1.2936E-03  9.6714E-03  1.3599E-03  2.0493E-02  1.0000E+00
 8.0037E+03  1.2943E-03  9.6025E-03  1.3603E-03  2.0342E-02  1.0000E+00
 8.0650E+03  1.2950E-03  9.5341E-03  1.3606E-03  2.0193E-02  1.0000E+00
 8.1268E+03  1.2956E-03  9.4660E-03  1.3609E-03  2.0044E-02  1.0000E+00
 8.1890E+03  1.2963E-03  9.3984E-03  1.3612E-03  1.9896E-02  1.0000E+00
 8.2518E+03  1.2970E-03  9.3312E-03  1.3616E-03  1.9750E-02  1.0000E+00
 8.3150E+03  1.2976E-03  9.2645E-03  1.3619E-03  1.9605E-02  1.0000E+00
 8.3786E+03  1.2983E-03  9.1982E-03  1.3622E-03  1.9460E-02  1.0000E+00
 8.4428E+03  1.2990E-03  9.1325E-03  1.3626E-03  1.9317E-02  1.0000E+00
 8.5075E+03  1.2997E-03  9.0672E-03  1.3629E-03  1.9175E-02  1.0000E+00
 8.5726E+03  1.3003E-03  9.0023E-03  1.3632E-03  1.9034E-02  1.0000E+00
 8.6383E+03  1.3010E-03  8.9380E-03  1.3636E-03  1.8894E-02  1.0000E+00
 8.7044E+03  1.3017E-03  8.8741E-03  1.3639E-03  1.8755E-02  1.0000E+00
 8.7711E+03  1.3024E-03  8.8106E-03  1.3643E-03  1.8618E-02  1.0000E+00
 8.8383E+03  1.3030E-03  8.7476E-03  1.3646E-03  1.8481E-02  1.0000E+00
 8.9059E+03  1.3037E-03  8.6851E-03  1.3650E-03  1.8345E-02  1.0000E+00
 8.9741E+03  1.3044E-03  8.6230E-03  1.3654E-03  1.8211E-02  1.0000E+00
 9.0429E+03  1.3051E-03  8.5614E-03  1.3657E-03  1.8077E-02  1.0000E+00
 9.1121E+03  1.3057E-03  8.5001E-03  1.3661E-03  1.7944E-02  1.0000E+00
 9.1819E+03  1.3064E-03  8.4394E-03  1.3664E-03  1.7813E-02  1.0000E+00
 9.2522E+03  1.3071E-03  8.3790E-03  1.3668E-03  1.7682E-02  1.0000E+00
 9.3231E+03  1.3078E-03  8.3191E-03  1.3672E-03  1.7553E-02  1.0000E+00
 9.3945E+03  1.3085E-03  8.2597E-03  1.3676E-03  1.7424E-02  1.0000E+00
 9.4664E+03  1.3092E-03  8.2006E-03  1.3679E-03  1.7296E-02  1.0000E+00
 9.5389E+03  1.3098E-03  8.1420E-03  1.3683E-03  1.7170E-02  1.0000E+00
 9.6120E+03  1.3105E-03  8.0838E-03  1.3687E-03  1.7044E-02  1.0000E+00
 9.6856E+03  1.3112E-03  8.0260E-03  1.3691E-03  1.6919E-02  1.0000E+00
 9.7598E+03  1.3119E-03  7.9686E-03  1.3695E-03  1.6795E-02  1.0000E+00
 9.8345E+03  1.3126E-03  7.9116E-03  1.3699E-03  1.6673E-02  1.0000E+00
 9.9098E+03  1.3133E-03  7.8551E-03  1.3703E-03  1.6551E-02  1.0000E+00
 9.9857E+03  1.3140E-03  7.7989E-03  1.3707E-03  1.6430E-02  1.0000E+00
 1.0062E+04  1.3147E-03  7.7432E-03  1.3711E-03  1.6309E-02  1.0000E+00
 1.0139E+04  1.3154E-03  7.6878E-03  1.3715E-03  1.6190E-02  1.0000E+00
 1.0217E+04  1.3161E-03  7.6329E-03  1.3719E-03  1.6072E-02  1.0000E+00
 1.0295E+04  1.3168E-03  7.5783E-03  1.3723E-03  1.5955E-02  1.0000E+00
 1.0374E+04  1.3175E-03  7.5241E-03  1.3727E-03  1.5838E-02  1.0000E+00
 1.0453E+04  1.3182E-03  7.4704E-03  1.3731E-03  1.5723E-02  1.0000E+00
 1.0533E+04  1.3189E-03  7.4170E-03  1.3736E-03  1.5608E-02  1.0000E+00
 1.0614E+04  1.3196E-03  7.3640E-03  1.3740E-03  1.5494E-02  1.0000E+00
 1.0695E+04  1.3203E-03  7.3113E-03  1.3744E-03  1.5381E-02  1.0000E+00
 1.0777E+04  1.3210E-03  7.2591E-03  1.3748E-03  1.5269E-02  1.0000E+00
 1.0860E+04  1.3217E-03  7.2072E-03  1.3753E-03  1.5158E-02  1.0000E+00
 1.0943E+04  1.3224E-03  7.1557E-03  1.3757E-03  1.5047E-02  1.0000E+00
 1.1027E+04  1.3231E-03  7.1045E-03  1.3762E-03  1.4938E-02  1.0000E+00
 1.1111E+04  1.3239E-03  7.0538E-03  1.3766E-03  1.4829E-02  1.0000E+00
 1.1196E+04  1.3246E-03  7.0033E-03  1.3770E-03  1.4721E-02  1.0000E+00
 1.1282E+04  1.3253E-03  6.9533E-03  1.3775E-03  1.4614E-02  1.0000E+00
 1.1369E+04  1.3260E-03  6.9036E-03  1.3780E-03  1.4508E-02  1.0000E+00
 1.1456E+04  1.3267E-03  6.8543E-03  1.3784E-03  1.4402E-02  1.0000E+00
 1.1543E+04  1.3274E-03  6.8053E-03  1.3789E-03  1.4298E-02  1.0000E+00
 1.1632E+04  1.3282E-03  6.7567E-03  1.3793E-03  1.4194E-02  1.0000E+00
 1.1721E+04  1.3289E-03  6.7084E-03  1.3798E-03  1.4091E-02  1.0000E+00
 1.1811E+04  1.3296E-03  6.6605E-03  1.3803E-03  1.3988E-02  1.0000E+00
 1.1901E+04  1.3303E-03  6.6129E-03  1.3808E-03  1.3887E-02  1.0000E+00
 1.1992E+04  1.3311E-03  6.5656E-03  1.3812E-03  1.3786E-02  1.0000E+00
 1.2084E+04  1.3318E-03  6.5187E-03  1.3817E-03  1.3686E-02  1.0000E+00
 1.2177E+04  1.3325E-03  6.4721E-03  1.3822E-03  1.3587E-02  1.0000E+00
 1.2270E+04  1.3333E-03  6.4259E-03  1.3827E-03  1.3489E-02  1.0000E+00
 1.2364E+04  1.3340E-03  6.3800E-03  1.3832E-03  1.3391E-02  1.0000E+00
 1.2458E+04  1.3347E-03  6.3344E-03  1.3837E-03  1.3294E-02  1.0000E+00
 1.2554E+04  1.3355E-03  6.2892E-03  1.3842E-03  1.3198E-02  1.0000E+00
 1.2650E+04  1.3362E-03  6.2442E-03  1.3847E-03  1.3102E-02  1.0000E+00
 1.2747E+04  1.3369E-03  6.1996E-03  1.3852E-03  1.3007E-02  1.0000E+00
 1.2845E+04  1.3377E-03  6.1553E-03  1.3858E-03  1.2913E-02  1.0000E+00
 1.2943E+04  1.3384E-03  6.1114E-03  1.3863E-03  1.2820E-02  1.0000E+00
 1.3042E+04  1.3392E-03  6.0677E-03  1.3868E-03  1.2727E-02  1.0000E+00
 1.3142E+04  1.3399E-03  6.0244E-03  1.3873E-03  1.2636E-02  1.0000E+00
 1.3243E+04  1.3407E-03  5.9814E-03  1.3879E-03  1.2544E-02  1.0000E+00
 1.3344E+04  1.3414E-03  5.9386E-03  1.3884E-03  1.2454E-02  1.0000E+00
 1.3446E+04  1.3422E-03  5.8962E-03  1.3889E-03  1.2364E-02  1.0000E+00
 1.3549E+04  1.3429E-03  5.8541E-03  1.3895E-03  1.2275E-02  1.0000E+00
 1.3653E+04  1.3437E-03  5.8123E-03  1.3900E-03  1.2186E-02  1.0000E+00
 1.3757E+04  1.3444E-03  5.7708E-03  1.3906E-03  1.2099E-02  1.0000E+00
 1.3863E+04  1.3452E-03  5.7296E-03  1.3911E-03  1.2011E-02  1.0000E+00
 1.3969E+04  1.3459E-03  5.6886E-03  1.3917E-03  1.1925E-02  1.0000E+00
 1.4076E+04  1.3467E-03  5.6480E-03  1.3923E-03  1.1839E-02  1.0000E+00
 1.4184E+04  1.3475E-03  5.6077E-03  1.3928E-03  1.1754E-02  1.0000E+00
 1.4292E+04  1.3482E-03  5.5676E-03  1.3934E-03  1.1669E-02  1.0000E+00
 1.4402E+04  1.3490E-03  5.5278E-03  1.3940E-03  1.1586E-02  1.0000E+00
 1.4512E+04  1.3498E-03  5.4883E-03  1.3946E-03  1.1502E-02  1.0000E+00
 1.4623E+04  1.3505E-03  5.4491E-03  1.3952E-03  1.1420E-02  1.0000E+00
 1.4735E+04  1.3513E-03  5.4102E-03  1.3958E-03  1.1338E-02  1.0000E+00
 1.4848E+04  1.3521E-03  5.3716E-03  1.3964E-03  1.1256E-02  1.0000E+00
 1.4962E+04  1.3528E-03  5.3332E-03  1.3970E-03  1.1176E-02  1.0000E+00
 1.5076E+04  1.3536E-03  5.2951E-03  1.3976E-03  1.1096E-02  1.0000E+00
 1.5192E+04  1.3544E-03  5.2573E-03  1.3982E-03  1.1016E-02  1.0000E+00
 1.5308E+04  1.3551E-03  5.2197E-03  1.3988E-03  1.0937E-02  1.0000E+00
 1.5425E+04  1.3559E-03  5.1824E-03  1.3994E-03  1.0859E-02  1.0000E+00
 1.5544E+04  1.3567E-03  5.1454E-03  1.4001E-03  1.0781E-02  1.0000E+00
 1.5663E+04  1.3575E-03  5.1086E-03  1.4007E-03  1.0704E-02  1.0000E+00
 1.5783E+04  1.3583E-03  5.0721E-03  1.4013E-03  1.0628E-02  1.0000E+00
 1.5903E+04  1.3590E-03  5.0359E-03  1.4020E-03  1.0552E-02  1.0000E+00
 1.6025E+04  1.3598E-03  4.9999E-03  1.4026E-03  1.0476E-02  1.0000E+00
 1.6148E+04  1.3606E-03  4.9642E-03  1.4033E-03  1.0402E-02  1.0000E+00
 1.6272E+04  1.3614E-03  4.9287E-03  1.4039E-03  1.0327E-02  1.0000E+00
 1.6396E+04  1.3622E-03  4.8935E-03  1.4046E-03  1.0254E-02  1.0000E+00
 1.6522E+04  1.3630E-03  4.8585E-03  1.4053E-03  1.0181E-02  1.0000E+00
 1.6648E+04  1.3637E-03  4.8238E-03  1.4060E-03  1.0108E-02  1.0000E+00
 1.6776E+04  1.3645E-03  4.7893E-03  1.4066E-03  1.0036E-02  1.0000E+00
 1.6904E+04  1.3653E-03  4.7551E-03  1.4073E-03  9.9648E-03  1.0000E+00
 1.7034E+04  1.3661E-03  4.7211E-03  1.4080E-03  9.8939E-03  1.0000E+00
 1.7164E+04  1.3669E-03  4.6873E-03  1.4087E-03  9.8235E-03  1.0000E+00
 1.7296E+04  1.3677E-03  4.6538E-03  1.4094E-03  9.7537E-03  1.0000E+00
 1.7428E+04  1.3685E-03  4.6205E-03  1.4101E-03  9.6844E-03  1.0000E+00
 1.7562E+04  1.3693E-03  4.5875E-03  1.4108E-03  9.6157E-03  1.0000E+00
 1.7696E+04  1.3701E-03  4.5547E-03  1.4115E-03  9.5475E-03  1.0000E+00
 1.7832E+04  1.3709E-03  4.5221E-03  1.4123E-03  9.4798E-03  1.0000E+00
 1.7968E+04  1.3717E-03  4.4898E-03  1.4130E-03  9.4126E-03  1.0000E+00
 1.8106E+04  1.3725E-03  4.4577E-03  1.4137E-03  9.3459E-03  1.0000E+00
 1.8244E+04  1.3733E-03  4.4258E-03  1.4145E-03  9.2797E-03  1.0000E+00
 1.8384E+04  1.3741E-03  4.3941E-03  1.4152E-03  9.2141E-03  1.0000E+00
 1.8525E+04  1.3749E-03  4.3627E-03  1.4160E-03  9.1489E-03  1.0000E+00
 1.8667E+04  1.3757E-03  4.3315E-03  1.4167E-03  9.0842E-03  1.0000E+00
 1.8810E+04  1.3765E-03  4.3005E-03  1.4175E-03  9.0201E-03  1.0000E+00
 1.8954E+04  1.3773E-03  4.2697E-03  1.4183E-03  8.9564E-03  1.0000E+00
 1.9099E+04  1.3781E-03  4.2392E-03  1.4190E-03  8.8932E-03  1.0000E+00
 1.9245E+04  1.3789E-03  4.2088E-03  1.4198E-03  8.8305E-03  1.0000E+00
 1.9393E+04  1.3797E-03  4.1787E-03  1.4206E-03  8.7682E-03  1.0000E+00
 1.9541E+04  1.3806E-03  4.1488E-03  1.4214E-03  8.7065E-03  1.0000E+00
 1.9691E+04  1.3814E-03  4.1191E-03  1.4222E-03  8.6452E-03  1.0000E+00
 1.9842E+04  1.3822E-03  4.0896E-03  1.4230E-03  8.5843E-03  1.0000E+00
 1.9994E+04  1.3830E-03  4.0603E-03  1.4238E-03  8.5240E-03  1.0000E+00
 2.0147E+04  1.3838E-03  4.0312E-03  1.4247E-03  8.4641E-03  1.0000E+00
 2.0301E+04  1.3846E-03  4.0023E-03  1.4255E-03  8.4046E-03  1.0000E+00
 2.0456E+04  1.3854E-03  3.9737E-03  1.4263E-03  8.3456E-03  1.0000E+00
 2.0613E+04  1.3863E-03  3.9452E-03  1.4272E-03  8.2871E-03  1.0000E+00
 2.0771E+04  1.3871E-03  3.9169E-03  1.4280E-03  8.2290E-03  1.0000E+00
 2.0930E+04  1.3879E-03  3.8889E-03  1.4289E-03  8.1713E-03  1.0000E+00
 2.1090E+04  1.3887E-03  3.8610E-03  1.4297E-03  8.1141E-03  1.0000E+00
 2.1252E+04  1.3895E-03  3.8333E-03  1.4306E-03  8.0573E-03  1.0000E+00
 2.1415E+04  1.3904E-03  3.8058E-03  1.4315E-03  8.0010E-03  1.0000E+00
 2.1579E+04  1.3912E-03  3.7786E-03  1.4323E-03  7.9451E-03  1.0000E+00
 2.1744E+04  1.3920E-03  3.7515E-03  1.4332E-03  7.8896E-03  1.0000E+00
 2.1910E+04  1.3928E-03  3.7246E-03  1.4341E-03  7.8345E-03  1.0000E+00
 2.2078E+04  1.3936E-03  3.6979E-03  1.4350E-03  7.7799E-03  1.0000E+00
 2.2247E+04  1.3945E-03  3.6713E-03  1.4359E-03  7.7256E-03  1.0000E+00
 2.2418E+04  1.3953E-03  3.6450E-03  1.4369E-03  7.6718E-03  1.0000E+00
 2.2589E+04  1.3961E-03  3.6188E-03  1.4378E-03  7.6184E-03  1.0000E+00
 2.2762E+04  1.3970E-03  3.5929E-03  1.4387E-03  7.5654E-03  1.0000E+00
 2.2937E+04  1.3978E-03  3.5671E-03  1.4397E-03  7.5128E-03  1.0000E+00
 2.3112E+04  1.3986E-03  3.5415E-03  1.4406E-03  7.4606E-03  1.0000E+00
 2.3289E+04  1.3994E-03  3.5161E-03  1.4416E-03  7.4088E-03  1.0000E+00
 2.3468E+04  1.4003E-03  3.4908E-03  1.4425E-03  7.3574E-03  1.0000E+00
 2.3647E+04  1.4011E-03  3.4658E-03  1.4435E-03  7.3064E-03  1.0000E+00
 2.3829E+04  1.4019E-03  3.4409E-03  1.4445E-03  7.2558E-03  1.0000E+00
 2.4011E+04  1.4028E-03  3.4161E-03  1.4455E-03  7.2056E-03  1.0000E+00
 2.4195E+04  1.4036E-03  3.3916E-03  1.4465E-03  7.1557E-03  1.0000E+00
 2.4380E+04  1.4045E-03  3.3672E-03  1.4475E-03  7.1063E-03  1.0000E+00
 2.4567E+04  1.4053E-03  3.3430E-03  1.4485E-03  7.0572E-03  1.0000E+00
 2.4755E+04  1.4061E-03  3.3190E-03  1.4495E-03  7.0085E-03  1.0000E+00
 2.4945E+04  1.4072E-03  3.2957E-03  1.4505E-03  6.9601E-03  1.0000E+00
 2.5136E+04  1.4085E-03  3.2732E-03  1.4515E-03  6.9122E-03  1.0000E+00
 2.5328E+04  1.4099E-03  3.2508E-03  1.4526E-03  6.8645E-03  1.0000E+00
 2.5522E+04  1.4112E-03  3.2286E-03  1.4536E-03  6.8173E-03  1.0000E+00
 2.5718E+04  1.4126E-03  3.2065E-03  1.4547E-03  6.7704E-03  1.0000E+00
 2.5915E+04  1.4139E-03  3.1846E-03  1.4558E-03  6.7239E-03  1.0000E+00
 2.6113E+04  1.4153E-03  3.1629E-03  1.4568E-03  6.6777E-03  1.0000E+00
 2.6313E+04  1.4167E-03  3.1413E-03  1.4579E-03  6.6319E-03  1.0000E+00
 2.6515E+04  1.4181E-03  3.1198E-03  1.4590E-03  6.5864E-03  1.0000E+00
 2.6718E+04  1.4194E-03  3.0985E-03  1.4601E-03  6.5413E-03  1.0000E+00
 2.6922E+04  1.4208E-03  3.0774E-03  1.4612E-03  6.4966E-03  1.0000E+00
 2.7128E+04  1.4222E-03  3.0564E-03  1.4624E-03  6.4521E-03  1.0000E+00
 2.7336E+04  1.4237E-03  3.0356E-03  1.4635E-03  6.4080E-03  1.0000E+00
 2.7545E+04  1.4251E-03  3.0149E-03  1.4646E-03  6.3643E-03  1.0000E+00
 2.7756E+04  1.4265E-03  2.9944E-03  1.4658E-03  6.3209E-03  1.0000E+00
 2.7969E+04  1.4279E-03  2.9740E-03  1.4669E-03  6.2778E-03  1.0000E+00
 2.8183E+04  1.4293E-03  2.9538E-03  1.4681E-03  6.2350E-03  1.0000E+00
 2.8399E+04  1.4308E-03  2.9337E-03  1.4693E-03  6.1926E-03  1.0000E+00
 2.8617E+04  1.4322E-03  2.9137E-03  1.4705E-03  6.1505E-03  1.0000E+00
 2.8836E+04  1.4337E-03  2.8939E-03  1.4716E-03  6.1087E-03  1.0000E+00
 2.9056E+04  1.4352E-03  2.8743E-03  1.4729E-03  6.0672E-03  1.0000E+00
 2.9279E+04  1.4366E-03  2.8547E-03  1.4741E-03  6.0261E-03  1.0000E+00
 2.9503E+04  1.4381E-03  2.8354E-03  1.4753E-03  5.9852E-03  1.0000E+00
 2.9729E+04  1.4396E-03  2.8161E-03  1.4765E-03  5.9447E-03  1.0000E+00
 2.9957E+04  1.4411E-03  2.7970E-03  1.4778E-03  5.9045E-03  1.0000E+00
 3.0186E+04  1.4426E-03  2.7780E-03  1.4790E-03  5.8646E-03  1.0000E+00
 3.0417E+04  1.4441E-03  2.7592E-03  1.4803E-03  5.8250E-03  1.0000E+00
 3.0650E+04  1.4456E-03  2.7405E-03  1.4816E-03  5.7857E-03  1.0000E+00
 3.0885E+04  1.4472E-03  2.7220E-03  1.4828E-03  5.7467E-03  1.0000E+00
 3.1122E+04  1.4487E-03  2.7035E-03  1.4841E-03  5.7080E-03  1.0000E+00
 3.1360E+04  1.4503E-03  2.6853E-03  1.4854E-03  5.6696E-03  1.0000E+00
 3.1600E+04  1.4518E-03  2.6671E-03  1.4868E-03  5.6315E-03  1.0000E+00
 3.1842E+04  1.4534E-03  2.6491E-03  1.4881E-03  5.5937E-03  1.0000E+00
 3.2086E+04  1.4549E-03  2.6312E-03  1.4894E-03  5.5562E-03  1.0000E+00
 3.2332E+04  1.4565E-03  2.6134E-03  1.4908E-03  5.5189E-03  1.0000E+00
 3.2579E+04  1.4581E-03  2.5958E-03  1.4921E-03  5.4820E-03  1.0000E+00
 3.2829E+04  1.4597E-03  2.5783E-03  1.4935E-03  5.4453E-03  1.0000E+00
 3.3080E+04  1.4613E-03  2.5609E-03  1.4949E-03  5.4089E-03  1.0000E+00
 3.3334E+04  1.4630E-03  2.5436E-03  1.4963E-03  5.3728E-03  1.0000E+00
 3.3589E+04  1.4646E-03  2.5265E-03  1.4977E-03  5.3370E-03  1.0000E+00
 3.3846E+04  1.4662E-03  2.5095E-03  1.4991E-03  5.3014E-03  1.0000E+00
 3.4105E+04  1.4679E-03  2.4926E-03  1.5005E-03  5.2661E-03  1.0000E+00
 3.4367E+04  1.4695E-03  2.4758E-03  1.5020E-03  5.2311E-03  1.0000E+00
 3.4630E+04  1.4712E-03  2.4592E-03  1.5034E-03  5.1964E-03  1.0000E+00
 3.4895E+04  1.4729E-03  2.4427E-03  1.5049E-03  5.1619E-03  1.0000E+00
 3.5162E+04  1.4746E-03  2.4263E-03  1.5063E-03  5.1277E-03  1.0000E+00
 3.5431E+04  1.4763E-03  2.4100E-03  1.5078E-03  5.0937E-03  1.0000E+00
 3.5703E+04  1.4780E-03  2.3938E-03  1.5093E-03  5.0600E-03  1.0000E+00
 3.5976E+04  1.4797E-03  2.3778E-03  1.5108E-03  5.0266E-03  1.0000E+00
 3.6252E+04  1.4814E-03  2.3619E-03  1.5124E-03  4.9934E-03  1.0000E+00
 3.6529E+04  1.4832E-03  2.3460E-03  1.5139E-03  4.9605E-03  1.0000E+00
 3.6809E+04  1.4849E-03  2.3303E-03  1.5154E-03  4.9278E-03  1.0000E+00
 3.7091E+04  1.4867E-03  2.3148E-03  1.5170E-03  4.8954E-03  1.0000E+00
 3.7375E+04  1.4884E-03  2.2993E-03  1.5186E-03  4.8633E-03  1.0000E+00
 3.7661E+04  1.4902E-03  2.2839E-03  1.5202E-03  4.8313E-03  1.0000E+00
 3.7950E+04  1.4920E-03  2.2687E-03  1.5218E-03  4.7997E-03  1.0000E+00
 3.8240E+04  1.4938E-03  2.2536E-03  1.5234E-03  4.7682E-03  1.0000E+00
 3.8533E+04  1.4957E-03  2.2385E-03  1.5250E-03  4.7370E-03  1.0000E+00
 3.8828E+04  1.4975E-03  2.2236E-03  1.5266E-03  4.7061E-03  1.0000E+00
 3.9126E+04  1.4993E-03  2.2088E-03  1.5283E-03  4.6754E-03  1.0000E+00
 3.9425E+04  1.5012E-03  2.1941E-03  1.5300E-03  4.6449E-03  1.0000E+00
 3.9727E+04  1.5031E-03  2.1796E-03  1.5316E-03  4.6146E-03  1.0000E+00
 4.0032E+04  1.5049E-03  2.1651E-03  1.5333E-03  4.5846E-03  1.0000E+00
 4.0338E+04  1.5068E-03  2.1507E-03  1.5350E-03  4.5549E-03  1.0000E+00
 4.0647E+04  1.5087E-03  2.1364E-03  1.5368E-03  4.5253E-03  1.0000E+00
 4.0958E+04  1.5107E-03  2.1223E-03  1.5385E-03  4.4960E-03  1.0000E+00
 4.1272E+04  1.5126E-03  2.1082E-03  1.5402E-03  4.4669E-03  1.0000E+00
 4.1588E+04  1.5145E-03  2.0943E-03  1.5420E-03  4.4380E-03  1.0000E+00
 4.1907E+04  1.5165E-03  2.0804E-03  1.5438E-03  4.4094E-03  1.0000E+00
 4.2228E+04  1.5185E-03  2.0666E-03  1.5456E-03  4.3809E-03  1.0000E+00
 4.2551E+04  1.5204E-03  2.0530E-03  1.5474E-03  4.3527E-03  1.0000E+00
 4.2877E+04  1.5224E-03  2.0394E-03  1.5492E-03  4.3247E-03  1.0000E+00
 4.3205E+04  1.5244E-03  2.0260E-03  1.5510E-03  4.2969E-03  1.0000E+00
 4.3536E+04  1.5265E-03  2.0126E-03  1.5529E-03  4.2694E-03  1.0000E+00
 4.3869E+04  1.5285E-03  1.9994E-03  1.5548E-03  4.2420E-03  1.0000E+00
 4.4205E+04  1.5306E-03  1.9862E-03  1.5566E-03  4.2149E-03  1.0000E+00
 4.4544E+04  1.5326E-03  1.9732E-03  1.5585E-03  4.1880E-03  1.0000E+00
 4.4885E+04  1.5347E-03  1.9602E-03  1.5605E-03  4.1612E-03  1.0000E+00
 4.5229E+04  1.5368E-03  1.9473E-03  1.5624E-03  4.1347E-03  1.0000E+00
 4.5575E+04  1.5389E-03  1.9346E-03  1.5643E-03  4.1084E-03  1.0000E+00
 4.5924E+04  1.5410E-03  1.9219E-03  1.5663E-03  4.0823E-03  1.0000E+00
 4.6276E+04  1.5432E-03  1.9093E-03  1.5683E-03  4.0564E-03  1.0000E+00
 4.6630E+04  1.5453E-03  1.8968E-03  1.5703E-03  4.0307E-03  1.0000E+00
 4.6987E+04  1.5475E-03  1.8844E-03  1.5723E-03  4.0052E-03  1.0000E+00
 4.7347E+04  1.5497E-03  1.8721E-03  1.5743E-03  3.9799E-03  1.0000E+00
 4.7710E+04  1.5519E-03  1.8599E-03  1.5764E-03  3.9547E-03  1.0000E+00
 4.8075E+04  1.5541E-03  1.8477E-03  1.5784E-03  3.9298E-03  1.0000E+00
 4.8443E+04  1.5564E-03  1.8357E-03  1.5805E-03  3.9051E-03  1.0000E+00
 4.8814E+04  1.5586E-03  1.8238E-03  1.5826E-03  3.8806E-03  1.0000E+00
 4.9188E+04  1.5609E-03  1.8119E-03  1.5847E-03  3.8562E-03  1.0000E+00
 4.9565E+04  1.5632E-03  1.8001E-03  1.5868E-03  3.8320E-03  1.0000E+00
 4.9945E+04  1.5655E-03  1.7884E-03  1.5890E-03  3.8081E-03  1.0000E+00
 5.0327E+04  1.5678E-03  1.7768E-03  1.5912E-03  3.7843E-03  1.0000E+00
 5.0713E+04  1.5701E-03  1.7653E-03  1.5933E-03  3.7607E-03  1.0000E+00
 5.1101E+04  1.5724E-03  1.7539E-03  1.5955E-03  3.7373E-03  1.0000E+00
 5.1492E+04  1.5748E-03  1.7425E-03  1.5978E-03  3.7140E-03  1.0000E+00
 5.1887E+04  1.5772E-03  1.7313E-03  1.6000E-03  3.6910E-03  1.0000E+00
 5.2284E+04  1.5796E-03  1.7201E-03  1.6023E-03  3.6681E-03  1.0000E+00
 5.2684E+04  1.5820E-03  1.7090E-03  1.6046E-03  3.6454E-03  1.0000E+00
 5.3088E+04  1.5845E-03  1.6980E-03  1.6068E-03  3.6229E-03  1.0000E+00
 5.3494E+04  1.5869E-03  1.6871E-03  1.6092E-03  3.6005E-03  1.0000E+00
 5.3904E+04  1.5894E-03  1.6762E-03  1.6115E-03  3.5783E-03  1.0000E+00
 5.4317E+04  1.5919E-03  1.6654E-03  1.6139E-03  3.5563E-03  1.0000E+00
 5.4733E+04  1.5944E-03  1.6548E-03  1.6162E-03  3.5345E-03  1.0000E+00
 5.5152E+04  1.5969E-03  1.6441E-03  1.6186E-03  3.5128E-03  1.0000E+00
 5.5574E+04  1.5995E-03  1.6336E-03  1.6210E-03  3.4913E-03  1.0000E+00
 5.6000E+04  1.6020E-03  1.6232E-03  1.6235E-03  3.4700E-03  1.0000E+00
 5.6429E+04  1.6046E-03  1.6128E-03  1.6259E-03  3.4489E-03  1.0000E+00
 5.6861E+04  1.6072E-03  1.6025E-03  1.6284E-03  3.4279E-03  1.0000E+00
 5.7297E+04  1.6099E-03  1.5923E-03  1.6309E-03  3.4070E-03  1.0000E+00
 5.7735E+04  1.6125E-03  1.5821E-03  1.6334E-03  3.3864E-03  1.0000E+00
 5.8177E+04  1.6152E-03  1.5721E-03  1.6360E-03  3.3659E-03  1.0000E+00
 5.8623E+04  1.6179E-03  1.5621E-03  1.6385E-03  3.3455E-03  1.0000E+00
 5.9072E+04  1.6206E-03  1.5521E-03  1.6411E-03  3.3253E-03  1.0000E+00
 5.9524E+04  1.6233E-03  1.5423E-03  1.6437E-03  3.3053E-03  1.0000E+00
 5.9980E+04  1.6261E-03  1.5325E-03  1.6464E-03  3.2854E-03  1.0000E+00
 6.0440E+04  1.6288E-03  1.5228E-03  1.6490E-03  3.2657E-03  1.0000E+00
 6.0902E+04  1.6316E-03  1.5132E-03  1.6517E-03  3.2461E-03  1.0000E+00
 6.1369E+04  1.6345E-03  1.5036E-03  1.6544E-03  3.2267E-03  1.0000E+00
 6.1839E+04  1.6373E-03  1.4941E-03  1.6571E-03  3.2074E-03  1.0000E+00
 6.2312E+04  1.6401E-03  1.4847E-03  1.6598E-03  3.1883E-03  1.0000E+00
 6.2790E+04  1.6430E-03  1.4754E-03  1.6626E-03  3.1694E-03  1.0000E+00
 6.3270E+04  1.6459E-03  1.4661E-03  1.6654E-03  3.1505E-03  1.0000E+00
 6.3755E+04  1.6489E-03  1.4569E-03  1.6682E-03  3.1319E-03  1.0000E+00
 6.4243E+04  1.6518E-03  1.4478E-03  1.6710E-03  3.1134E-03  1.0000E+00
 6.4735E+04  1.6548E-03  1.4387E-03  1.6739E-03  3.0950E-03  1.0000E+00
 6.5231E+04  1.6578E-03  1.4297E-03  1.6768E-03  3.0768E-03  1.0000E+00
 6.5731E+04  1.6608E-03  1.4208E-03  1.6797E-03  3.0587E-03  1.0000E+00
 6.6234E+04  1.6639E-03  1.4119E-03  1.6826E-03  3.0407E-03  1.0000E+00
 6.6741E+04  1.6669E-03  1.4031E-03  1.6856E-03  3.0229E-03  1.0000E+00
 6.7252E+04  1.6700E-03  1.3944E-03  1.6886E-03  3.0053E-03  1.0000E+00
 6.7767E+04  1.6731E-03  1.3857E-03  1.6916E-03  2.9877E-03  1.0000E+00
 6.8286E+04  1.6763E-03  1.3771E-03  1.6946E-03  2.9703E-03  1.0000E+00
 6.8809E+04  1.6794E-03  1.3686E-03  1.6977E-03  2.9531E-03  1.0000E+00
 6.9336E+04  1.6826E-03  1.3601E-03  1.7008E-03  2.9360E-03  1.0000E+00
 6.9867E+04  1.6859E-03  1.3517E-03  1.7039E-03  2.9190E-03  1.0000E+00
 7.0402E+04  1.6891E-03  1.3433E-03  1.7070E-03  2.9022E-03  1.0000E+00
 7.0942E+04  1.6924E-03  1.3350E-03  1.7102E-03  2.8854E-03  1.0000E+00
 7.1485E+04  1.6957E-03  1.3268E-03  1.7134E-03  2.8689E-03  1.0000E+00
 7.2032E+04  1.6990E-03  1.3186E-03  1.7166E-03  2.8524E-03  1.0000E+00
 7.2584E+04  1.7023E-03  1.3105E-03  1.7198E-03  2.8361E-03  1.0000E+00
 7.3140E+04  1.7057E-03  1.3025E-03  1.7231E-03  2.8199E-03  1.0000E+00
 7.3700E+04  1.7091E-03  1.2945E-03  1.7264E-03  2.8038E-03  1.0000E+00
 7.4264E+04  1.7126E-03  1.2866E-03  1.7298E-03  2.7879E-03  1.0000E+00
 7.4833E+04  1.7160E-03  1.2787E-03  1.7331E-03  2.7721E-03  1.0000E+00
 7.5406E+04  1.7195E-03  1.2709E-03  1.7365E-03  2.7564E-03  1.0000E+00
 7.5984E+04  1.7230E-03  1.2632E-03  1.7399E-03  2.7409E-03  1.0000E+00
 7.6566E+04  1.7266E-03  1.2555E-03  1.7434E-03  2.7254E-03  1.0000E+00
 7.7152E+04  1.7302E-03  1.2479E-03  1.7469E-03  2.7101E-03  1.0000E+00
 7.7743E+04  1.7338E-03  1.2403E-03  1.7504E-03  2.6949E-03  1.0000E+00
 7.8338E+04  1.7374E-03  1.2328E-03  1.7539E-03  2.6798E-03  1.0000E+00
 7.8938E+04  1.7411E-03  1.2253E-03  1.7575E-03  2.6649E-03  1.0000E+00
 7.9543E+04  1.7448E-03  1.2179E-03  1.7611E-03  2.6501E-03  1.0000E+00
 8.0152E+04  1.7485E-03  1.2106E-03  1.7647E-03  2.6354E-03  1.0000E+00
 8.0766E+04  1.7522E-03  1.2033E-03  1.7684E-03  2.6208E-03  1.0000E+00
 8.1384E+04  1.7560E-03  1.1961E-03  1.7721E-03  2.6063E-03  1.0000E+00
 8.2008E+04  1.7599E-03  1.1889E-03  1.7758E-03  2.5919E-03  1.0000E+00
 8.2636E+04  1.7637E-03  1.1818E-03  1.7796E-03  2.5777E-03  1.0000E+00
 8.3268E+04  1.7676E-03  1.1747E-03  1.7834E-03  2.5635E-03  1.0000E+00
 8.3906E+04  1.7715E-03  1.1677E-03  1.7872E-03  2.5495E-03  1.0000E+00
 8.4549E+04  1.7755E-03  1.1607E-03  1.7911E-03  2.5356E-03  1.0000E+00
 8.5196E+04  1.7794E-03  1.1538E-03  1.7950E-03  2.5218E-03  1.0000E+00
 8.5849E+04  1.7835E-03  1.1469E-03  1.7989E-03  2.5081E-03  1.0000E+00
 8.6506E+04  1.7875E-03  1.1401E-03  1.8029E-03  2.4945E-03  1.0000E+00
 8.7169E+04  1.7916E-03  1.1334E-03  1.8069E-03  2.4811E-03  1.0000E+00
 8.7836E+04  1.7957E-03  1.1267E-03  1.8109E-03  2.4677E-03  1.0000E+00
 8.8509E+04  1.7999E-03  1.1200E-03  1.8150E-03  2.4545E-03  1.0000E+00
 8.9187E+04  1.8040E-03  1.1134E-03  1.8191E-03  2.4413E-03  1.0000E+00
 8.9870E+04  1.8083E-03  1.1069E-03  1.8232E-03  2.4283E-03  1.0000E+00
 9.0558E+04  1.8125E-03  1.1003E-03  1.8274E-03  2.4154E-03  1.0000E+00
 9.1252E+04  1.8168E-03  1.0939E-03  1.8316E-03  2.4025E-03  1.0000E+00
 9.1950E+04  1.8212E-03  1.0875E-03  1.8359E-03  2.3898E-03  1.0000E+00
 9.2655E+04  1.8255E-03  1.0811E-03  1.8402E-03  2.3772E-03  1.0000E+00
 9.3364E+04  1.8299E-03  1.0748E-03  1.8445E-03  2.3647E-03  1.0000E+00
 9.4079E+04  1.8344E-03  1.0685E-03  1.8489E-03  2.3523E-03  1.0000E+00
 9.4800E+04  1.8389E-03  1.0623E-03  1.8533E-03  2.3399E-03  1.0000E+00
 9.5526E+04  1.8434E-03  1.0562E-03  1.8577E-03  2.3277E-03  1.0000E+00
 9.6257E+04  1.8479E-03  1.0500E-03  1.8622E-03  2.3156E-03  1.0000E+00
 9.6994E+04  1.8525E-03  1.0440E-03  1.8667E-03  2.3036E-03  1.0000E+00
 9.7737E+04  1.8572E-03  1.0379E-03  1.8713E-03  2.2917E-03  1.0000E+00
 9.8486E+04  1.8618E-03  1.0319E-03  1.8759E-03  2.2799E-03  1.0000E+00
 9.9240E+04  1.8666E-03  1.0260E-03  1.8805E-03  2.2681E-03  1.0000E+00
 1.0000E+05  1.8713E-03  1.0201E-03  1.8852E-03  2.2565E-03  1.0000E+00


