#     0	 1	   22	 3	 2.7784E+03	 1000	1
 4.8978E+01  0.0000E+00  0.0000E+00  0.0000E+00  0.0000E+00  0.0000E+00
 4.9353E+01  0.0000E+00  0.0000E+00  0.0000E+00  0.0000E+00  0.0000E+00
 4.9731E+01  0.0000E+00  0.0000E+00  0.0000E+00  0.0000E+00  0.0000E+00
 5.0112E+01  0.0000E+00  0.0000E+00  0.0000E+00  0.0000E+00  0.0000E+00
 5.0496E+01  0.0000E+00  0.0000E+00  0.0000E+00  0.0000E+00  0.0000E+00
 5.0882E+01  0.0000E+00  0.0000E+00  0.0000E+00  0.0000E+00  0.0000E+00
 5.1272E+01  0.0000E+00  0.0000E+00  0.0000E+00  0.0000E+00  0.0000E+00
 5.1665E+01  0.0000E+00  0.0000E+00  0.0000E+00  0.0000E+00  0.0000E+00
 5.2060E+01  0.0000E+00  0.0000E+00  0.0000E+00  0.0000E+00  0.0000E+00
 5.2459E+01  0.0000E+00  0.0000E+00  0.0000E+00  0.0000E+00  0.0000E+00
 5.2861E+01  0.0000E+00  0.0000E+00  0.0000E+00  0.0000E+00  0.0000E+00
 5.3266E+01  0.0000E+00  0.0000E+00  0.0000E+00  0.0000E+00  0.0000E+00
 5.3673E+01  0.0000E+00  0.0000E+00  0.0000E+00  0.0000E+00  0.0000E+00
 5.4085E+01  0.0000E+00  0.0000E+00  0.0000E+00  0.0000E+00  0.0000E+00
 5.4499E+01  0.0000E+00  0.0000E+00  0.0000E+00  0.0000E+00  0.0000E+00
 5.4916E+01  0.0000E+00  0.0000E+00  0.0000E+00  0.0000E+00  0.0000E+00
 5.5337E+01  0.0000E+00  0.0000E+00  0.0000E+00  0.0000E+00  0.0000E+00
 5.5760E+01  0.0000E+00  0.0000E+00  0.0000E+00  0.0000E+00  0.0000E+00
 5.6187E+01  0.0000E+00  0.0000E+00  0.0000E+00  0.0000E+00  0.0000E+00
 5.6618E+01  0.0000E+00  0.0000E+00  0.0000E+00  0.0000E+00  0.0000E+00
 5.7051E+01  0.0000E+00  0.0000E+00  0.0000E+00  0.0000E+00  0.0000E+00
 5.7488E+01  0.0000E+00  0.0000E+00  0.0000E+00  0.0000E+00  0.0000E+00
 5.7929E+01  0.0000E+00  0.0000E+00  0.0000E+00  0.0000E+00  0.0000E+00
 5.8372E+01  0.0000E+00  0.0000E+00  0.0000E+00  0.0000E+00  0.0000E+00
 5.8819E+01  0.0000E+00  0.0000E+00  0.0000E+00  0.0000E+00  0.0000E+00
 5.9270E+01  0.0000E+00  0.0000E+00  0.0000E+00  0.0000E+00  0.0000E+00
 5.9724E+01  0.0000E+00  0.0000E+00  0.0000E+00  0.0000E+00  0.0000E+00
 6.0181E+01  0.0000E+00  0.0000E+00  0.0000E+00  0.0000E+00  0.0000E+00
 6.0642E+01  0.0000E+00  0.0000E+00  0.0000E+00  0.0000E+00  0.0000E+00
 6.1106E+01  0.0000E+00  0.0000E+00  0.0000E+00  0.0000E+00  0.0000E+00
 6.1574E+01  0.0000E+00  0.0000E+00  0.0000E+00  0.0000E+00  0.0000E+00
 6.2046E+01  0.0000E+00  0.0000E+00  0.0000E+00  0.0000E+00  0.0000E+00
 6.2521E+01  0.0000E+00  0.0000E+00  0.0000E+00  0.0000E+00  0.0000E+00
 6.3000E+01  0.0000E+00  0.0000E+00  0.0000E+00  0.0000E+00  0.0000E+00
 6.3482E+01  0.0000E+00  0.0000E+00  0.0000E+00  0.0000E+00  0.0000E+00
 6.3968E+01  0.0000E+00  0.0000E+00  0.0000E+00  0.0000E+00  0.0000E+00
 6.4458E+01  0.0000E+00  0.0000E+00  0.0000E+00  0.0000E+00  0.0000E+00
 6.4952E+01  0.0000E+00  0.0000E+00  0.0000E+00  0.0000E+00  0.0000E+00
 6.5449E+01  0.0000E+00  0.0000E+00  0.0000E+00  0.0000E+00  0.0000E+00
 6.5951E+01  0.0000E+00  0.0000E+00  0.0000E+00  0.0000E+00  0.0000E+00
 6.6456E+01  0.0000E+00  0.0000E+00  0.0000E+00  0.0000E+00  0.0000E+00
 6.6965E+01  0.0000E+00  0.0000E+00  0.0000E+00  0.0000E+00  0.0000E+00
 6.7478E+01  0.0000E+00  0.0000E+00  0.0000E+00  0.0000E+00  0.0000E+00
 6.7994E+01  0.0000E+00  0.0000E+00  0.0000E+00  0.0000E+00  0.0000E+00
 6.8515E+01  0.0000E+00  0.0000E+00  0.0000E+00  0.0000E+00  0.0000E+00
 6.9040E+01  0.0000E+00  0.0000E+00  0.0000E+00  0.0000E+00  0.0000E+00
 6.9568E+01  0.0000E+00  0.0000E+00  0.0000E+00  0.0000E+00  0.0000E+00
 7.0101E+01  0.0000E+00  0.0000E+00  0.0000E+00  0.0000E+00  0.0000E+00
 7.0638E+01  0.0000E+00  0.0000E+00  0.0000E+00  0.0000E+00  0.0000E+00
 7.1179E+01  0.0000E+00  0.0000E+00  0.0000E+00  0.0000E+00  0.0000E+00
 7.1724E+01  0.0000E+00  0.0000E+00  0.0000E+00  0.0000E+00  0.0000E+00
 7.2273E+01  0.0000E+00  0.0000E+00  0.0000E+00  0.0000E+00  0.0000E+00
 7.2827E+01  0.0000E+00  0.0000E+00  0.0000E+00  0.0000E+00  0.0000E+00
 7.3385E+01  0.0000E+00  0.0000E+00  0.0000E+00  0.0000E+00  0.0000E+00
 7.3947E+01  0.0000E+00  0.0000E+00  0.0000E+00  0.0000E+00  0.0000E+00
 7.4513E+01  0.0000E+00  0.0000E+00  0.0000E+00  0.0000E+00  0.0000E+00
 7.5084E+01  0.0000E+00  0.0000E+00  0.0000E+00  0.0000E+00  0.0000E+00
 7.5659E+01  0.0000E+00  0.0000E+00  0.0000E+00  0.0000E+00  0.0000E+00
 7.6238E+01  0.0000E+00  0.0000E+00  0.0000E+00  0.0000E+00  0.0000E+00
 7.6822E+01  0.0000E+00  0.0000E+00  0.0000E+00  0.0000E+00  0.0000E+00
 7.7410E+01  0.0000E+00  0.0000E+00  0.0000E+00  0.0000E+00  0.0000E+00
 7.8003E+01  0.0000E+00  0.0000E+00  0.0000E+00  0.0000E+00  0.0000E+00
 7.8601E+01  0.0000E+00  0.0000E+00  0.0000E+00  0.0000E+00  0.0000E+00
 7.9202E+01  0.0000E+00  0.0000E+00  0.0000E+00  0.0000E+00  0.0000E+00
 7.9809E+01  0.0000E+00  0.0000E+00  0.0000E+00  0.0000E+00  0.0000E+00
 8.0420E+01  0.0000E+00  0.0000E+00  0.0000E+00  0.0000E+00  0.0000E+00
 8.1036E+01  0.0000E+00  0.0000E+00  0.0000E+00  0.0000E+00  0.0000E+00
 8.1657E+01  0.0000E+00  0.0000E+00  0.0000E+00  0.0000E+00  0.0000E+00
 8.2282E+01  0.0000E+00  0.0000E+00  0.0000E+00  0.0000E+00  0.0000E+00
 8.2912E+01  0.0000E+00  0.0000E+00  0.0000E+00  0.0000E+00  0.0000E+00
 8.3547E+01  0.0000E+00  0.0000E+00  0.0000E+00  0.0000E+00  0.0000E+00
 8.4187E+01  0.0000E+00  0.0000E+00  0.0000E+00  0.0000E+00  0.0000E+00
 8.4832E+01  0.0000E+00  0.0000E+00  0.0000E+00  0.0000E+00  0.0000E+00
 8.5481E+01  0.0000E+00  0.0000E+00  0.0000E+00  0.0000E+00  0.0000E+00
 8.6136E+01  0.0000E+00  0.0000E+00  0.0000E+00  0.0000E+00  0.0000E+00
 8.6796E+01  0.0000E+00  0.0000E+00  0.0000E+00  0.0000E+00  0.0000E+00
 8.7460E+01  0.0000E+00  0.0000E+00  0.0000E+00  0.0000E+00  0.0000E+00
 8.8130E+01  0.0000E+00  0.0000E+00  0.0000E+00  0.0000E+00  0.0000E+00
 8.8805E+01  0.0000E+00  0.0000E+00  0.0000E+00  0.0000E+00  0.0000E+00
 8.9485E+01  0.0000E+00  0.0000E+00  0.0000E+00  0.0000E+00  0.0000E+00
 9.0171E+01  0.0000E+00  0.0000E+00  0.0000E+00  0.0000E+00  0.0000E+00
 9.0861E+01  0.0000E+00  0.0000E+00  0.0000E+00  0.0000E+00  0.0000E+00
 9.1557E+01  0.0000E+00  0.0000E+00  0.0000E+00  0.0000E+00  0.0000E+00
 9.2258E+01  0.0000E+00  0.0000E+00  0.0000E+00  0.0000E+00  0.0000E+00
 9.2965E+01  0.0000E+00  0.0000E+00  0.0000E+00  0.0000E+00  0.0000E+00
 9.3677E+01  0.0000E+00  0.0000E+00  0.0000E+00  0.0000E+00  0.0000E+00
 9.4394E+01  0.0000E+00  0.0000E+00  0.0000E+00  0.0000E+00  0.0000E+00
 9.5117E+01  0.0000E+00  0.0000E+00  0.0000E+00  0.0000E+00  0.0000E+00
 9.5845E+01  0.0000E+00  0.0000E+00  0.0000E+00  0.0000E+00  0.0000E+00
 9.6579E+01  0.0000E+00  0.0000E+00  0.0000E+00  0.0000E+00  0.0000E+00
 9.7319E+01  0.0000E+00  0.0000E+00  0.0000E+00  0.0000E+00  0.0000E+00
 9.8064E+01  0.0000E+00  0.0000E+00  0.0000E+00  0.0000E+00  0.0000E+00
 9.8815E+01  0.0000E+00  0.0000E+00  0.0000E+00  0.0000E+00  0.0000E+00
 9.9572E+01  0.0000E+00  0.0000E+00  0.0000E+00  0.0000E+00  0.0000E+00
 1.0033E+02  0.0000E+00  0.0000E+00  0.0000E+00  0.0000E+00  0.0000E+00
 1.0110E+02  0.0000E+00  0.0000E+00  0.0000E+00  0.0000E+00  0.0000E+00
 1.0188E+02  0.0000E+00  0.0000E+00  0.0000E+00  0.0000E+00  0.0000E+00
 1.0266E+02  0.0000E+00  0.0000E+00  0.0000E+00  0.0000E+00  0.0000E+00
 1.0344E+02  0.0000E+00  0.0000E+00  0.0000E+00  0.0000E+00  0.0000E+00
 1.0424E+02  0.0000E+00  0.0000E+00  0.0000E+00  0.0000E+00  0.0000E+00
 1.0503E+02  0.0000E+00  0.0000E+00  0.0000E+00  0.0000E+00  0.0000E+00
 1.0584E+02  0.0000E+00  0.0000E+00  0.0000E+00  0.0000E+00  0.0000E+00
 1.0665E+02  0.0000E+00  0.0000E+00  0.0000E+00  0.0000E+00  0.0000E+00
 1.0747E+02  0.0000E+00  0.0000E+00  0.0000E+00  0.0000E+00  0.0000E+00
 1.0829E+02  0.0000E+00  0.0000E+00  0.0000E+00  0.0000E+00  0.0000E+00
 1.0912E+02  0.0000E+00  0.0000E+00  0.0000E+00  0.0000E+00  0.0000E+00
 1.0995E+02  0.0000E+00  0.0000E+00  0.0000E+00  0.0000E+00  0.0000E+00
 1.1080E+02  0.0000E+00  0.0000E+00  0.0000E+00  0.0000E+00  0.0000E+00
 1.1164E+02  0.0000E+00  0.0000E+00  0.0000E+00  0.0000E+00  0.0000E+00
 1.1250E+02  0.0000E+00  0.0000E+00  0.0000E+00  0.0000E+00  0.0000E+00
 1.1336E+02  0.0000E+00  0.0000E+00  0.0000E+00  0.0000E+00  0.0000E+00
 1.1423E+02  0.0000E+00  0.0000E+00  0.0000E+00  0.0000E+00  0.0000E+00
 1.1510E+02  0.0000E+00  0.0000E+00  0.0000E+00  0.0000E+00  0.0000E+00
 1.1599E+02  0.0000E+00  0.0000E+00  0.0000E+00  0.0000E+00  0.0000E+00
 1.1687E+02  0.0000E+00  0.0000E+00  0.0000E+00  0.0000E+00  0.0000E+00
 1.1777E+02  0.0000E+00  0.0000E+00  0.0000E+00  0.0000E+00  0.0000E+00
 1.1867E+02  0.0000E+00  0.0000E+00  0.0000E+00  0.0000E+00  0.0000E+00
 1.1958E+02  0.0000E+00  0.0000E+00  0.0000E+00  0.0000E+00  0.0000E+00
 1.2050E+02  0.0000E+00  0.0000E+00  0.0000E+00  0.0000E+00  0.0000E+00
 1.2142E+02  0.0000E+00  0.0000E+00  0.0000E+00  0.0000E+00  0.0000E+00
 1.2235E+02  0.0000E+00  0.0000E+00  0.0000E+00  0.0000E+00  0.0000E+00
 1.2329E+02  0.0000E+00  0.0000E+00  0.0000E+00  0.0000E+00  0.0000E+00
 1.2423E+02  0.0000E+00  0.0000E+00  0.0000E+00  0.0000E+00  0.0000E+00
 1.2518E+02  0.0000E+00  0.0000E+00  0.0000E+00  0.0000E+00  0.0000E+00
 1.2614E+02  0.0000E+00  0.0000E+00  0.0000E+00  0.0000E+00  0.0000E+00
 1.2711E+02  0.0000E+00  0.0000E+00  0.0000E+00  0.0000E+00  0.0000E+00
 1.2808E+02  0.0000E+00  0.0000E+00  0.0000E+00  0.0000E+00  0.0000E+00
 1.2906E+02  0.0000E+00  0.0000E+00  0.0000E+00  0.0000E+00  0.0000E+00
 1.3005E+02  0.0000E+00  0.0000E+00  0.0000E+00  0.0000E+00  0.0000E+00
 1.3104E+02  0.0000E+00  0.0000E+00  0.0000E+00  0.0000E+00  0.0000E+00
 1.3205E+02  0.0000E+00  0.0000E+00  0.0000E+00  0.0000E+00  0.0000E+00
 1.3306E+02  0.0000E+00  0.0000E+00  0.0000E+00  0.0000E+00  0.0000E+00
 1.3408E+02  0.0000E+00  0.0000E+00  0.0000E+00  0.0000E+00  0.0000E+00
 1.3510E+02  0.0000E+00  0.0000E+00  0.0000E+00  0.0000E+00  0.0000E+00
 1.3614E+02  0.0000E+00  0.0000E+00  0.0000E+00  0.0000E+00  0.0000E+00
 1.3718E+02  0.0000E+00  0.0000E+00  0.0000E+00  0.0000E+00  0.0000E+00
 1.3823E+02  0.0000E+00  0.0000E+00  0.0000E+00  0.0000E+00  0.0000E+00
 1.3929E+02  0.0000E+00  0.0000E+00  0.0000E+00  0.0000E+00  0.0000E+00
 1.4036E+02  0.0000E+00  0.0000E+00  0.0000E+00  0.0000E+00  0.0000E+00
 1.4143E+02  0.0000E+00  0.0000E+00  0.0000E+00  0.0000E+00  0.0000E+00
 1.4252E+02  0.0000E+00  0.0000E+00  0.0000E+00  0.0000E+00  0.0000E+00
 1.4361E+02  0.0000E+00  0.0000E+00  0.0000E+00  0.0000E+00  0.0000E+00
 1.4471E+02  0.0000E+00  0.0000E+00  0.0000E+00  0.0000E+00  0.0000E+00
 1.4582E+02  0.0000E+00  0.0000E+00  0.0000E+00  0.0000E+00  0.0000E+00
 1.4693E+02  0.0000E+00  0.0000E+00  0.0000E+00  0.0000E+00  0.0000E+00
 1.4806E+02  0.0000E+00  0.0000E+00  0.0000E+00  0.0000E+00  0.0000E+00
 1.4919E+02  0.0000E+00  0.0000E+00  0.0000E+00  0.0000E+00  0.0000E+00
 1.5033E+02  0.0000E+00  0.0000E+00  0.0000E+00  0.0000E+00  0.0000E+00
 1.5149E+02  0.0000E+00  0.0000E+00  0.0000E+00  0.0000E+00  0.0000E+00
 1.5265E+02  0.0000E+00  0.0000E+00  0.0000E+00  0.0000E+00  0.0000E+00
 1.5381E+02  0.0000E+00  0.0000E+00  0.0000E+00  0.0000E+00  0.0000E+00
 1.5499E+02  0.0000E+00  0.0000E+00  0.0000E+00  0.0000E+00  0.0000E+00
 1.5618E+02  0.0000E+00  0.0000E+00  0.0000E+00  0.0000E+00  0.0000E+00
 1.5738E+02  0.0000E+00  0.0000E+00  0.0000E+00  0.0000E+00  0.0000E+00
 1.5858E+02  0.0000E+00  0.0000E+00  0.0000E+00  0.0000E+00  0.0000E+00
 1.5980E+02  0.0000E+00  0.0000E+00  0.0000E+00  0.0000E+00  0.0000E+00
 1.6102E+02  0.0000E+00  0.0000E+00  0.0000E+00  0.0000E+00  0.0000E+00
 1.6225E+02  0.0000E+00  0.0000E+00  0.0000E+00  0.0000E+00  0.0000E+00
 1.6349E+02  0.0000E+00  0.0000E+00  0.0000E+00  0.0000E+00  0.0000E+00
 1.6475E+02  0.0000E+00  0.0000E+00  0.0000E+00  0.0000E+00  0.0000E+00
 1.6601E+02  0.0000E+00  0.0000E+00  0.0000E+00  0.0000E+00  0.0000E+00
 1.6728E+02  0.0000E+00  0.0000E+00  0.0000E+00  0.0000E+00  0.0000E+00
 1.6856E+02  0.0000E+00  0.0000E+00  0.0000E+00  0.0000E+00  0.0000E+00
 1.6985E+02  0.0000E+00  0.0000E+00  0.0000E+00  0.0000E+00  0.0000E+00
 1.7115E+02  0.0000E+00  0.0000E+00  0.0000E+00  0.0000E+00  0.0000E+00
 1.7246E+02  0.0000E+00  0.0000E+00  0.0000E+00  0.0000E+00  0.0000E+00
 1.7378E+02  0.0000E+00  0.0000E+00  0.0000E+00  0.0000E+00  0.0000E+00
 1.7511E+02  0.0000E+00  0.0000E+00  0.0000E+00  0.0000E+00  0.0000E+00
 1.7646E+02  0.0000E+00  0.0000E+00  0.0000E+00  0.0000E+00  0.0000E+00
 1.7781E+02  0.0000E+00  0.0000E+00  0.0000E+00  0.0000E+00  0.0000E+00
 1.7917E+02  0.0000E+00  0.0000E+00  0.0000E+00  0.0000E+00  0.0000E+00
 1.8054E+02  0.0000E+00  0.0000E+00  0.0000E+00  0.0000E+00  0.0000E+00
 1.8192E+02  0.0000E+00  0.0000E+00  0.0000E+00  0.0000E+00  0.0000E+00
 1.8332E+02  0.0000E+00  0.0000E+00  0.0000E+00  0.0000E+00  0.0000E+00
 1.8472E+02  0.0000E+00  0.0000E+00  0.0000E+00  0.0000E+00  0.0000E+00
 1.8614E+02  0.0000E+00  0.0000E+00  0.0000E+00  0.0000E+00  0.0000E+00
 1.8756E+02  0.0000E+00  0.0000E+00  0.0000E+00  0.0000E+00  0.0000E+00
 1.8900E+02  0.0000E+00  0.0000E+00  0.0000E+00  0.0000E+00  0.0000E+00
 1.9045E+02  0.0000E+00  0.0000E+00  0.0000E+00  0.0000E+00  0.0000E+00
 1.9190E+02  0.0000E+00  0.0000E+00  0.0000E+00  0.0000E+00  0.0000E+00
 1.9337E+02  0.0000E+00  0.0000E+00  0.0000E+00  0.0000E+00  0.0000E+00
 1.9485E+02  0.0000E+00  0.0000E+00  0.0000E+00  0.0000E+00  0.0000E+00
 1.9635E+02  0.0000E+00  0.0000E+00  0.0000E+00  0.0000E+00  0.0000E+00
 1.9785E+02  0.0000E+00  0.0000E+00  0.0000E+00  0.0000E+00  0.0000E+00
 1.9937E+02  0.0000E+00  0.0000E+00  0.0000E+00  0.0000E+00  0.0000E+00
 2.0089E+02  0.0000E+00  0.0000E+00  0.0000E+00  0.0000E+00  0.0000E+00
 2.0243E+02  0.0000E+00  0.0000E+00  0.0000E+00  0.0000E+00  0.0000E+00
 2.0398E+02  0.0000E+00  0.0000E+00  0.0000E+00  0.0000E+00  0.0000E+00
 2.0554E+02  0.0000E+00  0.0000E+00  0.0000E+00  0.0000E+00  0.0000E+00
 2.0712E+02  0.0000E+00  0.0000E+00  0.0000E+00  0.0000E+00  0.0000E+00
 2.0870E+02  0.0000E+00  0.0000E+00  0.0000E+00  0.0000E+00  0.0000E+00
 2.1030E+02  0.0000E+00  0.0000E+00  0.0000E+00  0.0000E+00  0.0000E+00
 2.1191E+02  0.0000E+00  0.0000E+00  0.0000E+00  0.0000E+00  0.0000E+00
 2.1354E+02  0.0000E+00  0.0000E+00  0.0000E+00  0.0000E+00  0.0000E+00
 2.1517E+02  0.0000E+00  0.0000E+00  0.0000E+00  0.0000E+00  0.0000E+00
 2.1682E+02  0.0000E+00  0.0000E+00  0.0000E+00  0.0000E+00  0.0000E+00
 2.1848E+02  0.0000E+00  0.0000E+00  0.0000E+00  0.0000E+00  0.0000E+00
 2.2015E+02  0.0000E+00  0.0000E+00  0.0000E+00  0.0000E+00  0.0000E+00
 2.2184E+02  0.0000E+00  0.0000E+00  0.0000E+00  0.0000E+00  0.0000E+00
 2.2354E+02  0.0000E+00  0.0000E+00  0.0000E+00  0.0000E+00  0.0000E+00
 2.2525E+02  0.0000E+00  0.0000E+00  0.0000E+00  0.0000E+00  0.0000E+00
 2.2697E+02  0.0000E+00  0.0000E+00  0.0000E+00  0.0000E+00  0.0000E+00
 2.2871E+02  0.0000E+00  0.0000E+00  0.0000E+00  0.0000E+00  0.0000E+00
 2.3046E+02  0.0000E+00  0.0000E+00  0.0000E+00  0.0000E+00  0.0000E+00
 2.3223E+02  0.0000E+00  0.0000E+00  0.0000E+00  0.0000E+00  0.0000E+00
 2.3401E+02  0.0000E+00  0.0000E+00  0.0000E+00  0.0000E+00  0.0000E+00
 2.3580E+02  0.0000E+00  0.0000E+00  0.0000E+00  0.0000E+00  0.0000E+00
 2.3761E+02  0.0000E+00  0.0000E+00  0.0000E+00  0.0000E+00  0.0000E+00
 2.3942E+02  0.0000E+00  0.0000E+00  0.0000E+00  0.0000E+00  0.0000E+00
 2.4126E+02  0.0000E+00  0.0000E+00  0.0000E+00  0.0000E+00  0.0000E+00
 2.4311E+02  0.0000E+00  0.0000E+00  0.0000E+00  0.0000E+00  0.0000E+00
 2.4497E+02  0.0000E+00  0.0000E+00  0.0000E+00  0.0000E+00  0.0000E+00
 2.4684E+02  0.0000E+00  0.0000E+00  0.0000E+00  0.0000E+00  0.0000E+00
 2.4873E+02  0.0000E+00  0.0000E+00  0.0000E+00  0.0000E+00  0.0000E+00
 2.5064E+02  0.0000E+00  0.0000E+00  0.0000E+00  0.0000E+00  0.0000E+00
 2.5256E+02  0.0000E+00  0.0000E+00  0.0000E+00  0.0000E+00  0.0000E+00
 2.5449E+02  0.0000E+00  0.0000E+00  0.0000E+00  0.0000E+00  0.0000E+00
 2.5644E+02  0.0000E+00  0.0000E+00  0.0000E+00  0.0000E+00  0.0000E+00
 2.5841E+02  0.0000E+00  0.0000E+00  0.0000E+00  0.0000E+00  0.0000E+00
 2.6038E+02  0.0000E+00  0.0000E+00  0.0000E+00  0.0000E+00  0.0000E+00
 2.6238E+02  0.0000E+00  0.0000E+00  0.0000E+00  0.0000E+00  0.0000E+00
 2.6439E+02  0.0000E+00  0.0000E+00  0.0000E+00  0.0000E+00  0.0000E+00
 2.6641E+02  0.0000E+00  0.0000E+00  0.0000E+00  0.0000E+00  0.0000E+00
 2.6845E+02  0.0000E+00  0.0000E+00  0.0000E+00  0.0000E+00  0.0000E+00
 2.7051E+02  0.0000E+00  0.0000E+00  0.0000E+00  0.0000E+00  0.0000E+00
 2.7258E+02  0.0000E+00  0.0000E+00  0.0000E+00  0.0000E+00  0.0000E+00
 2.7467E+02  0.0000E+00  0.0000E+00  0.0000E+00  0.0000E+00  0.0000E+00
 2.7677E+02  0.0000E+00  0.0000E+00  0.0000E+00  0.0000E+00  0.0000E+00
 2.7889E+02  0.0000E+00  0.0000E+00  0.0000E+00  0.0000E+00  0.0000E+00
 2.8103E+02  0.0000E+00  0.0000E+00  0.0000E+00  0.0000E+00  0.0000E+00
 2.8318E+02  0.0000E+00  0.0000E+00  0.0000E+00  0.0000E+00  0.0000E+00
 2.8535E+02  0.0000E+00  0.0000E+00  0.0000E+00  0.0000E+00  0.0000E+00
 2.8753E+02  0.0000E+00  0.0000E+00  0.0000E+00  0.0000E+00  0.0000E+00
 2.8974E+02  0.0000E+00  0.0000E+00  0.0000E+00  0.0000E+00  0.0000E+00
 2.9195E+02  0.0000E+00  0.0000E+00  0.0000E+00  0.0000E+00  0.0000E+00
 2.9419E+02  0.0000E+00  0.0000E+00  0.0000E+00  0.0000E+00  0.0000E+00
 2.9644E+02  0.0000E+00  0.0000E+00  0.0000E+00  0.0000E+00  0.0000E+00
 2.9871E+02  0.0000E+00  0.0000E+00  0.0000E+00  0.0000E+00  0.0000E+00
 3.0100E+02  0.0000E+00  0.0000E+00  0.0000E+00  0.0000E+00  0.0000E+00
 3.0331E+02  0.0000E+00  0.0000E+00  0.0000E+00  0.0000E+00  0.0000E+00
 3.0563E+02  0.0000E+00  0.0000E+00  0.0000E+00  0.0000E+00  0.0000E+00
 3.0797E+02  0.0000E+00  0.0000E+00  0.0000E+00  0.0000E+00  0.0000E+00
 3.1033E+02  0.0000E+00  0.0000E+00  0.0000E+00  0.0000E+00  0.0000E+00
 3.1271E+02  0.0000E+00  0.0000E+00  0.0000E+00  0.0000E+00  0.0000E+00
 3.1510E+02  0.0000E+00  0.0000E+00  0.0000E+00  0.0000E+00  0.0000E+00
 3.1751E+02  0.0000E+00  0.0000E+00  0.0000E+00  0.0000E+00  0.0000E+00
 3.1994E+02  0.0000E+00  0.0000E+00  0.0000E+00  0.0000E+00  0.0000E+00
 3.2240E+02  0.0000E+00  0.0000E+00  0.0000E+00  0.0000E+00  0.0000E+00
 3.2486E+02  0.0000E+00  0.0000E+00  0.0000E+00  0.0000E+00  0.0000E+00
 3.2735E+02  0.0000E+00  0.0000E+00  0.0000E+00  0.0000E+00  0.0000E+00
 3.2986E+02  0.0000E+00  0.0000E+00  0.0000E+00  0.0000E+00  0.0000E+00
 3.3239E+02  0.0000E+00  0.0000E+00  0.0000E+00  0.0000E+00  0.0000E+00
 3.3493E+02  0.0000E+00  0.0000E+00  0.0000E+00  0.0000E+00  0.0000E+00
 3.3750E+02  0.0000E+00  0.0000E+00  0.0000E+00  0.0000E+00  0.0000E+00
 3.4008E+02  0.0000E+00  0.0000E+00  0.0000E+00  0.0000E+00  0.0000E+00
 3.4268E+02  0.0000E+00  0.0000E+00  0.0000E+00  0.0000E+00  0.0000E+00
 3.4531E+02  0.0000E+00  0.0000E+00  0.0000E+00  0.0000E+00  0.0000E+00
 3.4795E+02  0.0000E+00  0.0000E+00  0.0000E+00  0.0000E+00  0.0000E+00
 3.5062E+02  0.0000E+00  0.0000E+00  0.0000E+00  0.0000E+00  0.0000E+00
 3.5330E+02  0.0000E+00  0.0000E+00  0.0000E+00  0.0000E+00  0.0000E+00
 3.5601E+02  0.0000E+00  0.0000E+00  0.0000E+00  0.0000E+00  0.0000E+00
 3.5874E+02  0.0000E+00  0.0000E+00  0.0000E+00  0.0000E+00  0.0000E+00
 3.6148E+02  0.0000E+00  0.0000E+00  0.0000E+00  0.0000E+00  0.0000E+00
 3.6425E+02  0.0000E+00  0.0000E+00  0.0000E+00  0.0000E+00  0.0000E+00
 3.6704E+02  0.0000E+00  0.0000E+00  0.0000E+00  0.0000E+00  0.0000E+00
 3.6985E+02  0.0000E+00  0.0000E+00  0.0000E+00  0.0000E+00  0.0000E+00
 3.7268E+02  0.0000E+00  0.0000E+00  0.0000E+00  0.0000E+00  0.0000E+00
 3.7554E+02  0.0000E+00  0.0000E+00  0.0000E+00  0.0000E+00  0.0000E+00
 3.7841E+02  0.0000E+00  0.0000E+00  0.0000E+00  0.0000E+00  0.0000E+00
 3.8131E+02  0.0000E+00  0.0000E+00  0.0000E+00  0.0000E+00  0.0000E+00
 3.8423E+02  0.0000E+00  0.0000E+00  0.0000E+00  0.0000E+00  0.0000E+00
 3.8718E+02  0.0000E+00  0.0000E+00  0.0000E+00  0.0000E+00  0.0000E+00
 3.9014E+02  0.0000E+00  0.0000E+00  0.0000E+00  0.0000E+00  0.0000E+00
 3.9313E+02  0.0000E+00  0.0000E+00  0.0000E+00  0.0000E+00  0.0000E+00
 3.9614E+02  0.0000E+00  0.0000E+00  0.0000E+00  0.0000E+00  0.0000E+00
 3.9917E+02  0.0000E+00  0.0000E+00  0.0000E+00  0.0000E+00  0.0000E+00
 4.0223E+02  0.0000E+00  0.0000E+00  0.0000E+00  0.0000E+00  0.0000E+00
 4.0531E+02  0.0000E+00  0.0000E+00  0.0000E+00  0.0000E+00  0.0000E+00
 4.0841E+02  0.0000E+00  0.0000E+00  0.0000E+00  0.0000E+00  0.0000E+00
 4.1154E+02  0.0000E+00  0.0000E+00  0.0000E+00  0.0000E+00  0.0000E+00
 4.1469E+02  0.0000E+00  0.0000E+00  0.0000E+00  0.0000E+00  0.0000E+00
 4.1787E+02  0.0000E+00  0.0000E+00  0.0000E+00  0.0000E+00  0.0000E+00
 4.2107E+02  0.0000E+00  0.0000E+00  0.0000E+00  0.0000E+00  0.0000E+00
 4.2429E+02  0.0000E+00  0.0000E+00  0.0000E+00  0.0000E+00  0.0000E+00
 4.2754E+02  0.0000E+00  0.0000E+00  0.0000E+00  0.0000E+00  0.0000E+00
 4.3082E+02  0.0000E+00  0.0000E+00  0.0000E+00  0.0000E+00  0.0000E+00
 4.3412E+02  0.0000E+00  0.0000E+00  0.0000E+00  0.0000E+00  0.0000E+00
 4.3744E+02  0.0000E+00  0.0000E+00  0.0000E+00  0.0000E+00  0.0000E+00
 4.4079E+02  0.0000E+00  0.0000E+00  0.0000E+00  0.0000E+00  0.0000E+00
 4.4417E+02  0.0000E+00  0.0000E+00  0.0000E+00  0.0000E+00  0.0000E+00
 4.4757E+02  0.0000E+00  0.0000E+00  0.0000E+00  0.0000E+00  0.0000E+00
 4.5100E+02  0.0000E+00  0.0000E+00  0.0000E+00  0.0000E+00  0.0000E+00
 4.5445E+02  0.0000E+00  0.0000E+00  0.0000E+00  0.0000E+00  0.0000E+00
 4.5793E+02  0.0000E+00  0.0000E+00  0.0000E+00  0.0000E+00  0.0000E+00
 4.6144E+02  0.0000E+00  0.0000E+00  0.0000E+00  0.0000E+00  0.0000E+00
 4.6497E+02  0.0000E+00  0.0000E+00  0.0000E+00  0.0000E+00  0.0000E+00
 4.6853E+02  0.0000E+00  0.0000E+00  0.0000E+00  0.0000E+00  0.0000E+00
 4.7212E+02  0.0000E+00  0.0000E+00  0.0000E+00  0.0000E+00  0.0000E+00
 4.7574E+02  0.0000E+00  0.0000E+00  0.0000E+00  0.0000E+00  0.0000E+00
 4.7938E+02  0.0000E+00  0.0000E+00  0.0000E+00  0.0000E+00  0.0000E+00
 4.8305E+02  0.0000E+00  0.0000E+00  0.0000E+00  0.0000E+00  0.0000E+00
 4.8675E+02  0.0000E+00  0.0000E+00  0.0000E+00  0.0000E+00  0.0000E+00
 4.9048E+02  0.0000E+00  0.0000E+00  0.0000E+00  0.0000E+00  0.0000E+00
 4.9424E+02  0.0000E+00  0.0000E+00  0.0000E+00  0.0000E+00  0.0000E+00
 4.9802E+02  0.0000E+00  0.0000E+00  0.0000E+00  0.0000E+00  0.0000E+00
 5.0183E+02  0.0000E+00  0.0000E+00  0.0000E+00  0.0000E+00  0.0000E+00
 5.0568E+02  0.0000E+00  0.0000E+00  0.0000E+00  0.0000E+00  0.0000E+00
 5.0955E+02  0.0000E+00  0.0000E+00  0.0000E+00  0.0000E+00  0.0000E+00
 5.1345E+02  0.0000E+00  0.0000E+00  0.0000E+00  0.0000E+00  0.0000E+00
 5.1738E+02  0.0000E+00  0.0000E+00  0.0000E+00  0.0000E+00  0.0000E+00
 5.2135E+02  0.0000E+00  0.0000E+00  0.0000E+00  0.0000E+00  0.0000E+00
 5.2534E+02  0.0000E+00  0.0000E+00  0.0000E+00  0.0000E+00  0.0000E+00
 5.2936E+02  0.0000E+00  0.0000E+00  0.0000E+00  0.0000E+00  0.0000E+00
 5.3342E+02  0.0000E+00  0.0000E+00  0.0000E+00  0.0000E+00  0.0000E+00
 5.3750E+02  0.0000E+00  0.0000E+00  0.0000E+00  0.0000E+00  0.0000E+00
 5.4162E+02  0.0000E+00  0.0000E+00  0.0000E+00  0.0000E+00  0.0000E+00
 5.4577E+02  0.0000E+00  0.0000E+00  0.0000E+00  0.0000E+00  0.0000E+00
 5.4995E+02  0.0000E+00  0.0000E+00  0.0000E+00  0.0000E+00  0.0000E+00
 5.5416E+02  0.0000E+00  0.0000E+00  0.0000E+00  0.0000E+00  0.0000E+00
 5.5840E+02  0.0000E+00  0.0000E+00  0.0000E+00  0.0000E+00  0.0000E+00
 5.6268E+02  0.0000E+00  0.0000E+00  0.0000E+00  0.0000E+00  0.0000E+00
 5.6699E+02  0.0000E+00  0.0000E+00  0.0000E+00  0.0000E+00  0.0000E+00
 5.7133E+02  0.0000E+00  0.0000E+00  0.0000E+00  0.0000E+00  0.0000E+00
 5.7571E+02  0.0000E+00  0.0000E+00  0.0000E+00  0.0000E+00  0.0000E+00
 5.8011E+02  0.0000E+00  0.0000E+00  0.0000E+00  0.0000E+00  0.0000E+00
 5.8456E+02  0.0000E+00  0.0000E+00  0.0000E+00  0.0000E+00  0.0000E+00
 5.8903E+02  0.0000E+00  0.0000E+00  0.0000E+00  0.0000E+00  0.0000E+00
 5.9354E+02  0.0000E+00  0.0000E+00  0.0000E+00  0.0000E+00  0.0000E+00
 5.9809E+02  0.0000E+00  0.0000E+00  0.0000E+00  0.0000E+00  0.0000E+00
 6.0267E+02  0.0000E+00  0.0000E+00  0.0000E+00  0.0000E+00  0.0000E+00
 6.0729E+02  0.0000E+00  0.0000E+00  0.0000E+00  0.0000E+00  0.0000E+00
 6.1194E+02  0.0000E+00  0.0000E+00  0.0000E+00  0.0000E+00  0.0000E+00
 6.1662E+02  0.0000E+00  0.0000E+00  0.0000E+00  0.0000E+00  0.0000E+00
 6.2135E+02  0.0000E+00  0.0000E+00  0.0000E+00  0.0000E+00  0.0000E+00
 6.2610E+02  0.0000E+00  0.0000E+00  0.0000E+00  0.0000E+00  0.0000E+00
 6.3090E+02  0.0000E+00  0.0000E+00  0.0000E+00  0.0000E+00  0.0000E+00
 6.3573E+02  0.0000E+00  0.0000E+00  0.0000E+00  0.0000E+00  0.0000E+00
 6.4060E+02  0.0000E+00  0.0000E+00  0.0000E+00  0.0000E+00  0.0000E+00
 6.4551E+02  0.0000E+00  0.0000E+00  0.0000E+00  0.0000E+00  0.0000E+00
 6.5045E+02  0.0000E+00  0.0000E+00  0.0000E+00  0.0000E+00  0.0000E+00
 6.5543E+02  0.0000E+00  0.0000E+00  0.0000E+00  0.0000E+00  0.0000E+00
 6.6045E+02  0.0000E+00  0.0000E+00  0.0000E+00  0.0000E+00  0.0000E+00
 6.6551E+02  0.0000E+00  0.0000E+00  0.0000E+00  0.0000E+00  0.0000E+00
 6.7060E+02  0.0000E+00  0.0000E+00  0.0000E+00  0.0000E+00  0.0000E+00
 6.7574E+02  0.0000E+00  0.0000E+00  0.0000E+00  0.0000E+00  0.0000E+00
 6.8092E+02  0.0000E+00  0.0000E+00  0.0000E+00  0.0000E+00  0.0000E+00
 6.8613E+02  0.0000E+00  0.0000E+00  0.0000E+00  0.0000E+00  0.0000E+00
 6.9138E+02  0.0000E+00  0.0000E+00  0.0000E+00  0.0000E+00  0.0000E+00
 6.9668E+02  0.0000E+00  0.0000E+00  0.0000E+00  0.0000E+00  0.0000E+00
 7.0201E+02  0.0000E+00  0.0000E+00  0.0000E+00  0.0000E+00  0.0000E+00
 7.0739E+02  0.0000E+00  0.0000E+00  0.0000E+00  0.0000E+00  0.0000E+00
 7.1281E+02  0.0000E+00  0.0000E+00  0.0000E+00  0.0000E+00  0.0000E+00
 7.1827E+02  0.0000E+00  0.0000E+00  0.0000E+00  0.0000E+00  0.0000E+00
 7.2377E+02  0.0000E+00  0.0000E+00  0.0000E+00  0.0000E+00  0.0000E+00
 7.2931E+02  0.0000E+00  0.0000E+00  0.0000E+00  0.0000E+00  0.0000E+00
 7.3490E+02  0.0000E+00  0.0000E+00  0.0000E+00  0.0000E+00  0.0000E+00
 7.4052E+02  0.0000E+00  0.0000E+00  0.0000E+00  0.0000E+00  0.0000E+00
 7.4620E+02  0.0000E+00  0.0000E+00  0.0000E+00  0.0000E+00  0.0000E+00
 7.5191E+02  0.0000E+00  0.0000E+00  0.0000E+00  0.0000E+00  0.0000E+00
 7.5767E+02  0.0000E+00  0.0000E+00  0.0000E+00  0.0000E+00  0.0000E+00
 7.6347E+02  0.0000E+00  0.0000E+00  0.0000E+00  0.0000E+00  0.0000E+00
 7.6932E+02  0.0000E+00  0.0000E+00  0.0000E+00  0.0000E+00  0.0000E+00
 7.7521E+02  0.0000E+00  0.0000E+00  0.0000E+00  0.0000E+00  0.0000E+00
 7.8115E+02  0.0000E+00  0.0000E+00  0.0000E+00  0.0000E+00  0.0000E+00
 7.8713E+02  0.0000E+00  0.0000E+00  0.0000E+00  0.0000E+00  0.0000E+00
 7.9316E+02  0.0000E+00  0.0000E+00  0.0000E+00  0.0000E+00  0.0000E+00
 7.9923E+02  0.0000E+00  0.0000E+00  0.0000E+00  0.0000E+00  0.0000E+00
 8.0535E+02  0.0000E+00  0.0000E+00  0.0000E+00  0.0000E+00  0.0000E+00
 8.1152E+02  0.0000E+00  0.0000E+00  0.0000E+00  0.0000E+00  0.0000E+00
 8.1774E+02  0.0000E+00  0.0000E+00  0.0000E+00  0.0000E+00  0.0000E+00
 8.2400E+02  0.0000E+00  0.0000E+00  0.0000E+00  0.0000E+00  0.0000E+00
 8.3031E+02  0.0000E+00  0.0000E+00  0.0000E+00  0.0000E+00  0.0000E+00
 8.3667E+02  0.0000E+00  0.0000E+00  0.0000E+00  0.0000E+00  0.0000E+00
 8.4307E+02  0.0000E+00  0.0000E+00  0.0000E+00  0.0000E+00  0.0000E+00
 8.4953E+02  0.0000E+00  0.0000E+00  0.0000E+00  0.0000E+00  0.0000E+00
 8.5604E+02  0.0000E+00  0.0000E+00  0.0000E+00  0.0000E+00  0.0000E+00
 8.6259E+02  0.0000E+00  0.0000E+00  0.0000E+00  0.0000E+00  0.0000E+00
 8.6920E+02  0.0000E+00  0.0000E+00  0.0000E+00  0.0000E+00  0.0000E+00
 8.7586E+02  0.0000E+00  0.0000E+00  0.0000E+00  0.0000E+00  0.0000E+00
 8.8256E+02  0.0000E+00  0.0000E+00  0.0000E+00  0.0000E+00  0.0000E+00
 8.8932E+02  0.0000E+00  0.0000E+00  0.0000E+00  0.0000E+00  0.0000E+00
 8.9613E+02  0.0000E+00  0.0000E+00  0.0000E+00  0.0000E+00  0.0000E+00
 9.0300E+02  0.0000E+00  0.0000E+00  0.0000E+00  0.0000E+00  0.0000E+00
 9.0991E+02  0.0000E+00  0.0000E+00  0.0000E+00  0.0000E+00  0.0000E+00
 9.1688E+02  0.0000E+00  0.0000E+00  0.0000E+00  0.0000E+00  0.0000E+00
 9.2390E+02  0.0000E+00  0.0000E+00  0.0000E+00  0.0000E+00  0.0000E+00
 9.3098E+02  0.0000E+00  0.0000E+00  0.0000E+00  0.0000E+00  0.0000E+00
 9.3811E+02  0.0000E+00  0.0000E+00  0.0000E+00  0.0000E+00  0.0000E+00
 9.4529E+02  0.0000E+00  0.0000E+00  0.0000E+00  0.0000E+00  0.0000E+00
 9.5253E+02  0.0000E+00  0.0000E+00  0.0000E+00  0.0000E+00  0.0000E+00
 9.5983E+02  0.0000E+00  0.0000E+00  0.0000E+00  0.0000E+00  0.0000E+00
 9.6718E+02  0.0000E+00  0.0000E+00  0.0000E+00  0.0000E+00  0.0000E+00
 9.7458E+02  0.0000E+00  0.0000E+00  0.0000E+00  0.0000E+00  0.0000E+00
 9.8205E+02  0.0000E+00  0.0000E+00  0.0000E+00  0.0000E+00  0.0000E+00
 9.8957E+02  0.0000E+00  0.0000E+00  0.0000E+00  0.0000E+00  0.0000E+00
 9.9715E+02  0.0000E+00  0.0000E+00  0.0000E+00  0.0000E+00  0.0000E+00
 1.0048E+03  0.0000E+00  0.0000E+00  0.0000E+00  0.0000E+00  0.0000E+00
 1.0125E+03  0.0000E+00  0.0000E+00  0.0000E+00  0.0000E+00  0.0000E+00
 1.0202E+03  0.0000E+00  0.0000E+00  0.0000E+00  0.0000E+00  0.0000E+00
 1.0280E+03  0.0000E+00  0.0000E+00  0.0000E+00  0.0000E+00  0.0000E+00
 1.0359E+03  0.0000E+00  0.0000E+00  0.0000E+00  0.0000E+00  0.0000E+00
 1.0439E+03  0.0000E+00  0.0000E+00  0.0000E+00  0.0000E+00  0.0000E+00
 1.0518E+03  0.0000E+00  0.0000E+00  0.0000E+00  0.0000E+00  0.0000E+00
 1.0599E+03  0.0000E+00  0.0000E+00  0.0000E+00  0.0000E+00  0.0000E+00
 1.0680E+03  0.0000E+00  0.0000E+00  0.0000E+00  0.0000E+00  0.0000E+00
 1.0762E+03  0.0000E+00  0.0000E+00  0.0000E+00  0.0000E+00  0.0000E+00
 1.0844E+03  0.0000E+00  0.0000E+00  0.0000E+00  0.0000E+00  0.0000E+00
 1.0927E+03  0.0000E+00  0.0000E+00  0.0000E+00  0.0000E+00  0.0000E+00
 1.1011E+03  0.0000E+00  0.0000E+00  0.0000E+00  0.0000E+00  0.0000E+00
 1.1095E+03  0.0000E+00  0.0000E+00  0.0000E+00  0.0000E+00  0.0000E+00
 1.1180E+03  0.0000E+00  0.0000E+00  0.0000E+00  0.0000E+00  0.0000E+00
 1.1266E+03  0.0000E+00  0.0000E+00  0.0000E+00  0.0000E+00  0.0000E+00
 1.1352E+03  0.0000E+00  0.0000E+00  0.0000E+00  0.0000E+00  0.0000E+00
 1.1439E+03  0.0000E+00  0.0000E+00  0.0000E+00  0.0000E+00  0.0000E+00
 1.1527E+03  0.0000E+00  0.0000E+00  0.0000E+00  0.0000E+00  0.0000E+00
 1.1615E+03  0.0000E+00  0.0000E+00  0.0000E+00  0.0000E+00  0.0000E+00
 1.1704E+03  0.0000E+00  0.0000E+00  0.0000E+00  0.0000E+00  0.0000E+00
 1.1794E+03  0.0000E+00  0.0000E+00  0.0000E+00  0.0000E+00  0.0000E+00
 1.1884E+03  0.0000E+00  0.0000E+00  0.0000E+00  0.0000E+00  0.0000E+00
 1.1975E+03  0.0000E+00  0.0000E+00  0.0000E+00  0.0000E+00  0.0000E+00
 1.2067E+03  0.0000E+00  0.0000E+00  0.0000E+00  0.0000E+00  0.0000E+00
 1.2159E+03  0.0000E+00  0.0000E+00  0.0000E+00  0.0000E+00  0.0000E+00
 1.2252E+03  0.0000E+00  0.0000E+00  0.0000E+00  0.0000E+00  0.0000E+00
 1.2346E+03  0.0000E+00  0.0000E+00  0.0000E+00  0.0000E+00  0.0000E+00
 1.2441E+03  0.0000E+00  0.0000E+00  0.0000E+00  0.0000E+00  0.0000E+00
 1.2536E+03  0.0000E+00  0.0000E+00  0.0000E+00  0.0000E+00  0.0000E+00
 1.2632E+03  0.0000E+00  0.0000E+00  0.0000E+00  0.0000E+00  0.0000E+00
 1.2729E+03  0.0000E+00  0.0000E+00  0.0000E+00  0.0000E+00  0.0000E+00
 1.2826E+03  0.0000E+00  0.0000E+00  0.0000E+00  0.0000E+00  0.0000E+00
 1.2924E+03  0.0000E+00  0.0000E+00  0.0000E+00  0.0000E+00  0.0000E+00
 1.3023E+03  0.0000E+00  0.0000E+00  0.0000E+00  0.0000E+00  0.0000E+00
 1.3123E+03  0.0000E+00  0.0000E+00  0.0000E+00  0.0000E+00  0.0000E+00
 1.3224E+03  0.0000E+00  0.0000E+00  0.0000E+00  0.0000E+00  0.0000E+00
 1.3325E+03  0.0000E+00  0.0000E+00  0.0000E+00  0.0000E+00  0.0000E+00
 1.3427E+03  0.0000E+00  0.0000E+00  0.0000E+00  0.0000E+00  0.0000E+00
 1.3530E+03  0.0000E+00  0.0000E+00  0.0000E+00  0.0000E+00  0.0000E+00
 1.3633E+03  0.0000E+00  0.0000E+00  0.0000E+00  0.0000E+00  0.0000E+00
 1.3738E+03  0.0000E+00  0.0000E+00  0.0000E+00  0.0000E+00  0.0000E+00
 1.3843E+03  0.0000E+00  0.0000E+00  0.0000E+00  0.0000E+00  0.0000E+00
 1.3949E+03  0.0000E+00  0.0000E+00  0.0000E+00  0.0000E+00  0.0000E+00
 1.4056E+03  0.0000E+00  0.0000E+00  0.0000E+00  0.0000E+00  0.0000E+00
 1.4164E+03  0.0000E+00  0.0000E+00  0.0000E+00  0.0000E+00  0.0000E+00
 1.4272E+03  0.0000E+00  0.0000E+00  0.0000E+00  0.0000E+00  0.0000E+00
 1.4381E+03  0.0000E+00  0.0000E+00  0.0000E+00  0.0000E+00  0.0000E+00
 1.4491E+03  0.0000E+00  0.0000E+00  0.0000E+00  0.0000E+00  0.0000E+00
 1.4602E+03  0.0000E+00  0.0000E+00  0.0000E+00  0.0000E+00  0.0000E+00
 1.4714E+03  0.0000E+00  0.0000E+00  0.0000E+00  0.0000E+00  0.0000E+00
 1.4827E+03  0.0000E+00  0.0000E+00  0.0000E+00  0.0000E+00  0.0000E+00
 1.4940E+03  0.0000E+00  0.0000E+00  0.0000E+00  0.0000E+00  0.0000E+00
 1.5055E+03  0.0000E+00  0.0000E+00  0.0000E+00  0.0000E+00  0.0000E+00
 1.5170E+03  0.0000E+00  0.0000E+00  0.0000E+00  0.0000E+00  0.0000E+00
 1.5286E+03  0.0000E+00  0.0000E+00  0.0000E+00  0.0000E+00  0.0000E+00
 1.5403E+03  0.0000E+00  0.0000E+00  0.0000E+00  0.0000E+00  0.0000E+00
 1.5521E+03  0.0000E+00  0.0000E+00  0.0000E+00  0.0000E+00  0.0000E+00
 1.5640E+03  0.0000E+00  0.0000E+00  0.0000E+00  0.0000E+00  0.0000E+00
 1.5760E+03  0.0000E+00  0.0000E+00  0.0000E+00  0.0000E+00  0.0000E+00
 1.5881E+03  0.0000E+00  0.0000E+00  0.0000E+00  0.0000E+00  0.0000E+00
 1.6002E+03  0.0000E+00  0.0000E+00  0.0000E+00  0.0000E+00  0.0000E+00
 1.6125E+03  0.0000E+00  0.0000E+00  0.0000E+00  0.0000E+00  0.0000E+00
 1.6248E+03  0.0000E+00  0.0000E+00  0.0000E+00  0.0000E+00  0.0000E+00
 1.6373E+03  0.0000E+00  0.0000E+00  0.0000E+00  0.0000E+00  0.0000E+00
 1.6498E+03  0.0000E+00  0.0000E+00  0.0000E+00  0.0000E+00  0.0000E+00
 1.6625E+03  0.0000E+00  0.0000E+00  0.0000E+00  0.0000E+00  0.0000E+00
 1.6752E+03  0.0000E+00  0.0000E+00  0.0000E+00  0.0000E+00  0.0000E+00
 1.6880E+03  0.0000E+00  0.0000E+00  0.0000E+00  0.0000E+00  0.0000E+00
 1.7009E+03  0.0000E+00  0.0000E+00  0.0000E+00  0.0000E+00  0.0000E+00
 1.7140E+03  0.0000E+00  0.0000E+00  0.0000E+00  0.0000E+00  0.0000E+00
 1.7271E+03  0.0000E+00  0.0000E+00  0.0000E+00  0.0000E+00  0.0000E+00
 1.7403E+03  0.0000E+00  0.0000E+00  0.0000E+00  0.0000E+00  0.0000E+00
 1.7537E+03  0.0000E+00  0.0000E+00  0.0000E+00  0.0000E+00  0.0000E+00
 1.7671E+03  0.0000E+00  0.0000E+00  0.0000E+00  0.0000E+00  0.0000E+00
 1.7806E+03  0.0000E+00  0.0000E+00  0.0000E+00  0.0000E+00  0.0000E+00
 1.7943E+03  0.0000E+00  0.0000E+00  0.0000E+00  0.0000E+00  0.0000E+00
 1.8080E+03  0.0000E+00  0.0000E+00  0.0000E+00  0.0000E+00  0.0000E+00
 1.8218E+03  0.0000E+00  0.0000E+00  0.0000E+00  0.0000E+00  0.0000E+00
 1.8358E+03  0.0000E+00  0.0000E+00  0.0000E+00  0.0000E+00  0.0000E+00
 1.8499E+03  0.0000E+00  0.0000E+00  0.0000E+00  0.0000E+00  0.0000E+00
 1.8640E+03  0.0000E+00  0.0000E+00  0.0000E+00  0.0000E+00  0.0000E+00
 1.8783E+03  0.0000E+00  0.0000E+00  0.0000E+00  0.0000E+00  0.0000E+00
 1.8927E+03  0.0000E+00  0.0000E+00  0.0000E+00  0.0000E+00  0.0000E+00
 1.9072E+03  0.0000E+00  0.0000E+00  0.0000E+00  0.0000E+00  0.0000E+00
 1.9218E+03  0.0000E+00  0.0000E+00  0.0000E+00  0.0000E+00  0.0000E+00
 1.9365E+03  0.0000E+00  0.0000E+00  0.0000E+00  0.0000E+00  0.0000E+00
 1.9513E+03  0.0000E+00  0.0000E+00  0.0000E+00  0.0000E+00  0.0000E+00
 1.9663E+03  0.0000E+00  0.0000E+00  0.0000E+00  0.0000E+00  0.0000E+00
 1.9813E+03  0.0000E+00  0.0000E+00  0.0000E+00  0.0000E+00  0.0000E+00
 1.9965E+03  0.0000E+00  0.0000E+00  0.0000E+00  0.0000E+00  0.0000E+00
 2.0118E+03  0.0000E+00  0.0000E+00  0.0000E+00  0.0000E+00  0.0000E+00
 2.0272E+03  0.0000E+00  0.0000E+00  0.0000E+00  0.0000E+00  0.0000E+00
 2.0427E+03  0.0000E+00  0.0000E+00  0.0000E+00  0.0000E+00  0.0000E+00
 2.0584E+03  0.0000E+00  0.0000E+00  0.0000E+00  0.0000E+00  0.0000E+00
 2.0741E+03  0.0000E+00  0.0000E+00  0.0000E+00  0.0000E+00  0.0000E+00
 2.0900E+03  0.0000E+00  0.0000E+00  0.0000E+00  0.0000E+00  0.0000E+00
 2.1060E+03  0.0000E+00  0.0000E+00  0.0000E+00  0.0000E+00  0.0000E+00
 2.1222E+03  0.0000E+00  0.0000E+00  0.0000E+00  0.0000E+00  0.0000E+00
 2.1384E+03  0.0000E+00  0.0000E+00  0.0000E+00  0.0000E+00  0.0000E+00
 2.1548E+03  0.0000E+00  0.0000E+00  0.0000E+00  0.0000E+00  0.0000E+00
 2.1713E+03  0.0000E+00  0.0000E+00  0.0000E+00  0.0000E+00  0.0000E+00
 2.1879E+03  0.0000E+00  0.0000E+00  0.0000E+00  0.0000E+00  0.0000E+00
 2.2047E+03  0.0000E+00  0.0000E+00  0.0000E+00  0.0000E+00  0.0000E+00
 2.2216E+03  0.0000E+00  0.0000E+00  0.0000E+00  0.0000E+00  0.0000E+00
 2.2386E+03  0.0000E+00  0.0000E+00  0.0000E+00  0.0000E+00  0.0000E+00
 2.2557E+03  0.0000E+00  0.0000E+00  0.0000E+00  0.0000E+00  0.0000E+00
 2.2730E+03  0.0000E+00  0.0000E+00  0.0000E+00  0.0000E+00  0.0000E+00
 2.2904E+03  0.0000E+00  0.0000E+00  0.0000E+00  0.0000E+00  0.0000E+00
 2.3079E+03  0.0000E+00  0.0000E+00  0.0000E+00  0.0000E+00  0.0000E+00
 2.3256E+03  0.0000E+00  0.0000E+00  0.0000E+00  0.0000E+00  0.0000E+00
 2.3434E+03  0.0000E+00  0.0000E+00  0.0000E+00  0.0000E+00  0.0000E+00
 2.3614E+03  0.0000E+00  0.0000E+00  0.0000E+00  0.0000E+00  0.0000E+00
 2.3794E+03  0.0000E+00  0.0000E+00  0.0000E+00  0.0000E+00  0.0000E+00
 2.3977E+03  0.0000E+00  0.0000E+00  0.0000E+00  0.0000E+00  0.0000E+00
 2.4160E+03  0.0000E+00  0.0000E+00  0.0000E+00  0.0000E+00  0.0000E+00
 2.4345E+03  0.0000E+00  0.0000E+00  0.0000E+00  0.0000E+00  0.0000E+00
 2.4532E+03  0.0000E+00  0.0000E+00  0.0000E+00  0.0000E+00  0.0000E+00
 2.4720E+03  0.0000E+00  0.0000E+00  0.0000E+00  0.0000E+00  0.0000E+00
 2.4909E+03  0.0000E+00  0.0000E+00  0.0000E+00  0.0000E+00  0.0000E+00
 2.5100E+03  0.0000E+00  0.0000E+00  0.0000E+00  0.0000E+00  0.0000E+00
 2.5292E+03  0.0000E+00  0.0000E+00  0.0000E+00  0.0000E+00  0.0000E+00
 2.5486E+03  0.0000E+00  0.0000E+00  0.0000E+00  0.0000E+00  0.0000E+00
 2.5681E+03  0.0000E+00  0.0000E+00  0.0000E+00  0.0000E+00  0.0000E+00
 2.5878E+03  0.0000E+00  0.0000E+00  0.0000E+00  0.0000E+00  0.0000E+00
 2.6076E+03  0.0000E+00  0.0000E+00  0.0000E+00  0.0000E+00  0.0000E+00
 2.6275E+03  0.0000E+00  0.0000E+00  0.0000E+00  0.0000E+00  0.0000E+00
 2.6477E+03  0.0000E+00  0.0000E+00  0.0000E+00  0.0000E+00  0.0000E+00
 2.6679E+03  0.0000E+00  0.0000E+00  0.0000E+00  0.0000E+00  0.0000E+00
 2.6884E+03  0.0000E+00  0.0000E+00  0.0000E+00  0.0000E+00  0.0000E+00
 2.7090E+03  0.0000E+00  0.0000E+00  0.0000E+00  0.0000E+00  0.0000E+00
 2.7297E+03  0.0000E+00  0.0000E+00  0.0000E+00  0.0000E+00  0.0000E+00
 2.7506E+03  0.0000E+00  0.0000E+00  0.0000E+00  0.0000E+00  0.0000E+00
 2.7717E+03  0.0000E+00  0.0000E+00  0.0000E+00  0.0000E+00  0.0000E+00
 2.7929E+03  1.6078E-04  3.4359E-03 -3.6745E-04 -1.5748E-02  1.0000E+00
 2.8143E+03  1.6139E-04  3.4225E-03 -3.6337E-04 -1.5455E-02  1.0000E+00
 2.8358E+03  1.6199E-04  3.4091E-03 -3.5929E-04 -1.5165E-02  1.0000E+00
 2.8576E+03  1.6260E-04  3.3958E-03 -3.5522E-04 -1.4879E-02  1.0000E+00
 2.8794E+03  1.6320E-04  3.3825E-03 -3.5114E-04 -1.4596E-02  1.0000E+00
 2.9015E+03  1.6381E-04  3.3692E-03 -3.4706E-04 -1.4317E-02  1.0000E+00
 2.9237E+03  1.6443E-04  3.3563E-03 -3.4298E-04 -1.4041E-02  1.0000E+00
 2.9461E+03  1.6507E-04  3.3436E-03 -3.3890E-04 -1.3769E-02  1.0000E+00
 2.9687E+03  1.6572E-04  3.3312E-03 -3.3482E-04 -1.3500E-02  1.0000E+00
 2.9914E+03  1.6639E-04  3.3192E-03 -3.3074E-04 -1.3234E-02  1.0000E+00
 3.0143E+03  1.6708E-04  3.3074E-03 -3.2666E-04 -1.2971E-02  1.0000E+00
 3.0374E+03  1.6778E-04  3.2959E-03 -3.2258E-04 -1.2712E-02  1.0000E+00
 3.0607E+03  1.6849E-04  3.2847E-03 -3.1850E-04 -1.2456E-02  1.0000E+00
 3.0841E+03  1.6922E-04  3.2738E-03 -3.1442E-04 -1.2203E-02  1.0000E+00
 3.1077E+03  1.6996E-04  3.2632E-03 -3.1034E-04 -1.1953E-02  1.0000E+00
 3.1315E+03  1.7073E-04  3.2528E-03 -3.0625E-04 -1.1706E-02  1.0000E+00
 3.1555E+03  1.7150E-04  3.2427E-03 -3.0217E-04 -1.1462E-02  1.0000E+00
 3.1797E+03  1.7229E-04  3.2328E-03 -2.9809E-04 -1.1221E-02  1.0000E+00
 3.2040E+03  1.7310E-04  3.2232E-03 -2.9401E-04 -1.0983E-02  1.0000E+00
 3.2286E+03  1.7392E-04  3.2138E-03 -2.8992E-04 -1.0749E-02  1.0000E+00
 3.2533E+03  1.7476E-04  3.2047E-03 -2.8584E-04 -1.0517E-02  1.0000E+00
 3.2782E+03  1.7561E-04  3.1958E-03 -2.8176E-04 -1.0288E-02  1.0000E+00
 3.3033E+03  1.7648E-04  3.1871E-03 -2.7768E-04 -1.0061E-02  1.0000E+00
 3.3286E+03  1.7737E-04  3.1787E-03 -2.7359E-04 -9.8381E-03  1.0000E+00
 3.3541E+03  1.7827E-04  3.1705E-03 -2.6951E-04 -9.6176E-03  1.0000E+00
 3.3798E+03  1.7919E-04  3.1625E-03 -2.6542E-04 -9.3999E-03  1.0000E+00
 3.4057E+03  1.8012E-04  3.1548E-03 -2.6134E-04 -9.1849E-03  1.0000E+00
 3.4317E+03  1.8107E-04  3.1472E-03 -2.5725E-04 -8.9726E-03  1.0000E+00
 3.4580E+03  1.8204E-04  3.1399E-03 -2.5317E-04 -8.7630E-03  1.0000E+00
 3.4845E+03  1.8302E-04  3.1328E-03 -2.4908E-04 -8.5560E-03  1.0000E+00
 3.5112E+03  1.8402E-04  3.1258E-03 -2.4500E-04 -8.3517E-03  1.0000E+00
 3.5381E+03  1.8504E-04  3.1191E-03 -2.4091E-04 -8.1500E-03  1.0000E+00
 3.5652E+03  1.8607E-04  3.1126E-03 -2.3682E-04 -7.9508E-03  1.0000E+00
 3.5925E+03  1.8712E-04  3.1063E-03 -2.3273E-04 -7.7542E-03  1.0000E+00
 3.6200E+03  1.8818E-04  3.1001E-03 -2.2865E-04 -7.5601E-03  1.0000E+00
 3.6477E+03  1.8927E-04  3.0942E-03 -2.2456E-04 -7.3686E-03  1.0000E+00
 3.6757E+03  1.9036E-04  3.0884E-03 -2.2047E-04 -7.1794E-03  1.0000E+00
 3.7038E+03  1.9148E-04  3.0828E-03 -2.1638E-04 -6.9927E-03  1.0000E+00
 3.7322E+03  1.9262E-04  3.0774E-03 -2.1229E-04 -6.8084E-03  1.0000E+00
 3.7608E+03  1.9377E-04  3.0722E-03 -2.0820E-04 -6.6265E-03  1.0000E+00
 3.7896E+03  1.9494E-04  3.0672E-03 -2.0411E-04 -6.4470E-03  1.0000E+00
 3.8186E+03  1.9612E-04  3.0623E-03 -2.0002E-04 -6.2698E-03  1.0000E+00
 3.8478E+03  1.9733E-04  3.0576E-03 -1.9593E-04 -6.0949E-03  1.0000E+00
 3.8773E+03  1.9855E-04  3.0530E-03 -1.9184E-04 -5.9223E-03  1.0000E+00
 3.9070E+03  1.9979E-04  3.0487E-03 -1.8775E-04 -5.7519E-03  1.0000E+00
 3.9369E+03  2.0104E-04  3.0445E-03 -1.8366E-04 -5.5838E-03  1.0000E+00
 3.9671E+03  2.0232E-04  3.0404E-03 -1.7957E-04 -5.4178E-03  1.0000E+00
 3.9974E+03  2.0361E-04  3.0365E-03 -1.7547E-04 -5.2541E-03  1.0000E+00
 4.0281E+03  2.0493E-04  3.0328E-03 -1.7138E-04 -5.0925E-03  1.0000E+00
 4.0589E+03  2.0626E-04  3.0292E-03 -1.6728E-04 -4.9331E-03  1.0000E+00
 4.0900E+03  2.0761E-04  3.0257E-03 -1.6319E-04 -4.7758E-03  1.0000E+00
 4.1213E+03  2.0898E-04  3.0225E-03 -1.5910E-04 -4.6206E-03  1.0000E+00
 4.1529E+03  2.1037E-04  3.0193E-03 -1.5500E-04 -4.4674E-03  1.0000E+00
 4.1847E+03  2.1177E-04  3.0163E-03 -1.5090E-04 -4.3163E-03  1.0000E+00
 4.2167E+03  2.1320E-04  3.0135E-03 -1.4681E-04 -4.1672E-03  1.0000E+00
 4.2490E+03  2.1465E-04  3.0108E-03 -1.4271E-04 -4.0202E-03  1.0000E+00
 4.2816E+03  2.1611E-04  3.0082E-03 -1.3861E-04 -3.8751E-03  1.0000E+00
 4.3143E+03  2.1760E-04  3.0058E-03 -1.3452E-04 -3.7319E-03  1.0000E+00
 4.3474E+03  2.1910E-04  3.0035E-03 -1.3042E-04 -3.5907E-03  1.0000E+00
 4.3807E+03  2.2063E-04  3.0013E-03 -1.2632E-04 -3.4514E-03  1.0000E+00
 4.4142E+03  2.2218E-04  2.9993E-03 -1.2222E-04 -3.3140E-03  1.0000E+00
 4.4480E+03  2.2374E-04  2.9973E-03 -1.1812E-04 -3.1785E-03  1.0000E+00
 4.4821E+03  2.2533E-04  2.9956E-03 -1.1402E-04 -3.0448E-03  1.0000E+00
 4.5164E+03  2.2694E-04  2.9939E-03 -1.0992E-04 -2.9130E-03  1.0000E+00
 4.5510E+03  2.2857E-04  2.9924E-03 -1.0581E-04 -2.7830E-03  1.0000E+00
 4.5859E+03  2.3022E-04  2.9910E-03 -1.0171E-04 -2.6547E-03  1.0000E+00
 4.6210E+03  2.3189E-04  2.9897E-03 -9.7609E-05 -2.5283E-03  1.0000E+00
 4.6564E+03  2.3358E-04  2.9886E-03 -9.3505E-05 -2.4036E-03  1.0000E+00
 4.6920E+03  2.3530E-04  2.9875E-03 -8.9401E-05 -2.2806E-03  1.0000E+00
 4.7280E+03  2.3704E-04  2.9866E-03 -8.5296E-05 -2.1594E-03  1.0000E+00
 4.7642E+03  2.3879E-04  2.9858E-03 -8.1190E-05 -2.0398E-03  1.0000E+00
 4.8007E+03  2.4058E-04  2.9851E-03 -7.7084E-05 -1.9219E-03  1.0000E+00
 4.8374E+03  2.4238E-04  2.9845E-03 -7.2977E-05 -1.8057E-03  1.0000E+00
 4.8745E+03  2.4421E-04  2.9841E-03 -6.8869E-05 -1.6911E-03  1.0000E+00
 4.9118E+03  2.4606E-04  2.9837E-03 -6.4761E-05 -1.5781E-03  1.0000E+00
 4.9494E+03  2.4793E-04  2.9835E-03 -6.0652E-05 -1.4668E-03  1.0000E+00
 4.9873E+03  2.4983E-04  2.9833E-03 -5.6542E-05 -1.3570E-03  1.0000E+00
 5.0255E+03  2.5175E-04  2.9833E-03 -5.2431E-05 -1.2488E-03  1.0000E+00
 5.0640E+03  2.5369E-04  2.9833E-03 -4.8320E-05 -1.1421E-03  1.0000E+00
 5.1028E+03  2.5565E-04  2.9834E-03 -4.4208E-05 -1.0370E-03  1.0000E+00
 5.1419E+03  2.5762E-04  2.9835E-03 -4.0095E-05 -9.3335E-04  1.0000E+00
 5.1812E+03  2.5961E-04  2.9836E-03 -3.5982E-05 -8.3123E-04  1.0000E+00
 5.2209E+03  2.6162E-04  2.9837E-03 -3.1868E-05 -7.3059E-04  1.0000E+00
 5.2609E+03  2.6364E-04  2.9838E-03 -2.7753E-05 -6.3142E-04  1.0000E+00
 5.3012E+03  2.6568E-04  2.9838E-03 -2.3637E-05 -5.3369E-04  1.0000E+00
 5.3418E+03  2.6773E-04  2.9839E-03 -1.9520E-05 -4.3739E-04  1.0000E+00
 5.3827E+03  2.6980E-04  2.9840E-03 -1.5403E-05 -3.4251E-04  1.0000E+00
 5.4239E+03  2.7189E-04  2.9841E-03 -1.1285E-05 -2.4902E-04  1.0000E+00
 5.4655E+03  2.7399E-04  2.9842E-03 -7.1654E-06 -1.5692E-04  1.0000E+00
 5.5073E+03  2.7610E-04  2.9843E-03 -3.0455E-06 -6.6189E-05  1.0000E+00
 5.5495E+03  2.7824E-04  2.9844E-03  1.0754E-06  2.3194E-05  1.0000E+00
 5.5920E+03  2.8039E-04  2.9844E-03  5.1970E-06  1.1124E-04  1.0000E+00
 5.6348E+03  2.8255E-04  2.9845E-03  9.3196E-06  1.9797E-04  1.0000E+00
 5.6780E+03  2.8473E-04  2.9845E-03  1.3443E-05  2.8339E-04  1.0000E+00
 5.7215E+03  2.8693E-04  2.9846E-03  1.7567E-05  3.6751E-04  1.0000E+00
 5.7653E+03  2.8914E-04  2.9846E-03  2.1693E-05  4.5037E-04  1.0000E+00
 5.8094E+03  2.9137E-04  2.9846E-03  2.5819E-05  5.3196E-04  1.0000E+00
 5.8539E+03  2.9361E-04  2.9846E-03  2.9946E-05  6.1230E-04  1.0000E+00
 5.8988E+03  2.9588E-04  2.9846E-03  3.4074E-05  6.9142E-04  1.0000E+00
 5.9439E+03  2.9815E-04  2.9846E-03  3.8203E-05  7.6931E-04  1.0000E+00
 5.9895E+03  3.0045E-04  2.9846E-03  4.2334E-05  8.4600E-04  1.0000E+00
 6.0353E+03  3.0276E-04  2.9845E-03  4.6465E-05  9.2150E-04  1.0000E+00
 6.0815E+03  3.0508E-04  2.9845E-03  5.0597E-05  9.9582E-04  1.0000E+00
 6.1281E+03  3.0742E-04  2.9844E-03  5.4730E-05  1.0690E-03  1.0000E+00
 6.1751E+03  3.0978E-04  2.9843E-03  5.8864E-05  1.1410E-03  1.0000E+00
 6.2223E+03  3.1215E-04  2.9842E-03  6.2999E-05  1.2119E-03  1.0000E+00
 6.2700E+03  3.1454E-04  2.9840E-03  6.7136E-05  1.2816E-03  1.0000E+00
 6.3180E+03  3.1695E-04  2.9838E-03  7.1273E-05  1.3503E-03  1.0000E+00
 6.3664E+03  3.1937E-04  2.9836E-03  7.5412E-05  1.4178E-03  1.0000E+00
 6.4152E+03  3.2181E-04  2.9834E-03  7.9551E-05  1.4843E-03  1.0000E+00
 6.4643E+03  3.2426E-04  2.9832E-03  8.3692E-05  1.5497E-03  1.0000E+00
 6.5138E+03  3.2673E-04  2.9829E-03  8.7834E-05  1.6140E-03  1.0000E+00
 6.5637E+03  3.2922E-04  2.9826E-03  9.1977E-05  1.6773E-03  1.0000E+00
 6.6139E+03  3.3172E-04  2.9823E-03  9.6121E-05  1.7395E-03  1.0000E+00
 6.6646E+03  3.3424E-04  2.9819E-03  1.0027E-04  1.8008E-03  1.0000E+00
 6.7156E+03  3.3677E-04  2.9816E-03  1.0441E-04  1.8610E-03  1.0000E+00
 6.7671E+03  3.3932E-04  2.9811E-03  1.0856E-04  1.9202E-03  1.0000E+00
 6.8189E+03  3.4188E-04  2.9807E-03  1.1271E-04  1.9784E-03  1.0000E+00
 6.8711E+03  3.4446E-04  2.9802E-03  1.1686E-04  2.0357E-03  1.0000E+00
 6.9237E+03  3.4706E-04  2.9797E-03  1.2101E-04  2.0920E-03  1.0000E+00
 6.9768E+03  3.4967E-04  2.9792E-03  1.2517E-04  2.1474E-03  1.0000E+00
 7.0302E+03  3.5230E-04  2.9786E-03  1.2932E-04  2.2018E-03  1.0000E+00
 7.0840E+03  3.5494E-04  2.9780E-03  1.3348E-04  2.2552E-03  1.0000E+00
 7.1383E+03  3.5760E-04  2.9773E-03  1.3763E-04  2.3078E-03  1.0000E+00
 7.1929E+03  3.6027E-04  2.9766E-03  1.4179E-04  2.3595E-03  1.0000E+00
 7.2480E+03  3.6296E-04  2.9759E-03  1.4595E-04  2.4102E-03  1.0000E+00
 7.3035E+03  3.6567E-04  2.9751E-03  1.5011E-04  2.4601E-03  1.0000E+00
 7.3595E+03  3.6839E-04  2.9743E-03  1.5427E-04  2.5091E-03  1.0000E+00
 7.4158E+03  3.7112E-04  2.9734E-03  1.5844E-04  2.5572E-03  1.0000E+00
 7.4726E+03  3.7387E-04  2.9725E-03  1.6260E-04  2.6045E-03  1.0000E+00
 7.5299E+03  3.7663E-04  2.9716E-03  1.6677E-04  2.6509E-03  1.0000E+00
 7.5875E+03  3.7941E-04  2.9706E-03  1.7094E-04  2.6966E-03  1.0000E+00
 7.6456E+03  3.8221E-04  2.9696E-03  1.7511E-04  2.7413E-03  1.0000E+00
 7.7042E+03  3.8502E-04  2.9685E-03  1.7928E-04  2.7853E-03  1.0000E+00
 7.7632E+03  3.8784E-04  2.9674E-03  1.8345E-04  2.8285E-03  1.0000E+00
 7.8226E+03  3.9068E-04  2.9662E-03  1.8763E-04  2.8709E-03  1.0000E+00
 7.8825E+03  3.9353E-04  2.9650E-03  1.9180E-04  2.9124E-03  1.0000E+00
 7.9429E+03  3.9640E-04  2.9637E-03  1.9598E-04  2.9533E-03  1.0000E+00
 8.0037E+03  3.9928E-04  2.9624E-03  2.0016E-04  2.9933E-03  1.0000E+00
 8.0650E+03  4.0217E-04  2.9610E-03  2.0434E-04  3.0326E-03  1.0000E+00
 8.1268E+03  4.0508E-04  2.9596E-03  2.0852E-04  3.0712E-03  1.0000E+00
 8.1890E+03  4.0801E-04  2.9581E-03  2.1271E-04  3.1090E-03  1.0000E+00
 8.2518E+03  4.1094E-04  2.9565E-03  2.1689E-04  3.1461E-03  1.0000E+00
 8.3150E+03  4.1389E-04  2.9550E-03  2.2108E-04  3.1824E-03  1.0000E+00
 8.3786E+03  4.1686E-04  2.9533E-03  2.2527E-04  3.2181E-03  1.0000E+00
 8.4428E+03  4.1983E-04  2.9516E-03  2.2946E-04  3.2531E-03  1.0000E+00
 8.5075E+03  4.2282E-04  2.9498E-03  2.3365E-04  3.2873E-03  1.0000E+00
 8.5726E+03  4.2581E-04  2.9479E-03  2.3785E-04  3.3209E-03  1.0000E+00
 8.6383E+03  4.2881E-04  2.9460E-03  2.4204E-04  3.3538E-03  1.0000E+00
 8.7044E+03  4.3182E-04  2.9439E-03  2.4624E-04  3.3861E-03  1.0000E+00
 8.7711E+03  4.3484E-04  2.9418E-03  2.5044E-04  3.4176E-03  1.0000E+00
 8.8383E+03  4.3787E-04  2.9396E-03  2.5464E-04  3.4486E-03  1.0000E+00
 8.9059E+03  4.4091E-04  2.9372E-03  2.5885E-04  3.4789E-03  1.0000E+00
 8.9741E+03  4.4395E-04  2.9349E-03  2.6305E-04  3.5085E-03  1.0000E+00
 9.0429E+03  4.4700E-04  2.9324E-03  2.6726E-04  3.5376E-03  1.0000E+00
 9.1121E+03  4.5006E-04  2.9298E-03  2.7147E-04  3.5660E-03  1.0000E+00
 9.1819E+03  4.5313E-04  2.9272E-03  2.7568E-04  3.5938E-03  1.0000E+00
 9.2522E+03  4.5621E-04  2.9245E-03  2.7990E-04  3.6210E-03  1.0000E+00
 9.3231E+03  4.5930E-04  2.9217E-03  2.8411E-04  3.6476E-03  1.0000E+00
 9.3945E+03  4.6239E-04  2.9188E-03  2.8833E-04  3.6736E-03  1.0000E+00
 9.4664E+03  4.6549E-04  2.9158E-03  2.9255E-04  3.6990E-03  1.0000E+00
 9.5389E+03  4.6860E-04  2.9128E-03  2.9677E-04  3.7239E-03  1.0000E+00
 9.6120E+03  4.7172E-04  2.9097E-03  3.0100E-04  3.7482E-03  1.0000E+00
 9.6856E+03  4.7484E-04  2.9065E-03  3.0523E-04  3.7720E-03  1.0000E+00
 9.7598E+03  4.7798E-04  2.9032E-03  3.0945E-04  3.7952E-03  1.0000E+00
 9.8345E+03  4.8112E-04  2.8999E-03  3.1369E-04  3.8178E-03  1.0000E+00
 9.9098E+03  4.8426E-04  2.8965E-03  3.1792E-04  3.8399E-03  1.0000E+00
 9.9857E+03  4.8742E-04  2.8930E-03  3.2216E-04  3.8615E-03  1.0000E+00
 1.0062E+04  4.9058E-04  2.8894E-03  3.2639E-04  3.8826E-03  1.0000E+00
 1.0139E+04  4.9375E-04  2.8858E-03  3.3063E-04  3.9031E-03  1.0000E+00
 1.0217E+04  4.9693E-04  2.8820E-03  3.3488E-04  3.9232E-03  1.0000E+00
 1.0295E+04  5.0012E-04  2.8782E-03  3.3912E-04  3.9427E-03  1.0000E+00
 1.0374E+04  5.0331E-04  2.8744E-03  3.4337E-04  3.9618E-03  1.0000E+00
 1.0453E+04  5.0651E-04  2.8705E-03  3.4762E-04  3.9803E-03  1.0000E+00
 1.0533E+04  5.0971E-04  2.8664E-03  3.5187E-04  3.9984E-03  1.0000E+00
 1.0614E+04  5.1293E-04  2.8624E-03  3.5613E-04  4.0160E-03  1.0000E+00
 1.0695E+04  5.1615E-04  2.8582E-03  3.6039E-04  4.0331E-03  1.0000E+00
 1.0777E+04  5.1938E-04  2.8540E-03  3.6465E-04  4.0498E-03  1.0000E+00
 1.0860E+04  5.2261E-04  2.8497E-03  3.6891E-04  4.0660E-03  1.0000E+00
 1.0943E+04  5.2585E-04  2.8454E-03  3.7318E-04  4.0818E-03  1.0000E+00
 1.1027E+04  5.2910E-04  2.8410E-03  3.7745E-04  4.0971E-03  1.0000E+00
 1.1111E+04  5.3235E-04  2.8365E-03  3.8172E-04  4.1120E-03  1.0000E+00
 1.1196E+04  5.3561E-04  2.8319E-03  3.8599E-04  4.1264E-03  1.0000E+00
 1.1282E+04  5.3888E-04  2.8273E-03  3.9027E-04  4.1404E-03  1.0000E+00
 1.1369E+04  5.4215E-04  2.8226E-03  3.9455E-04  4.1540E-03  1.0000E+00
 1.1456E+04  5.4543E-04  2.8179E-03  3.9883E-04  4.1672E-03  1.0000E+00
 1.1543E+04  5.4872E-04  2.8131E-03  4.0312E-04  4.1799E-03  1.0000E+00
 1.1632E+04  5.5201E-04  2.8082E-03  4.0740E-04  4.1923E-03  1.0000E+00
 1.1721E+04  5.5531E-04  2.8033E-03  4.1170E-04  4.2043E-03  1.0000E+00
 1.1811E+04  5.5861E-04  2.7983E-03  4.1599E-04  4.2158E-03  1.0000E+00
 1.1901E+04  5.6192E-04  2.7932E-03  4.2029E-04  4.2270E-03  1.0000E+00
 1.1992E+04  5.6524E-04  2.7881E-03  4.2459E-04  4.2378E-03  1.0000E+00
 1.2084E+04  5.6856E-04  2.7829E-03  4.2889E-04  4.2482E-03  1.0000E+00
 1.2177E+04  5.7189E-04  2.7777E-03  4.3320E-04  4.2583E-03  1.0000E+00
 1.2270E+04  5.7522E-04  2.7724E-03  4.3751E-04  4.2680E-03  1.0000E+00
 1.2364E+04  5.7856E-04  2.7671E-03  4.4182E-04  4.2773E-03  1.0000E+00
 1.2458E+04  5.8191E-04  2.7617E-03  4.4614E-04  4.2862E-03  1.0000E+00
 1.2554E+04  5.8526E-04  2.7562E-03  4.5046E-04  4.2948E-03  1.0000E+00
 1.2650E+04  5.8862E-04  2.7507E-03  4.5478E-04  4.3031E-03  1.0000E+00
 1.2747E+04  5.9198E-04  2.7451E-03  4.5911E-04  4.3110E-03  1.0000E+00
 1.2845E+04  5.9534E-04  2.7395E-03  4.6344E-04  4.3186E-03  1.0000E+00
 1.2943E+04  5.9871E-04  2.7338E-03  4.6777E-04  4.3259E-03  1.0000E+00
 1.3042E+04  6.0209E-04  2.7281E-03  4.7211E-04  4.3328E-03  1.0000E+00
 1.3142E+04  6.0548E-04  2.7223E-03  4.7645E-04  4.3394E-03  1.0000E+00
 1.3243E+04  6.0887E-04  2.7165E-03  4.8079E-04  4.3457E-03  1.0000E+00
 1.3344E+04  6.1227E-04  2.7106E-03  4.8514E-04  4.3516E-03  1.0000E+00
 1.3446E+04  6.1568E-04  2.7047E-03  4.8949E-04  4.3573E-03  1.0000E+00
 1.3549E+04  6.1910E-04  2.6988E-03  4.9384E-04  4.3627E-03  1.0000E+00
 1.3653E+04  6.2252E-04  2.6928E-03  4.9820E-04  4.3677E-03  1.0000E+00
 1.3757E+04  6.2595E-04  2.6868E-03  5.0256E-04  4.3725E-03  1.0000E+00
 1.3863E+04  6.2939E-04  2.6808E-03  5.0693E-04  4.3769E-03  1.0000E+00
 1.3969E+04  6.3284E-04  2.6747E-03  5.1130E-04  4.3811E-03  1.0000E+00
 1.4076E+04  6.3630E-04  2.6686E-03  5.1567E-04  4.3850E-03  1.0000E+00
 1.4184E+04  6.3976E-04  2.6625E-03  5.2005E-04  4.3886E-03  1.0000E+00
 1.4292E+04  6.4324E-04  2.6563E-03  5.2443E-04  4.3920E-03  1.0000E+00
 1.4402E+04  6.4672E-04  2.6501E-03  5.2882E-04  4.3950E-03  1.0000E+00
 1.4512E+04  6.5021E-04  2.6439E-03  5.3321E-04  4.3978E-03  1.0000E+00
 1.4623E+04  6.5371E-04  2.6376E-03  5.3760E-04  4.4004E-03  1.0000E+00
 1.4735E+04  6.5722E-04  2.6313E-03  5.4200E-04  4.4027E-03  1.0000E+00
 1.4848E+04  6.6073E-04  2.6250E-03  5.4641E-04  4.4047E-03  1.0000E+00
 1.4962E+04  6.6426E-04  2.6187E-03  5.5081E-04  4.4065E-03  1.0000E+00
 1.5076E+04  6.6779E-04  2.6123E-03  5.5522E-04  4.4080E-03  1.0000E+00
 1.5192E+04  6.7133E-04  2.6059E-03  5.5964E-04  4.4093E-03  1.0000E+00
 1.5308E+04  6.7488E-04  2.5995E-03  5.6406E-04  4.4103E-03  1.0000E+00
 1.5425E+04  6.7844E-04  2.5931E-03  5.6848E-04  4.4112E-03  1.0000E+00
 1.5544E+04  6.8201E-04  2.5866E-03  5.7291E-04  4.4117E-03  1.0000E+00
 1.5663E+04  6.8559E-04  2.5801E-03  5.7735E-04  4.4121E-03  1.0000E+00
 1.5783E+04  6.8918E-04  2.5736E-03  5.8179E-04  4.4122E-03  1.0000E+00
 1.5903E+04  6.9277E-04  2.5671E-03  5.8623E-04  4.4121E-03  1.0000E+00
 1.6025E+04  6.9638E-04  2.5605E-03  5.9068E-04  4.4118E-03  1.0000E+00
 1.6148E+04  6.9999E-04  2.5539E-03  5.9513E-04  4.4113E-03  1.0000E+00
 1.6272E+04  7.0362E-04  2.5474E-03  5.9959E-04  4.4106E-03  1.0000E+00
 1.6396E+04  7.0725E-04  2.5407E-03  6.0405E-04  4.4096E-03  1.0000E+00
 1.6522E+04  7.1090E-04  2.5341E-03  6.0852E-04  4.4085E-03  1.0000E+00
 1.6648E+04  7.1455E-04  2.5275E-03  6.1299E-04  4.4071E-03  1.0000E+00
 1.6776E+04  7.1822E-04  2.5208E-03  6.1747E-04  4.4056E-03  1.0000E+00
 1.6904E+04  7.2189E-04  2.5142E-03  6.2195E-04  4.4038E-03  1.0000E+00
 1.7034E+04  7.2558E-04  2.5075E-03  6.2644E-04  4.4019E-03  1.0000E+00
 1.7164E+04  7.2927E-04  2.5008E-03  6.3093E-04  4.3998E-03  1.0000E+00
 1.7296E+04  7.3297E-04  2.4941E-03  6.3543E-04  4.3975E-03  1.0000E+00
 1.7428E+04  7.3669E-04  2.4873E-03  6.3993E-04  4.3950E-03  1.0000E+00
 1.7562E+04  7.4042E-04  2.4806E-03  6.4444E-04  4.3923E-03  1.0000E+00
 1.7696E+04  7.4415E-04  2.4738E-03  6.4896E-04  4.3894E-03  1.0000E+00
 1.7832E+04  7.4790E-04  2.4671E-03  6.5348E-04  4.3864E-03  1.0000E+00
 1.7968E+04  7.5166E-04  2.4603E-03  6.5800E-04  4.3832E-03  1.0000E+00
 1.8106E+04  7.5543E-04  2.4535E-03  6.6253E-04  4.3799E-03  1.0000E+00
 1.8244E+04  7.5921E-04  2.4467E-03  6.6707E-04  4.3764E-03  1.0000E+00
 1.8384E+04  7.6300E-04  2.4399E-03  6.7161E-04  4.3727E-03  1.0000E+00
 1.8525E+04  7.6680E-04  2.4331E-03  6.7616E-04  4.3688E-03  1.0000E+00
 1.8667E+04  7.7062E-04  2.4263E-03  6.8072E-04  4.3648E-03  1.0000E+00
 1.8810E+04  7.7445E-04  2.4195E-03  6.8528E-04  4.3607E-03  1.0000E+00
 1.8954E+04  7.7830E-04  2.4127E-03  6.8985E-04  4.3564E-03  1.0000E+00
 1.9099E+04  7.8216E-04  2.4059E-03  6.9442E-04  4.3519E-03  1.0000E+00
 1.9245E+04  7.8603E-04  2.3992E-03  6.9900E-04  4.3474E-03  1.0000E+00
 1.9393E+04  7.8993E-04  2.3924E-03  7.0358E-04  4.3426E-03  1.0000E+00
 1.9541E+04  7.9384E-04  2.3856E-03  7.0818E-04  4.3377E-03  1.0000E+00
 1.9691E+04  7.9777E-04  2.3788E-03  7.1278E-04  4.3327E-03  1.0000E+00
 1.9842E+04  8.0171E-04  2.3721E-03  7.1738E-04  4.3276E-03  1.0000E+00
 1.9994E+04  8.0567E-04  2.3653E-03  7.2199E-04  4.3223E-03  1.0000E+00
 2.0147E+04  8.0965E-04  2.3586E-03  7.2661E-04  4.3169E-03  1.0000E+00
 2.0301E+04  8.1364E-04  2.3519E-03  7.3124E-04  4.3113E-03  1.0000E+00
 2.0456E+04  8.1765E-04  2.3452E-03  7.3587E-04  4.3057E-03  1.0000E+00
 2.0613E+04  8.2168E-04  2.3385E-03  7.4051E-04  4.2999E-03  1.0000E+00
 2.0771E+04  8.2573E-04  2.3318E-03  7.4515E-04  4.2940E-03  1.0000E+00
 2.0930E+04  8.2979E-04  2.3251E-03  7.4981E-04  4.2880E-03  1.0000E+00
 2.1090E+04  8.3388E-04  2.3184E-03  7.5447E-04  4.2818E-03  1.0000E+00
 2.1252E+04  8.3798E-04  2.3117E-03  7.5913E-04  4.2756E-03  1.0000E+00
 2.1415E+04  8.4210E-04  2.3051E-03  7.6381E-04  4.2692E-03  1.0000E+00
 2.1579E+04  8.4623E-04  2.2984E-03  7.6849E-04  4.2627E-03  1.0000E+00
 2.1744E+04  8.5039E-04  2.2918E-03  7.7318E-04  4.2561E-03  1.0000E+00
 2.1910E+04  8.5456E-04  2.2852E-03  7.7787E-04  4.2494E-03  1.0000E+00
 2.2078E+04  8.5876E-04  2.2786E-03  7.8258E-04  4.2426E-03  1.0000E+00
 2.2247E+04  8.6297E-04  2.2720E-03  7.8729E-04  4.2358E-03  1.0000E+00
 2.2418E+04  8.6721E-04  2.2654E-03  7.9201E-04  4.2288E-03  1.0000E+00
 2.2589E+04  8.7146E-04  2.2589E-03  7.9674E-04  4.2217E-03  1.0000E+00
 2.2762E+04  8.7573E-04  2.2523E-03  8.0147E-04  4.2145E-03  1.0000E+00
 2.2937E+04  8.8002E-04  2.2458E-03  8.0622E-04  4.2072E-03  1.0000E+00
 2.3112E+04  8.8434E-04  2.2393E-03  8.1097E-04  4.1998E-03  1.0000E+00
 2.3289E+04  8.8867E-04  2.2328E-03  8.1573E-04  4.1924E-03  1.0000E+00
 2.3468E+04  8.9302E-04  2.2263E-03  8.2050E-04  4.1848E-03  1.0000E+00
 2.3647E+04  8.9740E-04  2.2198E-03  8.2527E-04  4.1772E-03  1.0000E+00
 2.3829E+04  9.0180E-04  2.2133E-03  8.3006E-04  4.1695E-03  1.0000E+00
 2.4011E+04  9.0621E-04  2.2069E-03  8.3485E-04  4.1617E-03  1.0000E+00
 2.4195E+04  9.1065E-04  2.2004E-03  8.3966E-04  4.1538E-03  1.0000E+00
 2.4380E+04  9.1511E-04  2.1940E-03  8.4447E-04  4.1459E-03  1.0000E+00
 2.4567E+04  9.1959E-04  2.1876E-03  8.4929E-04  4.1379E-03  1.0000E+00
 2.4755E+04  9.2410E-04  2.1812E-03  8.5412E-04  4.1298E-03  1.0000E+00
 2.4945E+04  9.2863E-04  2.1749E-03  8.5895E-04  4.1216E-03  1.0000E+00
 2.5136E+04  9.3312E-04  2.1684E-03  8.6380E-04  4.1134E-03  1.0000E+00
 2.5328E+04  9.3749E-04  2.1616E-03  8.6866E-04  4.1051E-03  1.0000E+00
 2.5522E+04  9.4187E-04  2.1548E-03  8.7353E-04  4.0967E-03  1.0000E+00
 2.5718E+04  9.4626E-04  2.1480E-03  8.7840E-04  4.0882E-03  1.0000E+00
 2.5915E+04  9.5067E-04  2.1412E-03  8.8329E-04  4.0797E-03  1.0000E+00
 2.6113E+04  9.5509E-04  2.1344E-03  8.8818E-04  4.0712E-03  1.0000E+00
 2.6313E+04  9.5953E-04  2.1276E-03  8.9309E-04  4.0625E-03  1.0000E+00
 2.6515E+04  9.6397E-04  2.1208E-03  8.9800E-04  4.0538E-03  1.0000E+00
 2.6718E+04  9.6844E-04  2.1140E-03  9.0292E-04  4.0451E-03  1.0000E+00
 2.6922E+04  9.7291E-04  2.1072E-03  9.0786E-04  4.0363E-03  1.0000E+00
 2.7128E+04  9.7740E-04  2.1005E-03  9.1280E-04  4.0274E-03  1.0000E+00
 2.7336E+04  9.8191E-04  2.0937E-03  9.1776E-04  4.0185E-03  1.0000E+00
 2.7545E+04  9.8642E-04  2.0869E-03  9.2273E-04  4.0095E-03  1.0000E+00
 2.7756E+04  9.9095E-04  2.0802E-03  9.2770E-04  4.0005E-03  1.0000E+00
 2.7969E+04  9.9550E-04  2.0734E-03  9.3269E-04  3.9915E-03  1.0000E+00
 2.8183E+04  1.0001E-03  2.0666E-03  9.3769E-04  3.9824E-03  1.0000E+00
 2.8399E+04  1.0046E-03  2.0599E-03  9.4270E-04  3.9732E-03  1.0000E+00
 2.8617E+04  1.0092E-03  2.0532E-03  9.4772E-04  3.9640E-03  1.0000E+00
 2.8836E+04  1.0138E-03  2.0464E-03  9.5275E-04  3.9548E-03  1.0000E+00
 2.9056E+04  1.0184E-03  2.0397E-03  9.5779E-04  3.9455E-03  1.0000E+00
 2.9279E+04  1.0231E-03  2.0330E-03  9.6284E-04  3.9362E-03  1.0000E+00
 2.9503E+04  1.0277E-03  2.0262E-03  9.6791E-04  3.9268E-03  1.0000E+00
 2.9729E+04  1.0324E-03  2.0195E-03  9.7299E-04  3.9174E-03  1.0000E+00
 2.9957E+04  1.0371E-03  2.0128E-03  9.7807E-04  3.9079E-03  1.0000E+00
 3.0186E+04  1.0418E-03  2.0061E-03  9.8318E-04  3.8985E-03  1.0000E+00
 3.0417E+04  1.0465E-03  1.9995E-03  9.8829E-04  3.8890E-03  1.0000E+00
 3.0650E+04  1.0512E-03  1.9928E-03  9.9341E-04  3.8794E-03  1.0000E+00
 3.0885E+04  1.0559E-03  1.9861E-03  9.9855E-04  3.8698E-03  1.0000E+00
 3.1122E+04  1.0607E-03  1.9794E-03  1.0037E-03  3.8602E-03  1.0000E+00
 3.1360E+04  1.0655E-03  1.9728E-03  1.0089E-03  3.8506E-03  1.0000E+00
 3.1600E+04  1.0703E-03  1.9661E-03  1.0140E-03  3.8409E-03  1.0000E+00
 3.1842E+04  1.0751E-03  1.9595E-03  1.0192E-03  3.8313E-03  1.0000E+00
 3.2086E+04  1.0799E-03  1.9529E-03  1.0244E-03  3.8215E-03  1.0000E+00
 3.2332E+04  1.0847E-03  1.9463E-03  1.0296E-03  3.8118E-03  1.0000E+00
 3.2579E+04  1.0896E-03  1.9397E-03  1.0349E-03  3.8020E-03  1.0000E+00
 3.2829E+04  1.0944E-03  1.9331E-03  1.0401E-03  3.7923E-03  1.0000E+00
 3.3080E+04  1.0993E-03  1.9265E-03  1.0454E-03  3.7824E-03  1.0000E+00
 3.3334E+04  1.1042E-03  1.9199E-03  1.0506E-03  3.7726E-03  1.0000E+00
 3.3589E+04  1.1091E-03  1.9133E-03  1.0559E-03  3.7628E-03  1.0000E+00
 3.3846E+04  1.1141E-03  1.9068E-03  1.0612E-03  3.7529E-03  1.0000E+00
 3.4105E+04  1.1190E-03  1.9002E-03  1.0665E-03  3.7430E-03  1.0000E+00
 3.4367E+04  1.1240E-03  1.8937E-03  1.0719E-03  3.7331E-03  1.0000E+00
 3.4630E+04  1.1290E-03  1.8872E-03  1.0772E-03  3.7232E-03  1.0000E+00
 3.4895E+04  1.1340E-03  1.8806E-03  1.0825E-03  3.7133E-03  1.0000E+00
 3.5162E+04  1.1390E-03  1.8741E-03  1.0879E-03  3.7033E-03  1.0000E+00
 3.5431E+04  1.1440E-03  1.8677E-03  1.0933E-03  3.6934E-03  1.0000E+00
 3.5703E+04  1.1491E-03  1.8612E-03  1.0987E-03  3.6834E-03  1.0000E+00
 3.5976E+04  1.1542E-03  1.8547E-03  1.1041E-03  3.6734E-03  1.0000E+00
 3.6252E+04  1.1593E-03  1.8483E-03  1.1095E-03  3.6634E-03  1.0000E+00
 3.6529E+04  1.1644E-03  1.8418E-03  1.1150E-03  3.6534E-03  1.0000E+00
 3.6809E+04  1.1695E-03  1.8354E-03  1.1205E-03  3.6434E-03  1.0000E+00
 3.7091E+04  1.1747E-03  1.8290E-03  1.1259E-03  3.6334E-03  1.0000E+00
 3.7375E+04  1.1798E-03  1.8226E-03  1.1314E-03  3.6234E-03  1.0000E+00
 3.7661E+04  1.1850E-03  1.8162E-03  1.1369E-03  3.6134E-03  1.0000E+00
 3.7950E+04  1.1902E-03  1.8098E-03  1.1425E-03  3.6034E-03  1.0000E+00
 3.8240E+04  1.1955E-03  1.8034E-03  1.1480E-03  3.5933E-03  1.0000E+00
 3.8533E+04  1.2007E-03  1.7971E-03  1.1536E-03  3.5833E-03  1.0000E+00
 3.8828E+04  1.2060E-03  1.7908E-03  1.1592E-03  3.5733E-03  1.0000E+00
 3.9126E+04  1.2113E-03  1.7844E-03  1.1647E-03  3.5632E-03  1.0000E+00
 3.9425E+04  1.2166E-03  1.7781E-03  1.1704E-03  3.5532E-03  1.0000E+00
 3.9727E+04  1.2219E-03  1.7718E-03  1.1760E-03  3.5431E-03  1.0000E+00
 4.0032E+04  1.2272E-03  1.7656E-03  1.1816E-03  3.5331E-03  1.0000E+00
 4.0338E+04  1.2326E-03  1.7593E-03  1.1873E-03  3.5231E-03  1.0000E+00
 4.0647E+04  1.2380E-03  1.7530E-03  1.1930E-03  3.5130E-03  1.0000E+00
 4.0958E+04  1.2434E-03  1.7468E-03  1.1987E-03  3.5030E-03  1.0000E+00
 4.1272E+04  1.2488E-03  1.7406E-03  1.2044E-03  3.4930E-03  1.0000E+00
 4.1588E+04  1.2543E-03  1.7344E-03  1.2102E-03  3.4830E-03  1.0000E+00
 4.1907E+04  1.2597E-03  1.7282E-03  1.2159E-03  3.4729E-03  1.0000E+00
 4.2228E+04  1.2652E-03  1.7220E-03  1.2217E-03  3.4629E-03  1.0000E+00
 4.2551E+04  1.2708E-03  1.7159E-03  1.2275E-03  3.4529E-03  1.0000E+00
 4.2877E+04  1.2763E-03  1.7097E-03  1.2333E-03  3.4429E-03  1.0000E+00
 4.3205E+04  1.2818E-03  1.7036E-03  1.2392E-03  3.4329E-03  1.0000E+00
 4.3536E+04  1.2874E-03  1.6975E-03  1.2450E-03  3.4230E-03  1.0000E+00
 4.3869E+04  1.2930E-03  1.6914E-03  1.2509E-03  3.4130E-03  1.0000E+00
 4.4205E+04  1.2987E-03  1.6853E-03  1.2568E-03  3.4030E-03  1.0000E+00
 4.4544E+04  1.3043E-03  1.6792E-03  1.2627E-03  3.3931E-03  1.0000E+00
 4.4885E+04  1.3100E-03  1.6732E-03  1.2687E-03  3.3831E-03  1.0000E+00
 4.5229E+04  1.3157E-03  1.6671E-03  1.2746E-03  3.3732E-03  1.0000E+00
 4.5575E+04  1.3214E-03  1.6611E-03  1.2806E-03  3.3633E-03  1.0000E+00
 4.5924E+04  1.3272E-03  1.6551E-03  1.2866E-03  3.3534E-03  1.0000E+00
 4.6276E+04  1.3329E-03  1.6491E-03  1.2927E-03  3.3435E-03  1.0000E+00
 4.6630E+04  1.3387E-03  1.6432E-03  1.2987E-03  3.3336E-03  1.0000E+00
 4.6987E+04  1.3445E-03  1.6372E-03  1.3048E-03  3.3238E-03  1.0000E+00
 4.7347E+04  1.3504E-03  1.6313E-03  1.3109E-03  3.3139E-03  1.0000E+00
 4.7710E+04  1.3562E-03  1.6254E-03  1.3170E-03  3.3041E-03  1.0000E+00
 4.8075E+04  1.3621E-03  1.6195E-03  1.3232E-03  3.2943E-03  1.0000E+00
 4.8443E+04  1.3681E-03  1.6136E-03  1.3293E-03  3.2845E-03  1.0000E+00
 4.8814E+04  1.3740E-03  1.6077E-03  1.3355E-03  3.2747E-03  1.0000E+00
 4.9188E+04  1.3800E-03  1.6019E-03  1.3417E-03  3.2649E-03  1.0000E+00
 4.9565E+04  1.3860E-03  1.5961E-03  1.3480E-03  3.2552E-03  1.0000E+00
 4.9945E+04  1.3920E-03  1.5903E-03  1.3542E-03  3.2455E-03  1.0000E+00
 5.0327E+04  1.3980E-03  1.5845E-03  1.3605E-03  3.2358E-03  1.0000E+00
 5.0713E+04  1.4041E-03  1.5787E-03  1.3668E-03  3.2261E-03  1.0000E+00
 5.1101E+04  1.4102E-03  1.5729E-03  1.3732E-03  3.2164E-03  1.0000E+00
 5.1492E+04  1.4164E-03  1.5672E-03  1.3795E-03  3.2068E-03  1.0000E+00
 5.1887E+04  1.4225E-03  1.5615E-03  1.3859E-03  3.1971E-03  1.0000E+00
 5.2284E+04  1.4287E-03  1.5558E-03  1.3924E-03  3.1875E-03  1.0000E+00
 5.2684E+04  1.4349E-03  1.5501E-03  1.3988E-03  3.1779E-03  1.0000E+00
 5.3088E+04  1.4412E-03  1.5444E-03  1.4053E-03  3.1684E-03  1.0000E+00
 5.3494E+04  1.4474E-03  1.5388E-03  1.4118E-03  3.1588E-03  1.0000E+00
 5.3904E+04  1.4538E-03  1.5332E-03  1.4183E-03  3.1493E-03  1.0000E+00
 5.4317E+04  1.4601E-03  1.5276E-03  1.4249E-03  3.1398E-03  1.0000E+00
 5.4733E+04  1.4664E-03  1.5220E-03  1.4314E-03  3.1304E-03  1.0000E+00
 5.5152E+04  1.4728E-03  1.5164E-03  1.4380E-03  3.1209E-03  1.0000E+00
 5.5574E+04  1.4793E-03  1.5108E-03  1.4447E-03  3.1115E-03  1.0000E+00
 5.6000E+04  1.4857E-03  1.5053E-03  1.4514E-03  3.1021E-03  1.0000E+00
 5.6429E+04  1.4922E-03  1.4998E-03  1.4581E-03  3.0928E-03  1.0000E+00
 5.6861E+04  1.4987E-03  1.4943E-03  1.4648E-03  3.0834E-03  1.0000E+00
 5.7297E+04  1.5053E-03  1.4888E-03  1.4715E-03  3.0741E-03  1.0000E+00
 5.7735E+04  1.5119E-03  1.4834E-03  1.4783E-03  3.0648E-03  1.0000E+00
 5.8177E+04  1.5185E-03  1.4779E-03  1.4852E-03  3.0556E-03  1.0000E+00
 5.8623E+04  1.5251E-03  1.4725E-03  1.4920E-03  3.0463E-03  1.0000E+00
 5.9072E+04  1.5318E-03  1.4671E-03  1.4989E-03  3.0371E-03  1.0000E+00
 5.9524E+04  1.5385E-03  1.4617E-03  1.5058E-03  3.0279E-03  1.0000E+00
 5.9980E+04  1.5453E-03  1.4564E-03  1.5127E-03  3.0188E-03  1.0000E+00
 6.0440E+04  1.5520E-03  1.4510E-03  1.5197E-03  3.0097E-03  1.0000E+00
 6.0902E+04  1.5589E-03  1.4457E-03  1.5267E-03  3.0006E-03  1.0000E+00
 6.1369E+04  1.5657E-03  1.4404E-03  1.5338E-03  2.9915E-03  1.0000E+00
 6.1839E+04  1.5726E-03  1.4351E-03  1.5409E-03  2.9825E-03  1.0000E+00
 6.2312E+04  1.5795E-03  1.4298E-03  1.5480E-03  2.9735E-03  1.0000E+00
 6.2790E+04  1.5865E-03  1.4246E-03  1.5551E-03  2.9645E-03  1.0000E+00
 6.3270E+04  1.5935E-03  1.4194E-03  1.5623E-03  2.9555E-03  1.0000E+00
 6.3755E+04  1.6005E-03  1.4142E-03  1.5695E-03  2.9466E-03  1.0000E+00
 6.4243E+04  1.6076E-03  1.4090E-03  1.5768E-03  2.9378E-03  1.0000E+00
 6.4735E+04  1.6147E-03  1.4038E-03  1.5841E-03  2.9289E-03  1.0000E+00
 6.5231E+04  1.6218E-03  1.3987E-03  1.5914E-03  2.9201E-03  1.0000E+00
 6.5731E+04  1.6290E-03  1.3936E-03  1.5988E-03  2.9113E-03  1.0000E+00
 6.6234E+04  1.6362E-03  1.3885E-03  1.6062E-03  2.9025E-03  1.0000E+00
 6.6741E+04  1.6435E-03  1.3834E-03  1.6136E-03  2.8938E-03  1.0000E+00
 6.7252E+04  1.6508E-03  1.3783E-03  1.6211E-03  2.8851E-03  1.0000E+00
 6.7767E+04  1.6581E-03  1.3733E-03  1.6286E-03  2.8765E-03  1.0000E+00
 6.8286E+04  1.6655E-03  1.3682E-03  1.6361E-03  2.8678E-03  1.0000E+00
 6.8809E+04  1.6729E-03  1.3632E-03  1.6437E-03  2.8593E-03  1.0000E+00
 6.9336E+04  1.6804E-03  1.3583E-03  1.6514E-03  2.8507E-03  1.0000E+00
 6.9867E+04  1.6879E-03  1.3533E-03  1.6590E-03  2.8422E-03  1.0000E+00
 7.0402E+04  1.6954E-03  1.3483E-03  1.6667E-03  2.8337E-03  1.0000E+00
 7.0942E+04  1.7030E-03  1.3434E-03  1.6745E-03  2.8252E-03  1.0000E+00
 7.1485E+04  1.7106E-03  1.3385E-03  1.6823E-03  2.8168E-03  1.0000E+00
 7.2032E+04  1.7183E-03  1.3336E-03  1.6901E-03  2.8084E-03  1.0000E+00
 7.2584E+04  1.7260E-03  1.3288E-03  1.6980E-03  2.8001E-03  1.0000E+00
 7.3140E+04  1.7338E-03  1.3239E-03  1.7059E-03  2.7918E-03  1.0000E+00
 7.3700E+04  1.7416E-03  1.3191E-03  1.7139E-03  2.7835E-03  1.0000E+00
 7.4264E+04  1.7494E-03  1.3143E-03  1.7219E-03  2.7752E-03  1.0000E+00
 7.4833E+04  1.7573E-03  1.3095E-03  1.7300E-03  2.7670E-03  1.0000E+00
 7.5406E+04  1.7653E-03  1.3048E-03  1.7381E-03  2.7589E-03  1.0000E+00
 7.5984E+04  1.7733E-03  1.3000E-03  1.7462E-03  2.7507E-03  1.0000E+00
 7.6566E+04  1.7813E-03  1.2953E-03  1.7544E-03  2.7426E-03  1.0000E+00
 7.7152E+04  1.7894E-03  1.2906E-03  1.7626E-03  2.7346E-03  1.0000E+00
 7.7743E+04  1.7975E-03  1.2859E-03  1.7709E-03  2.7265E-03  1.0000E+00
 7.8338E+04  1.8057E-03  1.2813E-03  1.7793E-03  2.7185E-03  1.0000E+00
 7.8938E+04  1.8139E-03  1.2766E-03  1.7876E-03  2.7106E-03  1.0000E+00
 7.9543E+04  1.8222E-03  1.2720E-03  1.7961E-03  2.7027E-03  1.0000E+00
 8.0152E+04  1.8306E-03  1.2674E-03  1.8045E-03  2.6948E-03  1.0000E+00
 8.0766E+04  1.8389E-03  1.2629E-03  1.8131E-03  2.6870E-03  1.0000E+00
 8.1384E+04  1.8474E-03  1.2583E-03  1.8216E-03  2.6792E-03  1.0000E+00
 8.2008E+04  1.8559E-03  1.2538E-03  1.8303E-03  2.6714E-03  1.0000E+00
 8.2636E+04  1.8644E-03  1.2492E-03  1.8390E-03  2.6637E-03  1.0000E+00
 8.3268E+04  1.8730E-03  1.2448E-03  1.8477E-03  2.6560E-03  1.0000E+00
 8.3906E+04  1.8816E-03  1.2403E-03  1.8565E-03  2.6483E-03  1.0000E+00
 8.4549E+04  1.8904E-03  1.2358E-03  1.8653E-03  2.6407E-03  1.0000E+00
 8.5196E+04  1.8991E-03  1.2314E-03  1.8742E-03  2.6331E-03  1.0000E+00
 8.5849E+04  1.9079E-03  1.2270E-03  1.8832E-03  2.6256E-03  1.0000E+00
 8.6506E+04  1.9168E-03  1.2226E-03  1.8922E-03  2.6181E-03  1.0000E+00
 8.7169E+04  1.9257E-03  1.2182E-03  1.9012E-03  2.6106E-03  1.0000E+00
 8.7836E+04  1.9347E-03  1.2139E-03  1.9104E-03  2.6032E-03  1.0000E+00
 8.8509E+04  1.9437E-03  1.2095E-03  1.9195E-03  2.5958E-03  1.0000E+00
 8.9187E+04  1.9528E-03  1.2052E-03  1.9288E-03  2.5885E-03  1.0000E+00
 8.9870E+04  1.9620E-03  1.2010E-03  1.9380E-03  2.5812E-03  1.0000E+00
 9.0558E+04  1.9712E-03  1.1967E-03  1.9474E-03  2.5740E-03  1.0000E+00
 9.1252E+04  1.9805E-03  1.1924E-03  1.9568E-03  2.5667E-03  1.0000E+00
 9.1950E+04  1.9899E-03  1.1882E-03  1.9663E-03  2.5596E-03  1.0000E+00
 9.2655E+04  1.9993E-03  1.1840E-03  1.9758E-03  2.5524E-03  1.0000E+00
 9.3364E+04  2.0087E-03  1.1798E-03  1.9854E-03  2.5453E-03  1.0000E+00
 9.4079E+04  2.0183E-03  1.1757E-03  1.9951E-03  2.5383E-03  1.0000E+00
 9.4800E+04  2.0279E-03  1.1715E-03  2.0048E-03  2.5312E-03  1.0000E+00
 9.5526E+04  2.0375E-03  1.1674E-03  2.0146E-03  2.5243E-03  1.0000E+00
 9.6257E+04  2.0472E-03  1.1633E-03  2.0244E-03  2.5173E-03  1.0000E+00
 9.6994E+04  2.0570E-03  1.1592E-03  2.0343E-03  2.5104E-03  1.0000E+00
 9.7737E+04  2.0669E-03  1.1551E-03  2.0443E-03  2.5036E-03  1.0000E+00
 9.8486E+04  2.0768E-03  1.1511E-03  2.0544E-03  2.4967E-03  1.0000E+00
 9.9240E+04  2.0868E-03  1.1471E-03  2.0645E-03  2.4900E-03  1.0000E+00
 1.0000E+05  2.0969E-03  1.1431E-03  2.0747E-03  2.4832E-03  1.0000E+00


