#     0	 1	    2	 3	 1.8630E+02	 1000	1
 4.8978E+01  0.0000E+00  0.0000E+00  0.0000E+00  0.0000E+00  0.0000E+00
 4.9353E+01  0.0000E+00  0.0000E+00  0.0000E+00  0.0000E+00  0.0000E+00
 4.9731E+01  0.0000E+00  0.0000E+00  0.0000E+00  0.0000E+00  0.0000E+00
 5.0112E+01  0.0000E+00  0.0000E+00  0.0000E+00  0.0000E+00  0.0000E+00
 5.0496E+01  0.0000E+00  0.0000E+00  0.0000E+00  0.0000E+00  0.0000E+00
 5.0882E+01  0.0000E+00  0.0000E+00  0.0000E+00  0.0000E+00  0.0000E+00
 5.1272E+01  0.0000E+00  0.0000E+00  0.0000E+00  0.0000E+00  0.0000E+00
 5.1665E+01  0.0000E+00  0.0000E+00  0.0000E+00  0.0000E+00  0.0000E+00
 5.2060E+01  0.0000E+00  0.0000E+00  0.0000E+00  0.0000E+00  0.0000E+00
 5.2459E+01  0.0000E+00  0.0000E+00  0.0000E+00  0.0000E+00  0.0000E+00
 5.2861E+01  0.0000E+00  0.0000E+00  0.0000E+00  0.0000E+00  0.0000E+00
 5.3266E+01  0.0000E+00  0.0000E+00  0.0000E+00  0.0000E+00  0.0000E+00
 5.3673E+01  0.0000E+00  0.0000E+00  0.0000E+00  0.0000E+00  0.0000E+00
 5.4085E+01  0.0000E+00  0.0000E+00  0.0000E+00  0.0000E+00  0.0000E+00
 5.4499E+01  0.0000E+00  0.0000E+00  0.0000E+00  0.0000E+00  0.0000E+00
 5.4916E+01  0.0000E+00  0.0000E+00  0.0000E+00  0.0000E+00  0.0000E+00
 5.5337E+01  0.0000E+00  0.0000E+00  0.0000E+00  0.0000E+00  0.0000E+00
 5.5760E+01  0.0000E+00  0.0000E+00  0.0000E+00  0.0000E+00  0.0000E+00
 5.6187E+01  0.0000E+00  0.0000E+00  0.0000E+00  0.0000E+00  0.0000E+00
 5.6618E+01  0.0000E+00  0.0000E+00  0.0000E+00  0.0000E+00  0.0000E+00
 5.7051E+01  0.0000E+00  0.0000E+00  0.0000E+00  0.0000E+00  0.0000E+00
 5.7488E+01  0.0000E+00  0.0000E+00  0.0000E+00  0.0000E+00  0.0000E+00
 5.7929E+01  0.0000E+00  0.0000E+00  0.0000E+00  0.0000E+00  0.0000E+00
 5.8372E+01  0.0000E+00  0.0000E+00  0.0000E+00  0.0000E+00  0.0000E+00
 5.8819E+01  0.0000E+00  0.0000E+00  0.0000E+00  0.0000E+00  0.0000E+00
 5.9270E+01  0.0000E+00  0.0000E+00  0.0000E+00  0.0000E+00  0.0000E+00
 5.9724E+01  0.0000E+00  0.0000E+00  0.0000E+00  0.0000E+00  0.0000E+00
 6.0181E+01  0.0000E+00  0.0000E+00  0.0000E+00  0.0000E+00  0.0000E+00
 6.0642E+01  0.0000E+00  0.0000E+00  0.0000E+00  0.0000E+00  0.0000E+00
 6.1106E+01  0.0000E+00  0.0000E+00  0.0000E+00  0.0000E+00  0.0000E+00
 6.1574E+01  0.0000E+00  0.0000E+00  0.0000E+00  0.0000E+00  0.0000E+00
 6.2046E+01  0.0000E+00  0.0000E+00  0.0000E+00  0.0000E+00  0.0000E+00
 6.2521E+01  0.0000E+00  0.0000E+00  0.0000E+00  0.0000E+00  0.0000E+00
 6.3000E+01  0.0000E+00  0.0000E+00  0.0000E+00  0.0000E+00  0.0000E+00
 6.3482E+01  0.0000E+00  0.0000E+00  0.0000E+00  0.0000E+00  0.0000E+00
 6.3968E+01  0.0000E+00  0.0000E+00  0.0000E+00  0.0000E+00  0.0000E+00
 6.4458E+01  0.0000E+00  0.0000E+00  0.0000E+00  0.0000E+00  0.0000E+00
 6.4952E+01  0.0000E+00  0.0000E+00  0.0000E+00  0.0000E+00  0.0000E+00
 6.5449E+01  0.0000E+00  0.0000E+00  0.0000E+00  0.0000E+00  0.0000E+00
 6.5951E+01  0.0000E+00  0.0000E+00  0.0000E+00  0.0000E+00  0.0000E+00
 6.6456E+01  0.0000E+00  0.0000E+00  0.0000E+00  0.0000E+00  0.0000E+00
 6.6965E+01  0.0000E+00  0.0000E+00  0.0000E+00  0.0000E+00  0.0000E+00
 6.7478E+01  0.0000E+00  0.0000E+00  0.0000E+00  0.0000E+00  0.0000E+00
 6.7994E+01  0.0000E+00  0.0000E+00  0.0000E+00  0.0000E+00  0.0000E+00
 6.8515E+01  0.0000E+00  0.0000E+00  0.0000E+00  0.0000E+00  0.0000E+00
 6.9040E+01  0.0000E+00  0.0000E+00  0.0000E+00  0.0000E+00  0.0000E+00
 6.9568E+01  0.0000E+00  0.0000E+00  0.0000E+00  0.0000E+00  0.0000E+00
 7.0101E+01  0.0000E+00  0.0000E+00  0.0000E+00  0.0000E+00  0.0000E+00
 7.0638E+01  0.0000E+00  0.0000E+00  0.0000E+00  0.0000E+00  0.0000E+00
 7.1179E+01  0.0000E+00  0.0000E+00  0.0000E+00  0.0000E+00  0.0000E+00
 7.1724E+01  0.0000E+00  0.0000E+00  0.0000E+00  0.0000E+00  0.0000E+00
 7.2273E+01  0.0000E+00  0.0000E+00  0.0000E+00  0.0000E+00  0.0000E+00
 7.2827E+01  0.0000E+00  0.0000E+00  0.0000E+00  0.0000E+00  0.0000E+00
 7.3385E+01  0.0000E+00  0.0000E+00  0.0000E+00  0.0000E+00  0.0000E+00
 7.3947E+01  0.0000E+00  0.0000E+00  0.0000E+00  0.0000E+00  0.0000E+00
 7.4513E+01  0.0000E+00  0.0000E+00  0.0000E+00  0.0000E+00  0.0000E+00
 7.5084E+01  0.0000E+00  0.0000E+00  0.0000E+00  0.0000E+00  0.0000E+00
 7.5659E+01  0.0000E+00  0.0000E+00  0.0000E+00  0.0000E+00  0.0000E+00
 7.6238E+01  0.0000E+00  0.0000E+00  0.0000E+00  0.0000E+00  0.0000E+00
 7.6822E+01  0.0000E+00  0.0000E+00  0.0000E+00  0.0000E+00  0.0000E+00
 7.7410E+01  0.0000E+00  0.0000E+00  0.0000E+00  0.0000E+00  0.0000E+00
 7.8003E+01  0.0000E+00  0.0000E+00  0.0000E+00  0.0000E+00  0.0000E+00
 7.8601E+01  0.0000E+00  0.0000E+00  0.0000E+00  0.0000E+00  0.0000E+00
 7.9202E+01  0.0000E+00  0.0000E+00  0.0000E+00  0.0000E+00  0.0000E+00
 7.9809E+01  0.0000E+00  0.0000E+00  0.0000E+00  0.0000E+00  0.0000E+00
 8.0420E+01  0.0000E+00  0.0000E+00  0.0000E+00  0.0000E+00  0.0000E+00
 8.1036E+01  0.0000E+00  0.0000E+00  0.0000E+00  0.0000E+00  0.0000E+00
 8.1657E+01  0.0000E+00  0.0000E+00  0.0000E+00  0.0000E+00  0.0000E+00
 8.2282E+01  0.0000E+00  0.0000E+00  0.0000E+00  0.0000E+00  0.0000E+00
 8.2912E+01  0.0000E+00  0.0000E+00  0.0000E+00  0.0000E+00  0.0000E+00
 8.3547E+01  0.0000E+00  0.0000E+00  0.0000E+00  0.0000E+00  0.0000E+00
 8.4187E+01  0.0000E+00  0.0000E+00  0.0000E+00  0.0000E+00  0.0000E+00
 8.4832E+01  0.0000E+00  0.0000E+00  0.0000E+00  0.0000E+00  0.0000E+00
 8.5481E+01  0.0000E+00  0.0000E+00  0.0000E+00  0.0000E+00  0.0000E+00
 8.6136E+01  0.0000E+00  0.0000E+00  0.0000E+00  0.0000E+00  0.0000E+00
 8.6796E+01  0.0000E+00  0.0000E+00  0.0000E+00  0.0000E+00  0.0000E+00
 8.7460E+01  0.0000E+00  0.0000E+00  0.0000E+00  0.0000E+00  0.0000E+00
 8.8130E+01  0.0000E+00  0.0000E+00  0.0000E+00  0.0000E+00  0.0000E+00
 8.8805E+01  0.0000E+00  0.0000E+00  0.0000E+00  0.0000E+00  0.0000E+00
 8.9485E+01  0.0000E+00  0.0000E+00  0.0000E+00  0.0000E+00  0.0000E+00
 9.0171E+01  0.0000E+00  0.0000E+00  0.0000E+00  0.0000E+00  0.0000E+00
 9.0861E+01  0.0000E+00  0.0000E+00  0.0000E+00  0.0000E+00  0.0000E+00
 9.1557E+01  0.0000E+00  0.0000E+00  0.0000E+00  0.0000E+00  0.0000E+00
 9.2258E+01  0.0000E+00  0.0000E+00  0.0000E+00  0.0000E+00  0.0000E+00
 9.2965E+01  0.0000E+00  0.0000E+00  0.0000E+00  0.0000E+00  0.0000E+00
 9.3677E+01  0.0000E+00  0.0000E+00  0.0000E+00  0.0000E+00  0.0000E+00
 9.4394E+01  0.0000E+00  0.0000E+00  0.0000E+00  0.0000E+00  0.0000E+00
 9.5117E+01  0.0000E+00  0.0000E+00  0.0000E+00  0.0000E+00  0.0000E+00
 9.5845E+01  0.0000E+00  0.0000E+00  0.0000E+00  0.0000E+00  0.0000E+00
 9.6579E+01  0.0000E+00  0.0000E+00  0.0000E+00  0.0000E+00  0.0000E+00
 9.7319E+01  0.0000E+00  0.0000E+00  0.0000E+00  0.0000E+00  0.0000E+00
 9.8064E+01  0.0000E+00  0.0000E+00  0.0000E+00  0.0000E+00  0.0000E+00
 9.8815E+01  0.0000E+00  0.0000E+00  0.0000E+00  0.0000E+00  0.0000E+00
 9.9572E+01  0.0000E+00  0.0000E+00  0.0000E+00  0.0000E+00  0.0000E+00
 1.0033E+02  0.0000E+00  0.0000E+00  0.0000E+00  0.0000E+00  0.0000E+00
 1.0110E+02  0.0000E+00  0.0000E+00  0.0000E+00  0.0000E+00  0.0000E+00
 1.0188E+02  0.0000E+00  0.0000E+00  0.0000E+00  0.0000E+00  0.0000E+00
 1.0266E+02  0.0000E+00  0.0000E+00  0.0000E+00  0.0000E+00  0.0000E+00
 1.0344E+02  0.0000E+00  0.0000E+00  0.0000E+00  0.0000E+00  0.0000E+00
 1.0424E+02  0.0000E+00  0.0000E+00  0.0000E+00  0.0000E+00  0.0000E+00
 1.0503E+02  0.0000E+00  0.0000E+00  0.0000E+00  0.0000E+00  0.0000E+00
 1.0584E+02  0.0000E+00  0.0000E+00  0.0000E+00  0.0000E+00  0.0000E+00
 1.0665E+02  0.0000E+00  0.0000E+00  0.0000E+00  0.0000E+00  0.0000E+00
 1.0747E+02  0.0000E+00  0.0000E+00  0.0000E+00  0.0000E+00  0.0000E+00
 1.0829E+02  0.0000E+00  0.0000E+00  0.0000E+00  0.0000E+00  0.0000E+00
 1.0912E+02  0.0000E+00  0.0000E+00  0.0000E+00  0.0000E+00  0.0000E+00
 1.0995E+02  0.0000E+00  0.0000E+00  0.0000E+00  0.0000E+00  0.0000E+00
 1.1080E+02  0.0000E+00  0.0000E+00  0.0000E+00  0.0000E+00  0.0000E+00
 1.1164E+02  0.0000E+00  0.0000E+00  0.0000E+00  0.0000E+00  0.0000E+00
 1.1250E+02  0.0000E+00  0.0000E+00  0.0000E+00  0.0000E+00  0.0000E+00
 1.1336E+02  0.0000E+00  0.0000E+00  0.0000E+00  0.0000E+00  0.0000E+00
 1.1423E+02  0.0000E+00  0.0000E+00  0.0000E+00  0.0000E+00  0.0000E+00
 1.1510E+02  0.0000E+00  0.0000E+00  0.0000E+00  0.0000E+00  0.0000E+00
 1.1599E+02  0.0000E+00  0.0000E+00  0.0000E+00  0.0000E+00  0.0000E+00
 1.1687E+02  0.0000E+00  0.0000E+00  0.0000E+00  0.0000E+00  0.0000E+00
 1.1777E+02  0.0000E+00  0.0000E+00  0.0000E+00  0.0000E+00  0.0000E+00
 1.1867E+02  0.0000E+00  0.0000E+00  0.0000E+00  0.0000E+00  0.0000E+00
 1.1958E+02  0.0000E+00  0.0000E+00  0.0000E+00  0.0000E+00  0.0000E+00
 1.2050E+02  0.0000E+00  0.0000E+00  0.0000E+00  0.0000E+00  0.0000E+00
 1.2142E+02  0.0000E+00  0.0000E+00  0.0000E+00  0.0000E+00  0.0000E+00
 1.2235E+02  0.0000E+00  0.0000E+00  0.0000E+00  0.0000E+00  0.0000E+00
 1.2329E+02  0.0000E+00  0.0000E+00  0.0000E+00  0.0000E+00  0.0000E+00
 1.2423E+02  0.0000E+00  0.0000E+00  0.0000E+00  0.0000E+00  0.0000E+00
 1.2518E+02  0.0000E+00  0.0000E+00  0.0000E+00  0.0000E+00  0.0000E+00
 1.2614E+02  0.0000E+00  0.0000E+00  0.0000E+00  0.0000E+00  0.0000E+00
 1.2711E+02  0.0000E+00  0.0000E+00  0.0000E+00  0.0000E+00  0.0000E+00
 1.2808E+02  0.0000E+00  0.0000E+00  0.0000E+00  0.0000E+00  0.0000E+00
 1.2906E+02  0.0000E+00  0.0000E+00  0.0000E+00  0.0000E+00  0.0000E+00
 1.3005E+02  0.0000E+00  0.0000E+00  0.0000E+00  0.0000E+00  0.0000E+00
 1.3104E+02  0.0000E+00  0.0000E+00  0.0000E+00  0.0000E+00  0.0000E+00
 1.3205E+02  0.0000E+00  0.0000E+00  0.0000E+00  0.0000E+00  0.0000E+00
 1.3306E+02  0.0000E+00  0.0000E+00  0.0000E+00  0.0000E+00  0.0000E+00
 1.3408E+02  0.0000E+00  0.0000E+00  0.0000E+00  0.0000E+00  0.0000E+00
 1.3510E+02  0.0000E+00  0.0000E+00  0.0000E+00  0.0000E+00  0.0000E+00
 1.3614E+02  0.0000E+00  0.0000E+00  0.0000E+00  0.0000E+00  0.0000E+00
 1.3718E+02  0.0000E+00  0.0000E+00  0.0000E+00  0.0000E+00  0.0000E+00
 1.3823E+02  0.0000E+00  0.0000E+00  0.0000E+00  0.0000E+00  0.0000E+00
 1.3929E+02  0.0000E+00  0.0000E+00  0.0000E+00  0.0000E+00  0.0000E+00
 1.4036E+02  0.0000E+00  0.0000E+00  0.0000E+00  0.0000E+00  0.0000E+00
 1.4143E+02  0.0000E+00  0.0000E+00  0.0000E+00  0.0000E+00  0.0000E+00
 1.4252E+02  0.0000E+00  0.0000E+00  0.0000E+00  0.0000E+00  0.0000E+00
 1.4361E+02  0.0000E+00  0.0000E+00  0.0000E+00  0.0000E+00  0.0000E+00
 1.4471E+02  0.0000E+00  0.0000E+00  0.0000E+00  0.0000E+00  0.0000E+00
 1.4582E+02  0.0000E+00  0.0000E+00  0.0000E+00  0.0000E+00  0.0000E+00
 1.4693E+02  0.0000E+00  0.0000E+00  0.0000E+00  0.0000E+00  0.0000E+00
 1.4806E+02  0.0000E+00  0.0000E+00  0.0000E+00  0.0000E+00  0.0000E+00
 1.4919E+02  0.0000E+00  0.0000E+00  0.0000E+00  0.0000E+00  0.0000E+00
 1.5033E+02  0.0000E+00  0.0000E+00  0.0000E+00  0.0000E+00  0.0000E+00
 1.5149E+02  0.0000E+00  0.0000E+00  0.0000E+00  0.0000E+00  0.0000E+00
 1.5265E+02  0.0000E+00  0.0000E+00  0.0000E+00  0.0000E+00  0.0000E+00
 1.5381E+02  0.0000E+00  0.0000E+00  0.0000E+00  0.0000E+00  0.0000E+00
 1.5499E+02  0.0000E+00  0.0000E+00  0.0000E+00  0.0000E+00  0.0000E+00
 1.5618E+02  0.0000E+00  0.0000E+00  0.0000E+00  0.0000E+00  0.0000E+00
 1.5738E+02  0.0000E+00  0.0000E+00  0.0000E+00  0.0000E+00  0.0000E+00
 1.5858E+02  0.0000E+00  0.0000E+00  0.0000E+00  0.0000E+00  0.0000E+00
 1.5980E+02  0.0000E+00  0.0000E+00  0.0000E+00  0.0000E+00  0.0000E+00
 1.6102E+02  0.0000E+00  0.0000E+00  0.0000E+00  0.0000E+00  0.0000E+00
 1.6225E+02  0.0000E+00  0.0000E+00  0.0000E+00  0.0000E+00  0.0000E+00
 1.6349E+02  0.0000E+00  0.0000E+00  0.0000E+00  0.0000E+00  0.0000E+00
 1.6475E+02  0.0000E+00  0.0000E+00  0.0000E+00  0.0000E+00  0.0000E+00
 1.6601E+02  0.0000E+00  0.0000E+00  0.0000E+00  0.0000E+00  0.0000E+00
 1.6728E+02  0.0000E+00  0.0000E+00  0.0000E+00  0.0000E+00  0.0000E+00
 1.6856E+02  0.0000E+00  0.0000E+00  0.0000E+00  0.0000E+00  0.0000E+00
 1.6985E+02  0.0000E+00  0.0000E+00  0.0000E+00  0.0000E+00  0.0000E+00
 1.7115E+02  0.0000E+00  0.0000E+00  0.0000E+00  0.0000E+00  0.0000E+00
 1.7246E+02  0.0000E+00  0.0000E+00  0.0000E+00  0.0000E+00  0.0000E+00
 1.7378E+02  0.0000E+00  0.0000E+00  0.0000E+00  0.0000E+00  0.0000E+00
 1.7511E+02  0.0000E+00  0.0000E+00  0.0000E+00  0.0000E+00  0.0000E+00
 1.7646E+02  0.0000E+00  0.0000E+00  0.0000E+00  0.0000E+00  0.0000E+00
 1.7781E+02  0.0000E+00  0.0000E+00  0.0000E+00  0.0000E+00  0.0000E+00
 1.7917E+02  0.0000E+00  0.0000E+00  0.0000E+00  0.0000E+00  0.0000E+00
 1.8054E+02  0.0000E+00  0.0000E+00  0.0000E+00  0.0000E+00  0.0000E+00
 1.8192E+02  0.0000E+00  0.0000E+00  0.0000E+00  0.0000E+00  0.0000E+00
 1.8332E+02  0.0000E+00  0.0000E+00  0.0000E+00  0.0000E+00  0.0000E+00
 1.8472E+02  0.0000E+00  0.0000E+00  0.0000E+00  0.0000E+00  0.0000E+00
 1.8614E+02  0.0000E+00  0.0000E+00  0.0000E+00  0.0000E+00  0.0000E+00
 1.8756E+02  3.9328E-01  1.2547E+02  2.5434E-01  1.6177E+02  1.0000E+00
 1.8900E+02  3.9344E-01  1.2456E+02  2.5529E-01  1.6114E+02  1.0000E+00
 1.9045E+02  3.9359E-01  1.2366E+02  2.5624E-01  1.6052E+02  1.0000E+00
 1.9190E+02  3.9375E-01  1.2277E+02  2.5719E-01  1.5989E+02  1.0000E+00
 1.9337E+02  3.9390E-01  1.2189E+02  2.5815E-01  1.5927E+02  1.0000E+00
 1.9485E+02  3.9406E-01  1.2101E+02  2.5910E-01  1.5865E+02  1.0000E+00
 1.9635E+02  3.9421E-01  1.2013E+02  2.6005E-01  1.5802E+02  1.0000E+00
 1.9785E+02  3.9437E-01  1.1927E+02  2.6100E-01  1.5740E+02  1.0000E+00
 1.9937E+02  3.9453E-01  1.1841E+02  2.6196E-01  1.5678E+02  1.0000E+00
 2.0089E+02  3.9468E-01  1.1756E+02  2.6291E-01  1.5616E+02  1.0000E+00
 2.0243E+02  3.9484E-01  1.1671E+02  2.6386E-01  1.5553E+02  1.0000E+00
 2.0398E+02  3.9500E-01  1.1587E+02  2.6481E-01  1.5491E+02  1.0000E+00
 2.0554E+02  3.9517E-01  1.1504E+02  2.6577E-01  1.5429E+02  1.0000E+00
 2.0712E+02  3.9533E-01  1.1421E+02  2.6672E-01  1.5367E+02  1.0000E+00
 2.0870E+02  3.9549E-01  1.1339E+02  2.6767E-01  1.5305E+02  1.0000E+00
 2.1030E+02  3.9565E-01  1.1257E+02  2.6862E-01  1.5243E+02  1.0000E+00
 2.1191E+02  3.9582E-01  1.1176E+02  2.6958E-01  1.5181E+02  1.0000E+00
 2.1354E+02  3.9599E-01  1.1096E+02  2.7053E-01  1.5119E+02  1.0000E+00
 2.1517E+02  3.9615E-01  1.1016E+02  2.7148E-01  1.5058E+02  1.0000E+00
 2.1682E+02  3.9632E-01  1.0937E+02  2.7243E-01  1.4996E+02  1.0000E+00
 2.1848E+02  3.9649E-01  1.0859E+02  2.7339E-01  1.4934E+02  1.0000E+00
 2.2015E+02  3.9666E-01  1.0781E+02  2.7434E-01  1.4873E+02  1.0000E+00
 2.2184E+02  3.9683E-01  1.0703E+02  2.7529E-01  1.4811E+02  1.0000E+00
 2.2354E+02  3.9700E-01  1.0626E+02  2.7624E-01  1.4750E+02  1.0000E+00
 2.2525E+02  3.9717E-01  1.0550E+02  2.7720E-01  1.4689E+02  1.0000E+00
 2.2697E+02  3.9735E-01  1.0475E+02  2.7815E-01  1.4627E+02  1.0000E+00
 2.2871E+02  3.9752E-01  1.0400E+02  2.7910E-01  1.4566E+02  1.0000E+00
 2.3046E+02  3.9770E-01  1.0325E+02  2.8006E-01  1.4505E+02  1.0000E+00
 2.3223E+02  3.9787E-01  1.0251E+02  2.8101E-01  1.4444E+02  1.0000E+00
 2.3401E+02  3.9805E-01  1.0178E+02  2.8196E-01  1.4383E+02  1.0000E+00
 2.3580E+02  3.9823E-01  1.0105E+02  2.8291E-01  1.4322E+02  1.0000E+00
 2.3761E+02  3.9841E-01  1.0033E+02  2.8387E-01  1.4262E+02  1.0000E+00
 2.3942E+02  3.9859E-01  9.9609E+01  2.8482E-01  1.4201E+02  1.0000E+00
 2.4126E+02  3.9877E-01  9.8897E+01  2.8577E-01  1.4141E+02  1.0000E+00
 2.4311E+02  3.9896E-01  9.8191E+01  2.8673E-01  1.4080E+02  1.0000E+00
 2.4497E+02  3.9914E-01  9.7489E+01  2.8768E-01  1.4020E+02  1.0000E+00
 2.4684E+02  3.9933E-01  9.6793E+01  2.8863E-01  1.3960E+02  1.0000E+00
 2.4873E+02  3.9951E-01  9.6102E+01  2.8959E-01  1.3900E+02  1.0000E+00
 2.5064E+02  3.9970E-01  9.5416E+01  2.9054E-01  1.3840E+02  1.0000E+00
 2.5256E+02  3.9989E-01  9.4735E+01  2.9149E-01  1.3780E+02  1.0000E+00
 2.5449E+02  4.0008E-01  9.4059E+01  2.9244E-01  1.3720E+02  1.0000E+00
 2.5644E+02  4.0027E-01  9.3389E+01  2.9340E-01  1.3660E+02  1.0000E+00
 2.5841E+02  4.0046E-01  9.2723E+01  2.9435E-01  1.3601E+02  1.0000E+00
 2.6038E+02  4.0065E-01  9.2062E+01  2.9530E-01  1.3541E+02  1.0000E+00
 2.6238E+02  4.0084E-01  9.1407E+01  2.9626E-01  1.3482E+02  1.0000E+00
 2.6439E+02  4.0104E-01  9.0756E+01  2.9721E-01  1.3423E+02  1.0000E+00
 2.6641E+02  4.0123E-01  9.0110E+01  2.9816E-01  1.3364E+02  1.0000E+00
 2.6845E+02  4.0143E-01  8.9469E+01  2.9912E-01  1.3305E+02  1.0000E+00
 2.7051E+02  4.0163E-01  8.8832E+01  3.0007E-01  1.3246E+02  1.0000E+00
 2.7258E+02  4.0183E-01  8.8201E+01  3.0102E-01  1.3187E+02  1.0000E+00
 2.7467E+02  4.0203E-01  8.7574E+01  3.0198E-01  1.3129E+02  1.0000E+00
 2.7677E+02  4.0223E-01  8.6952E+01  3.0293E-01  1.3070E+02  1.0000E+00
 2.7889E+02  4.0243E-01  8.6334E+01  3.0388E-01  1.3012E+02  1.0000E+00
 2.8103E+02  4.0264E-01  8.5721E+01  3.0484E-01  1.2954E+02  1.0000E+00
 2.8318E+02  4.0284E-01  8.5113E+01  3.0579E-01  1.2896E+02  1.0000E+00
 2.8535E+02  4.0305E-01  8.4509E+01  3.0674E-01  1.2838E+02  1.0000E+00
 2.8753E+02  4.0325E-01  8.3910E+01  3.0770E-01  1.2780E+02  1.0000E+00
 2.8974E+02  4.0346E-01  8.3315E+01  3.0865E-01  1.2723E+02  1.0000E+00
 2.9195E+02  4.0367E-01  8.2724E+01  3.0961E-01  1.2665E+02  1.0000E+00
 2.9419E+02  4.0388E-01  8.2138E+01  3.1056E-01  1.2608E+02  1.0000E+00
 2.9644E+02  4.0410E-01  8.1556E+01  3.1151E-01  1.2551E+02  1.0000E+00
 2.9871E+02  4.0431E-01  8.0979E+01  3.1247E-01  1.2494E+02  1.0000E+00
 3.0100E+02  4.0452E-01  8.0406E+01  3.1342E-01  1.2437E+02  1.0000E+00
 3.0331E+02  4.0474E-01  7.9837E+01  3.1437E-01  1.2380E+02  1.0000E+00
 3.0563E+02  4.0495E-01  7.9273E+01  3.1533E-01  1.2323E+02  1.0000E+00
 3.0797E+02  4.0517E-01  7.8712E+01  3.1628E-01  1.2267E+02  1.0000E+00
 3.1033E+02  4.0539E-01  7.8156E+01  3.1724E-01  1.2210E+02  1.0000E+00
 3.1271E+02  4.0561E-01  7.7604E+01  3.1819E-01  1.2154E+02  1.0000E+00
 3.1510E+02  4.0583E-01  7.7056E+01  3.1914E-01  1.2098E+02  1.0000E+00
 3.1751E+02  4.0606E-01  7.6512E+01  3.2010E-01  1.2042E+02  1.0000E+00
 3.1994E+02  4.0628E-01  7.5972E+01  3.2105E-01  1.1987E+02  1.0000E+00
 3.2240E+02  4.0650E-01  7.5437E+01  3.2201E-01  1.1931E+02  1.0000E+00
 3.2486E+02  4.0673E-01  7.4905E+01  3.2296E-01  1.1876E+02  1.0000E+00
 3.2735E+02  4.0696E-01  7.4377E+01  3.2391E-01  1.1820E+02  1.0000E+00
 3.2986E+02  4.0719E-01  7.3853E+01  3.2487E-01  1.1765E+02  1.0000E+00
 3.3239E+02  4.0742E-01  7.3333E+01  3.2582E-01  1.1710E+02  1.0000E+00
 3.3493E+02  4.0765E-01  7.2817E+01  3.2678E-01  1.1655E+02  1.0000E+00
 3.3750E+02  4.0788E-01  7.2304E+01  3.2773E-01  1.1601E+02  1.0000E+00
 3.4008E+02  4.0811E-01  7.1796E+01  3.2869E-01  1.1546E+02  1.0000E+00
 3.4268E+02  4.0835E-01  7.1291E+01  3.2964E-01  1.1492E+02  1.0000E+00
 3.4531E+02  4.0859E-01  7.0790E+01  3.3059E-01  1.1438E+02  1.0000E+00
 3.4795E+02  4.0882E-01  7.0293E+01  3.3155E-01  1.1384E+02  1.0000E+00
 3.5062E+02  4.0906E-01  6.9799E+01  3.3250E-01  1.1330E+02  1.0000E+00
 3.5330E+02  4.0930E-01  6.9309E+01  3.3346E-01  1.1276E+02  1.0000E+00
 3.5601E+02  4.0955E-01  6.8823E+01  3.3441E-01  1.1223E+02  1.0000E+00
 3.5874E+02  4.0979E-01  6.8340E+01  3.3537E-01  1.1169E+02  1.0000E+00
 3.6148E+02  4.1003E-01  6.7861E+01  3.3632E-01  1.1116E+02  1.0000E+00
 3.6425E+02  4.1028E-01  6.7385E+01  3.3728E-01  1.1063E+02  1.0000E+00
 3.6704E+02  4.1053E-01  6.6913E+01  3.3823E-01  1.1010E+02  1.0000E+00
 3.6985E+02  4.1078E-01  6.6445E+01  3.3919E-01  1.0958E+02  1.0000E+00
 3.7268E+02  4.1103E-01  6.5980E+01  3.4014E-01  1.0905E+02  1.0000E+00
 3.7554E+02  4.1128E-01  6.5519E+01  3.4110E-01  1.0853E+02  1.0000E+00
 3.7841E+02  4.1154E-01  6.5061E+01  3.4205E-01  1.0800E+02  1.0000E+00
 3.8131E+02  4.1179E-01  6.4607E+01  3.4300E-01  1.0748E+02  1.0000E+00
 3.8423E+02  4.1205E-01  6.4156E+01  3.4396E-01  1.0697E+02  1.0000E+00
 3.8718E+02  4.1231E-01  6.3708E+01  3.4491E-01  1.0645E+02  1.0000E+00
 3.9014E+02  4.1257E-01  6.3264E+01  3.4587E-01  1.0593E+02  1.0000E+00
 3.9313E+02  4.1283E-01  6.2823E+01  3.4683E-01  1.0542E+02  1.0000E+00
 3.9614E+02  4.1310E-01  6.2385E+01  3.4778E-01  1.0491E+02  1.0000E+00
 3.9917E+02  4.1337E-01  6.1951E+01  3.4874E-01  1.0440E+02  1.0000E+00
 4.0223E+02  4.1364E-01  6.1520E+01  3.4969E-01  1.0389E+02  1.0000E+00
 4.0531E+02  4.1391E-01  6.1092E+01  3.5065E-01  1.0338E+02  1.0000E+00
 4.0841E+02  4.1418E-01  6.0667E+01  3.5160E-01  1.0288E+02  1.0000E+00
 4.1154E+02  4.1445E-01  6.0246E+01  3.5256E-01  1.0237E+02  1.0000E+00
 4.1469E+02  4.1473E-01  5.9828E+01  3.5351E-01  1.0187E+02  1.0000E+00
 4.1787E+02  4.1500E-01  5.9412E+01  3.5447E-01  1.0137E+02  1.0000E+00
 4.2107E+02  4.1528E-01  5.9000E+01  3.5542E-01  1.0087E+02  1.0000E+00
 4.2429E+02  4.1556E-01  5.8591E+01  3.5638E-01  1.0038E+02  1.0000E+00
 4.2754E+02  4.1585E-01  5.8185E+01  3.5733E-01  9.9884E+01  1.0000E+00
 4.3082E+02  4.1613E-01  5.7782E+01  3.5829E-01  9.9391E+01  1.0000E+00
 4.3412E+02  4.1642E-01  5.7382E+01  3.5925E-01  9.8899E+01  1.0000E+00
 4.3744E+02  4.1670E-01  5.6986E+01  3.6020E-01  9.8410E+01  1.0000E+00
 4.4079E+02  4.1699E-01  5.6592E+01  3.6116E-01  9.7922E+01  1.0000E+00
 4.4417E+02  4.1729E-01  5.6201E+01  3.6211E-01  9.7436E+01  1.0000E+00
 4.4757E+02  4.1758E-01  5.5812E+01  3.6307E-01  9.6952E+01  1.0000E+00
 4.5100E+02  4.1787E-01  5.5427E+01  3.6403E-01  9.6469E+01  1.0000E+00
 4.5445E+02  4.1817E-01  5.5045E+01  3.6498E-01  9.5989E+01  1.0000E+00
 4.5793E+02  4.1847E-01  5.4665E+01  3.6594E-01  9.5510E+01  1.0000E+00
 4.6144E+02  4.1877E-01  5.4289E+01  3.6689E-01  9.5032E+01  1.0000E+00
 4.6497E+02  4.1907E-01  5.3915E+01  3.6785E-01  9.4557E+01  1.0000E+00
 4.6853E+02  4.1938E-01  5.3544E+01  3.6881E-01  9.4083E+01  1.0000E+00
 4.7212E+02  4.1968E-01  5.3175E+01  3.6976E-01  9.3611E+01  1.0000E+00
 4.7574E+02  4.1999E-01  5.2809E+01  3.7072E-01  9.3141E+01  1.0000E+00
 4.7938E+02  4.2030E-01  5.2447E+01  3.7167E-01  9.2672E+01  1.0000E+00
 4.8305E+02  4.2061E-01  5.2086E+01  3.7263E-01  9.2205E+01  1.0000E+00
 4.8675E+02  4.2092E-01  5.1729E+01  3.7359E-01  9.1740E+01  1.0000E+00
 4.9048E+02  4.2124E-01  5.1374E+01  3.7454E-01  9.1277E+01  1.0000E+00
 4.9424E+02  4.2156E-01  5.1022E+01  3.7550E-01  9.0816E+01  1.0000E+00
 4.9802E+02  4.2187E-01  5.0672E+01  3.7646E-01  9.0356E+01  1.0000E+00
 5.0183E+02  4.2219E-01  5.0325E+01  3.7741E-01  8.9898E+01  1.0000E+00
 5.0568E+02  4.2252E-01  4.9980E+01  3.7837E-01  8.9442E+01  1.0000E+00
 5.0955E+02  4.2284E-01  4.9638E+01  3.7933E-01  8.8987E+01  1.0000E+00
 5.1345E+02  4.2317E-01  4.9299E+01  3.8029E-01  8.8534E+01  1.0000E+00
 5.1738E+02  4.2349E-01  4.8962E+01  3.8124E-01  8.8083E+01  1.0000E+00
 5.2135E+02  4.2382E-01  4.8627E+01  3.8220E-01  8.7634E+01  1.0000E+00
 5.2534E+02  4.2416E-01  4.8295E+01  3.8316E-01  8.7187E+01  1.0000E+00
 5.2936E+02  4.2449E-01  4.7966E+01  3.8411E-01  8.6741E+01  1.0000E+00
 5.3342E+02  4.2482E-01  4.7639E+01  3.8507E-01  8.6297E+01  1.0000E+00
 5.3750E+02  4.2516E-01  4.7314E+01  3.8603E-01  8.5855E+01  1.0000E+00
 5.4162E+02  4.2550E-01  4.6991E+01  3.8699E-01  8.5414E+01  1.0000E+00
 5.4577E+02  4.2584E-01  4.6672E+01  3.8794E-01  8.4976E+01  1.0000E+00
 5.4995E+02  4.2618E-01  4.6354E+01  3.8890E-01  8.4539E+01  1.0000E+00
 5.5416E+02  4.2653E-01  4.6039E+01  3.8986E-01  8.4104E+01  1.0000E+00
 5.5840E+02  4.2688E-01  4.5726E+01  3.9082E-01  8.3670E+01  1.0000E+00
 5.6268E+02  4.2722E-01  4.5415E+01  3.9177E-01  8.3238E+01  1.0000E+00
 5.6699E+02  4.2757E-01  4.5107E+01  3.9273E-01  8.2808E+01  1.0000E+00
 5.7133E+02  4.2793E-01  4.4801E+01  3.9369E-01  8.2380E+01  1.0000E+00
 5.7571E+02  4.2828E-01  4.4497E+01  3.9465E-01  8.1954E+01  1.0000E+00
 5.8011E+02  4.2864E-01  4.4195E+01  3.9561E-01  8.1529E+01  1.0000E+00
 5.8456E+02  4.2900E-01  4.3896E+01  3.9656E-01  8.1106E+01  1.0000E+00
 5.8903E+02  4.2936E-01  4.3598E+01  3.9752E-01  8.0684E+01  1.0000E+00
 5.9354E+02  4.2972E-01  4.3303E+01  3.9848E-01  8.0265E+01  1.0000E+00
 5.9809E+02  4.3008E-01  4.3010E+01  3.9944E-01  7.9847E+01  1.0000E+00
 6.0267E+02  4.3045E-01  4.2720E+01  4.0040E-01  7.9431E+01  1.0000E+00
 6.0729E+02  4.3082E-01  4.2431E+01  4.0136E-01  7.9017E+01  1.0000E+00
 6.1194E+02  4.3119E-01  4.2144E+01  4.0231E-01  7.8604E+01  1.0000E+00
 6.1662E+02  4.3156E-01  4.1860E+01  4.0327E-01  7.8193E+01  1.0000E+00
 6.2135E+02  4.3193E-01  4.1578E+01  4.0423E-01  7.7784E+01  1.0000E+00
 6.2610E+02  4.3231E-01  4.1297E+01  4.0519E-01  7.7376E+01  1.0000E+00
 6.3090E+02  4.3269E-01  4.1019E+01  4.0615E-01  7.6971E+01  1.0000E+00
 6.3573E+02  4.3306E-01  4.0743E+01  4.0711E-01  7.6566E+01  1.0000E+00
 6.4060E+02  4.3345E-01  4.0469E+01  4.0807E-01  7.6164E+01  1.0000E+00
 6.4551E+02  4.3383E-01  4.0197E+01  4.0903E-01  7.5763E+01  1.0000E+00
 6.5045E+02  4.3422E-01  3.9926E+01  4.0999E-01  7.5364E+01  1.0000E+00
 6.5543E+02  4.3460E-01  3.9658E+01  4.1094E-01  7.4967E+01  1.0000E+00
 6.6045E+02  4.3499E-01  3.9392E+01  4.1190E-01  7.4572E+01  1.0000E+00
 6.6551E+02  4.3539E-01  3.9127E+01  4.1286E-01  7.4178E+01  1.0000E+00
 6.7060E+02  4.3578E-01  3.8865E+01  4.1382E-01  7.3786E+01  1.0000E+00
 6.7574E+02  4.3618E-01  3.8604E+01  4.1478E-01  7.3395E+01  1.0000E+00
 6.8092E+02  4.3657E-01  3.8346E+01  4.1574E-01  7.3006E+01  1.0000E+00
 6.8613E+02  4.3697E-01  3.8089E+01  4.1670E-01  7.2619E+01  1.0000E+00
 6.9138E+02  4.3738E-01  3.7834E+01  4.1766E-01  7.2234E+01  1.0000E+00
 6.9668E+02  4.3778E-01  3.7581E+01  4.1862E-01  7.1850E+01  1.0000E+00
 7.0201E+02  4.3819E-01  3.7330E+01  4.1958E-01  7.1468E+01  1.0000E+00
 7.0739E+02  4.3859E-01  3.7080E+01  4.2054E-01  7.1088E+01  1.0000E+00
 7.1281E+02  4.3901E-01  3.6833E+01  4.2150E-01  7.0709E+01  1.0000E+00
 7.1827E+02  4.3942E-01  3.6587E+01  4.2246E-01  7.0332E+01  1.0000E+00
 7.2377E+02  4.3984E-01  3.6343E+01  4.2342E-01  6.9957E+01  1.0000E+00
 7.2931E+02  4.4025E-01  3.6101E+01  4.2438E-01  6.9583E+01  1.0000E+00
 7.3490E+02  4.4068E-01  3.5861E+01  4.2534E-01  6.9211E+01  1.0000E+00
 7.4052E+02  4.4110E-01  3.5623E+01  4.2631E-01  6.8840E+01  1.0000E+00
 7.4620E+02  4.4153E-01  3.5386E+01  4.2727E-01  6.8471E+01  1.0000E+00
 7.5191E+02  4.4196E-01  3.5151E+01  4.2823E-01  6.8104E+01  1.0000E+00
 7.5767E+02  4.4239E-01  3.4918E+01  4.2919E-01  6.7739E+01  1.0000E+00
 7.6347E+02  4.4282E-01  3.4686E+01  4.3015E-01  6.7375E+01  1.0000E+00
 7.6932E+02  4.4326E-01  3.4456E+01  4.3111E-01  6.7013E+01  1.0000E+00
 7.7521E+02  4.4370E-01  3.4228E+01  4.3207E-01  6.6652E+01  1.0000E+00
 7.8115E+02  4.4414E-01  3.4002E+01  4.3303E-01  6.6293E+01  1.0000E+00
 7.8713E+02  4.4459E-01  3.3777E+01  4.3400E-01  6.5936E+01  1.0000E+00
 7.9316E+02  4.4503E-01  3.3554E+01  4.3496E-01  6.5580E+01  1.0000E+00
 7.9923E+02  4.4548E-01  3.3332E+01  4.3592E-01  6.5226E+01  1.0000E+00
 8.0535E+02  4.4594E-01  3.3112E+01  4.3688E-01  6.4873E+01  1.0000E+00
 8.1152E+02  4.4639E-01  3.2894E+01  4.3784E-01  6.4523E+01  1.0000E+00
 8.1774E+02  4.4685E-01  3.2677E+01  4.3880E-01  6.4173E+01  1.0000E+00
 8.2400E+02  4.4731E-01  3.2462E+01  4.3977E-01  6.3826E+01  1.0000E+00
 8.3031E+02  4.4777E-01  3.2249E+01  4.4073E-01  6.3479E+01  1.0000E+00
 8.3667E+02  4.4824E-01  3.2037E+01  4.4169E-01  6.3135E+01  1.0000E+00
 8.4307E+02  4.4871E-01  3.1826E+01  4.4265E-01  6.2792E+01  1.0000E+00
 8.4953E+02  4.4918E-01  3.1617E+01  4.4362E-01  6.2451E+01  1.0000E+00
 8.5604E+02  4.4966E-01  3.1410E+01  4.4458E-01  6.2111E+01  1.0000E+00
 8.6259E+02  4.5013E-01  3.1204E+01  4.4554E-01  6.1773E+01  1.0000E+00
 8.6920E+02  4.5061E-01  3.1000E+01  4.4651E-01  6.1436E+01  1.0000E+00
 8.7586E+02  4.5110E-01  3.0797E+01  4.4747E-01  6.1101E+01  1.0000E+00
 8.8256E+02  4.5158E-01  3.0596E+01  4.4843E-01  6.0767E+01  1.0000E+00
 8.8932E+02  4.5207E-01  3.0396E+01  4.4940E-01  6.0435E+01  1.0000E+00
 8.9613E+02  4.5256E-01  3.0197E+01  4.5036E-01  6.0105E+01  1.0000E+00
 9.0300E+02  4.5305E-01  3.0000E+01  4.5132E-01  5.9776E+01  1.0000E+00
 9.0991E+02  4.5355E-01  2.9805E+01  4.5229E-01  5.9449E+01  1.0000E+00
 9.1688E+02  4.5405E-01  2.9610E+01  4.5325E-01  5.9123E+01  1.0000E+00
 9.2390E+02  4.5455E-01  2.9418E+01  4.5421E-01  5.8799E+01  1.0000E+00
 9.3098E+02  4.5506E-01  2.9226E+01  4.5518E-01  5.8476E+01  1.0000E+00
 9.3811E+02  4.5556E-01  2.9036E+01  4.5614E-01  5.8155E+01  1.0000E+00
 9.4529E+02  4.5607E-01  2.8848E+01  4.5711E-01  5.7835E+01  1.0000E+00
 9.5253E+02  4.5659E-01  2.8661E+01  4.5807E-01  5.7517E+01  1.0000E+00
 9.5983E+02  4.5710E-01  2.8475E+01  4.5904E-01  5.7200E+01  1.0000E+00
 9.6718E+02  4.5762E-01  2.8290E+01  4.6000E-01  5.6885E+01  1.0000E+00
 9.7458E+02  4.5815E-01  2.8107E+01  4.6097E-01  5.6572E+01  1.0000E+00
 9.8205E+02  4.5867E-01  2.7925E+01  4.6193E-01  5.6259E+01  1.0000E+00
 9.8957E+02  4.5920E-01  2.7745E+01  4.6290E-01  5.5949E+01  1.0000E+00
 9.9715E+02  4.5973E-01  2.7565E+01  4.6386E-01  5.5640E+01  1.0000E+00
 1.0048E+03  4.6026E-01  2.7387E+01  4.6483E-01  5.5332E+01  1.0000E+00
 1.0125E+03  4.6080E-01  2.7211E+01  4.6579E-01  5.5026E+01  1.0000E+00
 1.0202E+03  4.6134E-01  2.7035E+01  4.6676E-01  5.4721E+01  1.0000E+00
 1.0280E+03  4.6188E-01  2.6861E+01  4.6772E-01  5.4418E+01  1.0000E+00
 1.0359E+03  4.6243E-01  2.6688E+01  4.6869E-01  5.4116E+01  1.0000E+00
 1.0439E+03  4.6297E-01  2.6517E+01  4.6966E-01  5.3816E+01  1.0000E+00
 1.0518E+03  4.6353E-01  2.6346E+01  4.7062E-01  5.3517E+01  1.0000E+00
 1.0599E+03  4.6408E-01  2.6177E+01  4.7159E-01  5.3219E+01  1.0000E+00
 1.0680E+03  4.6464E-01  2.6009E+01  4.7256E-01  5.2923E+01  1.0000E+00
 1.0762E+03  4.6520E-01  2.5842E+01  4.7352E-01  5.2629E+01  1.0000E+00
 1.0844E+03  4.6576E-01  2.5677E+01  4.7449E-01  5.2336E+01  1.0000E+00
 1.0927E+03  4.6633E-01  2.5512E+01  4.7546E-01  5.2044E+01  1.0000E+00
 1.1011E+03  4.6690E-01  2.5349E+01  4.7642E-01  5.1754E+01  1.0000E+00
 1.1095E+03  4.6747E-01  2.5187E+01  4.7739E-01  5.1465E+01  1.0000E+00
 1.1180E+03  4.6805E-01  2.5026E+01  4.7836E-01  5.1178E+01  1.0000E+00
 1.1266E+03  4.6862E-01  2.4867E+01  4.7933E-01  5.0892E+01  1.0000E+00
 1.1352E+03  4.6921E-01  2.4708E+01  4.8029E-01  5.0607E+01  1.0000E+00
 1.1439E+03  4.6979E-01  2.4551E+01  4.8126E-01  5.0324E+01  1.0000E+00
 1.1527E+03  4.7038E-01  2.4394E+01  4.8223E-01  5.0042E+01  1.0000E+00
 1.1615E+03  4.7097E-01  2.4239E+01  4.8320E-01  4.9762E+01  1.0000E+00
 1.1704E+03  4.7156E-01  2.4085E+01  4.8417E-01  4.9483E+01  1.0000E+00
 1.1794E+03  4.7216E-01  2.3932E+01  4.8514E-01  4.9205E+01  1.0000E+00
 1.1884E+03  4.7276E-01  2.3780E+01  4.8611E-01  4.8929E+01  1.0000E+00
 1.1975E+03  4.7336E-01  2.3629E+01  4.8708E-01  4.8654E+01  1.0000E+00
 1.2067E+03  4.7397E-01  2.3480E+01  4.8804E-01  4.8380E+01  1.0000E+00
 1.2159E+03  4.7458E-01  2.3331E+01  4.8901E-01  4.8108E+01  1.0000E+00
 1.2252E+03  4.7519E-01  2.3183E+01  4.8998E-01  4.7837E+01  1.0000E+00
 1.2346E+03  4.7581E-01  2.3037E+01  4.9095E-01  4.7568E+01  1.0000E+00
 1.2441E+03  4.7643E-01  2.2891E+01  4.9192E-01  4.7300E+01  1.0000E+00
 1.2536E+03  4.7705E-01  2.2747E+01  4.9289E-01  4.7033E+01  1.0000E+00
 1.2632E+03  4.7768E-01  2.2603E+01  4.9386E-01  4.6768E+01  1.0000E+00
 1.2729E+03  4.7831E-01  2.2461E+01  4.9483E-01  4.6504E+01  1.0000E+00
 1.2826E+03  4.7894E-01  2.2319E+01  4.9581E-01  4.6241E+01  1.0000E+00
 1.2924E+03  4.7958E-01  2.2179E+01  4.9678E-01  4.5980E+01  1.0000E+00
 1.3023E+03  4.8022E-01  2.2040E+01  4.9775E-01  4.5720E+01  1.0000E+00
 1.3123E+03  4.8086E-01  2.1901E+01  4.9872E-01  4.5461E+01  1.0000E+00
 1.3224E+03  4.8150E-01  2.1764E+01  4.9969E-01  4.5203E+01  1.0000E+00
 1.3325E+03  4.8215E-01  2.1627E+01  5.0066E-01  4.4947E+01  1.0000E+00
 1.3427E+03  4.8281E-01  2.1492E+01  5.0163E-01  4.4692E+01  1.0000E+00
 1.3530E+03  4.8346E-01  2.1357E+01  5.0261E-01  4.4439E+01  1.0000E+00
 1.3633E+03  4.8412E-01  2.1223E+01  5.0358E-01  4.4187E+01  1.0000E+00
 1.3738E+03  4.8478E-01  2.1091E+01  5.0455E-01  4.3936E+01  1.0000E+00
 1.3843E+03  4.8545E-01  2.0959E+01  5.0552E-01  4.3686E+01  1.0000E+00
 1.3949E+03  4.8612E-01  2.0828E+01  5.0650E-01  4.3437E+01  1.0000E+00
 1.4056E+03  4.8679E-01  2.0698E+01  5.0747E-01  4.3190E+01  1.0000E+00
 1.4164E+03  4.8747E-01  2.0569E+01  5.0844E-01  4.2944E+01  1.0000E+00
 1.4272E+03  4.8815E-01  2.0441E+01  5.0942E-01  4.2700E+01  1.0000E+00
 1.4381E+03  4.8883E-01  2.0314E+01  5.1039E-01  4.2456E+01  1.0000E+00
 1.4491E+03  4.8951E-01  2.0187E+01  5.1136E-01  4.2214E+01  1.0000E+00
 1.4602E+03  4.9020E-01  2.0062E+01  5.1234E-01  4.1973E+01  1.0000E+00
 1.4714E+03  4.9089E-01  1.9937E+01  5.1331E-01  4.1734E+01  1.0000E+00
 1.4827E+03  4.9159E-01  1.9814E+01  5.1429E-01  4.1495E+01  1.0000E+00
 1.4940E+03  4.9229E-01  1.9691E+01  5.1526E-01  4.1258E+01  1.0000E+00
 1.5055E+03  4.9299E-01  1.9569E+01  5.1624E-01  4.1022E+01  1.0000E+00
 1.5170E+03  4.9369E-01  1.9448E+01  5.1721E-01  4.0787E+01  1.0000E+00
 1.5286E+03  4.9440E-01  1.9327E+01  5.1819E-01  4.0554E+01  1.0000E+00
 1.5403E+03  4.9511E-01  1.9208E+01  5.1916E-01  4.0322E+01  1.0000E+00
 1.5521E+03  4.9583E-01  1.9089E+01  5.2014E-01  4.0091E+01  1.0000E+00
 1.5640E+03  4.9654E-01  1.8971E+01  5.2112E-01  3.9861E+01  1.0000E+00
 1.5760E+03  4.9726E-01  1.8854E+01  5.2209E-01  3.9632E+01  1.0000E+00
 1.5881E+03  4.9799E-01  1.8738E+01  5.2307E-01  3.9404E+01  1.0000E+00
 1.6002E+03  4.9872E-01  1.8622E+01  5.2405E-01  3.9178E+01  1.0000E+00
 1.6125E+03  4.9945E-01  1.8508E+01  5.2502E-01  3.8953E+01  1.0000E+00
 1.6248E+03  5.0018E-01  1.8394E+01  5.2600E-01  3.8729E+01  1.0000E+00
 1.6373E+03  5.0092E-01  1.8281E+01  5.2698E-01  3.8506E+01  1.0000E+00
 1.6498E+03  5.0166E-01  1.8168E+01  5.2796E-01  3.8285E+01  1.0000E+00
 1.6625E+03  5.0240E-01  1.8057E+01  5.2894E-01  3.8064E+01  1.0000E+00
 1.6752E+03  5.0315E-01  1.7946E+01  5.2992E-01  3.7845E+01  1.0000E+00
 1.6880E+03  5.0390E-01  1.7836E+01  5.3089E-01  3.7627E+01  1.0000E+00
 1.7009E+03  5.0466E-01  1.7727E+01  5.3187E-01  3.7410E+01  1.0000E+00
 1.7140E+03  5.0541E-01  1.7618E+01  5.3285E-01  3.7194E+01  1.0000E+00
 1.7271E+03  5.0617E-01  1.7510E+01  5.3383E-01  3.6979E+01  1.0000E+00
 1.7403E+03  5.0694E-01  1.7403E+01  5.3481E-01  3.6766E+01  1.0000E+00
 1.7537E+03  5.0770E-01  1.7297E+01  5.3579E-01  3.6553E+01  1.0000E+00
 1.7671E+03  5.0847E-01  1.7191E+01  5.3677E-01  3.6342E+01  1.0000E+00
 1.7806E+03  5.0925E-01  1.7086E+01  5.3775E-01  3.6132E+01  1.0000E+00
 1.7943E+03  5.1002E-01  1.6982E+01  5.3873E-01  3.5923E+01  1.0000E+00
 1.8080E+03  5.1081E-01  1.6878E+01  5.3972E-01  3.5715E+01  1.0000E+00
 1.8218E+03  5.1159E-01  1.6776E+01  5.4070E-01  3.5508E+01  1.0000E+00
 1.8358E+03  5.1238E-01  1.6674E+01  5.4168E-01  3.5302E+01  1.0000E+00
 1.8499E+03  5.1317E-01  1.6572E+01  5.4266E-01  3.5097E+01  1.0000E+00
 1.8640E+03  5.1396E-01  1.6471E+01  5.4364E-01  3.4894E+01  1.0000E+00
 1.8783E+03  5.1476E-01  1.6371E+01  5.4463E-01  3.4691E+01  1.0000E+00
 1.8927E+03  5.1556E-01  1.6272E+01  5.4561E-01  3.4490E+01  1.0000E+00
 1.9072E+03  5.1636E-01  1.6173E+01  5.4659E-01  3.4289E+01  1.0000E+00
 1.9218E+03  5.1717E-01  1.6075E+01  5.4758E-01  3.4090E+01  1.0000E+00
 1.9365E+03  5.1798E-01  1.5978E+01  5.4856E-01  3.3892E+01  1.0000E+00
 1.9513E+03  5.1879E-01  1.5881E+01  5.4954E-01  3.3695E+01  1.0000E+00
 1.9663E+03  5.1961E-01  1.5785E+01  5.5053E-01  3.3499E+01  1.0000E+00
 1.9813E+03  5.2043E-01  1.5689E+01  5.5151E-01  3.3304E+01  1.0000E+00
 1.9965E+03  5.2125E-01  1.5595E+01  5.5250E-01  3.3110E+01  1.0000E+00
 2.0118E+03  5.2208E-01  1.5500E+01  5.5349E-01  3.2917E+01  1.0000E+00
 2.0272E+03  5.2291E-01  1.5407E+01  5.5447E-01  3.2725E+01  1.0000E+00
 2.0427E+03  5.2374E-01  1.5314E+01  5.5546E-01  3.2534E+01  1.0000E+00
 2.0584E+03  5.2458E-01  1.5221E+01  5.5644E-01  3.2344E+01  1.0000E+00
 2.0741E+03  5.2542E-01  1.5130E+01  5.5743E-01  3.2155E+01  1.0000E+00
 2.0900E+03  5.2626E-01  1.5039E+01  5.5842E-01  3.1967E+01  1.0000E+00
 2.1060E+03  5.2711E-01  1.4948E+01  5.5941E-01  3.1781E+01  1.0000E+00
 2.1222E+03  5.2796E-01  1.4858E+01  5.6039E-01  3.1595E+01  1.0000E+00
 2.1384E+03  5.2882E-01  1.4769E+01  5.6138E-01  3.1410E+01  1.0000E+00
 2.1548E+03  5.2967E-01  1.4680E+01  5.6237E-01  3.1226E+01  1.0000E+00
 2.1713E+03  5.3053E-01  1.4592E+01  5.6336E-01  3.1044E+01  1.0000E+00
 2.1879E+03  5.3140E-01  1.4505E+01  5.6435E-01  3.0862E+01  1.0000E+00
 2.2047E+03  5.3226E-01  1.4418E+01  5.6534E-01  3.0681E+01  1.0000E+00
 2.2216E+03  5.3314E-01  1.4331E+01  5.6633E-01  3.0501E+01  1.0000E+00
 2.2386E+03  5.3401E-01  1.4245E+01  5.6732E-01  3.0323E+01  1.0000E+00
 2.2557E+03  5.3489E-01  1.4160E+01  5.6831E-01  3.0145E+01  1.0000E+00
 2.2730E+03  5.3577E-01  1.4075E+01  5.6930E-01  2.9968E+01  1.0000E+00
 2.2904E+03  5.3665E-01  1.3991E+01  5.7029E-01  2.9792E+01  1.0000E+00
 2.3079E+03  5.3754E-01  1.3908E+01  5.7128E-01  2.9617E+01  1.0000E+00
 2.3256E+03  5.3843E-01  1.3825E+01  5.7228E-01  2.9443E+01  1.0000E+00
 2.3434E+03  5.3933E-01  1.3742E+01  5.7327E-01  2.9270E+01  1.0000E+00
 2.3614E+03  5.4023E-01  1.3660E+01  5.7426E-01  2.9098E+01  1.0000E+00
 2.3794E+03  5.4113E-01  1.3579E+01  5.7526E-01  2.8927E+01  1.0000E+00
 2.3977E+03  5.4203E-01  1.3498E+01  5.7625E-01  2.8757E+01  1.0000E+00
 2.4160E+03  5.4294E-01  1.3417E+01  5.7724E-01  2.8587E+01  1.0000E+00
 2.4345E+03  5.4385E-01  1.3337E+01  5.7824E-01  2.8419E+01  1.0000E+00
 2.4532E+03  5.4477E-01  1.3258E+01  5.7923E-01  2.8252E+01  1.0000E+00
 2.4720E+03  5.4569E-01  1.3179E+01  5.8023E-01  2.8085E+01  1.0000E+00
 2.4909E+03  5.4661E-01  1.3101E+01  5.8123E-01  2.7920E+01  1.0000E+00
 2.5100E+03  5.4753E-01  1.3023E+01  5.8222E-01  2.7755E+01  1.0000E+00
 2.5292E+03  5.4846E-01  1.2946E+01  5.8322E-01  2.7591E+01  1.0000E+00
 2.5486E+03  5.4940E-01  1.2869E+01  5.8422E-01  2.7428E+01  1.0000E+00
 2.5681E+03  5.5033E-01  1.2793E+01  5.8521E-01  2.7266E+01  1.0000E+00
 2.5878E+03  5.5127E-01  1.2717E+01  5.8621E-01  2.7105E+01  1.0000E+00
 2.6076E+03  5.5221E-01  1.2642E+01  5.8721E-01  2.6945E+01  1.0000E+00
 2.6275E+03  5.5316E-01  1.2567E+01  5.8821E-01  2.6786E+01  1.0000E+00
 2.6477E+03  5.5411E-01  1.2493E+01  5.8921E-01  2.6628E+01  1.0000E+00
 2.6679E+03  5.5506E-01  1.2419E+01  5.9021E-01  2.6470E+01  1.0000E+00
 2.6884E+03  5.5602E-01  1.2345E+01  5.9121E-01  2.6314E+01  1.0000E+00
 2.7090E+03  5.5697E-01  1.2272E+01  5.9221E-01  2.6158E+01  1.0000E+00
 2.7297E+03  5.5793E-01  1.2200E+01  5.9321E-01  2.6003E+01  1.0000E+00
 2.7506E+03  5.5890E-01  1.2128E+01  5.9421E-01  2.5849E+01  1.0000E+00
 2.7717E+03  5.5987E-01  1.2056E+01  5.9521E-01  2.5696E+01  1.0000E+00
 2.7929E+03  5.6083E-01  1.1985E+01  5.9622E-01  2.5544E+01  1.0000E+00
 2.8143E+03  5.6181E-01  1.1914E+01  5.9722E-01  2.5392E+01  1.0000E+00
 2.8358E+03  5.6278E-01  1.1844E+01  5.9822E-01  2.5242E+01  1.0000E+00
 2.8576E+03  5.6376E-01  1.1774E+01  5.9923E-01  2.5092E+01  1.0000E+00
 2.8794E+03  5.6474E-01  1.1705E+01  6.0023E-01  2.4943E+01  1.0000E+00
 2.9015E+03  5.6573E-01  1.1636E+01  6.0124E-01  2.4795E+01  1.0000E+00
 2.9237E+03  5.6672E-01  1.1567E+01  6.0224E-01  2.4648E+01  1.0000E+00
 2.9461E+03  5.6771E-01  1.1499E+01  6.0325E-01  2.4501E+01  1.0000E+00
 2.9687E+03  5.6870E-01  1.1432E+01  6.0425E-01  2.4356E+01  1.0000E+00
 2.9914E+03  5.6970E-01  1.1364E+01  6.0526E-01  2.4211E+01  1.0000E+00
 3.0143E+03  5.7070E-01  1.1298E+01  6.0627E-01  2.4067E+01  1.0000E+00
 3.0374E+03  5.7170E-01  1.1231E+01  6.0728E-01  2.3924E+01  1.0000E+00
 3.0607E+03  5.7271E-01  1.1165E+01  6.0829E-01  2.3781E+01  1.0000E+00
 3.0841E+03  5.7372E-01  1.1100E+01  6.0930E-01  2.3640E+01  1.0000E+00
 3.1077E+03  5.7473E-01  1.1034E+01  6.1030E-01  2.3499E+01  1.0000E+00
 3.1315E+03  5.7575E-01  1.0970E+01  6.1132E-01  2.3359E+01  1.0000E+00
 3.1555E+03  5.7677E-01  1.0905E+01  6.1233E-01  2.3220E+01  1.0000E+00
 3.1797E+03  5.7779E-01  1.0841E+01  6.1334E-01  2.3082E+01  1.0000E+00
 3.2040E+03  5.7882E-01  1.0778E+01  6.1435E-01  2.2944E+01  1.0000E+00
 3.2286E+03  5.7984E-01  1.0715E+01  6.1536E-01  2.2807E+01  1.0000E+00
 3.2533E+03  5.8088E-01  1.0652E+01  6.1637E-01  2.2671E+01  1.0000E+00
 3.2782E+03  5.8191E-01  1.0589E+01  6.1739E-01  2.2536E+01  1.0000E+00
 3.3033E+03  5.8295E-01  1.0527E+01  6.1840E-01  2.2401E+01  1.0000E+00
 3.3286E+03  5.8399E-01  1.0466E+01  6.1942E-01  2.2268E+01  1.0000E+00
 3.3541E+03  5.8503E-01  1.0405E+01  6.2043E-01  2.2135E+01  1.0000E+00
 3.3798E+03  5.8608E-01  1.0344E+01  6.2145E-01  2.2002E+01  1.0000E+00
 3.4057E+03  5.8713E-01  1.0283E+01  6.2247E-01  2.1871E+01  1.0000E+00
 3.4317E+03  5.8819E-01  1.0223E+01  6.2348E-01  2.1740E+01  1.0000E+00
 3.4580E+03  5.8924E-01  1.0163E+01  6.2450E-01  2.1610E+01  1.0000E+00
 3.4845E+03  5.9030E-01  1.0104E+01  6.2552E-01  2.1481E+01  1.0000E+00
 3.5112E+03  5.9137E-01  1.0045E+01  6.2654E-01  2.1353E+01  1.0000E+00
 3.5381E+03  5.9243E-01  9.9865E+00  6.2756E-01  2.1225E+01  1.0000E+00
 3.5652E+03  5.9350E-01  9.9282E+00  6.2858E-01  2.1098E+01  1.0000E+00
 3.5925E+03  5.9458E-01  9.8703E+00  6.2960E-01  2.0971E+01  1.0000E+00
 3.6200E+03  5.9565E-01  9.8128E+00  6.3062E-01  2.0846E+01  1.0000E+00
 3.6477E+03  5.9673E-01  9.7556E+00  6.3164E-01  2.0721E+01  1.0000E+00
 3.6757E+03  5.9781E-01  9.6987E+00  6.3267E-01  2.0597E+01  1.0000E+00
 3.7038E+03  5.9890E-01  9.6422E+00  6.3369E-01  2.0473E+01  1.0000E+00
 3.7322E+03  5.9999E-01  9.5861E+00  6.3471E-01  2.0351E+01  1.0000E+00
 3.7608E+03  6.0108E-01  9.5303E+00  6.3574E-01  2.0229E+01  1.0000E+00
 3.7896E+03  6.0218E-01  9.4749E+00  6.3676E-01  2.0107E+01  1.0000E+00
 3.8186E+03  6.0328E-01  9.4197E+00  6.3779E-01  1.9987E+01  1.0000E+00
 3.8478E+03  6.0438E-01  9.3650E+00  6.3882E-01  1.9867E+01  1.0000E+00
 3.8773E+03  6.0549E-01  9.3105E+00  6.3985E-01  1.9747E+01  1.0000E+00
 3.9070E+03  6.0660E-01  9.2564E+00  6.4087E-01  1.9629E+01  1.0000E+00
 3.9369E+03  6.0771E-01  9.2027E+00  6.4190E-01  1.9511E+01  1.0000E+00
 3.9671E+03  6.0882E-01  9.1492E+00  6.4293E-01  1.9394E+01  1.0000E+00
 3.9974E+03  6.0994E-01  9.0961E+00  6.4396E-01  1.9277E+01  1.0000E+00
 4.0281E+03  6.1107E-01  9.0433E+00  6.4499E-01  1.9161E+01  1.0000E+00
 4.0589E+03  6.1219E-01  8.9909E+00  6.4603E-01  1.9046E+01  1.0000E+00
 4.0900E+03  6.1332E-01  8.9387E+00  6.4706E-01  1.8932E+01  1.0000E+00
 4.1213E+03  6.1445E-01  8.8869E+00  6.4809E-01  1.8818E+01  1.0000E+00
 4.1529E+03  6.1559E-01  8.8354E+00  6.4913E-01  1.8705E+01  1.0000E+00
 4.1847E+03  6.1673E-01  8.7842E+00  6.5016E-01  1.8592E+01  1.0000E+00
 4.2167E+03  6.1787E-01  8.7333E+00  6.5120E-01  1.8480E+01  1.0000E+00
 4.2490E+03  6.1902E-01  8.6827E+00  6.5223E-01  1.8369E+01  1.0000E+00
 4.2816E+03  6.2017E-01  8.6325E+00  6.5327E-01  1.8258E+01  1.0000E+00
 4.3143E+03  6.2132E-01  8.5825E+00  6.5431E-01  1.8149E+01  1.0000E+00
 4.3474E+03  6.2248E-01  8.5329E+00  6.5535E-01  1.8039E+01  1.0000E+00
 4.3807E+03  6.2364E-01  8.4835E+00  6.5639E-01  1.7931E+01  1.0000E+00
 4.4142E+03  6.2480E-01  8.4345E+00  6.5743E-01  1.7823E+01  1.0000E+00
 4.4480E+03  6.2597E-01  8.3857E+00  6.5847E-01  1.7715E+01  1.0000E+00
 4.4821E+03  6.2714E-01  8.3373E+00  6.5951E-01  1.7608E+01  1.0000E+00
 4.5164E+03  6.2831E-01  8.2891E+00  6.6056E-01  1.7502E+01  1.0000E+00
 4.5510E+03  6.2949E-01  8.2413E+00  6.6160E-01  1.7397E+01  1.0000E+00
 4.5859E+03  6.3067E-01  8.1937E+00  6.6264E-01  1.7292E+01  1.0000E+00
 4.6210E+03  6.3185E-01  8.1464E+00  6.6369E-01  1.7187E+01  1.0000E+00
 4.6564E+03  6.3304E-01  8.0994E+00  6.6474E-01  1.7084E+01  1.0000E+00
 4.6920E+03  6.3433E-01  8.0539E+00  6.6578E-01  1.6981E+01  1.0000E+00
 4.7280E+03  6.3561E-01  8.0086E+00  6.6683E-01  1.6878E+01  1.0000E+00
 4.7642E+03  6.3690E-01  7.9635E+00  6.6788E-01  1.6776E+01  1.0000E+00
 4.8007E+03  6.3818E-01  7.9186E+00  6.6893E-01  1.6675E+01  1.0000E+00
 4.8374E+03  6.3946E-01  7.8739E+00  6.6998E-01  1.6574E+01  1.0000E+00
 4.8745E+03  6.4074E-01  7.8295E+00  6.7103E-01  1.6474E+01  1.0000E+00
 4.9118E+03  6.4202E-01  7.7852E+00  6.7209E-01  1.6374E+01  1.0000E+00
 4.9494E+03  6.4330E-01  7.7412E+00  6.7314E-01  1.6275E+01  1.0000E+00
 4.9873E+03  6.4458E-01  7.6973E+00  6.7419E-01  1.6177E+01  1.0000E+00
 5.0255E+03  6.4586E-01  7.6537E+00  6.7525E-01  1.6079E+01  1.0000E+00
 5.0640E+03  6.4714E-01  7.6102E+00  6.7631E-01  1.5982E+01  1.0000E+00
 5.1028E+03  6.4841E-01  7.5670E+00  6.7736E-01  1.5885E+01  1.0000E+00
 5.1419E+03  6.4969E-01  7.5240E+00  6.7842E-01  1.5789E+01  1.0000E+00
 5.1812E+03  6.5097E-01  7.4812E+00  6.7948E-01  1.5694E+01  1.0000E+00
 5.2209E+03  6.5224E-01  7.4386E+00  6.8054E-01  1.5599E+01  1.0000E+00
 5.2609E+03  6.5351E-01  7.3962E+00  6.8160E-01  1.5505E+01  1.0000E+00
 5.3012E+03  6.5479E-01  7.3540E+00  6.8267E-01  1.5411E+01  1.0000E+00
 5.3418E+03  6.5606E-01  7.3120E+00  6.8373E-01  1.5317E+01  1.0000E+00
 5.3827E+03  6.5733E-01  7.2702E+00  6.8479E-01  1.5225E+01  1.0000E+00
 5.4239E+03  6.5860E-01  7.2286E+00  6.8586E-01  1.5132E+01  1.0000E+00
 5.4655E+03  6.5987E-01  7.1872E+00  6.8693E-01  1.5041E+01  1.0000E+00
 5.5073E+03  6.6115E-01  7.1460E+00  6.8799E-01  1.4950E+01  1.0000E+00
 5.5495E+03  6.6242E-01  7.1051E+00  6.8906E-01  1.4859E+01  1.0000E+00
 5.5920E+03  6.6368E-01  7.0643E+00  6.9013E-01  1.4769E+01  1.0000E+00
 5.6348E+03  6.6495E-01  7.0237E+00  6.9120E-01  1.4680E+01  1.0000E+00
 5.6780E+03  6.6622E-01  6.9833E+00  6.9228E-01  1.4591E+01  1.0000E+00
 5.7215E+03  6.6749E-01  6.9431E+00  6.9335E-01  1.4502E+01  1.0000E+00
 5.7653E+03  6.6876E-01  6.9032E+00  6.9442E-01  1.4414E+01  1.0000E+00
 5.8094E+03  6.7003E-01  6.8634E+00  6.9550E-01  1.4327E+01  1.0000E+00
 5.8539E+03  6.7129E-01  6.8238E+00  6.9657E-01  1.4240E+01  1.0000E+00
 5.8988E+03  6.7256E-01  6.7844E+00  6.9765E-01  1.4154E+01  1.0000E+00
 5.9439E+03  6.7383E-01  6.7453E+00  6.9873E-01  1.4068E+01  1.0000E+00
 5.9895E+03  6.7509E-01  6.7063E+00  6.9981E-01  1.3983E+01  1.0000E+00
 6.0353E+03  6.7636E-01  6.6675E+00  7.0089E-01  1.3898E+01  1.0000E+00
 6.0815E+03  6.7762E-01  6.6289E+00  7.0197E-01  1.3813E+01  1.0000E+00
 6.1281E+03  6.7889E-01  6.5905E+00  7.0306E-01  1.3730E+01  1.0000E+00
 6.1751E+03  6.8015E-01  6.5523E+00  7.0414E-01  1.3646E+01  1.0000E+00
 6.2223E+03  6.8142E-01  6.5143E+00  7.0523E-01  1.3564E+01  1.0000E+00
 6.2700E+03  6.8268E-01  6.4765E+00  7.0631E-01  1.3481E+01  1.0000E+00
 6.3180E+03  6.8395E-01  6.4389E+00  7.0740E-01  1.3399E+01  1.0000E+00
 6.3664E+03  6.8521E-01  6.4014E+00  7.0849E-01  1.3318E+01  1.0000E+00
 6.4152E+03  6.8648E-01  6.3642E+00  7.0958E-01  1.3237E+01  1.0000E+00
 6.4643E+03  6.8774E-01  6.3272E+00  7.1068E-01  1.3157E+01  1.0000E+00
 6.5138E+03  6.8901E-01  6.2903E+00  7.1177E-01  1.3077E+01  1.0000E+00
 6.5637E+03  6.9027E-01  6.2537E+00  7.1286E-01  1.2997E+01  1.0000E+00
 6.6139E+03  6.9154E-01  6.2172E+00  7.1396E-01  1.2919E+01  1.0000E+00
 6.6646E+03  6.9280E-01  6.1809E+00  7.1506E-01  1.2840E+01  1.0000E+00
 6.7156E+03  6.9407E-01  6.1449E+00  7.1616E-01  1.2762E+01  1.0000E+00
 6.7671E+03  6.9533E-01  6.1090E+00  7.1726E-01  1.2685E+01  1.0000E+00
 6.8189E+03  6.9659E-01  6.0733E+00  7.1836E-01  1.2608E+01  1.0000E+00
 6.8711E+03  6.9786E-01  6.0377E+00  7.1946E-01  1.2531E+01  1.0000E+00
 6.9237E+03  6.9912E-01  6.0024E+00  7.2056E-01  1.2455E+01  1.0000E+00
 6.9768E+03  7.0039E-01  5.9672E+00  7.2167E-01  1.2379E+01  1.0000E+00
 7.0302E+03  7.0165E-01  5.9323E+00  7.2278E-01  1.2304E+01  1.0000E+00
 7.0840E+03  7.0292E-01  5.8975E+00  7.2388E-01  1.2229E+01  1.0000E+00
 7.1383E+03  7.0419E-01  5.8629E+00  7.2499E-01  1.2155E+01  1.0000E+00
 7.1929E+03  7.0545E-01  5.8285E+00  7.2610E-01  1.2081E+01  1.0000E+00
 7.2480E+03  7.0672E-01  5.7943E+00  7.2722E-01  1.2007E+01  1.0000E+00
 7.3035E+03  7.0798E-01  5.7602E+00  7.2833E-01  1.1934E+01  1.0000E+00
 7.3595E+03  7.0925E-01  5.7264E+00  7.2945E-01  1.1862E+01  1.0000E+00
 7.4158E+03  7.1052E-01  5.6927E+00  7.3056E-01  1.1790E+01  1.0000E+00
 7.4726E+03  7.1179E-01  5.6592E+00  7.3168E-01  1.1718E+01  1.0000E+00
 7.5299E+03  7.1305E-01  5.6259E+00  7.3280E-01  1.1647E+01  1.0000E+00
 7.5875E+03  7.1432E-01  5.5927E+00  7.3392E-01  1.1576E+01  1.0000E+00
 7.6456E+03  7.1559E-01  5.5598E+00  7.3505E-01  1.1506E+01  1.0000E+00
 7.7042E+03  7.1686E-01  5.5270E+00  7.3617E-01  1.1436E+01  1.0000E+00
 7.7632E+03  7.1813E-01  5.4944E+00  7.3730E-01  1.1366E+01  1.0000E+00
 7.8226E+03  7.1940E-01  5.4619E+00  7.3843E-01  1.1297E+01  1.0000E+00
 7.8825E+03  7.2067E-01  5.4297E+00  7.3956E-01  1.1228E+01  1.0000E+00
 7.9429E+03  7.2194E-01  5.3976E+00  7.4069E-01  1.1160E+01  1.0000E+00
 8.0037E+03  7.2321E-01  5.3657E+00  7.4182E-01  1.1092E+01  1.0000E+00
 8.0650E+03  7.2448E-01  5.3340E+00  7.4295E-01  1.1025E+01  1.0000E+00
 8.1268E+03  7.2576E-01  5.3024E+00  7.4409E-01  1.0958E+01  1.0000E+00
 8.1890E+03  7.2703E-01  5.2710E+00  7.4523E-01  1.0891E+01  1.0000E+00
 8.2518E+03  7.2830E-01  5.2398E+00  7.4637E-01  1.0825E+01  1.0000E+00
 8.3150E+03  7.2958E-01  5.2088E+00  7.4751E-01  1.0759E+01  1.0000E+00
 8.3786E+03  7.3085E-01  5.1779E+00  7.4865E-01  1.0693E+01  1.0000E+00
 8.4428E+03  7.3213E-01  5.1472E+00  7.4980E-01  1.0628E+01  1.0000E+00
 8.5075E+03  7.3341E-01  5.1167E+00  7.5094E-01  1.0564E+01  1.0000E+00
 8.5726E+03  7.3469E-01  5.0863E+00  7.5209E-01  1.0500E+01  1.0000E+00
 8.6383E+03  7.3596E-01  5.0561E+00  7.5324E-01  1.0436E+01  1.0000E+00
 8.7044E+03  7.3724E-01  5.0261E+00  7.5439E-01  1.0372E+01  1.0000E+00
 8.7711E+03  7.3852E-01  4.9962E+00  7.5555E-01  1.0309E+01  1.0000E+00
 8.8383E+03  7.3980E-01  4.9665E+00  7.5670E-01  1.0246E+01  1.0000E+00
 8.9059E+03  7.4109E-01  4.9370E+00  7.5786E-01  1.0184E+01  1.0000E+00
 8.9741E+03  7.4237E-01  4.9076E+00  7.5902E-01  1.0122E+01  1.0000E+00
 9.0429E+03  7.4365E-01  4.8784E+00  7.6018E-01  1.0061E+01  1.0000E+00
 9.1121E+03  7.4494E-01  4.8494E+00  7.6134E-01  9.9995E+00  1.0000E+00
 9.1819E+03  7.4622E-01  4.8205E+00  7.6251E-01  9.9386E+00  1.0000E+00
 9.2522E+03  7.4751E-01  4.7918E+00  7.6367E-01  9.8782E+00  1.0000E+00
 9.3231E+03  7.4880E-01  4.7633E+00  7.6484E-01  9.8181E+00  1.0000E+00
 9.3945E+03  7.5009E-01  4.7349E+00  7.6601E-01  9.7584E+00  1.0000E+00
 9.4664E+03  7.5138E-01  4.7066E+00  7.6718E-01  9.6991E+00  1.0000E+00
 9.5389E+03  7.5267E-01  4.6786E+00  7.6836E-01  9.6401E+00  1.0000E+00
 9.6120E+03  7.5396E-01  4.6506E+00  7.6954E-01  9.5815E+00  1.0000E+00
 9.6856E+03  7.5525E-01  4.6229E+00  7.7071E-01  9.5233E+00  1.0000E+00
 9.7598E+03  7.5655E-01  4.5953E+00  7.7189E-01  9.4654E+00  1.0000E+00
 9.8345E+03  7.5784E-01  4.5678E+00  7.7308E-01  9.4079E+00  1.0000E+00
 9.9098E+03  7.5914E-01  4.5405E+00  7.7426E-01  9.3507E+00  1.0000E+00
 9.9857E+03  7.6044E-01  4.5134E+00  7.7545E-01  9.2938E+00  1.0000E+00
 1.0062E+04  7.6174E-01  4.4864E+00  7.7664E-01  9.2373E+00  1.0000E+00
 1.0139E+04  7.6304E-01  4.4596E+00  7.7783E-01  9.1812E+00  1.0000E+00
 1.0217E+04  7.6434E-01  4.4329E+00  7.7902E-01  9.1254E+00  1.0000E+00
 1.0295E+04  7.6564E-01  4.4064E+00  7.8022E-01  9.0700E+00  1.0000E+00
 1.0374E+04  7.6695E-01  4.3800E+00  7.8142E-01  9.0149E+00  1.0000E+00
 1.0453E+04  7.6825E-01  4.3538E+00  7.8262E-01  8.9601E+00  1.0000E+00
 1.0533E+04  7.6956E-01  4.3277E+00  7.8382E-01  8.9057E+00  1.0000E+00
 1.0614E+04  7.7087E-01  4.3018E+00  7.8502E-01  8.8516E+00  1.0000E+00
 1.0695E+04  7.7218E-01  4.2760E+00  7.8623E-01  8.7978E+00  1.0000E+00
 1.0777E+04  7.7349E-01  4.2504E+00  7.8744E-01  8.7444E+00  1.0000E+00
 1.0860E+04  7.7481E-01  4.2249E+00  7.8865E-01  8.6913E+00  1.0000E+00
 1.0943E+04  7.7612E-01  4.1996E+00  7.8987E-01  8.6385E+00  1.0000E+00
 1.1027E+04  7.7744E-01  4.1744E+00  7.9108E-01  8.5861E+00  1.0000E+00
 1.1111E+04  7.7876E-01  4.1494E+00  7.9230E-01  8.5339E+00  1.0000E+00
 1.1196E+04  7.8008E-01  4.1245E+00  7.9352E-01  8.4821E+00  1.0000E+00
 1.1282E+04  7.8140E-01  4.0997E+00  7.9475E-01  8.4307E+00  1.0000E+00
 1.1369E+04  7.8272E-01  4.0751E+00  7.9597E-01  8.3795E+00  1.0000E+00
 1.1456E+04  7.8405E-01  4.0507E+00  7.9720E-01  8.3287E+00  1.0000E+00
 1.1543E+04  7.8538E-01  4.0263E+00  7.9843E-01  8.2781E+00  1.0000E+00
 1.1632E+04  7.8670E-01  4.0022E+00  7.9967E-01  8.2279E+00  1.0000E+00
 1.1721E+04  7.8803E-01  3.9781E+00  8.0090E-01  8.1780E+00  1.0000E+00
 1.1811E+04  7.8937E-01  3.9542E+00  8.0214E-01  8.1284E+00  1.0000E+00
 1.1901E+04  7.9070E-01  3.9304E+00  8.0338E-01  8.0791E+00  1.0000E+00
 1.1992E+04  7.9204E-01  3.9068E+00  8.0463E-01  8.0301E+00  1.0000E+00
 1.2084E+04  7.9338E-01  3.8833E+00  8.0587E-01  7.9815E+00  1.0000E+00
 1.2177E+04  7.9472E-01  3.8600E+00  8.0712E-01  7.9331E+00  1.0000E+00
 1.2270E+04  7.9606E-01  3.8368E+00  8.0837E-01  7.8850E+00  1.0000E+00
 1.2364E+04  7.9740E-01  3.8137E+00  8.0963E-01  7.8372E+00  1.0000E+00
 1.2458E+04  7.9875E-01  3.7908E+00  8.1089E-01  7.7897E+00  1.0000E+00
 1.2554E+04  8.0010E-01  3.7679E+00  8.1215E-01  7.7426E+00  1.0000E+00
 1.2650E+04  8.0145E-01  3.7453E+00  8.1341E-01  7.6957E+00  1.0000E+00
 1.2747E+04  8.0280E-01  3.7227E+00  8.1468E-01  7.6491E+00  1.0000E+00
 1.2845E+04  8.0416E-01  3.7003E+00  8.1594E-01  7.6028E+00  1.0000E+00
 1.2943E+04  8.0551E-01  3.6781E+00  8.1722E-01  7.5567E+00  1.0000E+00
 1.3042E+04  8.0687E-01  3.6559E+00  8.1849E-01  7.5110E+00  1.0000E+00
 1.3142E+04  8.0823E-01  3.6339E+00  8.1977E-01  7.4656E+00  1.0000E+00
 1.3243E+04  8.0960E-01  3.6120E+00  8.2105E-01  7.4204E+00  1.0000E+00
 1.3344E+04  8.1096E-01  3.5903E+00  8.2233E-01  7.3755E+00  1.0000E+00
 1.3446E+04  8.1233E-01  3.5686E+00  8.2362E-01  7.3309E+00  1.0000E+00
 1.3549E+04  8.1370E-01  3.5471E+00  8.2491E-01  7.2866E+00  1.0000E+00
 1.3653E+04  8.1508E-01  3.5258E+00  8.2620E-01  7.2426E+00  1.0000E+00
 1.3757E+04  8.1645E-01  3.5045E+00  8.2749E-01  7.1988E+00  1.0000E+00
 1.3863E+04  8.1783E-01  3.4834E+00  8.2879E-01  7.1553E+00  1.0000E+00
 1.3969E+04  8.1921E-01  3.4624E+00  8.3010E-01  7.1121E+00  1.0000E+00
 1.4076E+04  8.2060E-01  3.4415E+00  8.3140E-01  7.0691E+00  1.0000E+00
 1.4184E+04  8.2198E-01  3.4208E+00  8.3271E-01  7.0264E+00  1.0000E+00
 1.4292E+04  8.2337E-01  3.4002E+00  8.3402E-01  6.9840E+00  1.0000E+00
 1.4402E+04  8.2476E-01  3.3797E+00  8.3533E-01  6.9419E+00  1.0000E+00
 1.4512E+04  8.2616E-01  3.3593E+00  8.3665E-01  6.9000E+00  1.0000E+00
 1.4623E+04  8.2755E-01  3.3391E+00  8.3797E-01  6.8583E+00  1.0000E+00
 1.4735E+04  8.2895E-01  3.3189E+00  8.3930E-01  6.8170E+00  1.0000E+00
 1.4848E+04  8.3035E-01  3.2989E+00  8.4063E-01  6.7759E+00  1.0000E+00
 1.4962E+04  8.3176E-01  3.2790E+00  8.4196E-01  6.7350E+00  1.0000E+00
 1.5076E+04  8.3317E-01  3.2592E+00  8.4329E-01  6.6944E+00  1.0000E+00
 1.5192E+04  8.3458E-01  3.2396E+00  8.4463E-01  6.6541E+00  1.0000E+00
 1.5308E+04  8.3599E-01  3.2201E+00  8.4597E-01  6.6140E+00  1.0000E+00
 1.5425E+04  8.3741E-01  3.2006E+00  8.4732E-01  6.5742E+00  1.0000E+00
 1.5544E+04  8.3883E-01  3.1813E+00  8.4867E-01  6.5346E+00  1.0000E+00
 1.5663E+04  8.4025E-01  3.1622E+00  8.5002E-01  6.4953E+00  1.0000E+00
 1.5783E+04  8.4168E-01  3.1431E+00  8.5137E-01  6.4562E+00  1.0000E+00
 1.5903E+04  8.4311E-01  3.1241E+00  8.5273E-01  6.4174E+00  1.0000E+00
 1.6025E+04  8.4454E-01  3.1053E+00  8.5410E-01  6.3788E+00  1.0000E+00
 1.6148E+04  8.4598E-01  3.0866E+00  8.5547E-01  6.3405E+00  1.0000E+00
 1.6272E+04  8.4742E-01  3.0679E+00  8.5684E-01  6.3024E+00  1.0000E+00
 1.6396E+04  8.4886E-01  3.0494E+00  8.5821E-01  6.2645E+00  1.0000E+00
 1.6522E+04  8.5030E-01  3.0311E+00  8.5959E-01  6.2269E+00  1.0000E+00
 1.6648E+04  8.5175E-01  3.0128E+00  8.6097E-01  6.1895E+00  1.0000E+00
 1.6776E+04  8.5320E-01  2.9946E+00  8.6236E-01  6.1524E+00  1.0000E+00
 1.6904E+04  8.5466E-01  2.9766E+00  8.6375E-01  6.1154E+00  1.0000E+00
 1.7034E+04  8.5612E-01  2.9586E+00  8.6514E-01  6.0788E+00  1.0000E+00
 1.7164E+04  8.5758E-01  2.9408E+00  8.6654E-01  6.0423E+00  1.0000E+00
 1.7296E+04  8.5905E-01  2.9230E+00  8.6794E-01  6.0061E+00  1.0000E+00
 1.7428E+04  8.6052E-01  2.9054E+00  8.6935E-01  5.9701E+00  1.0000E+00
 1.7562E+04  8.6199E-01  2.8879E+00  8.7076E-01  5.9344E+00  1.0000E+00
 1.7696E+04  8.6347E-01  2.8705E+00  8.7218E-01  5.8988E+00  1.0000E+00
 1.7832E+04  8.6495E-01  2.8532E+00  8.7359E-01  5.8635E+00  1.0000E+00
 1.7968E+04  8.6643E-01  2.8360E+00  8.7502E-01  5.8284E+00  1.0000E+00
 1.8106E+04  8.6792E-01  2.8189E+00  8.7644E-01  5.7936E+00  1.0000E+00
 1.8244E+04  8.6941E-01  2.8019E+00  8.7788E-01  5.7589E+00  1.0000E+00
 1.8384E+04  8.7091E-01  2.7850E+00  8.7931E-01  5.7245E+00  1.0000E+00
 1.8525E+04  8.7241E-01  2.7682E+00  8.8075E-01  5.6903E+00  1.0000E+00
 1.8667E+04  8.7391E-01  2.7516E+00  8.8220E-01  5.6563E+00  1.0000E+00
 1.8810E+04  8.7542E-01  2.7350E+00  8.8365E-01  5.6226E+00  1.0000E+00
 1.8954E+04  8.7693E-01  2.7185E+00  8.8510E-01  5.5890E+00  1.0000E+00
 1.9099E+04  8.7845E-01  2.7021E+00  8.8656E-01  5.5557E+00  1.0000E+00
 1.9245E+04  8.7997E-01  2.6859E+00  8.8802E-01  5.5226E+00  1.0000E+00
 1.9393E+04  8.8149E-01  2.6697E+00  8.8949E-01  5.4897E+00  1.0000E+00
 1.9541E+04  8.8302E-01  2.6536E+00  8.9096E-01  5.4570E+00  1.0000E+00
 1.9691E+04  8.8456E-01  2.6376E+00  8.9244E-01  5.4245E+00  1.0000E+00
 1.9842E+04  8.8609E-01  2.6218E+00  8.9392E-01  5.3922E+00  1.0000E+00
 1.9994E+04  8.8764E-01  2.6060E+00  8.9541E-01  5.3601E+00  1.0000E+00
 2.0147E+04  8.8918E-01  2.5903E+00  8.9690E-01  5.3282E+00  1.0000E+00
 2.0301E+04  8.9073E-01  2.5747E+00  8.9840E-01  5.2966E+00  1.0000E+00
 2.0456E+04  8.9229E-01  2.5592E+00  8.9990E-01  5.2651E+00  1.0000E+00
 2.0613E+04  8.9385E-01  2.5438E+00  9.0140E-01  5.2338E+00  1.0000E+00
 2.0771E+04  8.9541E-01  2.5285E+00  9.0292E-01  5.2028E+00  1.0000E+00
 2.0930E+04  8.9698E-01  2.5133E+00  9.0443E-01  5.1719E+00  1.0000E+00
 2.1090E+04  8.9856E-01  2.4982E+00  9.0595E-01  5.1412E+00  1.0000E+00
 2.1252E+04  9.0013E-01  2.4832E+00  9.0748E-01  5.1107E+00  1.0000E+00
 2.1415E+04  9.0172E-01  2.4683E+00  9.0901E-01  5.0805E+00  1.0000E+00
 2.1579E+04  9.0331E-01  2.4535E+00  9.1055E-01  5.0504E+00  1.0000E+00
 2.1744E+04  9.0490E-01  2.4387E+00  9.1209E-01  5.0205E+00  1.0000E+00
 2.1910E+04  9.0650E-01  2.4241E+00  9.1364E-01  4.9908E+00  1.0000E+00
 2.2078E+04  9.0810E-01  2.4095E+00  9.1519E-01  4.9613E+00  1.0000E+00
 2.2247E+04  9.0971E-01  2.3951E+00  9.1675E-01  4.9320E+00  1.0000E+00
 2.2418E+04  9.1132E-01  2.3807E+00  9.1832E-01  4.9028E+00  1.0000E+00
 2.2589E+04  9.1294E-01  2.3664E+00  9.1989E-01  4.8739E+00  1.0000E+00
 2.2762E+04  9.1457E-01  2.3522E+00  9.2146E-01  4.8451E+00  1.0000E+00
 2.2937E+04  9.1619E-01  2.3381E+00  9.2304E-01  4.8166E+00  1.0000E+00
 2.3112E+04  9.1783E-01  2.3241E+00  9.2463E-01  4.7882E+00  1.0000E+00
 2.3289E+04  9.1947E-01  2.3101E+00  9.2622E-01  4.7600E+00  1.0000E+00
 2.3468E+04  9.2112E-01  2.2963E+00  9.2782E-01  4.7319E+00  1.0000E+00
 2.3647E+04  9.2277E-01  2.2825E+00  9.2943E-01  4.7041E+00  1.0000E+00
 2.3829E+04  9.2442E-01  2.2689E+00  9.3104E-01  4.6764E+00  1.0000E+00
 2.4011E+04  9.2608E-01  2.2553E+00  9.3265E-01  4.6490E+00  1.0000E+00
 2.4195E+04  9.2775E-01  2.2418E+00  9.3427E-01  4.6217E+00  1.0000E+00
 2.4380E+04  9.2943E-01  2.2283E+00  9.3590E-01  4.5945E+00  1.0000E+00
 2.4567E+04  9.3111E-01  2.2150E+00  9.3754E-01  4.5676E+00  1.0000E+00
 2.4755E+04  9.3279E-01  2.2018E+00  9.3918E-01  4.5408E+00  1.0000E+00
 2.4945E+04  9.3448E-01  2.1886E+00  9.4083E-01  4.5142E+00  1.0000E+00
 2.5136E+04  9.3618E-01  2.1755E+00  9.4248E-01  4.4878E+00  1.0000E+00
 2.5328E+04  9.3788E-01  2.1625E+00  9.4414E-01  4.4615E+00  1.0000E+00
 2.5522E+04  9.3959E-01  2.1496E+00  9.4581E-01  4.4354E+00  1.0000E+00
 2.5718E+04  9.4131E-01  2.1367E+00  9.4748E-01  4.4095E+00  1.0000E+00
 2.5915E+04  9.4303E-01  2.1240E+00  9.4916E-01  4.3837E+00  1.0000E+00
 2.6113E+04  9.4476E-01  2.1113E+00  9.5084E-01  4.3581E+00  1.0000E+00
 2.6313E+04  9.4649E-01  2.0987E+00  9.5254E-01  4.3327E+00  1.0000E+00
 2.6515E+04  9.4823E-01  2.0862E+00  9.5424E-01  4.3075E+00  1.0000E+00
 2.6718E+04  9.4998E-01  2.0737E+00  9.5594E-01  4.2824E+00  1.0000E+00
 2.6922E+04  9.5174E-01  2.0614E+00  9.5766E-01  4.2574E+00  1.0000E+00
 2.7128E+04  9.5350E-01  2.0491E+00  9.5938E-01  4.2327E+00  1.0000E+00
 2.7336E+04  9.5526E-01  2.0369E+00  9.6110E-01  4.2081E+00  1.0000E+00
 2.7545E+04  9.5704E-01  2.0248E+00  9.6284E-01  4.1836E+00  1.0000E+00
 2.7756E+04  9.5882E-01  2.0127E+00  9.6458E-01  4.1593E+00  1.0000E+00
 2.7969E+04  9.6061E-01  2.0007E+00  9.6633E-01  4.1352E+00  1.0000E+00
 2.8183E+04  9.6240E-01  1.9888E+00  9.6808E-01  4.1112E+00  1.0000E+00
 2.8399E+04  9.6420E-01  1.9770E+00  9.6985E-01  4.0874E+00  1.0000E+00
 2.8617E+04  9.6601E-01  1.9652E+00  9.7162E-01  4.0638E+00  1.0000E+00
 2.8836E+04  9.6783E-01  1.9536E+00  9.7340E-01  4.0403E+00  1.0000E+00
 2.9056E+04  9.6965E-01  1.9420E+00  9.7518E-01  4.0169E+00  1.0000E+00
 2.9279E+04  9.7148E-01  1.9304E+00  9.7697E-01  3.9937E+00  1.0000E+00
 2.9503E+04  9.7332E-01  1.9190E+00  9.7878E-01  3.9707E+00  1.0000E+00
 2.9729E+04  9.7517E-01  1.9076E+00  9.8058E-01  3.9478E+00  1.0000E+00
 2.9957E+04  9.7702E-01  1.8963E+00  9.8240E-01  3.9250E+00  1.0000E+00
 3.0186E+04  9.7888E-01  1.8850E+00  9.8423E-01  3.9024E+00  1.0000E+00
 3.0417E+04  9.8075E-01  1.8739E+00  9.8606E-01  3.8800E+00  1.0000E+00
 3.0650E+04  9.8263E-01  1.8628E+00  9.8790E-01  3.8577E+00  1.0000E+00
 3.0885E+04  9.8451E-01  1.8518E+00  9.8975E-01  3.8355E+00  1.0000E+00
 3.1122E+04  9.8640E-01  1.8408E+00  9.9160E-01  3.8135E+00  1.0000E+00
 3.1360E+04  9.8830E-01  1.8299E+00  9.9347E-01  3.7917E+00  1.0000E+00
 3.1600E+04  9.9021E-01  1.8191E+00  9.9534E-01  3.7699E+00  1.0000E+00
 3.1842E+04  9.9213E-01  1.8084E+00  9.9723E-01  3.7484E+00  1.0000E+00
 3.2086E+04  9.9405E-01  1.7977E+00  9.9912E-01  3.7269E+00  1.0000E+00
 3.2332E+04  9.9599E-01  1.7871E+00  1.0010E+00  3.7056E+00  1.0000E+00
 3.2579E+04  9.9793E-01  1.7765E+00  1.0029E+00  3.6845E+00  1.0000E+00
 3.2829E+04  9.9988E-01  1.7661E+00  1.0048E+00  3.6635E+00  1.0000E+00
 3.3080E+04  1.0018E+00  1.7556E+00  1.0068E+00  3.6426E+00  1.0000E+00
 3.3334E+04  1.0038E+00  1.7453E+00  1.0087E+00  3.6219E+00  1.0000E+00
 3.3589E+04  1.0058E+00  1.7350E+00  1.0106E+00  3.6013E+00  1.0000E+00
 3.3846E+04  1.0078E+00  1.7248E+00  1.0126E+00  3.5808E+00  1.0000E+00
 3.4105E+04  1.0098E+00  1.7147E+00  1.0146E+00  3.5605E+00  1.0000E+00
 3.4367E+04  1.0118E+00  1.7046E+00  1.0165E+00  3.5403E+00  1.0000E+00
 3.4630E+04  1.0138E+00  1.6946E+00  1.0185E+00  3.5202E+00  1.0000E+00
 3.4895E+04  1.0158E+00  1.6846E+00  1.0205E+00  3.5003E+00  1.0000E+00
 3.5162E+04  1.0178E+00  1.6748E+00  1.0225E+00  3.4805E+00  1.0000E+00
 3.5431E+04  1.0199E+00  1.6649E+00  1.0245E+00  3.4608E+00  1.0000E+00
 3.5703E+04  1.0219E+00  1.6552E+00  1.0265E+00  3.4413E+00  1.0000E+00
 3.5976E+04  1.0240E+00  1.6455E+00  1.0286E+00  3.4219E+00  1.0000E+00
 3.6252E+04  1.0260E+00  1.6358E+00  1.0306E+00  3.4026E+00  1.0000E+00
 3.6529E+04  1.0281E+00  1.6263E+00  1.0326E+00  3.3835E+00  1.0000E+00
 3.6809E+04  1.0302E+00  1.6168E+00  1.0347E+00  3.3644E+00  1.0000E+00
 3.7091E+04  1.0323E+00  1.6073E+00  1.0368E+00  3.3455E+00  1.0000E+00
 3.7375E+04  1.0344E+00  1.5979E+00  1.0388E+00  3.3268E+00  1.0000E+00
 3.7661E+04  1.0365E+00  1.5886E+00  1.0409E+00  3.3081E+00  1.0000E+00
 3.7950E+04  1.0387E+00  1.5793E+00  1.0430E+00  3.2896E+00  1.0000E+00
 3.8240E+04  1.0408E+00  1.5701E+00  1.0451E+00  3.2712E+00  1.0000E+00
 3.8533E+04  1.0430E+00  1.5610E+00  1.0473E+00  3.2529E+00  1.0000E+00
 3.8828E+04  1.0451E+00  1.5519E+00  1.0494E+00  3.2348E+00  1.0000E+00
 3.9126E+04  1.0473E+00  1.5429E+00  1.0515E+00  3.2168E+00  1.0000E+00
 3.9425E+04  1.0495E+00  1.5339E+00  1.0537E+00  3.1989E+00  1.0000E+00
 3.9727E+04  1.0517E+00  1.5250E+00  1.0559E+00  3.1811E+00  1.0000E+00
 4.0032E+04  1.0539E+00  1.5161E+00  1.0580E+00  3.1634E+00  1.0000E+00
 4.0338E+04  1.0561E+00  1.5073E+00  1.0602E+00  3.1459E+00  1.0000E+00
 4.0647E+04  1.0583E+00  1.4986E+00  1.0624E+00  3.1284E+00  1.0000E+00
 4.0958E+04  1.0605E+00  1.4899E+00  1.0646E+00  3.1111E+00  1.0000E+00
 4.1272E+04  1.0628E+00  1.4813E+00  1.0669E+00  3.0939E+00  1.0000E+00
 4.1588E+04  1.0650E+00  1.4727E+00  1.0691E+00  3.0768E+00  1.0000E+00
 4.1907E+04  1.0673E+00  1.4642E+00  1.0713E+00  3.0598E+00  1.0000E+00
 4.2228E+04  1.0696E+00  1.4558E+00  1.0736E+00  3.0430E+00  1.0000E+00
 4.2551E+04  1.0719E+00  1.4473E+00  1.0759E+00  3.0263E+00  1.0000E+00
 4.2877E+04  1.0742E+00  1.4390E+00  1.0781E+00  3.0096E+00  1.0000E+00
 4.3205E+04  1.0765E+00  1.4307E+00  1.0804E+00  2.9931E+00  1.0000E+00
 4.3536E+04  1.0789E+00  1.4225E+00  1.0827E+00  2.9767E+00  1.0000E+00
 4.3869E+04  1.0812E+00  1.4143E+00  1.0851E+00  2.9604E+00  1.0000E+00
 4.4205E+04  1.0836E+00  1.4061E+00  1.0874E+00  2.9442E+00  1.0000E+00
 4.4544E+04  1.0859E+00  1.3981E+00  1.0897E+00  2.9281E+00  1.0000E+00
 4.4885E+04  1.0883E+00  1.3900E+00  1.0921E+00  2.9122E+00  1.0000E+00
 4.5229E+04  1.0907E+00  1.3821E+00  1.0945E+00  2.8963E+00  1.0000E+00
 4.5575E+04  1.0931E+00  1.3741E+00  1.0969E+00  2.8806E+00  1.0000E+00
 4.5924E+04  1.0955E+00  1.3663E+00  1.0993E+00  2.8649E+00  1.0000E+00
 4.6276E+04  1.0980E+00  1.3585E+00  1.1017E+00  2.8494E+00  1.0000E+00
 4.6630E+04  1.1004E+00  1.3507E+00  1.1041E+00  2.8340E+00  1.0000E+00
 4.6987E+04  1.1029E+00  1.3430E+00  1.1065E+00  2.8186E+00  1.0000E+00
 4.7347E+04  1.1054E+00  1.3353E+00  1.1090E+00  2.8034E+00  1.0000E+00
 4.7710E+04  1.1078E+00  1.3277E+00  1.1114E+00  2.7883E+00  1.0000E+00
 4.8075E+04  1.1103E+00  1.3201E+00  1.1139E+00  2.7733E+00  1.0000E+00
 4.8443E+04  1.1129E+00  1.3126E+00  1.1164E+00  2.7584E+00  1.0000E+00
 4.8814E+04  1.1154E+00  1.3051E+00  1.1189E+00  2.7435E+00  1.0000E+00
 4.9188E+04  1.1179E+00  1.2977E+00  1.1215E+00  2.7288E+00  1.0000E+00
 4.9565E+04  1.1205E+00  1.2904E+00  1.1240E+00  2.7142E+00  1.0000E+00
 4.9945E+04  1.1231E+00  1.2830E+00  1.1265E+00  2.6997E+00  1.0000E+00
 5.0327E+04  1.1257E+00  1.2758E+00  1.1291E+00  2.6853E+00  1.0000E+00
 5.0713E+04  1.1283E+00  1.2686E+00  1.1317E+00  2.6710E+00  1.0000E+00
 5.1101E+04  1.1309E+00  1.2614E+00  1.1343E+00  2.6568E+00  1.0000E+00
 5.1492E+04  1.1335E+00  1.2542E+00  1.1369E+00  2.6427E+00  1.0000E+00
 5.1887E+04  1.1362E+00  1.2472E+00  1.1395E+00  2.6286E+00  1.0000E+00
 5.2284E+04  1.1388E+00  1.2401E+00  1.1422E+00  2.6147E+00  1.0000E+00
 5.2684E+04  1.1415E+00  1.2331E+00  1.1448E+00  2.6009E+00  1.0000E+00
 5.3088E+04  1.1442E+00  1.2262E+00  1.1475E+00  2.5872E+00  1.0000E+00
 5.3494E+04  1.1469E+00  1.2193E+00  1.1502E+00  2.5735E+00  1.0000E+00
 5.3904E+04  1.1497E+00  1.2125E+00  1.1529E+00  2.5600E+00  1.0000E+00
 5.4317E+04  1.1524E+00  1.2057E+00  1.1556E+00  2.5465E+00  1.0000E+00
 5.4733E+04  1.1552E+00  1.1989E+00  1.1584E+00  2.5332E+00  1.0000E+00
 5.5152E+04  1.1579E+00  1.1922E+00  1.1611E+00  2.5199E+00  1.0000E+00
 5.5574E+04  1.1607E+00  1.1855E+00  1.1639E+00  2.5067E+00  1.0000E+00
 5.6000E+04  1.1636E+00  1.1789E+00  1.1667E+00  2.4936E+00  1.0000E+00
 5.6429E+04  1.1664E+00  1.1723E+00  1.1695E+00  2.4807E+00  1.0000E+00
 5.6861E+04  1.1692E+00  1.1658E+00  1.1724E+00  2.4678E+00  1.0000E+00
 5.7297E+04  1.1721E+00  1.1593E+00  1.1752E+00  2.4549E+00  1.0000E+00
 5.7735E+04  1.1750E+00  1.1528E+00  1.1781E+00  2.4422E+00  1.0000E+00
 5.8177E+04  1.1779E+00  1.1464E+00  1.1809E+00  2.4296E+00  1.0000E+00
 5.8623E+04  1.1808E+00  1.1401E+00  1.1838E+00  2.4170E+00  1.0000E+00
 5.9072E+04  1.1837E+00  1.1337E+00  1.1868E+00  2.4046E+00  1.0000E+00
 5.9524E+04  1.1867E+00  1.1275E+00  1.1897E+00  2.3922E+00  1.0000E+00
 5.9980E+04  1.1897E+00  1.1212E+00  1.1927E+00  2.3799E+00  1.0000E+00
 6.0440E+04  1.1927E+00  1.1150E+00  1.1956E+00  2.3677E+00  1.0000E+00
 6.0902E+04  1.1957E+00  1.1089E+00  1.1986E+00  2.3556E+00  1.0000E+00
 6.1369E+04  1.1987E+00  1.1028E+00  1.2016E+00  2.3436E+00  1.0000E+00
 6.1839E+04  1.2017E+00  1.0967E+00  1.2047E+00  2.3317E+00  1.0000E+00
 6.2312E+04  1.2048E+00  1.0906E+00  1.2077E+00  2.3198E+00  1.0000E+00
 6.2790E+04  1.2079E+00  1.0847E+00  1.2108E+00  2.3080E+00  1.0000E+00
 6.3270E+04  1.2110E+00  1.0787E+00  1.2139E+00  2.2963E+00  1.0000E+00
 6.3755E+04  1.2141E+00  1.0728E+00  1.2170E+00  2.2847E+00  1.0000E+00
 6.4243E+04  1.2173E+00  1.0669E+00  1.2201E+00  2.2732E+00  1.0000E+00
 6.4735E+04  1.2205E+00  1.0611E+00  1.2233E+00  2.2617E+00  1.0000E+00
 6.5231E+04  1.2236E+00  1.0553E+00  1.2265E+00  2.2504E+00  1.0000E+00
 6.5731E+04  1.2269E+00  1.0495E+00  1.2296E+00  2.2391E+00  1.0000E+00
 6.6234E+04  1.2301E+00  1.0438E+00  1.2329E+00  2.2279E+00  1.0000E+00
 6.6741E+04  1.2333E+00  1.0382E+00  1.2361E+00  2.2168E+00  1.0000E+00
 6.7252E+04  1.2366E+00  1.0325E+00  1.2394E+00  2.2057E+00  1.0000E+00
 6.7767E+04  1.2399E+00  1.0269E+00  1.2426E+00  2.1948E+00  1.0000E+00
 6.8286E+04  1.2432E+00  1.0213E+00  1.2459E+00  2.1839E+00  1.0000E+00
 6.8809E+04  1.2466E+00  1.0158E+00  1.2493E+00  2.1731E+00  1.0000E+00
 6.9336E+04  1.2499E+00  1.0103E+00  1.2526E+00  2.1623E+00  1.0000E+00
 6.9867E+04  1.2533E+00  1.0049E+00  1.2560E+00  2.1517E+00  1.0000E+00
 7.0402E+04  1.2567E+00  9.9947E-01  1.2594E+00  2.1411E+00  1.0000E+00
 7.0942E+04  1.2602E+00  9.9410E-01  1.2628E+00  2.1306E+00  1.0000E+00
 7.1485E+04  1.2636E+00  9.8876E-01  1.2662E+00  2.1201E+00  1.0000E+00
 7.2032E+04  1.2671E+00  9.8345E-01  1.2697E+00  2.1098E+00  1.0000E+00
 7.2584E+04  1.2706E+00  9.7818E-01  1.2732E+00  2.0995E+00  1.0000E+00
 7.3140E+04  1.2742E+00  9.7295E-01  1.2767E+00  2.0893E+00  1.0000E+00
 7.3700E+04  1.2777E+00  9.6775E-01  1.2803E+00  2.0792E+00  1.0000E+00
 7.4264E+04  1.2813E+00  9.6259E-01  1.2838E+00  2.0691E+00  1.0000E+00
 7.4833E+04  1.2849E+00  9.5747E-01  1.2874E+00  2.0591E+00  1.0000E+00
 7.5406E+04  1.2885E+00  9.5238E-01  1.2910E+00  2.0492E+00  1.0000E+00
 7.5984E+04  1.2922E+00  9.4732E-01  1.2947E+00  2.0394E+00  1.0000E+00
 7.6566E+04  1.2958E+00  9.4230E-01  1.2983E+00  2.0296E+00  1.0000E+00
 7.7152E+04  1.2996E+00  9.3731E-01  1.3020E+00  2.0199E+00  1.0000E+00
 7.7743E+04  1.3033E+00  9.3235E-01  1.3057E+00  2.0103E+00  1.0000E+00
 7.8338E+04  1.3070E+00  9.2743E-01  1.3095E+00  2.0007E+00  1.0000E+00
 7.8938E+04  1.3108E+00  9.2255E-01  1.3133E+00  1.9912E+00  1.0000E+00
 7.9543E+04  1.3146E+00  9.1769E-01  1.3171E+00  1.9818E+00  1.0000E+00
 8.0152E+04  1.3185E+00  9.1287E-01  1.3209E+00  1.9725E+00  1.0000E+00
 8.0766E+04  1.3223E+00  9.0809E-01  1.3247E+00  1.9632E+00  1.0000E+00
 8.1384E+04  1.3262E+00  9.0333E-01  1.3286E+00  1.9540E+00  1.0000E+00
 8.2008E+04  1.3302E+00  8.9861E-01  1.3325E+00  1.9448E+00  1.0000E+00
 8.2636E+04  1.3341E+00  8.9392E-01  1.3365E+00  1.9358E+00  1.0000E+00
 8.3268E+04  1.3381E+00  8.8927E-01  1.3404E+00  1.9268E+00  1.0000E+00
 8.3906E+04  1.3421E+00  8.8464E-01  1.3444E+00  1.9178E+00  1.0000E+00
 8.4549E+04  1.3461E+00  8.8005E-01  1.3485E+00  1.9089E+00  1.0000E+00
 8.5196E+04  1.3502E+00  8.7549E-01  1.3525E+00  1.9001E+00  1.0000E+00
 8.5849E+04  1.3543E+00  8.7096E-01  1.3566E+00  1.8914E+00  1.0000E+00
 8.6506E+04  1.3584E+00  8.6646E-01  1.3607E+00  1.8827E+00  1.0000E+00
 8.7169E+04  1.3626E+00  8.6199E-01  1.3649E+00  1.8741E+00  1.0000E+00
 8.7836E+04  1.3668E+00  8.5756E-01  1.3690E+00  1.8655E+00  1.0000E+00
 8.8509E+04  1.3710E+00  8.5315E-01  1.3732E+00  1.8571E+00  1.0000E+00
 8.9187E+04  1.3753E+00  8.4878E-01  1.3775E+00  1.8486E+00  1.0000E+00
 8.9870E+04  1.3796E+00  8.4443E-01  1.3818E+00  1.8403E+00  1.0000E+00
 9.0558E+04  1.3839E+00  8.4012E-01  1.3861E+00  1.8320E+00  1.0000E+00
 9.1252E+04  1.3882E+00  8.3583E-01  1.3904E+00  1.8237E+00  1.0000E+00
 9.1950E+04  1.3926E+00  8.3157E-01  1.3948E+00  1.8156E+00  1.0000E+00
 9.2655E+04  1.3970E+00  8.2735E-01  1.3992E+00  1.8075E+00  1.0000E+00
 9.3364E+04  1.4015E+00  8.2315E-01  1.4036E+00  1.7994E+00  1.0000E+00
 9.4079E+04  1.4060E+00  8.1899E-01  1.4081E+00  1.7914E+00  1.0000E+00
 9.4800E+04  1.4105E+00  8.1485E-01  1.4126E+00  1.7835E+00  1.0000E+00
 9.5526E+04  1.4150E+00  8.1074E-01  1.4171E+00  1.7757E+00  1.0000E+00
 9.6257E+04  1.4196E+00  8.0666E-01  1.4217E+00  1.7678E+00  1.0000E+00
 9.6994E+04  1.4242E+00  8.0260E-01  1.4263E+00  1.7601E+00  1.0000E+00
 9.7737E+04  1.4289E+00  7.9858E-01  1.4310E+00  1.7524E+00  1.0000E+00
 9.8486E+04  1.4336E+00  7.9459E-01  1.4357E+00  1.7448E+00  1.0000E+00
 9.9240E+04  1.4383E+00  7.9062E-01  1.4404E+00  1.7372E+00  1.0000E+00
 1.0000E+05  1.4431E+00  7.8668E-01  1.4452E+00  1.7297E+00  1.0000E+00


