#     0	 1	    1	 1	 1.0021E+02	 1000	1
 4.8978E+01  0.0000E+00  0.0000E+00  0.0000E+00  0.0000E+00  0.0000E+00
 4.9353E+01  0.0000E+00  0.0000E+00  0.0000E+00  0.0000E+00  0.0000E+00
 4.9731E+01  0.0000E+00  0.0000E+00  0.0000E+00  0.0000E+00  0.0000E+00
 5.0112E+01  0.0000E+00  0.0000E+00  0.0000E+00  0.0000E+00  0.0000E+00
 5.0496E+01  0.0000E+00  0.0000E+00  0.0000E+00  0.0000E+00  0.0000E+00
 5.0882E+01  0.0000E+00  0.0000E+00  0.0000E+00  0.0000E+00  0.0000E+00
 5.1272E+01  0.0000E+00  0.0000E+00  0.0000E+00  0.0000E+00  0.0000E+00
 5.1665E+01  0.0000E+00  0.0000E+00  0.0000E+00  0.0000E+00  0.0000E+00
 5.2060E+01  0.0000E+00  0.0000E+00  0.0000E+00  0.0000E+00  0.0000E+00
 5.2459E+01  0.0000E+00  0.0000E+00  0.0000E+00  0.0000E+00  0.0000E+00
 5.2861E+01  0.0000E+00  0.0000E+00  0.0000E+00  0.0000E+00  0.0000E+00
 5.3266E+01  0.0000E+00  0.0000E+00  0.0000E+00  0.0000E+00  0.0000E+00
 5.3673E+01  0.0000E+00  0.0000E+00  0.0000E+00  0.0000E+00  0.0000E+00
 5.4085E+01  0.0000E+00  0.0000E+00  0.0000E+00  0.0000E+00  0.0000E+00
 5.4499E+01  0.0000E+00  0.0000E+00  0.0000E+00  0.0000E+00  0.0000E+00
 5.4916E+01  0.0000E+00  0.0000E+00  0.0000E+00  0.0000E+00  0.0000E+00
 5.5337E+01  0.0000E+00  0.0000E+00  0.0000E+00  0.0000E+00  0.0000E+00
 5.5760E+01  0.0000E+00  0.0000E+00  0.0000E+00  0.0000E+00  0.0000E+00
 5.6187E+01  0.0000E+00  0.0000E+00  0.0000E+00  0.0000E+00  0.0000E+00
 5.6618E+01  0.0000E+00  0.0000E+00  0.0000E+00  0.0000E+00  0.0000E+00
 5.7051E+01  0.0000E+00  0.0000E+00  0.0000E+00  0.0000E+00  0.0000E+00
 5.7488E+01  0.0000E+00  0.0000E+00  0.0000E+00  0.0000E+00  0.0000E+00
 5.7929E+01  0.0000E+00  0.0000E+00  0.0000E+00  0.0000E+00  0.0000E+00
 5.8372E+01  0.0000E+00  0.0000E+00  0.0000E+00  0.0000E+00  0.0000E+00
 5.8819E+01  0.0000E+00  0.0000E+00  0.0000E+00  0.0000E+00  0.0000E+00
 5.9270E+01  0.0000E+00  0.0000E+00  0.0000E+00  0.0000E+00  0.0000E+00
 5.9724E+01  0.0000E+00  0.0000E+00  0.0000E+00  0.0000E+00  0.0000E+00
 6.0181E+01  0.0000E+00  0.0000E+00  0.0000E+00  0.0000E+00  0.0000E+00
 6.0642E+01  0.0000E+00  0.0000E+00  0.0000E+00  0.0000E+00  0.0000E+00
 6.1106E+01  0.0000E+00  0.0000E+00  0.0000E+00  0.0000E+00  0.0000E+00
 6.1574E+01  0.0000E+00  0.0000E+00  0.0000E+00  0.0000E+00  0.0000E+00
 6.2046E+01  0.0000E+00  0.0000E+00  0.0000E+00  0.0000E+00  0.0000E+00
 6.2521E+01  0.0000E+00  0.0000E+00  0.0000E+00  0.0000E+00  0.0000E+00
 6.3000E+01  0.0000E+00  0.0000E+00  0.0000E+00  0.0000E+00  0.0000E+00
 6.3482E+01  0.0000E+00  0.0000E+00  0.0000E+00  0.0000E+00  0.0000E+00
 6.3968E+01  0.0000E+00  0.0000E+00  0.0000E+00  0.0000E+00  0.0000E+00
 6.4458E+01  0.0000E+00  0.0000E+00  0.0000E+00  0.0000E+00  0.0000E+00
 6.4952E+01  0.0000E+00  0.0000E+00  0.0000E+00  0.0000E+00  0.0000E+00
 6.5449E+01  0.0000E+00  0.0000E+00  0.0000E+00  0.0000E+00  0.0000E+00
 6.5951E+01  0.0000E+00  0.0000E+00  0.0000E+00  0.0000E+00  0.0000E+00
 6.6456E+01  0.0000E+00  0.0000E+00  0.0000E+00  0.0000E+00  0.0000E+00
 6.6965E+01  0.0000E+00  0.0000E+00  0.0000E+00  0.0000E+00  0.0000E+00
 6.7478E+01  0.0000E+00  0.0000E+00  0.0000E+00  0.0000E+00  0.0000E+00
 6.7994E+01  0.0000E+00  0.0000E+00  0.0000E+00  0.0000E+00  0.0000E+00
 6.8515E+01  0.0000E+00  0.0000E+00  0.0000E+00  0.0000E+00  0.0000E+00
 6.9040E+01  0.0000E+00  0.0000E+00  0.0000E+00  0.0000E+00  0.0000E+00
 6.9568E+01  0.0000E+00  0.0000E+00  0.0000E+00  0.0000E+00  0.0000E+00
 7.0101E+01  0.0000E+00  0.0000E+00  0.0000E+00  0.0000E+00  0.0000E+00
 7.0638E+01  0.0000E+00  0.0000E+00  0.0000E+00  0.0000E+00  0.0000E+00
 7.1179E+01  0.0000E+00  0.0000E+00  0.0000E+00  0.0000E+00  0.0000E+00
 7.1724E+01  0.0000E+00  0.0000E+00  0.0000E+00  0.0000E+00  0.0000E+00
 7.2273E+01  0.0000E+00  0.0000E+00  0.0000E+00  0.0000E+00  0.0000E+00
 7.2827E+01  0.0000E+00  0.0000E+00  0.0000E+00  0.0000E+00  0.0000E+00
 7.3385E+01  0.0000E+00  0.0000E+00  0.0000E+00  0.0000E+00  0.0000E+00
 7.3947E+01  0.0000E+00  0.0000E+00  0.0000E+00  0.0000E+00  0.0000E+00
 7.4513E+01  0.0000E+00  0.0000E+00  0.0000E+00  0.0000E+00  0.0000E+00
 7.5084E+01  0.0000E+00  0.0000E+00  0.0000E+00  0.0000E+00  0.0000E+00
 7.5659E+01  0.0000E+00  0.0000E+00  0.0000E+00  0.0000E+00  0.0000E+00
 7.6238E+01  0.0000E+00  0.0000E+00  0.0000E+00  0.0000E+00  0.0000E+00
 7.6822E+01  0.0000E+00  0.0000E+00  0.0000E+00  0.0000E+00  0.0000E+00
 7.7410E+01  0.0000E+00  0.0000E+00  0.0000E+00  0.0000E+00  0.0000E+00
 7.8003E+01  0.0000E+00  0.0000E+00  0.0000E+00  0.0000E+00  0.0000E+00
 7.8601E+01  0.0000E+00  0.0000E+00  0.0000E+00  0.0000E+00  0.0000E+00
 7.9202E+01  0.0000E+00  0.0000E+00  0.0000E+00  0.0000E+00  0.0000E+00
 7.9809E+01  0.0000E+00  0.0000E+00  0.0000E+00  0.0000E+00  0.0000E+00
 8.0420E+01  0.0000E+00  0.0000E+00  0.0000E+00  0.0000E+00  0.0000E+00
 8.1036E+01  0.0000E+00  0.0000E+00  0.0000E+00  0.0000E+00  0.0000E+00
 8.1657E+01  0.0000E+00  0.0000E+00  0.0000E+00  0.0000E+00  0.0000E+00
 8.2282E+01  0.0000E+00  0.0000E+00  0.0000E+00  0.0000E+00  0.0000E+00
 8.2912E+01  0.0000E+00  0.0000E+00  0.0000E+00  0.0000E+00  0.0000E+00
 8.3547E+01  0.0000E+00  0.0000E+00  0.0000E+00  0.0000E+00  0.0000E+00
 8.4187E+01  0.0000E+00  0.0000E+00  0.0000E+00  0.0000E+00  0.0000E+00
 8.4832E+01  0.0000E+00  0.0000E+00  0.0000E+00  0.0000E+00  0.0000E+00
 8.5481E+01  0.0000E+00  0.0000E+00  0.0000E+00  0.0000E+00  0.0000E+00
 8.6136E+01  0.0000E+00  0.0000E+00  0.0000E+00  0.0000E+00  0.0000E+00
 8.6796E+01  0.0000E+00  0.0000E+00  0.0000E+00  0.0000E+00  0.0000E+00
 8.7460E+01  0.0000E+00  0.0000E+00  0.0000E+00  0.0000E+00  0.0000E+00
 8.8130E+01  0.0000E+00  0.0000E+00  0.0000E+00  0.0000E+00  0.0000E+00
 8.8805E+01  0.0000E+00  0.0000E+00  0.0000E+00  0.0000E+00  0.0000E+00
 8.9485E+01  0.0000E+00  0.0000E+00  0.0000E+00  0.0000E+00  0.0000E+00
 9.0171E+01  0.0000E+00  0.0000E+00  0.0000E+00  0.0000E+00  0.0000E+00
 9.0861E+01  0.0000E+00  0.0000E+00  0.0000E+00  0.0000E+00  0.0000E+00
 9.1557E+01  0.0000E+00  0.0000E+00  0.0000E+00  0.0000E+00  0.0000E+00
 9.2258E+01  0.0000E+00  0.0000E+00  0.0000E+00  0.0000E+00  0.0000E+00
 9.2965E+01  0.0000E+00  0.0000E+00  0.0000E+00  0.0000E+00  0.0000E+00
 9.3677E+01  0.0000E+00  0.0000E+00  0.0000E+00  0.0000E+00  0.0000E+00
 9.4394E+01  0.0000E+00  0.0000E+00  0.0000E+00  0.0000E+00  0.0000E+00
 9.5117E+01  0.0000E+00  0.0000E+00  0.0000E+00  0.0000E+00  0.0000E+00
 9.5845E+01  0.0000E+00  0.0000E+00  0.0000E+00  0.0000E+00  0.0000E+00
 9.6579E+01  0.0000E+00  0.0000E+00  0.0000E+00  0.0000E+00  0.0000E+00
 9.7319E+01  0.0000E+00  0.0000E+00  0.0000E+00  0.0000E+00  0.0000E+00
 9.8064E+01  0.0000E+00  0.0000E+00  0.0000E+00  0.0000E+00  0.0000E+00
 9.8815E+01  0.0000E+00  0.0000E+00  0.0000E+00  0.0000E+00  0.0000E+00
 9.9572E+01  0.0000E+00  0.0000E+00  0.0000E+00  0.0000E+00  0.0000E+00
 1.0033E+02  2.1753E-01  1.2974E+02  1.5928E-01  1.8936E+02  1.0000E+00
 1.0110E+02  2.1759E-01  1.2879E+02  1.5974E-01  1.8847E+02  1.0000E+00
 1.0188E+02  2.1765E-01  1.2785E+02  1.6020E-01  1.8757E+02  1.0000E+00
 1.0266E+02  2.1771E-01  1.2691E+02  1.6065E-01  1.8668E+02  1.0000E+00
 1.0344E+02  2.1778E-01  1.2598E+02  1.6111E-01  1.8580E+02  1.0000E+00
 1.0424E+02  2.1784E-01  1.2506E+02  1.6157E-01  1.8491E+02  1.0000E+00
 1.0503E+02  2.1790E-01  1.2415E+02  1.6202E-01  1.8403E+02  1.0000E+00
 1.0584E+02  2.1797E-01  1.2324E+02  1.6248E-01  1.8315E+02  1.0000E+00
 1.0665E+02  2.1803E-01  1.2234E+02  1.6294E-01  1.8227E+02  1.0000E+00
 1.0747E+02  2.1809E-01  1.2144E+02  1.6339E-01  1.8140E+02  1.0000E+00
 1.0829E+02  2.1816E-01  1.2055E+02  1.6385E-01  1.8053E+02  1.0000E+00
 1.0912E+02  2.1822E-01  1.1967E+02  1.6431E-01  1.7966E+02  1.0000E+00
 1.0995E+02  2.1829E-01  1.1880E+02  1.6476E-01  1.7879E+02  1.0000E+00
 1.1080E+02  2.1835E-01  1.1793E+02  1.6522E-01  1.7793E+02  1.0000E+00
 1.1164E+02  2.1842E-01  1.1707E+02  1.6568E-01  1.7707E+02  1.0000E+00
 1.1250E+02  2.1848E-01  1.1622E+02  1.6613E-01  1.7621E+02  1.0000E+00
 1.1336E+02  2.1855E-01  1.1537E+02  1.6659E-01  1.7536E+02  1.0000E+00
 1.1423E+02  2.1862E-01  1.1453E+02  1.6705E-01  1.7451E+02  1.0000E+00
 1.1510E+02  2.1869E-01  1.1369E+02  1.6750E-01  1.7366E+02  1.0000E+00
 1.1599E+02  2.1875E-01  1.1286E+02  1.6796E-01  1.7281E+02  1.0000E+00
 1.1687E+02  2.1882E-01  1.1204E+02  1.6842E-01  1.7197E+02  1.0000E+00
 1.1777E+02  2.1889E-01  1.1122E+02  1.6887E-01  1.7113E+02  1.0000E+00
 1.1867E+02  2.1896E-01  1.1041E+02  1.6933E-01  1.7029E+02  1.0000E+00
 1.1958E+02  2.1903E-01  1.0961E+02  1.6979E-01  1.6946E+02  1.0000E+00
 1.2050E+02  2.1910E-01  1.0881E+02  1.7024E-01  1.6862E+02  1.0000E+00
 1.2142E+02  2.1917E-01  1.0802E+02  1.7070E-01  1.6779E+02  1.0000E+00
 1.2235E+02  2.1924E-01  1.0723E+02  1.7116E-01  1.6697E+02  1.0000E+00
 1.2329E+02  2.1932E-01  1.0645E+02  1.7161E-01  1.6614E+02  1.0000E+00
 1.2423E+02  2.1939E-01  1.0568E+02  1.7207E-01  1.6532E+02  1.0000E+00
 1.2518E+02  2.1946E-01  1.0491E+02  1.7253E-01  1.6451E+02  1.0000E+00
 1.2614E+02  2.1953E-01  1.0415E+02  1.7298E-01  1.6369E+02  1.0000E+00
 1.2711E+02  2.1961E-01  1.0339E+02  1.7344E-01  1.6288E+02  1.0000E+00
 1.2808E+02  2.1968E-01  1.0264E+02  1.7390E-01  1.6207E+02  1.0000E+00
 1.2906E+02  2.1976E-01  1.0189E+02  1.7436E-01  1.6127E+02  1.0000E+00
 1.3005E+02  2.1983E-01  1.0115E+02  1.7481E-01  1.6046E+02  1.0000E+00
 1.3104E+02  2.1991E-01  1.0042E+02  1.7527E-01  1.5966E+02  1.0000E+00
 1.3205E+02  2.1998E-01  9.9689E+01  1.7573E-01  1.5886E+02  1.0000E+00
 1.3306E+02  2.2006E-01  9.8965E+01  1.7618E-01  1.5807E+02  1.0000E+00
 1.3408E+02  2.2014E-01  9.8248E+01  1.7664E-01  1.5728E+02  1.0000E+00
 1.3510E+02  2.2021E-01  9.7535E+01  1.7710E-01  1.5649E+02  1.0000E+00
 1.3614E+02  2.2029E-01  9.6828E+01  1.7755E-01  1.5570E+02  1.0000E+00
 1.3718E+02  2.2037E-01  9.6126E+01  1.7801E-01  1.5492E+02  1.0000E+00
 1.3823E+02  2.2045E-01  9.5430E+01  1.7847E-01  1.5414E+02  1.0000E+00
 1.3929E+02  2.2053E-01  9.4739E+01  1.7892E-01  1.5336E+02  1.0000E+00
 1.4036E+02  2.2061E-01  9.4053E+01  1.7938E-01  1.5259E+02  1.0000E+00
 1.4143E+02  2.2069E-01  9.3372E+01  1.7984E-01  1.5182E+02  1.0000E+00
 1.4252E+02  2.2077E-01  9.2696E+01  1.8029E-01  1.5105E+02  1.0000E+00
 1.4361E+02  2.2085E-01  9.2026E+01  1.8075E-01  1.5028E+02  1.0000E+00
 1.4471E+02  2.2094E-01  9.1360E+01  1.8121E-01  1.4952E+02  1.0000E+00
 1.4582E+02  2.2102E-01  9.0700E+01  1.8167E-01  1.4876E+02  1.0000E+00
 1.4693E+02  2.2110E-01  9.0044E+01  1.8212E-01  1.4801E+02  1.0000E+00
 1.4806E+02  2.2119E-01  8.9394E+01  1.8258E-01  1.4725E+02  1.0000E+00
 1.4919E+02  2.2127E-01  8.8748E+01  1.8304E-01  1.4650E+02  1.0000E+00
 1.5033E+02  2.2135E-01  8.8107E+01  1.8349E-01  1.4575E+02  1.0000E+00
 1.5149E+02  2.2144E-01  8.7471E+01  1.8395E-01  1.4501E+02  1.0000E+00
 1.5265E+02  2.2153E-01  8.6840E+01  1.8441E-01  1.4427E+02  1.0000E+00
 1.5381E+02  2.2161E-01  8.6213E+01  1.8486E-01  1.4353E+02  1.0000E+00
 1.5499E+02  2.2170E-01  8.5591E+01  1.8532E-01  1.4279E+02  1.0000E+00
 1.5618E+02  2.2179E-01  8.4974E+01  1.8578E-01  1.4206E+02  1.0000E+00
 1.5738E+02  2.2187E-01  8.4362E+01  1.8623E-01  1.4133E+02  1.0000E+00
 1.5858E+02  2.2196E-01  8.3754E+01  1.8669E-01  1.4060E+02  1.0000E+00
 1.5980E+02  2.2205E-01  8.3151E+01  1.8715E-01  1.3987E+02  1.0000E+00
 1.6102E+02  2.2214E-01  8.2552E+01  1.8761E-01  1.3915E+02  1.0000E+00
 1.6225E+02  2.2223E-01  8.1958E+01  1.8806E-01  1.3843E+02  1.0000E+00
 1.6349E+02  2.2232E-01  8.1368E+01  1.8852E-01  1.3772E+02  1.0000E+00
 1.6475E+02  2.2241E-01  8.0782E+01  1.8898E-01  1.3700E+02  1.0000E+00
 1.6601E+02  2.2250E-01  8.0201E+01  1.8943E-01  1.3629E+02  1.0000E+00
 1.6728E+02  2.2260E-01  7.9625E+01  1.8989E-01  1.3559E+02  1.0000E+00
 1.6856E+02  2.2269E-01  7.9052E+01  1.9035E-01  1.3488E+02  1.0000E+00
 1.6985E+02  2.2278E-01  7.8484E+01  1.9081E-01  1.3418E+02  1.0000E+00
 1.7115E+02  2.2288E-01  7.7920E+01  1.9126E-01  1.3348E+02  1.0000E+00
 1.7246E+02  2.2297E-01  7.7361E+01  1.9172E-01  1.3279E+02  1.0000E+00
 1.7378E+02  2.2307E-01  7.6806E+01  1.9218E-01  1.3209E+02  1.0000E+00
 1.7511E+02  2.2316E-01  7.6254E+01  1.9263E-01  1.3140E+02  1.0000E+00
 1.7646E+02  2.2326E-01  7.5707E+01  1.9309E-01  1.3071E+02  1.0000E+00
 1.7781E+02  2.2335E-01  7.5164E+01  1.9355E-01  1.3003E+02  1.0000E+00
 1.7917E+02  2.2345E-01  7.4625E+01  1.9401E-01  1.2935E+02  1.0000E+00
 1.8054E+02  2.2355E-01  7.4090E+01  1.9446E-01  1.2867E+02  1.0000E+00
 1.8192E+02  2.2365E-01  7.3560E+01  1.9492E-01  1.2799E+02  1.0000E+00
 1.8332E+02  2.2375E-01  7.3033E+01  1.9538E-01  1.2732E+02  1.0000E+00
 1.8472E+02  2.2385E-01  7.2510E+01  1.9583E-01  1.2665E+02  1.0000E+00
 1.8614E+02  2.2395E-01  7.1991E+01  1.9629E-01  1.2598E+02  1.0000E+00
 1.8756E+02  2.2405E-01  7.1475E+01  1.9675E-01  1.2532E+02  1.0000E+00
 1.8900E+02  2.2415E-01  7.0964E+01  1.9721E-01  1.2466E+02  1.0000E+00
 1.9045E+02  2.2425E-01  7.0457E+01  1.9766E-01  1.2400E+02  1.0000E+00
 1.9190E+02  2.2435E-01  6.9953E+01  1.9812E-01  1.2334E+02  1.0000E+00
 1.9337E+02  2.2445E-01  6.9453E+01  1.9858E-01  1.2269E+02  1.0000E+00
 1.9485E+02  2.2456E-01  6.8957E+01  1.9904E-01  1.2204E+02  1.0000E+00
 1.9635E+02  2.2466E-01  6.8464E+01  1.9949E-01  1.2139E+02  1.0000E+00
 1.9785E+02  2.2477E-01  6.7975E+01  1.9995E-01  1.2075E+02  1.0000E+00
 1.9937E+02  2.2487E-01  6.7490E+01  2.0041E-01  1.2010E+02  1.0000E+00
 2.0089E+02  2.2498E-01  6.7009E+01  2.0086E-01  1.1946E+02  1.0000E+00
 2.0243E+02  2.2508E-01  6.6531E+01  2.0132E-01  1.1883E+02  1.0000E+00
 2.0398E+02  2.2519E-01  6.6056E+01  2.0178E-01  1.1819E+02  1.0000E+00
 2.0554E+02  2.2530E-01  6.5586E+01  2.0224E-01  1.1756E+02  1.0000E+00
 2.0712E+02  2.2541E-01  6.5118E+01  2.0269E-01  1.1694E+02  1.0000E+00
 2.0870E+02  2.2551E-01  6.4654E+01  2.0315E-01  1.1631E+02  1.0000E+00
 2.1030E+02  2.2562E-01  6.4194E+01  2.0361E-01  1.1569E+02  1.0000E+00
 2.1191E+02  2.2573E-01  6.3737E+01  2.0407E-01  1.1507E+02  1.0000E+00
 2.1354E+02  2.2584E-01  6.3283E+01  2.0452E-01  1.1445E+02  1.0000E+00
 2.1517E+02  2.2595E-01  6.2833E+01  2.0498E-01  1.1384E+02  1.0000E+00
 2.1682E+02  2.2607E-01  6.2386E+01  2.0544E-01  1.1322E+02  1.0000E+00
 2.1848E+02  2.2618E-01  6.1943E+01  2.0590E-01  1.1262E+02  1.0000E+00
 2.2015E+02  2.2629E-01  6.1503E+01  2.0635E-01  1.1201E+02  1.0000E+00
 2.2184E+02  2.2640E-01  6.1066E+01  2.0681E-01  1.1141E+02  1.0000E+00
 2.2354E+02  2.2652E-01  6.0632E+01  2.0727E-01  1.1080E+02  1.0000E+00
 2.2525E+02  2.2663E-01  6.0201E+01  2.0773E-01  1.1021E+02  1.0000E+00
 2.2697E+02  2.2675E-01  5.9774E+01  2.0818E-01  1.0961E+02  1.0000E+00
 2.2871E+02  2.2686E-01  5.9350E+01  2.0864E-01  1.0902E+02  1.0000E+00
 2.3046E+02  2.2698E-01  5.8929E+01  2.0910E-01  1.0843E+02  1.0000E+00
 2.3223E+02  2.2710E-01  5.8511E+01  2.0956E-01  1.0784E+02  1.0000E+00
 2.3401E+02  2.2721E-01  5.8097E+01  2.1001E-01  1.0726E+02  1.0000E+00
 2.3580E+02  2.2733E-01  5.7685E+01  2.1047E-01  1.0667E+02  1.0000E+00
 2.3761E+02  2.2745E-01  5.7276E+01  2.1093E-01  1.0609E+02  1.0000E+00
 2.3942E+02  2.2757E-01  5.6871E+01  2.1139E-01  1.0552E+02  1.0000E+00
 2.4126E+02  2.2769E-01  5.6468E+01  2.1185E-01  1.0494E+02  1.0000E+00
 2.4311E+02  2.2781E-01  5.6069E+01  2.1230E-01  1.0437E+02  1.0000E+00
 2.4497E+02  2.2793E-01  5.5672E+01  2.1276E-01  1.0380E+02  1.0000E+00
 2.4684E+02  2.2806E-01  5.5278E+01  2.1322E-01  1.0324E+02  1.0000E+00
 2.4873E+02  2.2818E-01  5.4888E+01  2.1368E-01  1.0267E+02  1.0000E+00
 2.5064E+02  2.2830E-01  5.4500E+01  2.1413E-01  1.0211E+02  1.0000E+00
 2.5256E+02  2.2842E-01  5.4115E+01  2.1459E-01  1.0155E+02  1.0000E+00
 2.5449E+02  2.2855E-01  5.3733E+01  2.1505E-01  1.0100E+02  1.0000E+00
 2.5644E+02  2.2867E-01  5.3353E+01  2.1551E-01  1.0045E+02  1.0000E+00
 2.5841E+02  2.2880E-01  5.2977E+01  2.1597E-01  9.9895E+01  1.0000E+00
 2.6038E+02  2.2893E-01  5.2603E+01  2.1642E-01  9.9347E+01  1.0000E+00
 2.6238E+02  2.2905E-01  5.2232E+01  2.1688E-01  9.8801E+01  1.0000E+00
 2.6439E+02  2.2918E-01  5.1864E+01  2.1734E-01  9.8258E+01  1.0000E+00
 2.6641E+02  2.2931E-01  5.1499E+01  2.1780E-01  9.7718E+01  1.0000E+00
 2.6845E+02  2.2944E-01  5.1136E+01  2.1826E-01  9.7180E+01  1.0000E+00
 2.7051E+02  2.2957E-01  5.0776E+01  2.1871E-01  9.6645E+01  1.0000E+00
 2.7258E+02  2.2970E-01  5.0418E+01  2.1917E-01  9.6112E+01  1.0000E+00
 2.7467E+02  2.2983E-01  5.0063E+01  2.1963E-01  9.5582E+01  1.0000E+00
 2.7677E+02  2.2996E-01  4.9711E+01  2.2009E-01  9.5054E+01  1.0000E+00
 2.7889E+02  2.3009E-01  4.9362E+01  2.2055E-01  9.4529E+01  1.0000E+00
 2.8103E+02  2.3023E-01  4.9015E+01  2.2100E-01  9.4006E+01  1.0000E+00
 2.8318E+02  2.3036E-01  4.8671E+01  2.2146E-01  9.3486E+01  1.0000E+00
 2.8535E+02  2.3050E-01  4.8330E+01  2.2192E-01  9.2968E+01  1.0000E+00
 2.8753E+02  2.3064E-01  4.7991E+01  2.2238E-01  9.2453E+01  1.0000E+00
 2.8974E+02  2.3078E-01  4.7655E+01  2.2284E-01  9.1940E+01  1.0000E+00
 2.9195E+02  2.3092E-01  4.7321E+01  2.2329E-01  9.1430E+01  1.0000E+00
 2.9419E+02  2.3106E-01  4.6990E+01  2.2375E-01  9.0922E+01  1.0000E+00
 2.9644E+02  2.3120E-01  4.6662E+01  2.2421E-01  9.0416E+01  1.0000E+00
 2.9871E+02  2.3134E-01  4.6336E+01  2.2467E-01  8.9913E+01  1.0000E+00
 3.0100E+02  2.3149E-01  4.6012E+01  2.2513E-01  8.9413E+01  1.0000E+00
 3.0331E+02  2.3163E-01  4.5691E+01  2.2558E-01  8.8914E+01  1.0000E+00
 3.0563E+02  2.3178E-01  4.5372E+01  2.2604E-01  8.8419E+01  1.0000E+00
 3.0797E+02  2.3193E-01  4.5056E+01  2.2650E-01  8.7925E+01  1.0000E+00
 3.1033E+02  2.3207E-01  4.4742E+01  2.2696E-01  8.7434E+01  1.0000E+00
 3.1271E+02  2.3222E-01  4.4431E+01  2.2742E-01  8.6946E+01  1.0000E+00
 3.1510E+02  2.3238E-01  4.4121E+01  2.2788E-01  8.6460E+01  1.0000E+00
 3.1751E+02  2.3253E-01  4.3815E+01  2.2833E-01  8.5976E+01  1.0000E+00
 3.1994E+02  2.3268E-01  4.3510E+01  2.2879E-01  8.5494E+01  1.0000E+00
 3.2240E+02  2.3283E-01  4.3208E+01  2.2925E-01  8.5015E+01  1.0000E+00
 3.2486E+02  2.3299E-01  4.2908E+01  2.2971E-01  8.4539E+01  1.0000E+00
 3.2735E+02  2.3315E-01  4.2611E+01  2.3017E-01  8.4064E+01  1.0000E+00
 3.2986E+02  2.3330E-01  4.2315E+01  2.3063E-01  8.3592E+01  1.0000E+00
 3.3239E+02  2.3346E-01  4.2022E+01  2.3109E-01  8.3122E+01  1.0000E+00
 3.3493E+02  2.3362E-01  4.1731E+01  2.3154E-01  8.2655E+01  1.0000E+00
 3.3750E+02  2.3379E-01  4.1443E+01  2.3200E-01  8.2190E+01  1.0000E+00
 3.4008E+02  2.3395E-01  4.1156E+01  2.3246E-01  8.1727E+01  1.0000E+00
 3.4268E+02  2.3411E-01  4.0872E+01  2.3292E-01  8.1266E+01  1.0000E+00
 3.4531E+02  2.3428E-01  4.0590E+01  2.3338E-01  8.0808E+01  1.0000E+00
 3.4795E+02  2.3444E-01  4.0310E+01  2.3384E-01  8.0352E+01  1.0000E+00
 3.5062E+02  2.3461E-01  4.0032E+01  2.3430E-01  7.9899E+01  1.0000E+00
 3.5330E+02  2.3478E-01  3.9756E+01  2.3475E-01  7.9447E+01  1.0000E+00
 3.5601E+02  2.3495E-01  3.9482E+01  2.3521E-01  7.8998E+01  1.0000E+00
 3.5874E+02  2.3512E-01  3.9210E+01  2.3567E-01  7.8551E+01  1.0000E+00
 3.6148E+02  2.3529E-01  3.8940E+01  2.3613E-01  7.8106E+01  1.0000E+00
 3.6425E+02  2.3546E-01  3.8673E+01  2.3659E-01  7.7664E+01  1.0000E+00
 3.6704E+02  2.3563E-01  3.8407E+01  2.3705E-01  7.7224E+01  1.0000E+00
 3.6985E+02  2.3581E-01  3.8143E+01  2.3751E-01  7.6786E+01  1.0000E+00
 3.7268E+02  2.3598E-01  3.7882E+01  2.3797E-01  7.6350E+01  1.0000E+00
 3.7554E+02  2.3616E-01  3.7622E+01  2.3842E-01  7.5916E+01  1.0000E+00
 3.7841E+02  2.3634E-01  3.7364E+01  2.3888E-01  7.5485E+01  1.0000E+00
 3.8131E+02  2.3652E-01  3.7108E+01  2.3934E-01  7.5055E+01  1.0000E+00
 3.8423E+02  2.3670E-01  3.6854E+01  2.3980E-01  7.4628E+01  1.0000E+00
 3.8718E+02  2.3688E-01  3.6602E+01  2.4026E-01  7.4203E+01  1.0000E+00
 3.9014E+02  2.3707E-01  3.6352E+01  2.4072E-01  7.3781E+01  1.0000E+00
 3.9313E+02  2.3725E-01  3.6103E+01  2.4118E-01  7.3360E+01  1.0000E+00
 3.9614E+02  2.3744E-01  3.5857E+01  2.4164E-01  7.2942E+01  1.0000E+00
 3.9917E+02  2.3762E-01  3.5612E+01  2.4210E-01  7.2525E+01  1.0000E+00
 4.0223E+02  2.3781E-01  3.5369E+01  2.4256E-01  7.2111E+01  1.0000E+00
 4.0531E+02  2.3800E-01  3.5128E+01  2.4302E-01  7.1699E+01  1.0000E+00
 4.0841E+02  2.3819E-01  3.4889E+01  2.4347E-01  7.1289E+01  1.0000E+00
 4.1154E+02  2.3838E-01  3.4652E+01  2.4393E-01  7.0881E+01  1.0000E+00
 4.1469E+02  2.3857E-01  3.4416E+01  2.4439E-01  7.0475E+01  1.0000E+00
 4.1787E+02  2.3877E-01  3.4182E+01  2.4485E-01  7.0071E+01  1.0000E+00
 4.2107E+02  2.3896E-01  3.3950E+01  2.4531E-01  6.9670E+01  1.0000E+00
 4.2429E+02  2.3916E-01  3.3719E+01  2.4577E-01  6.9270E+01  1.0000E+00
 4.2754E+02  2.3935E-01  3.3490E+01  2.4623E-01  6.8873E+01  1.0000E+00
 4.3082E+02  2.3955E-01  3.3263E+01  2.4669E-01  6.8477E+01  1.0000E+00
 4.3412E+02  2.3975E-01  3.3038E+01  2.4715E-01  6.8084E+01  1.0000E+00
 4.3744E+02  2.3995E-01  3.2814E+01  2.4761E-01  6.7692E+01  1.0000E+00
 4.4079E+02  2.4015E-01  3.2592E+01  2.4807E-01  6.7303E+01  1.0000E+00
 4.4417E+02  2.4036E-01  3.2371E+01  2.4853E-01  6.6915E+01  1.0000E+00
 4.4757E+02  2.4056E-01  3.2152E+01  2.4899E-01  6.6530E+01  1.0000E+00
 4.5100E+02  2.4076E-01  3.1935E+01  2.4945E-01  6.6147E+01  1.0000E+00
 4.5445E+02  2.4097E-01  3.1719E+01  2.4991E-01  6.5765E+01  1.0000E+00
 4.5793E+02  2.4118E-01  3.1505E+01  2.5037E-01  6.5386E+01  1.0000E+00
 4.6144E+02  2.4139E-01  3.1293E+01  2.5083E-01  6.5008E+01  1.0000E+00
 4.6497E+02  2.4160E-01  3.1082E+01  2.5129E-01  6.4633E+01  1.0000E+00
 4.6853E+02  2.4181E-01  3.0873E+01  2.5175E-01  6.4259E+01  1.0000E+00
 4.7212E+02  2.4202E-01  3.0665E+01  2.5221E-01  6.3888E+01  1.0000E+00
 4.7574E+02  2.4223E-01  3.0458E+01  2.5267E-01  6.3518E+01  1.0000E+00
 4.7938E+02  2.4245E-01  3.0254E+01  2.5312E-01  6.3151E+01  1.0000E+00
 4.8305E+02  2.4266E-01  3.0050E+01  2.5358E-01  6.2785E+01  1.0000E+00
 4.8675E+02  2.4288E-01  2.9848E+01  2.5404E-01  6.2421E+01  1.0000E+00
 4.9048E+02  2.4310E-01  2.9648E+01  2.5450E-01  6.2059E+01  1.0000E+00
 4.9424E+02  2.4332E-01  2.9449E+01  2.5496E-01  6.1699E+01  1.0000E+00
 4.9802E+02  2.4354E-01  2.9252E+01  2.5542E-01  6.1341E+01  1.0000E+00
 5.0183E+02  2.4376E-01  2.9056E+01  2.5589E-01  6.0985E+01  1.0000E+00
 5.0568E+02  2.4398E-01  2.8861E+01  2.5635E-01  6.0630E+01  1.0000E+00
 5.0955E+02  2.4421E-01  2.8668E+01  2.5681E-01  6.0278E+01  1.0000E+00
 5.1345E+02  2.4443E-01  2.8476E+01  2.5727E-01  5.9927E+01  1.0000E+00
 5.1738E+02  2.4466E-01  2.8286E+01  2.5773E-01  5.9579E+01  1.0000E+00
 5.2135E+02  2.4488E-01  2.8097E+01  2.5819E-01  5.9232E+01  1.0000E+00
 5.2534E+02  2.4511E-01  2.7909E+01  2.5865E-01  5.8887E+01  1.0000E+00
 5.2936E+02  2.4534E-01  2.7723E+01  2.5911E-01  5.8543E+01  1.0000E+00
 5.3342E+02  2.4557E-01  2.7538E+01  2.5957E-01  5.8202E+01  1.0000E+00
 5.3750E+02  2.4581E-01  2.7354E+01  2.6003E-01  5.7862E+01  1.0000E+00
 5.4162E+02  2.4604E-01  2.7172E+01  2.6049E-01  5.7525E+01  1.0000E+00
 5.4577E+02  2.4627E-01  2.6991E+01  2.6095E-01  5.7189E+01  1.0000E+00
 5.4995E+02  2.4651E-01  2.6812E+01  2.6141E-01  5.6854E+01  1.0000E+00
 5.5416E+02  2.4675E-01  2.6633E+01  2.6187E-01  5.6522E+01  1.0000E+00
 5.5840E+02  2.4699E-01  2.6456E+01  2.6233E-01  5.6191E+01  1.0000E+00
 5.6268E+02  2.4722E-01  2.6281E+01  2.6279E-01  5.5862E+01  1.0000E+00
 5.6699E+02  2.4746E-01  2.6106E+01  2.6325E-01  5.5535E+01  1.0000E+00
 5.7133E+02  2.4771E-01  2.5933E+01  2.6371E-01  5.5210E+01  1.0000E+00
 5.7571E+02  2.4795E-01  2.5761E+01  2.6417E-01  5.4886E+01  1.0000E+00
 5.8011E+02  2.4819E-01  2.5590E+01  2.6463E-01  5.4565E+01  1.0000E+00
 5.8456E+02  2.4844E-01  2.5421E+01  2.6510E-01  5.4244E+01  1.0000E+00
 5.8903E+02  2.4868E-01  2.5252E+01  2.6556E-01  5.3926E+01  1.0000E+00
 5.9354E+02  2.4893E-01  2.5085E+01  2.6602E-01  5.3609E+01  1.0000E+00
 5.9809E+02  2.4918E-01  2.4919E+01  2.6648E-01  5.3294E+01  1.0000E+00
 6.0267E+02  2.4943E-01  2.4755E+01  2.6694E-01  5.2981E+01  1.0000E+00
 6.0729E+02  2.4968E-01  2.4591E+01  2.6740E-01  5.2669E+01  1.0000E+00
 6.1194E+02  2.4993E-01  2.4429E+01  2.6786E-01  5.2359E+01  1.0000E+00
 6.1662E+02  2.5019E-01  2.4268E+01  2.6832E-01  5.2051E+01  1.0000E+00
 6.2135E+02  2.5044E-01  2.4108E+01  2.6878E-01  5.1745E+01  1.0000E+00
 6.2610E+02  2.5070E-01  2.3949E+01  2.6925E-01  5.1440E+01  1.0000E+00
 6.3090E+02  2.5096E-01  2.3791E+01  2.6971E-01  5.1137E+01  1.0000E+00
 6.3573E+02  2.5122E-01  2.3635E+01  2.7017E-01  5.0835E+01  1.0000E+00
 6.4060E+02  2.5149E-01  2.3480E+01  2.7063E-01  5.0535E+01  1.0000E+00
 6.4551E+02  2.5175E-01  2.3326E+01  2.7109E-01  5.0237E+01  1.0000E+00
 6.5045E+02  2.5202E-01  2.3173E+01  2.7155E-01  4.9940E+01  1.0000E+00
 6.5543E+02  2.5229E-01  2.3021E+01  2.7202E-01  4.9645E+01  1.0000E+00
 6.6045E+02  2.5256E-01  2.2871E+01  2.7248E-01  4.9351E+01  1.0000E+00
 6.6551E+02  2.5283E-01  2.2721E+01  2.7294E-01  4.9059E+01  1.0000E+00
 6.7060E+02  2.5311E-01  2.2573E+01  2.7340E-01  4.8769E+01  1.0000E+00
 6.7574E+02  2.5338E-01  2.2426E+01  2.7386E-01  4.8480E+01  1.0000E+00
 6.8092E+02  2.5366E-01  2.2280E+01  2.7432E-01  4.8193E+01  1.0000E+00
 6.8613E+02  2.5394E-01  2.2135E+01  2.7479E-01  4.7908E+01  1.0000E+00
 6.9138E+02  2.5422E-01  2.1991E+01  2.7525E-01  4.7624E+01  1.0000E+00
 6.9668E+02  2.5451E-01  2.1848E+01  2.7571E-01  4.7341E+01  1.0000E+00
 7.0201E+02  2.5479E-01  2.1706E+01  2.7617E-01  4.7061E+01  1.0000E+00
 7.0739E+02  2.5508E-01  2.1566E+01  2.7664E-01  4.6781E+01  1.0000E+00
 7.1281E+02  2.5537E-01  2.1426E+01  2.7710E-01  4.6503E+01  1.0000E+00
 7.1827E+02  2.5566E-01  2.1287E+01  2.7756E-01  4.6227E+01  1.0000E+00
 7.2377E+02  2.5596E-01  2.1150E+01  2.7802E-01  4.5952E+01  1.0000E+00
 7.2931E+02  2.5625E-01  2.1013E+01  2.7848E-01  4.5679E+01  1.0000E+00
 7.3490E+02  2.5655E-01  2.0878E+01  2.7895E-01  4.5407E+01  1.0000E+00
 7.4052E+02  2.5685E-01  2.0743E+01  2.7941E-01  4.5137E+01  1.0000E+00
 7.4620E+02  2.5715E-01  2.0609E+01  2.7987E-01  4.4868E+01  1.0000E+00
 7.5191E+02  2.5746E-01  2.0477E+01  2.8033E-01  4.4601E+01  1.0000E+00
 7.5767E+02  2.5776E-01  2.0345E+01  2.8080E-01  4.4335E+01  1.0000E+00
 7.6347E+02  2.5807E-01  2.0215E+01  2.8126E-01  4.4071E+01  1.0000E+00
 7.6932E+02  2.5838E-01  2.0085E+01  2.8172E-01  4.3808E+01  1.0000E+00
 7.7521E+02  2.5869E-01  1.9956E+01  2.8219E-01  4.3547E+01  1.0000E+00
 7.8115E+02  2.5901E-01  1.9828E+01  2.8265E-01  4.3287E+01  1.0000E+00
 7.8713E+02  2.5932E-01  1.9702E+01  2.8311E-01  4.3029E+01  1.0000E+00
 7.9316E+02  2.5964E-01  1.9576E+01  2.8358E-01  4.2772E+01  1.0000E+00
 7.9923E+02  2.5996E-01  1.9451E+01  2.8404E-01  4.2516E+01  1.0000E+00
 8.0535E+02  2.6028E-01  1.9327E+01  2.8450E-01  4.2262E+01  1.0000E+00
 8.1152E+02  2.6060E-01  1.9203E+01  2.8496E-01  4.2009E+01  1.0000E+00
 8.1774E+02  2.6093E-01  1.9081E+01  2.8543E-01  4.1758E+01  1.0000E+00
 8.2400E+02  2.6125E-01  1.8960E+01  2.8589E-01  4.1508E+01  1.0000E+00
 8.3031E+02  2.6158E-01  1.8839E+01  2.8636E-01  4.1259E+01  1.0000E+00
 8.3667E+02  2.6191E-01  1.8720E+01  2.8682E-01  4.1012E+01  1.0000E+00
 8.4307E+02  2.6225E-01  1.8601E+01  2.8728E-01  4.0766E+01  1.0000E+00
 8.4953E+02  2.6258E-01  1.8483E+01  2.8775E-01  4.0522E+01  1.0000E+00
 8.5604E+02  2.6292E-01  1.8366E+01  2.8821E-01  4.0279E+01  1.0000E+00
 8.6259E+02  2.6326E-01  1.8250E+01  2.8867E-01  4.0037E+01  1.0000E+00
 8.6920E+02  2.6360E-01  1.8134E+01  2.8914E-01  3.9797E+01  1.0000E+00
 8.7586E+02  2.6394E-01  1.8020E+01  2.8960E-01  3.9558E+01  1.0000E+00
 8.8256E+02  2.6429E-01  1.7906E+01  2.9007E-01  3.9320E+01  1.0000E+00
 8.8932E+02  2.6463E-01  1.7793E+01  2.9053E-01  3.9084E+01  1.0000E+00
 8.9613E+02  2.6498E-01  1.7681E+01  2.9099E-01  3.8849E+01  1.0000E+00
 9.0300E+02  2.6533E-01  1.7570E+01  2.9146E-01  3.8615E+01  1.0000E+00
 9.0991E+02  2.6569E-01  1.7459E+01  2.9192E-01  3.8383E+01  1.0000E+00
 9.1688E+02  2.6604E-01  1.7350E+01  2.9239E-01  3.8152E+01  1.0000E+00
 9.2390E+02  2.6640E-01  1.7241E+01  2.9285E-01  3.7922E+01  1.0000E+00
 9.3098E+02  2.6676E-01  1.7133E+01  2.9332E-01  3.7694E+01  1.0000E+00
 9.3811E+02  2.6712E-01  1.7025E+01  2.9378E-01  3.7467E+01  1.0000E+00
 9.4529E+02  2.6748E-01  1.6919E+01  2.9425E-01  3.7241E+01  1.0000E+00
 9.5253E+02  2.6784E-01  1.6813E+01  2.9471E-01  3.7016E+01  1.0000E+00
 9.5983E+02  2.6821E-01  1.6708E+01  2.9518E-01  3.6793E+01  1.0000E+00
 9.6718E+02  2.6858E-01  1.6603E+01  2.9564E-01  3.6571E+01  1.0000E+00
 9.7458E+02  2.6895E-01  1.6500E+01  2.9611E-01  3.6350E+01  1.0000E+00
 9.8205E+02  2.6932E-01  1.6397E+01  2.9657E-01  3.6131E+01  1.0000E+00
 9.8957E+02  2.6970E-01  1.6295E+01  2.9704E-01  3.5913E+01  1.0000E+00
 9.9715E+02  2.7007E-01  1.6193E+01  2.9750E-01  3.5696E+01  1.0000E+00
 1.0048E+03  2.7045E-01  1.6093E+01  2.9797E-01  3.5480E+01  1.0000E+00
 1.0125E+03  2.7083E-01  1.5993E+01  2.9843E-01  3.5265E+01  1.0000E+00
 1.0202E+03  2.7121E-01  1.5894E+01  2.9890E-01  3.5052E+01  1.0000E+00
 1.0280E+03  2.7160E-01  1.5795E+01  2.9936E-01  3.4840E+01  1.0000E+00
 1.0359E+03  2.7198E-01  1.5697E+01  2.9983E-01  3.4629E+01  1.0000E+00
 1.0439E+03  2.7237E-01  1.5600E+01  3.0030E-01  3.4419E+01  1.0000E+00
 1.0518E+03  2.7276E-01  1.5503E+01  3.0076E-01  3.4211E+01  1.0000E+00
 1.0599E+03  2.7315E-01  1.5408E+01  3.0123E-01  3.4003E+01  1.0000E+00
 1.0680E+03  2.7355E-01  1.5312E+01  3.0169E-01  3.3797E+01  1.0000E+00
 1.0762E+03  2.7395E-01  1.5218E+01  3.0216E-01  3.3592E+01  1.0000E+00
 1.0844E+03  2.7434E-01  1.5124E+01  3.0263E-01  3.3389E+01  1.0000E+00
 1.0927E+03  2.7474E-01  1.5031E+01  3.0309E-01  3.3186E+01  1.0000E+00
 1.1011E+03  2.7515E-01  1.4938E+01  3.0356E-01  3.2985E+01  1.0000E+00
 1.1095E+03  2.7555E-01  1.4847E+01  3.0403E-01  3.2784E+01  1.0000E+00
 1.1180E+03  2.7596E-01  1.4755E+01  3.0449E-01  3.2585E+01  1.0000E+00
 1.1266E+03  2.7636E-01  1.4665E+01  3.0496E-01  3.2387E+01  1.0000E+00
 1.1352E+03  2.7678E-01  1.4575E+01  3.0543E-01  3.2190E+01  1.0000E+00
 1.1439E+03  2.7719E-01  1.4485E+01  3.0589E-01  3.1995E+01  1.0000E+00
 1.1527E+03  2.7760E-01  1.4397E+01  3.0636E-01  3.1800E+01  1.0000E+00
 1.1615E+03  2.7802E-01  1.4309E+01  3.0683E-01  3.1606E+01  1.0000E+00
 1.1704E+03  2.7844E-01  1.4221E+01  3.0729E-01  3.1414E+01  1.0000E+00
 1.1794E+03  2.7886E-01  1.4134E+01  3.0776E-01  3.1223E+01  1.0000E+00
 1.1884E+03  2.7928E-01  1.4048E+01  3.0823E-01  3.1033E+01  1.0000E+00
 1.1975E+03  2.7970E-01  1.3962E+01  3.0870E-01  3.0844E+01  1.0000E+00
 1.2067E+03  2.8013E-01  1.3877E+01  3.0916E-01  3.0656E+01  1.0000E+00
 1.2159E+03  2.8056E-01  1.3793E+01  3.0963E-01  3.0469E+01  1.0000E+00
 1.2252E+03  2.8099E-01  1.3709E+01  3.1010E-01  3.0283E+01  1.0000E+00
 1.2346E+03  2.8142E-01  1.3625E+01  3.1057E-01  3.0098E+01  1.0000E+00
 1.2441E+03  2.8186E-01  1.3542E+01  3.1104E-01  2.9915E+01  1.0000E+00
 1.2536E+03  2.8229E-01  1.3460E+01  3.1150E-01  2.9732E+01  1.0000E+00
 1.2632E+03  2.8273E-01  1.3378E+01  3.1197E-01  2.9550E+01  1.0000E+00
 1.2729E+03  2.8317E-01  1.3297E+01  3.1244E-01  2.9370E+01  1.0000E+00
 1.2826E+03  2.8361E-01  1.3217E+01  3.1291E-01  2.9190E+01  1.0000E+00
 1.2924E+03  2.8406E-01  1.3137E+01  3.1338E-01  2.9012E+01  1.0000E+00
 1.3023E+03  2.8450E-01  1.3057E+01  3.1385E-01  2.8835E+01  1.0000E+00
 1.3123E+03  2.8495E-01  1.2978E+01  3.1432E-01  2.8658E+01  1.0000E+00
 1.3224E+03  2.8540E-01  1.2900E+01  3.1478E-01  2.8483E+01  1.0000E+00
 1.3325E+03  2.8585E-01  1.2822E+01  3.1525E-01  2.8309E+01  1.0000E+00
 1.3427E+03  2.8631E-01  1.2745E+01  3.1572E-01  2.8135E+01  1.0000E+00
 1.3530E+03  2.8676E-01  1.2668E+01  3.1619E-01  2.7963E+01  1.0000E+00
 1.3633E+03  2.8722E-01  1.2591E+01  3.1666E-01  2.7792E+01  1.0000E+00
 1.3738E+03  2.8768E-01  1.2516E+01  3.1713E-01  2.7622E+01  1.0000E+00
 1.3843E+03  2.8814E-01  1.2440E+01  3.1760E-01  2.7452E+01  1.0000E+00
 1.3949E+03  2.8860E-01  1.2365E+01  3.1807E-01  2.7284E+01  1.0000E+00
 1.4056E+03  2.8907E-01  1.2291E+01  3.1854E-01  2.7117E+01  1.0000E+00
 1.4164E+03  2.8953E-01  1.2217E+01  3.1901E-01  2.6950E+01  1.0000E+00
 1.4272E+03  2.9000E-01  1.2144E+01  3.1948E-01  2.6785E+01  1.0000E+00
 1.4381E+03  2.9047E-01  1.2071E+01  3.1995E-01  2.6621E+01  1.0000E+00
 1.4491E+03  2.9095E-01  1.1999E+01  3.2042E-01  2.6457E+01  1.0000E+00
 1.4602E+03  2.9142E-01  1.1927E+01  3.2089E-01  2.6295E+01  1.0000E+00
 1.4714E+03  2.9189E-01  1.1855E+01  3.2136E-01  2.6133E+01  1.0000E+00
 1.4827E+03  2.9237E-01  1.1784E+01  3.2183E-01  2.5973E+01  1.0000E+00
 1.4940E+03  2.9285E-01  1.1714E+01  3.2231E-01  2.5813E+01  1.0000E+00
 1.5055E+03  2.9333E-01  1.1644E+01  3.2278E-01  2.5654E+01  1.0000E+00
 1.5170E+03  2.9381E-01  1.1574E+01  3.2325E-01  2.5497E+01  1.0000E+00
 1.5286E+03  2.9430E-01  1.1505E+01  3.2372E-01  2.5340E+01  1.0000E+00
 1.5403E+03  2.9478E-01  1.1436E+01  3.2419E-01  2.5184E+01  1.0000E+00
 1.5521E+03  2.9527E-01  1.1368E+01  3.2466E-01  2.5029E+01  1.0000E+00
 1.5640E+03  2.9576E-01  1.1300E+01  3.2513E-01  2.4875E+01  1.0000E+00
 1.5760E+03  2.9625E-01  1.1233E+01  3.2561E-01  2.4722E+01  1.0000E+00
 1.5881E+03  2.9675E-01  1.1166E+01  3.2608E-01  2.4569E+01  1.0000E+00
 1.6002E+03  2.9724E-01  1.1099E+01  3.2655E-01  2.4418E+01  1.0000E+00
 1.6125E+03  2.9774E-01  1.1033E+01  3.2702E-01  2.4268E+01  1.0000E+00
 1.6248E+03  2.9823E-01  1.0967E+01  3.2750E-01  2.4118E+01  1.0000E+00
 1.6373E+03  2.9873E-01  1.0902E+01  3.2797E-01  2.3969E+01  1.0000E+00
 1.6498E+03  2.9923E-01  1.0837E+01  3.2844E-01  2.3821E+01  1.0000E+00
 1.6625E+03  2.9974E-01  1.0773E+01  3.2891E-01  2.3675E+01  1.0000E+00
 1.6752E+03  3.0024E-01  1.0709E+01  3.2939E-01  2.3528E+01  1.0000E+00
 1.6880E+03  3.0075E-01  1.0645E+01  3.2986E-01  2.3383E+01  1.0000E+00
 1.7009E+03  3.0126E-01  1.0582E+01  3.3033E-01  2.3239E+01  1.0000E+00
 1.7140E+03  3.0177E-01  1.0519E+01  3.3081E-01  2.3095E+01  1.0000E+00
 1.7271E+03  3.0228E-01  1.0457E+01  3.3128E-01  2.2953E+01  1.0000E+00
 1.7403E+03  3.0279E-01  1.0395E+01  3.3176E-01  2.2811E+01  1.0000E+00
 1.7537E+03  3.0330E-01  1.0333E+01  3.3223E-01  2.2670E+01  1.0000E+00
 1.7671E+03  3.0382E-01  1.0272E+01  3.3270E-01  2.2530E+01  1.0000E+00
 1.7806E+03  3.0434E-01  1.0211E+01  3.3318E-01  2.2390E+01  1.0000E+00
 1.7943E+03  3.0486E-01  1.0151E+01  3.3365E-01  2.2252E+01  1.0000E+00
 1.8080E+03  3.0538E-01  1.0091E+01  3.3413E-01  2.2114E+01  1.0000E+00
 1.8218E+03  3.0590E-01  1.0031E+01  3.3460E-01  2.1977E+01  1.0000E+00
 1.8358E+03  3.0642E-01  9.9716E+00  3.3508E-01  2.1841E+01  1.0000E+00
 1.8499E+03  3.0695E-01  9.9126E+00  3.3555E-01  2.1706E+01  1.0000E+00
 1.8640E+03  3.0748E-01  9.8540E+00  3.3603E-01  2.1572E+01  1.0000E+00
 1.8783E+03  3.0801E-01  9.7958E+00  3.3651E-01  2.1438E+01  1.0000E+00
 1.8927E+03  3.0854E-01  9.7379E+00  3.3698E-01  2.1305E+01  1.0000E+00
 1.9072E+03  3.0907E-01  9.6804E+00  3.3746E-01  2.1173E+01  1.0000E+00
 1.9218E+03  3.0960E-01  9.6233E+00  3.3793E-01  2.1042E+01  1.0000E+00
 1.9365E+03  3.1013E-01  9.5665E+00  3.3841E-01  2.0912E+01  1.0000E+00
 1.9513E+03  3.1067E-01  9.5101E+00  3.3889E-01  2.0782E+01  1.0000E+00
 1.9663E+03  3.1121E-01  9.4540E+00  3.3936E-01  2.0653E+01  1.0000E+00
 1.9813E+03  3.1175E-01  9.3983E+00  3.3984E-01  2.0525E+01  1.0000E+00
 1.9965E+03  3.1229E-01  9.3429E+00  3.4032E-01  2.0398E+01  1.0000E+00
 2.0118E+03  3.1283E-01  9.2878E+00  3.4079E-01  2.0271E+01  1.0000E+00
 2.0272E+03  3.1337E-01  9.2331E+00  3.4127E-01  2.0145E+01  1.0000E+00
 2.0427E+03  3.1392E-01  9.1787E+00  3.4175E-01  2.0020E+01  1.0000E+00
 2.0584E+03  3.1446E-01  9.1246E+00  3.4223E-01  1.9896E+01  1.0000E+00
 2.0741E+03  3.1501E-01  9.0709E+00  3.4271E-01  1.9772E+01  1.0000E+00
 2.0900E+03  3.1556E-01  9.0175E+00  3.4318E-01  1.9649E+01  1.0000E+00
 2.1060E+03  3.1611E-01  8.9645E+00  3.4366E-01  1.9527E+01  1.0000E+00
 2.1222E+03  3.1666E-01  8.9117E+00  3.4414E-01  1.9406E+01  1.0000E+00
 2.1384E+03  3.1722E-01  8.8593E+00  3.4462E-01  1.9285E+01  1.0000E+00
 2.1548E+03  3.1777E-01  8.8072E+00  3.4510E-01  1.9165E+01  1.0000E+00
 2.1713E+03  3.1833E-01  8.7554E+00  3.4558E-01  1.9046E+01  1.0000E+00
 2.1879E+03  3.1888E-01  8.7039E+00  3.4606E-01  1.8927E+01  1.0000E+00
 2.2047E+03  3.1944E-01  8.6528E+00  3.4654E-01  1.8810E+01  1.0000E+00
 2.2216E+03  3.2000E-01  8.6019E+00  3.4702E-01  1.8692E+01  1.0000E+00
 2.2386E+03  3.2056E-01  8.5514E+00  3.4750E-01  1.8576E+01  1.0000E+00
 2.2557E+03  3.2112E-01  8.5011E+00  3.4798E-01  1.8460E+01  1.0000E+00
 2.2730E+03  3.2169E-01  8.4512E+00  3.4846E-01  1.8345E+01  1.0000E+00
 2.2904E+03  3.2225E-01  8.4015E+00  3.4894E-01  1.8231E+01  1.0000E+00
 2.3079E+03  3.2282E-01  8.3522E+00  3.4942E-01  1.8118E+01  1.0000E+00
 2.3256E+03  3.2339E-01  8.3031E+00  3.4990E-01  1.8005E+01  1.0000E+00
 2.3434E+03  3.2395E-01  8.2544E+00  3.5038E-01  1.7892E+01  1.0000E+00
 2.3614E+03  3.2452E-01  8.2059E+00  3.5086E-01  1.7781E+01  1.0000E+00
 2.3794E+03  3.2510E-01  8.1577E+00  3.5135E-01  1.7670E+01  1.0000E+00
 2.3977E+03  3.2567E-01  8.1098E+00  3.5183E-01  1.7560E+01  1.0000E+00
 2.4160E+03  3.2624E-01  8.0622E+00  3.5231E-01  1.7450E+01  1.0000E+00
 2.4345E+03  3.2682E-01  8.0149E+00  3.5279E-01  1.7341E+01  1.0000E+00
 2.4532E+03  3.2739E-01  7.9678E+00  3.5328E-01  1.7233E+01  1.0000E+00
 2.4720E+03  3.2797E-01  7.9211E+00  3.5376E-01  1.7126E+01  1.0000E+00
 2.4909E+03  3.2855E-01  7.8746E+00  3.5424E-01  1.7019E+01  1.0000E+00
 2.5100E+03  3.2913E-01  7.8283E+00  3.5473E-01  1.6912E+01  1.0000E+00
 2.5292E+03  3.2971E-01  7.7824E+00  3.5521E-01  1.6807E+01  1.0000E+00
 2.5486E+03  3.3029E-01  7.7367E+00  3.5569E-01  1.6702E+01  1.0000E+00
 2.5681E+03  3.3087E-01  7.6913E+00  3.5618E-01  1.6597E+01  1.0000E+00
 2.5878E+03  3.3145E-01  7.6461E+00  3.5666E-01  1.6494E+01  1.0000E+00
 2.6076E+03  3.3204E-01  7.6012E+00  3.5715E-01  1.6391E+01  1.0000E+00
 2.6275E+03  3.3262E-01  7.5566E+00  3.5763E-01  1.6288E+01  1.0000E+00
 2.6477E+03  3.3321E-01  7.5122E+00  3.5812E-01  1.6186E+01  1.0000E+00
 2.6679E+03  3.3379E-01  7.4681E+00  3.5860E-01  1.6085E+01  1.0000E+00
 2.6884E+03  3.3438E-01  7.4242E+00  3.5909E-01  1.5985E+01  1.0000E+00
 2.7090E+03  3.3497E-01  7.3806E+00  3.5958E-01  1.5885E+01  1.0000E+00
 2.7297E+03  3.3556E-01  7.3372E+00  3.6006E-01  1.5785E+01  1.0000E+00
 2.7506E+03  3.3615E-01  7.2941E+00  3.6055E-01  1.5686E+01  1.0000E+00
 2.7717E+03  3.3674E-01  7.2512E+00  3.6104E-01  1.5588E+01  1.0000E+00
 2.7929E+03  3.3733E-01  7.2086E+00  3.6152E-01  1.5491E+01  1.0000E+00
 2.8143E+03  3.3792E-01  7.1662E+00  3.6201E-01  1.5394E+01  1.0000E+00
 2.8358E+03  3.3851E-01  7.1241E+00  3.6250E-01  1.5297E+01  1.0000E+00
 2.8576E+03  3.3910E-01  7.0822E+00  3.6299E-01  1.5201E+01  1.0000E+00
 2.8794E+03  3.3970E-01  7.0405E+00  3.6347E-01  1.5106E+01  1.0000E+00
 2.9015E+03  3.4029E-01  6.9991E+00  3.6396E-01  1.5012E+01  1.0000E+00
 2.9237E+03  3.4089E-01  6.9579E+00  3.6445E-01  1.4918E+01  1.0000E+00
 2.9461E+03  3.4148E-01  6.9169E+00  3.6494E-01  1.4824E+01  1.0000E+00
 2.9687E+03  3.4208E-01  6.8762E+00  3.6543E-01  1.4731E+01  1.0000E+00
 2.9914E+03  3.4268E-01  6.8357E+00  3.6592E-01  1.4639E+01  1.0000E+00
 3.0143E+03  3.4328E-01  6.7954E+00  3.6641E-01  1.4547E+01  1.0000E+00
 3.0374E+03  3.4387E-01  6.7554E+00  3.6690E-01  1.4456E+01  1.0000E+00
 3.0607E+03  3.4447E-01  6.7156E+00  3.6739E-01  1.4365E+01  1.0000E+00
 3.0841E+03  3.4507E-01  6.6760E+00  3.6788E-01  1.4275E+01  1.0000E+00
 3.1077E+03  3.4567E-01  6.6366E+00  3.6837E-01  1.4185E+01  1.0000E+00
 3.1315E+03  3.4627E-01  6.5975E+00  3.6887E-01  1.4096E+01  1.0000E+00
 3.1555E+03  3.4687E-01  6.5585E+00  3.6936E-01  1.4008E+01  1.0000E+00
 3.1797E+03  3.4748E-01  6.5198E+00  3.6985E-01  1.3920E+01  1.0000E+00
 3.2040E+03  3.4808E-01  6.4813E+00  3.7034E-01  1.3833E+01  1.0000E+00
 3.2286E+03  3.4868E-01  6.4431E+00  3.7084E-01  1.3746E+01  1.0000E+00
 3.2533E+03  3.4928E-01  6.4050E+00  3.7133E-01  1.3660E+01  1.0000E+00
 3.2782E+03  3.4989E-01  6.3671E+00  3.7182E-01  1.3574E+01  1.0000E+00
 3.3033E+03  3.5049E-01  6.3295E+00  3.7232E-01  1.3488E+01  1.0000E+00
 3.3286E+03  3.5110E-01  6.2921E+00  3.7281E-01  1.3404E+01  1.0000E+00
 3.3541E+03  3.5170E-01  6.2549E+00  3.7331E-01  1.3320E+01  1.0000E+00
 3.3798E+03  3.5231E-01  6.2178E+00  3.7380E-01  1.3236E+01  1.0000E+00
 3.4057E+03  3.5291E-01  6.1810E+00  3.7430E-01  1.3153E+01  1.0000E+00
 3.4317E+03  3.5352E-01  6.1444E+00  3.7479E-01  1.3070E+01  1.0000E+00
 3.4580E+03  3.5412E-01  6.1080E+00  3.7529E-01  1.2988E+01  1.0000E+00
 3.4845E+03  3.5473E-01  6.0718E+00  3.7578E-01  1.2906E+01  1.0000E+00
 3.5112E+03  3.5534E-01  6.0358E+00  3.7628E-01  1.2825E+01  1.0000E+00
 3.5381E+03  3.5594E-01  6.0000E+00  3.7678E-01  1.2744E+01  1.0000E+00
 3.5652E+03  3.5655E-01  5.9644E+00  3.7727E-01  1.2664E+01  1.0000E+00
 3.5925E+03  3.5716E-01  5.9290E+00  3.7777E-01  1.2585E+01  1.0000E+00
 3.6200E+03  3.5777E-01  5.8938E+00  3.7827E-01  1.2505E+01  1.0000E+00
 3.6477E+03  3.5837E-01  5.8588E+00  3.7877E-01  1.2427E+01  1.0000E+00
 3.6757E+03  3.5898E-01  5.8240E+00  3.7927E-01  1.2349E+01  1.0000E+00
 3.7038E+03  3.5959E-01  5.7894E+00  3.7977E-01  1.2271E+01  1.0000E+00
 3.7322E+03  3.6020E-01  5.7549E+00  3.8027E-01  1.2194E+01  1.0000E+00
 3.7608E+03  3.6081E-01  5.7207E+00  3.8077E-01  1.2117E+01  1.0000E+00
 3.7896E+03  3.6142E-01  5.6866E+00  3.8127E-01  1.2041E+01  1.0000E+00
 3.8186E+03  3.6203E-01  5.6528E+00  3.8177E-01  1.1965E+01  1.0000E+00
 3.8478E+03  3.6264E-01  5.6191E+00  3.8227E-01  1.1889E+01  1.0000E+00
 3.8773E+03  3.6324E-01  5.5856E+00  3.8277E-01  1.1815E+01  1.0000E+00
 3.9070E+03  3.6385E-01  5.5523E+00  3.8327E-01  1.1740E+01  1.0000E+00
 3.9369E+03  3.6446E-01  5.5191E+00  3.8378E-01  1.1666E+01  1.0000E+00
 3.9671E+03  3.6507E-01  5.4862E+00  3.8428E-01  1.1593E+01  1.0000E+00
 3.9974E+03  3.6568E-01  5.4534E+00  3.8478E-01  1.1520E+01  1.0000E+00
 4.0281E+03  3.6629E-01  5.4208E+00  3.8529E-01  1.1447E+01  1.0000E+00
 4.0589E+03  3.6690E-01  5.3884E+00  3.8579E-01  1.1375E+01  1.0000E+00
 4.0900E+03  3.6751E-01  5.3562E+00  3.8630E-01  1.1303E+01  1.0000E+00
 4.1213E+03  3.6812E-01  5.3241E+00  3.8680E-01  1.1232E+01  1.0000E+00
 4.1529E+03  3.6873E-01  5.2922E+00  3.8731E-01  1.1161E+01  1.0000E+00
 4.1847E+03  3.6934E-01  5.2605E+00  3.8781E-01  1.1091E+01  1.0000E+00
 4.2167E+03  3.6994E-01  5.2290E+00  3.8832E-01  1.1021E+01  1.0000E+00
 4.2490E+03  3.7055E-01  5.1976E+00  3.8882E-01  1.0952E+01  1.0000E+00
 4.2816E+03  3.7116E-01  5.1664E+00  3.8933E-01  1.0883E+01  1.0000E+00
 4.3143E+03  3.7177E-01  5.1354E+00  3.8984E-01  1.0814E+01  1.0000E+00
 4.3474E+03  3.7238E-01  5.1045E+00  3.9035E-01  1.0746E+01  1.0000E+00
 4.3807E+03  3.7299E-01  5.0738E+00  3.9086E-01  1.0678E+01  1.0000E+00
 4.4142E+03  3.7359E-01  5.0433E+00  3.9137E-01  1.0611E+01  1.0000E+00
 4.4480E+03  3.7420E-01  5.0129E+00  3.9188E-01  1.0544E+01  1.0000E+00
 4.4821E+03  3.7481E-01  4.9827E+00  3.9239E-01  1.0477E+01  1.0000E+00
 4.5164E+03  3.7541E-01  4.9527E+00  3.9290E-01  1.0411E+01  1.0000E+00
 4.5510E+03  3.7602E-01  4.9228E+00  3.9341E-01  1.0345E+01  1.0000E+00
 4.5859E+03  3.7664E-01  4.8933E+00  3.9392E-01  1.0280E+01  1.0000E+00
 4.6210E+03  3.7728E-01  4.8642E+00  3.9443E-01  1.0215E+01  1.0000E+00
 4.6564E+03  3.7792E-01  4.8353E+00  3.9494E-01  1.0151E+01  1.0000E+00
 4.6920E+03  3.7856E-01  4.8064E+00  3.9546E-01  1.0087E+01  1.0000E+00
 4.7280E+03  3.7920E-01  4.7778E+00  3.9597E-01  1.0023E+01  1.0000E+00
 4.7642E+03  3.7983E-01  4.7493E+00  3.9648E-01  9.9599E+00  1.0000E+00
 4.8007E+03  3.8047E-01  4.7209E+00  3.9700E-01  9.8970E+00  1.0000E+00
 4.8374E+03  3.8111E-01  4.6927E+00  3.9751E-01  9.8346E+00  1.0000E+00
 4.8745E+03  3.8175E-01  4.6647E+00  3.9803E-01  9.7725E+00  1.0000E+00
 4.9118E+03  3.8238E-01  4.6368E+00  3.9854E-01  9.7108E+00  1.0000E+00
 4.9494E+03  3.8302E-01  4.6090E+00  3.9906E-01  9.6495E+00  1.0000E+00
 4.9873E+03  3.8365E-01  4.5814E+00  3.9958E-01  9.5886E+00  1.0000E+00
 5.0255E+03  3.8429E-01  4.5540E+00  4.0010E-01  9.5280E+00  1.0000E+00
 5.0640E+03  3.8492E-01  4.5266E+00  4.0061E-01  9.4679E+00  1.0000E+00
 5.1028E+03  3.8556E-01  4.4995E+00  4.0113E-01  9.4081E+00  1.0000E+00
 5.1419E+03  3.8619E-01  4.4725E+00  4.0165E-01  9.3487E+00  1.0000E+00
 5.1812E+03  3.8683E-01  4.4456E+00  4.0217E-01  9.2896E+00  1.0000E+00
 5.2209E+03  3.8746E-01  4.4189E+00  4.0269E-01  9.2310E+00  1.0000E+00
 5.2609E+03  3.8809E-01  4.3923E+00  4.0321E-01  9.1727E+00  1.0000E+00
 5.3012E+03  3.8873E-01  4.3658E+00  4.0373E-01  9.1147E+00  1.0000E+00
 5.3418E+03  3.8936E-01  4.3395E+00  4.0426E-01  9.0572E+00  1.0000E+00
 5.3827E+03  3.8999E-01  4.3134E+00  4.0478E-01  9.0000E+00  1.0000E+00
 5.4239E+03  3.9063E-01  4.2874E+00  4.0530E-01  8.9431E+00  1.0000E+00
 5.4655E+03  3.9126E-01  4.2615E+00  4.0583E-01  8.8866E+00  1.0000E+00
 5.5073E+03  3.9189E-01  4.2358E+00  4.0635E-01  8.8305E+00  1.0000E+00
 5.5495E+03  3.9252E-01  4.2102E+00  4.0688E-01  8.7747E+00  1.0000E+00
 5.5920E+03  3.9315E-01  4.1847E+00  4.0740E-01  8.7193E+00  1.0000E+00
 5.6348E+03  3.9379E-01  4.1594E+00  4.0793E-01  8.6642E+00  1.0000E+00
 5.6780E+03  3.9442E-01  4.1343E+00  4.0846E-01  8.6095E+00  1.0000E+00
 5.7215E+03  3.9505E-01  4.1092E+00  4.0898E-01  8.5551E+00  1.0000E+00
 5.7653E+03  3.9568E-01  4.0843E+00  4.0951E-01  8.5010E+00  1.0000E+00
 5.8094E+03  3.9631E-01  4.0596E+00  4.1004E-01  8.4473E+00  1.0000E+00
 5.8539E+03  3.9694E-01  4.0350E+00  4.1057E-01  8.3939E+00  1.0000E+00
 5.8988E+03  3.9757E-01  4.0105E+00  4.1110E-01  8.3409E+00  1.0000E+00
 5.9439E+03  3.9820E-01  3.9861E+00  4.1163E-01  8.2882E+00  1.0000E+00
 5.9895E+03  3.9883E-01  3.9619E+00  4.1216E-01  8.2358E+00  1.0000E+00
 6.0353E+03  3.9946E-01  3.9379E+00  4.1269E-01  8.1838E+00  1.0000E+00
 6.0815E+03  4.0009E-01  3.9139E+00  4.1323E-01  8.1321E+00  1.0000E+00
 6.1281E+03  4.0072E-01  3.8901E+00  4.1376E-01  8.0807E+00  1.0000E+00
 6.1751E+03  4.0135E-01  3.8665E+00  4.1430E-01  8.0297E+00  1.0000E+00
 6.2223E+03  4.0198E-01  3.8429E+00  4.1483E-01  7.9789E+00  1.0000E+00
 6.2700E+03  4.0261E-01  3.8195E+00  4.1537E-01  7.9285E+00  1.0000E+00
 6.3180E+03  4.0324E-01  3.7962E+00  4.1590E-01  7.8784E+00  1.0000E+00
 6.3664E+03  4.0387E-01  3.7731E+00  4.1644E-01  7.8286E+00  1.0000E+00
 6.4152E+03  4.0450E-01  3.7501E+00  4.1698E-01  7.7792E+00  1.0000E+00
 6.4643E+03  4.0513E-01  3.7272E+00  4.1752E-01  7.7300E+00  1.0000E+00
 6.5138E+03  4.0577E-01  3.7045E+00  4.1805E-01  7.6812E+00  1.0000E+00
 6.5637E+03  4.0640E-01  3.6818E+00  4.1859E-01  7.6327E+00  1.0000E+00
 6.6139E+03  4.0703E-01  3.6593E+00  4.1913E-01  7.5844E+00  1.0000E+00
 6.6646E+03  4.0766E-01  3.6370E+00  4.1968E-01  7.5365E+00  1.0000E+00
 6.7156E+03  4.0829E-01  3.6147E+00  4.2022E-01  7.4889E+00  1.0000E+00
 6.7671E+03  4.0892E-01  3.5926E+00  4.2076E-01  7.4416E+00  1.0000E+00
 6.8189E+03  4.0955E-01  3.5706E+00  4.2131E-01  7.3946E+00  1.0000E+00
 6.8711E+03  4.1018E-01  3.5488E+00  4.2185E-01  7.3479E+00  1.0000E+00
 6.9237E+03  4.1081E-01  3.5271E+00  4.2239E-01  7.3015E+00  1.0000E+00
 6.9768E+03  4.1144E-01  3.5054E+00  4.2294E-01  7.2553E+00  1.0000E+00
 7.0302E+03  4.1207E-01  3.4840E+00  4.2349E-01  7.2095E+00  1.0000E+00
 7.0840E+03  4.1270E-01  3.4626E+00  4.2404E-01  7.1640E+00  1.0000E+00
 7.1383E+03  4.1334E-01  3.4414E+00  4.2458E-01  7.1187E+00  1.0000E+00
 7.1929E+03  4.1397E-01  3.4202E+00  4.2513E-01  7.0738E+00  1.0000E+00
 7.2480E+03  4.1460E-01  3.3992E+00  4.2568E-01  7.0291E+00  1.0000E+00
 7.3035E+03  4.1523E-01  3.3784E+00  4.2623E-01  6.9847E+00  1.0000E+00
 7.3595E+03  4.1586E-01  3.3576E+00  4.2679E-01  6.9406E+00  1.0000E+00
 7.4158E+03  4.1650E-01  3.3370E+00  4.2734E-01  6.8968E+00  1.0000E+00
 7.4726E+03  4.1713E-01  3.3165E+00  4.2789E-01  6.8532E+00  1.0000E+00
 7.5299E+03  4.1776E-01  3.2961E+00  4.2845E-01  6.8100E+00  1.0000E+00
 7.5875E+03  4.1840E-01  3.2758E+00  4.2900E-01  6.7670E+00  1.0000E+00
 7.6456E+03  4.1903E-01  3.2557E+00  4.2956E-01  6.7242E+00  1.0000E+00
 7.7042E+03  4.1967E-01  3.2356E+00  4.3011E-01  6.6818E+00  1.0000E+00
 7.7632E+03  4.2030E-01  3.2157E+00  4.3067E-01  6.6396E+00  1.0000E+00
 7.8226E+03  4.2093E-01  3.1959E+00  4.3123E-01  6.5977E+00  1.0000E+00
 7.8825E+03  4.2157E-01  3.1762E+00  4.3179E-01  6.5561E+00  1.0000E+00
 7.9429E+03  4.2221E-01  3.1566E+00  4.3235E-01  6.5147E+00  1.0000E+00
 8.0037E+03  4.2284E-01  3.1372E+00  4.3291E-01  6.4736E+00  1.0000E+00
 8.0650E+03  4.2348E-01  3.1178E+00  4.3347E-01  6.4327E+00  1.0000E+00
 8.1268E+03  4.2411E-01  3.0986E+00  4.3404E-01  6.3921E+00  1.0000E+00
 8.1890E+03  4.2475E-01  3.0795E+00  4.3460E-01  6.3518E+00  1.0000E+00
 8.2518E+03  4.2539E-01  3.0605E+00  4.3517E-01  6.3117E+00  1.0000E+00
 8.3150E+03  4.2603E-01  3.0416E+00  4.3573E-01  6.2719E+00  1.0000E+00
 8.3786E+03  4.2666E-01  3.0228E+00  4.3630E-01  6.2323E+00  1.0000E+00
 8.4428E+03  4.2730E-01  3.0041E+00  4.3687E-01  6.1930E+00  1.0000E+00
 8.5075E+03  4.2794E-01  2.9856E+00  4.3744E-01  6.1540E+00  1.0000E+00
 8.5726E+03  4.2858E-01  2.9671E+00  4.3801E-01  6.1152E+00  1.0000E+00
 8.6383E+03  4.2922E-01  2.9488E+00  4.3858E-01  6.0766E+00  1.0000E+00
 8.7044E+03  4.2986E-01  2.9305E+00  4.3915E-01  6.0383E+00  1.0000E+00
 8.7711E+03  4.3050E-01  2.9124E+00  4.3973E-01  6.0002E+00  1.0000E+00
 8.8383E+03  4.3114E-01  2.8944E+00  4.4030E-01  5.9624E+00  1.0000E+00
 8.9059E+03  4.3179E-01  2.8765E+00  4.4087E-01  5.9248E+00  1.0000E+00
 8.9741E+03  4.3243E-01  2.8587E+00  4.4145E-01  5.8875E+00  1.0000E+00
 9.0429E+03  4.3307E-01  2.8410E+00  4.4203E-01  5.8504E+00  1.0000E+00
 9.1121E+03  4.3372E-01  2.8234E+00  4.4261E-01  5.8135E+00  1.0000E+00
 9.1819E+03  4.3436E-01  2.8059E+00  4.4319E-01  5.7769E+00  1.0000E+00
 9.2522E+03  4.3501E-01  2.7885E+00  4.4377E-01  5.7405E+00  1.0000E+00
 9.3231E+03  4.3565E-01  2.7713E+00  4.4435E-01  5.7043E+00  1.0000E+00
 9.3945E+03  4.3630E-01  2.7541E+00  4.4493E-01  5.6684E+00  1.0000E+00
 9.4664E+03  4.3694E-01  2.7370E+00  4.4552E-01  5.6327E+00  1.0000E+00
 9.5389E+03  4.3759E-01  2.7201E+00  4.4610E-01  5.5972E+00  1.0000E+00
 9.6120E+03  4.3824E-01  2.7032E+00  4.4669E-01  5.5620E+00  1.0000E+00
 9.6856E+03  4.3889E-01  2.6864E+00  4.4727E-01  5.5270E+00  1.0000E+00
 9.7598E+03  4.3954E-01  2.6698E+00  4.4786E-01  5.4922E+00  1.0000E+00
 9.8345E+03  4.4019E-01  2.6532E+00  4.4845E-01  5.4577E+00  1.0000E+00
 9.9098E+03  4.4084E-01  2.6367E+00  4.4904E-01  5.4233E+00  1.0000E+00
 9.9857E+03  4.4149E-01  2.6204E+00  4.4964E-01  5.3892E+00  1.0000E+00
 1.0062E+04  4.4214E-01  2.6041E+00  4.5023E-01  5.3553E+00  1.0000E+00
 1.0139E+04  4.4280E-01  2.5879E+00  4.5082E-01  5.3216E+00  1.0000E+00
 1.0217E+04  4.4345E-01  2.5719E+00  4.5142E-01  5.2881E+00  1.0000E+00
 1.0295E+04  4.4411E-01  2.5559E+00  4.5202E-01  5.2549E+00  1.0000E+00
 1.0374E+04  4.4476E-01  2.5400E+00  4.5261E-01  5.2219E+00  1.0000E+00
 1.0453E+04  4.4542E-01  2.5243E+00  4.5321E-01  5.1890E+00  1.0000E+00
 1.0533E+04  4.4608E-01  2.5086E+00  4.5381E-01  5.1564E+00  1.0000E+00
 1.0614E+04  4.4673E-01  2.4930E+00  4.5442E-01  5.1240E+00  1.0000E+00
 1.0695E+04  4.4739E-01  2.4775E+00  4.5502E-01  5.0918E+00  1.0000E+00
 1.0777E+04  4.4805E-01  2.4621E+00  4.5562E-01  5.0599E+00  1.0000E+00
 1.0860E+04  4.4871E-01  2.4468E+00  4.5623E-01  5.0281E+00  1.0000E+00
 1.0943E+04  4.4938E-01  2.4316E+00  4.5684E-01  4.9965E+00  1.0000E+00
 1.1027E+04  4.5004E-01  2.4165E+00  4.5745E-01  4.9651E+00  1.0000E+00
 1.1111E+04  4.5070E-01  2.4014E+00  4.5806E-01  4.9340E+00  1.0000E+00
 1.1196E+04  4.5137E-01  2.3865E+00  4.5867E-01  4.9030E+00  1.0000E+00
 1.1282E+04  4.5203E-01  2.3717E+00  4.5928E-01  4.8723E+00  1.0000E+00
 1.1369E+04  4.5270E-01  2.3569E+00  4.5989E-01  4.8417E+00  1.0000E+00
 1.1456E+04  4.5337E-01  2.3422E+00  4.6051E-01  4.8113E+00  1.0000E+00
 1.1543E+04  4.5404E-01  2.3277E+00  4.6113E-01  4.7812E+00  1.0000E+00
 1.1632E+04  4.5470E-01  2.3132E+00  4.6174E-01  4.7512E+00  1.0000E+00
 1.1721E+04  4.5538E-01  2.2988E+00  4.6236E-01  4.7214E+00  1.0000E+00
 1.1811E+04  4.5605E-01  2.2845E+00  4.6298E-01  4.6918E+00  1.0000E+00
 1.1901E+04  4.5672E-01  2.2703E+00  4.6361E-01  4.6624E+00  1.0000E+00
 1.1992E+04  4.5739E-01  2.2561E+00  4.6423E-01  4.6332E+00  1.0000E+00
 1.2084E+04  4.5807E-01  2.2421E+00  4.6486E-01  4.6042E+00  1.0000E+00
 1.2177E+04  4.5874E-01  2.2281E+00  4.6548E-01  4.5754E+00  1.0000E+00
 1.2270E+04  4.5942E-01  2.2143E+00  4.6611E-01  4.5467E+00  1.0000E+00
 1.2364E+04  4.6010E-01  2.2005E+00  4.6674E-01  4.5183E+00  1.0000E+00
 1.2458E+04  4.6078E-01  2.1868E+00  4.6737E-01  4.4900E+00  1.0000E+00
 1.2554E+04  4.6146E-01  2.1732E+00  4.6801E-01  4.4619E+00  1.0000E+00
 1.2650E+04  4.6214E-01  2.1597E+00  4.6864E-01  4.4340E+00  1.0000E+00
 1.2747E+04  4.6283E-01  2.1462E+00  4.6928E-01  4.4063E+00  1.0000E+00
 1.2845E+04  4.6351E-01  2.1328E+00  4.6992E-01  4.3787E+00  1.0000E+00
 1.2943E+04  4.6420E-01  2.1196E+00  4.7056E-01  4.3514E+00  1.0000E+00
 1.3042E+04  4.6488E-01  2.1064E+00  4.7120E-01  4.3242E+00  1.0000E+00
 1.3142E+04  4.6557E-01  2.0932E+00  4.7184E-01  4.2972E+00  1.0000E+00
 1.3243E+04  4.6626E-01  2.0802E+00  4.7248E-01  4.2704E+00  1.0000E+00
 1.3344E+04  4.6695E-01  2.0673E+00  4.7313E-01  4.2437E+00  1.0000E+00
 1.3446E+04  4.6764E-01  2.0544E+00  4.7378E-01  4.2172E+00  1.0000E+00
 1.3549E+04  4.6834E-01  2.0416E+00  4.7443E-01  4.1909E+00  1.0000E+00
 1.3653E+04  4.6903E-01  2.0289E+00  4.7508E-01  4.1648E+00  1.0000E+00
 1.3757E+04  4.6973E-01  2.0162E+00  4.7573E-01  4.1388E+00  1.0000E+00
 1.3863E+04  4.7043E-01  2.0037E+00  4.7639E-01  4.1130E+00  1.0000E+00
 1.3969E+04  4.7112E-01  1.9912E+00  4.7704E-01  4.0873E+00  1.0000E+00
 1.4076E+04  4.7183E-01  1.9788E+00  4.7770E-01  4.0619E+00  1.0000E+00
 1.4184E+04  4.7253E-01  1.9665E+00  4.7836E-01  4.0366E+00  1.0000E+00
 1.4292E+04  4.7323E-01  1.9542E+00  4.7902E-01  4.0114E+00  1.0000E+00
 1.4402E+04  4.7394E-01  1.9421E+00  4.7969E-01  3.9865E+00  1.0000E+00
 1.4512E+04  4.7464E-01  1.9300E+00  4.8035E-01  3.9617E+00  1.0000E+00
 1.4623E+04  4.7535E-01  1.9180E+00  4.8102E-01  3.9370E+00  1.0000E+00
 1.4735E+04  4.7606E-01  1.9060E+00  4.8169E-01  3.9125E+00  1.0000E+00
 1.4848E+04  4.7677E-01  1.8942E+00  4.8236E-01  3.8882E+00  1.0000E+00
 1.4962E+04  4.7748E-01  1.8824E+00  4.8303E-01  3.8640E+00  1.0000E+00
 1.5076E+04  4.7820E-01  1.8707E+00  4.8371E-01  3.8400E+00  1.0000E+00
 1.5192E+04  4.7891E-01  1.8590E+00  4.8438E-01  3.8162E+00  1.0000E+00
 1.5308E+04  4.7963E-01  1.8474E+00  4.8506E-01  3.7925E+00  1.0000E+00
 1.5425E+04  4.8035E-01  1.8359E+00  4.8574E-01  3.7689E+00  1.0000E+00
 1.5544E+04  4.8107E-01  1.8245E+00  4.8642E-01  3.7456E+00  1.0000E+00
 1.5663E+04  4.8180E-01  1.8132E+00  4.8711E-01  3.7223E+00  1.0000E+00
 1.5783E+04  4.8252E-01  1.8019E+00  4.8780E-01  3.6992E+00  1.0000E+00
 1.5903E+04  4.8325E-01  1.7907E+00  4.8848E-01  3.6763E+00  1.0000E+00
 1.6025E+04  4.8397E-01  1.7795E+00  4.8918E-01  3.6535E+00  1.0000E+00
 1.6148E+04  4.8470E-01  1.7685E+00  4.8987E-01  3.6309E+00  1.0000E+00
 1.6272E+04  4.8544E-01  1.7575E+00  4.9056E-01  3.6084E+00  1.0000E+00
 1.6396E+04  4.8617E-01  1.7465E+00  4.9126E-01  3.5861E+00  1.0000E+00
 1.6522E+04  4.8691E-01  1.7357E+00  4.9196E-01  3.5639E+00  1.0000E+00
 1.6648E+04  4.8764E-01  1.7249E+00  4.9266E-01  3.5418E+00  1.0000E+00
 1.6776E+04  4.8838E-01  1.7141E+00  4.9336E-01  3.5199E+00  1.0000E+00
 1.6904E+04  4.8912E-01  1.7035E+00  4.9407E-01  3.4982E+00  1.0000E+00
 1.7034E+04  4.8987E-01  1.6929E+00  4.9478E-01  3.4766E+00  1.0000E+00
 1.7164E+04  4.9061E-01  1.6824E+00  4.9549E-01  3.4551E+00  1.0000E+00
 1.7296E+04  4.9136E-01  1.6719E+00  4.9620E-01  3.4338E+00  1.0000E+00
 1.7428E+04  4.9211E-01  1.6615E+00  4.9692E-01  3.4126E+00  1.0000E+00
 1.7562E+04  4.9286E-01  1.6512E+00  4.9763E-01  3.3916E+00  1.0000E+00
 1.7696E+04  4.9361E-01  1.6409E+00  4.9835E-01  3.3706E+00  1.0000E+00
 1.7832E+04  4.9437E-01  1.6308E+00  4.9907E-01  3.3499E+00  1.0000E+00
 1.7968E+04  4.9512E-01  1.6206E+00  4.9980E-01  3.3292E+00  1.0000E+00
 1.8106E+04  4.9588E-01  1.6106E+00  5.0052E-01  3.3087E+00  1.0000E+00
 1.8244E+04  4.9664E-01  1.6006E+00  5.0125E-01  3.2884E+00  1.0000E+00
 1.8384E+04  4.9741E-01  1.5906E+00  5.0198E-01  3.2681E+00  1.0000E+00
 1.8525E+04  4.9817E-01  1.5808E+00  5.0272E-01  3.2480E+00  1.0000E+00
 1.8667E+04  4.9894E-01  1.5709E+00  5.0345E-01  3.2281E+00  1.0000E+00
 1.8810E+04  4.9971E-01  1.5612E+00  5.0419E-01  3.2082E+00  1.0000E+00
 1.8954E+04  5.0049E-01  1.5515E+00  5.0493E-01  3.1885E+00  1.0000E+00
 1.9099E+04  5.0126E-01  1.5419E+00  5.0568E-01  3.1690E+00  1.0000E+00
 1.9245E+04  5.0204E-01  1.5323E+00  5.0642E-01  3.1495E+00  1.0000E+00
 1.9393E+04  5.0282E-01  1.5228E+00  5.0717E-01  3.1302E+00  1.0000E+00
 1.9541E+04  5.0360E-01  1.5134E+00  5.0792E-01  3.1110E+00  1.0000E+00
 1.9691E+04  5.0438E-01  1.5040E+00  5.0868E-01  3.0920E+00  1.0000E+00
 1.9842E+04  5.0517E-01  1.4947E+00  5.0943E-01  3.0730E+00  1.0000E+00
 1.9994E+04  5.0596E-01  1.4854E+00  5.1019E-01  3.0542E+00  1.0000E+00
 2.0147E+04  5.0675E-01  1.4762E+00  5.1096E-01  3.0355E+00  1.0000E+00
 2.0301E+04  5.0755E-01  1.4671E+00  5.1172E-01  3.0170E+00  1.0000E+00
 2.0456E+04  5.0834E-01  1.4580E+00  5.1249E-01  2.9985E+00  1.0000E+00
 2.0613E+04  5.0914E-01  1.4490E+00  5.1326E-01  2.9802E+00  1.0000E+00
 2.0771E+04  5.0994E-01  1.4400E+00  5.1403E-01  2.9620E+00  1.0000E+00
 2.0930E+04  5.1075E-01  1.4311E+00  5.1481E-01  2.9440E+00  1.0000E+00
 2.1090E+04  5.1156E-01  1.4223E+00  5.1559E-01  2.9260E+00  1.0000E+00
 2.1252E+04  5.1237E-01  1.4135E+00  5.1637E-01  2.9082E+00  1.0000E+00
 2.1415E+04  5.1318E-01  1.4047E+00  5.1715E-01  2.8904E+00  1.0000E+00
 2.1579E+04  5.1399E-01  1.3961E+00  5.1794E-01  2.8728E+00  1.0000E+00
 2.1744E+04  5.1481E-01  1.3874E+00  5.1873E-01  2.8554E+00  1.0000E+00
 2.1910E+04  5.1563E-01  1.3789E+00  5.1952E-01  2.8380E+00  1.0000E+00
 2.2078E+04  5.1646E-01  1.3703E+00  5.2032E-01  2.8207E+00  1.0000E+00
 2.2247E+04  5.1728E-01  1.3619E+00  5.2112E-01  2.8036E+00  1.0000E+00
 2.2418E+04  5.1811E-01  1.3535E+00  5.2192E-01  2.7866E+00  1.0000E+00
 2.2589E+04  5.1894E-01  1.3451E+00  5.2273E-01  2.7697E+00  1.0000E+00
 2.2762E+04  5.1978E-01  1.3368E+00  5.2354E-01  2.7529E+00  1.0000E+00
 2.2937E+04  5.2062E-01  1.3286E+00  5.2435E-01  2.7362E+00  1.0000E+00
 2.3112E+04  5.2146E-01  1.3204E+00  5.2516E-01  2.7196E+00  1.0000E+00
 2.3289E+04  5.2230E-01  1.3123E+00  5.2598E-01  2.7032E+00  1.0000E+00
 2.3468E+04  5.2315E-01  1.3042E+00  5.2680E-01  2.6868E+00  1.0000E+00
 2.3647E+04  5.2400E-01  1.2961E+00  5.2763E-01  2.6706E+00  1.0000E+00
 2.3829E+04  5.2485E-01  1.2882E+00  5.2845E-01  2.6544E+00  1.0000E+00
 2.4011E+04  5.2571E-01  1.2802E+00  5.2929E-01  2.6384E+00  1.0000E+00
 2.4195E+04  5.2657E-01  1.2724E+00  5.3012E-01  2.6225E+00  1.0000E+00
 2.4380E+04  5.2743E-01  1.2645E+00  5.3096E-01  2.6066E+00  1.0000E+00
 2.4567E+04  5.2829E-01  1.2568E+00  5.3180E-01  2.5909E+00  1.0000E+00
 2.4755E+04  5.2916E-01  1.2490E+00  5.3265E-01  2.5753E+00  1.0000E+00
 2.4945E+04  5.3003E-01  1.2414E+00  5.3349E-01  2.5598E+00  1.0000E+00
 2.5136E+04  5.3091E-01  1.2337E+00  5.3435E-01  2.5444E+00  1.0000E+00
 2.5328E+04  5.3179E-01  1.2262E+00  5.3520E-01  2.5291E+00  1.0000E+00
 2.5522E+04  5.3267E-01  1.2186E+00  5.3606E-01  2.5139E+00  1.0000E+00
 2.5718E+04  5.3356E-01  1.2112E+00  5.3692E-01  2.4988E+00  1.0000E+00
 2.5915E+04  5.3445E-01  1.2037E+00  5.3779E-01  2.4839E+00  1.0000E+00
 2.6113E+04  5.3534E-01  1.1963E+00  5.3866E-01  2.4690E+00  1.0000E+00
 2.6313E+04  5.3624E-01  1.1890E+00  5.3953E-01  2.4542E+00  1.0000E+00
 2.6515E+04  5.3714E-01  1.1817E+00  5.4041E-01  2.4395E+00  1.0000E+00
 2.6718E+04  5.3804E-01  1.1745E+00  5.4129E-01  2.4249E+00  1.0000E+00
 2.6922E+04  5.3895E-01  1.1673E+00  5.4217E-01  2.4104E+00  1.0000E+00
 2.7128E+04  5.3986E-01  1.1602E+00  5.4306E-01  2.3960E+00  1.0000E+00
 2.7336E+04  5.4077E-01  1.1531E+00  5.4396E-01  2.3817E+00  1.0000E+00
 2.7545E+04  5.4169E-01  1.1460E+00  5.4485E-01  2.3675E+00  1.0000E+00
 2.7756E+04  5.4261E-01  1.1390E+00  5.4575E-01  2.3534E+00  1.0000E+00
 2.7969E+04  5.4354E-01  1.1321E+00  5.4666E-01  2.3394E+00  1.0000E+00
 2.8183E+04  5.4447E-01  1.1251E+00  5.4757E-01  2.3254E+00  1.0000E+00
 2.8399E+04  5.4540E-01  1.1183E+00  5.4848E-01  2.3116E+00  1.0000E+00
 2.8617E+04  5.4634E-01  1.1115E+00  5.4939E-01  2.2979E+00  1.0000E+00
 2.8836E+04  5.4728E-01  1.1047E+00  5.5032E-01  2.2842E+00  1.0000E+00
 2.9056E+04  5.4822E-01  1.0980E+00  5.5124E-01  2.2707E+00  1.0000E+00
 2.9279E+04  5.4917E-01  1.0913E+00  5.5217E-01  2.2572E+00  1.0000E+00
 2.9503E+04  5.5013E-01  1.0846E+00  5.5310E-01  2.2439E+00  1.0000E+00
 2.9729E+04  5.5109E-01  1.0780E+00  5.5404E-01  2.2306E+00  1.0000E+00
 2.9957E+04  5.5205E-01  1.0715E+00  5.5498E-01  2.2174E+00  1.0000E+00
 3.0186E+04  5.5301E-01  1.0649E+00  5.5593E-01  2.2043E+00  1.0000E+00
 3.0417E+04  5.5398E-01  1.0585E+00  5.5688E-01  2.1913E+00  1.0000E+00
 3.0650E+04  5.5496E-01  1.0520E+00  5.5783E-01  2.1784E+00  1.0000E+00
 3.0885E+04  5.5594E-01  1.0457E+00  5.5879E-01  2.1655E+00  1.0000E+00
 3.1122E+04  5.5692E-01  1.0393E+00  5.5976E-01  2.1528E+00  1.0000E+00
 3.1360E+04  5.5791E-01  1.0330E+00  5.6073E-01  2.1401E+00  1.0000E+00
 3.1600E+04  5.5890E-01  1.0267E+00  5.6170E-01  2.1275E+00  1.0000E+00
 3.1842E+04  5.5990E-01  1.0205E+00  5.6268E-01  2.1150E+00  1.0000E+00
 3.2086E+04  5.6090E-01  1.0143E+00  5.6366E-01  2.1026E+00  1.0000E+00
 3.2332E+04  5.6190E-01  1.0082E+00  5.6465E-01  2.0903E+00  1.0000E+00
 3.2579E+04  5.6292E-01  1.0021E+00  5.6564E-01  2.0781E+00  1.0000E+00
 3.2829E+04  5.6393E-01  9.9605E-01  5.6664E-01  2.0659E+00  1.0000E+00
 3.3080E+04  5.6495E-01  9.9003E-01  5.6764E-01  2.0538E+00  1.0000E+00
 3.3334E+04  5.6598E-01  9.8405E-01  5.6865E-01  2.0418E+00  1.0000E+00
 3.3589E+04  5.6701E-01  9.7811E-01  5.6966E-01  2.0299E+00  1.0000E+00
 3.3846E+04  5.6804E-01  9.7221E-01  5.7068E-01  2.0181E+00  1.0000E+00
 3.4105E+04  5.6908E-01  9.6635E-01  5.7170E-01  2.0063E+00  1.0000E+00
 3.4367E+04  5.7012E-01  9.6053E-01  5.7272E-01  1.9947E+00  1.0000E+00
 3.4630E+04  5.7117E-01  9.5475E-01  5.7376E-01  1.9831E+00  1.0000E+00
 3.4895E+04  5.7223E-01  9.4900E-01  5.7479E-01  1.9716E+00  1.0000E+00
 3.5162E+04  5.7329E-01  9.4330E-01  5.7584E-01  1.9601E+00  1.0000E+00
 3.5431E+04  5.7435E-01  9.3763E-01  5.7688E-01  1.9488E+00  1.0000E+00
 3.5703E+04  5.7542E-01  9.3200E-01  5.7794E-01  1.9375E+00  1.0000E+00
 3.5976E+04  5.7650E-01  9.2640E-01  5.7900E-01  1.9263E+00  1.0000E+00
 3.6252E+04  5.7758E-01  9.2084E-01  5.8006E-01  1.9152E+00  1.0000E+00
 3.6529E+04  5.7866E-01  9.1532E-01  5.8113E-01  1.9041E+00  1.0000E+00
 3.6809E+04  5.7976E-01  9.0984E-01  5.8221E-01  1.8931E+00  1.0000E+00
 3.7091E+04  5.8085E-01  9.0439E-01  5.8329E-01  1.8822E+00  1.0000E+00
 3.7375E+04  5.8195E-01  8.9898E-01  5.8437E-01  1.8714E+00  1.0000E+00
 3.7661E+04  5.8306E-01  8.9361E-01  5.8546E-01  1.8607E+00  1.0000E+00
 3.7950E+04  5.8418E-01  8.8827E-01  5.8656E-01  1.8500E+00  1.0000E+00
 3.8240E+04  5.8530E-01  8.8296E-01  5.8767E-01  1.8394E+00  1.0000E+00
 3.8533E+04  5.8642E-01  8.7769E-01  5.8878E-01  1.8288E+00  1.0000E+00
 3.8828E+04  5.8755E-01  8.7246E-01  5.8989E-01  1.8184E+00  1.0000E+00
 3.9126E+04  5.8869E-01  8.6726E-01  5.9101E-01  1.8080E+00  1.0000E+00
 3.9425E+04  5.8983E-01  8.6210E-01  5.9214E-01  1.7977E+00  1.0000E+00
 3.9727E+04  5.9098E-01  8.5697E-01  5.9327E-01  1.7874E+00  1.0000E+00
 4.0032E+04  5.9213E-01  8.5187E-01  5.9441E-01  1.7773E+00  1.0000E+00
 4.0338E+04  5.9330E-01  8.4681E-01  5.9556E-01  1.7671E+00  1.0000E+00
 4.0647E+04  5.9446E-01  8.4178E-01  5.9671E-01  1.7571E+00  1.0000E+00
 4.0958E+04  5.9564E-01  8.3679E-01  5.9787E-01  1.7471E+00  1.0000E+00
 4.1272E+04  5.9682E-01  8.3183E-01  5.9904E-01  1.7372E+00  1.0000E+00
 4.1588E+04  5.9800E-01  8.2690E-01  6.0021E-01  1.7274E+00  1.0000E+00
 4.1907E+04  5.9919E-01  8.2201E-01  6.0139E-01  1.7176E+00  1.0000E+00
 4.2228E+04  6.0039E-01  8.1714E-01  6.0257E-01  1.7080E+00  1.0000E+00
 4.2551E+04  6.0160E-01  8.1231E-01  6.0376E-01  1.6983E+00  1.0000E+00
 4.2877E+04  6.0281E-01  8.0752E-01  6.0496E-01  1.6888E+00  1.0000E+00
 4.3205E+04  6.0403E-01  8.0275E-01  6.0616E-01  1.6793E+00  1.0000E+00
 4.3536E+04  6.0525E-01  7.9802E-01  6.0738E-01  1.6698E+00  1.0000E+00
 4.3869E+04  6.0649E-01  7.9332E-01  6.0859E-01  1.6605E+00  1.0000E+00
 4.4205E+04  6.0772E-01  7.8865E-01  6.0982E-01  1.6512E+00  1.0000E+00
 4.4544E+04  6.0897E-01  7.8401E-01  6.1105E-01  1.6419E+00  1.0000E+00
 4.4885E+04  6.1022E-01  7.7940E-01  6.1229E-01  1.6328E+00  1.0000E+00
 4.5229E+04  6.1148E-01  7.7483E-01  6.1354E-01  1.6236E+00  1.0000E+00
 4.5575E+04  6.1275E-01  7.7028E-01  6.1479E-01  1.6146E+00  1.0000E+00
 4.5924E+04  6.1402E-01  7.6577E-01  6.1605E-01  1.6056E+00  1.0000E+00
 4.6276E+04  6.1531E-01  7.6128E-01  6.1732E-01  1.5967E+00  1.0000E+00
 4.6630E+04  6.1659E-01  7.5683E-01  6.1860E-01  1.5878E+00  1.0000E+00
 4.6987E+04  6.1789E-01  7.5240E-01  6.1988E-01  1.5790E+00  1.0000E+00
 4.7347E+04  6.1919E-01  7.4801E-01  6.2117E-01  1.5703E+00  1.0000E+00
 4.7710E+04  6.2051E-01  7.4364E-01  6.2247E-01  1.5616E+00  1.0000E+00
 4.8075E+04  6.2182E-01  7.3931E-01  6.2378E-01  1.5530E+00  1.0000E+00
 4.8443E+04  6.2315E-01  7.3500E-01  6.2509E-01  1.5445E+00  1.0000E+00
 4.8814E+04  6.2449E-01  7.3072E-01  6.2642E-01  1.5360E+00  1.0000E+00
 4.9188E+04  6.2583E-01  7.2648E-01  6.2775E-01  1.5275E+00  1.0000E+00
 4.9565E+04  6.2718E-01  7.2226E-01  6.2908E-01  1.5191E+00  1.0000E+00
 4.9945E+04  6.2854E-01  7.1806E-01  6.3043E-01  1.5108E+00  1.0000E+00
 5.0327E+04  6.2990E-01  7.1390E-01  6.3179E-01  1.5026E+00  1.0000E+00
 5.0713E+04  6.3128E-01  7.0977E-01  6.3315E-01  1.4944E+00  1.0000E+00
 5.1101E+04  6.3266E-01  7.0566E-01  6.3452E-01  1.4862E+00  1.0000E+00
 5.1492E+04  6.3405E-01  7.0158E-01  6.3590E-01  1.4781E+00  1.0000E+00
 5.1887E+04  6.3545E-01  6.9753E-01  6.3729E-01  1.4701E+00  1.0000E+00
 5.2284E+04  6.3686E-01  6.9351E-01  6.3868E-01  1.4621E+00  1.0000E+00
 5.2684E+04  6.3828E-01  6.8951E-01  6.4009E-01  1.4542E+00  1.0000E+00
 5.3088E+04  6.3970E-01  6.8554E-01  6.4150E-01  1.4463E+00  1.0000E+00
 5.3494E+04  6.4114E-01  6.8160E-01  6.4293E-01  1.4385E+00  1.0000E+00
 5.3904E+04  6.4258E-01  6.7768E-01  6.4436E-01  1.4308E+00  1.0000E+00
 5.4317E+04  6.4403E-01  6.7379E-01  6.4580E-01  1.4231E+00  1.0000E+00
 5.4733E+04  6.4549E-01  6.6993E-01  6.4725E-01  1.4154E+00  1.0000E+00
 5.5152E+04  6.4696E-01  6.6609E-01  6.4871E-01  1.4078E+00  1.0000E+00
 5.5574E+04  6.4844E-01  6.6228E-01  6.5018E-01  1.4003E+00  1.0000E+00
 5.6000E+04  6.4993E-01  6.5850E-01  6.5165E-01  1.3928E+00  1.0000E+00
 5.6429E+04  6.5143E-01  6.5474E-01  6.5314E-01  1.3854E+00  1.0000E+00
 5.6861E+04  6.5293E-01  6.5100E-01  6.5464E-01  1.3780E+00  1.0000E+00
 5.7297E+04  6.5445E-01  6.4729E-01  6.5615E-01  1.3707E+00  1.0000E+00
 5.7735E+04  6.5598E-01  6.4361E-01  6.5766E-01  1.3634E+00  1.0000E+00
 5.8177E+04  6.5751E-01  6.3995E-01  6.5919E-01  1.3562E+00  1.0000E+00
 5.8623E+04  6.5906E-01  6.3632E-01  6.6072E-01  1.3490E+00  1.0000E+00
 5.9072E+04  6.6062E-01  6.3271E-01  6.6227E-01  1.3419E+00  1.0000E+00
 5.9524E+04  6.6218E-01  6.2913E-01  6.6383E-01  1.3348E+00  1.0000E+00
 5.9980E+04  6.6376E-01  6.2557E-01  6.6539E-01  1.3278E+00  1.0000E+00
 6.0440E+04  6.6535E-01  6.2204E-01  6.6697E-01  1.3208E+00  1.0000E+00
 6.0902E+04  6.6694E-01  6.1853E-01  6.6856E-01  1.3139E+00  1.0000E+00
 6.1369E+04  6.6855E-01  6.1504E-01  6.7016E-01  1.3071E+00  1.0000E+00
 6.1839E+04  6.7017E-01  6.1158E-01  6.7176E-01  1.3002E+00  1.0000E+00
 6.2312E+04  6.7180E-01  6.0814E-01  6.7338E-01  1.2935E+00  1.0000E+00
 6.2790E+04  6.7344E-01  6.0472E-01  6.7501E-01  1.2867E+00  1.0000E+00
 6.3270E+04  6.7509E-01  6.0133E-01  6.7665E-01  1.2801E+00  1.0000E+00
 6.3755E+04  6.7675E-01  5.9796E-01  6.7831E-01  1.2734E+00  1.0000E+00
 6.4243E+04  6.7842E-01  5.9462E-01  6.7997E-01  1.2669E+00  1.0000E+00
 6.4735E+04  6.8011E-01  5.9130E-01  6.8164E-01  1.2603E+00  1.0000E+00
 6.5231E+04  6.8180E-01  5.8800E-01  6.8333E-01  1.2538E+00  1.0000E+00
 6.5731E+04  6.8351E-01  5.8472E-01  6.8503E-01  1.2474E+00  1.0000E+00
 6.6234E+04  6.8523E-01  5.8146E-01  6.8674E-01  1.2410E+00  1.0000E+00
 6.6741E+04  6.8695E-01  5.7823E-01  6.8846E-01  1.2347E+00  1.0000E+00
 6.7252E+04  6.8870E-01  5.7502E-01  6.9019E-01  1.2284E+00  1.0000E+00
 6.7767E+04  6.9045E-01  5.7184E-01  6.9194E-01  1.2221E+00  1.0000E+00
 6.8286E+04  6.9222E-01  5.6867E-01  6.9369E-01  1.2159E+00  1.0000E+00
 6.8809E+04  6.9399E-01  5.6553E-01  6.9546E-01  1.2097E+00  1.0000E+00
 6.9336E+04  6.9578E-01  5.6240E-01  6.9724E-01  1.2036E+00  1.0000E+00
 6.9867E+04  6.9759E-01  5.5930E-01  6.9904E-01  1.1975E+00  1.0000E+00
 7.0402E+04  6.9940E-01  5.5622E-01  7.0084E-01  1.1915E+00  1.0000E+00
 7.0942E+04  7.0123E-01  5.5317E-01  7.0266E-01  1.1855E+00  1.0000E+00
 7.1485E+04  7.0307E-01  5.5013E-01  7.0450E-01  1.1796E+00  1.0000E+00
 7.2032E+04  7.0492E-01  5.4711E-01  7.0634E-01  1.1737E+00  1.0000E+00
 7.2584E+04  7.0679E-01  5.4412E-01  7.0820E-01  1.1678E+00  1.0000E+00
 7.3140E+04  7.0867E-01  5.4114E-01  7.1007E-01  1.1620E+00  1.0000E+00
 7.3700E+04  7.1056E-01  5.3819E-01  7.1196E-01  1.1563E+00  1.0000E+00
 7.4264E+04  7.1247E-01  5.3526E-01  7.1385E-01  1.1505E+00  1.0000E+00
 7.4833E+04  7.1439E-01  5.3234E-01  7.1577E-01  1.1448E+00  1.0000E+00
 7.5406E+04  7.1632E-01  5.2945E-01  7.1769E-01  1.1392E+00  1.0000E+00
 7.5984E+04  7.1827E-01  5.2658E-01  7.1963E-01  1.1336E+00  1.0000E+00
 7.6566E+04  7.2023E-01  5.2373E-01  7.2159E-01  1.1280E+00  1.0000E+00
 7.7152E+04  7.2221E-01  5.2089E-01  7.2355E-01  1.1225E+00  1.0000E+00
 7.7743E+04  7.2420E-01  5.1808E-01  7.2554E-01  1.1170E+00  1.0000E+00
 7.8338E+04  7.2620E-01  5.1529E-01  7.2753E-01  1.1116E+00  1.0000E+00
 7.8938E+04  7.2822E-01  5.1251E-01  7.2954E-01  1.1062E+00  1.0000E+00
 7.9543E+04  7.3025E-01  5.0976E-01  7.3157E-01  1.1008E+00  1.0000E+00
 8.0152E+04  7.3230E-01  5.0702E-01  7.3361E-01  1.0955E+00  1.0000E+00
 8.0766E+04  7.3436E-01  5.0431E-01  7.3567E-01  1.0902E+00  1.0000E+00
 8.1384E+04  7.3644E-01  5.0161E-01  7.3774E-01  1.0850E+00  1.0000E+00
 8.2008E+04  7.3854E-01  4.9893E-01  7.3983E-01  1.0798E+00  1.0000E+00
 8.2636E+04  7.4065E-01  4.9627E-01  7.4193E-01  1.0746E+00  1.0000E+00
 8.3268E+04  7.4277E-01  4.9363E-01  7.4405E-01  1.0695E+00  1.0000E+00
 8.3906E+04  7.4491E-01  4.9101E-01  7.4618E-01  1.0644E+00  1.0000E+00
 8.4549E+04  7.4707E-01  4.8840E-01  7.4833E-01  1.0594E+00  1.0000E+00
 8.5196E+04  7.4924E-01  4.8582E-01  7.5050E-01  1.0544E+00  1.0000E+00
 8.5849E+04  7.5143E-01  4.8325E-01  7.5268E-01  1.0494E+00  1.0000E+00
 8.6506E+04  7.5364E-01  4.8070E-01  7.5488E-01  1.0445E+00  1.0000E+00
 8.7169E+04  7.5586E-01  4.7817E-01  7.5710E-01  1.0396E+00  1.0000E+00
 8.7836E+04  7.5810E-01  4.7565E-01  7.5933E-01  1.0347E+00  1.0000E+00
 8.8509E+04  7.6036E-01  4.7316E-01  7.6158E-01  1.0299E+00  1.0000E+00
 8.9187E+04  7.6263E-01  4.7068E-01  7.6385E-01  1.0251E+00  1.0000E+00
 8.9870E+04  7.6492E-01  4.6821E-01  7.6613E-01  1.0204E+00  1.0000E+00
 9.0558E+04  7.6723E-01  4.6577E-01  7.6843E-01  1.0157E+00  1.0000E+00
 9.1252E+04  7.6956E-01  4.6334E-01  7.7076E-01  1.0110E+00  1.0000E+00
 9.1950E+04  7.7190E-01  4.6093E-01  7.7309E-01  1.0063E+00  1.0000E+00
 9.2655E+04  7.7427E-01  4.5854E-01  7.7545E-01  1.0017E+00  1.0000E+00
 9.3364E+04  7.7665E-01  4.5616E-01  7.7782E-01  9.9717E-01  1.0000E+00
 9.4079E+04  7.7905E-01  4.5380E-01  7.8022E-01  9.9264E-01  1.0000E+00
 9.4800E+04  7.8147E-01  4.5146E-01  7.8263E-01  9.8814E-01  1.0000E+00
 9.5526E+04  7.8390E-01  4.4914E-01  7.8506E-01  9.8367E-01  1.0000E+00
 9.6257E+04  7.8636E-01  4.4683E-01  7.8751E-01  9.7924E-01  1.0000E+00
 9.6994E+04  7.8883E-01  4.4453E-01  7.8998E-01  9.7485E-01  1.0000E+00
 9.7737E+04  7.9133E-01  4.4226E-01  7.9247E-01  9.7049E-01  1.0000E+00
 9.8486E+04  7.9384E-01  4.4000E-01  7.9498E-01  9.6616E-01  1.0000E+00
 9.9240E+04  7.9638E-01  4.3775E-01  7.9751E-01  9.6187E-01  1.0000E+00
 1.0000E+05  7.9893E-01  4.3552E-01  8.0005E-01  9.5761E-01  1.0000E+00


