#     0	 1	    9	 5	 1.6524E+03	 1000	1
 4.8978E+01  0.0000E+00  0.0000E+00  0.0000E+00  0.0000E+00  0.0000E+00
 4.9353E+01  0.0000E+00  0.0000E+00  0.0000E+00  0.0000E+00  0.0000E+00
 4.9731E+01  0.0000E+00  0.0000E+00  0.0000E+00  0.0000E+00  0.0000E+00
 5.0112E+01  0.0000E+00  0.0000E+00  0.0000E+00  0.0000E+00  0.0000E+00
 5.0496E+01  0.0000E+00  0.0000E+00  0.0000E+00  0.0000E+00  0.0000E+00
 5.0882E+01  0.0000E+00  0.0000E+00  0.0000E+00  0.0000E+00  0.0000E+00
 5.1272E+01  0.0000E+00  0.0000E+00  0.0000E+00  0.0000E+00  0.0000E+00
 5.1665E+01  0.0000E+00  0.0000E+00  0.0000E+00  0.0000E+00  0.0000E+00
 5.2060E+01  0.0000E+00  0.0000E+00  0.0000E+00  0.0000E+00  0.0000E+00
 5.2459E+01  0.0000E+00  0.0000E+00  0.0000E+00  0.0000E+00  0.0000E+00
 5.2861E+01  0.0000E+00  0.0000E+00  0.0000E+00  0.0000E+00  0.0000E+00
 5.3266E+01  0.0000E+00  0.0000E+00  0.0000E+00  0.0000E+00  0.0000E+00
 5.3673E+01  0.0000E+00  0.0000E+00  0.0000E+00  0.0000E+00  0.0000E+00
 5.4085E+01  0.0000E+00  0.0000E+00  0.0000E+00  0.0000E+00  0.0000E+00
 5.4499E+01  0.0000E+00  0.0000E+00  0.0000E+00  0.0000E+00  0.0000E+00
 5.4916E+01  0.0000E+00  0.0000E+00  0.0000E+00  0.0000E+00  0.0000E+00
 5.5337E+01  0.0000E+00  0.0000E+00  0.0000E+00  0.0000E+00  0.0000E+00
 5.5760E+01  0.0000E+00  0.0000E+00  0.0000E+00  0.0000E+00  0.0000E+00
 5.6187E+01  0.0000E+00  0.0000E+00  0.0000E+00  0.0000E+00  0.0000E+00
 5.6618E+01  0.0000E+00  0.0000E+00  0.0000E+00  0.0000E+00  0.0000E+00
 5.7051E+01  0.0000E+00  0.0000E+00  0.0000E+00  0.0000E+00  0.0000E+00
 5.7488E+01  0.0000E+00  0.0000E+00  0.0000E+00  0.0000E+00  0.0000E+00
 5.7929E+01  0.0000E+00  0.0000E+00  0.0000E+00  0.0000E+00  0.0000E+00
 5.8372E+01  0.0000E+00  0.0000E+00  0.0000E+00  0.0000E+00  0.0000E+00
 5.8819E+01  0.0000E+00  0.0000E+00  0.0000E+00  0.0000E+00  0.0000E+00
 5.9270E+01  0.0000E+00  0.0000E+00  0.0000E+00  0.0000E+00  0.0000E+00
 5.9724E+01  0.0000E+00  0.0000E+00  0.0000E+00  0.0000E+00  0.0000E+00
 6.0181E+01  0.0000E+00  0.0000E+00  0.0000E+00  0.0000E+00  0.0000E+00
 6.0642E+01  0.0000E+00  0.0000E+00  0.0000E+00  0.0000E+00  0.0000E+00
 6.1106E+01  0.0000E+00  0.0000E+00  0.0000E+00  0.0000E+00  0.0000E+00
 6.1574E+01  0.0000E+00  0.0000E+00  0.0000E+00  0.0000E+00  0.0000E+00
 6.2046E+01  0.0000E+00  0.0000E+00  0.0000E+00  0.0000E+00  0.0000E+00
 6.2521E+01  0.0000E+00  0.0000E+00  0.0000E+00  0.0000E+00  0.0000E+00
 6.3000E+01  0.0000E+00  0.0000E+00  0.0000E+00  0.0000E+00  0.0000E+00
 6.3482E+01  0.0000E+00  0.0000E+00  0.0000E+00  0.0000E+00  0.0000E+00
 6.3968E+01  0.0000E+00  0.0000E+00  0.0000E+00  0.0000E+00  0.0000E+00
 6.4458E+01  0.0000E+00  0.0000E+00  0.0000E+00  0.0000E+00  0.0000E+00
 6.4952E+01  0.0000E+00  0.0000E+00  0.0000E+00  0.0000E+00  0.0000E+00
 6.5449E+01  0.0000E+00  0.0000E+00  0.0000E+00  0.0000E+00  0.0000E+00
 6.5951E+01  0.0000E+00  0.0000E+00  0.0000E+00  0.0000E+00  0.0000E+00
 6.6456E+01  0.0000E+00  0.0000E+00  0.0000E+00  0.0000E+00  0.0000E+00
 6.6965E+01  0.0000E+00  0.0000E+00  0.0000E+00  0.0000E+00  0.0000E+00
 6.7478E+01  0.0000E+00  0.0000E+00  0.0000E+00  0.0000E+00  0.0000E+00
 6.7994E+01  0.0000E+00  0.0000E+00  0.0000E+00  0.0000E+00  0.0000E+00
 6.8515E+01  0.0000E+00  0.0000E+00  0.0000E+00  0.0000E+00  0.0000E+00
 6.9040E+01  0.0000E+00  0.0000E+00  0.0000E+00  0.0000E+00  0.0000E+00
 6.9568E+01  0.0000E+00  0.0000E+00  0.0000E+00  0.0000E+00  0.0000E+00
 7.0101E+01  0.0000E+00  0.0000E+00  0.0000E+00  0.0000E+00  0.0000E+00
 7.0638E+01  0.0000E+00  0.0000E+00  0.0000E+00  0.0000E+00  0.0000E+00
 7.1179E+01  0.0000E+00  0.0000E+00  0.0000E+00  0.0000E+00  0.0000E+00
 7.1724E+01  0.0000E+00  0.0000E+00  0.0000E+00  0.0000E+00  0.0000E+00
 7.2273E+01  0.0000E+00  0.0000E+00  0.0000E+00  0.0000E+00  0.0000E+00
 7.2827E+01  0.0000E+00  0.0000E+00  0.0000E+00  0.0000E+00  0.0000E+00
 7.3385E+01  0.0000E+00  0.0000E+00  0.0000E+00  0.0000E+00  0.0000E+00
 7.3947E+01  0.0000E+00  0.0000E+00  0.0000E+00  0.0000E+00  0.0000E+00
 7.4513E+01  0.0000E+00  0.0000E+00  0.0000E+00  0.0000E+00  0.0000E+00
 7.5084E+01  0.0000E+00  0.0000E+00  0.0000E+00  0.0000E+00  0.0000E+00
 7.5659E+01  0.0000E+00  0.0000E+00  0.0000E+00  0.0000E+00  0.0000E+00
 7.6238E+01  0.0000E+00  0.0000E+00  0.0000E+00  0.0000E+00  0.0000E+00
 7.6822E+01  0.0000E+00  0.0000E+00  0.0000E+00  0.0000E+00  0.0000E+00
 7.7410E+01  0.0000E+00  0.0000E+00  0.0000E+00  0.0000E+00  0.0000E+00
 7.8003E+01  0.0000E+00  0.0000E+00  0.0000E+00  0.0000E+00  0.0000E+00
 7.8601E+01  0.0000E+00  0.0000E+00  0.0000E+00  0.0000E+00  0.0000E+00
 7.9202E+01  0.0000E+00  0.0000E+00  0.0000E+00  0.0000E+00  0.0000E+00
 7.9809E+01  0.0000E+00  0.0000E+00  0.0000E+00  0.0000E+00  0.0000E+00
 8.0420E+01  0.0000E+00  0.0000E+00  0.0000E+00  0.0000E+00  0.0000E+00
 8.1036E+01  0.0000E+00  0.0000E+00  0.0000E+00  0.0000E+00  0.0000E+00
 8.1657E+01  0.0000E+00  0.0000E+00  0.0000E+00  0.0000E+00  0.0000E+00
 8.2282E+01  0.0000E+00  0.0000E+00  0.0000E+00  0.0000E+00  0.0000E+00
 8.2912E+01  0.0000E+00  0.0000E+00  0.0000E+00  0.0000E+00  0.0000E+00
 8.3547E+01  0.0000E+00  0.0000E+00  0.0000E+00  0.0000E+00  0.0000E+00
 8.4187E+01  0.0000E+00  0.0000E+00  0.0000E+00  0.0000E+00  0.0000E+00
 8.4832E+01  0.0000E+00  0.0000E+00  0.0000E+00  0.0000E+00  0.0000E+00
 8.5481E+01  0.0000E+00  0.0000E+00  0.0000E+00  0.0000E+00  0.0000E+00
 8.6136E+01  0.0000E+00  0.0000E+00  0.0000E+00  0.0000E+00  0.0000E+00
 8.6796E+01  0.0000E+00  0.0000E+00  0.0000E+00  0.0000E+00  0.0000E+00
 8.7460E+01  0.0000E+00  0.0000E+00  0.0000E+00  0.0000E+00  0.0000E+00
 8.8130E+01  0.0000E+00  0.0000E+00  0.0000E+00  0.0000E+00  0.0000E+00
 8.8805E+01  0.0000E+00  0.0000E+00  0.0000E+00  0.0000E+00  0.0000E+00
 8.9485E+01  0.0000E+00  0.0000E+00  0.0000E+00  0.0000E+00  0.0000E+00
 9.0171E+01  0.0000E+00  0.0000E+00  0.0000E+00  0.0000E+00  0.0000E+00
 9.0861E+01  0.0000E+00  0.0000E+00  0.0000E+00  0.0000E+00  0.0000E+00
 9.1557E+01  0.0000E+00  0.0000E+00  0.0000E+00  0.0000E+00  0.0000E+00
 9.2258E+01  0.0000E+00  0.0000E+00  0.0000E+00  0.0000E+00  0.0000E+00
 9.2965E+01  0.0000E+00  0.0000E+00  0.0000E+00  0.0000E+00  0.0000E+00
 9.3677E+01  0.0000E+00  0.0000E+00  0.0000E+00  0.0000E+00  0.0000E+00
 9.4394E+01  0.0000E+00  0.0000E+00  0.0000E+00  0.0000E+00  0.0000E+00
 9.5117E+01  0.0000E+00  0.0000E+00  0.0000E+00  0.0000E+00  0.0000E+00
 9.5845E+01  0.0000E+00  0.0000E+00  0.0000E+00  0.0000E+00  0.0000E+00
 9.6579E+01  0.0000E+00  0.0000E+00  0.0000E+00  0.0000E+00  0.0000E+00
 9.7319E+01  0.0000E+00  0.0000E+00  0.0000E+00  0.0000E+00  0.0000E+00
 9.8064E+01  0.0000E+00  0.0000E+00  0.0000E+00  0.0000E+00  0.0000E+00
 9.8815E+01  0.0000E+00  0.0000E+00  0.0000E+00  0.0000E+00  0.0000E+00
 9.9572E+01  0.0000E+00  0.0000E+00  0.0000E+00  0.0000E+00  0.0000E+00
 1.0033E+02  0.0000E+00  0.0000E+00  0.0000E+00  0.0000E+00  0.0000E+00
 1.0110E+02  0.0000E+00  0.0000E+00  0.0000E+00  0.0000E+00  0.0000E+00
 1.0188E+02  0.0000E+00  0.0000E+00  0.0000E+00  0.0000E+00  0.0000E+00
 1.0266E+02  0.0000E+00  0.0000E+00  0.0000E+00  0.0000E+00  0.0000E+00
 1.0344E+02  0.0000E+00  0.0000E+00  0.0000E+00  0.0000E+00  0.0000E+00
 1.0424E+02  0.0000E+00  0.0000E+00  0.0000E+00  0.0000E+00  0.0000E+00
 1.0503E+02  0.0000E+00  0.0000E+00  0.0000E+00  0.0000E+00  0.0000E+00
 1.0584E+02  0.0000E+00  0.0000E+00  0.0000E+00  0.0000E+00  0.0000E+00
 1.0665E+02  0.0000E+00  0.0000E+00  0.0000E+00  0.0000E+00  0.0000E+00
 1.0747E+02  0.0000E+00  0.0000E+00  0.0000E+00  0.0000E+00  0.0000E+00
 1.0829E+02  0.0000E+00  0.0000E+00  0.0000E+00  0.0000E+00  0.0000E+00
 1.0912E+02  0.0000E+00  0.0000E+00  0.0000E+00  0.0000E+00  0.0000E+00
 1.0995E+02  0.0000E+00  0.0000E+00  0.0000E+00  0.0000E+00  0.0000E+00
 1.1080E+02  0.0000E+00  0.0000E+00  0.0000E+00  0.0000E+00  0.0000E+00
 1.1164E+02  0.0000E+00  0.0000E+00  0.0000E+00  0.0000E+00  0.0000E+00
 1.1250E+02  0.0000E+00  0.0000E+00  0.0000E+00  0.0000E+00  0.0000E+00
 1.1336E+02  0.0000E+00  0.0000E+00  0.0000E+00  0.0000E+00  0.0000E+00
 1.1423E+02  0.0000E+00  0.0000E+00  0.0000E+00  0.0000E+00  0.0000E+00
 1.1510E+02  0.0000E+00  0.0000E+00  0.0000E+00  0.0000E+00  0.0000E+00
 1.1599E+02  0.0000E+00  0.0000E+00  0.0000E+00  0.0000E+00  0.0000E+00
 1.1687E+02  0.0000E+00  0.0000E+00  0.0000E+00  0.0000E+00  0.0000E+00
 1.1777E+02  0.0000E+00  0.0000E+00  0.0000E+00  0.0000E+00  0.0000E+00
 1.1867E+02  0.0000E+00  0.0000E+00  0.0000E+00  0.0000E+00  0.0000E+00
 1.1958E+02  0.0000E+00  0.0000E+00  0.0000E+00  0.0000E+00  0.0000E+00
 1.2050E+02  0.0000E+00  0.0000E+00  0.0000E+00  0.0000E+00  0.0000E+00
 1.2142E+02  0.0000E+00  0.0000E+00  0.0000E+00  0.0000E+00  0.0000E+00
 1.2235E+02  0.0000E+00  0.0000E+00  0.0000E+00  0.0000E+00  0.0000E+00
 1.2329E+02  0.0000E+00  0.0000E+00  0.0000E+00  0.0000E+00  0.0000E+00
 1.2423E+02  0.0000E+00  0.0000E+00  0.0000E+00  0.0000E+00  0.0000E+00
 1.2518E+02  0.0000E+00  0.0000E+00  0.0000E+00  0.0000E+00  0.0000E+00
 1.2614E+02  0.0000E+00  0.0000E+00  0.0000E+00  0.0000E+00  0.0000E+00
 1.2711E+02  0.0000E+00  0.0000E+00  0.0000E+00  0.0000E+00  0.0000E+00
 1.2808E+02  0.0000E+00  0.0000E+00  0.0000E+00  0.0000E+00  0.0000E+00
 1.2906E+02  0.0000E+00  0.0000E+00  0.0000E+00  0.0000E+00  0.0000E+00
 1.3005E+02  0.0000E+00  0.0000E+00  0.0000E+00  0.0000E+00  0.0000E+00
 1.3104E+02  0.0000E+00  0.0000E+00  0.0000E+00  0.0000E+00  0.0000E+00
 1.3205E+02  0.0000E+00  0.0000E+00  0.0000E+00  0.0000E+00  0.0000E+00
 1.3306E+02  0.0000E+00  0.0000E+00  0.0000E+00  0.0000E+00  0.0000E+00
 1.3408E+02  0.0000E+00  0.0000E+00  0.0000E+00  0.0000E+00  0.0000E+00
 1.3510E+02  0.0000E+00  0.0000E+00  0.0000E+00  0.0000E+00  0.0000E+00
 1.3614E+02  0.0000E+00  0.0000E+00  0.0000E+00  0.0000E+00  0.0000E+00
 1.3718E+02  0.0000E+00  0.0000E+00  0.0000E+00  0.0000E+00  0.0000E+00
 1.3823E+02  0.0000E+00  0.0000E+00  0.0000E+00  0.0000E+00  0.0000E+00
 1.3929E+02  0.0000E+00  0.0000E+00  0.0000E+00  0.0000E+00  0.0000E+00
 1.4036E+02  0.0000E+00  0.0000E+00  0.0000E+00  0.0000E+00  0.0000E+00
 1.4143E+02  0.0000E+00  0.0000E+00  0.0000E+00  0.0000E+00  0.0000E+00
 1.4252E+02  0.0000E+00  0.0000E+00  0.0000E+00  0.0000E+00  0.0000E+00
 1.4361E+02  0.0000E+00  0.0000E+00  0.0000E+00  0.0000E+00  0.0000E+00
 1.4471E+02  0.0000E+00  0.0000E+00  0.0000E+00  0.0000E+00  0.0000E+00
 1.4582E+02  0.0000E+00  0.0000E+00  0.0000E+00  0.0000E+00  0.0000E+00
 1.4693E+02  0.0000E+00  0.0000E+00  0.0000E+00  0.0000E+00  0.0000E+00
 1.4806E+02  0.0000E+00  0.0000E+00  0.0000E+00  0.0000E+00  0.0000E+00
 1.4919E+02  0.0000E+00  0.0000E+00  0.0000E+00  0.0000E+00  0.0000E+00
 1.5033E+02  0.0000E+00  0.0000E+00  0.0000E+00  0.0000E+00  0.0000E+00
 1.5149E+02  0.0000E+00  0.0000E+00  0.0000E+00  0.0000E+00  0.0000E+00
 1.5265E+02  0.0000E+00  0.0000E+00  0.0000E+00  0.0000E+00  0.0000E+00
 1.5381E+02  0.0000E+00  0.0000E+00  0.0000E+00  0.0000E+00  0.0000E+00
 1.5499E+02  0.0000E+00  0.0000E+00  0.0000E+00  0.0000E+00  0.0000E+00
 1.5618E+02  0.0000E+00  0.0000E+00  0.0000E+00  0.0000E+00  0.0000E+00
 1.5738E+02  0.0000E+00  0.0000E+00  0.0000E+00  0.0000E+00  0.0000E+00
 1.5858E+02  0.0000E+00  0.0000E+00  0.0000E+00  0.0000E+00  0.0000E+00
 1.5980E+02  0.0000E+00  0.0000E+00  0.0000E+00  0.0000E+00  0.0000E+00
 1.6102E+02  0.0000E+00  0.0000E+00  0.0000E+00  0.0000E+00  0.0000E+00
 1.6225E+02  0.0000E+00  0.0000E+00  0.0000E+00  0.0000E+00  0.0000E+00
 1.6349E+02  0.0000E+00  0.0000E+00  0.0000E+00  0.0000E+00  0.0000E+00
 1.6475E+02  0.0000E+00  0.0000E+00  0.0000E+00  0.0000E+00  0.0000E+00
 1.6601E+02  0.0000E+00  0.0000E+00  0.0000E+00  0.0000E+00  0.0000E+00
 1.6728E+02  0.0000E+00  0.0000E+00  0.0000E+00  0.0000E+00  0.0000E+00
 1.6856E+02  0.0000E+00  0.0000E+00  0.0000E+00  0.0000E+00  0.0000E+00
 1.6985E+02  0.0000E+00  0.0000E+00  0.0000E+00  0.0000E+00  0.0000E+00
 1.7115E+02  0.0000E+00  0.0000E+00  0.0000E+00  0.0000E+00  0.0000E+00
 1.7246E+02  0.0000E+00  0.0000E+00  0.0000E+00  0.0000E+00  0.0000E+00
 1.7378E+02  0.0000E+00  0.0000E+00  0.0000E+00  0.0000E+00  0.0000E+00
 1.7511E+02  0.0000E+00  0.0000E+00  0.0000E+00  0.0000E+00  0.0000E+00
 1.7646E+02  0.0000E+00  0.0000E+00  0.0000E+00  0.0000E+00  0.0000E+00
 1.7781E+02  0.0000E+00  0.0000E+00  0.0000E+00  0.0000E+00  0.0000E+00
 1.7917E+02  0.0000E+00  0.0000E+00  0.0000E+00  0.0000E+00  0.0000E+00
 1.8054E+02  0.0000E+00  0.0000E+00  0.0000E+00  0.0000E+00  0.0000E+00
 1.8192E+02  0.0000E+00  0.0000E+00  0.0000E+00  0.0000E+00  0.0000E+00
 1.8332E+02  0.0000E+00  0.0000E+00  0.0000E+00  0.0000E+00  0.0000E+00
 1.8472E+02  0.0000E+00  0.0000E+00  0.0000E+00  0.0000E+00  0.0000E+00
 1.8614E+02  0.0000E+00  0.0000E+00  0.0000E+00  0.0000E+00  0.0000E+00
 1.8756E+02  0.0000E+00  0.0000E+00  0.0000E+00  0.0000E+00  0.0000E+00
 1.8900E+02  0.0000E+00  0.0000E+00  0.0000E+00  0.0000E+00  0.0000E+00
 1.9045E+02  0.0000E+00  0.0000E+00  0.0000E+00  0.0000E+00  0.0000E+00
 1.9190E+02  0.0000E+00  0.0000E+00  0.0000E+00  0.0000E+00  0.0000E+00
 1.9337E+02  0.0000E+00  0.0000E+00  0.0000E+00  0.0000E+00  0.0000E+00
 1.9485E+02  0.0000E+00  0.0000E+00  0.0000E+00  0.0000E+00  0.0000E+00
 1.9635E+02  0.0000E+00  0.0000E+00  0.0000E+00  0.0000E+00  0.0000E+00
 1.9785E+02  0.0000E+00  0.0000E+00  0.0000E+00  0.0000E+00  0.0000E+00
 1.9937E+02  0.0000E+00  0.0000E+00  0.0000E+00  0.0000E+00  0.0000E+00
 2.0089E+02  0.0000E+00  0.0000E+00  0.0000E+00  0.0000E+00  0.0000E+00
 2.0243E+02  0.0000E+00  0.0000E+00  0.0000E+00  0.0000E+00  0.0000E+00
 2.0398E+02  0.0000E+00  0.0000E+00  0.0000E+00  0.0000E+00  0.0000E+00
 2.0554E+02  0.0000E+00  0.0000E+00  0.0000E+00  0.0000E+00  0.0000E+00
 2.0712E+02  0.0000E+00  0.0000E+00  0.0000E+00  0.0000E+00  0.0000E+00
 2.0870E+02  0.0000E+00  0.0000E+00  0.0000E+00  0.0000E+00  0.0000E+00
 2.1030E+02  0.0000E+00  0.0000E+00  0.0000E+00  0.0000E+00  0.0000E+00
 2.1191E+02  0.0000E+00  0.0000E+00  0.0000E+00  0.0000E+00  0.0000E+00
 2.1354E+02  0.0000E+00  0.0000E+00  0.0000E+00  0.0000E+00  0.0000E+00
 2.1517E+02  0.0000E+00  0.0000E+00  0.0000E+00  0.0000E+00  0.0000E+00
 2.1682E+02  0.0000E+00  0.0000E+00  0.0000E+00  0.0000E+00  0.0000E+00
 2.1848E+02  0.0000E+00  0.0000E+00  0.0000E+00  0.0000E+00  0.0000E+00
 2.2015E+02  0.0000E+00  0.0000E+00  0.0000E+00  0.0000E+00  0.0000E+00
 2.2184E+02  0.0000E+00  0.0000E+00  0.0000E+00  0.0000E+00  0.0000E+00
 2.2354E+02  0.0000E+00  0.0000E+00  0.0000E+00  0.0000E+00  0.0000E+00
 2.2525E+02  0.0000E+00  0.0000E+00  0.0000E+00  0.0000E+00  0.0000E+00
 2.2697E+02  0.0000E+00  0.0000E+00  0.0000E+00  0.0000E+00  0.0000E+00
 2.2871E+02  0.0000E+00  0.0000E+00  0.0000E+00  0.0000E+00  0.0000E+00
 2.3046E+02  0.0000E+00  0.0000E+00  0.0000E+00  0.0000E+00  0.0000E+00
 2.3223E+02  0.0000E+00  0.0000E+00  0.0000E+00  0.0000E+00  0.0000E+00
 2.3401E+02  0.0000E+00  0.0000E+00  0.0000E+00  0.0000E+00  0.0000E+00
 2.3580E+02  0.0000E+00  0.0000E+00  0.0000E+00  0.0000E+00  0.0000E+00
 2.3761E+02  0.0000E+00  0.0000E+00  0.0000E+00  0.0000E+00  0.0000E+00
 2.3942E+02  0.0000E+00  0.0000E+00  0.0000E+00  0.0000E+00  0.0000E+00
 2.4126E+02  0.0000E+00  0.0000E+00  0.0000E+00  0.0000E+00  0.0000E+00
 2.4311E+02  0.0000E+00  0.0000E+00  0.0000E+00  0.0000E+00  0.0000E+00
 2.4497E+02  0.0000E+00  0.0000E+00  0.0000E+00  0.0000E+00  0.0000E+00
 2.4684E+02  0.0000E+00  0.0000E+00  0.0000E+00  0.0000E+00  0.0000E+00
 2.4873E+02  0.0000E+00  0.0000E+00  0.0000E+00  0.0000E+00  0.0000E+00
 2.5064E+02  0.0000E+00  0.0000E+00  0.0000E+00  0.0000E+00  0.0000E+00
 2.5256E+02  0.0000E+00  0.0000E+00  0.0000E+00  0.0000E+00  0.0000E+00
 2.5449E+02  0.0000E+00  0.0000E+00  0.0000E+00  0.0000E+00  0.0000E+00
 2.5644E+02  0.0000E+00  0.0000E+00  0.0000E+00  0.0000E+00  0.0000E+00
 2.5841E+02  0.0000E+00  0.0000E+00  0.0000E+00  0.0000E+00  0.0000E+00
 2.6038E+02  0.0000E+00  0.0000E+00  0.0000E+00  0.0000E+00  0.0000E+00
 2.6238E+02  0.0000E+00  0.0000E+00  0.0000E+00  0.0000E+00  0.0000E+00
 2.6439E+02  0.0000E+00  0.0000E+00  0.0000E+00  0.0000E+00  0.0000E+00
 2.6641E+02  0.0000E+00  0.0000E+00  0.0000E+00  0.0000E+00  0.0000E+00
 2.6845E+02  0.0000E+00  0.0000E+00  0.0000E+00  0.0000E+00  0.0000E+00
 2.7051E+02  0.0000E+00  0.0000E+00  0.0000E+00  0.0000E+00  0.0000E+00
 2.7258E+02  0.0000E+00  0.0000E+00  0.0000E+00  0.0000E+00  0.0000E+00
 2.7467E+02  0.0000E+00  0.0000E+00  0.0000E+00  0.0000E+00  0.0000E+00
 2.7677E+02  0.0000E+00  0.0000E+00  0.0000E+00  0.0000E+00  0.0000E+00
 2.7889E+02  0.0000E+00  0.0000E+00  0.0000E+00  0.0000E+00  0.0000E+00
 2.8103E+02  0.0000E+00  0.0000E+00  0.0000E+00  0.0000E+00  0.0000E+00
 2.8318E+02  0.0000E+00  0.0000E+00  0.0000E+00  0.0000E+00  0.0000E+00
 2.8535E+02  0.0000E+00  0.0000E+00  0.0000E+00  0.0000E+00  0.0000E+00
 2.8753E+02  0.0000E+00  0.0000E+00  0.0000E+00  0.0000E+00  0.0000E+00
 2.8974E+02  0.0000E+00  0.0000E+00  0.0000E+00  0.0000E+00  0.0000E+00
 2.9195E+02  0.0000E+00  0.0000E+00  0.0000E+00  0.0000E+00  0.0000E+00
 2.9419E+02  0.0000E+00  0.0000E+00  0.0000E+00  0.0000E+00  0.0000E+00
 2.9644E+02  0.0000E+00  0.0000E+00  0.0000E+00  0.0000E+00  0.0000E+00
 2.9871E+02  0.0000E+00  0.0000E+00  0.0000E+00  0.0000E+00  0.0000E+00
 3.0100E+02  0.0000E+00  0.0000E+00  0.0000E+00  0.0000E+00  0.0000E+00
 3.0331E+02  0.0000E+00  0.0000E+00  0.0000E+00  0.0000E+00  0.0000E+00
 3.0563E+02  0.0000E+00  0.0000E+00  0.0000E+00  0.0000E+00  0.0000E+00
 3.0797E+02  0.0000E+00  0.0000E+00  0.0000E+00  0.0000E+00  0.0000E+00
 3.1033E+02  0.0000E+00  0.0000E+00  0.0000E+00  0.0000E+00  0.0000E+00
 3.1271E+02  0.0000E+00  0.0000E+00  0.0000E+00  0.0000E+00  0.0000E+00
 3.1510E+02  0.0000E+00  0.0000E+00  0.0000E+00  0.0000E+00  0.0000E+00
 3.1751E+02  0.0000E+00  0.0000E+00  0.0000E+00  0.0000E+00  0.0000E+00
 3.1994E+02  0.0000E+00  0.0000E+00  0.0000E+00  0.0000E+00  0.0000E+00
 3.2240E+02  0.0000E+00  0.0000E+00  0.0000E+00  0.0000E+00  0.0000E+00
 3.2486E+02  0.0000E+00  0.0000E+00  0.0000E+00  0.0000E+00  0.0000E+00
 3.2735E+02  0.0000E+00  0.0000E+00  0.0000E+00  0.0000E+00  0.0000E+00
 3.2986E+02  0.0000E+00  0.0000E+00  0.0000E+00  0.0000E+00  0.0000E+00
 3.3239E+02  0.0000E+00  0.0000E+00  0.0000E+00  0.0000E+00  0.0000E+00
 3.3493E+02  0.0000E+00  0.0000E+00  0.0000E+00  0.0000E+00  0.0000E+00
 3.3750E+02  0.0000E+00  0.0000E+00  0.0000E+00  0.0000E+00  0.0000E+00
 3.4008E+02  0.0000E+00  0.0000E+00  0.0000E+00  0.0000E+00  0.0000E+00
 3.4268E+02  0.0000E+00  0.0000E+00  0.0000E+00  0.0000E+00  0.0000E+00
 3.4531E+02  0.0000E+00  0.0000E+00  0.0000E+00  0.0000E+00  0.0000E+00
 3.4795E+02  0.0000E+00  0.0000E+00  0.0000E+00  0.0000E+00  0.0000E+00
 3.5062E+02  0.0000E+00  0.0000E+00  0.0000E+00  0.0000E+00  0.0000E+00
 3.5330E+02  0.0000E+00  0.0000E+00  0.0000E+00  0.0000E+00  0.0000E+00
 3.5601E+02  0.0000E+00  0.0000E+00  0.0000E+00  0.0000E+00  0.0000E+00
 3.5874E+02  0.0000E+00  0.0000E+00  0.0000E+00  0.0000E+00  0.0000E+00
 3.6148E+02  0.0000E+00  0.0000E+00  0.0000E+00  0.0000E+00  0.0000E+00
 3.6425E+02  0.0000E+00  0.0000E+00  0.0000E+00  0.0000E+00  0.0000E+00
 3.6704E+02  0.0000E+00  0.0000E+00  0.0000E+00  0.0000E+00  0.0000E+00
 3.6985E+02  0.0000E+00  0.0000E+00  0.0000E+00  0.0000E+00  0.0000E+00
 3.7268E+02  0.0000E+00  0.0000E+00  0.0000E+00  0.0000E+00  0.0000E+00
 3.7554E+02  0.0000E+00  0.0000E+00  0.0000E+00  0.0000E+00  0.0000E+00
 3.7841E+02  0.0000E+00  0.0000E+00  0.0000E+00  0.0000E+00  0.0000E+00
 3.8131E+02  0.0000E+00  0.0000E+00  0.0000E+00  0.0000E+00  0.0000E+00
 3.8423E+02  0.0000E+00  0.0000E+00  0.0000E+00  0.0000E+00  0.0000E+00
 3.8718E+02  0.0000E+00  0.0000E+00  0.0000E+00  0.0000E+00  0.0000E+00
 3.9014E+02  0.0000E+00  0.0000E+00  0.0000E+00  0.0000E+00  0.0000E+00
 3.9313E+02  0.0000E+00  0.0000E+00  0.0000E+00  0.0000E+00  0.0000E+00
 3.9614E+02  0.0000E+00  0.0000E+00  0.0000E+00  0.0000E+00  0.0000E+00
 3.9917E+02  0.0000E+00  0.0000E+00  0.0000E+00  0.0000E+00  0.0000E+00
 4.0223E+02  0.0000E+00  0.0000E+00  0.0000E+00  0.0000E+00  0.0000E+00
 4.0531E+02  0.0000E+00  0.0000E+00  0.0000E+00  0.0000E+00  0.0000E+00
 4.0841E+02  0.0000E+00  0.0000E+00  0.0000E+00  0.0000E+00  0.0000E+00
 4.1154E+02  0.0000E+00  0.0000E+00  0.0000E+00  0.0000E+00  0.0000E+00
 4.1469E+02  0.0000E+00  0.0000E+00  0.0000E+00  0.0000E+00  0.0000E+00
 4.1787E+02  0.0000E+00  0.0000E+00  0.0000E+00  0.0000E+00  0.0000E+00
 4.2107E+02  0.0000E+00  0.0000E+00  0.0000E+00  0.0000E+00  0.0000E+00
 4.2429E+02  0.0000E+00  0.0000E+00  0.0000E+00  0.0000E+00  0.0000E+00
 4.2754E+02  0.0000E+00  0.0000E+00  0.0000E+00  0.0000E+00  0.0000E+00
 4.3082E+02  0.0000E+00  0.0000E+00  0.0000E+00  0.0000E+00  0.0000E+00
 4.3412E+02  0.0000E+00  0.0000E+00  0.0000E+00  0.0000E+00  0.0000E+00
 4.3744E+02  0.0000E+00  0.0000E+00  0.0000E+00  0.0000E+00  0.0000E+00
 4.4079E+02  0.0000E+00  0.0000E+00  0.0000E+00  0.0000E+00  0.0000E+00
 4.4417E+02  0.0000E+00  0.0000E+00  0.0000E+00  0.0000E+00  0.0000E+00
 4.4757E+02  0.0000E+00  0.0000E+00  0.0000E+00  0.0000E+00  0.0000E+00
 4.5100E+02  0.0000E+00  0.0000E+00  0.0000E+00  0.0000E+00  0.0000E+00
 4.5445E+02  0.0000E+00  0.0000E+00  0.0000E+00  0.0000E+00  0.0000E+00
 4.5793E+02  0.0000E+00  0.0000E+00  0.0000E+00  0.0000E+00  0.0000E+00
 4.6144E+02  0.0000E+00  0.0000E+00  0.0000E+00  0.0000E+00  0.0000E+00
 4.6497E+02  0.0000E+00  0.0000E+00  0.0000E+00  0.0000E+00  0.0000E+00
 4.6853E+02  0.0000E+00  0.0000E+00  0.0000E+00  0.0000E+00  0.0000E+00
 4.7212E+02  0.0000E+00  0.0000E+00  0.0000E+00  0.0000E+00  0.0000E+00
 4.7574E+02  0.0000E+00  0.0000E+00  0.0000E+00  0.0000E+00  0.0000E+00
 4.7938E+02  0.0000E+00  0.0000E+00  0.0000E+00  0.0000E+00  0.0000E+00
 4.8305E+02  0.0000E+00  0.0000E+00  0.0000E+00  0.0000E+00  0.0000E+00
 4.8675E+02  0.0000E+00  0.0000E+00  0.0000E+00  0.0000E+00  0.0000E+00
 4.9048E+02  0.0000E+00  0.0000E+00  0.0000E+00  0.0000E+00  0.0000E+00
 4.9424E+02  0.0000E+00  0.0000E+00  0.0000E+00  0.0000E+00  0.0000E+00
 4.9802E+02  0.0000E+00  0.0000E+00  0.0000E+00  0.0000E+00  0.0000E+00
 5.0183E+02  0.0000E+00  0.0000E+00  0.0000E+00  0.0000E+00  0.0000E+00
 5.0568E+02  0.0000E+00  0.0000E+00  0.0000E+00  0.0000E+00  0.0000E+00
 5.0955E+02  0.0000E+00  0.0000E+00  0.0000E+00  0.0000E+00  0.0000E+00
 5.1345E+02  0.0000E+00  0.0000E+00  0.0000E+00  0.0000E+00  0.0000E+00
 5.1738E+02  0.0000E+00  0.0000E+00  0.0000E+00  0.0000E+00  0.0000E+00
 5.2135E+02  0.0000E+00  0.0000E+00  0.0000E+00  0.0000E+00  0.0000E+00
 5.2534E+02  0.0000E+00  0.0000E+00  0.0000E+00  0.0000E+00  0.0000E+00
 5.2936E+02  0.0000E+00  0.0000E+00  0.0000E+00  0.0000E+00  0.0000E+00
 5.3342E+02  0.0000E+00  0.0000E+00  0.0000E+00  0.0000E+00  0.0000E+00
 5.3750E+02  0.0000E+00  0.0000E+00  0.0000E+00  0.0000E+00  0.0000E+00
 5.4162E+02  0.0000E+00  0.0000E+00  0.0000E+00  0.0000E+00  0.0000E+00
 5.4577E+02  0.0000E+00  0.0000E+00  0.0000E+00  0.0000E+00  0.0000E+00
 5.4995E+02  0.0000E+00  0.0000E+00  0.0000E+00  0.0000E+00  0.0000E+00
 5.5416E+02  0.0000E+00  0.0000E+00  0.0000E+00  0.0000E+00  0.0000E+00
 5.5840E+02  0.0000E+00  0.0000E+00  0.0000E+00  0.0000E+00  0.0000E+00
 5.6268E+02  0.0000E+00  0.0000E+00  0.0000E+00  0.0000E+00  0.0000E+00
 5.6699E+02  0.0000E+00  0.0000E+00  0.0000E+00  0.0000E+00  0.0000E+00
 5.7133E+02  0.0000E+00  0.0000E+00  0.0000E+00  0.0000E+00  0.0000E+00
 5.7571E+02  0.0000E+00  0.0000E+00  0.0000E+00  0.0000E+00  0.0000E+00
 5.8011E+02  0.0000E+00  0.0000E+00  0.0000E+00  0.0000E+00  0.0000E+00
 5.8456E+02  0.0000E+00  0.0000E+00  0.0000E+00  0.0000E+00  0.0000E+00
 5.8903E+02  0.0000E+00  0.0000E+00  0.0000E+00  0.0000E+00  0.0000E+00
 5.9354E+02  0.0000E+00  0.0000E+00  0.0000E+00  0.0000E+00  0.0000E+00
 5.9809E+02  0.0000E+00  0.0000E+00  0.0000E+00  0.0000E+00  0.0000E+00
 6.0267E+02  0.0000E+00  0.0000E+00  0.0000E+00  0.0000E+00  0.0000E+00
 6.0729E+02  0.0000E+00  0.0000E+00  0.0000E+00  0.0000E+00  0.0000E+00
 6.1194E+02  0.0000E+00  0.0000E+00  0.0000E+00  0.0000E+00  0.0000E+00
 6.1662E+02  0.0000E+00  0.0000E+00  0.0000E+00  0.0000E+00  0.0000E+00
 6.2135E+02  0.0000E+00  0.0000E+00  0.0000E+00  0.0000E+00  0.0000E+00
 6.2610E+02  0.0000E+00  0.0000E+00  0.0000E+00  0.0000E+00  0.0000E+00
 6.3090E+02  0.0000E+00  0.0000E+00  0.0000E+00  0.0000E+00  0.0000E+00
 6.3573E+02  0.0000E+00  0.0000E+00  0.0000E+00  0.0000E+00  0.0000E+00
 6.4060E+02  0.0000E+00  0.0000E+00  0.0000E+00  0.0000E+00  0.0000E+00
 6.4551E+02  0.0000E+00  0.0000E+00  0.0000E+00  0.0000E+00  0.0000E+00
 6.5045E+02  0.0000E+00  0.0000E+00  0.0000E+00  0.0000E+00  0.0000E+00
 6.5543E+02  0.0000E+00  0.0000E+00  0.0000E+00  0.0000E+00  0.0000E+00
 6.6045E+02  0.0000E+00  0.0000E+00  0.0000E+00  0.0000E+00  0.0000E+00
 6.6551E+02  0.0000E+00  0.0000E+00  0.0000E+00  0.0000E+00  0.0000E+00
 6.7060E+02  0.0000E+00  0.0000E+00  0.0000E+00  0.0000E+00  0.0000E+00
 6.7574E+02  0.0000E+00  0.0000E+00  0.0000E+00  0.0000E+00  0.0000E+00
 6.8092E+02  0.0000E+00  0.0000E+00  0.0000E+00  0.0000E+00  0.0000E+00
 6.8613E+02  0.0000E+00  0.0000E+00  0.0000E+00  0.0000E+00  0.0000E+00
 6.9138E+02  0.0000E+00  0.0000E+00  0.0000E+00  0.0000E+00  0.0000E+00
 6.9668E+02  0.0000E+00  0.0000E+00  0.0000E+00  0.0000E+00  0.0000E+00
 7.0201E+02  0.0000E+00  0.0000E+00  0.0000E+00  0.0000E+00  0.0000E+00
 7.0739E+02  0.0000E+00  0.0000E+00  0.0000E+00  0.0000E+00  0.0000E+00
 7.1281E+02  0.0000E+00  0.0000E+00  0.0000E+00  0.0000E+00  0.0000E+00
 7.1827E+02  0.0000E+00  0.0000E+00  0.0000E+00  0.0000E+00  0.0000E+00
 7.2377E+02  0.0000E+00  0.0000E+00  0.0000E+00  0.0000E+00  0.0000E+00
 7.2931E+02  0.0000E+00  0.0000E+00  0.0000E+00  0.0000E+00  0.0000E+00
 7.3490E+02  0.0000E+00  0.0000E+00  0.0000E+00  0.0000E+00  0.0000E+00
 7.4052E+02  0.0000E+00  0.0000E+00  0.0000E+00  0.0000E+00  0.0000E+00
 7.4620E+02  0.0000E+00  0.0000E+00  0.0000E+00  0.0000E+00  0.0000E+00
 7.5191E+02  0.0000E+00  0.0000E+00  0.0000E+00  0.0000E+00  0.0000E+00
 7.5767E+02  0.0000E+00  0.0000E+00  0.0000E+00  0.0000E+00  0.0000E+00
 7.6347E+02  0.0000E+00  0.0000E+00  0.0000E+00  0.0000E+00  0.0000E+00
 7.6932E+02  0.0000E+00  0.0000E+00  0.0000E+00  0.0000E+00  0.0000E+00
 7.7521E+02  0.0000E+00  0.0000E+00  0.0000E+00  0.0000E+00  0.0000E+00
 7.8115E+02  0.0000E+00  0.0000E+00  0.0000E+00  0.0000E+00  0.0000E+00
 7.8713E+02  0.0000E+00  0.0000E+00  0.0000E+00  0.0000E+00  0.0000E+00
 7.9316E+02  0.0000E+00  0.0000E+00  0.0000E+00  0.0000E+00  0.0000E+00
 7.9923E+02  0.0000E+00  0.0000E+00  0.0000E+00  0.0000E+00  0.0000E+00
 8.0535E+02  0.0000E+00  0.0000E+00  0.0000E+00  0.0000E+00  0.0000E+00
 8.1152E+02  0.0000E+00  0.0000E+00  0.0000E+00  0.0000E+00  0.0000E+00
 8.1774E+02  0.0000E+00  0.0000E+00  0.0000E+00  0.0000E+00  0.0000E+00
 8.2400E+02  0.0000E+00  0.0000E+00  0.0000E+00  0.0000E+00  0.0000E+00
 8.3031E+02  0.0000E+00  0.0000E+00  0.0000E+00  0.0000E+00  0.0000E+00
 8.3667E+02  0.0000E+00  0.0000E+00  0.0000E+00  0.0000E+00  0.0000E+00
 8.4307E+02  0.0000E+00  0.0000E+00  0.0000E+00  0.0000E+00  0.0000E+00
 8.4953E+02  0.0000E+00  0.0000E+00  0.0000E+00  0.0000E+00  0.0000E+00
 8.5604E+02  0.0000E+00  0.0000E+00  0.0000E+00  0.0000E+00  0.0000E+00
 8.6259E+02  0.0000E+00  0.0000E+00  0.0000E+00  0.0000E+00  0.0000E+00
 8.6920E+02  0.0000E+00  0.0000E+00  0.0000E+00  0.0000E+00  0.0000E+00
 8.7586E+02  0.0000E+00  0.0000E+00  0.0000E+00  0.0000E+00  0.0000E+00
 8.8256E+02  0.0000E+00  0.0000E+00  0.0000E+00  0.0000E+00  0.0000E+00
 8.8932E+02  0.0000E+00  0.0000E+00  0.0000E+00  0.0000E+00  0.0000E+00
 8.9613E+02  0.0000E+00  0.0000E+00  0.0000E+00  0.0000E+00  0.0000E+00
 9.0300E+02  0.0000E+00  0.0000E+00  0.0000E+00  0.0000E+00  0.0000E+00
 9.0991E+02  0.0000E+00  0.0000E+00  0.0000E+00  0.0000E+00  0.0000E+00
 9.1688E+02  0.0000E+00  0.0000E+00  0.0000E+00  0.0000E+00  0.0000E+00
 9.2390E+02  0.0000E+00  0.0000E+00  0.0000E+00  0.0000E+00  0.0000E+00
 9.3098E+02  0.0000E+00  0.0000E+00  0.0000E+00  0.0000E+00  0.0000E+00
 9.3811E+02  0.0000E+00  0.0000E+00  0.0000E+00  0.0000E+00  0.0000E+00
 9.4529E+02  0.0000E+00  0.0000E+00  0.0000E+00  0.0000E+00  0.0000E+00
 9.5253E+02  0.0000E+00  0.0000E+00  0.0000E+00  0.0000E+00  0.0000E+00
 9.5983E+02  0.0000E+00  0.0000E+00  0.0000E+00  0.0000E+00  0.0000E+00
 9.6718E+02  0.0000E+00  0.0000E+00  0.0000E+00  0.0000E+00  0.0000E+00
 9.7458E+02  0.0000E+00  0.0000E+00  0.0000E+00  0.0000E+00  0.0000E+00
 9.8205E+02  0.0000E+00  0.0000E+00  0.0000E+00  0.0000E+00  0.0000E+00
 9.8957E+02  0.0000E+00  0.0000E+00  0.0000E+00  0.0000E+00  0.0000E+00
 9.9715E+02  0.0000E+00  0.0000E+00  0.0000E+00  0.0000E+00  0.0000E+00
 1.0048E+03  0.0000E+00  0.0000E+00  0.0000E+00  0.0000E+00  0.0000E+00
 1.0125E+03  0.0000E+00  0.0000E+00  0.0000E+00  0.0000E+00  0.0000E+00
 1.0202E+03  0.0000E+00  0.0000E+00  0.0000E+00  0.0000E+00  0.0000E+00
 1.0280E+03  0.0000E+00  0.0000E+00  0.0000E+00  0.0000E+00  0.0000E+00
 1.0359E+03  0.0000E+00  0.0000E+00  0.0000E+00  0.0000E+00  0.0000E+00
 1.0439E+03  0.0000E+00  0.0000E+00  0.0000E+00  0.0000E+00  0.0000E+00
 1.0518E+03  0.0000E+00  0.0000E+00  0.0000E+00  0.0000E+00  0.0000E+00
 1.0599E+03  0.0000E+00  0.0000E+00  0.0000E+00  0.0000E+00  0.0000E+00
 1.0680E+03  0.0000E+00  0.0000E+00  0.0000E+00  0.0000E+00  0.0000E+00
 1.0762E+03  0.0000E+00  0.0000E+00  0.0000E+00  0.0000E+00  0.0000E+00
 1.0844E+03  0.0000E+00  0.0000E+00  0.0000E+00  0.0000E+00  0.0000E+00
 1.0927E+03  0.0000E+00  0.0000E+00  0.0000E+00  0.0000E+00  0.0000E+00
 1.1011E+03  0.0000E+00  0.0000E+00  0.0000E+00  0.0000E+00  0.0000E+00
 1.1095E+03  0.0000E+00  0.0000E+00  0.0000E+00  0.0000E+00  0.0000E+00
 1.1180E+03  0.0000E+00  0.0000E+00  0.0000E+00  0.0000E+00  0.0000E+00
 1.1266E+03  0.0000E+00  0.0000E+00  0.0000E+00  0.0000E+00  0.0000E+00
 1.1352E+03  0.0000E+00  0.0000E+00  0.0000E+00  0.0000E+00  0.0000E+00
 1.1439E+03  0.0000E+00  0.0000E+00  0.0000E+00  0.0000E+00  0.0000E+00
 1.1527E+03  0.0000E+00  0.0000E+00  0.0000E+00  0.0000E+00  0.0000E+00
 1.1615E+03  0.0000E+00  0.0000E+00  0.0000E+00  0.0000E+00  0.0000E+00
 1.1704E+03  0.0000E+00  0.0000E+00  0.0000E+00  0.0000E+00  0.0000E+00
 1.1794E+03  0.0000E+00  0.0000E+00  0.0000E+00  0.0000E+00  0.0000E+00
 1.1884E+03  0.0000E+00  0.0000E+00  0.0000E+00  0.0000E+00  0.0000E+00
 1.1975E+03  0.0000E+00  0.0000E+00  0.0000E+00  0.0000E+00  0.0000E+00
 1.2067E+03  0.0000E+00  0.0000E+00  0.0000E+00  0.0000E+00  0.0000E+00
 1.2159E+03  0.0000E+00  0.0000E+00  0.0000E+00  0.0000E+00  0.0000E+00
 1.2252E+03  0.0000E+00  0.0000E+00  0.0000E+00  0.0000E+00  0.0000E+00
 1.2346E+03  0.0000E+00  0.0000E+00  0.0000E+00  0.0000E+00  0.0000E+00
 1.2441E+03  0.0000E+00  0.0000E+00  0.0000E+00  0.0000E+00  0.0000E+00
 1.2536E+03  0.0000E+00  0.0000E+00  0.0000E+00  0.0000E+00  0.0000E+00
 1.2632E+03  0.0000E+00  0.0000E+00  0.0000E+00  0.0000E+00  0.0000E+00
 1.2729E+03  0.0000E+00  0.0000E+00  0.0000E+00  0.0000E+00  0.0000E+00
 1.2826E+03  0.0000E+00  0.0000E+00  0.0000E+00  0.0000E+00  0.0000E+00
 1.2924E+03  0.0000E+00  0.0000E+00  0.0000E+00  0.0000E+00  0.0000E+00
 1.3023E+03  0.0000E+00  0.0000E+00  0.0000E+00  0.0000E+00  0.0000E+00
 1.3123E+03  0.0000E+00  0.0000E+00  0.0000E+00  0.0000E+00  0.0000E+00
 1.3224E+03  0.0000E+00  0.0000E+00  0.0000E+00  0.0000E+00  0.0000E+00
 1.3325E+03  0.0000E+00  0.0000E+00  0.0000E+00  0.0000E+00  0.0000E+00
 1.3427E+03  0.0000E+00  0.0000E+00  0.0000E+00  0.0000E+00  0.0000E+00
 1.3530E+03  0.0000E+00  0.0000E+00  0.0000E+00  0.0000E+00  0.0000E+00
 1.3633E+03  0.0000E+00  0.0000E+00  0.0000E+00  0.0000E+00  0.0000E+00
 1.3738E+03  0.0000E+00  0.0000E+00  0.0000E+00  0.0000E+00  0.0000E+00
 1.3843E+03  0.0000E+00  0.0000E+00  0.0000E+00  0.0000E+00  0.0000E+00
 1.3949E+03  0.0000E+00  0.0000E+00  0.0000E+00  0.0000E+00  0.0000E+00
 1.4056E+03  0.0000E+00  0.0000E+00  0.0000E+00  0.0000E+00  0.0000E+00
 1.4164E+03  0.0000E+00  0.0000E+00  0.0000E+00  0.0000E+00  0.0000E+00
 1.4272E+03  0.0000E+00  0.0000E+00  0.0000E+00  0.0000E+00  0.0000E+00
 1.4381E+03  0.0000E+00  0.0000E+00  0.0000E+00  0.0000E+00  0.0000E+00
 1.4491E+03  0.0000E+00  0.0000E+00  0.0000E+00  0.0000E+00  0.0000E+00
 1.4602E+03  0.0000E+00  0.0000E+00  0.0000E+00  0.0000E+00  0.0000E+00
 1.4714E+03  0.0000E+00  0.0000E+00  0.0000E+00  0.0000E+00  0.0000E+00
 1.4827E+03  0.0000E+00  0.0000E+00  0.0000E+00  0.0000E+00  0.0000E+00
 1.4940E+03  0.0000E+00  0.0000E+00  0.0000E+00  0.0000E+00  0.0000E+00
 1.5055E+03  0.0000E+00  0.0000E+00  0.0000E+00  0.0000E+00  0.0000E+00
 1.5170E+03  0.0000E+00  0.0000E+00  0.0000E+00  0.0000E+00  0.0000E+00
 1.5286E+03  0.0000E+00  0.0000E+00  0.0000E+00  0.0000E+00  0.0000E+00
 1.5403E+03  0.0000E+00  0.0000E+00  0.0000E+00  0.0000E+00  0.0000E+00
 1.5521E+03  0.0000E+00  0.0000E+00  0.0000E+00  0.0000E+00  0.0000E+00
 1.5640E+03  0.0000E+00  0.0000E+00  0.0000E+00  0.0000E+00  0.0000E+00
 1.5760E+03  0.0000E+00  0.0000E+00  0.0000E+00  0.0000E+00  0.0000E+00
 1.5881E+03  0.0000E+00  0.0000E+00  0.0000E+00  0.0000E+00  0.0000E+00
 1.6002E+03  0.0000E+00  0.0000E+00  0.0000E+00  0.0000E+00  0.0000E+00
 1.6125E+03  0.0000E+00  0.0000E+00  0.0000E+00  0.0000E+00  0.0000E+00
 1.6248E+03  0.0000E+00  0.0000E+00  0.0000E+00  0.0000E+00  0.0000E+00
 1.6373E+03  0.0000E+00  0.0000E+00  0.0000E+00  0.0000E+00  0.0000E+00
 1.6498E+03  0.0000E+00  0.0000E+00  0.0000E+00  0.0000E+00  0.0000E+00
 1.6625E+03  6.3487E-03  2.2818E-01  1.4510E-02  1.0447E+00  1.0000E+00
 1.6752E+03  6.3648E-03  2.2701E-01  1.4511E-02  1.0368E+00  1.0000E+00
 1.6880E+03  6.3809E-03  2.2586E-01  1.4511E-02  1.0290E+00  1.0000E+00
 1.7009E+03  6.3972E-03  2.2471E-01  1.4512E-02  1.0212E+00  1.0000E+00
 1.7140E+03  6.4135E-03  2.2357E-01  1.4513E-02  1.0135E+00  1.0000E+00
 1.7271E+03  6.4299E-03  2.2243E-01  1.4514E-02  1.0058E+00  1.0000E+00
 1.7403E+03  6.4463E-03  2.2130E-01  1.4514E-02  9.9824E-01  1.0000E+00
 1.7537E+03  6.4628E-03  2.2018E-01  1.4515E-02  9.9071E-01  1.0000E+00
 1.7671E+03  6.4794E-03  2.1906E-01  1.4516E-02  9.8323E-01  1.0000E+00
 1.7806E+03  6.4961E-03  2.1796E-01  1.4517E-02  9.7581E-01  1.0000E+00
 1.7943E+03  6.5128E-03  2.1685E-01  1.4517E-02  9.6844E-01  1.0000E+00
 1.8080E+03  6.5296E-03  2.1576E-01  1.4518E-02  9.6113E-01  1.0000E+00
 1.8218E+03  6.5465E-03  2.1467E-01  1.4519E-02  9.5388E-01  1.0000E+00
 1.8358E+03  6.5634E-03  2.1358E-01  1.4520E-02  9.4668E-01  1.0000E+00
 1.8499E+03  6.5804E-03  2.1251E-01  1.4520E-02  9.3954E-01  1.0000E+00
 1.8640E+03  6.5975E-03  2.1144E-01  1.4521E-02  9.3245E-01  1.0000E+00
 1.8783E+03  6.6147E-03  2.1037E-01  1.4522E-02  9.2541E-01  1.0000E+00
 1.8927E+03  6.6319E-03  2.0931E-01  1.4523E-02  9.1843E-01  1.0000E+00
 1.9072E+03  6.6492E-03  2.0826E-01  1.4524E-02  9.1150E-01  1.0000E+00
 1.9218E+03  6.6665E-03  2.0722E-01  1.4525E-02  9.0463E-01  1.0000E+00
 1.9365E+03  6.6839E-03  2.0618E-01  1.4525E-02  8.9780E-01  1.0000E+00
 1.9513E+03  6.7014E-03  2.0514E-01  1.4526E-02  8.9103E-01  1.0000E+00
 1.9663E+03  6.7190E-03  2.0411E-01  1.4527E-02  8.8431E-01  1.0000E+00
 1.9813E+03  6.7366E-03  2.0309E-01  1.4528E-02  8.7764E-01  1.0000E+00
 1.9965E+03  6.7543E-03  2.0207E-01  1.4529E-02  8.7102E-01  1.0000E+00
 2.0118E+03  6.7721E-03  2.0106E-01  1.4530E-02  8.6446E-01  1.0000E+00
 2.0272E+03  6.7900E-03  2.0006E-01  1.4531E-02  8.5794E-01  1.0000E+00
 2.0427E+03  6.8079E-03  1.9906E-01  1.4531E-02  8.5147E-01  1.0000E+00
 2.0584E+03  6.8259E-03  1.9806E-01  1.4532E-02  8.4505E-01  1.0000E+00
 2.0741E+03  6.8439E-03  1.9708E-01  1.4533E-02  8.3868E-01  1.0000E+00
 2.0900E+03  6.8621E-03  1.9609E-01  1.4534E-02  8.3235E-01  1.0000E+00
 2.1060E+03  6.8803E-03  1.9512E-01  1.4535E-02  8.2608E-01  1.0000E+00
 2.1222E+03  6.8986E-03  1.9414E-01  1.4536E-02  8.1985E-01  1.0000E+00
 2.1384E+03  6.9169E-03  1.9318E-01  1.4537E-02  8.1367E-01  1.0000E+00
 2.1548E+03  6.9354E-03  1.9222E-01  1.4538E-02  8.0754E-01  1.0000E+00
 2.1713E+03  6.9539E-03  1.9126E-01  1.4539E-02  8.0146E-01  1.0000E+00
 2.1879E+03  6.9724E-03  1.9031E-01  1.4540E-02  7.9542E-01  1.0000E+00
 2.2047E+03  6.9911E-03  1.8937E-01  1.4541E-02  7.8942E-01  1.0000E+00
 2.2216E+03  7.0098E-03  1.8843E-01  1.4542E-02  7.8347E-01  1.0000E+00
 2.2386E+03  7.0286E-03  1.8750E-01  1.4543E-02  7.7757E-01  1.0000E+00
 2.2557E+03  7.0474E-03  1.8657E-01  1.4543E-02  7.7171E-01  1.0000E+00
 2.2730E+03  7.0664E-03  1.8564E-01  1.4544E-02  7.6590E-01  1.0000E+00
 2.2904E+03  7.0854E-03  1.8472E-01  1.4545E-02  7.6013E-01  1.0000E+00
 2.3079E+03  7.1045E-03  1.8381E-01  1.4546E-02  7.5440E-01  1.0000E+00
 2.3256E+03  7.1236E-03  1.8290E-01  1.4547E-02  7.4872E-01  1.0000E+00
 2.3434E+03  7.1429E-03  1.8200E-01  1.4548E-02  7.4308E-01  1.0000E+00
 2.3614E+03  7.1622E-03  1.8110E-01  1.4549E-02  7.3749E-01  1.0000E+00
 2.3794E+03  7.1816E-03  1.8021E-01  1.4551E-02  7.3193E-01  1.0000E+00
 2.3977E+03  7.2010E-03  1.7932E-01  1.4552E-02  7.2642E-01  1.0000E+00
 2.4160E+03  7.2206E-03  1.7844E-01  1.4553E-02  7.2095E-01  1.0000E+00
 2.4345E+03  7.2402E-03  1.7756E-01  1.4554E-02  7.1553E-01  1.0000E+00
 2.4532E+03  7.2599E-03  1.7669E-01  1.4555E-02  7.1014E-01  1.0000E+00
 2.4720E+03  7.2797E-03  1.7582E-01  1.4556E-02  7.0479E-01  1.0000E+00
 2.4909E+03  7.2995E-03  1.7495E-01  1.4557E-02  6.9949E-01  1.0000E+00
 2.5100E+03  7.3194E-03  1.7409E-01  1.4558E-02  6.9422E-01  1.0000E+00
 2.5292E+03  7.3394E-03  1.7324E-01  1.4559E-02  6.8900E-01  1.0000E+00
 2.5486E+03  7.3595E-03  1.7239E-01  1.4560E-02  6.8381E-01  1.0000E+00
 2.5681E+03  7.3796E-03  1.7155E-01  1.4561E-02  6.7867E-01  1.0000E+00
 2.5878E+03  7.3999E-03  1.7070E-01  1.4562E-02  6.7356E-01  1.0000E+00
 2.6076E+03  7.4202E-03  1.6987E-01  1.4563E-02  6.6850E-01  1.0000E+00
 2.6275E+03  7.4405E-03  1.6904E-01  1.4565E-02  6.6347E-01  1.0000E+00
 2.6477E+03  7.4610E-03  1.6821E-01  1.4566E-02  6.5848E-01  1.0000E+00
 2.6679E+03  7.4815E-03  1.6739E-01  1.4567E-02  6.5352E-01  1.0000E+00
 2.6884E+03  7.5022E-03  1.6657E-01  1.4568E-02  6.4861E-01  1.0000E+00
 2.7090E+03  7.5229E-03  1.6576E-01  1.4569E-02  6.4373E-01  1.0000E+00
 2.7297E+03  7.5436E-03  1.6495E-01  1.4570E-02  6.3889E-01  1.0000E+00
 2.7506E+03  7.5645E-03  1.6414E-01  1.4572E-02  6.3408E-01  1.0000E+00
 2.7717E+03  7.5854E-03  1.6334E-01  1.4573E-02  6.2932E-01  1.0000E+00
 2.7929E+03  7.6064E-03  1.6255E-01  1.4574E-02  6.2459E-01  1.0000E+00
 2.8143E+03  7.6275E-03  1.6176E-01  1.4575E-02  6.1989E-01  1.0000E+00
 2.8358E+03  7.6487E-03  1.6097E-01  1.4576E-02  6.1523E-01  1.0000E+00
 2.8576E+03  7.6699E-03  1.6019E-01  1.4578E-02  6.1061E-01  1.0000E+00
 2.8794E+03  7.6913E-03  1.5941E-01  1.4579E-02  6.0602E-01  1.0000E+00
 2.9015E+03  7.7127E-03  1.5863E-01  1.4580E-02  6.0146E-01  1.0000E+00
 2.9237E+03  7.7342E-03  1.5786E-01  1.4581E-02  5.9694E-01  1.0000E+00
 2.9461E+03  7.7557E-03  1.5710E-01  1.4583E-02  5.9246E-01  1.0000E+00
 2.9687E+03  7.7774E-03  1.5633E-01  1.4584E-02  5.8801E-01  1.0000E+00
 2.9914E+03  7.7991E-03  1.5558E-01  1.4585E-02  5.8359E-01  1.0000E+00
 3.0143E+03  7.8210E-03  1.5482E-01  1.4587E-02  5.7921E-01  1.0000E+00
 3.0374E+03  7.8429E-03  1.5407E-01  1.4588E-02  5.7486E-01  1.0000E+00
 3.0607E+03  7.8648E-03  1.5333E-01  1.4589E-02  5.7054E-01  1.0000E+00
 3.0841E+03  7.8869E-03  1.5258E-01  1.4590E-02  5.6625E-01  1.0000E+00
 3.1077E+03  7.9090E-03  1.5185E-01  1.4592E-02  5.6200E-01  1.0000E+00
 3.1315E+03  7.9313E-03  1.5111E-01  1.4593E-02  5.5778E-01  1.0000E+00
 3.1555E+03  7.9536E-03  1.5038E-01  1.4595E-02  5.5359E-01  1.0000E+00
 3.1797E+03  7.9760E-03  1.4966E-01  1.4596E-02  5.4944E-01  1.0000E+00
 3.2040E+03  7.9984E-03  1.4893E-01  1.4597E-02  5.4531E-01  1.0000E+00
 3.2286E+03  8.0210E-03  1.4822E-01  1.4599E-02  5.4122E-01  1.0000E+00
 3.2533E+03  8.0436E-03  1.4750E-01  1.4600E-02  5.3716E-01  1.0000E+00
 3.2782E+03  8.0664E-03  1.4679E-01  1.4601E-02  5.3313E-01  1.0000E+00
 3.3033E+03  8.0892E-03  1.4608E-01  1.4603E-02  5.2913E-01  1.0000E+00
 3.3286E+03  8.1121E-03  1.4538E-01  1.4604E-02  5.2516E-01  1.0000E+00
 3.3541E+03  8.1351E-03  1.4468E-01  1.4606E-02  5.2122E-01  1.0000E+00
 3.3798E+03  8.1581E-03  1.4398E-01  1.4607E-02  5.1731E-01  1.0000E+00
 3.4057E+03  8.1813E-03  1.4329E-01  1.4609E-02  5.1343E-01  1.0000E+00
 3.4317E+03  8.2045E-03  1.4260E-01  1.4610E-02  5.0958E-01  1.0000E+00
 3.4580E+03  8.2278E-03  1.4192E-01  1.4612E-02  5.0576E-01  1.0000E+00
 3.4845E+03  8.2512E-03  1.4123E-01  1.4613E-02  5.0197E-01  1.0000E+00
 3.5112E+03  8.2747E-03  1.4056E-01  1.4615E-02  4.9820E-01  1.0000E+00
 3.5381E+03  8.2983E-03  1.3988E-01  1.4616E-02  4.9447E-01  1.0000E+00
 3.5652E+03  8.3220E-03  1.3921E-01  1.4618E-02  4.9076E-01  1.0000E+00
 3.5925E+03  8.3457E-03  1.3854E-01  1.4619E-02  4.8708E-01  1.0000E+00
 3.6200E+03  8.3696E-03  1.3788E-01  1.4621E-02  4.8343E-01  1.0000E+00
 3.6477E+03  8.3935E-03  1.3722E-01  1.4622E-02  4.7981E-01  1.0000E+00
 3.6757E+03  8.4175E-03  1.3656E-01  1.4624E-02  4.7622E-01  1.0000E+00
 3.7038E+03  8.4416E-03  1.3591E-01  1.4626E-02  4.7265E-01  1.0000E+00
 3.7322E+03  8.4658E-03  1.3526E-01  1.4627E-02  4.6911E-01  1.0000E+00
 3.7608E+03  8.4901E-03  1.3461E-01  1.4629E-02  4.6559E-01  1.0000E+00
 3.7896E+03  8.5145E-03  1.3397E-01  1.4631E-02  4.6211E-01  1.0000E+00
 3.8186E+03  8.5389E-03  1.3333E-01  1.4632E-02  4.5865E-01  1.0000E+00
 3.8478E+03  8.5635E-03  1.3269E-01  1.4634E-02  4.5521E-01  1.0000E+00
 3.8773E+03  8.5881E-03  1.3206E-01  1.4636E-02  4.5181E-01  1.0000E+00
 3.9070E+03  8.6128E-03  1.3143E-01  1.4637E-02  4.4842E-01  1.0000E+00
 3.9369E+03  8.6376E-03  1.3080E-01  1.4639E-02  4.4507E-01  1.0000E+00
 3.9671E+03  8.6625E-03  1.3018E-01  1.4641E-02  4.4174E-01  1.0000E+00
 3.9974E+03  8.6874E-03  1.2956E-01  1.4642E-02  4.3843E-01  1.0000E+00
 4.0281E+03  8.7124E-03  1.2894E-01  1.4644E-02  4.3515E-01  1.0000E+00
 4.0589E+03  8.7374E-03  1.2832E-01  1.4646E-02  4.3189E-01  1.0000E+00
 4.0900E+03  8.7625E-03  1.2771E-01  1.4648E-02  4.2866E-01  1.0000E+00
 4.1213E+03  8.7876E-03  1.2710E-01  1.4649E-02  4.2546E-01  1.0000E+00
 4.1529E+03  8.8128E-03  1.2649E-01  1.4651E-02  4.2228E-01  1.0000E+00
 4.1847E+03  8.8380E-03  1.2588E-01  1.4653E-02  4.1912E-01  1.0000E+00
 4.2167E+03  8.8632E-03  1.2528E-01  1.4655E-02  4.1598E-01  1.0000E+00
 4.2490E+03  8.8886E-03  1.2468E-01  1.4657E-02  4.1287E-01  1.0000E+00
 4.2816E+03  8.9139E-03  1.2408E-01  1.4659E-02  4.0979E-01  1.0000E+00
 4.3143E+03  8.9393E-03  1.2348E-01  1.4660E-02  4.0673E-01  1.0000E+00
 4.3474E+03  8.9648E-03  1.2289E-01  1.4662E-02  4.0369E-01  1.0000E+00
 4.3807E+03  8.9902E-03  1.2230E-01  1.4664E-02  4.0067E-01  1.0000E+00
 4.4142E+03  9.0158E-03  1.2171E-01  1.4666E-02  3.9768E-01  1.0000E+00
 4.4480E+03  9.0413E-03  1.2112E-01  1.4668E-02  3.9471E-01  1.0000E+00
 4.4821E+03  9.0669E-03  1.2054E-01  1.4670E-02  3.9176E-01  1.0000E+00
 4.5164E+03  9.0926E-03  1.1996E-01  1.4672E-02  3.8883E-01  1.0000E+00
 4.5510E+03  9.1182E-03  1.1938E-01  1.4674E-02  3.8593E-01  1.0000E+00
 4.5859E+03  9.1439E-03  1.1880E-01  1.4676E-02  3.8305E-01  1.0000E+00
 4.6210E+03  9.1697E-03  1.1822E-01  1.4678E-02  3.8019E-01  1.0000E+00
 4.6564E+03  9.1955E-03  1.1765E-01  1.4680E-02  3.7735E-01  1.0000E+00
 4.6920E+03  9.2212E-03  1.1708E-01  1.4682E-02  3.7453E-01  1.0000E+00
 4.7280E+03  9.2471E-03  1.1651E-01  1.4684E-02  3.7174E-01  1.0000E+00
 4.7642E+03  9.2729E-03  1.1594E-01  1.4686E-02  3.6897E-01  1.0000E+00
 4.8007E+03  9.2988E-03  1.1538E-01  1.4688E-02  3.6621E-01  1.0000E+00
 4.8374E+03  9.3247E-03  1.1482E-01  1.4690E-02  3.6348E-01  1.0000E+00
 4.8745E+03  9.3506E-03  1.1426E-01  1.4692E-02  3.6077E-01  1.0000E+00
 4.9118E+03  9.3766E-03  1.1370E-01  1.4694E-02  3.5808E-01  1.0000E+00
 4.9494E+03  9.4025E-03  1.1314E-01  1.4697E-02  3.5541E-01  1.0000E+00
 4.9873E+03  9.4285E-03  1.1259E-01  1.4699E-02  3.5276E-01  1.0000E+00
 5.0255E+03  9.4545E-03  1.1204E-01  1.4701E-02  3.5013E-01  1.0000E+00
 5.0640E+03  9.4805E-03  1.1149E-01  1.4703E-02  3.4752E-01  1.0000E+00
 5.1028E+03  9.5065E-03  1.1094E-01  1.4705E-02  3.4493E-01  1.0000E+00
 5.1419E+03  9.5325E-03  1.1040E-01  1.4708E-02  3.4237E-01  1.0000E+00
 5.1812E+03  9.5586E-03  1.0985E-01  1.4710E-02  3.3982E-01  1.0000E+00
 5.2209E+03  9.5846E-03  1.0931E-01  1.4712E-02  3.3728E-01  1.0000E+00
 5.2609E+03  9.6107E-03  1.0877E-01  1.4714E-02  3.3477E-01  1.0000E+00
 5.3012E+03  9.6367E-03  1.0823E-01  1.4717E-02  3.3228E-01  1.0000E+00
 5.3418E+03  9.6628E-03  1.0769E-01  1.4719E-02  3.2981E-01  1.0000E+00
 5.3827E+03  9.6888E-03  1.0716E-01  1.4721E-02  3.2735E-01  1.0000E+00
 5.4239E+03  9.7149E-03  1.0663E-01  1.4724E-02  3.2492E-01  1.0000E+00
 5.4655E+03  9.7410E-03  1.0610E-01  1.4726E-02  3.2250E-01  1.0000E+00
 5.5073E+03  9.7670E-03  1.0557E-01  1.4728E-02  3.2010E-01  1.0000E+00
 5.5495E+03  9.7931E-03  1.0504E-01  1.4731E-02  3.1772E-01  1.0000E+00
 5.5920E+03  9.8191E-03  1.0451E-01  1.4733E-02  3.1536E-01  1.0000E+00
 5.6348E+03  9.8451E-03  1.0399E-01  1.4736E-02  3.1301E-01  1.0000E+00
 5.6780E+03  9.8711E-03  1.0347E-01  1.4738E-02  3.1068E-01  1.0000E+00
 5.7215E+03  9.8971E-03  1.0295E-01  1.4741E-02  3.0837E-01  1.0000E+00
 5.7653E+03  9.9231E-03  1.0243E-01  1.4743E-02  3.0608E-01  1.0000E+00
 5.8094E+03  9.9491E-03  1.0191E-01  1.4746E-02  3.0381E-01  1.0000E+00
 5.8539E+03  9.9751E-03  1.0140E-01  1.4748E-02  3.0155E-01  1.0000E+00
 5.8988E+03  1.0001E-02  1.0088E-01  1.4751E-02  2.9931E-01  1.0000E+00
 5.9439E+03  1.0027E-02  1.0037E-01  1.4753E-02  2.9709E-01  1.0000E+00
 5.9895E+03  1.0053E-02  9.9863E-02  1.4756E-02  2.9488E-01  1.0000E+00
 6.0353E+03  1.0079E-02  9.9354E-02  1.4758E-02  2.9269E-01  1.0000E+00
 6.0815E+03  1.0104E-02  9.8847E-02  1.4761E-02  2.9052E-01  1.0000E+00
 6.1281E+03  1.0130E-02  9.8342E-02  1.4764E-02  2.8836E-01  1.0000E+00
 6.1751E+03  1.0156E-02  9.7838E-02  1.4766E-02  2.8622E-01  1.0000E+00
 6.2223E+03  1.0182E-02  9.7336E-02  1.4769E-02  2.8410E-01  1.0000E+00
 6.2700E+03  1.0207E-02  9.6836E-02  1.4772E-02  2.8199E-01  1.0000E+00
 6.3180E+03  1.0233E-02  9.6337E-02  1.4775E-02  2.7990E-01  1.0000E+00
 6.3664E+03  1.0259E-02  9.5839E-02  1.4777E-02  2.7783E-01  1.0000E+00
 6.4152E+03  1.0284E-02  9.5344E-02  1.4780E-02  2.7577E-01  1.0000E+00
 6.4643E+03  1.0310E-02  9.4849E-02  1.4783E-02  2.7372E-01  1.0000E+00
 6.5138E+03  1.0335E-02  9.4356E-02  1.4786E-02  2.7170E-01  1.0000E+00
 6.5637E+03  1.0361E-02  9.3865E-02  1.4789E-02  2.6968E-01  1.0000E+00
 6.6139E+03  1.0386E-02  9.3375E-02  1.4792E-02  2.6769E-01  1.0000E+00
 6.6646E+03  1.0411E-02  9.2887E-02  1.4794E-02  2.6570E-01  1.0000E+00
 6.7156E+03  1.0437E-02  9.2400E-02  1.4797E-02  2.6374E-01  1.0000E+00
 6.7671E+03  1.0462E-02  9.1914E-02  1.4800E-02  2.6178E-01  1.0000E+00
 6.8189E+03  1.0487E-02  9.1430E-02  1.4803E-02  2.5985E-01  1.0000E+00
 6.8711E+03  1.0512E-02  9.0948E-02  1.4806E-02  2.5792E-01  1.0000E+00
 6.9237E+03  1.0537E-02  9.0467E-02  1.4809E-02  2.5601E-01  1.0000E+00
 6.9768E+03  1.0562E-02  8.9987E-02  1.4812E-02  2.5412E-01  1.0000E+00
 7.0302E+03  1.0587E-02  8.9509E-02  1.4815E-02  2.5224E-01  1.0000E+00
 7.0840E+03  1.0612E-02  8.9032E-02  1.4818E-02  2.5038E-01  1.0000E+00
 7.1383E+03  1.0636E-02  8.8557E-02  1.4822E-02  2.4853E-01  1.0000E+00
 7.1929E+03  1.0661E-02  8.8082E-02  1.4825E-02  2.4669E-01  1.0000E+00
 7.2480E+03  1.0686E-02  8.7610E-02  1.4828E-02  2.4487E-01  1.0000E+00
 7.3035E+03  1.0710E-02  8.7139E-02  1.4831E-02  2.4306E-01  1.0000E+00
 7.3595E+03  1.0735E-02  8.6669E-02  1.4834E-02  2.4126E-01  1.0000E+00
 7.4158E+03  1.0759E-02  8.6202E-02  1.4837E-02  2.3948E-01  1.0000E+00
 7.4726E+03  1.0784E-02  8.5737E-02  1.4841E-02  2.3771E-01  1.0000E+00
 7.5299E+03  1.0808E-02  8.5274E-02  1.4844E-02  2.3596E-01  1.0000E+00
 7.5875E+03  1.0833E-02  8.4814E-02  1.4847E-02  2.3422E-01  1.0000E+00
 7.6456E+03  1.0857E-02  8.4355E-02  1.4851E-02  2.3249E-01  1.0000E+00
 7.7042E+03  1.0882E-02  8.3898E-02  1.4854E-02  2.3077E-01  1.0000E+00
 7.7632E+03  1.0906E-02  8.3443E-02  1.4857E-02  2.2907E-01  1.0000E+00
 7.8226E+03  1.0931E-02  8.2991E-02  1.4861E-02  2.2738E-01  1.0000E+00
 7.8825E+03  1.0955E-02  8.2540E-02  1.4864E-02  2.2571E-01  1.0000E+00
 7.9429E+03  1.0980E-02  8.2091E-02  1.4868E-02  2.2404E-01  1.0000E+00
 8.0037E+03  1.1004E-02  8.1645E-02  1.4871E-02  2.2239E-01  1.0000E+00
 8.0650E+03  1.1029E-02  8.1200E-02  1.4875E-02  2.2075E-01  1.0000E+00
 8.1268E+03  1.1054E-02  8.0758E-02  1.4878E-02  2.1913E-01  1.0000E+00
 8.1890E+03  1.1078E-02  8.0317E-02  1.4882E-02  2.1752E-01  1.0000E+00
 8.2518E+03  1.1103E-02  7.9879E-02  1.4885E-02  2.1591E-01  1.0000E+00
 8.3150E+03  1.1127E-02  7.9442E-02  1.4889E-02  2.1433E-01  1.0000E+00
 8.3786E+03  1.1152E-02  7.9008E-02  1.4893E-02  2.1275E-01  1.0000E+00
 8.4428E+03  1.1176E-02  7.8575E-02  1.4896E-02  2.1118E-01  1.0000E+00
 8.5075E+03  1.1201E-02  7.8144E-02  1.4900E-02  2.0963E-01  1.0000E+00
 8.5726E+03  1.1226E-02  7.7716E-02  1.4904E-02  2.0809E-01  1.0000E+00
 8.6383E+03  1.1250E-02  7.7289E-02  1.4907E-02  2.0656E-01  1.0000E+00
 8.7044E+03  1.1275E-02  7.6864E-02  1.4911E-02  2.0504E-01  1.0000E+00
 8.7711E+03  1.1299E-02  7.6442E-02  1.4915E-02  2.0354E-01  1.0000E+00
 8.8383E+03  1.1324E-02  7.6021E-02  1.4919E-02  2.0204E-01  1.0000E+00
 8.9059E+03  1.1349E-02  7.5602E-02  1.4923E-02  2.0056E-01  1.0000E+00
 8.9741E+03  1.1373E-02  7.5185E-02  1.4927E-02  1.9909E-01  1.0000E+00
 9.0429E+03  1.1398E-02  7.4770E-02  1.4931E-02  1.9763E-01  1.0000E+00
 9.1121E+03  1.1422E-02  7.4357E-02  1.4935E-02  1.9618E-01  1.0000E+00
 9.1819E+03  1.1447E-02  7.3946E-02  1.4939E-02  1.9474E-01  1.0000E+00
 9.2522E+03  1.1472E-02  7.3537E-02  1.4943E-02  1.9331E-01  1.0000E+00
 9.3231E+03  1.1496E-02  7.3129E-02  1.4947E-02  1.9189E-01  1.0000E+00
 9.3945E+03  1.1521E-02  7.2724E-02  1.4951E-02  1.9049E-01  1.0000E+00
 9.4664E+03  1.1545E-02  7.2320E-02  1.4955E-02  1.8909E-01  1.0000E+00
 9.5389E+03  1.1570E-02  7.1919E-02  1.4959E-02  1.8771E-01  1.0000E+00
 9.6120E+03  1.1595E-02  7.1519E-02  1.4963E-02  1.8633E-01  1.0000E+00
 9.6856E+03  1.1619E-02  7.1121E-02  1.4968E-02  1.8497E-01  1.0000E+00
 9.7598E+03  1.1644E-02  7.0725E-02  1.4972E-02  1.8362E-01  1.0000E+00
 9.8345E+03  1.1669E-02  7.0331E-02  1.4976E-02  1.8227E-01  1.0000E+00
 9.9098E+03  1.1693E-02  6.9939E-02  1.4980E-02  1.8094E-01  1.0000E+00
 9.9857E+03  1.1718E-02  6.9548E-02  1.4985E-02  1.7962E-01  1.0000E+00
 1.0062E+04  1.1742E-02  6.9160E-02  1.4989E-02  1.7830E-01  1.0000E+00
 1.0139E+04  1.1767E-02  6.8773E-02  1.4994E-02  1.7700E-01  1.0000E+00
 1.0217E+04  1.1792E-02  6.8388E-02  1.4998E-02  1.7571E-01  1.0000E+00
 1.0295E+04  1.1816E-02  6.8005E-02  1.5003E-02  1.7442E-01  1.0000E+00
 1.0374E+04  1.1841E-02  6.7624E-02  1.5007E-02  1.7315E-01  1.0000E+00
 1.0453E+04  1.1866E-02  6.7245E-02  1.5012E-02  1.7189E-01  1.0000E+00
 1.0533E+04  1.1890E-02  6.6867E-02  1.5016E-02  1.7063E-01  1.0000E+00
 1.0614E+04  1.1915E-02  6.6491E-02  1.5021E-02  1.6939E-01  1.0000E+00
 1.0695E+04  1.1940E-02  6.6117E-02  1.5026E-02  1.6815E-01  1.0000E+00
 1.0777E+04  1.1964E-02  6.5745E-02  1.5030E-02  1.6693E-01  1.0000E+00
 1.0860E+04  1.1989E-02  6.5375E-02  1.5035E-02  1.6571E-01  1.0000E+00
 1.0943E+04  1.2014E-02  6.5006E-02  1.5040E-02  1.6451E-01  1.0000E+00
 1.1027E+04  1.2038E-02  6.4639E-02  1.5045E-02  1.6331E-01  1.0000E+00
 1.1111E+04  1.2063E-02  6.4274E-02  1.5050E-02  1.6212E-01  1.0000E+00
 1.1196E+04  1.2088E-02  6.3911E-02  1.5055E-02  1.6094E-01  1.0000E+00
 1.1282E+04  1.2112E-02  6.3549E-02  1.5060E-02  1.5977E-01  1.0000E+00
 1.1369E+04  1.2137E-02  6.3190E-02  1.5065E-02  1.5861E-01  1.0000E+00
 1.1456E+04  1.2162E-02  6.2832E-02  1.5070E-02  1.5745E-01  1.0000E+00
 1.1543E+04  1.2186E-02  6.2476E-02  1.5075E-02  1.5631E-01  1.0000E+00
 1.1632E+04  1.2211E-02  6.2121E-02  1.5080E-02  1.5517E-01  1.0000E+00
 1.1721E+04  1.2236E-02  6.1768E-02  1.5085E-02  1.5405E-01  1.0000E+00
 1.1811E+04  1.2261E-02  6.1417E-02  1.5090E-02  1.5293E-01  1.0000E+00
 1.1901E+04  1.2285E-02  6.1068E-02  1.5095E-02  1.5182E-01  1.0000E+00
 1.1992E+04  1.2310E-02  6.0720E-02  1.5101E-02  1.5072E-01  1.0000E+00
 1.2084E+04  1.2335E-02  6.0374E-02  1.5106E-02  1.4962E-01  1.0000E+00
 1.2177E+04  1.2359E-02  6.0030E-02  1.5111E-02  1.4854E-01  1.0000E+00
 1.2270E+04  1.2384E-02  5.9688E-02  1.5117E-02  1.4746E-01  1.0000E+00
 1.2364E+04  1.2409E-02  5.9347E-02  1.5122E-02  1.4640E-01  1.0000E+00
 1.2458E+04  1.2433E-02  5.9007E-02  1.5127E-02  1.4534E-01  1.0000E+00
 1.2554E+04  1.2458E-02  5.8670E-02  1.5133E-02  1.4428E-01  1.0000E+00
 1.2650E+04  1.2483E-02  5.8334E-02  1.5139E-02  1.4324E-01  1.0000E+00
 1.2747E+04  1.2507E-02  5.7999E-02  1.5144E-02  1.4220E-01  1.0000E+00
 1.2845E+04  1.2532E-02  5.7666E-02  1.5150E-02  1.4118E-01  1.0000E+00
 1.2943E+04  1.2557E-02  5.7335E-02  1.5155E-02  1.4016E-01  1.0000E+00
 1.3042E+04  1.2581E-02  5.7005E-02  1.5161E-02  1.3914E-01  1.0000E+00
 1.3142E+04  1.2606E-02  5.6677E-02  1.5167E-02  1.3814E-01  1.0000E+00
 1.3243E+04  1.2630E-02  5.6351E-02  1.5173E-02  1.3714E-01  1.0000E+00
 1.3344E+04  1.2655E-02  5.6026E-02  1.5179E-02  1.3615E-01  1.0000E+00
 1.3446E+04  1.2680E-02  5.5702E-02  1.5185E-02  1.3517E-01  1.0000E+00
 1.3549E+04  1.2704E-02  5.5380E-02  1.5191E-02  1.3419E-01  1.0000E+00
 1.3653E+04  1.2729E-02  5.5060E-02  1.5197E-02  1.3323E-01  1.0000E+00
 1.3757E+04  1.2753E-02  5.4741E-02  1.5203E-02  1.3227E-01  1.0000E+00
 1.3863E+04  1.2777E-02  5.4423E-02  1.5209E-02  1.3131E-01  1.0000E+00
 1.3969E+04  1.2802E-02  5.4107E-02  1.5215E-02  1.3037E-01  1.0000E+00
 1.4076E+04  1.2826E-02  5.3793E-02  1.5221E-02  1.2943E-01  1.0000E+00
 1.4184E+04  1.2851E-02  5.3480E-02  1.5227E-02  1.2850E-01  1.0000E+00
 1.4292E+04  1.2875E-02  5.3168E-02  1.5234E-02  1.2758E-01  1.0000E+00
 1.4402E+04  1.2899E-02  5.2858E-02  1.5240E-02  1.2666E-01  1.0000E+00
 1.4512E+04  1.2923E-02  5.2549E-02  1.5246E-02  1.2575E-01  1.0000E+00
 1.4623E+04  1.2948E-02  5.2242E-02  1.5253E-02  1.2485E-01  1.0000E+00
 1.4735E+04  1.2972E-02  5.1936E-02  1.5259E-02  1.2395E-01  1.0000E+00
 1.4848E+04  1.2996E-02  5.1632E-02  1.5266E-02  1.2306E-01  1.0000E+00
 1.4962E+04  1.3020E-02  5.1329E-02  1.5272E-02  1.2218E-01  1.0000E+00
 1.5076E+04  1.3044E-02  5.1027E-02  1.5279E-02  1.2130E-01  1.0000E+00
 1.5192E+04  1.3068E-02  5.0727E-02  1.5286E-02  1.2043E-01  1.0000E+00
 1.5308E+04  1.3092E-02  5.0428E-02  1.5293E-02  1.1957E-01  1.0000E+00
 1.5425E+04  1.3116E-02  5.0130E-02  1.5299E-02  1.1872E-01  1.0000E+00
 1.5544E+04  1.3140E-02  4.9834E-02  1.5306E-02  1.1787E-01  1.0000E+00
 1.5663E+04  1.3164E-02  4.9539E-02  1.5313E-02  1.1702E-01  1.0000E+00
 1.5783E+04  1.3187E-02  4.9246E-02  1.5320E-02  1.1619E-01  1.0000E+00
 1.5903E+04  1.3211E-02  4.8953E-02  1.5327E-02  1.1536E-01  1.0000E+00
 1.6025E+04  1.3235E-02  4.8663E-02  1.5334E-02  1.1453E-01  1.0000E+00
 1.6148E+04  1.3258E-02  4.8373E-02  1.5341E-02  1.1372E-01  1.0000E+00
 1.6272E+04  1.3282E-02  4.8085E-02  1.5349E-02  1.1290E-01  1.0000E+00
 1.6396E+04  1.3305E-02  4.7798E-02  1.5356E-02  1.1210E-01  1.0000E+00
 1.6522E+04  1.3329E-02  4.7512E-02  1.5363E-02  1.1130E-01  1.0000E+00
 1.6648E+04  1.3352E-02  4.7228E-02  1.5371E-02  1.1051E-01  1.0000E+00
 1.6776E+04  1.3375E-02  4.6945E-02  1.5378E-02  1.0972E-01  1.0000E+00
 1.6904E+04  1.3398E-02  4.6663E-02  1.5385E-02  1.0894E-01  1.0000E+00
 1.7034E+04  1.3422E-02  4.6383E-02  1.5393E-02  1.0816E-01  1.0000E+00
 1.7164E+04  1.3445E-02  4.6103E-02  1.5401E-02  1.0740E-01  1.0000E+00
 1.7296E+04  1.3468E-02  4.5826E-02  1.5408E-02  1.0663E-01  1.0000E+00
 1.7428E+04  1.3491E-02  4.5549E-02  1.5416E-02  1.0588E-01  1.0000E+00
 1.7562E+04  1.3513E-02  4.5273E-02  1.5424E-02  1.0512E-01  1.0000E+00
 1.7696E+04  1.3536E-02  4.4999E-02  1.5432E-02  1.0438E-01  1.0000E+00
 1.7832E+04  1.3559E-02  4.4726E-02  1.5440E-02  1.0364E-01  1.0000E+00
 1.7968E+04  1.3581E-02  4.4454E-02  1.5448E-02  1.0290E-01  1.0000E+00
 1.8106E+04  1.3604E-02  4.4183E-02  1.5456E-02  1.0217E-01  1.0000E+00
 1.8244E+04  1.3626E-02  4.3913E-02  1.5464E-02  1.0145E-01  1.0000E+00
 1.8384E+04  1.3648E-02  4.3645E-02  1.5472E-02  1.0073E-01  1.0000E+00
 1.8525E+04  1.3670E-02  4.3377E-02  1.5480E-02  1.0002E-01  1.0000E+00
 1.8667E+04  1.3692E-02  4.3111E-02  1.5488E-02  9.9313E-02  1.0000E+00
 1.8810E+04  1.3714E-02  4.2846E-02  1.5497E-02  9.8612E-02  1.0000E+00
 1.8954E+04  1.3736E-02  4.2582E-02  1.5505E-02  9.7916E-02  1.0000E+00
 1.9099E+04  1.3758E-02  4.2320E-02  1.5514E-02  9.7225E-02  1.0000E+00
 1.9245E+04  1.3779E-02  4.2058E-02  1.5522E-02  9.6539E-02  1.0000E+00
 1.9393E+04  1.3801E-02  4.1797E-02  1.5531E-02  9.5859E-02  1.0000E+00
 1.9541E+04  1.3822E-02  4.1538E-02  1.5540E-02  9.5183E-02  1.0000E+00
 1.9691E+04  1.3844E-02  4.1280E-02  1.5548E-02  9.4513E-02  1.0000E+00
 1.9842E+04  1.3865E-02  4.1023E-02  1.5557E-02  9.3848E-02  1.0000E+00
 1.9994E+04  1.3886E-02  4.0767E-02  1.5566E-02  9.3188E-02  1.0000E+00
 2.0147E+04  1.3907E-02  4.0512E-02  1.5575E-02  9.2533E-02  1.0000E+00
 2.0301E+04  1.3928E-02  4.0258E-02  1.5584E-02  9.1883E-02  1.0000E+00
 2.0456E+04  1.3948E-02  4.0006E-02  1.5593E-02  9.1238E-02  1.0000E+00
 2.0613E+04  1.3969E-02  3.9754E-02  1.5602E-02  9.0598E-02  1.0000E+00
 2.0771E+04  1.3989E-02  3.9504E-02  1.5612E-02  8.9963E-02  1.0000E+00
 2.0930E+04  1.4010E-02  3.9255E-02  1.5621E-02  8.9333E-02  1.0000E+00
 2.1090E+04  1.4030E-02  3.9007E-02  1.5630E-02  8.8707E-02  1.0000E+00
 2.1252E+04  1.4050E-02  3.8760E-02  1.5640E-02  8.8087E-02  1.0000E+00
 2.1415E+04  1.4070E-02  3.8514E-02  1.5650E-02  8.7471E-02  1.0000E+00
 2.1579E+04  1.4090E-02  3.8269E-02  1.5659E-02  8.6859E-02  1.0000E+00
 2.1744E+04  1.4110E-02  3.8025E-02  1.5669E-02  8.6253E-02  1.0000E+00
 2.1910E+04  1.4129E-02  3.7783E-02  1.5679E-02  8.5651E-02  1.0000E+00
 2.2078E+04  1.4149E-02  3.7541E-02  1.5689E-02  8.5053E-02  1.0000E+00
 2.2247E+04  1.4168E-02  3.7301E-02  1.5699E-02  8.4460E-02  1.0000E+00
 2.2418E+04  1.4187E-02  3.7062E-02  1.5709E-02  8.3872E-02  1.0000E+00
 2.2589E+04  1.4206E-02  3.6823E-02  1.5719E-02  8.3288E-02  1.0000E+00
 2.2762E+04  1.4225E-02  3.6586E-02  1.5729E-02  8.2709E-02  1.0000E+00
 2.2937E+04  1.4244E-02  3.6350E-02  1.5739E-02  8.2134E-02  1.0000E+00
 2.3112E+04  1.4263E-02  3.6115E-02  1.5749E-02  8.1563E-02  1.0000E+00
 2.3289E+04  1.4281E-02  3.5881E-02  1.5760E-02  8.0997E-02  1.0000E+00
 2.3468E+04  1.4300E-02  3.5649E-02  1.5770E-02  8.0435E-02  1.0000E+00
 2.3647E+04  1.4318E-02  3.5417E-02  1.5781E-02  7.9878E-02  1.0000E+00
 2.3829E+04  1.4336E-02  3.5186E-02  1.5792E-02  7.9324E-02  1.0000E+00
 2.4011E+04  1.4355E-02  3.4958E-02  1.5803E-02  7.8775E-02  1.0000E+00
 2.4195E+04  1.4376E-02  3.4736E-02  1.5813E-02  7.8230E-02  1.0000E+00
 2.4380E+04  1.4396E-02  3.4516E-02  1.5824E-02  7.7689E-02  1.0000E+00
 2.4567E+04  1.4417E-02  3.4296E-02  1.5835E-02  7.7153E-02  1.0000E+00
 2.4755E+04  1.4438E-02  3.4078E-02  1.5847E-02  7.6620E-02  1.0000E+00
 2.4945E+04  1.4458E-02  3.3862E-02  1.5858E-02  7.6092E-02  1.0000E+00
 2.5136E+04  1.4479E-02  3.3647E-02  1.5869E-02  7.5567E-02  1.0000E+00
 2.5328E+04  1.4500E-02  3.3432E-02  1.5880E-02  7.5047E-02  1.0000E+00
 2.5522E+04  1.4521E-02  3.3220E-02  1.5892E-02  7.4530E-02  1.0000E+00
 2.5718E+04  1.4541E-02  3.3008E-02  1.5904E-02  7.4018E-02  1.0000E+00
 2.5915E+04  1.4562E-02  3.2798E-02  1.5915E-02  7.3509E-02  1.0000E+00
 2.6113E+04  1.4583E-02  3.2589E-02  1.5927E-02  7.3004E-02  1.0000E+00
 2.6313E+04  1.4604E-02  3.2382E-02  1.5939E-02  7.2503E-02  1.0000E+00
 2.6515E+04  1.4625E-02  3.2175E-02  1.5951E-02  7.2006E-02  1.0000E+00
 2.6718E+04  1.4646E-02  3.1970E-02  1.5963E-02  7.1513E-02  1.0000E+00
 2.6922E+04  1.4667E-02  3.1767E-02  1.5975E-02  7.1024E-02  1.0000E+00
 2.7128E+04  1.4688E-02  3.1564E-02  1.5987E-02  7.0538E-02  1.0000E+00
 2.7336E+04  1.4709E-02  3.1363E-02  1.6000E-02  7.0056E-02  1.0000E+00
 2.7545E+04  1.4730E-02  3.1163E-02  1.6012E-02  6.9577E-02  1.0000E+00
 2.7756E+04  1.4751E-02  3.0964E-02  1.6025E-02  6.9103E-02  1.0000E+00
 2.7969E+04  1.4772E-02  3.0767E-02  1.6037E-02  6.8632E-02  1.0000E+00
 2.8183E+04  1.4793E-02  3.0570E-02  1.6050E-02  6.8164E-02  1.0000E+00
 2.8399E+04  1.4814E-02  3.0375E-02  1.6063E-02  6.7700E-02  1.0000E+00
 2.8617E+04  1.4836E-02  3.0181E-02  1.6076E-02  6.7240E-02  1.0000E+00
 2.8836E+04  1.4857E-02  2.9989E-02  1.6089E-02  6.6783E-02  1.0000E+00
 2.9056E+04  1.4878E-02  2.9797E-02  1.6102E-02  6.6330E-02  1.0000E+00
 2.9279E+04  1.4900E-02  2.9607E-02  1.6115E-02  6.5880E-02  1.0000E+00
 2.9503E+04  1.4921E-02  2.9418E-02  1.6129E-02  6.5434E-02  1.0000E+00
 2.9729E+04  1.4943E-02  2.9230E-02  1.6142E-02  6.4991E-02  1.0000E+00
 2.9957E+04  1.4964E-02  2.9044E-02  1.6156E-02  6.4551E-02  1.0000E+00
 3.0186E+04  1.4986E-02  2.8858E-02  1.6169E-02  6.4115E-02  1.0000E+00
 3.0417E+04  1.5007E-02  2.8674E-02  1.6183E-02  6.3682E-02  1.0000E+00
 3.0650E+04  1.5029E-02  2.8491E-02  1.6197E-02  6.3252E-02  1.0000E+00
 3.0885E+04  1.5051E-02  2.8309E-02  1.6211E-02  6.2826E-02  1.0000E+00
 3.1122E+04  1.5073E-02  2.8128E-02  1.6225E-02  6.2403E-02  1.0000E+00
 3.1360E+04  1.5095E-02  2.7949E-02  1.6240E-02  6.1983E-02  1.0000E+00
 3.1600E+04  1.5116E-02  2.7770E-02  1.6254E-02  6.1566E-02  1.0000E+00
 3.1842E+04  1.5138E-02  2.7593E-02  1.6269E-02  6.1153E-02  1.0000E+00
 3.2086E+04  1.5160E-02  2.7417E-02  1.6283E-02  6.0743E-02  1.0000E+00
 3.2332E+04  1.5183E-02  2.7242E-02  1.6298E-02  6.0336E-02  1.0000E+00
 3.2579E+04  1.5205E-02  2.7068E-02  1.6313E-02  5.9932E-02  1.0000E+00
 3.2829E+04  1.5227E-02  2.6895E-02  1.6328E-02  5.9531E-02  1.0000E+00
 3.3080E+04  1.5249E-02  2.6723E-02  1.6343E-02  5.9133E-02  1.0000E+00
 3.3334E+04  1.5272E-02  2.6553E-02  1.6358E-02  5.8738E-02  1.0000E+00
 3.3589E+04  1.5294E-02  2.6383E-02  1.6373E-02  5.8347E-02  1.0000E+00
 3.3846E+04  1.5317E-02  2.6215E-02  1.6389E-02  5.7958E-02  1.0000E+00
 3.4105E+04  1.5339E-02  2.6048E-02  1.6404E-02  5.7572E-02  1.0000E+00
 3.4367E+04  1.5362E-02  2.5882E-02  1.6420E-02  5.7189E-02  1.0000E+00
 3.4630E+04  1.5385E-02  2.5717E-02  1.6436E-02  5.6809E-02  1.0000E+00
 3.4895E+04  1.5408E-02  2.5553E-02  1.6452E-02  5.6432E-02  1.0000E+00
 3.5162E+04  1.5430E-02  2.5390E-02  1.6468E-02  5.6058E-02  1.0000E+00
 3.5431E+04  1.5453E-02  2.5228E-02  1.6484E-02  5.5687E-02  1.0000E+00
 3.5703E+04  1.5477E-02  2.5067E-02  1.6501E-02  5.5319E-02  1.0000E+00
 3.5976E+04  1.5500E-02  2.4907E-02  1.6517E-02  5.4953E-02  1.0000E+00
 3.6252E+04  1.5523E-02  2.4749E-02  1.6534E-02  5.4591E-02  1.0000E+00
 3.6529E+04  1.5546E-02  2.4591E-02  1.6551E-02  5.4231E-02  1.0000E+00
 3.6809E+04  1.5570E-02  2.4434E-02  1.6568E-02  5.3874E-02  1.0000E+00
 3.7091E+04  1.5593E-02  2.4279E-02  1.6585E-02  5.3519E-02  1.0000E+00
 3.7375E+04  1.5617E-02  2.4124E-02  1.6602E-02  5.3168E-02  1.0000E+00
 3.7661E+04  1.5640E-02  2.3971E-02  1.6619E-02  5.2819E-02  1.0000E+00
 3.7950E+04  1.5664E-02  2.3818E-02  1.6637E-02  5.2472E-02  1.0000E+00
 3.8240E+04  1.5688E-02  2.3667E-02  1.6654E-02  5.2129E-02  1.0000E+00
 3.8533E+04  1.5712E-02  2.3516E-02  1.6672E-02  5.1788E-02  1.0000E+00
 3.8828E+04  1.5736E-02  2.3367E-02  1.6690E-02  5.1449E-02  1.0000E+00
 3.9126E+04  1.5760E-02  2.3218E-02  1.6708E-02  5.1113E-02  1.0000E+00
 3.9425E+04  1.5785E-02  2.3071E-02  1.6726E-02  5.0780E-02  1.0000E+00
 3.9727E+04  1.5809E-02  2.2924E-02  1.6745E-02  5.0450E-02  1.0000E+00
 4.0032E+04  1.5834E-02  2.2779E-02  1.6763E-02  5.0122E-02  1.0000E+00
 4.0338E+04  1.5858E-02  2.2634E-02  1.6782E-02  4.9796E-02  1.0000E+00
 4.0647E+04  1.5883E-02  2.2491E-02  1.6801E-02  4.9473E-02  1.0000E+00
 4.0958E+04  1.5908E-02  2.2348E-02  1.6820E-02  4.9152E-02  1.0000E+00
 4.1272E+04  1.5933E-02  2.2207E-02  1.6839E-02  4.8834E-02  1.0000E+00
 4.1588E+04  1.5958E-02  2.2066E-02  1.6858E-02  4.8519E-02  1.0000E+00
 4.1907E+04  1.5983E-02  2.1926E-02  1.6877E-02  4.8205E-02  1.0000E+00
 4.2228E+04  1.6008E-02  2.1787E-02  1.6897E-02  4.7895E-02  1.0000E+00
 4.2551E+04  1.6033E-02  2.1649E-02  1.6917E-02  4.7586E-02  1.0000E+00
 4.2877E+04  1.6059E-02  2.1512E-02  1.6937E-02  4.7280E-02  1.0000E+00
 4.3205E+04  1.6085E-02  2.1376E-02  1.6957E-02  4.6976E-02  1.0000E+00
 4.3536E+04  1.6110E-02  2.1241E-02  1.6977E-02  4.6675E-02  1.0000E+00
 4.3869E+04  1.6136E-02  2.1107E-02  1.6997E-02  4.6376E-02  1.0000E+00
 4.4205E+04  1.6162E-02  2.0974E-02  1.7018E-02  4.6079E-02  1.0000E+00
 4.4544E+04  1.6188E-02  2.0842E-02  1.7039E-02  4.5785E-02  1.0000E+00
 4.4885E+04  1.6215E-02  2.0710E-02  1.7060E-02  4.5493E-02  1.0000E+00
 4.5229E+04  1.6241E-02  2.0580E-02  1.7081E-02  4.5203E-02  1.0000E+00
 4.5575E+04  1.6268E-02  2.0450E-02  1.7102E-02  4.4915E-02  1.0000E+00
 4.5924E+04  1.6294E-02  2.0321E-02  1.7124E-02  4.4630E-02  1.0000E+00
 4.6276E+04  1.6321E-02  2.0193E-02  1.7145E-02  4.4346E-02  1.0000E+00
 4.6630E+04  1.6348E-02  2.0066E-02  1.7167E-02  4.4065E-02  1.0000E+00
 4.6987E+04  1.6375E-02  1.9940E-02  1.7189E-02  4.3787E-02  1.0000E+00
 4.7347E+04  1.6403E-02  1.9815E-02  1.7211E-02  4.3510E-02  1.0000E+00
 4.7710E+04  1.6430E-02  1.9690E-02  1.7234E-02  4.3235E-02  1.0000E+00
 4.8075E+04  1.6457E-02  1.9567E-02  1.7256E-02  4.2963E-02  1.0000E+00
 4.8443E+04  1.6485E-02  1.9444E-02  1.7279E-02  4.2692E-02  1.0000E+00
 4.8814E+04  1.6513E-02  1.9322E-02  1.7302E-02  4.2424E-02  1.0000E+00
 4.9188E+04  1.6541E-02  1.9201E-02  1.7325E-02  4.2158E-02  1.0000E+00
 4.9565E+04  1.6569E-02  1.9081E-02  1.7348E-02  4.1894E-02  1.0000E+00
 4.9945E+04  1.6597E-02  1.8962E-02  1.7372E-02  4.1632E-02  1.0000E+00
 5.0327E+04  1.6626E-02  1.8843E-02  1.7395E-02  4.1372E-02  1.0000E+00
 5.0713E+04  1.6655E-02  1.8725E-02  1.7419E-02  4.1114E-02  1.0000E+00
 5.1101E+04  1.6683E-02  1.8608E-02  1.7443E-02  4.0858E-02  1.0000E+00
 5.1492E+04  1.6712E-02  1.8492E-02  1.7468E-02  4.0604E-02  1.0000E+00
 5.1887E+04  1.6741E-02  1.8377E-02  1.7492E-02  4.0352E-02  1.0000E+00
 5.2284E+04  1.6771E-02  1.8262E-02  1.7517E-02  4.0101E-02  1.0000E+00
 5.2684E+04  1.6800E-02  1.8149E-02  1.7542E-02  3.9853E-02  1.0000E+00
 5.3088E+04  1.6830E-02  1.8036E-02  1.7567E-02  3.9607E-02  1.0000E+00
 5.3494E+04  1.6860E-02  1.7924E-02  1.7592E-02  3.9363E-02  1.0000E+00
 5.3904E+04  1.6890E-02  1.7812E-02  1.7618E-02  3.9120E-02  1.0000E+00
 5.4317E+04  1.6920E-02  1.7702E-02  1.7644E-02  3.8880E-02  1.0000E+00
 5.4733E+04  1.6950E-02  1.7592E-02  1.7669E-02  3.8641E-02  1.0000E+00
 5.5152E+04  1.6981E-02  1.7483E-02  1.7696E-02  3.8404E-02  1.0000E+00
 5.5574E+04  1.7011E-02  1.7375E-02  1.7722E-02  3.8169E-02  1.0000E+00
 5.6000E+04  1.7042E-02  1.7267E-02  1.7749E-02  3.7936E-02  1.0000E+00
 5.6429E+04  1.7074E-02  1.7160E-02  1.7776E-02  3.7705E-02  1.0000E+00
 5.6861E+04  1.7105E-02  1.7054E-02  1.7803E-02  3.7475E-02  1.0000E+00
 5.7297E+04  1.7136E-02  1.6949E-02  1.7830E-02  3.7247E-02  1.0000E+00
 5.7735E+04  1.7168E-02  1.6844E-02  1.7858E-02  3.7021E-02  1.0000E+00
 5.8177E+04  1.7200E-02  1.6741E-02  1.7885E-02  3.6797E-02  1.0000E+00
 5.8623E+04  1.7232E-02  1.6637E-02  1.7913E-02  3.6575E-02  1.0000E+00
 5.9072E+04  1.7264E-02  1.6535E-02  1.7942E-02  3.6354E-02  1.0000E+00
 5.9524E+04  1.7297E-02  1.6433E-02  1.7970E-02  3.6135E-02  1.0000E+00
 5.9980E+04  1.7330E-02  1.6333E-02  1.7999E-02  3.5918E-02  1.0000E+00
 6.0440E+04  1.7363E-02  1.6232E-02  1.8028E-02  3.5702E-02  1.0000E+00
 6.0902E+04  1.7396E-02  1.6133E-02  1.8057E-02  3.5488E-02  1.0000E+00
 6.1369E+04  1.7429E-02  1.6034E-02  1.8086E-02  3.5276E-02  1.0000E+00
 6.1839E+04  1.7463E-02  1.5936E-02  1.8116E-02  3.5065E-02  1.0000E+00
 6.2312E+04  1.7496E-02  1.5839E-02  1.8146E-02  3.4856E-02  1.0000E+00
 6.2790E+04  1.7531E-02  1.5742E-02  1.8176E-02  3.4649E-02  1.0000E+00
 6.3270E+04  1.7565E-02  1.5646E-02  1.8207E-02  3.4443E-02  1.0000E+00
 6.3755E+04  1.7599E-02  1.5550E-02  1.8238E-02  3.4239E-02  1.0000E+00
 6.4243E+04  1.7634E-02  1.5456E-02  1.8269E-02  3.4037E-02  1.0000E+00
 6.4735E+04  1.7669E-02  1.5362E-02  1.8300E-02  3.3836E-02  1.0000E+00
 6.5231E+04  1.7704E-02  1.5268E-02  1.8331E-02  3.3637E-02  1.0000E+00
 6.5731E+04  1.7740E-02  1.5176E-02  1.8363E-02  3.3439E-02  1.0000E+00
 6.6234E+04  1.7775E-02  1.5084E-02  1.8395E-02  3.3243E-02  1.0000E+00
 6.6741E+04  1.7811E-02  1.4992E-02  1.8428E-02  3.3048E-02  1.0000E+00
 6.7252E+04  1.7847E-02  1.4902E-02  1.8460E-02  3.2855E-02  1.0000E+00
 6.7767E+04  1.7884E-02  1.4812E-02  1.8493E-02  3.2663E-02  1.0000E+00
 6.8286E+04  1.7921E-02  1.4722E-02  1.8526E-02  3.2473E-02  1.0000E+00
 6.8809E+04  1.7957E-02  1.4633E-02  1.8560E-02  3.2285E-02  1.0000E+00
 6.9336E+04  1.7995E-02  1.4545E-02  1.8593E-02  3.2098E-02  1.0000E+00
 6.9867E+04  1.8032E-02  1.4458E-02  1.8628E-02  3.1912E-02  1.0000E+00
 7.0402E+04  1.8070E-02  1.4371E-02  1.8662E-02  3.1728E-02  1.0000E+00
 7.0942E+04  1.8108E-02  1.4284E-02  1.8696E-02  3.1545E-02  1.0000E+00
 7.1485E+04  1.8146E-02  1.4199E-02  1.8731E-02  3.1364E-02  1.0000E+00
 7.2032E+04  1.8185E-02  1.4114E-02  1.8767E-02  3.1184E-02  1.0000E+00
 7.2584E+04  1.8224E-02  1.4029E-02  1.8802E-02  3.1006E-02  1.0000E+00
 7.3140E+04  1.8263E-02  1.3945E-02  1.8838E-02  3.0829E-02  1.0000E+00
 7.3700E+04  1.8302E-02  1.3862E-02  1.8874E-02  3.0653E-02  1.0000E+00
 7.4264E+04  1.8342E-02  1.3780E-02  1.8911E-02  3.0479E-02  1.0000E+00
 7.4833E+04  1.8382E-02  1.3698E-02  1.8947E-02  3.0306E-02  1.0000E+00
 7.5406E+04  1.8422E-02  1.3616E-02  1.8984E-02  3.0134E-02  1.0000E+00
 7.5984E+04  1.8462E-02  1.3535E-02  1.9022E-02  2.9964E-02  1.0000E+00
 7.6566E+04  1.8503E-02  1.3455E-02  1.9060E-02  2.9796E-02  1.0000E+00
 7.7152E+04  1.8545E-02  1.3375E-02  1.9098E-02  2.9628E-02  1.0000E+00
 7.7743E+04  1.8586E-02  1.3296E-02  1.9136E-02  2.9462E-02  1.0000E+00
 7.8338E+04  1.8628E-02  1.3218E-02  1.9175E-02  2.9297E-02  1.0000E+00
 7.8938E+04  1.8670E-02  1.3140E-02  1.9214E-02  2.9134E-02  1.0000E+00
 7.9543E+04  1.8712E-02  1.3062E-02  1.9253E-02  2.8972E-02  1.0000E+00
 8.0152E+04  1.8755E-02  1.2985E-02  1.9293E-02  2.8811E-02  1.0000E+00
 8.0766E+04  1.8798E-02  1.2909E-02  1.9333E-02  2.8651E-02  1.0000E+00
 8.1384E+04  1.8841E-02  1.2833E-02  1.9374E-02  2.8493E-02  1.0000E+00
 8.2008E+04  1.8885E-02  1.2758E-02  1.9414E-02  2.8336E-02  1.0000E+00
 8.2636E+04  1.8929E-02  1.2683E-02  1.9455E-02  2.8180E-02  1.0000E+00
 8.3268E+04  1.8973E-02  1.2609E-02  1.9497E-02  2.8026E-02  1.0000E+00
 8.3906E+04  1.9018E-02  1.2536E-02  1.9539E-02  2.7873E-02  1.0000E+00
 8.4549E+04  1.9063E-02  1.2463E-02  1.9581E-02  2.7721E-02  1.0000E+00
 8.5196E+04  1.9109E-02  1.2390E-02  1.9624E-02  2.7570E-02  1.0000E+00
 8.5849E+04  1.9154E-02  1.2318E-02  1.9667E-02  2.7420E-02  1.0000E+00
 8.6506E+04  1.9200E-02  1.2247E-02  1.9710E-02  2.7272E-02  1.0000E+00
 8.7169E+04  1.9247E-02  1.2176E-02  1.9754E-02  2.7124E-02  1.0000E+00
 8.7836E+04  1.9294E-02  1.2105E-02  1.9798E-02  2.6978E-02  1.0000E+00
 8.8509E+04  1.9341E-02  1.2035E-02  1.9842E-02  2.6834E-02  1.0000E+00
 8.9187E+04  1.9388E-02  1.1966E-02  1.9887E-02  2.6690E-02  1.0000E+00
 8.9870E+04  1.9436E-02  1.1897E-02  1.9933E-02  2.6547E-02  1.0000E+00
 9.0558E+04  1.9485E-02  1.1829E-02  1.9978E-02  2.6406E-02  1.0000E+00
 9.1252E+04  1.9533E-02  1.1761E-02  2.0024E-02  2.6266E-02  1.0000E+00
 9.1950E+04  1.9582E-02  1.1693E-02  2.0071E-02  2.6127E-02  1.0000E+00
 9.2655E+04  1.9632E-02  1.1626E-02  2.0118E-02  2.5989E-02  1.0000E+00
 9.3364E+04  1.9682E-02  1.1560E-02  2.0165E-02  2.5852E-02  1.0000E+00
 9.4079E+04  1.9732E-02  1.1494E-02  2.0213E-02  2.5716E-02  1.0000E+00
 9.4800E+04  1.9783E-02  1.1429E-02  2.0261E-02  2.5581E-02  1.0000E+00
 9.5526E+04  1.9834E-02  1.1364E-02  2.0310E-02  2.5448E-02  1.0000E+00
 9.6257E+04  1.9885E-02  1.1299E-02  2.0359E-02  2.5315E-02  1.0000E+00
 9.6994E+04  1.9937E-02  1.1235E-02  2.0408E-02  2.5184E-02  1.0000E+00
 9.7737E+04  1.9989E-02  1.1172E-02  2.0458E-02  2.5054E-02  1.0000E+00
 9.8486E+04  2.0042E-02  1.1109E-02  2.0508E-02  2.4925E-02  1.0000E+00
 9.9240E+04  2.0095E-02  1.1046E-02  2.0559E-02  2.4796E-02  1.0000E+00
 1.0000E+05  2.0149E-02  1.0984E-02  2.0610E-02  2.4669E-02  1.0000E+00


