#     0	 1	    8	 3	 1.6441E+03	 1000	1
 4.8978E+01  0.0000E+00  0.0000E+00  0.0000E+00  0.0000E+00  0.0000E+00
 4.9353E+01  0.0000E+00  0.0000E+00  0.0000E+00  0.0000E+00  0.0000E+00
 4.9731E+01  0.0000E+00  0.0000E+00  0.0000E+00  0.0000E+00  0.0000E+00
 5.0112E+01  0.0000E+00  0.0000E+00  0.0000E+00  0.0000E+00  0.0000E+00
 5.0496E+01  0.0000E+00  0.0000E+00  0.0000E+00  0.0000E+00  0.0000E+00
 5.0882E+01  0.0000E+00  0.0000E+00  0.0000E+00  0.0000E+00  0.0000E+00
 5.1272E+01  0.0000E+00  0.0000E+00  0.0000E+00  0.0000E+00  0.0000E+00
 5.1665E+01  0.0000E+00  0.0000E+00  0.0000E+00  0.0000E+00  0.0000E+00
 5.2060E+01  0.0000E+00  0.0000E+00  0.0000E+00  0.0000E+00  0.0000E+00
 5.2459E+01  0.0000E+00  0.0000E+00  0.0000E+00  0.0000E+00  0.0000E+00
 5.2861E+01  0.0000E+00  0.0000E+00  0.0000E+00  0.0000E+00  0.0000E+00
 5.3266E+01  0.0000E+00  0.0000E+00  0.0000E+00  0.0000E+00  0.0000E+00
 5.3673E+01  0.0000E+00  0.0000E+00  0.0000E+00  0.0000E+00  0.0000E+00
 5.4085E+01  0.0000E+00  0.0000E+00  0.0000E+00  0.0000E+00  0.0000E+00
 5.4499E+01  0.0000E+00  0.0000E+00  0.0000E+00  0.0000E+00  0.0000E+00
 5.4916E+01  0.0000E+00  0.0000E+00  0.0000E+00  0.0000E+00  0.0000E+00
 5.5337E+01  0.0000E+00  0.0000E+00  0.0000E+00  0.0000E+00  0.0000E+00
 5.5760E+01  0.0000E+00  0.0000E+00  0.0000E+00  0.0000E+00  0.0000E+00
 5.6187E+01  0.0000E+00  0.0000E+00  0.0000E+00  0.0000E+00  0.0000E+00
 5.6618E+01  0.0000E+00  0.0000E+00  0.0000E+00  0.0000E+00  0.0000E+00
 5.7051E+01  0.0000E+00  0.0000E+00  0.0000E+00  0.0000E+00  0.0000E+00
 5.7488E+01  0.0000E+00  0.0000E+00  0.0000E+00  0.0000E+00  0.0000E+00
 5.7929E+01  0.0000E+00  0.0000E+00  0.0000E+00  0.0000E+00  0.0000E+00
 5.8372E+01  0.0000E+00  0.0000E+00  0.0000E+00  0.0000E+00  0.0000E+00
 5.8819E+01  0.0000E+00  0.0000E+00  0.0000E+00  0.0000E+00  0.0000E+00
 5.9270E+01  0.0000E+00  0.0000E+00  0.0000E+00  0.0000E+00  0.0000E+00
 5.9724E+01  0.0000E+00  0.0000E+00  0.0000E+00  0.0000E+00  0.0000E+00
 6.0181E+01  0.0000E+00  0.0000E+00  0.0000E+00  0.0000E+00  0.0000E+00
 6.0642E+01  0.0000E+00  0.0000E+00  0.0000E+00  0.0000E+00  0.0000E+00
 6.1106E+01  0.0000E+00  0.0000E+00  0.0000E+00  0.0000E+00  0.0000E+00
 6.1574E+01  0.0000E+00  0.0000E+00  0.0000E+00  0.0000E+00  0.0000E+00
 6.2046E+01  0.0000E+00  0.0000E+00  0.0000E+00  0.0000E+00  0.0000E+00
 6.2521E+01  0.0000E+00  0.0000E+00  0.0000E+00  0.0000E+00  0.0000E+00
 6.3000E+01  0.0000E+00  0.0000E+00  0.0000E+00  0.0000E+00  0.0000E+00
 6.3482E+01  0.0000E+00  0.0000E+00  0.0000E+00  0.0000E+00  0.0000E+00
 6.3968E+01  0.0000E+00  0.0000E+00  0.0000E+00  0.0000E+00  0.0000E+00
 6.4458E+01  0.0000E+00  0.0000E+00  0.0000E+00  0.0000E+00  0.0000E+00
 6.4952E+01  0.0000E+00  0.0000E+00  0.0000E+00  0.0000E+00  0.0000E+00
 6.5449E+01  0.0000E+00  0.0000E+00  0.0000E+00  0.0000E+00  0.0000E+00
 6.5951E+01  0.0000E+00  0.0000E+00  0.0000E+00  0.0000E+00  0.0000E+00
 6.6456E+01  0.0000E+00  0.0000E+00  0.0000E+00  0.0000E+00  0.0000E+00
 6.6965E+01  0.0000E+00  0.0000E+00  0.0000E+00  0.0000E+00  0.0000E+00
 6.7478E+01  0.0000E+00  0.0000E+00  0.0000E+00  0.0000E+00  0.0000E+00
 6.7994E+01  0.0000E+00  0.0000E+00  0.0000E+00  0.0000E+00  0.0000E+00
 6.8515E+01  0.0000E+00  0.0000E+00  0.0000E+00  0.0000E+00  0.0000E+00
 6.9040E+01  0.0000E+00  0.0000E+00  0.0000E+00  0.0000E+00  0.0000E+00
 6.9568E+01  0.0000E+00  0.0000E+00  0.0000E+00  0.0000E+00  0.0000E+00
 7.0101E+01  0.0000E+00  0.0000E+00  0.0000E+00  0.0000E+00  0.0000E+00
 7.0638E+01  0.0000E+00  0.0000E+00  0.0000E+00  0.0000E+00  0.0000E+00
 7.1179E+01  0.0000E+00  0.0000E+00  0.0000E+00  0.0000E+00  0.0000E+00
 7.1724E+01  0.0000E+00  0.0000E+00  0.0000E+00  0.0000E+00  0.0000E+00
 7.2273E+01  0.0000E+00  0.0000E+00  0.0000E+00  0.0000E+00  0.0000E+00
 7.2827E+01  0.0000E+00  0.0000E+00  0.0000E+00  0.0000E+00  0.0000E+00
 7.3385E+01  0.0000E+00  0.0000E+00  0.0000E+00  0.0000E+00  0.0000E+00
 7.3947E+01  0.0000E+00  0.0000E+00  0.0000E+00  0.0000E+00  0.0000E+00
 7.4513E+01  0.0000E+00  0.0000E+00  0.0000E+00  0.0000E+00  0.0000E+00
 7.5084E+01  0.0000E+00  0.0000E+00  0.0000E+00  0.0000E+00  0.0000E+00
 7.5659E+01  0.0000E+00  0.0000E+00  0.0000E+00  0.0000E+00  0.0000E+00
 7.6238E+01  0.0000E+00  0.0000E+00  0.0000E+00  0.0000E+00  0.0000E+00
 7.6822E+01  0.0000E+00  0.0000E+00  0.0000E+00  0.0000E+00  0.0000E+00
 7.7410E+01  0.0000E+00  0.0000E+00  0.0000E+00  0.0000E+00  0.0000E+00
 7.8003E+01  0.0000E+00  0.0000E+00  0.0000E+00  0.0000E+00  0.0000E+00
 7.8601E+01  0.0000E+00  0.0000E+00  0.0000E+00  0.0000E+00  0.0000E+00
 7.9202E+01  0.0000E+00  0.0000E+00  0.0000E+00  0.0000E+00  0.0000E+00
 7.9809E+01  0.0000E+00  0.0000E+00  0.0000E+00  0.0000E+00  0.0000E+00
 8.0420E+01  0.0000E+00  0.0000E+00  0.0000E+00  0.0000E+00  0.0000E+00
 8.1036E+01  0.0000E+00  0.0000E+00  0.0000E+00  0.0000E+00  0.0000E+00
 8.1657E+01  0.0000E+00  0.0000E+00  0.0000E+00  0.0000E+00  0.0000E+00
 8.2282E+01  0.0000E+00  0.0000E+00  0.0000E+00  0.0000E+00  0.0000E+00
 8.2912E+01  0.0000E+00  0.0000E+00  0.0000E+00  0.0000E+00  0.0000E+00
 8.3547E+01  0.0000E+00  0.0000E+00  0.0000E+00  0.0000E+00  0.0000E+00
 8.4187E+01  0.0000E+00  0.0000E+00  0.0000E+00  0.0000E+00  0.0000E+00
 8.4832E+01  0.0000E+00  0.0000E+00  0.0000E+00  0.0000E+00  0.0000E+00
 8.5481E+01  0.0000E+00  0.0000E+00  0.0000E+00  0.0000E+00  0.0000E+00
 8.6136E+01  0.0000E+00  0.0000E+00  0.0000E+00  0.0000E+00  0.0000E+00
 8.6796E+01  0.0000E+00  0.0000E+00  0.0000E+00  0.0000E+00  0.0000E+00
 8.7460E+01  0.0000E+00  0.0000E+00  0.0000E+00  0.0000E+00  0.0000E+00
 8.8130E+01  0.0000E+00  0.0000E+00  0.0000E+00  0.0000E+00  0.0000E+00
 8.8805E+01  0.0000E+00  0.0000E+00  0.0000E+00  0.0000E+00  0.0000E+00
 8.9485E+01  0.0000E+00  0.0000E+00  0.0000E+00  0.0000E+00  0.0000E+00
 9.0171E+01  0.0000E+00  0.0000E+00  0.0000E+00  0.0000E+00  0.0000E+00
 9.0861E+01  0.0000E+00  0.0000E+00  0.0000E+00  0.0000E+00  0.0000E+00
 9.1557E+01  0.0000E+00  0.0000E+00  0.0000E+00  0.0000E+00  0.0000E+00
 9.2258E+01  0.0000E+00  0.0000E+00  0.0000E+00  0.0000E+00  0.0000E+00
 9.2965E+01  0.0000E+00  0.0000E+00  0.0000E+00  0.0000E+00  0.0000E+00
 9.3677E+01  0.0000E+00  0.0000E+00  0.0000E+00  0.0000E+00  0.0000E+00
 9.4394E+01  0.0000E+00  0.0000E+00  0.0000E+00  0.0000E+00  0.0000E+00
 9.5117E+01  0.0000E+00  0.0000E+00  0.0000E+00  0.0000E+00  0.0000E+00
 9.5845E+01  0.0000E+00  0.0000E+00  0.0000E+00  0.0000E+00  0.0000E+00
 9.6579E+01  0.0000E+00  0.0000E+00  0.0000E+00  0.0000E+00  0.0000E+00
 9.7319E+01  0.0000E+00  0.0000E+00  0.0000E+00  0.0000E+00  0.0000E+00
 9.8064E+01  0.0000E+00  0.0000E+00  0.0000E+00  0.0000E+00  0.0000E+00
 9.8815E+01  0.0000E+00  0.0000E+00  0.0000E+00  0.0000E+00  0.0000E+00
 9.9572E+01  0.0000E+00  0.0000E+00  0.0000E+00  0.0000E+00  0.0000E+00
 1.0033E+02  0.0000E+00  0.0000E+00  0.0000E+00  0.0000E+00  0.0000E+00
 1.0110E+02  0.0000E+00  0.0000E+00  0.0000E+00  0.0000E+00  0.0000E+00
 1.0188E+02  0.0000E+00  0.0000E+00  0.0000E+00  0.0000E+00  0.0000E+00
 1.0266E+02  0.0000E+00  0.0000E+00  0.0000E+00  0.0000E+00  0.0000E+00
 1.0344E+02  0.0000E+00  0.0000E+00  0.0000E+00  0.0000E+00  0.0000E+00
 1.0424E+02  0.0000E+00  0.0000E+00  0.0000E+00  0.0000E+00  0.0000E+00
 1.0503E+02  0.0000E+00  0.0000E+00  0.0000E+00  0.0000E+00  0.0000E+00
 1.0584E+02  0.0000E+00  0.0000E+00  0.0000E+00  0.0000E+00  0.0000E+00
 1.0665E+02  0.0000E+00  0.0000E+00  0.0000E+00  0.0000E+00  0.0000E+00
 1.0747E+02  0.0000E+00  0.0000E+00  0.0000E+00  0.0000E+00  0.0000E+00
 1.0829E+02  0.0000E+00  0.0000E+00  0.0000E+00  0.0000E+00  0.0000E+00
 1.0912E+02  0.0000E+00  0.0000E+00  0.0000E+00  0.0000E+00  0.0000E+00
 1.0995E+02  0.0000E+00  0.0000E+00  0.0000E+00  0.0000E+00  0.0000E+00
 1.1080E+02  0.0000E+00  0.0000E+00  0.0000E+00  0.0000E+00  0.0000E+00
 1.1164E+02  0.0000E+00  0.0000E+00  0.0000E+00  0.0000E+00  0.0000E+00
 1.1250E+02  0.0000E+00  0.0000E+00  0.0000E+00  0.0000E+00  0.0000E+00
 1.1336E+02  0.0000E+00  0.0000E+00  0.0000E+00  0.0000E+00  0.0000E+00
 1.1423E+02  0.0000E+00  0.0000E+00  0.0000E+00  0.0000E+00  0.0000E+00
 1.1510E+02  0.0000E+00  0.0000E+00  0.0000E+00  0.0000E+00  0.0000E+00
 1.1599E+02  0.0000E+00  0.0000E+00  0.0000E+00  0.0000E+00  0.0000E+00
 1.1687E+02  0.0000E+00  0.0000E+00  0.0000E+00  0.0000E+00  0.0000E+00
 1.1777E+02  0.0000E+00  0.0000E+00  0.0000E+00  0.0000E+00  0.0000E+00
 1.1867E+02  0.0000E+00  0.0000E+00  0.0000E+00  0.0000E+00  0.0000E+00
 1.1958E+02  0.0000E+00  0.0000E+00  0.0000E+00  0.0000E+00  0.0000E+00
 1.2050E+02  0.0000E+00  0.0000E+00  0.0000E+00  0.0000E+00  0.0000E+00
 1.2142E+02  0.0000E+00  0.0000E+00  0.0000E+00  0.0000E+00  0.0000E+00
 1.2235E+02  0.0000E+00  0.0000E+00  0.0000E+00  0.0000E+00  0.0000E+00
 1.2329E+02  0.0000E+00  0.0000E+00  0.0000E+00  0.0000E+00  0.0000E+00
 1.2423E+02  0.0000E+00  0.0000E+00  0.0000E+00  0.0000E+00  0.0000E+00
 1.2518E+02  0.0000E+00  0.0000E+00  0.0000E+00  0.0000E+00  0.0000E+00
 1.2614E+02  0.0000E+00  0.0000E+00  0.0000E+00  0.0000E+00  0.0000E+00
 1.2711E+02  0.0000E+00  0.0000E+00  0.0000E+00  0.0000E+00  0.0000E+00
 1.2808E+02  0.0000E+00  0.0000E+00  0.0000E+00  0.0000E+00  0.0000E+00
 1.2906E+02  0.0000E+00  0.0000E+00  0.0000E+00  0.0000E+00  0.0000E+00
 1.3005E+02  0.0000E+00  0.0000E+00  0.0000E+00  0.0000E+00  0.0000E+00
 1.3104E+02  0.0000E+00  0.0000E+00  0.0000E+00  0.0000E+00  0.0000E+00
 1.3205E+02  0.0000E+00  0.0000E+00  0.0000E+00  0.0000E+00  0.0000E+00
 1.3306E+02  0.0000E+00  0.0000E+00  0.0000E+00  0.0000E+00  0.0000E+00
 1.3408E+02  0.0000E+00  0.0000E+00  0.0000E+00  0.0000E+00  0.0000E+00
 1.3510E+02  0.0000E+00  0.0000E+00  0.0000E+00  0.0000E+00  0.0000E+00
 1.3614E+02  0.0000E+00  0.0000E+00  0.0000E+00  0.0000E+00  0.0000E+00
 1.3718E+02  0.0000E+00  0.0000E+00  0.0000E+00  0.0000E+00  0.0000E+00
 1.3823E+02  0.0000E+00  0.0000E+00  0.0000E+00  0.0000E+00  0.0000E+00
 1.3929E+02  0.0000E+00  0.0000E+00  0.0000E+00  0.0000E+00  0.0000E+00
 1.4036E+02  0.0000E+00  0.0000E+00  0.0000E+00  0.0000E+00  0.0000E+00
 1.4143E+02  0.0000E+00  0.0000E+00  0.0000E+00  0.0000E+00  0.0000E+00
 1.4252E+02  0.0000E+00  0.0000E+00  0.0000E+00  0.0000E+00  0.0000E+00
 1.4361E+02  0.0000E+00  0.0000E+00  0.0000E+00  0.0000E+00  0.0000E+00
 1.4471E+02  0.0000E+00  0.0000E+00  0.0000E+00  0.0000E+00  0.0000E+00
 1.4582E+02  0.0000E+00  0.0000E+00  0.0000E+00  0.0000E+00  0.0000E+00
 1.4693E+02  0.0000E+00  0.0000E+00  0.0000E+00  0.0000E+00  0.0000E+00
 1.4806E+02  0.0000E+00  0.0000E+00  0.0000E+00  0.0000E+00  0.0000E+00
 1.4919E+02  0.0000E+00  0.0000E+00  0.0000E+00  0.0000E+00  0.0000E+00
 1.5033E+02  0.0000E+00  0.0000E+00  0.0000E+00  0.0000E+00  0.0000E+00
 1.5149E+02  0.0000E+00  0.0000E+00  0.0000E+00  0.0000E+00  0.0000E+00
 1.5265E+02  0.0000E+00  0.0000E+00  0.0000E+00  0.0000E+00  0.0000E+00
 1.5381E+02  0.0000E+00  0.0000E+00  0.0000E+00  0.0000E+00  0.0000E+00
 1.5499E+02  0.0000E+00  0.0000E+00  0.0000E+00  0.0000E+00  0.0000E+00
 1.5618E+02  0.0000E+00  0.0000E+00  0.0000E+00  0.0000E+00  0.0000E+00
 1.5738E+02  0.0000E+00  0.0000E+00  0.0000E+00  0.0000E+00  0.0000E+00
 1.5858E+02  0.0000E+00  0.0000E+00  0.0000E+00  0.0000E+00  0.0000E+00
 1.5980E+02  0.0000E+00  0.0000E+00  0.0000E+00  0.0000E+00  0.0000E+00
 1.6102E+02  0.0000E+00  0.0000E+00  0.0000E+00  0.0000E+00  0.0000E+00
 1.6225E+02  0.0000E+00  0.0000E+00  0.0000E+00  0.0000E+00  0.0000E+00
 1.6349E+02  0.0000E+00  0.0000E+00  0.0000E+00  0.0000E+00  0.0000E+00
 1.6475E+02  0.0000E+00  0.0000E+00  0.0000E+00  0.0000E+00  0.0000E+00
 1.6601E+02  0.0000E+00  0.0000E+00  0.0000E+00  0.0000E+00  0.0000E+00
 1.6728E+02  0.0000E+00  0.0000E+00  0.0000E+00  0.0000E+00  0.0000E+00
 1.6856E+02  0.0000E+00  0.0000E+00  0.0000E+00  0.0000E+00  0.0000E+00
 1.6985E+02  0.0000E+00  0.0000E+00  0.0000E+00  0.0000E+00  0.0000E+00
 1.7115E+02  0.0000E+00  0.0000E+00  0.0000E+00  0.0000E+00  0.0000E+00
 1.7246E+02  0.0000E+00  0.0000E+00  0.0000E+00  0.0000E+00  0.0000E+00
 1.7378E+02  0.0000E+00  0.0000E+00  0.0000E+00  0.0000E+00  0.0000E+00
 1.7511E+02  0.0000E+00  0.0000E+00  0.0000E+00  0.0000E+00  0.0000E+00
 1.7646E+02  0.0000E+00  0.0000E+00  0.0000E+00  0.0000E+00  0.0000E+00
 1.7781E+02  0.0000E+00  0.0000E+00  0.0000E+00  0.0000E+00  0.0000E+00
 1.7917E+02  0.0000E+00  0.0000E+00  0.0000E+00  0.0000E+00  0.0000E+00
 1.8054E+02  0.0000E+00  0.0000E+00  0.0000E+00  0.0000E+00  0.0000E+00
 1.8192E+02  0.0000E+00  0.0000E+00  0.0000E+00  0.0000E+00  0.0000E+00
 1.8332E+02  0.0000E+00  0.0000E+00  0.0000E+00  0.0000E+00  0.0000E+00
 1.8472E+02  0.0000E+00  0.0000E+00  0.0000E+00  0.0000E+00  0.0000E+00
 1.8614E+02  0.0000E+00  0.0000E+00  0.0000E+00  0.0000E+00  0.0000E+00
 1.8756E+02  0.0000E+00  0.0000E+00  0.0000E+00  0.0000E+00  0.0000E+00
 1.8900E+02  0.0000E+00  0.0000E+00  0.0000E+00  0.0000E+00  0.0000E+00
 1.9045E+02  0.0000E+00  0.0000E+00  0.0000E+00  0.0000E+00  0.0000E+00
 1.9190E+02  0.0000E+00  0.0000E+00  0.0000E+00  0.0000E+00  0.0000E+00
 1.9337E+02  0.0000E+00  0.0000E+00  0.0000E+00  0.0000E+00  0.0000E+00
 1.9485E+02  0.0000E+00  0.0000E+00  0.0000E+00  0.0000E+00  0.0000E+00
 1.9635E+02  0.0000E+00  0.0000E+00  0.0000E+00  0.0000E+00  0.0000E+00
 1.9785E+02  0.0000E+00  0.0000E+00  0.0000E+00  0.0000E+00  0.0000E+00
 1.9937E+02  0.0000E+00  0.0000E+00  0.0000E+00  0.0000E+00  0.0000E+00
 2.0089E+02  0.0000E+00  0.0000E+00  0.0000E+00  0.0000E+00  0.0000E+00
 2.0243E+02  0.0000E+00  0.0000E+00  0.0000E+00  0.0000E+00  0.0000E+00
 2.0398E+02  0.0000E+00  0.0000E+00  0.0000E+00  0.0000E+00  0.0000E+00
 2.0554E+02  0.0000E+00  0.0000E+00  0.0000E+00  0.0000E+00  0.0000E+00
 2.0712E+02  0.0000E+00  0.0000E+00  0.0000E+00  0.0000E+00  0.0000E+00
 2.0870E+02  0.0000E+00  0.0000E+00  0.0000E+00  0.0000E+00  0.0000E+00
 2.1030E+02  0.0000E+00  0.0000E+00  0.0000E+00  0.0000E+00  0.0000E+00
 2.1191E+02  0.0000E+00  0.0000E+00  0.0000E+00  0.0000E+00  0.0000E+00
 2.1354E+02  0.0000E+00  0.0000E+00  0.0000E+00  0.0000E+00  0.0000E+00
 2.1517E+02  0.0000E+00  0.0000E+00  0.0000E+00  0.0000E+00  0.0000E+00
 2.1682E+02  0.0000E+00  0.0000E+00  0.0000E+00  0.0000E+00  0.0000E+00
 2.1848E+02  0.0000E+00  0.0000E+00  0.0000E+00  0.0000E+00  0.0000E+00
 2.2015E+02  0.0000E+00  0.0000E+00  0.0000E+00  0.0000E+00  0.0000E+00
 2.2184E+02  0.0000E+00  0.0000E+00  0.0000E+00  0.0000E+00  0.0000E+00
 2.2354E+02  0.0000E+00  0.0000E+00  0.0000E+00  0.0000E+00  0.0000E+00
 2.2525E+02  0.0000E+00  0.0000E+00  0.0000E+00  0.0000E+00  0.0000E+00
 2.2697E+02  0.0000E+00  0.0000E+00  0.0000E+00  0.0000E+00  0.0000E+00
 2.2871E+02  0.0000E+00  0.0000E+00  0.0000E+00  0.0000E+00  0.0000E+00
 2.3046E+02  0.0000E+00  0.0000E+00  0.0000E+00  0.0000E+00  0.0000E+00
 2.3223E+02  0.0000E+00  0.0000E+00  0.0000E+00  0.0000E+00  0.0000E+00
 2.3401E+02  0.0000E+00  0.0000E+00  0.0000E+00  0.0000E+00  0.0000E+00
 2.3580E+02  0.0000E+00  0.0000E+00  0.0000E+00  0.0000E+00  0.0000E+00
 2.3761E+02  0.0000E+00  0.0000E+00  0.0000E+00  0.0000E+00  0.0000E+00
 2.3942E+02  0.0000E+00  0.0000E+00  0.0000E+00  0.0000E+00  0.0000E+00
 2.4126E+02  0.0000E+00  0.0000E+00  0.0000E+00  0.0000E+00  0.0000E+00
 2.4311E+02  0.0000E+00  0.0000E+00  0.0000E+00  0.0000E+00  0.0000E+00
 2.4497E+02  0.0000E+00  0.0000E+00  0.0000E+00  0.0000E+00  0.0000E+00
 2.4684E+02  0.0000E+00  0.0000E+00  0.0000E+00  0.0000E+00  0.0000E+00
 2.4873E+02  0.0000E+00  0.0000E+00  0.0000E+00  0.0000E+00  0.0000E+00
 2.5064E+02  0.0000E+00  0.0000E+00  0.0000E+00  0.0000E+00  0.0000E+00
 2.5256E+02  0.0000E+00  0.0000E+00  0.0000E+00  0.0000E+00  0.0000E+00
 2.5449E+02  0.0000E+00  0.0000E+00  0.0000E+00  0.0000E+00  0.0000E+00
 2.5644E+02  0.0000E+00  0.0000E+00  0.0000E+00  0.0000E+00  0.0000E+00
 2.5841E+02  0.0000E+00  0.0000E+00  0.0000E+00  0.0000E+00  0.0000E+00
 2.6038E+02  0.0000E+00  0.0000E+00  0.0000E+00  0.0000E+00  0.0000E+00
 2.6238E+02  0.0000E+00  0.0000E+00  0.0000E+00  0.0000E+00  0.0000E+00
 2.6439E+02  0.0000E+00  0.0000E+00  0.0000E+00  0.0000E+00  0.0000E+00
 2.6641E+02  0.0000E+00  0.0000E+00  0.0000E+00  0.0000E+00  0.0000E+00
 2.6845E+02  0.0000E+00  0.0000E+00  0.0000E+00  0.0000E+00  0.0000E+00
 2.7051E+02  0.0000E+00  0.0000E+00  0.0000E+00  0.0000E+00  0.0000E+00
 2.7258E+02  0.0000E+00  0.0000E+00  0.0000E+00  0.0000E+00  0.0000E+00
 2.7467E+02  0.0000E+00  0.0000E+00  0.0000E+00  0.0000E+00  0.0000E+00
 2.7677E+02  0.0000E+00  0.0000E+00  0.0000E+00  0.0000E+00  0.0000E+00
 2.7889E+02  0.0000E+00  0.0000E+00  0.0000E+00  0.0000E+00  0.0000E+00
 2.8103E+02  0.0000E+00  0.0000E+00  0.0000E+00  0.0000E+00  0.0000E+00
 2.8318E+02  0.0000E+00  0.0000E+00  0.0000E+00  0.0000E+00  0.0000E+00
 2.8535E+02  0.0000E+00  0.0000E+00  0.0000E+00  0.0000E+00  0.0000E+00
 2.8753E+02  0.0000E+00  0.0000E+00  0.0000E+00  0.0000E+00  0.0000E+00
 2.8974E+02  0.0000E+00  0.0000E+00  0.0000E+00  0.0000E+00  0.0000E+00
 2.9195E+02  0.0000E+00  0.0000E+00  0.0000E+00  0.0000E+00  0.0000E+00
 2.9419E+02  0.0000E+00  0.0000E+00  0.0000E+00  0.0000E+00  0.0000E+00
 2.9644E+02  0.0000E+00  0.0000E+00  0.0000E+00  0.0000E+00  0.0000E+00
 2.9871E+02  0.0000E+00  0.0000E+00  0.0000E+00  0.0000E+00  0.0000E+00
 3.0100E+02  0.0000E+00  0.0000E+00  0.0000E+00  0.0000E+00  0.0000E+00
 3.0331E+02  0.0000E+00  0.0000E+00  0.0000E+00  0.0000E+00  0.0000E+00
 3.0563E+02  0.0000E+00  0.0000E+00  0.0000E+00  0.0000E+00  0.0000E+00
 3.0797E+02  0.0000E+00  0.0000E+00  0.0000E+00  0.0000E+00  0.0000E+00
 3.1033E+02  0.0000E+00  0.0000E+00  0.0000E+00  0.0000E+00  0.0000E+00
 3.1271E+02  0.0000E+00  0.0000E+00  0.0000E+00  0.0000E+00  0.0000E+00
 3.1510E+02  0.0000E+00  0.0000E+00  0.0000E+00  0.0000E+00  0.0000E+00
 3.1751E+02  0.0000E+00  0.0000E+00  0.0000E+00  0.0000E+00  0.0000E+00
 3.1994E+02  0.0000E+00  0.0000E+00  0.0000E+00  0.0000E+00  0.0000E+00
 3.2240E+02  0.0000E+00  0.0000E+00  0.0000E+00  0.0000E+00  0.0000E+00
 3.2486E+02  0.0000E+00  0.0000E+00  0.0000E+00  0.0000E+00  0.0000E+00
 3.2735E+02  0.0000E+00  0.0000E+00  0.0000E+00  0.0000E+00  0.0000E+00
 3.2986E+02  0.0000E+00  0.0000E+00  0.0000E+00  0.0000E+00  0.0000E+00
 3.3239E+02  0.0000E+00  0.0000E+00  0.0000E+00  0.0000E+00  0.0000E+00
 3.3493E+02  0.0000E+00  0.0000E+00  0.0000E+00  0.0000E+00  0.0000E+00
 3.3750E+02  0.0000E+00  0.0000E+00  0.0000E+00  0.0000E+00  0.0000E+00
 3.4008E+02  0.0000E+00  0.0000E+00  0.0000E+00  0.0000E+00  0.0000E+00
 3.4268E+02  0.0000E+00  0.0000E+00  0.0000E+00  0.0000E+00  0.0000E+00
 3.4531E+02  0.0000E+00  0.0000E+00  0.0000E+00  0.0000E+00  0.0000E+00
 3.4795E+02  0.0000E+00  0.0000E+00  0.0000E+00  0.0000E+00  0.0000E+00
 3.5062E+02  0.0000E+00  0.0000E+00  0.0000E+00  0.0000E+00  0.0000E+00
 3.5330E+02  0.0000E+00  0.0000E+00  0.0000E+00  0.0000E+00  0.0000E+00
 3.5601E+02  0.0000E+00  0.0000E+00  0.0000E+00  0.0000E+00  0.0000E+00
 3.5874E+02  0.0000E+00  0.0000E+00  0.0000E+00  0.0000E+00  0.0000E+00
 3.6148E+02  0.0000E+00  0.0000E+00  0.0000E+00  0.0000E+00  0.0000E+00
 3.6425E+02  0.0000E+00  0.0000E+00  0.0000E+00  0.0000E+00  0.0000E+00
 3.6704E+02  0.0000E+00  0.0000E+00  0.0000E+00  0.0000E+00  0.0000E+00
 3.6985E+02  0.0000E+00  0.0000E+00  0.0000E+00  0.0000E+00  0.0000E+00
 3.7268E+02  0.0000E+00  0.0000E+00  0.0000E+00  0.0000E+00  0.0000E+00
 3.7554E+02  0.0000E+00  0.0000E+00  0.0000E+00  0.0000E+00  0.0000E+00
 3.7841E+02  0.0000E+00  0.0000E+00  0.0000E+00  0.0000E+00  0.0000E+00
 3.8131E+02  0.0000E+00  0.0000E+00  0.0000E+00  0.0000E+00  0.0000E+00
 3.8423E+02  0.0000E+00  0.0000E+00  0.0000E+00  0.0000E+00  0.0000E+00
 3.8718E+02  0.0000E+00  0.0000E+00  0.0000E+00  0.0000E+00  0.0000E+00
 3.9014E+02  0.0000E+00  0.0000E+00  0.0000E+00  0.0000E+00  0.0000E+00
 3.9313E+02  0.0000E+00  0.0000E+00  0.0000E+00  0.0000E+00  0.0000E+00
 3.9614E+02  0.0000E+00  0.0000E+00  0.0000E+00  0.0000E+00  0.0000E+00
 3.9917E+02  0.0000E+00  0.0000E+00  0.0000E+00  0.0000E+00  0.0000E+00
 4.0223E+02  0.0000E+00  0.0000E+00  0.0000E+00  0.0000E+00  0.0000E+00
 4.0531E+02  0.0000E+00  0.0000E+00  0.0000E+00  0.0000E+00  0.0000E+00
 4.0841E+02  0.0000E+00  0.0000E+00  0.0000E+00  0.0000E+00  0.0000E+00
 4.1154E+02  0.0000E+00  0.0000E+00  0.0000E+00  0.0000E+00  0.0000E+00
 4.1469E+02  0.0000E+00  0.0000E+00  0.0000E+00  0.0000E+00  0.0000E+00
 4.1787E+02  0.0000E+00  0.0000E+00  0.0000E+00  0.0000E+00  0.0000E+00
 4.2107E+02  0.0000E+00  0.0000E+00  0.0000E+00  0.0000E+00  0.0000E+00
 4.2429E+02  0.0000E+00  0.0000E+00  0.0000E+00  0.0000E+00  0.0000E+00
 4.2754E+02  0.0000E+00  0.0000E+00  0.0000E+00  0.0000E+00  0.0000E+00
 4.3082E+02  0.0000E+00  0.0000E+00  0.0000E+00  0.0000E+00  0.0000E+00
 4.3412E+02  0.0000E+00  0.0000E+00  0.0000E+00  0.0000E+00  0.0000E+00
 4.3744E+02  0.0000E+00  0.0000E+00  0.0000E+00  0.0000E+00  0.0000E+00
 4.4079E+02  0.0000E+00  0.0000E+00  0.0000E+00  0.0000E+00  0.0000E+00
 4.4417E+02  0.0000E+00  0.0000E+00  0.0000E+00  0.0000E+00  0.0000E+00
 4.4757E+02  0.0000E+00  0.0000E+00  0.0000E+00  0.0000E+00  0.0000E+00
 4.5100E+02  0.0000E+00  0.0000E+00  0.0000E+00  0.0000E+00  0.0000E+00
 4.5445E+02  0.0000E+00  0.0000E+00  0.0000E+00  0.0000E+00  0.0000E+00
 4.5793E+02  0.0000E+00  0.0000E+00  0.0000E+00  0.0000E+00  0.0000E+00
 4.6144E+02  0.0000E+00  0.0000E+00  0.0000E+00  0.0000E+00  0.0000E+00
 4.6497E+02  0.0000E+00  0.0000E+00  0.0000E+00  0.0000E+00  0.0000E+00
 4.6853E+02  0.0000E+00  0.0000E+00  0.0000E+00  0.0000E+00  0.0000E+00
 4.7212E+02  0.0000E+00  0.0000E+00  0.0000E+00  0.0000E+00  0.0000E+00
 4.7574E+02  0.0000E+00  0.0000E+00  0.0000E+00  0.0000E+00  0.0000E+00
 4.7938E+02  0.0000E+00  0.0000E+00  0.0000E+00  0.0000E+00  0.0000E+00
 4.8305E+02  0.0000E+00  0.0000E+00  0.0000E+00  0.0000E+00  0.0000E+00
 4.8675E+02  0.0000E+00  0.0000E+00  0.0000E+00  0.0000E+00  0.0000E+00
 4.9048E+02  0.0000E+00  0.0000E+00  0.0000E+00  0.0000E+00  0.0000E+00
 4.9424E+02  0.0000E+00  0.0000E+00  0.0000E+00  0.0000E+00  0.0000E+00
 4.9802E+02  0.0000E+00  0.0000E+00  0.0000E+00  0.0000E+00  0.0000E+00
 5.0183E+02  0.0000E+00  0.0000E+00  0.0000E+00  0.0000E+00  0.0000E+00
 5.0568E+02  0.0000E+00  0.0000E+00  0.0000E+00  0.0000E+00  0.0000E+00
 5.0955E+02  0.0000E+00  0.0000E+00  0.0000E+00  0.0000E+00  0.0000E+00
 5.1345E+02  0.0000E+00  0.0000E+00  0.0000E+00  0.0000E+00  0.0000E+00
 5.1738E+02  0.0000E+00  0.0000E+00  0.0000E+00  0.0000E+00  0.0000E+00
 5.2135E+02  0.0000E+00  0.0000E+00  0.0000E+00  0.0000E+00  0.0000E+00
 5.2534E+02  0.0000E+00  0.0000E+00  0.0000E+00  0.0000E+00  0.0000E+00
 5.2936E+02  0.0000E+00  0.0000E+00  0.0000E+00  0.0000E+00  0.0000E+00
 5.3342E+02  0.0000E+00  0.0000E+00  0.0000E+00  0.0000E+00  0.0000E+00
 5.3750E+02  0.0000E+00  0.0000E+00  0.0000E+00  0.0000E+00  0.0000E+00
 5.4162E+02  0.0000E+00  0.0000E+00  0.0000E+00  0.0000E+00  0.0000E+00
 5.4577E+02  0.0000E+00  0.0000E+00  0.0000E+00  0.0000E+00  0.0000E+00
 5.4995E+02  0.0000E+00  0.0000E+00  0.0000E+00  0.0000E+00  0.0000E+00
 5.5416E+02  0.0000E+00  0.0000E+00  0.0000E+00  0.0000E+00  0.0000E+00
 5.5840E+02  0.0000E+00  0.0000E+00  0.0000E+00  0.0000E+00  0.0000E+00
 5.6268E+02  0.0000E+00  0.0000E+00  0.0000E+00  0.0000E+00  0.0000E+00
 5.6699E+02  0.0000E+00  0.0000E+00  0.0000E+00  0.0000E+00  0.0000E+00
 5.7133E+02  0.0000E+00  0.0000E+00  0.0000E+00  0.0000E+00  0.0000E+00
 5.7571E+02  0.0000E+00  0.0000E+00  0.0000E+00  0.0000E+00  0.0000E+00
 5.8011E+02  0.0000E+00  0.0000E+00  0.0000E+00  0.0000E+00  0.0000E+00
 5.8456E+02  0.0000E+00  0.0000E+00  0.0000E+00  0.0000E+00  0.0000E+00
 5.8903E+02  0.0000E+00  0.0000E+00  0.0000E+00  0.0000E+00  0.0000E+00
 5.9354E+02  0.0000E+00  0.0000E+00  0.0000E+00  0.0000E+00  0.0000E+00
 5.9809E+02  0.0000E+00  0.0000E+00  0.0000E+00  0.0000E+00  0.0000E+00
 6.0267E+02  0.0000E+00  0.0000E+00  0.0000E+00  0.0000E+00  0.0000E+00
 6.0729E+02  0.0000E+00  0.0000E+00  0.0000E+00  0.0000E+00  0.0000E+00
 6.1194E+02  0.0000E+00  0.0000E+00  0.0000E+00  0.0000E+00  0.0000E+00
 6.1662E+02  0.0000E+00  0.0000E+00  0.0000E+00  0.0000E+00  0.0000E+00
 6.2135E+02  0.0000E+00  0.0000E+00  0.0000E+00  0.0000E+00  0.0000E+00
 6.2610E+02  0.0000E+00  0.0000E+00  0.0000E+00  0.0000E+00  0.0000E+00
 6.3090E+02  0.0000E+00  0.0000E+00  0.0000E+00  0.0000E+00  0.0000E+00
 6.3573E+02  0.0000E+00  0.0000E+00  0.0000E+00  0.0000E+00  0.0000E+00
 6.4060E+02  0.0000E+00  0.0000E+00  0.0000E+00  0.0000E+00  0.0000E+00
 6.4551E+02  0.0000E+00  0.0000E+00  0.0000E+00  0.0000E+00  0.0000E+00
 6.5045E+02  0.0000E+00  0.0000E+00  0.0000E+00  0.0000E+00  0.0000E+00
 6.5543E+02  0.0000E+00  0.0000E+00  0.0000E+00  0.0000E+00  0.0000E+00
 6.6045E+02  0.0000E+00  0.0000E+00  0.0000E+00  0.0000E+00  0.0000E+00
 6.6551E+02  0.0000E+00  0.0000E+00  0.0000E+00  0.0000E+00  0.0000E+00
 6.7060E+02  0.0000E+00  0.0000E+00  0.0000E+00  0.0000E+00  0.0000E+00
 6.7574E+02  0.0000E+00  0.0000E+00  0.0000E+00  0.0000E+00  0.0000E+00
 6.8092E+02  0.0000E+00  0.0000E+00  0.0000E+00  0.0000E+00  0.0000E+00
 6.8613E+02  0.0000E+00  0.0000E+00  0.0000E+00  0.0000E+00  0.0000E+00
 6.9138E+02  0.0000E+00  0.0000E+00  0.0000E+00  0.0000E+00  0.0000E+00
 6.9668E+02  0.0000E+00  0.0000E+00  0.0000E+00  0.0000E+00  0.0000E+00
 7.0201E+02  0.0000E+00  0.0000E+00  0.0000E+00  0.0000E+00  0.0000E+00
 7.0739E+02  0.0000E+00  0.0000E+00  0.0000E+00  0.0000E+00  0.0000E+00
 7.1281E+02  0.0000E+00  0.0000E+00  0.0000E+00  0.0000E+00  0.0000E+00
 7.1827E+02  0.0000E+00  0.0000E+00  0.0000E+00  0.0000E+00  0.0000E+00
 7.2377E+02  0.0000E+00  0.0000E+00  0.0000E+00  0.0000E+00  0.0000E+00
 7.2931E+02  0.0000E+00  0.0000E+00  0.0000E+00  0.0000E+00  0.0000E+00
 7.3490E+02  0.0000E+00  0.0000E+00  0.0000E+00  0.0000E+00  0.0000E+00
 7.4052E+02  0.0000E+00  0.0000E+00  0.0000E+00  0.0000E+00  0.0000E+00
 7.4620E+02  0.0000E+00  0.0000E+00  0.0000E+00  0.0000E+00  0.0000E+00
 7.5191E+02  0.0000E+00  0.0000E+00  0.0000E+00  0.0000E+00  0.0000E+00
 7.5767E+02  0.0000E+00  0.0000E+00  0.0000E+00  0.0000E+00  0.0000E+00
 7.6347E+02  0.0000E+00  0.0000E+00  0.0000E+00  0.0000E+00  0.0000E+00
 7.6932E+02  0.0000E+00  0.0000E+00  0.0000E+00  0.0000E+00  0.0000E+00
 7.7521E+02  0.0000E+00  0.0000E+00  0.0000E+00  0.0000E+00  0.0000E+00
 7.8115E+02  0.0000E+00  0.0000E+00  0.0000E+00  0.0000E+00  0.0000E+00
 7.8713E+02  0.0000E+00  0.0000E+00  0.0000E+00  0.0000E+00  0.0000E+00
 7.9316E+02  0.0000E+00  0.0000E+00  0.0000E+00  0.0000E+00  0.0000E+00
 7.9923E+02  0.0000E+00  0.0000E+00  0.0000E+00  0.0000E+00  0.0000E+00
 8.0535E+02  0.0000E+00  0.0000E+00  0.0000E+00  0.0000E+00  0.0000E+00
 8.1152E+02  0.0000E+00  0.0000E+00  0.0000E+00  0.0000E+00  0.0000E+00
 8.1774E+02  0.0000E+00  0.0000E+00  0.0000E+00  0.0000E+00  0.0000E+00
 8.2400E+02  0.0000E+00  0.0000E+00  0.0000E+00  0.0000E+00  0.0000E+00
 8.3031E+02  0.0000E+00  0.0000E+00  0.0000E+00  0.0000E+00  0.0000E+00
 8.3667E+02  0.0000E+00  0.0000E+00  0.0000E+00  0.0000E+00  0.0000E+00
 8.4307E+02  0.0000E+00  0.0000E+00  0.0000E+00  0.0000E+00  0.0000E+00
 8.4953E+02  0.0000E+00  0.0000E+00  0.0000E+00  0.0000E+00  0.0000E+00
 8.5604E+02  0.0000E+00  0.0000E+00  0.0000E+00  0.0000E+00  0.0000E+00
 8.6259E+02  0.0000E+00  0.0000E+00  0.0000E+00  0.0000E+00  0.0000E+00
 8.6920E+02  0.0000E+00  0.0000E+00  0.0000E+00  0.0000E+00  0.0000E+00
 8.7586E+02  0.0000E+00  0.0000E+00  0.0000E+00  0.0000E+00  0.0000E+00
 8.8256E+02  0.0000E+00  0.0000E+00  0.0000E+00  0.0000E+00  0.0000E+00
 8.8932E+02  0.0000E+00  0.0000E+00  0.0000E+00  0.0000E+00  0.0000E+00
 8.9613E+02  0.0000E+00  0.0000E+00  0.0000E+00  0.0000E+00  0.0000E+00
 9.0300E+02  0.0000E+00  0.0000E+00  0.0000E+00  0.0000E+00  0.0000E+00
 9.0991E+02  0.0000E+00  0.0000E+00  0.0000E+00  0.0000E+00  0.0000E+00
 9.1688E+02  0.0000E+00  0.0000E+00  0.0000E+00  0.0000E+00  0.0000E+00
 9.2390E+02  0.0000E+00  0.0000E+00  0.0000E+00  0.0000E+00  0.0000E+00
 9.3098E+02  0.0000E+00  0.0000E+00  0.0000E+00  0.0000E+00  0.0000E+00
 9.3811E+02  0.0000E+00  0.0000E+00  0.0000E+00  0.0000E+00  0.0000E+00
 9.4529E+02  0.0000E+00  0.0000E+00  0.0000E+00  0.0000E+00  0.0000E+00
 9.5253E+02  0.0000E+00  0.0000E+00  0.0000E+00  0.0000E+00  0.0000E+00
 9.5983E+02  0.0000E+00  0.0000E+00  0.0000E+00  0.0000E+00  0.0000E+00
 9.6718E+02  0.0000E+00  0.0000E+00  0.0000E+00  0.0000E+00  0.0000E+00
 9.7458E+02  0.0000E+00  0.0000E+00  0.0000E+00  0.0000E+00  0.0000E+00
 9.8205E+02  0.0000E+00  0.0000E+00  0.0000E+00  0.0000E+00  0.0000E+00
 9.8957E+02  0.0000E+00  0.0000E+00  0.0000E+00  0.0000E+00  0.0000E+00
 9.9715E+02  0.0000E+00  0.0000E+00  0.0000E+00  0.0000E+00  0.0000E+00
 1.0048E+03  0.0000E+00  0.0000E+00  0.0000E+00  0.0000E+00  0.0000E+00
 1.0125E+03  0.0000E+00  0.0000E+00  0.0000E+00  0.0000E+00  0.0000E+00
 1.0202E+03  0.0000E+00  0.0000E+00  0.0000E+00  0.0000E+00  0.0000E+00
 1.0280E+03  0.0000E+00  0.0000E+00  0.0000E+00  0.0000E+00  0.0000E+00
 1.0359E+03  0.0000E+00  0.0000E+00  0.0000E+00  0.0000E+00  0.0000E+00
 1.0439E+03  0.0000E+00  0.0000E+00  0.0000E+00  0.0000E+00  0.0000E+00
 1.0518E+03  0.0000E+00  0.0000E+00  0.0000E+00  0.0000E+00  0.0000E+00
 1.0599E+03  0.0000E+00  0.0000E+00  0.0000E+00  0.0000E+00  0.0000E+00
 1.0680E+03  0.0000E+00  0.0000E+00  0.0000E+00  0.0000E+00  0.0000E+00
 1.0762E+03  0.0000E+00  0.0000E+00  0.0000E+00  0.0000E+00  0.0000E+00
 1.0844E+03  0.0000E+00  0.0000E+00  0.0000E+00  0.0000E+00  0.0000E+00
 1.0927E+03  0.0000E+00  0.0000E+00  0.0000E+00  0.0000E+00  0.0000E+00
 1.1011E+03  0.0000E+00  0.0000E+00  0.0000E+00  0.0000E+00  0.0000E+00
 1.1095E+03  0.0000E+00  0.0000E+00  0.0000E+00  0.0000E+00  0.0000E+00
 1.1180E+03  0.0000E+00  0.0000E+00  0.0000E+00  0.0000E+00  0.0000E+00
 1.1266E+03  0.0000E+00  0.0000E+00  0.0000E+00  0.0000E+00  0.0000E+00
 1.1352E+03  0.0000E+00  0.0000E+00  0.0000E+00  0.0000E+00  0.0000E+00
 1.1439E+03  0.0000E+00  0.0000E+00  0.0000E+00  0.0000E+00  0.0000E+00
 1.1527E+03  0.0000E+00  0.0000E+00  0.0000E+00  0.0000E+00  0.0000E+00
 1.1615E+03  0.0000E+00  0.0000E+00  0.0000E+00  0.0000E+00  0.0000E+00
 1.1704E+03  0.0000E+00  0.0000E+00  0.0000E+00  0.0000E+00  0.0000E+00
 1.1794E+03  0.0000E+00  0.0000E+00  0.0000E+00  0.0000E+00  0.0000E+00
 1.1884E+03  0.0000E+00  0.0000E+00  0.0000E+00  0.0000E+00  0.0000E+00
 1.1975E+03  0.0000E+00  0.0000E+00  0.0000E+00  0.0000E+00  0.0000E+00
 1.2067E+03  0.0000E+00  0.0000E+00  0.0000E+00  0.0000E+00  0.0000E+00
 1.2159E+03  0.0000E+00  0.0000E+00  0.0000E+00  0.0000E+00  0.0000E+00
 1.2252E+03  0.0000E+00  0.0000E+00  0.0000E+00  0.0000E+00  0.0000E+00
 1.2346E+03  0.0000E+00  0.0000E+00  0.0000E+00  0.0000E+00  0.0000E+00
 1.2441E+03  0.0000E+00  0.0000E+00  0.0000E+00  0.0000E+00  0.0000E+00
 1.2536E+03  0.0000E+00  0.0000E+00  0.0000E+00  0.0000E+00  0.0000E+00
 1.2632E+03  0.0000E+00  0.0000E+00  0.0000E+00  0.0000E+00  0.0000E+00
 1.2729E+03  0.0000E+00  0.0000E+00  0.0000E+00  0.0000E+00  0.0000E+00
 1.2826E+03  0.0000E+00  0.0000E+00  0.0000E+00  0.0000E+00  0.0000E+00
 1.2924E+03  0.0000E+00  0.0000E+00  0.0000E+00  0.0000E+00  0.0000E+00
 1.3023E+03  0.0000E+00  0.0000E+00  0.0000E+00  0.0000E+00  0.0000E+00
 1.3123E+03  0.0000E+00  0.0000E+00  0.0000E+00  0.0000E+00  0.0000E+00
 1.3224E+03  0.0000E+00  0.0000E+00  0.0000E+00  0.0000E+00  0.0000E+00
 1.3325E+03  0.0000E+00  0.0000E+00  0.0000E+00  0.0000E+00  0.0000E+00
 1.3427E+03  0.0000E+00  0.0000E+00  0.0000E+00  0.0000E+00  0.0000E+00
 1.3530E+03  0.0000E+00  0.0000E+00  0.0000E+00  0.0000E+00  0.0000E+00
 1.3633E+03  0.0000E+00  0.0000E+00  0.0000E+00  0.0000E+00  0.0000E+00
 1.3738E+03  0.0000E+00  0.0000E+00  0.0000E+00  0.0000E+00  0.0000E+00
 1.3843E+03  0.0000E+00  0.0000E+00  0.0000E+00  0.0000E+00  0.0000E+00
 1.3949E+03  0.0000E+00  0.0000E+00  0.0000E+00  0.0000E+00  0.0000E+00
 1.4056E+03  0.0000E+00  0.0000E+00  0.0000E+00  0.0000E+00  0.0000E+00
 1.4164E+03  0.0000E+00  0.0000E+00  0.0000E+00  0.0000E+00  0.0000E+00
 1.4272E+03  0.0000E+00  0.0000E+00  0.0000E+00  0.0000E+00  0.0000E+00
 1.4381E+03  0.0000E+00  0.0000E+00  0.0000E+00  0.0000E+00  0.0000E+00
 1.4491E+03  0.0000E+00  0.0000E+00  0.0000E+00  0.0000E+00  0.0000E+00
 1.4602E+03  0.0000E+00  0.0000E+00  0.0000E+00  0.0000E+00  0.0000E+00
 1.4714E+03  0.0000E+00  0.0000E+00  0.0000E+00  0.0000E+00  0.0000E+00
 1.4827E+03  0.0000E+00  0.0000E+00  0.0000E+00  0.0000E+00  0.0000E+00
 1.4940E+03  0.0000E+00  0.0000E+00  0.0000E+00  0.0000E+00  0.0000E+00
 1.5055E+03  0.0000E+00  0.0000E+00  0.0000E+00  0.0000E+00  0.0000E+00
 1.5170E+03  0.0000E+00  0.0000E+00  0.0000E+00  0.0000E+00  0.0000E+00
 1.5286E+03  0.0000E+00  0.0000E+00  0.0000E+00  0.0000E+00  0.0000E+00
 1.5403E+03  0.0000E+00  0.0000E+00  0.0000E+00  0.0000E+00  0.0000E+00
 1.5521E+03  0.0000E+00  0.0000E+00  0.0000E+00  0.0000E+00  0.0000E+00
 1.5640E+03  0.0000E+00  0.0000E+00  0.0000E+00  0.0000E+00  0.0000E+00
 1.5760E+03  0.0000E+00  0.0000E+00  0.0000E+00  0.0000E+00  0.0000E+00
 1.5881E+03  0.0000E+00  0.0000E+00  0.0000E+00  0.0000E+00  0.0000E+00
 1.6002E+03  0.0000E+00  0.0000E+00  0.0000E+00  0.0000E+00  0.0000E+00
 1.6125E+03  0.0000E+00  0.0000E+00  0.0000E+00  0.0000E+00  0.0000E+00
 1.6248E+03  0.0000E+00  0.0000E+00  0.0000E+00  0.0000E+00  0.0000E+00
 1.6373E+03  0.0000E+00  0.0000E+00  0.0000E+00  0.0000E+00  0.0000E+00
 1.6498E+03  4.4279E-03  1.6036E-01  9.9950E-03  7.2513E-01  1.0000E+00
 1.6625E+03  4.4390E-03  1.5954E-01  9.9955E-03  7.1965E-01  1.0000E+00
 1.6752E+03  4.4501E-03  1.5872E-01  9.9960E-03  7.1422E-01  1.0000E+00
 1.6880E+03  4.4612E-03  1.5791E-01  9.9965E-03  7.0883E-01  1.0000E+00
 1.7009E+03  4.4724E-03  1.5710E-01  9.9970E-03  7.0348E-01  1.0000E+00
 1.7140E+03  4.4837E-03  1.5629E-01  9.9975E-03  6.9817E-01  1.0000E+00
 1.7271E+03  4.4950E-03  1.5550E-01  9.9980E-03  6.9289E-01  1.0000E+00
 1.7403E+03  4.5063E-03  1.5470E-01  9.9985E-03  6.8766E-01  1.0000E+00
 1.7537E+03  4.5177E-03  1.5391E-01  9.9990E-03  6.8247E-01  1.0000E+00
 1.7671E+03  4.5291E-03  1.5313E-01  9.9996E-03  6.7732E-01  1.0000E+00
 1.7806E+03  4.5406E-03  1.5235E-01  1.0000E-02  6.7221E-01  1.0000E+00
 1.7943E+03  4.5522E-03  1.5157E-01  1.0001E-02  6.6714E-01  1.0000E+00
 1.8080E+03  4.5638E-03  1.5080E-01  1.0001E-02  6.6210E-01  1.0000E+00
 1.8218E+03  4.5754E-03  1.5003E-01  1.0002E-02  6.5710E-01  1.0000E+00
 1.8358E+03  4.5871E-03  1.4927E-01  1.0002E-02  6.5215E-01  1.0000E+00
 1.8499E+03  4.5988E-03  1.4851E-01  1.0003E-02  6.4723E-01  1.0000E+00
 1.8640E+03  4.6106E-03  1.4776E-01  1.0003E-02  6.4234E-01  1.0000E+00
 1.8783E+03  4.6224E-03  1.4701E-01  1.0004E-02  6.3750E-01  1.0000E+00
 1.8927E+03  4.6343E-03  1.4627E-01  1.0004E-02  6.3269E-01  1.0000E+00
 1.9072E+03  4.6462E-03  1.4553E-01  1.0005E-02  6.2791E-01  1.0000E+00
 1.9218E+03  4.6582E-03  1.4479E-01  1.0006E-02  6.2318E-01  1.0000E+00
 1.9365E+03  4.6702E-03  1.4406E-01  1.0006E-02  6.1848E-01  1.0000E+00
 1.9513E+03  4.6822E-03  1.4333E-01  1.0007E-02  6.1381E-01  1.0000E+00
 1.9663E+03  4.6944E-03  1.4261E-01  1.0007E-02  6.0918E-01  1.0000E+00
 1.9813E+03  4.7065E-03  1.4189E-01  1.0008E-02  6.0459E-01  1.0000E+00
 1.9965E+03  4.7187E-03  1.4117E-01  1.0009E-02  6.0003E-01  1.0000E+00
 2.0118E+03  4.7310E-03  1.4046E-01  1.0009E-02  5.9550E-01  1.0000E+00
 2.0272E+03  4.7433E-03  1.3976E-01  1.0010E-02  5.9101E-01  1.0000E+00
 2.0427E+03  4.7557E-03  1.3905E-01  1.0010E-02  5.8656E-01  1.0000E+00
 2.0584E+03  4.7681E-03  1.3835E-01  1.0011E-02  5.8213E-01  1.0000E+00
 2.0741E+03  4.7806E-03  1.3766E-01  1.0012E-02  5.7774E-01  1.0000E+00
 2.0900E+03  4.7931E-03  1.3697E-01  1.0012E-02  5.7339E-01  1.0000E+00
 2.1060E+03  4.8056E-03  1.3628E-01  1.0013E-02  5.6907E-01  1.0000E+00
 2.1222E+03  4.8182E-03  1.3560E-01  1.0013E-02  5.6478E-01  1.0000E+00
 2.1384E+03  4.8309E-03  1.3492E-01  1.0014E-02  5.6052E-01  1.0000E+00
 2.1548E+03  4.8436E-03  1.3424E-01  1.0015E-02  5.5630E-01  1.0000E+00
 2.1713E+03  4.8564E-03  1.3357E-01  1.0015E-02  5.5210E-01  1.0000E+00
 2.1879E+03  4.8692E-03  1.3290E-01  1.0016E-02  5.4794E-01  1.0000E+00
 2.2047E+03  4.8821E-03  1.3224E-01  1.0017E-02  5.4381E-01  1.0000E+00
 2.2216E+03  4.8950E-03  1.3158E-01  1.0017E-02  5.3972E-01  1.0000E+00
 2.2386E+03  4.9079E-03  1.3092E-01  1.0018E-02  5.3565E-01  1.0000E+00
 2.2557E+03  4.9210E-03  1.3027E-01  1.0019E-02  5.3161E-01  1.0000E+00
 2.2730E+03  4.9340E-03  1.2962E-01  1.0019E-02  5.2761E-01  1.0000E+00
 2.2904E+03  4.9472E-03  1.2898E-01  1.0020E-02  5.2363E-01  1.0000E+00
 2.3079E+03  4.9603E-03  1.2834E-01  1.0021E-02  5.1969E-01  1.0000E+00
 2.3256E+03  4.9736E-03  1.2770E-01  1.0021E-02  5.1578E-01  1.0000E+00
 2.3434E+03  4.9868E-03  1.2706E-01  1.0022E-02  5.1189E-01  1.0000E+00
 2.3614E+03  5.0002E-03  1.2643E-01  1.0023E-02  5.0804E-01  1.0000E+00
 2.3794E+03  5.0135E-03  1.2581E-01  1.0023E-02  5.0421E-01  1.0000E+00
 2.3977E+03  5.0270E-03  1.2518E-01  1.0024E-02  5.0041E-01  1.0000E+00
 2.4160E+03  5.0405E-03  1.2456E-01  1.0025E-02  4.9665E-01  1.0000E+00
 2.4345E+03  5.0540E-03  1.2394E-01  1.0026E-02  4.9291E-01  1.0000E+00
 2.4532E+03  5.0676E-03  1.2333E-01  1.0026E-02  4.8920E-01  1.0000E+00
 2.4720E+03  5.0812E-03  1.2272E-01  1.0027E-02  4.8552E-01  1.0000E+00
 2.4909E+03  5.0949E-03  1.2211E-01  1.0028E-02  4.8186E-01  1.0000E+00
 2.5100E+03  5.1087E-03  1.2151E-01  1.0029E-02  4.7823E-01  1.0000E+00
 2.5292E+03  5.1225E-03  1.2091E-01  1.0029E-02  4.7463E-01  1.0000E+00
 2.5486E+03  5.1363E-03  1.2031E-01  1.0030E-02  4.7106E-01  1.0000E+00
 2.5681E+03  5.1503E-03  1.1972E-01  1.0031E-02  4.6752E-01  1.0000E+00
 2.5878E+03  5.1642E-03  1.1913E-01  1.0032E-02  4.6400E-01  1.0000E+00
 2.6076E+03  5.1782E-03  1.1854E-01  1.0032E-02  4.6051E-01  1.0000E+00
 2.6275E+03  5.1923E-03  1.1796E-01  1.0033E-02  4.5705E-01  1.0000E+00
 2.6477E+03  5.2064E-03  1.1738E-01  1.0034E-02  4.5361E-01  1.0000E+00
 2.6679E+03  5.2206E-03  1.1680E-01  1.0035E-02  4.5020E-01  1.0000E+00
 2.6884E+03  5.2349E-03  1.1623E-01  1.0036E-02  4.4681E-01  1.0000E+00
 2.7090E+03  5.2491E-03  1.1566E-01  1.0036E-02  4.4345E-01  1.0000E+00
 2.7297E+03  5.2635E-03  1.1509E-01  1.0037E-02  4.4011E-01  1.0000E+00
 2.7506E+03  5.2779E-03  1.1453E-01  1.0038E-02  4.3681E-01  1.0000E+00
 2.7717E+03  5.2923E-03  1.1397E-01  1.0039E-02  4.3352E-01  1.0000E+00
 2.7929E+03  5.3069E-03  1.1341E-01  1.0040E-02  4.3026E-01  1.0000E+00
 2.8143E+03  5.3214E-03  1.1285E-01  1.0040E-02  4.2703E-01  1.0000E+00
 2.8358E+03  5.3360E-03  1.1230E-01  1.0041E-02  4.2382E-01  1.0000E+00
 2.8576E+03  5.3507E-03  1.1175E-01  1.0042E-02  4.2063E-01  1.0000E+00
 2.8794E+03  5.3655E-03  1.1120E-01  1.0043E-02  4.1747E-01  1.0000E+00
 2.9015E+03  5.3802E-03  1.1066E-01  1.0044E-02  4.1433E-01  1.0000E+00
 2.9237E+03  5.3951E-03  1.1012E-01  1.0045E-02  4.1122E-01  1.0000E+00
 2.9461E+03  5.4100E-03  1.0958E-01  1.0046E-02  4.0813E-01  1.0000E+00
 2.9687E+03  5.4249E-03  1.0905E-01  1.0046E-02  4.0506E-01  1.0000E+00
 2.9914E+03  5.4400E-03  1.0852E-01  1.0047E-02  4.0202E-01  1.0000E+00
 3.0143E+03  5.4550E-03  1.0799E-01  1.0048E-02  3.9900E-01  1.0000E+00
 3.0374E+03  5.4702E-03  1.0746E-01  1.0049E-02  3.9600E-01  1.0000E+00
 3.0607E+03  5.4853E-03  1.0694E-01  1.0050E-02  3.9303E-01  1.0000E+00
 3.0841E+03  5.5006E-03  1.0642E-01  1.0051E-02  3.9008E-01  1.0000E+00
 3.1077E+03  5.5159E-03  1.0590E-01  1.0052E-02  3.8715E-01  1.0000E+00
 3.1315E+03  5.5312E-03  1.0539E-01  1.0053E-02  3.8424E-01  1.0000E+00
 3.1555E+03  5.5467E-03  1.0487E-01  1.0054E-02  3.8136E-01  1.0000E+00
 3.1797E+03  5.5621E-03  1.0436E-01  1.0055E-02  3.7849E-01  1.0000E+00
 3.2040E+03  5.5777E-03  1.0386E-01  1.0056E-02  3.7565E-01  1.0000E+00
 3.2286E+03  5.5932E-03  1.0335E-01  1.0057E-02  3.7283E-01  1.0000E+00
 3.2533E+03  5.6089E-03  1.0285E-01  1.0058E-02  3.7004E-01  1.0000E+00
 3.2782E+03  5.6246E-03  1.0235E-01  1.0059E-02  3.6726E-01  1.0000E+00
 3.3033E+03  5.6404E-03  1.0186E-01  1.0060E-02  3.6450E-01  1.0000E+00
 3.3286E+03  5.6562E-03  1.0137E-01  1.0061E-02  3.6177E-01  1.0000E+00
 3.3541E+03  5.6721E-03  1.0088E-01  1.0062E-02  3.5906E-01  1.0000E+00
 3.3798E+03  5.6880E-03  1.0039E-01  1.0063E-02  3.5636E-01  1.0000E+00
 3.4057E+03  5.7040E-03  9.9902E-02  1.0064E-02  3.5369E-01  1.0000E+00
 3.4317E+03  5.7201E-03  9.9420E-02  1.0065E-02  3.5104E-01  1.0000E+00
 3.4580E+03  5.7362E-03  9.8939E-02  1.0066E-02  3.4840E-01  1.0000E+00
 3.4845E+03  5.7524E-03  9.8462E-02  1.0067E-02  3.4579E-01  1.0000E+00
 3.5112E+03  5.7686E-03  9.7987E-02  1.0068E-02  3.4320E-01  1.0000E+00
 3.5381E+03  5.7849E-03  9.7514E-02  1.0069E-02  3.4063E-01  1.0000E+00
 3.5652E+03  5.8012E-03  9.7044E-02  1.0070E-02  3.3807E-01  1.0000E+00
 3.5925E+03  5.8177E-03  9.6577E-02  1.0071E-02  3.3554E-01  1.0000E+00
 3.6200E+03  5.8341E-03  9.6112E-02  1.0072E-02  3.3303E-01  1.0000E+00
 3.6477E+03  5.8507E-03  9.5649E-02  1.0073E-02  3.3053E-01  1.0000E+00
 3.6757E+03  5.8673E-03  9.5189E-02  1.0074E-02  3.2805E-01  1.0000E+00
 3.7038E+03  5.8839E-03  9.4731E-02  1.0075E-02  3.2560E-01  1.0000E+00
 3.7322E+03  5.9007E-03  9.4276E-02  1.0076E-02  3.2316E-01  1.0000E+00
 3.7608E+03  5.9175E-03  9.3823E-02  1.0077E-02  3.2074E-01  1.0000E+00
 3.7896E+03  5.9343E-03  9.3372E-02  1.0079E-02  3.1833E-01  1.0000E+00
 3.8186E+03  5.9512E-03  9.2924E-02  1.0080E-02  3.1595E-01  1.0000E+00
 3.8478E+03  5.9682E-03  9.2478E-02  1.0081E-02  3.1358E-01  1.0000E+00
 3.8773E+03  5.9852E-03  9.2034E-02  1.0082E-02  3.1124E-01  1.0000E+00
 3.9070E+03  6.0023E-03  9.1593E-02  1.0083E-02  3.0891E-01  1.0000E+00
 3.9369E+03  6.0195E-03  9.1154E-02  1.0084E-02  3.0660E-01  1.0000E+00
 3.9671E+03  6.0366E-03  9.0717E-02  1.0086E-02  3.0430E-01  1.0000E+00
 3.9974E+03  6.0539E-03  9.0281E-02  1.0087E-02  3.0202E-01  1.0000E+00
 4.0281E+03  6.0711E-03  8.9848E-02  1.0088E-02  2.9976E-01  1.0000E+00
 4.0589E+03  6.0884E-03  8.9416E-02  1.0089E-02  2.9752E-01  1.0000E+00
 4.0900E+03  6.1057E-03  8.8987E-02  1.0090E-02  2.9530E-01  1.0000E+00
 4.1213E+03  6.1231E-03  8.8559E-02  1.0092E-02  2.9309E-01  1.0000E+00
 4.1529E+03  6.1405E-03  8.8133E-02  1.0093E-02  2.9090E-01  1.0000E+00
 4.1847E+03  6.1579E-03  8.7709E-02  1.0094E-02  2.8872E-01  1.0000E+00
 4.2167E+03  6.1754E-03  8.7286E-02  1.0095E-02  2.8656E-01  1.0000E+00
 4.2490E+03  6.1929E-03  8.6865E-02  1.0097E-02  2.8442E-01  1.0000E+00
 4.2816E+03  6.2104E-03  8.6446E-02  1.0098E-02  2.8229E-01  1.0000E+00
 4.3143E+03  6.2280E-03  8.6029E-02  1.0099E-02  2.8018E-01  1.0000E+00
 4.3474E+03  6.2456E-03  8.5614E-02  1.0100E-02  2.7809E-01  1.0000E+00
 4.3807E+03  6.2632E-03  8.5200E-02  1.0102E-02  2.7601E-01  1.0000E+00
 4.4142E+03  6.2808E-03  8.4788E-02  1.0103E-02  2.7395E-01  1.0000E+00
 4.4480E+03  6.2985E-03  8.4377E-02  1.0104E-02  2.7190E-01  1.0000E+00
 4.4821E+03  6.3162E-03  8.3968E-02  1.0106E-02  2.6987E-01  1.0000E+00
 4.5164E+03  6.3339E-03  8.3561E-02  1.0107E-02  2.6786E-01  1.0000E+00
 4.5510E+03  6.3516E-03  8.3155E-02  1.0108E-02  2.6586E-01  1.0000E+00
 4.5859E+03  6.3694E-03  8.2751E-02  1.0110E-02  2.6387E-01  1.0000E+00
 4.6210E+03  6.3872E-03  8.2349E-02  1.0111E-02  2.6190E-01  1.0000E+00
 4.6564E+03  6.4050E-03  8.1948E-02  1.0113E-02  2.5995E-01  1.0000E+00
 4.6920E+03  6.4228E-03  8.1548E-02  1.0114E-02  2.5801E-01  1.0000E+00
 4.7280E+03  6.4406E-03  8.1150E-02  1.0115E-02  2.5608E-01  1.0000E+00
 4.7642E+03  6.4585E-03  8.0754E-02  1.0117E-02  2.5417E-01  1.0000E+00
 4.8007E+03  6.4763E-03  8.0359E-02  1.0118E-02  2.5228E-01  1.0000E+00
 4.8374E+03  6.4942E-03  7.9966E-02  1.0120E-02  2.5039E-01  1.0000E+00
 4.8745E+03  6.5121E-03  7.9574E-02  1.0121E-02  2.4853E-01  1.0000E+00
 4.9118E+03  6.5301E-03  7.9184E-02  1.0123E-02  2.4667E-01  1.0000E+00
 4.9494E+03  6.5480E-03  7.8795E-02  1.0124E-02  2.4483E-01  1.0000E+00
 4.9873E+03  6.5659E-03  7.8407E-02  1.0126E-02  2.4301E-01  1.0000E+00
 5.0255E+03  6.5839E-03  7.8021E-02  1.0127E-02  2.4120E-01  1.0000E+00
 5.0640E+03  6.6018E-03  7.7636E-02  1.0129E-02  2.3940E-01  1.0000E+00
 5.1028E+03  6.6198E-03  7.7253E-02  1.0130E-02  2.3762E-01  1.0000E+00
 5.1419E+03  6.6378E-03  7.6871E-02  1.0132E-02  2.3585E-01  1.0000E+00
 5.1812E+03  6.6557E-03  7.6491E-02  1.0133E-02  2.3409E-01  1.0000E+00
 5.2209E+03  6.6737E-03  7.6112E-02  1.0135E-02  2.3235E-01  1.0000E+00
 5.2609E+03  6.6917E-03  7.5734E-02  1.0136E-02  2.3062E-01  1.0000E+00
 5.3012E+03  6.7097E-03  7.5357E-02  1.0138E-02  2.2890E-01  1.0000E+00
 5.3418E+03  6.7277E-03  7.4982E-02  1.0139E-02  2.2720E-01  1.0000E+00
 5.3827E+03  6.7457E-03  7.4608E-02  1.0141E-02  2.2550E-01  1.0000E+00
 5.4239E+03  6.7637E-03  7.4235E-02  1.0143E-02  2.2383E-01  1.0000E+00
 5.4655E+03  6.7816E-03  7.3864E-02  1.0144E-02  2.2216E-01  1.0000E+00
 5.5073E+03  6.7996E-03  7.3494E-02  1.0146E-02  2.2051E-01  1.0000E+00
 5.5495E+03  6.8176E-03  7.3125E-02  1.0148E-02  2.1887E-01  1.0000E+00
 5.5920E+03  6.8356E-03  7.2758E-02  1.0149E-02  2.1724E-01  1.0000E+00
 5.6348E+03  6.8535E-03  7.2391E-02  1.0151E-02  2.1563E-01  1.0000E+00
 5.6780E+03  6.8715E-03  7.2026E-02  1.0153E-02  2.1402E-01  1.0000E+00
 5.7215E+03  6.8894E-03  7.1663E-02  1.0154E-02  2.1243E-01  1.0000E+00
 5.7653E+03  6.9073E-03  7.1300E-02  1.0156E-02  2.1085E-01  1.0000E+00
 5.8094E+03  6.9252E-03  7.0939E-02  1.0158E-02  2.0929E-01  1.0000E+00
 5.8539E+03  6.9431E-03  7.0578E-02  1.0160E-02  2.0773E-01  1.0000E+00
 5.8988E+03  6.9610E-03  7.0219E-02  1.0161E-02  2.0619E-01  1.0000E+00
 5.9439E+03  6.9789E-03  6.9861E-02  1.0163E-02  2.0466E-01  1.0000E+00
 5.9895E+03  6.9967E-03  6.9505E-02  1.0165E-02  2.0314E-01  1.0000E+00
 6.0353E+03  7.0146E-03  6.9149E-02  1.0167E-02  2.0163E-01  1.0000E+00
 6.0815E+03  7.0324E-03  6.8794E-02  1.0169E-02  2.0013E-01  1.0000E+00
 6.1281E+03  7.0501E-03  6.8441E-02  1.0170E-02  1.9865E-01  1.0000E+00
 6.1751E+03  7.0679E-03  6.8089E-02  1.0172E-02  1.9717E-01  1.0000E+00
 6.2223E+03  7.0856E-03  6.7738E-02  1.0174E-02  1.9571E-01  1.0000E+00
 6.2700E+03  7.1033E-03  6.7388E-02  1.0176E-02  1.9426E-01  1.0000E+00
 6.3180E+03  7.1210E-03  6.7039E-02  1.0178E-02  1.9282E-01  1.0000E+00
 6.3664E+03  7.1386E-03  6.6691E-02  1.0180E-02  1.9139E-01  1.0000E+00
 6.4152E+03  7.1563E-03  6.6344E-02  1.0182E-02  1.8997E-01  1.0000E+00
 6.4643E+03  7.1738E-03  6.5999E-02  1.0184E-02  1.8856E-01  1.0000E+00
 6.5138E+03  7.1914E-03  6.5654E-02  1.0186E-02  1.8716E-01  1.0000E+00
 6.5637E+03  7.2089E-03  6.5311E-02  1.0188E-02  1.8578E-01  1.0000E+00
 6.6139E+03  7.2264E-03  6.4968E-02  1.0189E-02  1.8440E-01  1.0000E+00
 6.6646E+03  7.2438E-03  6.4627E-02  1.0191E-02  1.8304E-01  1.0000E+00
 6.7156E+03  7.2612E-03  6.4286E-02  1.0194E-02  1.8168E-01  1.0000E+00
 6.7671E+03  7.2785E-03  6.3947E-02  1.0196E-02  1.8034E-01  1.0000E+00
 6.8189E+03  7.2958E-03  6.3608E-02  1.0198E-02  1.7900E-01  1.0000E+00
 6.8711E+03  7.3131E-03  6.3271E-02  1.0200E-02  1.7768E-01  1.0000E+00
 6.9237E+03  7.3303E-03  6.2935E-02  1.0202E-02  1.7636E-01  1.0000E+00
 6.9768E+03  7.3474E-03  6.2599E-02  1.0204E-02  1.7506E-01  1.0000E+00
 7.0302E+03  7.3645E-03  6.2265E-02  1.0206E-02  1.7376E-01  1.0000E+00
 7.0840E+03  7.3816E-03  6.1932E-02  1.0208E-02  1.7248E-01  1.0000E+00
 7.1383E+03  7.3986E-03  6.1599E-02  1.0210E-02  1.7120E-01  1.0000E+00
 7.1929E+03  7.4155E-03  6.1268E-02  1.0212E-02  1.6994E-01  1.0000E+00
 7.2480E+03  7.4324E-03  6.0937E-02  1.0214E-02  1.6868E-01  1.0000E+00
 7.3035E+03  7.4493E-03  6.0608E-02  1.0217E-02  1.6744E-01  1.0000E+00
 7.3595E+03  7.4661E-03  6.0280E-02  1.0219E-02  1.6620E-01  1.0000E+00
 7.4158E+03  7.4830E-03  5.9954E-02  1.0221E-02  1.6497E-01  1.0000E+00
 7.4726E+03  7.4998E-03  5.9629E-02  1.0223E-02  1.6375E-01  1.0000E+00
 7.5299E+03  7.5167E-03  5.9305E-02  1.0226E-02  1.6255E-01  1.0000E+00
 7.5875E+03  7.5335E-03  5.8983E-02  1.0228E-02  1.6135E-01  1.0000E+00
 7.6456E+03  7.5504E-03  5.8663E-02  1.0230E-02  1.6016E-01  1.0000E+00
 7.7042E+03  7.5672E-03  5.8343E-02  1.0232E-02  1.5897E-01  1.0000E+00
 7.7632E+03  7.5841E-03  5.8026E-02  1.0235E-02  1.5780E-01  1.0000E+00
 7.8226E+03  7.6010E-03  5.7710E-02  1.0237E-02  1.5664E-01  1.0000E+00
 7.8825E+03  7.6178E-03  5.7395E-02  1.0240E-02  1.5548E-01  1.0000E+00
 7.9429E+03  7.6347E-03  5.7081E-02  1.0242E-02  1.5434E-01  1.0000E+00
 8.0037E+03  7.6516E-03  5.6769E-02  1.0244E-02  1.5320E-01  1.0000E+00
 8.0650E+03  7.6685E-03  5.6459E-02  1.0247E-02  1.5207E-01  1.0000E+00
 8.1268E+03  7.6853E-03  5.6150E-02  1.0249E-02  1.5095E-01  1.0000E+00
 8.1890E+03  7.7022E-03  5.5842E-02  1.0252E-02  1.4984E-01  1.0000E+00
 8.2518E+03  7.7191E-03  5.5536E-02  1.0254E-02  1.4874E-01  1.0000E+00
 8.3150E+03  7.7360E-03  5.5231E-02  1.0257E-02  1.4764E-01  1.0000E+00
 8.3786E+03  7.7529E-03  5.4927E-02  1.0259E-02  1.4656E-01  1.0000E+00
 8.4428E+03  7.7698E-03  5.4625E-02  1.0262E-02  1.4548E-01  1.0000E+00
 8.5075E+03  7.7866E-03  5.4324E-02  1.0264E-02  1.4441E-01  1.0000E+00
 8.5726E+03  7.8035E-03  5.4025E-02  1.0267E-02  1.4335E-01  1.0000E+00
 8.6383E+03  7.8204E-03  5.3727E-02  1.0269E-02  1.4229E-01  1.0000E+00
 8.7044E+03  7.8373E-03  5.3430E-02  1.0272E-02  1.4125E-01  1.0000E+00
 8.7711E+03  7.8542E-03  5.3135E-02  1.0275E-02  1.4021E-01  1.0000E+00
 8.8383E+03  7.8711E-03  5.2841E-02  1.0277E-02  1.3918E-01  1.0000E+00
 8.9059E+03  7.8880E-03  5.2549E-02  1.0280E-02  1.3816E-01  1.0000E+00
 8.9741E+03  7.9049E-03  5.2258E-02  1.0283E-02  1.3715E-01  1.0000E+00
 9.0429E+03  7.9218E-03  5.1968E-02  1.0285E-02  1.3614E-01  1.0000E+00
 9.1121E+03  7.9387E-03  5.1679E-02  1.0288E-02  1.3514E-01  1.0000E+00
 9.1819E+03  7.9556E-03  5.1392E-02  1.0291E-02  1.3415E-01  1.0000E+00
 9.2522E+03  7.9725E-03  5.1107E-02  1.0294E-02  1.3317E-01  1.0000E+00
 9.3231E+03  7.9894E-03  5.0822E-02  1.0296E-02  1.3219E-01  1.0000E+00
 9.3945E+03  8.0063E-03  5.0539E-02  1.0299E-02  1.3122E-01  1.0000E+00
 9.4664E+03  8.0232E-03  5.0258E-02  1.0302E-02  1.3026E-01  1.0000E+00
 9.5389E+03  8.0401E-03  4.9977E-02  1.0305E-02  1.2931E-01  1.0000E+00
 9.6120E+03  8.0571E-03  4.9698E-02  1.0308E-02  1.2836E-01  1.0000E+00
 9.6856E+03  8.0740E-03  4.9421E-02  1.0311E-02  1.2742E-01  1.0000E+00
 9.7598E+03  8.0909E-03  4.9144E-02  1.0314E-02  1.2649E-01  1.0000E+00
 9.8345E+03  8.1078E-03  4.8869E-02  1.0317E-02  1.2556E-01  1.0000E+00
 9.9098E+03  8.1247E-03  4.8595E-02  1.0320E-02  1.2464E-01  1.0000E+00
 9.9857E+03  8.1416E-03  4.8323E-02  1.0323E-02  1.2373E-01  1.0000E+00
 1.0062E+04  8.1586E-03  4.8052E-02  1.0326E-02  1.2283E-01  1.0000E+00
 1.0139E+04  8.1755E-03  4.7782E-02  1.0329E-02  1.2193E-01  1.0000E+00
 1.0217E+04  8.1924E-03  4.7513E-02  1.0332E-02  1.2104E-01  1.0000E+00
 1.0295E+04  8.2093E-03  4.7246E-02  1.0335E-02  1.2016E-01  1.0000E+00
 1.0374E+04  8.2262E-03  4.6980E-02  1.0338E-02  1.1928E-01  1.0000E+00
 1.0453E+04  8.2432E-03  4.6715E-02  1.0341E-02  1.1841E-01  1.0000E+00
 1.0533E+04  8.2601E-03  4.6452E-02  1.0344E-02  1.1755E-01  1.0000E+00
 1.0614E+04  8.2770E-03  4.6190E-02  1.0348E-02  1.1669E-01  1.0000E+00
 1.0695E+04  8.2940E-03  4.5929E-02  1.0351E-02  1.1584E-01  1.0000E+00
 1.0777E+04  8.3109E-03  4.5669E-02  1.0354E-02  1.1499E-01  1.0000E+00
 1.0860E+04  8.3278E-03  4.5411E-02  1.0357E-02  1.1416E-01  1.0000E+00
 1.0943E+04  8.3448E-03  4.5154E-02  1.0361E-02  1.1332E-01  1.0000E+00
 1.1027E+04  8.3617E-03  4.4898E-02  1.0364E-02  1.1250E-01  1.0000E+00
 1.1111E+04  8.3786E-03  4.4643E-02  1.0367E-02  1.1168E-01  1.0000E+00
 1.1196E+04  8.3956E-03  4.4390E-02  1.0371E-02  1.1087E-01  1.0000E+00
 1.1282E+04  8.4125E-03  4.4138E-02  1.0374E-02  1.1006E-01  1.0000E+00
 1.1369E+04  8.4294E-03  4.3887E-02  1.0378E-02  1.0926E-01  1.0000E+00
 1.1456E+04  8.4464E-03  4.3637E-02  1.0381E-02  1.0847E-01  1.0000E+00
 1.1543E+04  8.4633E-03  4.3388E-02  1.0384E-02  1.0768E-01  1.0000E+00
 1.1632E+04  8.4803E-03  4.3141E-02  1.0388E-02  1.0690E-01  1.0000E+00
 1.1721E+04  8.4972E-03  4.2895E-02  1.0392E-02  1.0612E-01  1.0000E+00
 1.1811E+04  8.5142E-03  4.2650E-02  1.0395E-02  1.0535E-01  1.0000E+00
 1.1901E+04  8.5311E-03  4.2407E-02  1.0399E-02  1.0458E-01  1.0000E+00
 1.1992E+04  8.5481E-03  4.2165E-02  1.0402E-02  1.0383E-01  1.0000E+00
 1.2084E+04  8.5651E-03  4.1923E-02  1.0406E-02  1.0307E-01  1.0000E+00
 1.2177E+04  8.5820E-03  4.1683E-02  1.0410E-02  1.0233E-01  1.0000E+00
 1.2270E+04  8.5989E-03  4.1444E-02  1.0413E-02  1.0158E-01  1.0000E+00
 1.2364E+04  8.6159E-03  4.1207E-02  1.0417E-02  1.0085E-01  1.0000E+00
 1.2458E+04  8.6328E-03  4.0970E-02  1.0421E-02  1.0012E-01  1.0000E+00
 1.2554E+04  8.6498E-03  4.0735E-02  1.0425E-02  9.9393E-02  1.0000E+00
 1.2650E+04  8.6667E-03  4.0501E-02  1.0429E-02  9.8674E-02  1.0000E+00
 1.2747E+04  8.6836E-03  4.0267E-02  1.0432E-02  9.7960E-02  1.0000E+00
 1.2845E+04  8.7005E-03  4.0035E-02  1.0436E-02  9.7252E-02  1.0000E+00
 1.2943E+04  8.7174E-03  3.9804E-02  1.0440E-02  9.6549E-02  1.0000E+00
 1.3042E+04  8.7343E-03  3.9575E-02  1.0444E-02  9.5852E-02  1.0000E+00
 1.3142E+04  8.7512E-03  3.9346E-02  1.0448E-02  9.5160E-02  1.0000E+00
 1.3243E+04  8.7680E-03  3.9118E-02  1.0452E-02  9.4473E-02  1.0000E+00
 1.3344E+04  8.7849E-03  3.8892E-02  1.0456E-02  9.3791E-02  1.0000E+00
 1.3446E+04  8.8017E-03  3.8666E-02  1.0460E-02  9.3114E-02  1.0000E+00
 1.3549E+04  8.8185E-03  3.8442E-02  1.0464E-02  9.2443E-02  1.0000E+00
 1.3653E+04  8.8353E-03  3.8219E-02  1.0469E-02  9.1777E-02  1.0000E+00
 1.3757E+04  8.8521E-03  3.7996E-02  1.0473E-02  9.1115E-02  1.0000E+00
 1.3863E+04  8.8688E-03  3.7775E-02  1.0477E-02  9.0459E-02  1.0000E+00
 1.3969E+04  8.8856E-03  3.7555E-02  1.0481E-02  8.9808E-02  1.0000E+00
 1.4076E+04  8.9023E-03  3.7336E-02  1.0485E-02  8.9162E-02  1.0000E+00
 1.4184E+04  8.9190E-03  3.7118E-02  1.0490E-02  8.8521E-02  1.0000E+00
 1.4292E+04  8.9357E-03  3.6901E-02  1.0494E-02  8.7884E-02  1.0000E+00
 1.4402E+04  8.9523E-03  3.6685E-02  1.0498E-02  8.7253E-02  1.0000E+00
 1.4512E+04  8.9690E-03  3.6470E-02  1.0503E-02  8.6626E-02  1.0000E+00
 1.4623E+04  8.9856E-03  3.6255E-02  1.0507E-02  8.6004E-02  1.0000E+00
 1.4735E+04  9.0021E-03  3.6042E-02  1.0512E-02  8.5386E-02  1.0000E+00
 1.4848E+04  9.0187E-03  3.5830E-02  1.0516E-02  8.4774E-02  1.0000E+00
 1.4962E+04  9.0352E-03  3.5619E-02  1.0521E-02  8.4166E-02  1.0000E+00
 1.5076E+04  9.0517E-03  3.5409E-02  1.0525E-02  8.3563E-02  1.0000E+00
 1.5192E+04  9.0681E-03  3.5200E-02  1.0530E-02  8.2964E-02  1.0000E+00
 1.5308E+04  9.0846E-03  3.4992E-02  1.0535E-02  8.2370E-02  1.0000E+00
 1.5425E+04  9.1009E-03  3.4784E-02  1.0539E-02  8.1780E-02  1.0000E+00
 1.5544E+04  9.1173E-03  3.4578E-02  1.0544E-02  8.1195E-02  1.0000E+00
 1.5663E+04  9.1336E-03  3.4373E-02  1.0549E-02  8.0615E-02  1.0000E+00
 1.5783E+04  9.1499E-03  3.4168E-02  1.0554E-02  8.0038E-02  1.0000E+00
 1.5903E+04  9.1661E-03  3.3965E-02  1.0559E-02  7.9466E-02  1.0000E+00
 1.6025E+04  9.1823E-03  3.3762E-02  1.0563E-02  7.8899E-02  1.0000E+00
 1.6148E+04  9.1985E-03  3.3561E-02  1.0568E-02  7.8336E-02  1.0000E+00
 1.6272E+04  9.2146E-03  3.3360E-02  1.0573E-02  7.7777E-02  1.0000E+00
 1.6396E+04  9.2307E-03  3.3160E-02  1.0578E-02  7.7222E-02  1.0000E+00
 1.6522E+04  9.2467E-03  3.2961E-02  1.0583E-02  7.6672E-02  1.0000E+00
 1.6648E+04  9.2627E-03  3.2764E-02  1.0588E-02  7.6126E-02  1.0000E+00
 1.6776E+04  9.2786E-03  3.2566E-02  1.0594E-02  7.5584E-02  1.0000E+00
 1.6904E+04  9.2945E-03  3.2370E-02  1.0599E-02  7.5046E-02  1.0000E+00
 1.7034E+04  9.3103E-03  3.2175E-02  1.0604E-02  7.4512E-02  1.0000E+00
 1.7164E+04  9.3261E-03  3.1981E-02  1.0609E-02  7.3982E-02  1.0000E+00
 1.7296E+04  9.3419E-03  3.1787E-02  1.0614E-02  7.3456E-02  1.0000E+00
 1.7428E+04  9.3576E-03  3.1594E-02  1.0620E-02  7.2935E-02  1.0000E+00
 1.7562E+04  9.3732E-03  3.1403E-02  1.0625E-02  7.2417E-02  1.0000E+00
 1.7696E+04  9.3888E-03  3.1212E-02  1.0630E-02  7.1903E-02  1.0000E+00
 1.7832E+04  9.4042E-03  3.1022E-02  1.0636E-02  7.1393E-02  1.0000E+00
 1.7968E+04  9.4197E-03  3.0832E-02  1.0641E-02  7.0887E-02  1.0000E+00
 1.8106E+04  9.4350E-03  3.0644E-02  1.0647E-02  7.0385E-02  1.0000E+00
 1.8244E+04  9.4503E-03  3.0456E-02  1.0653E-02  6.9887E-02  1.0000E+00
 1.8384E+04  9.4655E-03  3.0269E-02  1.0658E-02  6.9392E-02  1.0000E+00
 1.8525E+04  9.4807E-03  3.0083E-02  1.0664E-02  6.8901E-02  1.0000E+00
 1.8667E+04  9.4958E-03  2.9898E-02  1.0670E-02  6.8414E-02  1.0000E+00
 1.8810E+04  9.5108E-03  2.9713E-02  1.0675E-02  6.7931E-02  1.0000E+00
 1.8954E+04  9.5257E-03  2.9530E-02  1.0681E-02  6.7452E-02  1.0000E+00
 1.9099E+04  9.5405E-03  2.9347E-02  1.0687E-02  6.6976E-02  1.0000E+00
 1.9245E+04  9.5553E-03  2.9165E-02  1.0693E-02  6.6503E-02  1.0000E+00
 1.9393E+04  9.5700E-03  2.8984E-02  1.0699E-02  6.6034E-02  1.0000E+00
 1.9541E+04  9.5846E-03  2.8803E-02  1.0705E-02  6.5569E-02  1.0000E+00
 1.9691E+04  9.5992E-03  2.8624E-02  1.0711E-02  6.5108E-02  1.0000E+00
 1.9842E+04  9.6137E-03  2.8445E-02  1.0717E-02  6.4650E-02  1.0000E+00
 1.9994E+04  9.6280E-03  2.8267E-02  1.0723E-02  6.4195E-02  1.0000E+00
 2.0147E+04  9.6424E-03  2.8089E-02  1.0729E-02  6.3744E-02  1.0000E+00
 2.0301E+04  9.6566E-03  2.7913E-02  1.0735E-02  6.3296E-02  1.0000E+00
 2.0456E+04  9.6707E-03  2.7737E-02  1.0742E-02  6.2852E-02  1.0000E+00
 2.0613E+04  9.6848E-03  2.7562E-02  1.0748E-02  6.2411E-02  1.0000E+00
 2.0771E+04  9.6988E-03  2.7388E-02  1.0754E-02  6.1973E-02  1.0000E+00
 2.0930E+04  9.7127E-03  2.7215E-02  1.0761E-02  6.1539E-02  1.0000E+00
 2.1090E+04  9.7265E-03  2.7042E-02  1.0767E-02  6.1108E-02  1.0000E+00
 2.1252E+04  9.7403E-03  2.6871E-02  1.0774E-02  6.0681E-02  1.0000E+00
 2.1415E+04  9.7539E-03  2.6700E-02  1.0781E-02  6.0256E-02  1.0000E+00
 2.1579E+04  9.7675E-03  2.6529E-02  1.0787E-02  5.9835E-02  1.0000E+00
 2.1744E+04  9.7809E-03  2.6360E-02  1.0794E-02  5.9417E-02  1.0000E+00
 2.1910E+04  9.7943E-03  2.6191E-02  1.0801E-02  5.9003E-02  1.0000E+00
 2.2078E+04  9.8076E-03  2.6023E-02  1.0807E-02  5.8591E-02  1.0000E+00
 2.2247E+04  9.8209E-03  2.5856E-02  1.0814E-02  5.8183E-02  1.0000E+00
 2.2418E+04  9.8340E-03  2.5690E-02  1.0821E-02  5.7777E-02  1.0000E+00
 2.2589E+04  9.8470E-03  2.5524E-02  1.0828E-02  5.7375E-02  1.0000E+00
 2.2762E+04  9.8600E-03  2.5359E-02  1.0835E-02  5.6976E-02  1.0000E+00
 2.2937E+04  9.8728E-03  2.5195E-02  1.0842E-02  5.6580E-02  1.0000E+00
 2.3112E+04  9.8856E-03  2.5032E-02  1.0849E-02  5.6187E-02  1.0000E+00
 2.3289E+04  9.8982E-03  2.4869E-02  1.0857E-02  5.5797E-02  1.0000E+00
 2.3468E+04  9.9108E-03  2.4707E-02  1.0864E-02  5.5410E-02  1.0000E+00
 2.3647E+04  9.9233E-03  2.4546E-02  1.0871E-02  5.5026E-02  1.0000E+00
 2.3829E+04  9.9357E-03  2.4386E-02  1.0879E-02  5.4644E-02  1.0000E+00
 2.4011E+04  9.9485E-03  2.4227E-02  1.0886E-02  5.4266E-02  1.0000E+00
 2.4195E+04  9.9623E-03  2.4072E-02  1.0893E-02  5.3891E-02  1.0000E+00
 2.4380E+04  9.9761E-03  2.3918E-02  1.0901E-02  5.3518E-02  1.0000E+00
 2.4567E+04  9.9899E-03  2.3765E-02  1.0909E-02  5.3148E-02  1.0000E+00
 2.4755E+04  1.0004E-02  2.3613E-02  1.0916E-02  5.2782E-02  1.0000E+00
 2.4945E+04  1.0018E-02  2.3462E-02  1.0924E-02  5.2418E-02  1.0000E+00
 2.5136E+04  1.0032E-02  2.3311E-02  1.0932E-02  5.2056E-02  1.0000E+00
 2.5328E+04  1.0045E-02  2.3162E-02  1.0940E-02  5.1698E-02  1.0000E+00
 2.5522E+04  1.0059E-02  2.3014E-02  1.0948E-02  5.1342E-02  1.0000E+00
 2.5718E+04  1.0073E-02  2.2866E-02  1.0956E-02  5.0989E-02  1.0000E+00
 2.5915E+04  1.0087E-02  2.2719E-02  1.0964E-02  5.0638E-02  1.0000E+00
 2.6113E+04  1.0101E-02  2.2574E-02  1.0972E-02  5.0291E-02  1.0000E+00
 2.6313E+04  1.0115E-02  2.2429E-02  1.0980E-02  4.9946E-02  1.0000E+00
 2.6515E+04  1.0129E-02  2.2285E-02  1.0988E-02  4.9603E-02  1.0000E+00
 2.6718E+04  1.0143E-02  2.2142E-02  1.0996E-02  4.9263E-02  1.0000E+00
 2.6922E+04  1.0157E-02  2.2000E-02  1.1005E-02  4.8926E-02  1.0000E+00
 2.7128E+04  1.0171E-02  2.1859E-02  1.1013E-02  4.8592E-02  1.0000E+00
 2.7336E+04  1.0186E-02  2.1718E-02  1.1022E-02  4.8260E-02  1.0000E+00
 2.7545E+04  1.0200E-02  2.1579E-02  1.1030E-02  4.7930E-02  1.0000E+00
 2.7756E+04  1.0214E-02  2.1441E-02  1.1039E-02  4.7603E-02  1.0000E+00
 2.7969E+04  1.0228E-02  2.1303E-02  1.1048E-02  4.7279E-02  1.0000E+00
 2.8183E+04  1.0242E-02  2.1166E-02  1.1056E-02  4.6957E-02  1.0000E+00
 2.8399E+04  1.0257E-02  2.1030E-02  1.1065E-02  4.6637E-02  1.0000E+00
 2.8617E+04  1.0271E-02  2.0895E-02  1.1074E-02  4.6320E-02  1.0000E+00
 2.8836E+04  1.0285E-02  2.0761E-02  1.1083E-02  4.6005E-02  1.0000E+00
 2.9056E+04  1.0300E-02  2.0628E-02  1.1092E-02  4.5693E-02  1.0000E+00
 2.9279E+04  1.0314E-02  2.0495E-02  1.1101E-02  4.5383E-02  1.0000E+00
 2.9503E+04  1.0329E-02  2.0363E-02  1.1111E-02  4.5075E-02  1.0000E+00
 2.9729E+04  1.0343E-02  2.0233E-02  1.1120E-02  4.4770E-02  1.0000E+00
 2.9957E+04  1.0357E-02  2.0103E-02  1.1129E-02  4.4467E-02  1.0000E+00
 3.0186E+04  1.0372E-02  1.9974E-02  1.1139E-02  4.4167E-02  1.0000E+00
 3.0417E+04  1.0387E-02  1.9845E-02  1.1148E-02  4.3869E-02  1.0000E+00
 3.0650E+04  1.0401E-02  1.9718E-02  1.1158E-02  4.3573E-02  1.0000E+00
 3.0885E+04  1.0416E-02  1.9591E-02  1.1167E-02  4.3279E-02  1.0000E+00
 3.1122E+04  1.0431E-02  1.9465E-02  1.1177E-02  4.2988E-02  1.0000E+00
 3.1360E+04  1.0445E-02  1.9340E-02  1.1187E-02  4.2698E-02  1.0000E+00
 3.1600E+04  1.0460E-02  1.9216E-02  1.1197E-02  4.2412E-02  1.0000E+00
 3.1842E+04  1.0475E-02  1.9093E-02  1.1207E-02  4.2127E-02  1.0000E+00
 3.2086E+04  1.0490E-02  1.8970E-02  1.1217E-02  4.1844E-02  1.0000E+00
 3.2332E+04  1.0505E-02  1.8848E-02  1.1227E-02  4.1564E-02  1.0000E+00
 3.2579E+04  1.0520E-02  1.8727E-02  1.1237E-02  4.1285E-02  1.0000E+00
 3.2829E+04  1.0535E-02  1.8607E-02  1.1248E-02  4.1009E-02  1.0000E+00
 3.3080E+04  1.0550E-02  1.8488E-02  1.1258E-02  4.0735E-02  1.0000E+00
 3.3334E+04  1.0565E-02  1.8369E-02  1.1269E-02  4.0463E-02  1.0000E+00
 3.3589E+04  1.0580E-02  1.8251E-02  1.1279E-02  4.0193E-02  1.0000E+00
 3.3846E+04  1.0595E-02  1.8134E-02  1.1290E-02  3.9926E-02  1.0000E+00
 3.4105E+04  1.0611E-02  1.8018E-02  1.1301E-02  3.9660E-02  1.0000E+00
 3.4367E+04  1.0626E-02  1.7903E-02  1.1311E-02  3.9396E-02  1.0000E+00
 3.4630E+04  1.0641E-02  1.7788E-02  1.1322E-02  3.9135E-02  1.0000E+00
 3.4895E+04  1.0657E-02  1.7674E-02  1.1333E-02  3.8875E-02  1.0000E+00
 3.5162E+04  1.0672E-02  1.7561E-02  1.1344E-02  3.8617E-02  1.0000E+00
 3.5431E+04  1.0688E-02  1.7448E-02  1.1356E-02  3.8362E-02  1.0000E+00
 3.5703E+04  1.0704E-02  1.7336E-02  1.1367E-02  3.8108E-02  1.0000E+00
 3.5976E+04  1.0719E-02  1.7225E-02  1.1378E-02  3.7856E-02  1.0000E+00
 3.6252E+04  1.0735E-02  1.7115E-02  1.1390E-02  3.7606E-02  1.0000E+00
 3.6529E+04  1.0751E-02  1.7005E-02  1.1401E-02  3.7358E-02  1.0000E+00
 3.6809E+04  1.0767E-02  1.6897E-02  1.1413E-02  3.7112E-02  1.0000E+00
 3.7091E+04  1.0783E-02  1.6789E-02  1.1425E-02  3.6868E-02  1.0000E+00
 3.7375E+04  1.0799E-02  1.6681E-02  1.1437E-02  3.6626E-02  1.0000E+00
 3.7661E+04  1.0815E-02  1.6575E-02  1.1449E-02  3.6385E-02  1.0000E+00
 3.7950E+04  1.0831E-02  1.6469E-02  1.1461E-02  3.6147E-02  1.0000E+00
 3.8240E+04  1.0847E-02  1.6363E-02  1.1473E-02  3.5910E-02  1.0000E+00
 3.8533E+04  1.0863E-02  1.6259E-02  1.1485E-02  3.5675E-02  1.0000E+00
 3.8828E+04  1.0880E-02  1.6155E-02  1.1497E-02  3.5442E-02  1.0000E+00
 3.9126E+04  1.0896E-02  1.6052E-02  1.1510E-02  3.5211E-02  1.0000E+00
 3.9425E+04  1.0912E-02  1.5950E-02  1.1522E-02  3.4981E-02  1.0000E+00
 3.9727E+04  1.0929E-02  1.5848E-02  1.1535E-02  3.4753E-02  1.0000E+00
 4.0032E+04  1.0946E-02  1.5747E-02  1.1548E-02  3.4527E-02  1.0000E+00
 4.0338E+04  1.0962E-02  1.5646E-02  1.1561E-02  3.4303E-02  1.0000E+00
 4.0647E+04  1.0979E-02  1.5547E-02  1.1573E-02  3.4081E-02  1.0000E+00
 4.0958E+04  1.0996E-02  1.5448E-02  1.1587E-02  3.3860E-02  1.0000E+00
 4.1272E+04  1.1013E-02  1.5349E-02  1.1600E-02  3.3641E-02  1.0000E+00
 4.1588E+04  1.1030E-02  1.5252E-02  1.1613E-02  3.3423E-02  1.0000E+00
 4.1907E+04  1.1047E-02  1.5155E-02  1.1626E-02  3.3207E-02  1.0000E+00
 4.2228E+04  1.1064E-02  1.5058E-02  1.1640E-02  3.2993E-02  1.0000E+00
 4.2551E+04  1.1081E-02  1.4963E-02  1.1653E-02  3.2781E-02  1.0000E+00
 4.2877E+04  1.1099E-02  1.4868E-02  1.1667E-02  3.2570E-02  1.0000E+00
 4.3205E+04  1.1116E-02  1.4773E-02  1.1681E-02  3.2361E-02  1.0000E+00
 4.3536E+04  1.1134E-02  1.4680E-02  1.1695E-02  3.2153E-02  1.0000E+00
 4.3869E+04  1.1151E-02  1.4587E-02  1.1709E-02  3.1947E-02  1.0000E+00
 4.4205E+04  1.1169E-02  1.4494E-02  1.1723E-02  3.1743E-02  1.0000E+00
 4.4544E+04  1.1187E-02  1.4402E-02  1.1738E-02  3.1540E-02  1.0000E+00
 4.4885E+04  1.1205E-02  1.4311E-02  1.1752E-02  3.1339E-02  1.0000E+00
 4.5229E+04  1.1223E-02  1.4221E-02  1.1767E-02  3.1139E-02  1.0000E+00
 4.5575E+04  1.1241E-02  1.4131E-02  1.1781E-02  3.0941E-02  1.0000E+00
 4.5924E+04  1.1259E-02  1.4041E-02  1.1796E-02  3.0744E-02  1.0000E+00
 4.6276E+04  1.1277E-02  1.3953E-02  1.1811E-02  3.0549E-02  1.0000E+00
 4.6630E+04  1.1295E-02  1.3864E-02  1.1826E-02  3.0356E-02  1.0000E+00
 4.6987E+04  1.1314E-02  1.3777E-02  1.1841E-02  3.0163E-02  1.0000E+00
 4.7347E+04  1.1333E-02  1.3690E-02  1.1856E-02  2.9973E-02  1.0000E+00
 4.7710E+04  1.1351E-02  1.3604E-02  1.1872E-02  2.9784E-02  1.0000E+00
 4.8075E+04  1.1370E-02  1.3518E-02  1.1887E-02  2.9596E-02  1.0000E+00
 4.8443E+04  1.1389E-02  1.3433E-02  1.1903E-02  2.9410E-02  1.0000E+00
 4.8814E+04  1.1408E-02  1.3349E-02  1.1919E-02  2.9225E-02  1.0000E+00
 4.9188E+04  1.1427E-02  1.3265E-02  1.1935E-02  2.9042E-02  1.0000E+00
 4.9565E+04  1.1446E-02  1.3181E-02  1.1951E-02  2.8860E-02  1.0000E+00
 4.9945E+04  1.1465E-02  1.3098E-02  1.1967E-02  2.8679E-02  1.0000E+00
 5.0327E+04  1.1485E-02  1.3016E-02  1.1983E-02  2.8500E-02  1.0000E+00
 5.0713E+04  1.1504E-02  1.2935E-02  1.2000E-02  2.8322E-02  1.0000E+00
 5.1101E+04  1.1524E-02  1.2854E-02  1.2016E-02  2.8146E-02  1.0000E+00
 5.1492E+04  1.1544E-02  1.2773E-02  1.2033E-02  2.7971E-02  1.0000E+00
 5.1887E+04  1.1564E-02  1.2693E-02  1.2050E-02  2.7797E-02  1.0000E+00
 5.2284E+04  1.1584E-02  1.2614E-02  1.2067E-02  2.7625E-02  1.0000E+00
 5.2684E+04  1.1604E-02  1.2535E-02  1.2084E-02  2.7454E-02  1.0000E+00
 5.3088E+04  1.1624E-02  1.2457E-02  1.2101E-02  2.7284E-02  1.0000E+00
 5.3494E+04  1.1644E-02  1.2379E-02  1.2119E-02  2.7116E-02  1.0000E+00
 5.3904E+04  1.1665E-02  1.2302E-02  1.2136E-02  2.6949E-02  1.0000E+00
 5.4317E+04  1.1685E-02  1.2225E-02  1.2154E-02  2.6783E-02  1.0000E+00
 5.4733E+04  1.1706E-02  1.2149E-02  1.2172E-02  2.6619E-02  1.0000E+00
 5.5152E+04  1.1727E-02  1.2074E-02  1.2190E-02  2.6456E-02  1.0000E+00
 5.5574E+04  1.1748E-02  1.1999E-02  1.2208E-02  2.6294E-02  1.0000E+00
 5.6000E+04  1.1769E-02  1.1924E-02  1.2227E-02  2.6133E-02  1.0000E+00
 5.6429E+04  1.1790E-02  1.1850E-02  1.2245E-02  2.5974E-02  1.0000E+00
 5.6861E+04  1.1812E-02  1.1777E-02  1.2264E-02  2.5816E-02  1.0000E+00
 5.7297E+04  1.1833E-02  1.1704E-02  1.2283E-02  2.5659E-02  1.0000E+00
 5.7735E+04  1.1855E-02  1.1631E-02  1.2302E-02  2.5503E-02  1.0000E+00
 5.8177E+04  1.1877E-02  1.1560E-02  1.2321E-02  2.5349E-02  1.0000E+00
 5.8623E+04  1.1899E-02  1.1488E-02  1.2340E-02  2.5195E-02  1.0000E+00
 5.9072E+04  1.1921E-02  1.1417E-02  1.2359E-02  2.5043E-02  1.0000E+00
 5.9524E+04  1.1943E-02  1.1347E-02  1.2379E-02  2.4892E-02  1.0000E+00
 5.9980E+04  1.1965E-02  1.1277E-02  1.2399E-02  2.4743E-02  1.0000E+00
 6.0440E+04  1.1988E-02  1.1208E-02  1.2419E-02  2.4594E-02  1.0000E+00
 6.0902E+04  1.2011E-02  1.1139E-02  1.2439E-02  2.4447E-02  1.0000E+00
 6.1369E+04  1.2033E-02  1.1070E-02  1.2459E-02  2.4301E-02  1.0000E+00
 6.1839E+04  1.2056E-02  1.1002E-02  1.2480E-02  2.4156E-02  1.0000E+00
 6.2312E+04  1.2080E-02  1.0935E-02  1.2500E-02  2.4012E-02  1.0000E+00
 6.2790E+04  1.2103E-02  1.0868E-02  1.2521E-02  2.3869E-02  1.0000E+00
 6.3270E+04  1.2126E-02  1.0801E-02  1.2542E-02  2.3727E-02  1.0000E+00
 6.3755E+04  1.2150E-02  1.0735E-02  1.2563E-02  2.3587E-02  1.0000E+00
 6.4243E+04  1.2174E-02  1.0670E-02  1.2585E-02  2.3447E-02  1.0000E+00
 6.4735E+04  1.2198E-02  1.0605E-02  1.2606E-02  2.3309E-02  1.0000E+00
 6.5231E+04  1.2222E-02  1.0540E-02  1.2628E-02  2.3171E-02  1.0000E+00
 6.5731E+04  1.2246E-02  1.0476E-02  1.2650E-02  2.3035E-02  1.0000E+00
 6.6234E+04  1.2270E-02  1.0412E-02  1.2672E-02  2.2900E-02  1.0000E+00
 6.6741E+04  1.2295E-02  1.0349E-02  1.2694E-02  2.2766E-02  1.0000E+00
 6.7252E+04  1.2320E-02  1.0286E-02  1.2717E-02  2.2633E-02  1.0000E+00
 6.7767E+04  1.2345E-02  1.0224E-02  1.2739E-02  2.2501E-02  1.0000E+00
 6.8286E+04  1.2370E-02  1.0162E-02  1.2762E-02  2.2370E-02  1.0000E+00
 6.8809E+04  1.2395E-02  1.0101E-02  1.2785E-02  2.2240E-02  1.0000E+00
 6.9336E+04  1.2421E-02  1.0040E-02  1.2809E-02  2.2111E-02  1.0000E+00
 6.9867E+04  1.2446E-02  9.9791E-03  1.2832E-02  2.1983E-02  1.0000E+00
 7.0402E+04  1.2472E-02  9.9190E-03  1.2856E-02  2.1856E-02  1.0000E+00
 7.0942E+04  1.2498E-02  9.8593E-03  1.2880E-02  2.1731E-02  1.0000E+00
 7.1485E+04  1.2524E-02  9.8000E-03  1.2904E-02  2.1606E-02  1.0000E+00
 7.2032E+04  1.2551E-02  9.7412E-03  1.2928E-02  2.1482E-02  1.0000E+00
 7.2584E+04  1.2578E-02  9.6827E-03  1.2952E-02  2.1359E-02  1.0000E+00
 7.3140E+04  1.2604E-02  9.6247E-03  1.2977E-02  2.1237E-02  1.0000E+00
 7.3700E+04  1.2631E-02  9.5672E-03  1.3002E-02  2.1116E-02  1.0000E+00
 7.4264E+04  1.2659E-02  9.5100E-03  1.3027E-02  2.0996E-02  1.0000E+00
 7.4833E+04  1.2686E-02  9.4532E-03  1.3052E-02  2.0877E-02  1.0000E+00
 7.5406E+04  1.2714E-02  9.3969E-03  1.3078E-02  2.0759E-02  1.0000E+00
 7.5984E+04  1.2741E-02  9.3410E-03  1.3104E-02  2.0642E-02  1.0000E+00
 7.6566E+04  1.2769E-02  9.2854E-03  1.3130E-02  2.0525E-02  1.0000E+00
 7.7152E+04  1.2798E-02  9.2303E-03  1.3156E-02  2.0410E-02  1.0000E+00
 7.7743E+04  1.2826E-02  9.1756E-03  1.3182E-02  2.0296E-02  1.0000E+00
 7.8338E+04  1.2855E-02  9.1212E-03  1.3209E-02  2.0182E-02  1.0000E+00
 7.8938E+04  1.2883E-02  9.0673E-03  1.3236E-02  2.0070E-02  1.0000E+00
 7.9543E+04  1.2913E-02  9.0137E-03  1.3263E-02  1.9958E-02  1.0000E+00
 8.0152E+04  1.2942E-02  8.9606E-03  1.3290E-02  1.9847E-02  1.0000E+00
 8.0766E+04  1.2971E-02  8.9078E-03  1.3318E-02  1.9737E-02  1.0000E+00
 8.1384E+04  1.3001E-02  8.8554E-03  1.3346E-02  1.9628E-02  1.0000E+00
 8.2008E+04  1.3031E-02  8.8034E-03  1.3374E-02  1.9520E-02  1.0000E+00
 8.2636E+04  1.3061E-02  8.7518E-03  1.3402E-02  1.9413E-02  1.0000E+00
 8.3268E+04  1.3092E-02  8.7005E-03  1.3431E-02  1.9306E-02  1.0000E+00
 8.3906E+04  1.3122E-02  8.6496E-03  1.3460E-02  1.9201E-02  1.0000E+00
 8.4549E+04  1.3153E-02  8.5991E-03  1.3489E-02  1.9096E-02  1.0000E+00
 8.5196E+04  1.3185E-02  8.5490E-03  1.3518E-02  1.8992E-02  1.0000E+00
 8.5849E+04  1.3216E-02  8.4992E-03  1.3548E-02  1.8889E-02  1.0000E+00
 8.6506E+04  1.3248E-02  8.4498E-03  1.3578E-02  1.8787E-02  1.0000E+00
 8.7169E+04  1.3279E-02  8.4007E-03  1.3608E-02  1.8685E-02  1.0000E+00
 8.7836E+04  1.3312E-02  8.3520E-03  1.3638E-02  1.8585E-02  1.0000E+00
 8.8509E+04  1.3344E-02  8.3037E-03  1.3669E-02  1.8485E-02  1.0000E+00
 8.9187E+04  1.3377E-02  8.2557E-03  1.3700E-02  1.8386E-02  1.0000E+00
 8.9870E+04  1.3410E-02  8.2081E-03  1.3731E-02  1.8288E-02  1.0000E+00
 9.0558E+04  1.3443E-02  8.1608E-03  1.3762E-02  1.8190E-02  1.0000E+00
 9.1252E+04  1.3476E-02  8.1138E-03  1.3794E-02  1.8094E-02  1.0000E+00
 9.1950E+04  1.3510E-02  8.0673E-03  1.3826E-02  1.7998E-02  1.0000E+00
 9.2655E+04  1.3544E-02  8.0210E-03  1.3859E-02  1.7903E-02  1.0000E+00
 9.3364E+04  1.3578E-02  7.9751E-03  1.3891E-02  1.7809E-02  1.0000E+00
 9.4079E+04  1.3613E-02  7.9295E-03  1.3924E-02  1.7715E-02  1.0000E+00
 9.4800E+04  1.3647E-02  7.8843E-03  1.3957E-02  1.7622E-02  1.0000E+00
 9.5526E+04  1.3682E-02  7.8394E-03  1.3991E-02  1.7530E-02  1.0000E+00
 9.6257E+04  1.3718E-02  7.7948E-03  1.4024E-02  1.7439E-02  1.0000E+00
 9.6994E+04  1.3753E-02  7.7505E-03  1.4059E-02  1.7349E-02  1.0000E+00
 9.7737E+04  1.3789E-02  7.7066E-03  1.4093E-02  1.7259E-02  1.0000E+00
 9.8486E+04  1.3826E-02  7.6630E-03  1.4128E-02  1.7170E-02  1.0000E+00
 9.9240E+04  1.3862E-02  7.6197E-03  1.4163E-02  1.7082E-02  1.0000E+00
 1.0000E+05  1.3899E-02  7.5768E-03  1.4198E-02  1.6994E-02  1.0000E+00


