#     0	 1	   10	 1	 2.1947E+03	 1000	1
 4.8978E+01  0.0000E+00  0.0000E+00  0.0000E+00  0.0000E+00  0.0000E+00
 4.9353E+01  0.0000E+00  0.0000E+00  0.0000E+00  0.0000E+00  0.0000E+00
 4.9731E+01  0.0000E+00  0.0000E+00  0.0000E+00  0.0000E+00  0.0000E+00
 5.0112E+01  0.0000E+00  0.0000E+00  0.0000E+00  0.0000E+00  0.0000E+00
 5.0496E+01  0.0000E+00  0.0000E+00  0.0000E+00  0.0000E+00  0.0000E+00
 5.0882E+01  0.0000E+00  0.0000E+00  0.0000E+00  0.0000E+00  0.0000E+00
 5.1272E+01  0.0000E+00  0.0000E+00  0.0000E+00  0.0000E+00  0.0000E+00
 5.1665E+01  0.0000E+00  0.0000E+00  0.0000E+00  0.0000E+00  0.0000E+00
 5.2060E+01  0.0000E+00  0.0000E+00  0.0000E+00  0.0000E+00  0.0000E+00
 5.2459E+01  0.0000E+00  0.0000E+00  0.0000E+00  0.0000E+00  0.0000E+00
 5.2861E+01  0.0000E+00  0.0000E+00  0.0000E+00  0.0000E+00  0.0000E+00
 5.3266E+01  0.0000E+00  0.0000E+00  0.0000E+00  0.0000E+00  0.0000E+00
 5.3673E+01  0.0000E+00  0.0000E+00  0.0000E+00  0.0000E+00  0.0000E+00
 5.4085E+01  0.0000E+00  0.0000E+00  0.0000E+00  0.0000E+00  0.0000E+00
 5.4499E+01  0.0000E+00  0.0000E+00  0.0000E+00  0.0000E+00  0.0000E+00
 5.4916E+01  0.0000E+00  0.0000E+00  0.0000E+00  0.0000E+00  0.0000E+00
 5.5337E+01  0.0000E+00  0.0000E+00  0.0000E+00  0.0000E+00  0.0000E+00
 5.5760E+01  0.0000E+00  0.0000E+00  0.0000E+00  0.0000E+00  0.0000E+00
 5.6187E+01  0.0000E+00  0.0000E+00  0.0000E+00  0.0000E+00  0.0000E+00
 5.6618E+01  0.0000E+00  0.0000E+00  0.0000E+00  0.0000E+00  0.0000E+00
 5.7051E+01  0.0000E+00  0.0000E+00  0.0000E+00  0.0000E+00  0.0000E+00
 5.7488E+01  0.0000E+00  0.0000E+00  0.0000E+00  0.0000E+00  0.0000E+00
 5.7929E+01  0.0000E+00  0.0000E+00  0.0000E+00  0.0000E+00  0.0000E+00
 5.8372E+01  0.0000E+00  0.0000E+00  0.0000E+00  0.0000E+00  0.0000E+00
 5.8819E+01  0.0000E+00  0.0000E+00  0.0000E+00  0.0000E+00  0.0000E+00
 5.9270E+01  0.0000E+00  0.0000E+00  0.0000E+00  0.0000E+00  0.0000E+00
 5.9724E+01  0.0000E+00  0.0000E+00  0.0000E+00  0.0000E+00  0.0000E+00
 6.0181E+01  0.0000E+00  0.0000E+00  0.0000E+00  0.0000E+00  0.0000E+00
 6.0642E+01  0.0000E+00  0.0000E+00  0.0000E+00  0.0000E+00  0.0000E+00
 6.1106E+01  0.0000E+00  0.0000E+00  0.0000E+00  0.0000E+00  0.0000E+00
 6.1574E+01  0.0000E+00  0.0000E+00  0.0000E+00  0.0000E+00  0.0000E+00
 6.2046E+01  0.0000E+00  0.0000E+00  0.0000E+00  0.0000E+00  0.0000E+00
 6.2521E+01  0.0000E+00  0.0000E+00  0.0000E+00  0.0000E+00  0.0000E+00
 6.3000E+01  0.0000E+00  0.0000E+00  0.0000E+00  0.0000E+00  0.0000E+00
 6.3482E+01  0.0000E+00  0.0000E+00  0.0000E+00  0.0000E+00  0.0000E+00
 6.3968E+01  0.0000E+00  0.0000E+00  0.0000E+00  0.0000E+00  0.0000E+00
 6.4458E+01  0.0000E+00  0.0000E+00  0.0000E+00  0.0000E+00  0.0000E+00
 6.4952E+01  0.0000E+00  0.0000E+00  0.0000E+00  0.0000E+00  0.0000E+00
 6.5449E+01  0.0000E+00  0.0000E+00  0.0000E+00  0.0000E+00  0.0000E+00
 6.5951E+01  0.0000E+00  0.0000E+00  0.0000E+00  0.0000E+00  0.0000E+00
 6.6456E+01  0.0000E+00  0.0000E+00  0.0000E+00  0.0000E+00  0.0000E+00
 6.6965E+01  0.0000E+00  0.0000E+00  0.0000E+00  0.0000E+00  0.0000E+00
 6.7478E+01  0.0000E+00  0.0000E+00  0.0000E+00  0.0000E+00  0.0000E+00
 6.7994E+01  0.0000E+00  0.0000E+00  0.0000E+00  0.0000E+00  0.0000E+00
 6.8515E+01  0.0000E+00  0.0000E+00  0.0000E+00  0.0000E+00  0.0000E+00
 6.9040E+01  0.0000E+00  0.0000E+00  0.0000E+00  0.0000E+00  0.0000E+00
 6.9568E+01  0.0000E+00  0.0000E+00  0.0000E+00  0.0000E+00  0.0000E+00
 7.0101E+01  0.0000E+00  0.0000E+00  0.0000E+00  0.0000E+00  0.0000E+00
 7.0638E+01  0.0000E+00  0.0000E+00  0.0000E+00  0.0000E+00  0.0000E+00
 7.1179E+01  0.0000E+00  0.0000E+00  0.0000E+00  0.0000E+00  0.0000E+00
 7.1724E+01  0.0000E+00  0.0000E+00  0.0000E+00  0.0000E+00  0.0000E+00
 7.2273E+01  0.0000E+00  0.0000E+00  0.0000E+00  0.0000E+00  0.0000E+00
 7.2827E+01  0.0000E+00  0.0000E+00  0.0000E+00  0.0000E+00  0.0000E+00
 7.3385E+01  0.0000E+00  0.0000E+00  0.0000E+00  0.0000E+00  0.0000E+00
 7.3947E+01  0.0000E+00  0.0000E+00  0.0000E+00  0.0000E+00  0.0000E+00
 7.4513E+01  0.0000E+00  0.0000E+00  0.0000E+00  0.0000E+00  0.0000E+00
 7.5084E+01  0.0000E+00  0.0000E+00  0.0000E+00  0.0000E+00  0.0000E+00
 7.5659E+01  0.0000E+00  0.0000E+00  0.0000E+00  0.0000E+00  0.0000E+00
 7.6238E+01  0.0000E+00  0.0000E+00  0.0000E+00  0.0000E+00  0.0000E+00
 7.6822E+01  0.0000E+00  0.0000E+00  0.0000E+00  0.0000E+00  0.0000E+00
 7.7410E+01  0.0000E+00  0.0000E+00  0.0000E+00  0.0000E+00  0.0000E+00
 7.8003E+01  0.0000E+00  0.0000E+00  0.0000E+00  0.0000E+00  0.0000E+00
 7.8601E+01  0.0000E+00  0.0000E+00  0.0000E+00  0.0000E+00  0.0000E+00
 7.9202E+01  0.0000E+00  0.0000E+00  0.0000E+00  0.0000E+00  0.0000E+00
 7.9809E+01  0.0000E+00  0.0000E+00  0.0000E+00  0.0000E+00  0.0000E+00
 8.0420E+01  0.0000E+00  0.0000E+00  0.0000E+00  0.0000E+00  0.0000E+00
 8.1036E+01  0.0000E+00  0.0000E+00  0.0000E+00  0.0000E+00  0.0000E+00
 8.1657E+01  0.0000E+00  0.0000E+00  0.0000E+00  0.0000E+00  0.0000E+00
 8.2282E+01  0.0000E+00  0.0000E+00  0.0000E+00  0.0000E+00  0.0000E+00
 8.2912E+01  0.0000E+00  0.0000E+00  0.0000E+00  0.0000E+00  0.0000E+00
 8.3547E+01  0.0000E+00  0.0000E+00  0.0000E+00  0.0000E+00  0.0000E+00
 8.4187E+01  0.0000E+00  0.0000E+00  0.0000E+00  0.0000E+00  0.0000E+00
 8.4832E+01  0.0000E+00  0.0000E+00  0.0000E+00  0.0000E+00  0.0000E+00
 8.5481E+01  0.0000E+00  0.0000E+00  0.0000E+00  0.0000E+00  0.0000E+00
 8.6136E+01  0.0000E+00  0.0000E+00  0.0000E+00  0.0000E+00  0.0000E+00
 8.6796E+01  0.0000E+00  0.0000E+00  0.0000E+00  0.0000E+00  0.0000E+00
 8.7460E+01  0.0000E+00  0.0000E+00  0.0000E+00  0.0000E+00  0.0000E+00
 8.8130E+01  0.0000E+00  0.0000E+00  0.0000E+00  0.0000E+00  0.0000E+00
 8.8805E+01  0.0000E+00  0.0000E+00  0.0000E+00  0.0000E+00  0.0000E+00
 8.9485E+01  0.0000E+00  0.0000E+00  0.0000E+00  0.0000E+00  0.0000E+00
 9.0171E+01  0.0000E+00  0.0000E+00  0.0000E+00  0.0000E+00  0.0000E+00
 9.0861E+01  0.0000E+00  0.0000E+00  0.0000E+00  0.0000E+00  0.0000E+00
 9.1557E+01  0.0000E+00  0.0000E+00  0.0000E+00  0.0000E+00  0.0000E+00
 9.2258E+01  0.0000E+00  0.0000E+00  0.0000E+00  0.0000E+00  0.0000E+00
 9.2965E+01  0.0000E+00  0.0000E+00  0.0000E+00  0.0000E+00  0.0000E+00
 9.3677E+01  0.0000E+00  0.0000E+00  0.0000E+00  0.0000E+00  0.0000E+00
 9.4394E+01  0.0000E+00  0.0000E+00  0.0000E+00  0.0000E+00  0.0000E+00
 9.5117E+01  0.0000E+00  0.0000E+00  0.0000E+00  0.0000E+00  0.0000E+00
 9.5845E+01  0.0000E+00  0.0000E+00  0.0000E+00  0.0000E+00  0.0000E+00
 9.6579E+01  0.0000E+00  0.0000E+00  0.0000E+00  0.0000E+00  0.0000E+00
 9.7319E+01  0.0000E+00  0.0000E+00  0.0000E+00  0.0000E+00  0.0000E+00
 9.8064E+01  0.0000E+00  0.0000E+00  0.0000E+00  0.0000E+00  0.0000E+00
 9.8815E+01  0.0000E+00  0.0000E+00  0.0000E+00  0.0000E+00  0.0000E+00
 9.9572E+01  0.0000E+00  0.0000E+00  0.0000E+00  0.0000E+00  0.0000E+00
 1.0033E+02  0.0000E+00  0.0000E+00  0.0000E+00  0.0000E+00  0.0000E+00
 1.0110E+02  0.0000E+00  0.0000E+00  0.0000E+00  0.0000E+00  0.0000E+00
 1.0188E+02  0.0000E+00  0.0000E+00  0.0000E+00  0.0000E+00  0.0000E+00
 1.0266E+02  0.0000E+00  0.0000E+00  0.0000E+00  0.0000E+00  0.0000E+00
 1.0344E+02  0.0000E+00  0.0000E+00  0.0000E+00  0.0000E+00  0.0000E+00
 1.0424E+02  0.0000E+00  0.0000E+00  0.0000E+00  0.0000E+00  0.0000E+00
 1.0503E+02  0.0000E+00  0.0000E+00  0.0000E+00  0.0000E+00  0.0000E+00
 1.0584E+02  0.0000E+00  0.0000E+00  0.0000E+00  0.0000E+00  0.0000E+00
 1.0665E+02  0.0000E+00  0.0000E+00  0.0000E+00  0.0000E+00  0.0000E+00
 1.0747E+02  0.0000E+00  0.0000E+00  0.0000E+00  0.0000E+00  0.0000E+00
 1.0829E+02  0.0000E+00  0.0000E+00  0.0000E+00  0.0000E+00  0.0000E+00
 1.0912E+02  0.0000E+00  0.0000E+00  0.0000E+00  0.0000E+00  0.0000E+00
 1.0995E+02  0.0000E+00  0.0000E+00  0.0000E+00  0.0000E+00  0.0000E+00
 1.1080E+02  0.0000E+00  0.0000E+00  0.0000E+00  0.0000E+00  0.0000E+00
 1.1164E+02  0.0000E+00  0.0000E+00  0.0000E+00  0.0000E+00  0.0000E+00
 1.1250E+02  0.0000E+00  0.0000E+00  0.0000E+00  0.0000E+00  0.0000E+00
 1.1336E+02  0.0000E+00  0.0000E+00  0.0000E+00  0.0000E+00  0.0000E+00
 1.1423E+02  0.0000E+00  0.0000E+00  0.0000E+00  0.0000E+00  0.0000E+00
 1.1510E+02  0.0000E+00  0.0000E+00  0.0000E+00  0.0000E+00  0.0000E+00
 1.1599E+02  0.0000E+00  0.0000E+00  0.0000E+00  0.0000E+00  0.0000E+00
 1.1687E+02  0.0000E+00  0.0000E+00  0.0000E+00  0.0000E+00  0.0000E+00
 1.1777E+02  0.0000E+00  0.0000E+00  0.0000E+00  0.0000E+00  0.0000E+00
 1.1867E+02  0.0000E+00  0.0000E+00  0.0000E+00  0.0000E+00  0.0000E+00
 1.1958E+02  0.0000E+00  0.0000E+00  0.0000E+00  0.0000E+00  0.0000E+00
 1.2050E+02  0.0000E+00  0.0000E+00  0.0000E+00  0.0000E+00  0.0000E+00
 1.2142E+02  0.0000E+00  0.0000E+00  0.0000E+00  0.0000E+00  0.0000E+00
 1.2235E+02  0.0000E+00  0.0000E+00  0.0000E+00  0.0000E+00  0.0000E+00
 1.2329E+02  0.0000E+00  0.0000E+00  0.0000E+00  0.0000E+00  0.0000E+00
 1.2423E+02  0.0000E+00  0.0000E+00  0.0000E+00  0.0000E+00  0.0000E+00
 1.2518E+02  0.0000E+00  0.0000E+00  0.0000E+00  0.0000E+00  0.0000E+00
 1.2614E+02  0.0000E+00  0.0000E+00  0.0000E+00  0.0000E+00  0.0000E+00
 1.2711E+02  0.0000E+00  0.0000E+00  0.0000E+00  0.0000E+00  0.0000E+00
 1.2808E+02  0.0000E+00  0.0000E+00  0.0000E+00  0.0000E+00  0.0000E+00
 1.2906E+02  0.0000E+00  0.0000E+00  0.0000E+00  0.0000E+00  0.0000E+00
 1.3005E+02  0.0000E+00  0.0000E+00  0.0000E+00  0.0000E+00  0.0000E+00
 1.3104E+02  0.0000E+00  0.0000E+00  0.0000E+00  0.0000E+00  0.0000E+00
 1.3205E+02  0.0000E+00  0.0000E+00  0.0000E+00  0.0000E+00  0.0000E+00
 1.3306E+02  0.0000E+00  0.0000E+00  0.0000E+00  0.0000E+00  0.0000E+00
 1.3408E+02  0.0000E+00  0.0000E+00  0.0000E+00  0.0000E+00  0.0000E+00
 1.3510E+02  0.0000E+00  0.0000E+00  0.0000E+00  0.0000E+00  0.0000E+00
 1.3614E+02  0.0000E+00  0.0000E+00  0.0000E+00  0.0000E+00  0.0000E+00
 1.3718E+02  0.0000E+00  0.0000E+00  0.0000E+00  0.0000E+00  0.0000E+00
 1.3823E+02  0.0000E+00  0.0000E+00  0.0000E+00  0.0000E+00  0.0000E+00
 1.3929E+02  0.0000E+00  0.0000E+00  0.0000E+00  0.0000E+00  0.0000E+00
 1.4036E+02  0.0000E+00  0.0000E+00  0.0000E+00  0.0000E+00  0.0000E+00
 1.4143E+02  0.0000E+00  0.0000E+00  0.0000E+00  0.0000E+00  0.0000E+00
 1.4252E+02  0.0000E+00  0.0000E+00  0.0000E+00  0.0000E+00  0.0000E+00
 1.4361E+02  0.0000E+00  0.0000E+00  0.0000E+00  0.0000E+00  0.0000E+00
 1.4471E+02  0.0000E+00  0.0000E+00  0.0000E+00  0.0000E+00  0.0000E+00
 1.4582E+02  0.0000E+00  0.0000E+00  0.0000E+00  0.0000E+00  0.0000E+00
 1.4693E+02  0.0000E+00  0.0000E+00  0.0000E+00  0.0000E+00  0.0000E+00
 1.4806E+02  0.0000E+00  0.0000E+00  0.0000E+00  0.0000E+00  0.0000E+00
 1.4919E+02  0.0000E+00  0.0000E+00  0.0000E+00  0.0000E+00  0.0000E+00
 1.5033E+02  0.0000E+00  0.0000E+00  0.0000E+00  0.0000E+00  0.0000E+00
 1.5149E+02  0.0000E+00  0.0000E+00  0.0000E+00  0.0000E+00  0.0000E+00
 1.5265E+02  0.0000E+00  0.0000E+00  0.0000E+00  0.0000E+00  0.0000E+00
 1.5381E+02  0.0000E+00  0.0000E+00  0.0000E+00  0.0000E+00  0.0000E+00
 1.5499E+02  0.0000E+00  0.0000E+00  0.0000E+00  0.0000E+00  0.0000E+00
 1.5618E+02  0.0000E+00  0.0000E+00  0.0000E+00  0.0000E+00  0.0000E+00
 1.5738E+02  0.0000E+00  0.0000E+00  0.0000E+00  0.0000E+00  0.0000E+00
 1.5858E+02  0.0000E+00  0.0000E+00  0.0000E+00  0.0000E+00  0.0000E+00
 1.5980E+02  0.0000E+00  0.0000E+00  0.0000E+00  0.0000E+00  0.0000E+00
 1.6102E+02  0.0000E+00  0.0000E+00  0.0000E+00  0.0000E+00  0.0000E+00
 1.6225E+02  0.0000E+00  0.0000E+00  0.0000E+00  0.0000E+00  0.0000E+00
 1.6349E+02  0.0000E+00  0.0000E+00  0.0000E+00  0.0000E+00  0.0000E+00
 1.6475E+02  0.0000E+00  0.0000E+00  0.0000E+00  0.0000E+00  0.0000E+00
 1.6601E+02  0.0000E+00  0.0000E+00  0.0000E+00  0.0000E+00  0.0000E+00
 1.6728E+02  0.0000E+00  0.0000E+00  0.0000E+00  0.0000E+00  0.0000E+00
 1.6856E+02  0.0000E+00  0.0000E+00  0.0000E+00  0.0000E+00  0.0000E+00
 1.6985E+02  0.0000E+00  0.0000E+00  0.0000E+00  0.0000E+00  0.0000E+00
 1.7115E+02  0.0000E+00  0.0000E+00  0.0000E+00  0.0000E+00  0.0000E+00
 1.7246E+02  0.0000E+00  0.0000E+00  0.0000E+00  0.0000E+00  0.0000E+00
 1.7378E+02  0.0000E+00  0.0000E+00  0.0000E+00  0.0000E+00  0.0000E+00
 1.7511E+02  0.0000E+00  0.0000E+00  0.0000E+00  0.0000E+00  0.0000E+00
 1.7646E+02  0.0000E+00  0.0000E+00  0.0000E+00  0.0000E+00  0.0000E+00
 1.7781E+02  0.0000E+00  0.0000E+00  0.0000E+00  0.0000E+00  0.0000E+00
 1.7917E+02  0.0000E+00  0.0000E+00  0.0000E+00  0.0000E+00  0.0000E+00
 1.8054E+02  0.0000E+00  0.0000E+00  0.0000E+00  0.0000E+00  0.0000E+00
 1.8192E+02  0.0000E+00  0.0000E+00  0.0000E+00  0.0000E+00  0.0000E+00
 1.8332E+02  0.0000E+00  0.0000E+00  0.0000E+00  0.0000E+00  0.0000E+00
 1.8472E+02  0.0000E+00  0.0000E+00  0.0000E+00  0.0000E+00  0.0000E+00
 1.8614E+02  0.0000E+00  0.0000E+00  0.0000E+00  0.0000E+00  0.0000E+00
 1.8756E+02  0.0000E+00  0.0000E+00  0.0000E+00  0.0000E+00  0.0000E+00
 1.8900E+02  0.0000E+00  0.0000E+00  0.0000E+00  0.0000E+00  0.0000E+00
 1.9045E+02  0.0000E+00  0.0000E+00  0.0000E+00  0.0000E+00  0.0000E+00
 1.9190E+02  0.0000E+00  0.0000E+00  0.0000E+00  0.0000E+00  0.0000E+00
 1.9337E+02  0.0000E+00  0.0000E+00  0.0000E+00  0.0000E+00  0.0000E+00
 1.9485E+02  0.0000E+00  0.0000E+00  0.0000E+00  0.0000E+00  0.0000E+00
 1.9635E+02  0.0000E+00  0.0000E+00  0.0000E+00  0.0000E+00  0.0000E+00
 1.9785E+02  0.0000E+00  0.0000E+00  0.0000E+00  0.0000E+00  0.0000E+00
 1.9937E+02  0.0000E+00  0.0000E+00  0.0000E+00  0.0000E+00  0.0000E+00
 2.0089E+02  0.0000E+00  0.0000E+00  0.0000E+00  0.0000E+00  0.0000E+00
 2.0243E+02  0.0000E+00  0.0000E+00  0.0000E+00  0.0000E+00  0.0000E+00
 2.0398E+02  0.0000E+00  0.0000E+00  0.0000E+00  0.0000E+00  0.0000E+00
 2.0554E+02  0.0000E+00  0.0000E+00  0.0000E+00  0.0000E+00  0.0000E+00
 2.0712E+02  0.0000E+00  0.0000E+00  0.0000E+00  0.0000E+00  0.0000E+00
 2.0870E+02  0.0000E+00  0.0000E+00  0.0000E+00  0.0000E+00  0.0000E+00
 2.1030E+02  0.0000E+00  0.0000E+00  0.0000E+00  0.0000E+00  0.0000E+00
 2.1191E+02  0.0000E+00  0.0000E+00  0.0000E+00  0.0000E+00  0.0000E+00
 2.1354E+02  0.0000E+00  0.0000E+00  0.0000E+00  0.0000E+00  0.0000E+00
 2.1517E+02  0.0000E+00  0.0000E+00  0.0000E+00  0.0000E+00  0.0000E+00
 2.1682E+02  0.0000E+00  0.0000E+00  0.0000E+00  0.0000E+00  0.0000E+00
 2.1848E+02  0.0000E+00  0.0000E+00  0.0000E+00  0.0000E+00  0.0000E+00
 2.2015E+02  0.0000E+00  0.0000E+00  0.0000E+00  0.0000E+00  0.0000E+00
 2.2184E+02  0.0000E+00  0.0000E+00  0.0000E+00  0.0000E+00  0.0000E+00
 2.2354E+02  0.0000E+00  0.0000E+00  0.0000E+00  0.0000E+00  0.0000E+00
 2.2525E+02  0.0000E+00  0.0000E+00  0.0000E+00  0.0000E+00  0.0000E+00
 2.2697E+02  0.0000E+00  0.0000E+00  0.0000E+00  0.0000E+00  0.0000E+00
 2.2871E+02  0.0000E+00  0.0000E+00  0.0000E+00  0.0000E+00  0.0000E+00
 2.3046E+02  0.0000E+00  0.0000E+00  0.0000E+00  0.0000E+00  0.0000E+00
 2.3223E+02  0.0000E+00  0.0000E+00  0.0000E+00  0.0000E+00  0.0000E+00
 2.3401E+02  0.0000E+00  0.0000E+00  0.0000E+00  0.0000E+00  0.0000E+00
 2.3580E+02  0.0000E+00  0.0000E+00  0.0000E+00  0.0000E+00  0.0000E+00
 2.3761E+02  0.0000E+00  0.0000E+00  0.0000E+00  0.0000E+00  0.0000E+00
 2.3942E+02  0.0000E+00  0.0000E+00  0.0000E+00  0.0000E+00  0.0000E+00
 2.4126E+02  0.0000E+00  0.0000E+00  0.0000E+00  0.0000E+00  0.0000E+00
 2.4311E+02  0.0000E+00  0.0000E+00  0.0000E+00  0.0000E+00  0.0000E+00
 2.4497E+02  0.0000E+00  0.0000E+00  0.0000E+00  0.0000E+00  0.0000E+00
 2.4684E+02  0.0000E+00  0.0000E+00  0.0000E+00  0.0000E+00  0.0000E+00
 2.4873E+02  0.0000E+00  0.0000E+00  0.0000E+00  0.0000E+00  0.0000E+00
 2.5064E+02  0.0000E+00  0.0000E+00  0.0000E+00  0.0000E+00  0.0000E+00
 2.5256E+02  0.0000E+00  0.0000E+00  0.0000E+00  0.0000E+00  0.0000E+00
 2.5449E+02  0.0000E+00  0.0000E+00  0.0000E+00  0.0000E+00  0.0000E+00
 2.5644E+02  0.0000E+00  0.0000E+00  0.0000E+00  0.0000E+00  0.0000E+00
 2.5841E+02  0.0000E+00  0.0000E+00  0.0000E+00  0.0000E+00  0.0000E+00
 2.6038E+02  0.0000E+00  0.0000E+00  0.0000E+00  0.0000E+00  0.0000E+00
 2.6238E+02  0.0000E+00  0.0000E+00  0.0000E+00  0.0000E+00  0.0000E+00
 2.6439E+02  0.0000E+00  0.0000E+00  0.0000E+00  0.0000E+00  0.0000E+00
 2.6641E+02  0.0000E+00  0.0000E+00  0.0000E+00  0.0000E+00  0.0000E+00
 2.6845E+02  0.0000E+00  0.0000E+00  0.0000E+00  0.0000E+00  0.0000E+00
 2.7051E+02  0.0000E+00  0.0000E+00  0.0000E+00  0.0000E+00  0.0000E+00
 2.7258E+02  0.0000E+00  0.0000E+00  0.0000E+00  0.0000E+00  0.0000E+00
 2.7467E+02  0.0000E+00  0.0000E+00  0.0000E+00  0.0000E+00  0.0000E+00
 2.7677E+02  0.0000E+00  0.0000E+00  0.0000E+00  0.0000E+00  0.0000E+00
 2.7889E+02  0.0000E+00  0.0000E+00  0.0000E+00  0.0000E+00  0.0000E+00
 2.8103E+02  0.0000E+00  0.0000E+00  0.0000E+00  0.0000E+00  0.0000E+00
 2.8318E+02  0.0000E+00  0.0000E+00  0.0000E+00  0.0000E+00  0.0000E+00
 2.8535E+02  0.0000E+00  0.0000E+00  0.0000E+00  0.0000E+00  0.0000E+00
 2.8753E+02  0.0000E+00  0.0000E+00  0.0000E+00  0.0000E+00  0.0000E+00
 2.8974E+02  0.0000E+00  0.0000E+00  0.0000E+00  0.0000E+00  0.0000E+00
 2.9195E+02  0.0000E+00  0.0000E+00  0.0000E+00  0.0000E+00  0.0000E+00
 2.9419E+02  0.0000E+00  0.0000E+00  0.0000E+00  0.0000E+00  0.0000E+00
 2.9644E+02  0.0000E+00  0.0000E+00  0.0000E+00  0.0000E+00  0.0000E+00
 2.9871E+02  0.0000E+00  0.0000E+00  0.0000E+00  0.0000E+00  0.0000E+00
 3.0100E+02  0.0000E+00  0.0000E+00  0.0000E+00  0.0000E+00  0.0000E+00
 3.0331E+02  0.0000E+00  0.0000E+00  0.0000E+00  0.0000E+00  0.0000E+00
 3.0563E+02  0.0000E+00  0.0000E+00  0.0000E+00  0.0000E+00  0.0000E+00
 3.0797E+02  0.0000E+00  0.0000E+00  0.0000E+00  0.0000E+00  0.0000E+00
 3.1033E+02  0.0000E+00  0.0000E+00  0.0000E+00  0.0000E+00  0.0000E+00
 3.1271E+02  0.0000E+00  0.0000E+00  0.0000E+00  0.0000E+00  0.0000E+00
 3.1510E+02  0.0000E+00  0.0000E+00  0.0000E+00  0.0000E+00  0.0000E+00
 3.1751E+02  0.0000E+00  0.0000E+00  0.0000E+00  0.0000E+00  0.0000E+00
 3.1994E+02  0.0000E+00  0.0000E+00  0.0000E+00  0.0000E+00  0.0000E+00
 3.2240E+02  0.0000E+00  0.0000E+00  0.0000E+00  0.0000E+00  0.0000E+00
 3.2486E+02  0.0000E+00  0.0000E+00  0.0000E+00  0.0000E+00  0.0000E+00
 3.2735E+02  0.0000E+00  0.0000E+00  0.0000E+00  0.0000E+00  0.0000E+00
 3.2986E+02  0.0000E+00  0.0000E+00  0.0000E+00  0.0000E+00  0.0000E+00
 3.3239E+02  0.0000E+00  0.0000E+00  0.0000E+00  0.0000E+00  0.0000E+00
 3.3493E+02  0.0000E+00  0.0000E+00  0.0000E+00  0.0000E+00  0.0000E+00
 3.3750E+02  0.0000E+00  0.0000E+00  0.0000E+00  0.0000E+00  0.0000E+00
 3.4008E+02  0.0000E+00  0.0000E+00  0.0000E+00  0.0000E+00  0.0000E+00
 3.4268E+02  0.0000E+00  0.0000E+00  0.0000E+00  0.0000E+00  0.0000E+00
 3.4531E+02  0.0000E+00  0.0000E+00  0.0000E+00  0.0000E+00  0.0000E+00
 3.4795E+02  0.0000E+00  0.0000E+00  0.0000E+00  0.0000E+00  0.0000E+00
 3.5062E+02  0.0000E+00  0.0000E+00  0.0000E+00  0.0000E+00  0.0000E+00
 3.5330E+02  0.0000E+00  0.0000E+00  0.0000E+00  0.0000E+00  0.0000E+00
 3.5601E+02  0.0000E+00  0.0000E+00  0.0000E+00  0.0000E+00  0.0000E+00
 3.5874E+02  0.0000E+00  0.0000E+00  0.0000E+00  0.0000E+00  0.0000E+00
 3.6148E+02  0.0000E+00  0.0000E+00  0.0000E+00  0.0000E+00  0.0000E+00
 3.6425E+02  0.0000E+00  0.0000E+00  0.0000E+00  0.0000E+00  0.0000E+00
 3.6704E+02  0.0000E+00  0.0000E+00  0.0000E+00  0.0000E+00  0.0000E+00
 3.6985E+02  0.0000E+00  0.0000E+00  0.0000E+00  0.0000E+00  0.0000E+00
 3.7268E+02  0.0000E+00  0.0000E+00  0.0000E+00  0.0000E+00  0.0000E+00
 3.7554E+02  0.0000E+00  0.0000E+00  0.0000E+00  0.0000E+00  0.0000E+00
 3.7841E+02  0.0000E+00  0.0000E+00  0.0000E+00  0.0000E+00  0.0000E+00
 3.8131E+02  0.0000E+00  0.0000E+00  0.0000E+00  0.0000E+00  0.0000E+00
 3.8423E+02  0.0000E+00  0.0000E+00  0.0000E+00  0.0000E+00  0.0000E+00
 3.8718E+02  0.0000E+00  0.0000E+00  0.0000E+00  0.0000E+00  0.0000E+00
 3.9014E+02  0.0000E+00  0.0000E+00  0.0000E+00  0.0000E+00  0.0000E+00
 3.9313E+02  0.0000E+00  0.0000E+00  0.0000E+00  0.0000E+00  0.0000E+00
 3.9614E+02  0.0000E+00  0.0000E+00  0.0000E+00  0.0000E+00  0.0000E+00
 3.9917E+02  0.0000E+00  0.0000E+00  0.0000E+00  0.0000E+00  0.0000E+00
 4.0223E+02  0.0000E+00  0.0000E+00  0.0000E+00  0.0000E+00  0.0000E+00
 4.0531E+02  0.0000E+00  0.0000E+00  0.0000E+00  0.0000E+00  0.0000E+00
 4.0841E+02  0.0000E+00  0.0000E+00  0.0000E+00  0.0000E+00  0.0000E+00
 4.1154E+02  0.0000E+00  0.0000E+00  0.0000E+00  0.0000E+00  0.0000E+00
 4.1469E+02  0.0000E+00  0.0000E+00  0.0000E+00  0.0000E+00  0.0000E+00
 4.1787E+02  0.0000E+00  0.0000E+00  0.0000E+00  0.0000E+00  0.0000E+00
 4.2107E+02  0.0000E+00  0.0000E+00  0.0000E+00  0.0000E+00  0.0000E+00
 4.2429E+02  0.0000E+00  0.0000E+00  0.0000E+00  0.0000E+00  0.0000E+00
 4.2754E+02  0.0000E+00  0.0000E+00  0.0000E+00  0.0000E+00  0.0000E+00
 4.3082E+02  0.0000E+00  0.0000E+00  0.0000E+00  0.0000E+00  0.0000E+00
 4.3412E+02  0.0000E+00  0.0000E+00  0.0000E+00  0.0000E+00  0.0000E+00
 4.3744E+02  0.0000E+00  0.0000E+00  0.0000E+00  0.0000E+00  0.0000E+00
 4.4079E+02  0.0000E+00  0.0000E+00  0.0000E+00  0.0000E+00  0.0000E+00
 4.4417E+02  0.0000E+00  0.0000E+00  0.0000E+00  0.0000E+00  0.0000E+00
 4.4757E+02  0.0000E+00  0.0000E+00  0.0000E+00  0.0000E+00  0.0000E+00
 4.5100E+02  0.0000E+00  0.0000E+00  0.0000E+00  0.0000E+00  0.0000E+00
 4.5445E+02  0.0000E+00  0.0000E+00  0.0000E+00  0.0000E+00  0.0000E+00
 4.5793E+02  0.0000E+00  0.0000E+00  0.0000E+00  0.0000E+00  0.0000E+00
 4.6144E+02  0.0000E+00  0.0000E+00  0.0000E+00  0.0000E+00  0.0000E+00
 4.6497E+02  0.0000E+00  0.0000E+00  0.0000E+00  0.0000E+00  0.0000E+00
 4.6853E+02  0.0000E+00  0.0000E+00  0.0000E+00  0.0000E+00  0.0000E+00
 4.7212E+02  0.0000E+00  0.0000E+00  0.0000E+00  0.0000E+00  0.0000E+00
 4.7574E+02  0.0000E+00  0.0000E+00  0.0000E+00  0.0000E+00  0.0000E+00
 4.7938E+02  0.0000E+00  0.0000E+00  0.0000E+00  0.0000E+00  0.0000E+00
 4.8305E+02  0.0000E+00  0.0000E+00  0.0000E+00  0.0000E+00  0.0000E+00
 4.8675E+02  0.0000E+00  0.0000E+00  0.0000E+00  0.0000E+00  0.0000E+00
 4.9048E+02  0.0000E+00  0.0000E+00  0.0000E+00  0.0000E+00  0.0000E+00
 4.9424E+02  0.0000E+00  0.0000E+00  0.0000E+00  0.0000E+00  0.0000E+00
 4.9802E+02  0.0000E+00  0.0000E+00  0.0000E+00  0.0000E+00  0.0000E+00
 5.0183E+02  0.0000E+00  0.0000E+00  0.0000E+00  0.0000E+00  0.0000E+00
 5.0568E+02  0.0000E+00  0.0000E+00  0.0000E+00  0.0000E+00  0.0000E+00
 5.0955E+02  0.0000E+00  0.0000E+00  0.0000E+00  0.0000E+00  0.0000E+00
 5.1345E+02  0.0000E+00  0.0000E+00  0.0000E+00  0.0000E+00  0.0000E+00
 5.1738E+02  0.0000E+00  0.0000E+00  0.0000E+00  0.0000E+00  0.0000E+00
 5.2135E+02  0.0000E+00  0.0000E+00  0.0000E+00  0.0000E+00  0.0000E+00
 5.2534E+02  0.0000E+00  0.0000E+00  0.0000E+00  0.0000E+00  0.0000E+00
 5.2936E+02  0.0000E+00  0.0000E+00  0.0000E+00  0.0000E+00  0.0000E+00
 5.3342E+02  0.0000E+00  0.0000E+00  0.0000E+00  0.0000E+00  0.0000E+00
 5.3750E+02  0.0000E+00  0.0000E+00  0.0000E+00  0.0000E+00  0.0000E+00
 5.4162E+02  0.0000E+00  0.0000E+00  0.0000E+00  0.0000E+00  0.0000E+00
 5.4577E+02  0.0000E+00  0.0000E+00  0.0000E+00  0.0000E+00  0.0000E+00
 5.4995E+02  0.0000E+00  0.0000E+00  0.0000E+00  0.0000E+00  0.0000E+00
 5.5416E+02  0.0000E+00  0.0000E+00  0.0000E+00  0.0000E+00  0.0000E+00
 5.5840E+02  0.0000E+00  0.0000E+00  0.0000E+00  0.0000E+00  0.0000E+00
 5.6268E+02  0.0000E+00  0.0000E+00  0.0000E+00  0.0000E+00  0.0000E+00
 5.6699E+02  0.0000E+00  0.0000E+00  0.0000E+00  0.0000E+00  0.0000E+00
 5.7133E+02  0.0000E+00  0.0000E+00  0.0000E+00  0.0000E+00  0.0000E+00
 5.7571E+02  0.0000E+00  0.0000E+00  0.0000E+00  0.0000E+00  0.0000E+00
 5.8011E+02  0.0000E+00  0.0000E+00  0.0000E+00  0.0000E+00  0.0000E+00
 5.8456E+02  0.0000E+00  0.0000E+00  0.0000E+00  0.0000E+00  0.0000E+00
 5.8903E+02  0.0000E+00  0.0000E+00  0.0000E+00  0.0000E+00  0.0000E+00
 5.9354E+02  0.0000E+00  0.0000E+00  0.0000E+00  0.0000E+00  0.0000E+00
 5.9809E+02  0.0000E+00  0.0000E+00  0.0000E+00  0.0000E+00  0.0000E+00
 6.0267E+02  0.0000E+00  0.0000E+00  0.0000E+00  0.0000E+00  0.0000E+00
 6.0729E+02  0.0000E+00  0.0000E+00  0.0000E+00  0.0000E+00  0.0000E+00
 6.1194E+02  0.0000E+00  0.0000E+00  0.0000E+00  0.0000E+00  0.0000E+00
 6.1662E+02  0.0000E+00  0.0000E+00  0.0000E+00  0.0000E+00  0.0000E+00
 6.2135E+02  0.0000E+00  0.0000E+00  0.0000E+00  0.0000E+00  0.0000E+00
 6.2610E+02  0.0000E+00  0.0000E+00  0.0000E+00  0.0000E+00  0.0000E+00
 6.3090E+02  0.0000E+00  0.0000E+00  0.0000E+00  0.0000E+00  0.0000E+00
 6.3573E+02  0.0000E+00  0.0000E+00  0.0000E+00  0.0000E+00  0.0000E+00
 6.4060E+02  0.0000E+00  0.0000E+00  0.0000E+00  0.0000E+00  0.0000E+00
 6.4551E+02  0.0000E+00  0.0000E+00  0.0000E+00  0.0000E+00  0.0000E+00
 6.5045E+02  0.0000E+00  0.0000E+00  0.0000E+00  0.0000E+00  0.0000E+00
 6.5543E+02  0.0000E+00  0.0000E+00  0.0000E+00  0.0000E+00  0.0000E+00
 6.6045E+02  0.0000E+00  0.0000E+00  0.0000E+00  0.0000E+00  0.0000E+00
 6.6551E+02  0.0000E+00  0.0000E+00  0.0000E+00  0.0000E+00  0.0000E+00
 6.7060E+02  0.0000E+00  0.0000E+00  0.0000E+00  0.0000E+00  0.0000E+00
 6.7574E+02  0.0000E+00  0.0000E+00  0.0000E+00  0.0000E+00  0.0000E+00
 6.8092E+02  0.0000E+00  0.0000E+00  0.0000E+00  0.0000E+00  0.0000E+00
 6.8613E+02  0.0000E+00  0.0000E+00  0.0000E+00  0.0000E+00  0.0000E+00
 6.9138E+02  0.0000E+00  0.0000E+00  0.0000E+00  0.0000E+00  0.0000E+00
 6.9668E+02  0.0000E+00  0.0000E+00  0.0000E+00  0.0000E+00  0.0000E+00
 7.0201E+02  0.0000E+00  0.0000E+00  0.0000E+00  0.0000E+00  0.0000E+00
 7.0739E+02  0.0000E+00  0.0000E+00  0.0000E+00  0.0000E+00  0.0000E+00
 7.1281E+02  0.0000E+00  0.0000E+00  0.0000E+00  0.0000E+00  0.0000E+00
 7.1827E+02  0.0000E+00  0.0000E+00  0.0000E+00  0.0000E+00  0.0000E+00
 7.2377E+02  0.0000E+00  0.0000E+00  0.0000E+00  0.0000E+00  0.0000E+00
 7.2931E+02  0.0000E+00  0.0000E+00  0.0000E+00  0.0000E+00  0.0000E+00
 7.3490E+02  0.0000E+00  0.0000E+00  0.0000E+00  0.0000E+00  0.0000E+00
 7.4052E+02  0.0000E+00  0.0000E+00  0.0000E+00  0.0000E+00  0.0000E+00
 7.4620E+02  0.0000E+00  0.0000E+00  0.0000E+00  0.0000E+00  0.0000E+00
 7.5191E+02  0.0000E+00  0.0000E+00  0.0000E+00  0.0000E+00  0.0000E+00
 7.5767E+02  0.0000E+00  0.0000E+00  0.0000E+00  0.0000E+00  0.0000E+00
 7.6347E+02  0.0000E+00  0.0000E+00  0.0000E+00  0.0000E+00  0.0000E+00
 7.6932E+02  0.0000E+00  0.0000E+00  0.0000E+00  0.0000E+00  0.0000E+00
 7.7521E+02  0.0000E+00  0.0000E+00  0.0000E+00  0.0000E+00  0.0000E+00
 7.8115E+02  0.0000E+00  0.0000E+00  0.0000E+00  0.0000E+00  0.0000E+00
 7.8713E+02  0.0000E+00  0.0000E+00  0.0000E+00  0.0000E+00  0.0000E+00
 7.9316E+02  0.0000E+00  0.0000E+00  0.0000E+00  0.0000E+00  0.0000E+00
 7.9923E+02  0.0000E+00  0.0000E+00  0.0000E+00  0.0000E+00  0.0000E+00
 8.0535E+02  0.0000E+00  0.0000E+00  0.0000E+00  0.0000E+00  0.0000E+00
 8.1152E+02  0.0000E+00  0.0000E+00  0.0000E+00  0.0000E+00  0.0000E+00
 8.1774E+02  0.0000E+00  0.0000E+00  0.0000E+00  0.0000E+00  0.0000E+00
 8.2400E+02  0.0000E+00  0.0000E+00  0.0000E+00  0.0000E+00  0.0000E+00
 8.3031E+02  0.0000E+00  0.0000E+00  0.0000E+00  0.0000E+00  0.0000E+00
 8.3667E+02  0.0000E+00  0.0000E+00  0.0000E+00  0.0000E+00  0.0000E+00
 8.4307E+02  0.0000E+00  0.0000E+00  0.0000E+00  0.0000E+00  0.0000E+00
 8.4953E+02  0.0000E+00  0.0000E+00  0.0000E+00  0.0000E+00  0.0000E+00
 8.5604E+02  0.0000E+00  0.0000E+00  0.0000E+00  0.0000E+00  0.0000E+00
 8.6259E+02  0.0000E+00  0.0000E+00  0.0000E+00  0.0000E+00  0.0000E+00
 8.6920E+02  0.0000E+00  0.0000E+00  0.0000E+00  0.0000E+00  0.0000E+00
 8.7586E+02  0.0000E+00  0.0000E+00  0.0000E+00  0.0000E+00  0.0000E+00
 8.8256E+02  0.0000E+00  0.0000E+00  0.0000E+00  0.0000E+00  0.0000E+00
 8.8932E+02  0.0000E+00  0.0000E+00  0.0000E+00  0.0000E+00  0.0000E+00
 8.9613E+02  0.0000E+00  0.0000E+00  0.0000E+00  0.0000E+00  0.0000E+00
 9.0300E+02  0.0000E+00  0.0000E+00  0.0000E+00  0.0000E+00  0.0000E+00
 9.0991E+02  0.0000E+00  0.0000E+00  0.0000E+00  0.0000E+00  0.0000E+00
 9.1688E+02  0.0000E+00  0.0000E+00  0.0000E+00  0.0000E+00  0.0000E+00
 9.2390E+02  0.0000E+00  0.0000E+00  0.0000E+00  0.0000E+00  0.0000E+00
 9.3098E+02  0.0000E+00  0.0000E+00  0.0000E+00  0.0000E+00  0.0000E+00
 9.3811E+02  0.0000E+00  0.0000E+00  0.0000E+00  0.0000E+00  0.0000E+00
 9.4529E+02  0.0000E+00  0.0000E+00  0.0000E+00  0.0000E+00  0.0000E+00
 9.5253E+02  0.0000E+00  0.0000E+00  0.0000E+00  0.0000E+00  0.0000E+00
 9.5983E+02  0.0000E+00  0.0000E+00  0.0000E+00  0.0000E+00  0.0000E+00
 9.6718E+02  0.0000E+00  0.0000E+00  0.0000E+00  0.0000E+00  0.0000E+00
 9.7458E+02  0.0000E+00  0.0000E+00  0.0000E+00  0.0000E+00  0.0000E+00
 9.8205E+02  0.0000E+00  0.0000E+00  0.0000E+00  0.0000E+00  0.0000E+00
 9.8957E+02  0.0000E+00  0.0000E+00  0.0000E+00  0.0000E+00  0.0000E+00
 9.9715E+02  0.0000E+00  0.0000E+00  0.0000E+00  0.0000E+00  0.0000E+00
 1.0048E+03  0.0000E+00  0.0000E+00  0.0000E+00  0.0000E+00  0.0000E+00
 1.0125E+03  0.0000E+00  0.0000E+00  0.0000E+00  0.0000E+00  0.0000E+00
 1.0202E+03  0.0000E+00  0.0000E+00  0.0000E+00  0.0000E+00  0.0000E+00
 1.0280E+03  0.0000E+00  0.0000E+00  0.0000E+00  0.0000E+00  0.0000E+00
 1.0359E+03  0.0000E+00  0.0000E+00  0.0000E+00  0.0000E+00  0.0000E+00
 1.0439E+03  0.0000E+00  0.0000E+00  0.0000E+00  0.0000E+00  0.0000E+00
 1.0518E+03  0.0000E+00  0.0000E+00  0.0000E+00  0.0000E+00  0.0000E+00
 1.0599E+03  0.0000E+00  0.0000E+00  0.0000E+00  0.0000E+00  0.0000E+00
 1.0680E+03  0.0000E+00  0.0000E+00  0.0000E+00  0.0000E+00  0.0000E+00
 1.0762E+03  0.0000E+00  0.0000E+00  0.0000E+00  0.0000E+00  0.0000E+00
 1.0844E+03  0.0000E+00  0.0000E+00  0.0000E+00  0.0000E+00  0.0000E+00
 1.0927E+03  0.0000E+00  0.0000E+00  0.0000E+00  0.0000E+00  0.0000E+00
 1.1011E+03  0.0000E+00  0.0000E+00  0.0000E+00  0.0000E+00  0.0000E+00
 1.1095E+03  0.0000E+00  0.0000E+00  0.0000E+00  0.0000E+00  0.0000E+00
 1.1180E+03  0.0000E+00  0.0000E+00  0.0000E+00  0.0000E+00  0.0000E+00
 1.1266E+03  0.0000E+00  0.0000E+00  0.0000E+00  0.0000E+00  0.0000E+00
 1.1352E+03  0.0000E+00  0.0000E+00  0.0000E+00  0.0000E+00  0.0000E+00
 1.1439E+03  0.0000E+00  0.0000E+00  0.0000E+00  0.0000E+00  0.0000E+00
 1.1527E+03  0.0000E+00  0.0000E+00  0.0000E+00  0.0000E+00  0.0000E+00
 1.1615E+03  0.0000E+00  0.0000E+00  0.0000E+00  0.0000E+00  0.0000E+00
 1.1704E+03  0.0000E+00  0.0000E+00  0.0000E+00  0.0000E+00  0.0000E+00
 1.1794E+03  0.0000E+00  0.0000E+00  0.0000E+00  0.0000E+00  0.0000E+00
 1.1884E+03  0.0000E+00  0.0000E+00  0.0000E+00  0.0000E+00  0.0000E+00
 1.1975E+03  0.0000E+00  0.0000E+00  0.0000E+00  0.0000E+00  0.0000E+00
 1.2067E+03  0.0000E+00  0.0000E+00  0.0000E+00  0.0000E+00  0.0000E+00
 1.2159E+03  0.0000E+00  0.0000E+00  0.0000E+00  0.0000E+00  0.0000E+00
 1.2252E+03  0.0000E+00  0.0000E+00  0.0000E+00  0.0000E+00  0.0000E+00
 1.2346E+03  0.0000E+00  0.0000E+00  0.0000E+00  0.0000E+00  0.0000E+00
 1.2441E+03  0.0000E+00  0.0000E+00  0.0000E+00  0.0000E+00  0.0000E+00
 1.2536E+03  0.0000E+00  0.0000E+00  0.0000E+00  0.0000E+00  0.0000E+00
 1.2632E+03  0.0000E+00  0.0000E+00  0.0000E+00  0.0000E+00  0.0000E+00
 1.2729E+03  0.0000E+00  0.0000E+00  0.0000E+00  0.0000E+00  0.0000E+00
 1.2826E+03  0.0000E+00  0.0000E+00  0.0000E+00  0.0000E+00  0.0000E+00
 1.2924E+03  0.0000E+00  0.0000E+00  0.0000E+00  0.0000E+00  0.0000E+00
 1.3023E+03  0.0000E+00  0.0000E+00  0.0000E+00  0.0000E+00  0.0000E+00
 1.3123E+03  0.0000E+00  0.0000E+00  0.0000E+00  0.0000E+00  0.0000E+00
 1.3224E+03  0.0000E+00  0.0000E+00  0.0000E+00  0.0000E+00  0.0000E+00
 1.3325E+03  0.0000E+00  0.0000E+00  0.0000E+00  0.0000E+00  0.0000E+00
 1.3427E+03  0.0000E+00  0.0000E+00  0.0000E+00  0.0000E+00  0.0000E+00
 1.3530E+03  0.0000E+00  0.0000E+00  0.0000E+00  0.0000E+00  0.0000E+00
 1.3633E+03  0.0000E+00  0.0000E+00  0.0000E+00  0.0000E+00  0.0000E+00
 1.3738E+03  0.0000E+00  0.0000E+00  0.0000E+00  0.0000E+00  0.0000E+00
 1.3843E+03  0.0000E+00  0.0000E+00  0.0000E+00  0.0000E+00  0.0000E+00
 1.3949E+03  0.0000E+00  0.0000E+00  0.0000E+00  0.0000E+00  0.0000E+00
 1.4056E+03  0.0000E+00  0.0000E+00  0.0000E+00  0.0000E+00  0.0000E+00
 1.4164E+03  0.0000E+00  0.0000E+00  0.0000E+00  0.0000E+00  0.0000E+00
 1.4272E+03  0.0000E+00  0.0000E+00  0.0000E+00  0.0000E+00  0.0000E+00
 1.4381E+03  0.0000E+00  0.0000E+00  0.0000E+00  0.0000E+00  0.0000E+00
 1.4491E+03  0.0000E+00  0.0000E+00  0.0000E+00  0.0000E+00  0.0000E+00
 1.4602E+03  0.0000E+00  0.0000E+00  0.0000E+00  0.0000E+00  0.0000E+00
 1.4714E+03  0.0000E+00  0.0000E+00  0.0000E+00  0.0000E+00  0.0000E+00
 1.4827E+03  0.0000E+00  0.0000E+00  0.0000E+00  0.0000E+00  0.0000E+00
 1.4940E+03  0.0000E+00  0.0000E+00  0.0000E+00  0.0000E+00  0.0000E+00
 1.5055E+03  0.0000E+00  0.0000E+00  0.0000E+00  0.0000E+00  0.0000E+00
 1.5170E+03  0.0000E+00  0.0000E+00  0.0000E+00  0.0000E+00  0.0000E+00
 1.5286E+03  0.0000E+00  0.0000E+00  0.0000E+00  0.0000E+00  0.0000E+00
 1.5403E+03  0.0000E+00  0.0000E+00  0.0000E+00  0.0000E+00  0.0000E+00
 1.5521E+03  0.0000E+00  0.0000E+00  0.0000E+00  0.0000E+00  0.0000E+00
 1.5640E+03  0.0000E+00  0.0000E+00  0.0000E+00  0.0000E+00  0.0000E+00
 1.5760E+03  0.0000E+00  0.0000E+00  0.0000E+00  0.0000E+00  0.0000E+00
 1.5881E+03  0.0000E+00  0.0000E+00  0.0000E+00  0.0000E+00  0.0000E+00
 1.6002E+03  0.0000E+00  0.0000E+00  0.0000E+00  0.0000E+00  0.0000E+00
 1.6125E+03  0.0000E+00  0.0000E+00  0.0000E+00  0.0000E+00  0.0000E+00
 1.6248E+03  0.0000E+00  0.0000E+00  0.0000E+00  0.0000E+00  0.0000E+00
 1.6373E+03  0.0000E+00  0.0000E+00  0.0000E+00  0.0000E+00  0.0000E+00
 1.6498E+03  0.0000E+00  0.0000E+00  0.0000E+00  0.0000E+00  0.0000E+00
 1.6625E+03  0.0000E+00  0.0000E+00  0.0000E+00  0.0000E+00  0.0000E+00
 1.6752E+03  0.0000E+00  0.0000E+00  0.0000E+00  0.0000E+00  0.0000E+00
 1.6880E+03  0.0000E+00  0.0000E+00  0.0000E+00  0.0000E+00  0.0000E+00
 1.7009E+03  0.0000E+00  0.0000E+00  0.0000E+00  0.0000E+00  0.0000E+00
 1.7140E+03  0.0000E+00  0.0000E+00  0.0000E+00  0.0000E+00  0.0000E+00
 1.7271E+03  0.0000E+00  0.0000E+00  0.0000E+00  0.0000E+00  0.0000E+00
 1.7403E+03  0.0000E+00  0.0000E+00  0.0000E+00  0.0000E+00  0.0000E+00
 1.7537E+03  0.0000E+00  0.0000E+00  0.0000E+00  0.0000E+00  0.0000E+00
 1.7671E+03  0.0000E+00  0.0000E+00  0.0000E+00  0.0000E+00  0.0000E+00
 1.7806E+03  0.0000E+00  0.0000E+00  0.0000E+00  0.0000E+00  0.0000E+00
 1.7943E+03  0.0000E+00  0.0000E+00  0.0000E+00  0.0000E+00  0.0000E+00
 1.8080E+03  0.0000E+00  0.0000E+00  0.0000E+00  0.0000E+00  0.0000E+00
 1.8218E+03  0.0000E+00  0.0000E+00  0.0000E+00  0.0000E+00  0.0000E+00
 1.8358E+03  0.0000E+00  0.0000E+00  0.0000E+00  0.0000E+00  0.0000E+00
 1.8499E+03  0.0000E+00  0.0000E+00  0.0000E+00  0.0000E+00  0.0000E+00
 1.8640E+03  0.0000E+00  0.0000E+00  0.0000E+00  0.0000E+00  0.0000E+00
 1.8783E+03  0.0000E+00  0.0000E+00  0.0000E+00  0.0000E+00  0.0000E+00
 1.8927E+03  0.0000E+00  0.0000E+00  0.0000E+00  0.0000E+00  0.0000E+00
 1.9072E+03  0.0000E+00  0.0000E+00  0.0000E+00  0.0000E+00  0.0000E+00
 1.9218E+03  0.0000E+00  0.0000E+00  0.0000E+00  0.0000E+00  0.0000E+00
 1.9365E+03  0.0000E+00  0.0000E+00  0.0000E+00  0.0000E+00  0.0000E+00
 1.9513E+03  0.0000E+00  0.0000E+00  0.0000E+00  0.0000E+00  0.0000E+00
 1.9663E+03  0.0000E+00  0.0000E+00  0.0000E+00  0.0000E+00  0.0000E+00
 1.9813E+03  0.0000E+00  0.0000E+00  0.0000E+00  0.0000E+00  0.0000E+00
 1.9965E+03  0.0000E+00  0.0000E+00  0.0000E+00  0.0000E+00  0.0000E+00
 2.0118E+03  0.0000E+00  0.0000E+00  0.0000E+00  0.0000E+00  0.0000E+00
 2.0272E+03  0.0000E+00  0.0000E+00  0.0000E+00  0.0000E+00  0.0000E+00
 2.0427E+03  0.0000E+00  0.0000E+00  0.0000E+00  0.0000E+00  0.0000E+00
 2.0584E+03  0.0000E+00  0.0000E+00  0.0000E+00  0.0000E+00  0.0000E+00
 2.0741E+03  0.0000E+00  0.0000E+00  0.0000E+00  0.0000E+00  0.0000E+00
 2.0900E+03  0.0000E+00  0.0000E+00  0.0000E+00  0.0000E+00  0.0000E+00
 2.1060E+03  0.0000E+00  0.0000E+00  0.0000E+00  0.0000E+00  0.0000E+00
 2.1222E+03  0.0000E+00  0.0000E+00  0.0000E+00  0.0000E+00  0.0000E+00
 2.1384E+03  0.0000E+00  0.0000E+00  0.0000E+00  0.0000E+00  0.0000E+00
 2.1548E+03  0.0000E+00  0.0000E+00  0.0000E+00  0.0000E+00  0.0000E+00
 2.1713E+03  0.0000E+00  0.0000E+00  0.0000E+00  0.0000E+00  0.0000E+00
 2.1879E+03  0.0000E+00  0.0000E+00  0.0000E+00  0.0000E+00  0.0000E+00
 2.2047E+03  3.0117E-03  8.1579E-02  3.5177E-03  1.9098E-01  1.0000E+00
 2.2216E+03  3.0147E-03  8.1038E-02  3.5179E-03  1.8954E-01  1.0000E+00
 2.2386E+03  3.0177E-03  8.0500E-02  3.5181E-03  1.8811E-01  1.0000E+00
 2.2557E+03  3.0207E-03  7.9967E-02  3.5184E-03  1.8669E-01  1.0000E+00
 2.2730E+03  3.0237E-03  7.9436E-02  3.5186E-03  1.8529E-01  1.0000E+00
 2.2904E+03  3.0267E-03  7.8910E-02  3.5188E-03  1.8389E-01  1.0000E+00
 2.3079E+03  3.0297E-03  7.8386E-02  3.5191E-03  1.8251E-01  1.0000E+00
 2.3256E+03  3.0327E-03  7.7866E-02  3.5193E-03  1.8113E-01  1.0000E+00
 2.3434E+03  3.0357E-03  7.7350E-02  3.5196E-03  1.7977E-01  1.0000E+00
 2.3614E+03  3.0387E-03  7.6836E-02  3.5198E-03  1.7841E-01  1.0000E+00
 2.3794E+03  3.0417E-03  7.6325E-02  3.5201E-03  1.7707E-01  1.0000E+00
 2.3977E+03  3.0446E-03  7.5818E-02  3.5203E-03  1.7574E-01  1.0000E+00
 2.4160E+03  3.0476E-03  7.5314E-02  3.5206E-03  1.7441E-01  1.0000E+00
 2.4345E+03  3.0506E-03  7.4812E-02  3.5208E-03  1.7310E-01  1.0000E+00
 2.4532E+03  3.0535E-03  7.4314E-02  3.5211E-03  1.7180E-01  1.0000E+00
 2.4720E+03  3.0565E-03  7.3819E-02  3.5213E-03  1.7050E-01  1.0000E+00
 2.4909E+03  3.0594E-03  7.3327E-02  3.5216E-03  1.6922E-01  1.0000E+00
 2.5100E+03  3.0623E-03  7.2838E-02  3.5219E-03  1.6795E-01  1.0000E+00
 2.5292E+03  3.0652E-03  7.2352E-02  3.5221E-03  1.6668E-01  1.0000E+00
 2.5486E+03  3.0682E-03  7.1869E-02  3.5224E-03  1.6543E-01  1.0000E+00
 2.5681E+03  3.0711E-03  7.1389E-02  3.5227E-03  1.6418E-01  1.0000E+00
 2.5878E+03  3.0740E-03  7.0912E-02  3.5229E-03  1.6295E-01  1.0000E+00
 2.6076E+03  3.0769E-03  7.0439E-02  3.5232E-03  1.6172E-01  1.0000E+00
 2.6275E+03  3.0798E-03  6.9968E-02  3.5235E-03  1.6051E-01  1.0000E+00
 2.6477E+03  3.0827E-03  6.9500E-02  3.5237E-03  1.5930E-01  1.0000E+00
 2.6679E+03  3.0856E-03  6.9035E-02  3.5240E-03  1.5810E-01  1.0000E+00
 2.6884E+03  3.0884E-03  6.8573E-02  3.5243E-03  1.5691E-01  1.0000E+00
 2.7090E+03  3.0913E-03  6.8114E-02  3.5246E-03  1.5573E-01  1.0000E+00
 2.7297E+03  3.0942E-03  6.7657E-02  3.5249E-03  1.5456E-01  1.0000E+00
 2.7506E+03  3.0971E-03  6.7204E-02  3.5252E-03  1.5340E-01  1.0000E+00
 2.7717E+03  3.0999E-03  6.6754E-02  3.5254E-03  1.5225E-01  1.0000E+00
 2.7929E+03  3.1028E-03  6.6306E-02  3.5257E-03  1.5110E-01  1.0000E+00
 2.8143E+03  3.1056E-03  6.5861E-02  3.5260E-03  1.4996E-01  1.0000E+00
 2.8358E+03  3.1085E-03  6.5420E-02  3.5263E-03  1.4884E-01  1.0000E+00
 2.8576E+03  3.1114E-03  6.4981E-02  3.5266E-03  1.4772E-01  1.0000E+00
 2.8794E+03  3.1142E-03  6.4545E-02  3.5269E-03  1.4661E-01  1.0000E+00
 2.9015E+03  3.1171E-03  6.4111E-02  3.5272E-03  1.4551E-01  1.0000E+00
 2.9237E+03  3.1199E-03  6.3681E-02  3.5275E-03  1.4441E-01  1.0000E+00
 2.9461E+03  3.1228E-03  6.3253E-02  3.5278E-03  1.4333E-01  1.0000E+00
 2.9687E+03  3.1256E-03  6.2828E-02  3.5282E-03  1.4225E-01  1.0000E+00
 2.9914E+03  3.1284E-03  6.2406E-02  3.5285E-03  1.4118E-01  1.0000E+00
 3.0143E+03  3.1313E-03  6.1987E-02  3.5288E-03  1.4012E-01  1.0000E+00
 3.0374E+03  3.1341E-03  6.1570E-02  3.5291E-03  1.3907E-01  1.0000E+00
 3.0607E+03  3.1370E-03  6.1156E-02  3.5294E-03  1.3803E-01  1.0000E+00
 3.0841E+03  3.1398E-03  6.0745E-02  3.5297E-03  1.3699E-01  1.0000E+00
 3.1077E+03  3.1427E-03  6.0336E-02  3.5301E-03  1.3596E-01  1.0000E+00
 3.1315E+03  3.1455E-03  5.9931E-02  3.5304E-03  1.3494E-01  1.0000E+00
 3.1555E+03  3.1483E-03  5.9527E-02  3.5307E-03  1.3393E-01  1.0000E+00
 3.1797E+03  3.1512E-03  5.9127E-02  3.5311E-03  1.3292E-01  1.0000E+00
 3.2040E+03  3.1540E-03  5.8729E-02  3.5314E-03  1.3192E-01  1.0000E+00
 3.2286E+03  3.1569E-03  5.8334E-02  3.5317E-03  1.3093E-01  1.0000E+00
 3.2533E+03  3.1597E-03  5.7942E-02  3.5321E-03  1.2995E-01  1.0000E+00
 3.2782E+03  3.1626E-03  5.7552E-02  3.5324E-03  1.2898E-01  1.0000E+00
 3.3033E+03  3.1654E-03  5.7164E-02  3.5327E-03  1.2801E-01  1.0000E+00
 3.3286E+03  3.1683E-03  5.6780E-02  3.5331E-03  1.2705E-01  1.0000E+00
 3.3541E+03  3.1711E-03  5.6398E-02  3.5334E-03  1.2609E-01  1.0000E+00
 3.3798E+03  3.1740E-03  5.6018E-02  3.5338E-03  1.2515E-01  1.0000E+00
 3.4057E+03  3.1769E-03  5.5641E-02  3.5342E-03  1.2421E-01  1.0000E+00
 3.4317E+03  3.1797E-03  5.5267E-02  3.5345E-03  1.2328E-01  1.0000E+00
 3.4580E+03  3.1826E-03  5.4895E-02  3.5349E-03  1.2235E-01  1.0000E+00
 3.4845E+03  3.1855E-03  5.4525E-02  3.5352E-03  1.2144E-01  1.0000E+00
 3.5112E+03  3.1884E-03  5.4158E-02  3.5356E-03  1.2053E-01  1.0000E+00
 3.5381E+03  3.1912E-03  5.3794E-02  3.5360E-03  1.1962E-01  1.0000E+00
 3.5652E+03  3.1941E-03  5.3432E-02  3.5363E-03  1.1873E-01  1.0000E+00
 3.5925E+03  3.1970E-03  5.3072E-02  3.5367E-03  1.1784E-01  1.0000E+00
 3.6200E+03  3.1999E-03  5.2715E-02  3.5371E-03  1.1695E-01  1.0000E+00
 3.6477E+03  3.2028E-03  5.2361E-02  3.5375E-03  1.1608E-01  1.0000E+00
 3.6757E+03  3.2057E-03  5.2009E-02  3.5379E-03  1.1521E-01  1.0000E+00
 3.7038E+03  3.2086E-03  5.1659E-02  3.5383E-03  1.1434E-01  1.0000E+00
 3.7322E+03  3.2116E-03  5.1311E-02  3.5386E-03  1.1349E-01  1.0000E+00
 3.7608E+03  3.2145E-03  5.0967E-02  3.5390E-03  1.1264E-01  1.0000E+00
 3.7896E+03  3.2174E-03  5.0624E-02  3.5394E-03  1.1179E-01  1.0000E+00
 3.8186E+03  3.2204E-03  5.0284E-02  3.5398E-03  1.1096E-01  1.0000E+00
 3.8478E+03  3.2233E-03  4.9946E-02  3.5402E-03  1.1013E-01  1.0000E+00
 3.8773E+03  3.2263E-03  4.9610E-02  3.5406E-03  1.0930E-01  1.0000E+00
 3.9070E+03  3.2292E-03  4.9277E-02  3.5410E-03  1.0848E-01  1.0000E+00
 3.9369E+03  3.2322E-03  4.8946E-02  3.5415E-03  1.0767E-01  1.0000E+00
 3.9671E+03  3.2352E-03  4.8618E-02  3.5419E-03  1.0687E-01  1.0000E+00
 3.9974E+03  3.2382E-03  4.8291E-02  3.5423E-03  1.0607E-01  1.0000E+00
 4.0281E+03  3.2412E-03  4.7967E-02  3.5427E-03  1.0527E-01  1.0000E+00
 4.0589E+03  3.2442E-03  4.7645E-02  3.5431E-03  1.0448E-01  1.0000E+00
 4.0900E+03  3.2472E-03  4.7326E-02  3.5436E-03  1.0370E-01  1.0000E+00
 4.1213E+03  3.2502E-03  4.7009E-02  3.5440E-03  1.0293E-01  1.0000E+00
 4.1529E+03  3.2533E-03  4.6693E-02  3.5444E-03  1.0216E-01  1.0000E+00
 4.1847E+03  3.2563E-03  4.6381E-02  3.5449E-03  1.0139E-01  1.0000E+00
 4.2167E+03  3.2594E-03  4.6070E-02  3.5453E-03  1.0064E-01  1.0000E+00
 4.2490E+03  3.2625E-03  4.5761E-02  3.5458E-03  9.9883E-02  1.0000E+00
 4.2816E+03  3.2656E-03  4.5455E-02  3.5462E-03  9.9137E-02  1.0000E+00
 4.3143E+03  3.2686E-03  4.5151E-02  3.5467E-03  9.8396E-02  1.0000E+00
 4.3474E+03  3.2718E-03  4.4849E-02  3.5471E-03  9.7660E-02  1.0000E+00
 4.3807E+03  3.2749E-03  4.4549E-02  3.5476E-03  9.6931E-02  1.0000E+00
 4.4142E+03  3.2780E-03  4.4251E-02  3.5480E-03  9.6207E-02  1.0000E+00
 4.4480E+03  3.2811E-03  4.3956E-02  3.5485E-03  9.5488E-02  1.0000E+00
 4.4821E+03  3.2843E-03  4.3662E-02  3.5490E-03  9.4775E-02  1.0000E+00
 4.5164E+03  3.2874E-03  4.3370E-02  3.5494E-03  9.4067E-02  1.0000E+00
 4.5510E+03  3.2906E-03  4.3080E-02  3.5499E-03  9.3364E-02  1.0000E+00
 4.5859E+03  3.2937E-03  4.2792E-02  3.5504E-03  9.2667E-02  1.0000E+00
 4.6210E+03  3.2968E-03  4.2505E-02  3.5509E-03  9.1976E-02  1.0000E+00
 4.6564E+03  3.2999E-03  4.2220E-02  3.5514E-03  9.1289E-02  1.0000E+00
 4.6920E+03  3.3030E-03  4.1937E-02  3.5519E-03  9.0608E-02  1.0000E+00
 4.7280E+03  3.3061E-03  4.1656E-02  3.5523E-03  8.9932E-02  1.0000E+00
 4.7642E+03  3.3091E-03  4.1376E-02  3.5528E-03  8.9261E-02  1.0000E+00
 4.8007E+03  3.3122E-03  4.1098E-02  3.5533E-03  8.8595E-02  1.0000E+00
 4.8374E+03  3.3152E-03  4.0821E-02  3.5539E-03  8.7934E-02  1.0000E+00
 4.8745E+03  3.3182E-03  4.0547E-02  3.5544E-03  8.7278E-02  1.0000E+00
 4.9118E+03  3.3212E-03  4.0273E-02  3.5549E-03  8.6628E-02  1.0000E+00
 4.9494E+03  3.3242E-03  4.0002E-02  3.5554E-03  8.5982E-02  1.0000E+00
 4.9873E+03  3.3272E-03  3.9732E-02  3.5559E-03  8.5341E-02  1.0000E+00
 5.0255E+03  3.3302E-03  3.9464E-02  3.5564E-03  8.4705E-02  1.0000E+00
 5.0640E+03  3.3331E-03  3.9197E-02  3.5570E-03  8.4074E-02  1.0000E+00
 5.1028E+03  3.3360E-03  3.8932E-02  3.5575E-03  8.3447E-02  1.0000E+00
 5.1419E+03  3.3389E-03  3.8668E-02  3.5581E-03  8.2825E-02  1.0000E+00
 5.1812E+03  3.3418E-03  3.8406E-02  3.5586E-03  8.2208E-02  1.0000E+00
 5.2209E+03  3.3447E-03  3.8145E-02  3.5591E-03  8.1596E-02  1.0000E+00
 5.2609E+03  3.3476E-03  3.7886E-02  3.5597E-03  8.0989E-02  1.0000E+00
 5.3012E+03  3.3504E-03  3.7629E-02  3.5602E-03  8.0386E-02  1.0000E+00
 5.3418E+03  3.3532E-03  3.7373E-02  3.5608E-03  7.9787E-02  1.0000E+00
 5.3827E+03  3.3560E-03  3.7118E-02  3.5614E-03  7.9193E-02  1.0000E+00
 5.4239E+03  3.3588E-03  3.6865E-02  3.5619E-03  7.8604E-02  1.0000E+00
 5.4655E+03  3.3616E-03  3.6613E-02  3.5625E-03  7.8019E-02  1.0000E+00
 5.5073E+03  3.3643E-03  3.6363E-02  3.5631E-03  7.7439E-02  1.0000E+00
 5.5495E+03  3.3670E-03  3.6115E-02  3.5637E-03  7.6863E-02  1.0000E+00
 5.5920E+03  3.3697E-03  3.5867E-02  3.5643E-03  7.6291E-02  1.0000E+00
 5.6348E+03  3.3724E-03  3.5621E-02  3.5649E-03  7.5724E-02  1.0000E+00
 5.6780E+03  3.3750E-03  3.5377E-02  3.5654E-03  7.5161E-02  1.0000E+00
 5.7215E+03  3.3777E-03  3.5134E-02  3.5660E-03  7.4602E-02  1.0000E+00
 5.7653E+03  3.3803E-03  3.4892E-02  3.5667E-03  7.4048E-02  1.0000E+00
 5.8094E+03  3.3829E-03  3.4652E-02  3.5673E-03  7.3498E-02  1.0000E+00
 5.8539E+03  3.3854E-03  3.4413E-02  3.5679E-03  7.2952E-02  1.0000E+00
 5.8988E+03  3.3879E-03  3.4176E-02  3.5685E-03  7.2410E-02  1.0000E+00
 5.9439E+03  3.3904E-03  3.3940E-02  3.5691E-03  7.1872E-02  1.0000E+00
 5.9895E+03  3.3929E-03  3.3705E-02  3.5697E-03  7.1338E-02  1.0000E+00
 6.0353E+03  3.3954E-03  3.3471E-02  3.5704E-03  7.0809E-02  1.0000E+00
 6.0815E+03  3.3978E-03  3.3239E-02  3.5710E-03  7.0283E-02  1.0000E+00
 6.1281E+03  3.4002E-03  3.3009E-02  3.5717E-03  6.9761E-02  1.0000E+00
 6.1751E+03  3.4026E-03  3.2779E-02  3.5723E-03  6.9244E-02  1.0000E+00
 6.2223E+03  3.4049E-03  3.2551E-02  3.5730E-03  6.8730E-02  1.0000E+00
 6.2700E+03  3.4073E-03  3.2324E-02  3.5736E-03  6.8220E-02  1.0000E+00
 6.3180E+03  3.4096E-03  3.2098E-02  3.5743E-03  6.7714E-02  1.0000E+00
 6.3664E+03  3.4118E-03  3.1874E-02  3.5750E-03  6.7212E-02  1.0000E+00
 6.4152E+03  3.4141E-03  3.1651E-02  3.5756E-03  6.6714E-02  1.0000E+00
 6.4643E+03  3.4163E-03  3.1429E-02  3.5763E-03  6.6220E-02  1.0000E+00
 6.5138E+03  3.4184E-03  3.1209E-02  3.5770E-03  6.5729E-02  1.0000E+00
 6.5637E+03  3.4206E-03  3.0989E-02  3.5777E-03  6.5242E-02  1.0000E+00
 6.6139E+03  3.4227E-03  3.0771E-02  3.5784E-03  6.4759E-02  1.0000E+00
 6.6646E+03  3.4248E-03  3.0555E-02  3.5791E-03  6.4279E-02  1.0000E+00
 6.7156E+03  3.4268E-03  3.0339E-02  3.5798E-03  6.3803E-02  1.0000E+00
 6.7671E+03  3.4288E-03  3.0125E-02  3.5805E-03  6.3331E-02  1.0000E+00
 6.8189E+03  3.4308E-03  2.9911E-02  3.5812E-03  6.2862E-02  1.0000E+00
 6.8711E+03  3.4328E-03  2.9700E-02  3.5819E-03  6.2397E-02  1.0000E+00
 6.9237E+03  3.4347E-03  2.9489E-02  3.5827E-03  6.1935E-02  1.0000E+00
 6.9768E+03  3.4366E-03  2.9279E-02  3.5834E-03  6.1477E-02  1.0000E+00
 7.0302E+03  3.4384E-03  2.9071E-02  3.5841E-03  6.1022E-02  1.0000E+00
 7.0840E+03  3.4402E-03  2.8863E-02  3.5849E-03  6.0571E-02  1.0000E+00
 7.1383E+03  3.4420E-03  2.8657E-02  3.5856E-03  6.0124E-02  1.0000E+00
 7.1929E+03  3.4437E-03  2.8452E-02  3.5864E-03  5.9679E-02  1.0000E+00
 7.2480E+03  3.4454E-03  2.8249E-02  3.5871E-03  5.9238E-02  1.0000E+00
 7.3035E+03  3.4471E-03  2.8046E-02  3.5879E-03  5.8801E-02  1.0000E+00
 7.3595E+03  3.4487E-03  2.7845E-02  3.5887E-03  5.8366E-02  1.0000E+00
 7.4158E+03  3.4503E-03  2.7644E-02  3.5895E-03  5.7935E-02  1.0000E+00
 7.4726E+03  3.4519E-03  2.7445E-02  3.5903E-03  5.7508E-02  1.0000E+00
 7.5299E+03  3.4534E-03  2.7247E-02  3.5911E-03  5.7083E-02  1.0000E+00
 7.5875E+03  3.4549E-03  2.7050E-02  3.5919E-03  5.6662E-02  1.0000E+00
 7.6456E+03  3.4563E-03  2.6854E-02  3.5927E-03  5.6244E-02  1.0000E+00
 7.7042E+03  3.4577E-03  2.6659E-02  3.5935E-03  5.5829E-02  1.0000E+00
 7.7632E+03  3.4591E-03  2.6465E-02  3.5943E-03  5.5417E-02  1.0000E+00
 7.8226E+03  3.4604E-03  2.6273E-02  3.5951E-03  5.5009E-02  1.0000E+00
 7.8825E+03  3.4617E-03  2.6081E-02  3.5959E-03  5.4603E-02  1.0000E+00
 7.9429E+03  3.4630E-03  2.5892E-02  3.5968E-03  5.4201E-02  1.0000E+00
 8.0037E+03  3.4644E-03  2.5703E-02  3.5976E-03  5.3802E-02  1.0000E+00
 8.0650E+03  3.4657E-03  2.5516E-02  3.5985E-03  5.3405E-02  1.0000E+00
 8.1268E+03  3.4671E-03  2.5331E-02  3.5993E-03  5.3012E-02  1.0000E+00
 8.1890E+03  3.4684E-03  2.5146E-02  3.6002E-03  5.2622E-02  1.0000E+00
 8.2518E+03  3.4698E-03  2.4964E-02  3.6011E-03  5.2234E-02  1.0000E+00
 8.3150E+03  3.4712E-03  2.4782E-02  3.6019E-03  5.1850E-02  1.0000E+00
 8.3786E+03  3.4725E-03  2.4602E-02  3.6028E-03  5.1469E-02  1.0000E+00
 8.4428E+03  3.4739E-03  2.4423E-02  3.6037E-03  5.1090E-02  1.0000E+00
 8.5075E+03  3.4753E-03  2.4246E-02  3.6046E-03  5.0714E-02  1.0000E+00
 8.5726E+03  3.4767E-03  2.4070E-02  3.6055E-03  5.0341E-02  1.0000E+00
 8.6383E+03  3.4782E-03  2.3895E-02  3.6064E-03  4.9972E-02  1.0000E+00
 8.7044E+03  3.4796E-03  2.3722E-02  3.6073E-03  4.9604E-02  1.0000E+00
 8.7711E+03  3.4810E-03  2.3550E-02  3.6083E-03  4.9240E-02  1.0000E+00
 8.8383E+03  3.4825E-03  2.3379E-02  3.6092E-03  4.8878E-02  1.0000E+00
 8.9059E+03  3.4839E-03  2.3209E-02  3.6101E-03  4.8520E-02  1.0000E+00
 8.9741E+03  3.4854E-03  2.3041E-02  3.6111E-03  4.8163E-02  1.0000E+00
 9.0429E+03  3.4869E-03  2.2874E-02  3.6120E-03  4.7810E-02  1.0000E+00
 9.1121E+03  3.4883E-03  2.2708E-02  3.6130E-03  4.7459E-02  1.0000E+00
 9.1819E+03  3.4898E-03  2.2544E-02  3.6140E-03  4.7111E-02  1.0000E+00
 9.2522E+03  3.4913E-03  2.2381E-02  3.6149E-03  4.6766E-02  1.0000E+00
 9.3231E+03  3.4928E-03  2.2219E-02  3.6159E-03  4.6423E-02  1.0000E+00
 9.3945E+03  3.4943E-03  2.2058E-02  3.6169E-03  4.6083E-02  1.0000E+00
 9.4664E+03  3.4958E-03  2.1898E-02  3.6179E-03  4.5745E-02  1.0000E+00
 9.5389E+03  3.4974E-03  2.1740E-02  3.6189E-03  4.5410E-02  1.0000E+00
 9.6120E+03  3.4989E-03  2.1582E-02  3.6199E-03  4.5078E-02  1.0000E+00
 9.6856E+03  3.5005E-03  2.1426E-02  3.6210E-03  4.4748E-02  1.0000E+00
 9.7598E+03  3.5020E-03  2.1271E-02  3.6220E-03  4.4420E-02  1.0000E+00
 9.8345E+03  3.5036E-03  2.1117E-02  3.6230E-03  4.4095E-02  1.0000E+00
 9.9098E+03  3.5051E-03  2.0965E-02  3.6241E-03  4.3773E-02  1.0000E+00
 9.9857E+03  3.5067E-03  2.0813E-02  3.6251E-03  4.3453E-02  1.0000E+00
 1.0062E+04  3.5083E-03  2.0663E-02  3.6262E-03  4.3135E-02  1.0000E+00
 1.0139E+04  3.5099E-03  2.0514E-02  3.6273E-03  4.2820E-02  1.0000E+00
 1.0217E+04  3.5115E-03  2.0365E-02  3.6284E-03  4.2507E-02  1.0000E+00
 1.0295E+04  3.5131E-03  2.0218E-02  3.6295E-03  4.2197E-02  1.0000E+00
 1.0374E+04  3.5147E-03  2.0072E-02  3.6306E-03  4.1889E-02  1.0000E+00
 1.0453E+04  3.5163E-03  1.9928E-02  3.6317E-03  4.1583E-02  1.0000E+00
 1.0533E+04  3.5180E-03  1.9784E-02  3.6328E-03  4.1280E-02  1.0000E+00
 1.0614E+04  3.5196E-03  1.9641E-02  3.6339E-03  4.0979E-02  1.0000E+00
 1.0695E+04  3.5212E-03  1.9499E-02  3.6350E-03  4.0680E-02  1.0000E+00
 1.0777E+04  3.5229E-03  1.9359E-02  3.6362E-03  4.0384E-02  1.0000E+00
 1.0860E+04  3.5246E-03  1.9219E-02  3.6373E-03  4.0089E-02  1.0000E+00
 1.0943E+04  3.5262E-03  1.9080E-02  3.6385E-03  3.9797E-02  1.0000E+00
 1.1027E+04  3.5279E-03  1.8943E-02  3.6397E-03  3.9508E-02  1.0000E+00
 1.1111E+04  3.5296E-03  1.8806E-02  3.6408E-03  3.9220E-02  1.0000E+00
 1.1196E+04  3.5313E-03  1.8671E-02  3.6420E-03  3.8935E-02  1.0000E+00
 1.1282E+04  3.5330E-03  1.8536E-02  3.6432E-03  3.8651E-02  1.0000E+00
 1.1369E+04  3.5347E-03  1.8403E-02  3.6444E-03  3.8370E-02  1.0000E+00
 1.1456E+04  3.5364E-03  1.8270E-02  3.6456E-03  3.8091E-02  1.0000E+00
 1.1543E+04  3.5381E-03  1.8139E-02  3.6469E-03  3.7815E-02  1.0000E+00
 1.1632E+04  3.5399E-03  1.8008E-02  3.6481E-03  3.7540E-02  1.0000E+00
 1.1721E+04  3.5416E-03  1.7878E-02  3.6493E-03  3.7267E-02  1.0000E+00
 1.1811E+04  3.5433E-03  1.7750E-02  3.6506E-03  3.6997E-02  1.0000E+00
 1.1901E+04  3.5451E-03  1.7622E-02  3.6519E-03  3.6728E-02  1.0000E+00
 1.1992E+04  3.5468E-03  1.7495E-02  3.6531E-03  3.6462E-02  1.0000E+00
 1.2084E+04  3.5486E-03  1.7369E-02  3.6544E-03  3.6197E-02  1.0000E+00
 1.2177E+04  3.5504E-03  1.7244E-02  3.6557E-03  3.5935E-02  1.0000E+00
 1.2270E+04  3.5522E-03  1.7120E-02  3.6570E-03  3.5675E-02  1.0000E+00
 1.2364E+04  3.5540E-03  1.6997E-02  3.6583E-03  3.5416E-02  1.0000E+00
 1.2458E+04  3.5557E-03  1.6875E-02  3.6596E-03  3.5160E-02  1.0000E+00
 1.2554E+04  3.5575E-03  1.6754E-02  3.6610E-03  3.4905E-02  1.0000E+00
 1.2650E+04  3.5594E-03  1.6633E-02  3.6623E-03  3.4653E-02  1.0000E+00
 1.2747E+04  3.5612E-03  1.6514E-02  3.6637E-03  3.4402E-02  1.0000E+00
 1.2845E+04  3.5630E-03  1.6395E-02  3.6650E-03  3.4153E-02  1.0000E+00
 1.2943E+04  3.5648E-03  1.6277E-02  3.6664E-03  3.3906E-02  1.0000E+00
 1.3042E+04  3.5666E-03  1.6160E-02  3.6678E-03  3.3662E-02  1.0000E+00
 1.3142E+04  3.5685E-03  1.6044E-02  3.6692E-03  3.3418E-02  1.0000E+00
 1.3243E+04  3.5703E-03  1.5929E-02  3.6706E-03  3.3177E-02  1.0000E+00
 1.3344E+04  3.5722E-03  1.5814E-02  3.6720E-03  3.2938E-02  1.0000E+00
 1.3446E+04  3.5740E-03  1.5701E-02  3.6735E-03  3.2700E-02  1.0000E+00
 1.3549E+04  3.5759E-03  1.5588E-02  3.6749E-03  3.2464E-02  1.0000E+00
 1.3653E+04  3.5777E-03  1.5476E-02  3.6764E-03  3.2230E-02  1.0000E+00
 1.3757E+04  3.5796E-03  1.5365E-02  3.6778E-03  3.1998E-02  1.0000E+00
 1.3863E+04  3.5814E-03  1.5255E-02  3.6793E-03  3.1768E-02  1.0000E+00
 1.3969E+04  3.5833E-03  1.5145E-02  3.6808E-03  3.1539E-02  1.0000E+00
 1.4076E+04  3.5852E-03  1.5036E-02  3.6823E-03  3.1312E-02  1.0000E+00
 1.4184E+04  3.5871E-03  1.4928E-02  3.6838E-03  3.1087E-02  1.0000E+00
 1.4292E+04  3.5890E-03  1.4821E-02  3.6853E-03  3.0863E-02  1.0000E+00
 1.4402E+04  3.5908E-03  1.4714E-02  3.6869E-03  3.0642E-02  1.0000E+00
 1.4512E+04  3.5927E-03  1.4609E-02  3.6884E-03  3.0422E-02  1.0000E+00
 1.4623E+04  3.5946E-03  1.4504E-02  3.6900E-03  3.0203E-02  1.0000E+00
 1.4735E+04  3.5965E-03  1.4400E-02  3.6915E-03  2.9986E-02  1.0000E+00
 1.4848E+04  3.5984E-03  1.4296E-02  3.6931E-03  2.9771E-02  1.0000E+00
 1.4962E+04  3.6003E-03  1.4193E-02  3.6947E-03  2.9558E-02  1.0000E+00
 1.5076E+04  3.6022E-03  1.4092E-02  3.6963E-03  2.9346E-02  1.0000E+00
 1.5192E+04  3.6042E-03  1.3990E-02  3.6980E-03  2.9136E-02  1.0000E+00
 1.5308E+04  3.6061E-03  1.3890E-02  3.6996E-03  2.8927E-02  1.0000E+00
 1.5425E+04  3.6080E-03  1.3790E-02  3.7012E-03  2.8720E-02  1.0000E+00
 1.5544E+04  3.6099E-03  1.3691E-02  3.7029E-03  2.8514E-02  1.0000E+00
 1.5663E+04  3.6118E-03  1.3592E-02  3.7046E-03  2.8310E-02  1.0000E+00
 1.5783E+04  3.6137E-03  1.3495E-02  3.7063E-03  2.8108E-02  1.0000E+00
 1.5903E+04  3.6157E-03  1.3398E-02  3.7080E-03  2.7907E-02  1.0000E+00
 1.6025E+04  3.6176E-03  1.3302E-02  3.7097E-03  2.7708E-02  1.0000E+00
 1.6148E+04  3.6195E-03  1.3206E-02  3.7114E-03  2.7510E-02  1.0000E+00
 1.6272E+04  3.6215E-03  1.3111E-02  3.7132E-03  2.7314E-02  1.0000E+00
 1.6396E+04  3.6234E-03  1.3017E-02  3.7149E-03  2.7119E-02  1.0000E+00
 1.6522E+04  3.6253E-03  1.2923E-02  3.7167E-03  2.6926E-02  1.0000E+00
 1.6648E+04  3.6273E-03  1.2830E-02  3.7185E-03  2.6734E-02  1.0000E+00
 1.6776E+04  3.6292E-03  1.2738E-02  3.7203E-03  2.6544E-02  1.0000E+00
 1.6904E+04  3.6311E-03  1.2646E-02  3.7221E-03  2.6355E-02  1.0000E+00
 1.7034E+04  3.6331E-03  1.2555E-02  3.7239E-03  2.6167E-02  1.0000E+00
 1.7164E+04  3.6350E-03  1.2465E-02  3.7257E-03  2.5981E-02  1.0000E+00
 1.7296E+04  3.6369E-03  1.2375E-02  3.7276E-03  2.5797E-02  1.0000E+00
 1.7428E+04  3.6389E-03  1.2286E-02  3.7295E-03  2.5613E-02  1.0000E+00
 1.7562E+04  3.6408E-03  1.2198E-02  3.7313E-03  2.5432E-02  1.0000E+00
 1.7696E+04  3.6428E-03  1.2110E-02  3.7332E-03  2.5251E-02  1.0000E+00
 1.7832E+04  3.6447E-03  1.2023E-02  3.7352E-03  2.5072E-02  1.0000E+00
 1.7968E+04  3.6466E-03  1.1936E-02  3.7371E-03  2.4894E-02  1.0000E+00
 1.8106E+04  3.6486E-03  1.1850E-02  3.7390E-03  2.4718E-02  1.0000E+00
 1.8244E+04  3.6505E-03  1.1765E-02  3.7410E-03  2.4543E-02  1.0000E+00
 1.8384E+04  3.6524E-03  1.1680E-02  3.7430E-03  2.4369E-02  1.0000E+00
 1.8525E+04  3.6544E-03  1.1596E-02  3.7450E-03  2.4197E-02  1.0000E+00
 1.8667E+04  3.6563E-03  1.1512E-02  3.7470E-03  2.4026E-02  1.0000E+00
 1.8810E+04  3.6582E-03  1.1429E-02  3.7490E-03  2.3856E-02  1.0000E+00
 1.8954E+04  3.6602E-03  1.1347E-02  3.7510E-03  2.3688E-02  1.0000E+00
 1.9099E+04  3.6621E-03  1.1265E-02  3.7531E-03  2.3521E-02  1.0000E+00
 1.9245E+04  3.6640E-03  1.1183E-02  3.7552E-03  2.3355E-02  1.0000E+00
 1.9393E+04  3.6659E-03  1.1103E-02  3.7572E-03  2.3190E-02  1.0000E+00
 1.9541E+04  3.6679E-03  1.1022E-02  3.7593E-03  2.3027E-02  1.0000E+00
 1.9691E+04  3.6698E-03  1.0943E-02  3.7615E-03  2.2865E-02  1.0000E+00
 1.9842E+04  3.6717E-03  1.0864E-02  3.7636E-03  2.2704E-02  1.0000E+00
 1.9994E+04  3.6736E-03  1.0785E-02  3.7658E-03  2.2544E-02  1.0000E+00
 2.0147E+04  3.6755E-03  1.0707E-02  3.7679E-03  2.2386E-02  1.0000E+00
 2.0301E+04  3.6774E-03  1.0630E-02  3.7701E-03  2.2229E-02  1.0000E+00
 2.0456E+04  3.6793E-03  1.0553E-02  3.7723E-03  2.2073E-02  1.0000E+00
 2.0613E+04  3.6812E-03  1.0477E-02  3.7746E-03  2.1918E-02  1.0000E+00
 2.0771E+04  3.6831E-03  1.0401E-02  3.7768E-03  2.1764E-02  1.0000E+00
 2.0930E+04  3.6850E-03  1.0325E-02  3.7791E-03  2.1612E-02  1.0000E+00
 2.1090E+04  3.6869E-03  1.0251E-02  3.7813E-03  2.1460E-02  1.0000E+00
 2.1252E+04  3.6888E-03  1.0176E-02  3.7836E-03  2.1310E-02  1.0000E+00
 2.1415E+04  3.6906E-03  1.0102E-02  3.7859E-03  2.1161E-02  1.0000E+00
 2.1579E+04  3.6925E-03  1.0029E-02  3.7883E-03  2.1013E-02  1.0000E+00
 2.1744E+04  3.6944E-03  9.9565E-03  3.7906E-03  2.0866E-02  1.0000E+00
 2.1910E+04  3.6963E-03  9.8842E-03  3.7930E-03  2.0721E-02  1.0000E+00
 2.2078E+04  3.6981E-03  9.8125E-03  3.7954E-03  2.0576E-02  1.0000E+00
 2.2247E+04  3.7000E-03  9.7412E-03  3.7978E-03  2.0433E-02  1.0000E+00
 2.2418E+04  3.7018E-03  9.6705E-03  3.8002E-03  2.0290E-02  1.0000E+00
 2.2589E+04  3.7037E-03  9.6002E-03  3.8027E-03  2.0149E-02  1.0000E+00
 2.2762E+04  3.7055E-03  9.5304E-03  3.8051E-03  2.0009E-02  1.0000E+00
 2.2937E+04  3.7074E-03  9.4611E-03  3.8076E-03  1.9870E-02  1.0000E+00
 2.3112E+04  3.7092E-03  9.3922E-03  3.8101E-03  1.9732E-02  1.0000E+00
 2.3289E+04  3.7110E-03  9.3239E-03  3.8127E-03  1.9595E-02  1.0000E+00
 2.3468E+04  3.7129E-03  9.2560E-03  3.8152E-03  1.9459E-02  1.0000E+00
 2.3647E+04  3.7147E-03  9.1886E-03  3.8178E-03  1.9324E-02  1.0000E+00
 2.3829E+04  3.7165E-03  9.1216E-03  3.8204E-03  1.9190E-02  1.0000E+00
 2.4011E+04  3.7183E-03  9.0551E-03  3.8230E-03  1.9057E-02  1.0000E+00
 2.4195E+04  3.7201E-03  8.9891E-03  3.8256E-03  1.8925E-02  1.0000E+00
 2.4380E+04  3.7219E-03  8.9235E-03  3.8282E-03  1.8795E-02  1.0000E+00
 2.4567E+04  3.7243E-03  8.8597E-03  3.8309E-03  1.8665E-02  1.0000E+00
 2.4755E+04  3.7277E-03  8.7989E-03  3.8336E-03  1.8536E-02  1.0000E+00
 2.4945E+04  3.7312E-03  8.7385E-03  3.8363E-03  1.8408E-02  1.0000E+00
 2.5136E+04  3.7346E-03  8.6786E-03  3.8390E-03  1.8281E-02  1.0000E+00
 2.5328E+04  3.7381E-03  8.6190E-03  3.8418E-03  1.8155E-02  1.0000E+00
 2.5522E+04  3.7416E-03  8.5599E-03  3.8446E-03  1.8030E-02  1.0000E+00
 2.5718E+04  3.7451E-03  8.5013E-03  3.8474E-03  1.7906E-02  1.0000E+00
 2.5915E+04  3.7486E-03  8.4430E-03  3.8502E-03  1.7783E-02  1.0000E+00
 2.6113E+04  3.7522E-03  8.3852E-03  3.8531E-03  1.7661E-02  1.0000E+00
 2.6313E+04  3.7557E-03  8.3278E-03  3.8559E-03  1.7540E-02  1.0000E+00
 2.6515E+04  3.7593E-03  8.2708E-03  3.8588E-03  1.7420E-02  1.0000E+00
 2.6718E+04  3.7629E-03  8.2142E-03  3.8617E-03  1.7300E-02  1.0000E+00
 2.6922E+04  3.7665E-03  8.1580E-03  3.8647E-03  1.7182E-02  1.0000E+00
 2.7128E+04  3.7702E-03  8.1022E-03  3.8676E-03  1.7065E-02  1.0000E+00
 2.7336E+04  3.7738E-03  8.0468E-03  3.8706E-03  1.6948E-02  1.0000E+00
 2.7545E+04  3.7775E-03  7.9918E-03  3.8736E-03  1.6832E-02  1.0000E+00
 2.7756E+04  3.7812E-03  7.9372E-03  3.8767E-03  1.6717E-02  1.0000E+00
 2.7969E+04  3.7849E-03  7.8830E-03  3.8797E-03  1.6603E-02  1.0000E+00
 2.8183E+04  3.7886E-03  7.8292E-03  3.8828E-03  1.6490E-02  1.0000E+00
 2.8399E+04  3.7924E-03  7.7758E-03  3.8859E-03  1.6378E-02  1.0000E+00
 2.8617E+04  3.7961E-03  7.7228E-03  3.8891E-03  1.6267E-02  1.0000E+00
 2.8836E+04  3.7999E-03  7.6702E-03  3.8922E-03  1.6156E-02  1.0000E+00
 2.9056E+04  3.8037E-03  7.6179E-03  3.8954E-03  1.6047E-02  1.0000E+00
 2.9279E+04  3.8076E-03  7.5660E-03  3.8986E-03  1.5938E-02  1.0000E+00
 2.9503E+04  3.8114E-03  7.5145E-03  3.9019E-03  1.5830E-02  1.0000E+00
 2.9729E+04  3.8153E-03  7.4634E-03  3.9051E-03  1.5723E-02  1.0000E+00
 2.9957E+04  3.8192E-03  7.4126E-03  3.9084E-03  1.5616E-02  1.0000E+00
 3.0186E+04  3.8231E-03  7.3622E-03  3.9117E-03  1.5511E-02  1.0000E+00
 3.0417E+04  3.8271E-03  7.3122E-03  3.9151E-03  1.5406E-02  1.0000E+00
 3.0650E+04  3.8310E-03  7.2625E-03  3.9184E-03  1.5302E-02  1.0000E+00
 3.0885E+04  3.8350E-03  7.2132E-03  3.9218E-03  1.5199E-02  1.0000E+00
 3.1122E+04  3.8390E-03  7.1643E-03  3.9253E-03  1.5097E-02  1.0000E+00
 3.1360E+04  3.8430E-03  7.1157E-03  3.9287E-03  1.4995E-02  1.0000E+00
 3.1600E+04  3.8471E-03  7.0674E-03  3.9322E-03  1.4894E-02  1.0000E+00
 3.1842E+04  3.8512E-03  7.0195E-03  3.9357E-03  1.4794E-02  1.0000E+00
 3.2086E+04  3.8553E-03  6.9720E-03  3.9392E-03  1.4695E-02  1.0000E+00
 3.2332E+04  3.8594E-03  6.9248E-03  3.9428E-03  1.4596E-02  1.0000E+00
 3.2579E+04  3.8636E-03  6.8780E-03  3.9464E-03  1.4499E-02  1.0000E+00
 3.2829E+04  3.8677E-03  6.8314E-03  3.9500E-03  1.4402E-02  1.0000E+00
 3.3080E+04  3.8719E-03  6.7853E-03  3.9537E-03  1.4306E-02  1.0000E+00
 3.3334E+04  3.8762E-03  6.7394E-03  3.9574E-03  1.4210E-02  1.0000E+00
 3.3589E+04  3.8804E-03  6.6939E-03  3.9611E-03  1.4115E-02  1.0000E+00
 3.3846E+04  3.8847E-03  6.6488E-03  3.9648E-03  1.4021E-02  1.0000E+00
 3.4105E+04  3.8890E-03  6.6039E-03  3.9686E-03  1.3928E-02  1.0000E+00
 3.4367E+04  3.8933E-03  6.5594E-03  3.9724E-03  1.3835E-02  1.0000E+00
 3.4630E+04  3.8977E-03  6.5152E-03  3.9762E-03  1.3743E-02  1.0000E+00
 3.4895E+04  3.9021E-03  6.4714E-03  3.9801E-03  1.3652E-02  1.0000E+00
 3.5162E+04  3.9065E-03  6.4278E-03  3.9840E-03  1.3562E-02  1.0000E+00
 3.5431E+04  3.9109E-03  6.3846E-03  3.9879E-03  1.3472E-02  1.0000E+00
 3.5703E+04  3.9154E-03  6.3417E-03  3.9919E-03  1.3383E-02  1.0000E+00
 3.5976E+04  3.9199E-03  6.2991E-03  3.9959E-03  1.3294E-02  1.0000E+00
 3.6252E+04  3.9244E-03  6.2568E-03  3.9999E-03  1.3207E-02  1.0000E+00
 3.6529E+04  3.9290E-03  6.2148E-03  4.0040E-03  1.3120E-02  1.0000E+00
 3.6809E+04  3.9336E-03  6.1732E-03  4.0080E-03  1.3033E-02  1.0000E+00
 3.7091E+04  3.9382E-03  6.1318E-03  4.0122E-03  1.2947E-02  1.0000E+00
 3.7375E+04  3.9428E-03  6.0908E-03  4.0163E-03  1.2862E-02  1.0000E+00
 3.7661E+04  3.9475E-03  6.0500E-03  4.0205E-03  1.2778E-02  1.0000E+00
 3.7950E+04  3.9522E-03  6.0095E-03  4.0248E-03  1.2694E-02  1.0000E+00
 3.8240E+04  3.9570E-03  5.9694E-03  4.0290E-03  1.2611E-02  1.0000E+00
 3.8533E+04  3.9617E-03  5.9295E-03  4.0333E-03  1.2529E-02  1.0000E+00
 3.8828E+04  3.9665E-03  5.8899E-03  4.0376E-03  1.2447E-02  1.0000E+00
 3.9126E+04  3.9714E-03  5.8507E-03  4.0420E-03  1.2365E-02  1.0000E+00
 3.9425E+04  3.9762E-03  5.8117E-03  4.0464E-03  1.2285E-02  1.0000E+00
 3.9727E+04  3.9811E-03  5.7730E-03  4.0509E-03  1.2205E-02  1.0000E+00
 4.0032E+04  3.9861E-03  5.7345E-03  4.0553E-03  1.2125E-02  1.0000E+00
 4.0338E+04  3.9910E-03  5.6964E-03  4.0599E-03  1.2047E-02  1.0000E+00
 4.0647E+04  3.9960E-03  5.6585E-03  4.0644E-03  1.1969E-02  1.0000E+00
 4.0958E+04  4.0011E-03  5.6209E-03  4.0690E-03  1.1891E-02  1.0000E+00
 4.1272E+04  4.0061E-03  5.5836E-03  4.0736E-03  1.1814E-02  1.0000E+00
 4.1588E+04  4.0112E-03  5.5466E-03  4.0783E-03  1.1738E-02  1.0000E+00
 4.1907E+04  4.0164E-03  5.5099E-03  4.0830E-03  1.1662E-02  1.0000E+00
 4.2228E+04  4.0215E-03  5.4734E-03  4.0877E-03  1.1587E-02  1.0000E+00
 4.2551E+04  4.0267E-03  5.4371E-03  4.0925E-03  1.1512E-02  1.0000E+00
 4.2877E+04  4.0320E-03  5.4012E-03  4.0973E-03  1.1438E-02  1.0000E+00
 4.3205E+04  4.0373E-03  5.3655E-03  4.1022E-03  1.1365E-02  1.0000E+00
 4.3536E+04  4.0426E-03  5.3301E-03  4.1071E-03  1.1292E-02  1.0000E+00
 4.3869E+04  4.0479E-03  5.2949E-03  4.1120E-03  1.1219E-02  1.0000E+00
 4.4205E+04  4.0533E-03  5.2600E-03  4.1170E-03  1.1148E-02  1.0000E+00
 4.4544E+04  4.0587E-03  5.2254E-03  4.1220E-03  1.1076E-02  1.0000E+00
 4.4885E+04  4.0642E-03  5.1910E-03  4.1271E-03  1.1006E-02  1.0000E+00
 4.5229E+04  4.0697E-03  5.1569E-03  4.1322E-03  1.0936E-02  1.0000E+00
 4.5575E+04  4.0753E-03  5.1230E-03  4.1373E-03  1.0866E-02  1.0000E+00
 4.5924E+04  4.0808E-03  5.0893E-03  4.1425E-03  1.0797E-02  1.0000E+00
 4.6276E+04  4.0865E-03  5.0560E-03  4.1478E-03  1.0728E-02  1.0000E+00
 4.6630E+04  4.0921E-03  5.0228E-03  4.1530E-03  1.0660E-02  1.0000E+00
 4.6987E+04  4.0978E-03  4.9899E-03  4.1584E-03  1.0593E-02  1.0000E+00
 4.7347E+04  4.1036E-03  4.9573E-03  4.1637E-03  1.0526E-02  1.0000E+00
 4.7710E+04  4.1094E-03  4.9249E-03  4.1691E-03  1.0460E-02  1.0000E+00
 4.8075E+04  4.1152E-03  4.8927E-03  4.1746E-03  1.0394E-02  1.0000E+00
 4.8443E+04  4.1211E-03  4.8608E-03  4.1801E-03  1.0328E-02  1.0000E+00
 4.8814E+04  4.1270E-03  4.8291E-03  4.1856E-03  1.0263E-02  1.0000E+00
 4.9188E+04  4.1330E-03  4.7976E-03  4.1912E-03  1.0199E-02  1.0000E+00
 4.9565E+04  4.1390E-03  4.7664E-03  4.1969E-03  1.0135E-02  1.0000E+00
 4.9945E+04  4.1450E-03  4.7354E-03  4.2026E-03  1.0072E-02  1.0000E+00
 5.0327E+04  4.1511E-03  4.7047E-03  4.2083E-03  1.0009E-02  1.0000E+00
 5.0713E+04  4.1572E-03  4.6741E-03  4.2141E-03  9.9463E-03  1.0000E+00
 5.1101E+04  4.1634E-03  4.6438E-03  4.2199E-03  9.8843E-03  1.0000E+00
 5.1492E+04  4.1697E-03  4.6137E-03  4.2258E-03  9.8229E-03  1.0000E+00
 5.1887E+04  4.1759E-03  4.5839E-03  4.2317E-03  9.7619E-03  1.0000E+00
 5.2284E+04  4.1823E-03  4.5542E-03  4.2377E-03  9.7014E-03  1.0000E+00
 5.2684E+04  4.1886E-03  4.5248E-03  4.2437E-03  9.6413E-03  1.0000E+00
 5.3088E+04  4.1950E-03  4.4956E-03  4.2498E-03  9.5818E-03  1.0000E+00
 5.3494E+04  4.2015E-03  4.4667E-03  4.2559E-03  9.5227E-03  1.0000E+00
 5.3904E+04  4.2080E-03  4.4379E-03  4.2621E-03  9.4640E-03  1.0000E+00
 5.4317E+04  4.2146E-03  4.4093E-03  4.2683E-03  9.4058E-03  1.0000E+00
 5.4733E+04  4.2212E-03  4.3810E-03  4.2746E-03  9.3481E-03  1.0000E+00
 5.5152E+04  4.2279E-03  4.3529E-03  4.2810E-03  9.2908E-03  1.0000E+00
 5.5574E+04  4.2346E-03  4.3250E-03  4.2873E-03  9.2339E-03  1.0000E+00
 5.6000E+04  4.2413E-03  4.2972E-03  4.2938E-03  9.1775E-03  1.0000E+00
 5.6429E+04  4.2482E-03  4.2697E-03  4.3003E-03  9.1215E-03  1.0000E+00
 5.6861E+04  4.2550E-03  4.2424E-03  4.3068E-03  9.0660E-03  1.0000E+00
 5.7297E+04  4.2620E-03  4.2153E-03  4.3134E-03  9.0109E-03  1.0000E+00
 5.7735E+04  4.2689E-03  4.1885E-03  4.3201E-03  8.9562E-03  1.0000E+00
 5.8177E+04  4.2760E-03  4.1618E-03  4.3268E-03  8.9020E-03  1.0000E+00
 5.8623E+04  4.2830E-03  4.1353E-03  4.3336E-03  8.8482E-03  1.0000E+00
 5.9072E+04  4.2902E-03  4.1090E-03  4.3404E-03  8.7948E-03  1.0000E+00
 5.9524E+04  4.2974E-03  4.0829E-03  4.3473E-03  8.7418E-03  1.0000E+00
 5.9980E+04  4.3046E-03  4.0570E-03  4.3543E-03  8.6892E-03  1.0000E+00
 6.0440E+04  4.3119E-03  4.0313E-03  4.3613E-03  8.6371E-03  1.0000E+00
 6.0902E+04  4.3193E-03  4.0057E-03  4.3684E-03  8.5853E-03  1.0000E+00
 6.1369E+04  4.3267E-03  3.9804E-03  4.3755E-03  8.5340E-03  1.0000E+00
 6.1839E+04  4.3342E-03  3.9553E-03  4.3827E-03  8.4830E-03  1.0000E+00
 6.2312E+04  4.3417E-03  3.9303E-03  4.3899E-03  8.4325E-03  1.0000E+00
 6.2790E+04  4.3493E-03  3.9056E-03  4.3972E-03  8.3823E-03  1.0000E+00
 6.3270E+04  4.3570E-03  3.8810E-03  4.4046E-03  8.3326E-03  1.0000E+00
 6.3755E+04  4.3647E-03  3.8566E-03  4.4120E-03  8.2832E-03  1.0000E+00
 6.4243E+04  4.3725E-03  3.8324E-03  4.4195E-03  8.2342E-03  1.0000E+00
 6.4735E+04  4.3803E-03  3.8083E-03  4.4271E-03  8.1856E-03  1.0000E+00
 6.5231E+04  4.3882E-03  3.7845E-03  4.4347E-03  8.1374E-03  1.0000E+00
 6.5731E+04  4.3962E-03  3.7608E-03  4.4424E-03  8.0896E-03  1.0000E+00
 6.6234E+04  4.4042E-03  3.7373E-03  4.4502E-03  8.0421E-03  1.0000E+00
 6.6741E+04  4.4123E-03  3.7140E-03  4.4580E-03  7.9950E-03  1.0000E+00
 6.7252E+04  4.4205E-03  3.6909E-03  4.4659E-03  7.9483E-03  1.0000E+00
 6.7767E+04  4.4287E-03  3.6679E-03  4.4739E-03  7.9020E-03  1.0000E+00
 6.8286E+04  4.4370E-03  3.6451E-03  4.4819E-03  7.8560E-03  1.0000E+00
 6.8809E+04  4.4454E-03  3.6225E-03  4.4900E-03  7.8103E-03  1.0000E+00
 6.9336E+04  4.4538E-03  3.6000E-03  4.4981E-03  7.7651E-03  1.0000E+00
 6.9867E+04  4.4623E-03  3.5777E-03  4.5064E-03  7.7202E-03  1.0000E+00
 7.0402E+04  4.4708E-03  3.5556E-03  4.5147E-03  7.6756E-03  1.0000E+00
 7.0942E+04  4.4795E-03  3.5336E-03  4.5231E-03  7.6314E-03  1.0000E+00
 7.1485E+04  4.4882E-03  3.5118E-03  4.5315E-03  7.5876E-03  1.0000E+00
 7.2032E+04  4.4969E-03  3.4902E-03  4.5400E-03  7.5441E-03  1.0000E+00
 7.2584E+04  4.5058E-03  3.4687E-03  4.5486E-03  7.5009E-03  1.0000E+00
 7.3140E+04  4.5147E-03  3.4474E-03  4.5573E-03  7.4581E-03  1.0000E+00
 7.3700E+04  4.5237E-03  3.4263E-03  4.5660E-03  7.4156E-03  1.0000E+00
 7.4264E+04  4.5327E-03  3.4053E-03  4.5749E-03  7.3734E-03  1.0000E+00
 7.4833E+04  4.5419E-03  3.3845E-03  4.5838E-03  7.3316E-03  1.0000E+00
 7.5406E+04  4.5511E-03  3.3638E-03  4.5927E-03  7.2902E-03  1.0000E+00
 7.5984E+04  4.5604E-03  3.3433E-03  4.6018E-03  7.2490E-03  1.0000E+00
 7.6566E+04  4.5697E-03  3.3229E-03  4.6109E-03  7.2082E-03  1.0000E+00
 7.7152E+04  4.5792E-03  3.3027E-03  4.6201E-03  7.1677E-03  1.0000E+00
 7.7743E+04  4.5887E-03  3.2827E-03  4.6294E-03  7.1275E-03  1.0000E+00
 7.8338E+04  4.5983E-03  3.2628E-03  4.6388E-03  7.0877E-03  1.0000E+00
 7.8938E+04  4.6079E-03  3.2430E-03  4.6482E-03  7.0481E-03  1.0000E+00
 7.9543E+04  4.6177E-03  3.2234E-03  4.6578E-03  7.0089E-03  1.0000E+00
 8.0152E+04  4.6275E-03  3.2040E-03  4.6674E-03  6.9700E-03  1.0000E+00
 8.0766E+04  4.6375E-03  3.1847E-03  4.6771E-03  6.9314E-03  1.0000E+00
 8.1384E+04  4.6475E-03  3.1655E-03  4.6869E-03  6.8931E-03  1.0000E+00
 8.2008E+04  4.6575E-03  3.1465E-03  4.6967E-03  6.8551E-03  1.0000E+00
 8.2636E+04  4.6677E-03  3.1276E-03  4.7067E-03  6.8174E-03  1.0000E+00
 8.3268E+04  4.6780E-03  3.1089E-03  4.7167E-03  6.7800E-03  1.0000E+00
 8.3906E+04  4.6883E-03  3.0903E-03  4.7268E-03  6.7430E-03  1.0000E+00
 8.4549E+04  4.6987E-03  3.0718E-03  4.7371E-03  6.7062E-03  1.0000E+00
 8.5196E+04  4.7092E-03  3.0535E-03  4.7474E-03  6.6697E-03  1.0000E+00
 8.5849E+04  4.7199E-03  3.0353E-03  4.7578E-03  6.6335E-03  1.0000E+00
 8.6506E+04  4.7305E-03  3.0173E-03  4.7683E-03  6.5976E-03  1.0000E+00
 8.7169E+04  4.7413E-03  2.9994E-03  4.7788E-03  6.5620E-03  1.0000E+00
 8.7836E+04  4.7522E-03  2.9816E-03  4.7895E-03  6.5266E-03  1.0000E+00
 8.8509E+04  4.7632E-03  2.9640E-03  4.8003E-03  6.4916E-03  1.0000E+00
 8.9187E+04  4.7742E-03  2.9465E-03  4.8111E-03  6.4568E-03  1.0000E+00
 8.9870E+04  4.7854E-03  2.9292E-03  4.8221E-03  6.4224E-03  1.0000E+00
 9.0558E+04  4.7966E-03  2.9119E-03  4.8331E-03  6.3882E-03  1.0000E+00
 9.1252E+04  4.8080E-03  2.8948E-03  4.8443E-03  6.3542E-03  1.0000E+00
 9.1950E+04  4.8194E-03  2.8779E-03  4.8555E-03  6.3206E-03  1.0000E+00
 9.2655E+04  4.8310E-03  2.8610E-03  4.8669E-03  6.2872E-03  1.0000E+00
 9.3364E+04  4.8426E-03  2.8443E-03  4.8783E-03  6.2541E-03  1.0000E+00
 9.4079E+04  4.8543E-03  2.8277E-03  4.8899E-03  6.2213E-03  1.0000E+00
 9.4800E+04  4.8662E-03  2.8112E-03  4.9015E-03  6.1887E-03  1.0000E+00
 9.5526E+04  4.8781E-03  2.7949E-03  4.9133E-03  6.1564E-03  1.0000E+00
 9.6257E+04  4.8902E-03  2.7787E-03  4.9252E-03  6.1243E-03  1.0000E+00
 9.6994E+04  4.9023E-03  2.7626E-03  4.9371E-03  6.0926E-03  1.0000E+00
 9.7737E+04  4.9145E-03  2.7466E-03  4.9492E-03  6.0610E-03  1.0000E+00
 9.8486E+04  4.9269E-03  2.7308E-03  4.9614E-03  6.0298E-03  1.0000E+00
 9.9240E+04  4.9394E-03  2.7151E-03  4.9737E-03  5.9988E-03  1.0000E+00
 1.0000E+05  4.9519E-03  2.6995E-03  4.9861E-03  5.9680E-03  1.0000E+00


