#     0	 1	   24	 5	 2.7882E+03	 1000	1
 4.8978E+01  0.0000E+00  0.0000E+00  0.0000E+00  0.0000E+00  0.0000E+00
 4.9353E+01  0.0000E+00  0.0000E+00  0.0000E+00  0.0000E+00  0.0000E+00
 4.9731E+01  0.0000E+00  0.0000E+00  0.0000E+00  0.0000E+00  0.0000E+00
 5.0112E+01  0.0000E+00  0.0000E+00  0.0000E+00  0.0000E+00  0.0000E+00
 5.0496E+01  0.0000E+00  0.0000E+00  0.0000E+00  0.0000E+00  0.0000E+00
 5.0882E+01  0.0000E+00  0.0000E+00  0.0000E+00  0.0000E+00  0.0000E+00
 5.1272E+01  0.0000E+00  0.0000E+00  0.0000E+00  0.0000E+00  0.0000E+00
 5.1665E+01  0.0000E+00  0.0000E+00  0.0000E+00  0.0000E+00  0.0000E+00
 5.2060E+01  0.0000E+00  0.0000E+00  0.0000E+00  0.0000E+00  0.0000E+00
 5.2459E+01  0.0000E+00  0.0000E+00  0.0000E+00  0.0000E+00  0.0000E+00
 5.2861E+01  0.0000E+00  0.0000E+00  0.0000E+00  0.0000E+00  0.0000E+00
 5.3266E+01  0.0000E+00  0.0000E+00  0.0000E+00  0.0000E+00  0.0000E+00
 5.3673E+01  0.0000E+00  0.0000E+00  0.0000E+00  0.0000E+00  0.0000E+00
 5.4085E+01  0.0000E+00  0.0000E+00  0.0000E+00  0.0000E+00  0.0000E+00
 5.4499E+01  0.0000E+00  0.0000E+00  0.0000E+00  0.0000E+00  0.0000E+00
 5.4916E+01  0.0000E+00  0.0000E+00  0.0000E+00  0.0000E+00  0.0000E+00
 5.5337E+01  0.0000E+00  0.0000E+00  0.0000E+00  0.0000E+00  0.0000E+00
 5.5760E+01  0.0000E+00  0.0000E+00  0.0000E+00  0.0000E+00  0.0000E+00
 5.6187E+01  0.0000E+00  0.0000E+00  0.0000E+00  0.0000E+00  0.0000E+00
 5.6618E+01  0.0000E+00  0.0000E+00  0.0000E+00  0.0000E+00  0.0000E+00
 5.7051E+01  0.0000E+00  0.0000E+00  0.0000E+00  0.0000E+00  0.0000E+00
 5.7488E+01  0.0000E+00  0.0000E+00  0.0000E+00  0.0000E+00  0.0000E+00
 5.7929E+01  0.0000E+00  0.0000E+00  0.0000E+00  0.0000E+00  0.0000E+00
 5.8372E+01  0.0000E+00  0.0000E+00  0.0000E+00  0.0000E+00  0.0000E+00
 5.8819E+01  0.0000E+00  0.0000E+00  0.0000E+00  0.0000E+00  0.0000E+00
 5.9270E+01  0.0000E+00  0.0000E+00  0.0000E+00  0.0000E+00  0.0000E+00
 5.9724E+01  0.0000E+00  0.0000E+00  0.0000E+00  0.0000E+00  0.0000E+00
 6.0181E+01  0.0000E+00  0.0000E+00  0.0000E+00  0.0000E+00  0.0000E+00
 6.0642E+01  0.0000E+00  0.0000E+00  0.0000E+00  0.0000E+00  0.0000E+00
 6.1106E+01  0.0000E+00  0.0000E+00  0.0000E+00  0.0000E+00  0.0000E+00
 6.1574E+01  0.0000E+00  0.0000E+00  0.0000E+00  0.0000E+00  0.0000E+00
 6.2046E+01  0.0000E+00  0.0000E+00  0.0000E+00  0.0000E+00  0.0000E+00
 6.2521E+01  0.0000E+00  0.0000E+00  0.0000E+00  0.0000E+00  0.0000E+00
 6.3000E+01  0.0000E+00  0.0000E+00  0.0000E+00  0.0000E+00  0.0000E+00
 6.3482E+01  0.0000E+00  0.0000E+00  0.0000E+00  0.0000E+00  0.0000E+00
 6.3968E+01  0.0000E+00  0.0000E+00  0.0000E+00  0.0000E+00  0.0000E+00
 6.4458E+01  0.0000E+00  0.0000E+00  0.0000E+00  0.0000E+00  0.0000E+00
 6.4952E+01  0.0000E+00  0.0000E+00  0.0000E+00  0.0000E+00  0.0000E+00
 6.5449E+01  0.0000E+00  0.0000E+00  0.0000E+00  0.0000E+00  0.0000E+00
 6.5951E+01  0.0000E+00  0.0000E+00  0.0000E+00  0.0000E+00  0.0000E+00
 6.6456E+01  0.0000E+00  0.0000E+00  0.0000E+00  0.0000E+00  0.0000E+00
 6.6965E+01  0.0000E+00  0.0000E+00  0.0000E+00  0.0000E+00  0.0000E+00
 6.7478E+01  0.0000E+00  0.0000E+00  0.0000E+00  0.0000E+00  0.0000E+00
 6.7994E+01  0.0000E+00  0.0000E+00  0.0000E+00  0.0000E+00  0.0000E+00
 6.8515E+01  0.0000E+00  0.0000E+00  0.0000E+00  0.0000E+00  0.0000E+00
 6.9040E+01  0.0000E+00  0.0000E+00  0.0000E+00  0.0000E+00  0.0000E+00
 6.9568E+01  0.0000E+00  0.0000E+00  0.0000E+00  0.0000E+00  0.0000E+00
 7.0101E+01  0.0000E+00  0.0000E+00  0.0000E+00  0.0000E+00  0.0000E+00
 7.0638E+01  0.0000E+00  0.0000E+00  0.0000E+00  0.0000E+00  0.0000E+00
 7.1179E+01  0.0000E+00  0.0000E+00  0.0000E+00  0.0000E+00  0.0000E+00
 7.1724E+01  0.0000E+00  0.0000E+00  0.0000E+00  0.0000E+00  0.0000E+00
 7.2273E+01  0.0000E+00  0.0000E+00  0.0000E+00  0.0000E+00  0.0000E+00
 7.2827E+01  0.0000E+00  0.0000E+00  0.0000E+00  0.0000E+00  0.0000E+00
 7.3385E+01  0.0000E+00  0.0000E+00  0.0000E+00  0.0000E+00  0.0000E+00
 7.3947E+01  0.0000E+00  0.0000E+00  0.0000E+00  0.0000E+00  0.0000E+00
 7.4513E+01  0.0000E+00  0.0000E+00  0.0000E+00  0.0000E+00  0.0000E+00
 7.5084E+01  0.0000E+00  0.0000E+00  0.0000E+00  0.0000E+00  0.0000E+00
 7.5659E+01  0.0000E+00  0.0000E+00  0.0000E+00  0.0000E+00  0.0000E+00
 7.6238E+01  0.0000E+00  0.0000E+00  0.0000E+00  0.0000E+00  0.0000E+00
 7.6822E+01  0.0000E+00  0.0000E+00  0.0000E+00  0.0000E+00  0.0000E+00
 7.7410E+01  0.0000E+00  0.0000E+00  0.0000E+00  0.0000E+00  0.0000E+00
 7.8003E+01  0.0000E+00  0.0000E+00  0.0000E+00  0.0000E+00  0.0000E+00
 7.8601E+01  0.0000E+00  0.0000E+00  0.0000E+00  0.0000E+00  0.0000E+00
 7.9202E+01  0.0000E+00  0.0000E+00  0.0000E+00  0.0000E+00  0.0000E+00
 7.9809E+01  0.0000E+00  0.0000E+00  0.0000E+00  0.0000E+00  0.0000E+00
 8.0420E+01  0.0000E+00  0.0000E+00  0.0000E+00  0.0000E+00  0.0000E+00
 8.1036E+01  0.0000E+00  0.0000E+00  0.0000E+00  0.0000E+00  0.0000E+00
 8.1657E+01  0.0000E+00  0.0000E+00  0.0000E+00  0.0000E+00  0.0000E+00
 8.2282E+01  0.0000E+00  0.0000E+00  0.0000E+00  0.0000E+00  0.0000E+00
 8.2912E+01  0.0000E+00  0.0000E+00  0.0000E+00  0.0000E+00  0.0000E+00
 8.3547E+01  0.0000E+00  0.0000E+00  0.0000E+00  0.0000E+00  0.0000E+00
 8.4187E+01  0.0000E+00  0.0000E+00  0.0000E+00  0.0000E+00  0.0000E+00
 8.4832E+01  0.0000E+00  0.0000E+00  0.0000E+00  0.0000E+00  0.0000E+00
 8.5481E+01  0.0000E+00  0.0000E+00  0.0000E+00  0.0000E+00  0.0000E+00
 8.6136E+01  0.0000E+00  0.0000E+00  0.0000E+00  0.0000E+00  0.0000E+00
 8.6796E+01  0.0000E+00  0.0000E+00  0.0000E+00  0.0000E+00  0.0000E+00
 8.7460E+01  0.0000E+00  0.0000E+00  0.0000E+00  0.0000E+00  0.0000E+00
 8.8130E+01  0.0000E+00  0.0000E+00  0.0000E+00  0.0000E+00  0.0000E+00
 8.8805E+01  0.0000E+00  0.0000E+00  0.0000E+00  0.0000E+00  0.0000E+00
 8.9485E+01  0.0000E+00  0.0000E+00  0.0000E+00  0.0000E+00  0.0000E+00
 9.0171E+01  0.0000E+00  0.0000E+00  0.0000E+00  0.0000E+00  0.0000E+00
 9.0861E+01  0.0000E+00  0.0000E+00  0.0000E+00  0.0000E+00  0.0000E+00
 9.1557E+01  0.0000E+00  0.0000E+00  0.0000E+00  0.0000E+00  0.0000E+00
 9.2258E+01  0.0000E+00  0.0000E+00  0.0000E+00  0.0000E+00  0.0000E+00
 9.2965E+01  0.0000E+00  0.0000E+00  0.0000E+00  0.0000E+00  0.0000E+00
 9.3677E+01  0.0000E+00  0.0000E+00  0.0000E+00  0.0000E+00  0.0000E+00
 9.4394E+01  0.0000E+00  0.0000E+00  0.0000E+00  0.0000E+00  0.0000E+00
 9.5117E+01  0.0000E+00  0.0000E+00  0.0000E+00  0.0000E+00  0.0000E+00
 9.5845E+01  0.0000E+00  0.0000E+00  0.0000E+00  0.0000E+00  0.0000E+00
 9.6579E+01  0.0000E+00  0.0000E+00  0.0000E+00  0.0000E+00  0.0000E+00
 9.7319E+01  0.0000E+00  0.0000E+00  0.0000E+00  0.0000E+00  0.0000E+00
 9.8064E+01  0.0000E+00  0.0000E+00  0.0000E+00  0.0000E+00  0.0000E+00
 9.8815E+01  0.0000E+00  0.0000E+00  0.0000E+00  0.0000E+00  0.0000E+00
 9.9572E+01  0.0000E+00  0.0000E+00  0.0000E+00  0.0000E+00  0.0000E+00
 1.0033E+02  0.0000E+00  0.0000E+00  0.0000E+00  0.0000E+00  0.0000E+00
 1.0110E+02  0.0000E+00  0.0000E+00  0.0000E+00  0.0000E+00  0.0000E+00
 1.0188E+02  0.0000E+00  0.0000E+00  0.0000E+00  0.0000E+00  0.0000E+00
 1.0266E+02  0.0000E+00  0.0000E+00  0.0000E+00  0.0000E+00  0.0000E+00
 1.0344E+02  0.0000E+00  0.0000E+00  0.0000E+00  0.0000E+00  0.0000E+00
 1.0424E+02  0.0000E+00  0.0000E+00  0.0000E+00  0.0000E+00  0.0000E+00
 1.0503E+02  0.0000E+00  0.0000E+00  0.0000E+00  0.0000E+00  0.0000E+00
 1.0584E+02  0.0000E+00  0.0000E+00  0.0000E+00  0.0000E+00  0.0000E+00
 1.0665E+02  0.0000E+00  0.0000E+00  0.0000E+00  0.0000E+00  0.0000E+00
 1.0747E+02  0.0000E+00  0.0000E+00  0.0000E+00  0.0000E+00  0.0000E+00
 1.0829E+02  0.0000E+00  0.0000E+00  0.0000E+00  0.0000E+00  0.0000E+00
 1.0912E+02  0.0000E+00  0.0000E+00  0.0000E+00  0.0000E+00  0.0000E+00
 1.0995E+02  0.0000E+00  0.0000E+00  0.0000E+00  0.0000E+00  0.0000E+00
 1.1080E+02  0.0000E+00  0.0000E+00  0.0000E+00  0.0000E+00  0.0000E+00
 1.1164E+02  0.0000E+00  0.0000E+00  0.0000E+00  0.0000E+00  0.0000E+00
 1.1250E+02  0.0000E+00  0.0000E+00  0.0000E+00  0.0000E+00  0.0000E+00
 1.1336E+02  0.0000E+00  0.0000E+00  0.0000E+00  0.0000E+00  0.0000E+00
 1.1423E+02  0.0000E+00  0.0000E+00  0.0000E+00  0.0000E+00  0.0000E+00
 1.1510E+02  0.0000E+00  0.0000E+00  0.0000E+00  0.0000E+00  0.0000E+00
 1.1599E+02  0.0000E+00  0.0000E+00  0.0000E+00  0.0000E+00  0.0000E+00
 1.1687E+02  0.0000E+00  0.0000E+00  0.0000E+00  0.0000E+00  0.0000E+00
 1.1777E+02  0.0000E+00  0.0000E+00  0.0000E+00  0.0000E+00  0.0000E+00
 1.1867E+02  0.0000E+00  0.0000E+00  0.0000E+00  0.0000E+00  0.0000E+00
 1.1958E+02  0.0000E+00  0.0000E+00  0.0000E+00  0.0000E+00  0.0000E+00
 1.2050E+02  0.0000E+00  0.0000E+00  0.0000E+00  0.0000E+00  0.0000E+00
 1.2142E+02  0.0000E+00  0.0000E+00  0.0000E+00  0.0000E+00  0.0000E+00
 1.2235E+02  0.0000E+00  0.0000E+00  0.0000E+00  0.0000E+00  0.0000E+00
 1.2329E+02  0.0000E+00  0.0000E+00  0.0000E+00  0.0000E+00  0.0000E+00
 1.2423E+02  0.0000E+00  0.0000E+00  0.0000E+00  0.0000E+00  0.0000E+00
 1.2518E+02  0.0000E+00  0.0000E+00  0.0000E+00  0.0000E+00  0.0000E+00
 1.2614E+02  0.0000E+00  0.0000E+00  0.0000E+00  0.0000E+00  0.0000E+00
 1.2711E+02  0.0000E+00  0.0000E+00  0.0000E+00  0.0000E+00  0.0000E+00
 1.2808E+02  0.0000E+00  0.0000E+00  0.0000E+00  0.0000E+00  0.0000E+00
 1.2906E+02  0.0000E+00  0.0000E+00  0.0000E+00  0.0000E+00  0.0000E+00
 1.3005E+02  0.0000E+00  0.0000E+00  0.0000E+00  0.0000E+00  0.0000E+00
 1.3104E+02  0.0000E+00  0.0000E+00  0.0000E+00  0.0000E+00  0.0000E+00
 1.3205E+02  0.0000E+00  0.0000E+00  0.0000E+00  0.0000E+00  0.0000E+00
 1.3306E+02  0.0000E+00  0.0000E+00  0.0000E+00  0.0000E+00  0.0000E+00
 1.3408E+02  0.0000E+00  0.0000E+00  0.0000E+00  0.0000E+00  0.0000E+00
 1.3510E+02  0.0000E+00  0.0000E+00  0.0000E+00  0.0000E+00  0.0000E+00
 1.3614E+02  0.0000E+00  0.0000E+00  0.0000E+00  0.0000E+00  0.0000E+00
 1.3718E+02  0.0000E+00  0.0000E+00  0.0000E+00  0.0000E+00  0.0000E+00
 1.3823E+02  0.0000E+00  0.0000E+00  0.0000E+00  0.0000E+00  0.0000E+00
 1.3929E+02  0.0000E+00  0.0000E+00  0.0000E+00  0.0000E+00  0.0000E+00
 1.4036E+02  0.0000E+00  0.0000E+00  0.0000E+00  0.0000E+00  0.0000E+00
 1.4143E+02  0.0000E+00  0.0000E+00  0.0000E+00  0.0000E+00  0.0000E+00
 1.4252E+02  0.0000E+00  0.0000E+00  0.0000E+00  0.0000E+00  0.0000E+00
 1.4361E+02  0.0000E+00  0.0000E+00  0.0000E+00  0.0000E+00  0.0000E+00
 1.4471E+02  0.0000E+00  0.0000E+00  0.0000E+00  0.0000E+00  0.0000E+00
 1.4582E+02  0.0000E+00  0.0000E+00  0.0000E+00  0.0000E+00  0.0000E+00
 1.4693E+02  0.0000E+00  0.0000E+00  0.0000E+00  0.0000E+00  0.0000E+00
 1.4806E+02  0.0000E+00  0.0000E+00  0.0000E+00  0.0000E+00  0.0000E+00
 1.4919E+02  0.0000E+00  0.0000E+00  0.0000E+00  0.0000E+00  0.0000E+00
 1.5033E+02  0.0000E+00  0.0000E+00  0.0000E+00  0.0000E+00  0.0000E+00
 1.5149E+02  0.0000E+00  0.0000E+00  0.0000E+00  0.0000E+00  0.0000E+00
 1.5265E+02  0.0000E+00  0.0000E+00  0.0000E+00  0.0000E+00  0.0000E+00
 1.5381E+02  0.0000E+00  0.0000E+00  0.0000E+00  0.0000E+00  0.0000E+00
 1.5499E+02  0.0000E+00  0.0000E+00  0.0000E+00  0.0000E+00  0.0000E+00
 1.5618E+02  0.0000E+00  0.0000E+00  0.0000E+00  0.0000E+00  0.0000E+00
 1.5738E+02  0.0000E+00  0.0000E+00  0.0000E+00  0.0000E+00  0.0000E+00
 1.5858E+02  0.0000E+00  0.0000E+00  0.0000E+00  0.0000E+00  0.0000E+00
 1.5980E+02  0.0000E+00  0.0000E+00  0.0000E+00  0.0000E+00  0.0000E+00
 1.6102E+02  0.0000E+00  0.0000E+00  0.0000E+00  0.0000E+00  0.0000E+00
 1.6225E+02  0.0000E+00  0.0000E+00  0.0000E+00  0.0000E+00  0.0000E+00
 1.6349E+02  0.0000E+00  0.0000E+00  0.0000E+00  0.0000E+00  0.0000E+00
 1.6475E+02  0.0000E+00  0.0000E+00  0.0000E+00  0.0000E+00  0.0000E+00
 1.6601E+02  0.0000E+00  0.0000E+00  0.0000E+00  0.0000E+00  0.0000E+00
 1.6728E+02  0.0000E+00  0.0000E+00  0.0000E+00  0.0000E+00  0.0000E+00
 1.6856E+02  0.0000E+00  0.0000E+00  0.0000E+00  0.0000E+00  0.0000E+00
 1.6985E+02  0.0000E+00  0.0000E+00  0.0000E+00  0.0000E+00  0.0000E+00
 1.7115E+02  0.0000E+00  0.0000E+00  0.0000E+00  0.0000E+00  0.0000E+00
 1.7246E+02  0.0000E+00  0.0000E+00  0.0000E+00  0.0000E+00  0.0000E+00
 1.7378E+02  0.0000E+00  0.0000E+00  0.0000E+00  0.0000E+00  0.0000E+00
 1.7511E+02  0.0000E+00  0.0000E+00  0.0000E+00  0.0000E+00  0.0000E+00
 1.7646E+02  0.0000E+00  0.0000E+00  0.0000E+00  0.0000E+00  0.0000E+00
 1.7781E+02  0.0000E+00  0.0000E+00  0.0000E+00  0.0000E+00  0.0000E+00
 1.7917E+02  0.0000E+00  0.0000E+00  0.0000E+00  0.0000E+00  0.0000E+00
 1.8054E+02  0.0000E+00  0.0000E+00  0.0000E+00  0.0000E+00  0.0000E+00
 1.8192E+02  0.0000E+00  0.0000E+00  0.0000E+00  0.0000E+00  0.0000E+00
 1.8332E+02  0.0000E+00  0.0000E+00  0.0000E+00  0.0000E+00  0.0000E+00
 1.8472E+02  0.0000E+00  0.0000E+00  0.0000E+00  0.0000E+00  0.0000E+00
 1.8614E+02  0.0000E+00  0.0000E+00  0.0000E+00  0.0000E+00  0.0000E+00
 1.8756E+02  0.0000E+00  0.0000E+00  0.0000E+00  0.0000E+00  0.0000E+00
 1.8900E+02  0.0000E+00  0.0000E+00  0.0000E+00  0.0000E+00  0.0000E+00
 1.9045E+02  0.0000E+00  0.0000E+00  0.0000E+00  0.0000E+00  0.0000E+00
 1.9190E+02  0.0000E+00  0.0000E+00  0.0000E+00  0.0000E+00  0.0000E+00
 1.9337E+02  0.0000E+00  0.0000E+00  0.0000E+00  0.0000E+00  0.0000E+00
 1.9485E+02  0.0000E+00  0.0000E+00  0.0000E+00  0.0000E+00  0.0000E+00
 1.9635E+02  0.0000E+00  0.0000E+00  0.0000E+00  0.0000E+00  0.0000E+00
 1.9785E+02  0.0000E+00  0.0000E+00  0.0000E+00  0.0000E+00  0.0000E+00
 1.9937E+02  0.0000E+00  0.0000E+00  0.0000E+00  0.0000E+00  0.0000E+00
 2.0089E+02  0.0000E+00  0.0000E+00  0.0000E+00  0.0000E+00  0.0000E+00
 2.0243E+02  0.0000E+00  0.0000E+00  0.0000E+00  0.0000E+00  0.0000E+00
 2.0398E+02  0.0000E+00  0.0000E+00  0.0000E+00  0.0000E+00  0.0000E+00
 2.0554E+02  0.0000E+00  0.0000E+00  0.0000E+00  0.0000E+00  0.0000E+00
 2.0712E+02  0.0000E+00  0.0000E+00  0.0000E+00  0.0000E+00  0.0000E+00
 2.0870E+02  0.0000E+00  0.0000E+00  0.0000E+00  0.0000E+00  0.0000E+00
 2.1030E+02  0.0000E+00  0.0000E+00  0.0000E+00  0.0000E+00  0.0000E+00
 2.1191E+02  0.0000E+00  0.0000E+00  0.0000E+00  0.0000E+00  0.0000E+00
 2.1354E+02  0.0000E+00  0.0000E+00  0.0000E+00  0.0000E+00  0.0000E+00
 2.1517E+02  0.0000E+00  0.0000E+00  0.0000E+00  0.0000E+00  0.0000E+00
 2.1682E+02  0.0000E+00  0.0000E+00  0.0000E+00  0.0000E+00  0.0000E+00
 2.1848E+02  0.0000E+00  0.0000E+00  0.0000E+00  0.0000E+00  0.0000E+00
 2.2015E+02  0.0000E+00  0.0000E+00  0.0000E+00  0.0000E+00  0.0000E+00
 2.2184E+02  0.0000E+00  0.0000E+00  0.0000E+00  0.0000E+00  0.0000E+00
 2.2354E+02  0.0000E+00  0.0000E+00  0.0000E+00  0.0000E+00  0.0000E+00
 2.2525E+02  0.0000E+00  0.0000E+00  0.0000E+00  0.0000E+00  0.0000E+00
 2.2697E+02  0.0000E+00  0.0000E+00  0.0000E+00  0.0000E+00  0.0000E+00
 2.2871E+02  0.0000E+00  0.0000E+00  0.0000E+00  0.0000E+00  0.0000E+00
 2.3046E+02  0.0000E+00  0.0000E+00  0.0000E+00  0.0000E+00  0.0000E+00
 2.3223E+02  0.0000E+00  0.0000E+00  0.0000E+00  0.0000E+00  0.0000E+00
 2.3401E+02  0.0000E+00  0.0000E+00  0.0000E+00  0.0000E+00  0.0000E+00
 2.3580E+02  0.0000E+00  0.0000E+00  0.0000E+00  0.0000E+00  0.0000E+00
 2.3761E+02  0.0000E+00  0.0000E+00  0.0000E+00  0.0000E+00  0.0000E+00
 2.3942E+02  0.0000E+00  0.0000E+00  0.0000E+00  0.0000E+00  0.0000E+00
 2.4126E+02  0.0000E+00  0.0000E+00  0.0000E+00  0.0000E+00  0.0000E+00
 2.4311E+02  0.0000E+00  0.0000E+00  0.0000E+00  0.0000E+00  0.0000E+00
 2.4497E+02  0.0000E+00  0.0000E+00  0.0000E+00  0.0000E+00  0.0000E+00
 2.4684E+02  0.0000E+00  0.0000E+00  0.0000E+00  0.0000E+00  0.0000E+00
 2.4873E+02  0.0000E+00  0.0000E+00  0.0000E+00  0.0000E+00  0.0000E+00
 2.5064E+02  0.0000E+00  0.0000E+00  0.0000E+00  0.0000E+00  0.0000E+00
 2.5256E+02  0.0000E+00  0.0000E+00  0.0000E+00  0.0000E+00  0.0000E+00
 2.5449E+02  0.0000E+00  0.0000E+00  0.0000E+00  0.0000E+00  0.0000E+00
 2.5644E+02  0.0000E+00  0.0000E+00  0.0000E+00  0.0000E+00  0.0000E+00
 2.5841E+02  0.0000E+00  0.0000E+00  0.0000E+00  0.0000E+00  0.0000E+00
 2.6038E+02  0.0000E+00  0.0000E+00  0.0000E+00  0.0000E+00  0.0000E+00
 2.6238E+02  0.0000E+00  0.0000E+00  0.0000E+00  0.0000E+00  0.0000E+00
 2.6439E+02  0.0000E+00  0.0000E+00  0.0000E+00  0.0000E+00  0.0000E+00
 2.6641E+02  0.0000E+00  0.0000E+00  0.0000E+00  0.0000E+00  0.0000E+00
 2.6845E+02  0.0000E+00  0.0000E+00  0.0000E+00  0.0000E+00  0.0000E+00
 2.7051E+02  0.0000E+00  0.0000E+00  0.0000E+00  0.0000E+00  0.0000E+00
 2.7258E+02  0.0000E+00  0.0000E+00  0.0000E+00  0.0000E+00  0.0000E+00
 2.7467E+02  0.0000E+00  0.0000E+00  0.0000E+00  0.0000E+00  0.0000E+00
 2.7677E+02  0.0000E+00  0.0000E+00  0.0000E+00  0.0000E+00  0.0000E+00
 2.7889E+02  0.0000E+00  0.0000E+00  0.0000E+00  0.0000E+00  0.0000E+00
 2.8103E+02  0.0000E+00  0.0000E+00  0.0000E+00  0.0000E+00  0.0000E+00
 2.8318E+02  0.0000E+00  0.0000E+00  0.0000E+00  0.0000E+00  0.0000E+00
 2.8535E+02  0.0000E+00  0.0000E+00  0.0000E+00  0.0000E+00  0.0000E+00
 2.8753E+02  0.0000E+00  0.0000E+00  0.0000E+00  0.0000E+00  0.0000E+00
 2.8974E+02  0.0000E+00  0.0000E+00  0.0000E+00  0.0000E+00  0.0000E+00
 2.9195E+02  0.0000E+00  0.0000E+00  0.0000E+00  0.0000E+00  0.0000E+00
 2.9419E+02  0.0000E+00  0.0000E+00  0.0000E+00  0.0000E+00  0.0000E+00
 2.9644E+02  0.0000E+00  0.0000E+00  0.0000E+00  0.0000E+00  0.0000E+00
 2.9871E+02  0.0000E+00  0.0000E+00  0.0000E+00  0.0000E+00  0.0000E+00
 3.0100E+02  0.0000E+00  0.0000E+00  0.0000E+00  0.0000E+00  0.0000E+00
 3.0331E+02  0.0000E+00  0.0000E+00  0.0000E+00  0.0000E+00  0.0000E+00
 3.0563E+02  0.0000E+00  0.0000E+00  0.0000E+00  0.0000E+00  0.0000E+00
 3.0797E+02  0.0000E+00  0.0000E+00  0.0000E+00  0.0000E+00  0.0000E+00
 3.1033E+02  0.0000E+00  0.0000E+00  0.0000E+00  0.0000E+00  0.0000E+00
 3.1271E+02  0.0000E+00  0.0000E+00  0.0000E+00  0.0000E+00  0.0000E+00
 3.1510E+02  0.0000E+00  0.0000E+00  0.0000E+00  0.0000E+00  0.0000E+00
 3.1751E+02  0.0000E+00  0.0000E+00  0.0000E+00  0.0000E+00  0.0000E+00
 3.1994E+02  0.0000E+00  0.0000E+00  0.0000E+00  0.0000E+00  0.0000E+00
 3.2240E+02  0.0000E+00  0.0000E+00  0.0000E+00  0.0000E+00  0.0000E+00
 3.2486E+02  0.0000E+00  0.0000E+00  0.0000E+00  0.0000E+00  0.0000E+00
 3.2735E+02  0.0000E+00  0.0000E+00  0.0000E+00  0.0000E+00  0.0000E+00
 3.2986E+02  0.0000E+00  0.0000E+00  0.0000E+00  0.0000E+00  0.0000E+00
 3.3239E+02  0.0000E+00  0.0000E+00  0.0000E+00  0.0000E+00  0.0000E+00
 3.3493E+02  0.0000E+00  0.0000E+00  0.0000E+00  0.0000E+00  0.0000E+00
 3.3750E+02  0.0000E+00  0.0000E+00  0.0000E+00  0.0000E+00  0.0000E+00
 3.4008E+02  0.0000E+00  0.0000E+00  0.0000E+00  0.0000E+00  0.0000E+00
 3.4268E+02  0.0000E+00  0.0000E+00  0.0000E+00  0.0000E+00  0.0000E+00
 3.4531E+02  0.0000E+00  0.0000E+00  0.0000E+00  0.0000E+00  0.0000E+00
 3.4795E+02  0.0000E+00  0.0000E+00  0.0000E+00  0.0000E+00  0.0000E+00
 3.5062E+02  0.0000E+00  0.0000E+00  0.0000E+00  0.0000E+00  0.0000E+00
 3.5330E+02  0.0000E+00  0.0000E+00  0.0000E+00  0.0000E+00  0.0000E+00
 3.5601E+02  0.0000E+00  0.0000E+00  0.0000E+00  0.0000E+00  0.0000E+00
 3.5874E+02  0.0000E+00  0.0000E+00  0.0000E+00  0.0000E+00  0.0000E+00
 3.6148E+02  0.0000E+00  0.0000E+00  0.0000E+00  0.0000E+00  0.0000E+00
 3.6425E+02  0.0000E+00  0.0000E+00  0.0000E+00  0.0000E+00  0.0000E+00
 3.6704E+02  0.0000E+00  0.0000E+00  0.0000E+00  0.0000E+00  0.0000E+00
 3.6985E+02  0.0000E+00  0.0000E+00  0.0000E+00  0.0000E+00  0.0000E+00
 3.7268E+02  0.0000E+00  0.0000E+00  0.0000E+00  0.0000E+00  0.0000E+00
 3.7554E+02  0.0000E+00  0.0000E+00  0.0000E+00  0.0000E+00  0.0000E+00
 3.7841E+02  0.0000E+00  0.0000E+00  0.0000E+00  0.0000E+00  0.0000E+00
 3.8131E+02  0.0000E+00  0.0000E+00  0.0000E+00  0.0000E+00  0.0000E+00
 3.8423E+02  0.0000E+00  0.0000E+00  0.0000E+00  0.0000E+00  0.0000E+00
 3.8718E+02  0.0000E+00  0.0000E+00  0.0000E+00  0.0000E+00  0.0000E+00
 3.9014E+02  0.0000E+00  0.0000E+00  0.0000E+00  0.0000E+00  0.0000E+00
 3.9313E+02  0.0000E+00  0.0000E+00  0.0000E+00  0.0000E+00  0.0000E+00
 3.9614E+02  0.0000E+00  0.0000E+00  0.0000E+00  0.0000E+00  0.0000E+00
 3.9917E+02  0.0000E+00  0.0000E+00  0.0000E+00  0.0000E+00  0.0000E+00
 4.0223E+02  0.0000E+00  0.0000E+00  0.0000E+00  0.0000E+00  0.0000E+00
 4.0531E+02  0.0000E+00  0.0000E+00  0.0000E+00  0.0000E+00  0.0000E+00
 4.0841E+02  0.0000E+00  0.0000E+00  0.0000E+00  0.0000E+00  0.0000E+00
 4.1154E+02  0.0000E+00  0.0000E+00  0.0000E+00  0.0000E+00  0.0000E+00
 4.1469E+02  0.0000E+00  0.0000E+00  0.0000E+00  0.0000E+00  0.0000E+00
 4.1787E+02  0.0000E+00  0.0000E+00  0.0000E+00  0.0000E+00  0.0000E+00
 4.2107E+02  0.0000E+00  0.0000E+00  0.0000E+00  0.0000E+00  0.0000E+00
 4.2429E+02  0.0000E+00  0.0000E+00  0.0000E+00  0.0000E+00  0.0000E+00
 4.2754E+02  0.0000E+00  0.0000E+00  0.0000E+00  0.0000E+00  0.0000E+00
 4.3082E+02  0.0000E+00  0.0000E+00  0.0000E+00  0.0000E+00  0.0000E+00
 4.3412E+02  0.0000E+00  0.0000E+00  0.0000E+00  0.0000E+00  0.0000E+00
 4.3744E+02  0.0000E+00  0.0000E+00  0.0000E+00  0.0000E+00  0.0000E+00
 4.4079E+02  0.0000E+00  0.0000E+00  0.0000E+00  0.0000E+00  0.0000E+00
 4.4417E+02  0.0000E+00  0.0000E+00  0.0000E+00  0.0000E+00  0.0000E+00
 4.4757E+02  0.0000E+00  0.0000E+00  0.0000E+00  0.0000E+00  0.0000E+00
 4.5100E+02  0.0000E+00  0.0000E+00  0.0000E+00  0.0000E+00  0.0000E+00
 4.5445E+02  0.0000E+00  0.0000E+00  0.0000E+00  0.0000E+00  0.0000E+00
 4.5793E+02  0.0000E+00  0.0000E+00  0.0000E+00  0.0000E+00  0.0000E+00
 4.6144E+02  0.0000E+00  0.0000E+00  0.0000E+00  0.0000E+00  0.0000E+00
 4.6497E+02  0.0000E+00  0.0000E+00  0.0000E+00  0.0000E+00  0.0000E+00
 4.6853E+02  0.0000E+00  0.0000E+00  0.0000E+00  0.0000E+00  0.0000E+00
 4.7212E+02  0.0000E+00  0.0000E+00  0.0000E+00  0.0000E+00  0.0000E+00
 4.7574E+02  0.0000E+00  0.0000E+00  0.0000E+00  0.0000E+00  0.0000E+00
 4.7938E+02  0.0000E+00  0.0000E+00  0.0000E+00  0.0000E+00  0.0000E+00
 4.8305E+02  0.0000E+00  0.0000E+00  0.0000E+00  0.0000E+00  0.0000E+00
 4.8675E+02  0.0000E+00  0.0000E+00  0.0000E+00  0.0000E+00  0.0000E+00
 4.9048E+02  0.0000E+00  0.0000E+00  0.0000E+00  0.0000E+00  0.0000E+00
 4.9424E+02  0.0000E+00  0.0000E+00  0.0000E+00  0.0000E+00  0.0000E+00
 4.9802E+02  0.0000E+00  0.0000E+00  0.0000E+00  0.0000E+00  0.0000E+00
 5.0183E+02  0.0000E+00  0.0000E+00  0.0000E+00  0.0000E+00  0.0000E+00
 5.0568E+02  0.0000E+00  0.0000E+00  0.0000E+00  0.0000E+00  0.0000E+00
 5.0955E+02  0.0000E+00  0.0000E+00  0.0000E+00  0.0000E+00  0.0000E+00
 5.1345E+02  0.0000E+00  0.0000E+00  0.0000E+00  0.0000E+00  0.0000E+00
 5.1738E+02  0.0000E+00  0.0000E+00  0.0000E+00  0.0000E+00  0.0000E+00
 5.2135E+02  0.0000E+00  0.0000E+00  0.0000E+00  0.0000E+00  0.0000E+00
 5.2534E+02  0.0000E+00  0.0000E+00  0.0000E+00  0.0000E+00  0.0000E+00
 5.2936E+02  0.0000E+00  0.0000E+00  0.0000E+00  0.0000E+00  0.0000E+00
 5.3342E+02  0.0000E+00  0.0000E+00  0.0000E+00  0.0000E+00  0.0000E+00
 5.3750E+02  0.0000E+00  0.0000E+00  0.0000E+00  0.0000E+00  0.0000E+00
 5.4162E+02  0.0000E+00  0.0000E+00  0.0000E+00  0.0000E+00  0.0000E+00
 5.4577E+02  0.0000E+00  0.0000E+00  0.0000E+00  0.0000E+00  0.0000E+00
 5.4995E+02  0.0000E+00  0.0000E+00  0.0000E+00  0.0000E+00  0.0000E+00
 5.5416E+02  0.0000E+00  0.0000E+00  0.0000E+00  0.0000E+00  0.0000E+00
 5.5840E+02  0.0000E+00  0.0000E+00  0.0000E+00  0.0000E+00  0.0000E+00
 5.6268E+02  0.0000E+00  0.0000E+00  0.0000E+00  0.0000E+00  0.0000E+00
 5.6699E+02  0.0000E+00  0.0000E+00  0.0000E+00  0.0000E+00  0.0000E+00
 5.7133E+02  0.0000E+00  0.0000E+00  0.0000E+00  0.0000E+00  0.0000E+00
 5.7571E+02  0.0000E+00  0.0000E+00  0.0000E+00  0.0000E+00  0.0000E+00
 5.8011E+02  0.0000E+00  0.0000E+00  0.0000E+00  0.0000E+00  0.0000E+00
 5.8456E+02  0.0000E+00  0.0000E+00  0.0000E+00  0.0000E+00  0.0000E+00
 5.8903E+02  0.0000E+00  0.0000E+00  0.0000E+00  0.0000E+00  0.0000E+00
 5.9354E+02  0.0000E+00  0.0000E+00  0.0000E+00  0.0000E+00  0.0000E+00
 5.9809E+02  0.0000E+00  0.0000E+00  0.0000E+00  0.0000E+00  0.0000E+00
 6.0267E+02  0.0000E+00  0.0000E+00  0.0000E+00  0.0000E+00  0.0000E+00
 6.0729E+02  0.0000E+00  0.0000E+00  0.0000E+00  0.0000E+00  0.0000E+00
 6.1194E+02  0.0000E+00  0.0000E+00  0.0000E+00  0.0000E+00  0.0000E+00
 6.1662E+02  0.0000E+00  0.0000E+00  0.0000E+00  0.0000E+00  0.0000E+00
 6.2135E+02  0.0000E+00  0.0000E+00  0.0000E+00  0.0000E+00  0.0000E+00
 6.2610E+02  0.0000E+00  0.0000E+00  0.0000E+00  0.0000E+00  0.0000E+00
 6.3090E+02  0.0000E+00  0.0000E+00  0.0000E+00  0.0000E+00  0.0000E+00
 6.3573E+02  0.0000E+00  0.0000E+00  0.0000E+00  0.0000E+00  0.0000E+00
 6.4060E+02  0.0000E+00  0.0000E+00  0.0000E+00  0.0000E+00  0.0000E+00
 6.4551E+02  0.0000E+00  0.0000E+00  0.0000E+00  0.0000E+00  0.0000E+00
 6.5045E+02  0.0000E+00  0.0000E+00  0.0000E+00  0.0000E+00  0.0000E+00
 6.5543E+02  0.0000E+00  0.0000E+00  0.0000E+00  0.0000E+00  0.0000E+00
 6.6045E+02  0.0000E+00  0.0000E+00  0.0000E+00  0.0000E+00  0.0000E+00
 6.6551E+02  0.0000E+00  0.0000E+00  0.0000E+00  0.0000E+00  0.0000E+00
 6.7060E+02  0.0000E+00  0.0000E+00  0.0000E+00  0.0000E+00  0.0000E+00
 6.7574E+02  0.0000E+00  0.0000E+00  0.0000E+00  0.0000E+00  0.0000E+00
 6.8092E+02  0.0000E+00  0.0000E+00  0.0000E+00  0.0000E+00  0.0000E+00
 6.8613E+02  0.0000E+00  0.0000E+00  0.0000E+00  0.0000E+00  0.0000E+00
 6.9138E+02  0.0000E+00  0.0000E+00  0.0000E+00  0.0000E+00  0.0000E+00
 6.9668E+02  0.0000E+00  0.0000E+00  0.0000E+00  0.0000E+00  0.0000E+00
 7.0201E+02  0.0000E+00  0.0000E+00  0.0000E+00  0.0000E+00  0.0000E+00
 7.0739E+02  0.0000E+00  0.0000E+00  0.0000E+00  0.0000E+00  0.0000E+00
 7.1281E+02  0.0000E+00  0.0000E+00  0.0000E+00  0.0000E+00  0.0000E+00
 7.1827E+02  0.0000E+00  0.0000E+00  0.0000E+00  0.0000E+00  0.0000E+00
 7.2377E+02  0.0000E+00  0.0000E+00  0.0000E+00  0.0000E+00  0.0000E+00
 7.2931E+02  0.0000E+00  0.0000E+00  0.0000E+00  0.0000E+00  0.0000E+00
 7.3490E+02  0.0000E+00  0.0000E+00  0.0000E+00  0.0000E+00  0.0000E+00
 7.4052E+02  0.0000E+00  0.0000E+00  0.0000E+00  0.0000E+00  0.0000E+00
 7.4620E+02  0.0000E+00  0.0000E+00  0.0000E+00  0.0000E+00  0.0000E+00
 7.5191E+02  0.0000E+00  0.0000E+00  0.0000E+00  0.0000E+00  0.0000E+00
 7.5767E+02  0.0000E+00  0.0000E+00  0.0000E+00  0.0000E+00  0.0000E+00
 7.6347E+02  0.0000E+00  0.0000E+00  0.0000E+00  0.0000E+00  0.0000E+00
 7.6932E+02  0.0000E+00  0.0000E+00  0.0000E+00  0.0000E+00  0.0000E+00
 7.7521E+02  0.0000E+00  0.0000E+00  0.0000E+00  0.0000E+00  0.0000E+00
 7.8115E+02  0.0000E+00  0.0000E+00  0.0000E+00  0.0000E+00  0.0000E+00
 7.8713E+02  0.0000E+00  0.0000E+00  0.0000E+00  0.0000E+00  0.0000E+00
 7.9316E+02  0.0000E+00  0.0000E+00  0.0000E+00  0.0000E+00  0.0000E+00
 7.9923E+02  0.0000E+00  0.0000E+00  0.0000E+00  0.0000E+00  0.0000E+00
 8.0535E+02  0.0000E+00  0.0000E+00  0.0000E+00  0.0000E+00  0.0000E+00
 8.1152E+02  0.0000E+00  0.0000E+00  0.0000E+00  0.0000E+00  0.0000E+00
 8.1774E+02  0.0000E+00  0.0000E+00  0.0000E+00  0.0000E+00  0.0000E+00
 8.2400E+02  0.0000E+00  0.0000E+00  0.0000E+00  0.0000E+00  0.0000E+00
 8.3031E+02  0.0000E+00  0.0000E+00  0.0000E+00  0.0000E+00  0.0000E+00
 8.3667E+02  0.0000E+00  0.0000E+00  0.0000E+00  0.0000E+00  0.0000E+00
 8.4307E+02  0.0000E+00  0.0000E+00  0.0000E+00  0.0000E+00  0.0000E+00
 8.4953E+02  0.0000E+00  0.0000E+00  0.0000E+00  0.0000E+00  0.0000E+00
 8.5604E+02  0.0000E+00  0.0000E+00  0.0000E+00  0.0000E+00  0.0000E+00
 8.6259E+02  0.0000E+00  0.0000E+00  0.0000E+00  0.0000E+00  0.0000E+00
 8.6920E+02  0.0000E+00  0.0000E+00  0.0000E+00  0.0000E+00  0.0000E+00
 8.7586E+02  0.0000E+00  0.0000E+00  0.0000E+00  0.0000E+00  0.0000E+00
 8.8256E+02  0.0000E+00  0.0000E+00  0.0000E+00  0.0000E+00  0.0000E+00
 8.8932E+02  0.0000E+00  0.0000E+00  0.0000E+00  0.0000E+00  0.0000E+00
 8.9613E+02  0.0000E+00  0.0000E+00  0.0000E+00  0.0000E+00  0.0000E+00
 9.0300E+02  0.0000E+00  0.0000E+00  0.0000E+00  0.0000E+00  0.0000E+00
 9.0991E+02  0.0000E+00  0.0000E+00  0.0000E+00  0.0000E+00  0.0000E+00
 9.1688E+02  0.0000E+00  0.0000E+00  0.0000E+00  0.0000E+00  0.0000E+00
 9.2390E+02  0.0000E+00  0.0000E+00  0.0000E+00  0.0000E+00  0.0000E+00
 9.3098E+02  0.0000E+00  0.0000E+00  0.0000E+00  0.0000E+00  0.0000E+00
 9.3811E+02  0.0000E+00  0.0000E+00  0.0000E+00  0.0000E+00  0.0000E+00
 9.4529E+02  0.0000E+00  0.0000E+00  0.0000E+00  0.0000E+00  0.0000E+00
 9.5253E+02  0.0000E+00  0.0000E+00  0.0000E+00  0.0000E+00  0.0000E+00
 9.5983E+02  0.0000E+00  0.0000E+00  0.0000E+00  0.0000E+00  0.0000E+00
 9.6718E+02  0.0000E+00  0.0000E+00  0.0000E+00  0.0000E+00  0.0000E+00
 9.7458E+02  0.0000E+00  0.0000E+00  0.0000E+00  0.0000E+00  0.0000E+00
 9.8205E+02  0.0000E+00  0.0000E+00  0.0000E+00  0.0000E+00  0.0000E+00
 9.8957E+02  0.0000E+00  0.0000E+00  0.0000E+00  0.0000E+00  0.0000E+00
 9.9715E+02  0.0000E+00  0.0000E+00  0.0000E+00  0.0000E+00  0.0000E+00
 1.0048E+03  0.0000E+00  0.0000E+00  0.0000E+00  0.0000E+00  0.0000E+00
 1.0125E+03  0.0000E+00  0.0000E+00  0.0000E+00  0.0000E+00  0.0000E+00
 1.0202E+03  0.0000E+00  0.0000E+00  0.0000E+00  0.0000E+00  0.0000E+00
 1.0280E+03  0.0000E+00  0.0000E+00  0.0000E+00  0.0000E+00  0.0000E+00
 1.0359E+03  0.0000E+00  0.0000E+00  0.0000E+00  0.0000E+00  0.0000E+00
 1.0439E+03  0.0000E+00  0.0000E+00  0.0000E+00  0.0000E+00  0.0000E+00
 1.0518E+03  0.0000E+00  0.0000E+00  0.0000E+00  0.0000E+00  0.0000E+00
 1.0599E+03  0.0000E+00  0.0000E+00  0.0000E+00  0.0000E+00  0.0000E+00
 1.0680E+03  0.0000E+00  0.0000E+00  0.0000E+00  0.0000E+00  0.0000E+00
 1.0762E+03  0.0000E+00  0.0000E+00  0.0000E+00  0.0000E+00  0.0000E+00
 1.0844E+03  0.0000E+00  0.0000E+00  0.0000E+00  0.0000E+00  0.0000E+00
 1.0927E+03  0.0000E+00  0.0000E+00  0.0000E+00  0.0000E+00  0.0000E+00
 1.1011E+03  0.0000E+00  0.0000E+00  0.0000E+00  0.0000E+00  0.0000E+00
 1.1095E+03  0.0000E+00  0.0000E+00  0.0000E+00  0.0000E+00  0.0000E+00
 1.1180E+03  0.0000E+00  0.0000E+00  0.0000E+00  0.0000E+00  0.0000E+00
 1.1266E+03  0.0000E+00  0.0000E+00  0.0000E+00  0.0000E+00  0.0000E+00
 1.1352E+03  0.0000E+00  0.0000E+00  0.0000E+00  0.0000E+00  0.0000E+00
 1.1439E+03  0.0000E+00  0.0000E+00  0.0000E+00  0.0000E+00  0.0000E+00
 1.1527E+03  0.0000E+00  0.0000E+00  0.0000E+00  0.0000E+00  0.0000E+00
 1.1615E+03  0.0000E+00  0.0000E+00  0.0000E+00  0.0000E+00  0.0000E+00
 1.1704E+03  0.0000E+00  0.0000E+00  0.0000E+00  0.0000E+00  0.0000E+00
 1.1794E+03  0.0000E+00  0.0000E+00  0.0000E+00  0.0000E+00  0.0000E+00
 1.1884E+03  0.0000E+00  0.0000E+00  0.0000E+00  0.0000E+00  0.0000E+00
 1.1975E+03  0.0000E+00  0.0000E+00  0.0000E+00  0.0000E+00  0.0000E+00
 1.2067E+03  0.0000E+00  0.0000E+00  0.0000E+00  0.0000E+00  0.0000E+00
 1.2159E+03  0.0000E+00  0.0000E+00  0.0000E+00  0.0000E+00  0.0000E+00
 1.2252E+03  0.0000E+00  0.0000E+00  0.0000E+00  0.0000E+00  0.0000E+00
 1.2346E+03  0.0000E+00  0.0000E+00  0.0000E+00  0.0000E+00  0.0000E+00
 1.2441E+03  0.0000E+00  0.0000E+00  0.0000E+00  0.0000E+00  0.0000E+00
 1.2536E+03  0.0000E+00  0.0000E+00  0.0000E+00  0.0000E+00  0.0000E+00
 1.2632E+03  0.0000E+00  0.0000E+00  0.0000E+00  0.0000E+00  0.0000E+00
 1.2729E+03  0.0000E+00  0.0000E+00  0.0000E+00  0.0000E+00  0.0000E+00
 1.2826E+03  0.0000E+00  0.0000E+00  0.0000E+00  0.0000E+00  0.0000E+00
 1.2924E+03  0.0000E+00  0.0000E+00  0.0000E+00  0.0000E+00  0.0000E+00
 1.3023E+03  0.0000E+00  0.0000E+00  0.0000E+00  0.0000E+00  0.0000E+00
 1.3123E+03  0.0000E+00  0.0000E+00  0.0000E+00  0.0000E+00  0.0000E+00
 1.3224E+03  0.0000E+00  0.0000E+00  0.0000E+00  0.0000E+00  0.0000E+00
 1.3325E+03  0.0000E+00  0.0000E+00  0.0000E+00  0.0000E+00  0.0000E+00
 1.3427E+03  0.0000E+00  0.0000E+00  0.0000E+00  0.0000E+00  0.0000E+00
 1.3530E+03  0.0000E+00  0.0000E+00  0.0000E+00  0.0000E+00  0.0000E+00
 1.3633E+03  0.0000E+00  0.0000E+00  0.0000E+00  0.0000E+00  0.0000E+00
 1.3738E+03  0.0000E+00  0.0000E+00  0.0000E+00  0.0000E+00  0.0000E+00
 1.3843E+03  0.0000E+00  0.0000E+00  0.0000E+00  0.0000E+00  0.0000E+00
 1.3949E+03  0.0000E+00  0.0000E+00  0.0000E+00  0.0000E+00  0.0000E+00
 1.4056E+03  0.0000E+00  0.0000E+00  0.0000E+00  0.0000E+00  0.0000E+00
 1.4164E+03  0.0000E+00  0.0000E+00  0.0000E+00  0.0000E+00  0.0000E+00
 1.4272E+03  0.0000E+00  0.0000E+00  0.0000E+00  0.0000E+00  0.0000E+00
 1.4381E+03  0.0000E+00  0.0000E+00  0.0000E+00  0.0000E+00  0.0000E+00
 1.4491E+03  0.0000E+00  0.0000E+00  0.0000E+00  0.0000E+00  0.0000E+00
 1.4602E+03  0.0000E+00  0.0000E+00  0.0000E+00  0.0000E+00  0.0000E+00
 1.4714E+03  0.0000E+00  0.0000E+00  0.0000E+00  0.0000E+00  0.0000E+00
 1.4827E+03  0.0000E+00  0.0000E+00  0.0000E+00  0.0000E+00  0.0000E+00
 1.4940E+03  0.0000E+00  0.0000E+00  0.0000E+00  0.0000E+00  0.0000E+00
 1.5055E+03  0.0000E+00  0.0000E+00  0.0000E+00  0.0000E+00  0.0000E+00
 1.5170E+03  0.0000E+00  0.0000E+00  0.0000E+00  0.0000E+00  0.0000E+00
 1.5286E+03  0.0000E+00  0.0000E+00  0.0000E+00  0.0000E+00  0.0000E+00
 1.5403E+03  0.0000E+00  0.0000E+00  0.0000E+00  0.0000E+00  0.0000E+00
 1.5521E+03  0.0000E+00  0.0000E+00  0.0000E+00  0.0000E+00  0.0000E+00
 1.5640E+03  0.0000E+00  0.0000E+00  0.0000E+00  0.0000E+00  0.0000E+00
 1.5760E+03  0.0000E+00  0.0000E+00  0.0000E+00  0.0000E+00  0.0000E+00
 1.5881E+03  0.0000E+00  0.0000E+00  0.0000E+00  0.0000E+00  0.0000E+00
 1.6002E+03  0.0000E+00  0.0000E+00  0.0000E+00  0.0000E+00  0.0000E+00
 1.6125E+03  0.0000E+00  0.0000E+00  0.0000E+00  0.0000E+00  0.0000E+00
 1.6248E+03  0.0000E+00  0.0000E+00  0.0000E+00  0.0000E+00  0.0000E+00
 1.6373E+03  0.0000E+00  0.0000E+00  0.0000E+00  0.0000E+00  0.0000E+00
 1.6498E+03  0.0000E+00  0.0000E+00  0.0000E+00  0.0000E+00  0.0000E+00
 1.6625E+03  0.0000E+00  0.0000E+00  0.0000E+00  0.0000E+00  0.0000E+00
 1.6752E+03  0.0000E+00  0.0000E+00  0.0000E+00  0.0000E+00  0.0000E+00
 1.6880E+03  0.0000E+00  0.0000E+00  0.0000E+00  0.0000E+00  0.0000E+00
 1.7009E+03  0.0000E+00  0.0000E+00  0.0000E+00  0.0000E+00  0.0000E+00
 1.7140E+03  0.0000E+00  0.0000E+00  0.0000E+00  0.0000E+00  0.0000E+00
 1.7271E+03  0.0000E+00  0.0000E+00  0.0000E+00  0.0000E+00  0.0000E+00
 1.7403E+03  0.0000E+00  0.0000E+00  0.0000E+00  0.0000E+00  0.0000E+00
 1.7537E+03  0.0000E+00  0.0000E+00  0.0000E+00  0.0000E+00  0.0000E+00
 1.7671E+03  0.0000E+00  0.0000E+00  0.0000E+00  0.0000E+00  0.0000E+00
 1.7806E+03  0.0000E+00  0.0000E+00  0.0000E+00  0.0000E+00  0.0000E+00
 1.7943E+03  0.0000E+00  0.0000E+00  0.0000E+00  0.0000E+00  0.0000E+00
 1.8080E+03  0.0000E+00  0.0000E+00  0.0000E+00  0.0000E+00  0.0000E+00
 1.8218E+03  0.0000E+00  0.0000E+00  0.0000E+00  0.0000E+00  0.0000E+00
 1.8358E+03  0.0000E+00  0.0000E+00  0.0000E+00  0.0000E+00  0.0000E+00
 1.8499E+03  0.0000E+00  0.0000E+00  0.0000E+00  0.0000E+00  0.0000E+00
 1.8640E+03  0.0000E+00  0.0000E+00  0.0000E+00  0.0000E+00  0.0000E+00
 1.8783E+03  0.0000E+00  0.0000E+00  0.0000E+00  0.0000E+00  0.0000E+00
 1.8927E+03  0.0000E+00  0.0000E+00  0.0000E+00  0.0000E+00  0.0000E+00
 1.9072E+03  0.0000E+00  0.0000E+00  0.0000E+00  0.0000E+00  0.0000E+00
 1.9218E+03  0.0000E+00  0.0000E+00  0.0000E+00  0.0000E+00  0.0000E+00
 1.9365E+03  0.0000E+00  0.0000E+00  0.0000E+00  0.0000E+00  0.0000E+00
 1.9513E+03  0.0000E+00  0.0000E+00  0.0000E+00  0.0000E+00  0.0000E+00
 1.9663E+03  0.0000E+00  0.0000E+00  0.0000E+00  0.0000E+00  0.0000E+00
 1.9813E+03  0.0000E+00  0.0000E+00  0.0000E+00  0.0000E+00  0.0000E+00
 1.9965E+03  0.0000E+00  0.0000E+00  0.0000E+00  0.0000E+00  0.0000E+00
 2.0118E+03  0.0000E+00  0.0000E+00  0.0000E+00  0.0000E+00  0.0000E+00
 2.0272E+03  0.0000E+00  0.0000E+00  0.0000E+00  0.0000E+00  0.0000E+00
 2.0427E+03  0.0000E+00  0.0000E+00  0.0000E+00  0.0000E+00  0.0000E+00
 2.0584E+03  0.0000E+00  0.0000E+00  0.0000E+00  0.0000E+00  0.0000E+00
 2.0741E+03  0.0000E+00  0.0000E+00  0.0000E+00  0.0000E+00  0.0000E+00
 2.0900E+03  0.0000E+00  0.0000E+00  0.0000E+00  0.0000E+00  0.0000E+00
 2.1060E+03  0.0000E+00  0.0000E+00  0.0000E+00  0.0000E+00  0.0000E+00
 2.1222E+03  0.0000E+00  0.0000E+00  0.0000E+00  0.0000E+00  0.0000E+00
 2.1384E+03  0.0000E+00  0.0000E+00  0.0000E+00  0.0000E+00  0.0000E+00
 2.1548E+03  0.0000E+00  0.0000E+00  0.0000E+00  0.0000E+00  0.0000E+00
 2.1713E+03  0.0000E+00  0.0000E+00  0.0000E+00  0.0000E+00  0.0000E+00
 2.1879E+03  0.0000E+00  0.0000E+00  0.0000E+00  0.0000E+00  0.0000E+00
 2.2047E+03  0.0000E+00  0.0000E+00  0.0000E+00  0.0000E+00  0.0000E+00
 2.2216E+03  0.0000E+00  0.0000E+00  0.0000E+00  0.0000E+00  0.0000E+00
 2.2386E+03  0.0000E+00  0.0000E+00  0.0000E+00  0.0000E+00  0.0000E+00
 2.2557E+03  0.0000E+00  0.0000E+00  0.0000E+00  0.0000E+00  0.0000E+00
 2.2730E+03  0.0000E+00  0.0000E+00  0.0000E+00  0.0000E+00  0.0000E+00
 2.2904E+03  0.0000E+00  0.0000E+00  0.0000E+00  0.0000E+00  0.0000E+00
 2.3079E+03  0.0000E+00  0.0000E+00  0.0000E+00  0.0000E+00  0.0000E+00
 2.3256E+03  0.0000E+00  0.0000E+00  0.0000E+00  0.0000E+00  0.0000E+00
 2.3434E+03  0.0000E+00  0.0000E+00  0.0000E+00  0.0000E+00  0.0000E+00
 2.3614E+03  0.0000E+00  0.0000E+00  0.0000E+00  0.0000E+00  0.0000E+00
 2.3794E+03  0.0000E+00  0.0000E+00  0.0000E+00  0.0000E+00  0.0000E+00
 2.3977E+03  0.0000E+00  0.0000E+00  0.0000E+00  0.0000E+00  0.0000E+00
 2.4160E+03  0.0000E+00  0.0000E+00  0.0000E+00  0.0000E+00  0.0000E+00
 2.4345E+03  0.0000E+00  0.0000E+00  0.0000E+00  0.0000E+00  0.0000E+00
 2.4532E+03  0.0000E+00  0.0000E+00  0.0000E+00  0.0000E+00  0.0000E+00
 2.4720E+03  0.0000E+00  0.0000E+00  0.0000E+00  0.0000E+00  0.0000E+00
 2.4909E+03  0.0000E+00  0.0000E+00  0.0000E+00  0.0000E+00  0.0000E+00
 2.5100E+03  0.0000E+00  0.0000E+00  0.0000E+00  0.0000E+00  0.0000E+00
 2.5292E+03  0.0000E+00  0.0000E+00  0.0000E+00  0.0000E+00  0.0000E+00
 2.5486E+03  0.0000E+00  0.0000E+00  0.0000E+00  0.0000E+00  0.0000E+00
 2.5681E+03  0.0000E+00  0.0000E+00  0.0000E+00  0.0000E+00  0.0000E+00
 2.5878E+03  0.0000E+00  0.0000E+00  0.0000E+00  0.0000E+00  0.0000E+00
 2.6076E+03  0.0000E+00  0.0000E+00  0.0000E+00  0.0000E+00  0.0000E+00
 2.6275E+03  0.0000E+00  0.0000E+00  0.0000E+00  0.0000E+00  0.0000E+00
 2.6477E+03  0.0000E+00  0.0000E+00  0.0000E+00  0.0000E+00  0.0000E+00
 2.6679E+03  0.0000E+00  0.0000E+00  0.0000E+00  0.0000E+00  0.0000E+00
 2.6884E+03  0.0000E+00  0.0000E+00  0.0000E+00  0.0000E+00  0.0000E+00
 2.7090E+03  0.0000E+00  0.0000E+00  0.0000E+00  0.0000E+00  0.0000E+00
 2.7297E+03  0.0000E+00  0.0000E+00  0.0000E+00  0.0000E+00  0.0000E+00
 2.7506E+03  0.0000E+00  0.0000E+00  0.0000E+00  0.0000E+00  0.0000E+00
 2.7717E+03  0.0000E+00  0.0000E+00  0.0000E+00  0.0000E+00  0.0000E+00
 2.7929E+03  4.1644E-04  8.8992E-03  6.8710E-04  2.9447E-02  1.0000E+00
 2.8143E+03  4.1665E-04  8.8358E-03  6.8716E-04  2.9225E-02  1.0000E+00
 2.8358E+03  4.1685E-04  8.7728E-03  6.8722E-04  2.9006E-02  1.0000E+00
 2.8576E+03  4.1706E-04  8.7103E-03  6.8728E-04  2.8788E-02  1.0000E+00
 2.8794E+03  4.1727E-04  8.6482E-03  6.8733E-04  2.8571E-02  1.0000E+00
 2.9015E+03  4.1747E-04  8.5865E-03  6.8739E-04  2.8357E-02  1.0000E+00
 2.9237E+03  4.1769E-04  8.5255E-03  6.8745E-04  2.8144E-02  1.0000E+00
 2.9461E+03  4.1791E-04  8.4651E-03  6.8751E-04  2.7932E-02  1.0000E+00
 2.9687E+03  4.1815E-04  8.4053E-03  6.8757E-04  2.7722E-02  1.0000E+00
 2.9914E+03  4.1840E-04  8.3462E-03  6.8763E-04  2.7514E-02  1.0000E+00
 3.0143E+03  4.1866E-04  8.2877E-03  6.8770E-04  2.7307E-02  1.0000E+00
 3.0374E+03  4.1893E-04  8.2299E-03  6.8776E-04  2.7102E-02  1.0000E+00
 3.0607E+03  4.1921E-04  8.1727E-03  6.8782E-04  2.6899E-02  1.0000E+00
 3.0841E+03  4.1951E-04  8.1161E-03  6.8788E-04  2.6697E-02  1.0000E+00
 3.1077E+03  4.1981E-04  8.0601E-03  6.8795E-04  2.6496E-02  1.0000E+00
 3.1315E+03  4.2013E-04  8.0046E-03  6.8801E-04  2.6297E-02  1.0000E+00
 3.1555E+03  4.2046E-04  7.9498E-03  6.8807E-04  2.6100E-02  1.0000E+00
 3.1797E+03  4.2079E-04  7.8955E-03  6.8814E-04  2.5904E-02  1.0000E+00
 3.2040E+03  4.2114E-04  7.8418E-03  6.8820E-04  2.5709E-02  1.0000E+00
 3.2286E+03  4.2150E-04  7.7887E-03  6.8827E-04  2.5517E-02  1.0000E+00
 3.2533E+03  4.2187E-04  7.7360E-03  6.8833E-04  2.5325E-02  1.0000E+00
 3.2782E+03  4.2225E-04  7.6840E-03  6.8840E-04  2.5135E-02  1.0000E+00
 3.3033E+03  4.2264E-04  7.6324E-03  6.8847E-04  2.4946E-02  1.0000E+00
 3.3286E+03  4.2304E-04  7.5814E-03  6.8854E-04  2.4759E-02  1.0000E+00
 3.3541E+03  4.2345E-04  7.5309E-03  6.8860E-04  2.4574E-02  1.0000E+00
 3.3798E+03  4.2387E-04  7.4809E-03  6.8867E-04  2.4389E-02  1.0000E+00
 3.4057E+03  4.2430E-04  7.4314E-03  6.8874E-04  2.4206E-02  1.0000E+00
 3.4317E+03  4.2474E-04  7.3823E-03  6.8881E-04  2.4025E-02  1.0000E+00
 3.4580E+03  4.2519E-04  7.3338E-03  6.8888E-04  2.3845E-02  1.0000E+00
 3.4845E+03  4.2565E-04  7.2857E-03  6.8895E-04  2.3666E-02  1.0000E+00
 3.5112E+03  4.2612E-04  7.2381E-03  6.8903E-04  2.3488E-02  1.0000E+00
 3.5381E+03  4.2660E-04  7.1910E-03  6.8910E-04  2.3312E-02  1.0000E+00
 3.5652E+03  4.2708E-04  7.1443E-03  6.8917E-04  2.3138E-02  1.0000E+00
 3.5925E+03  4.2758E-04  7.0981E-03  6.8924E-04  2.2964E-02  1.0000E+00
 3.6200E+03  4.2809E-04  7.0523E-03  6.8932E-04  2.2792E-02  1.0000E+00
 3.6477E+03  4.2860E-04  7.0070E-03  6.8939E-04  2.2621E-02  1.0000E+00
 3.6757E+03  4.2913E-04  6.9620E-03  6.8947E-04  2.2452E-02  1.0000E+00
 3.7038E+03  4.2966E-04  6.9175E-03  6.8954E-04  2.2284E-02  1.0000E+00
 3.7322E+03  4.3021E-04  6.8735E-03  6.8962E-04  2.2117E-02  1.0000E+00
 3.7608E+03  4.3076E-04  6.8298E-03  6.8969E-04  2.1951E-02  1.0000E+00
 3.7896E+03  4.3132E-04  6.7865E-03  6.8977E-04  2.1787E-02  1.0000E+00
 3.8186E+03  4.3189E-04  6.7437E-03  6.8985E-04  2.1623E-02  1.0000E+00
 3.8478E+03  4.3247E-04  6.7012E-03  6.8993E-04  2.1462E-02  1.0000E+00
 3.8773E+03  4.3306E-04  6.6591E-03  6.9001E-04  2.1301E-02  1.0000E+00
 3.9070E+03  4.3366E-04  6.6174E-03  6.9009E-04  2.1141E-02  1.0000E+00
 3.9369E+03  4.3426E-04  6.5761E-03  6.9017E-04  2.0983E-02  1.0000E+00
 3.9671E+03  4.3487E-04  6.5352E-03  6.9025E-04  2.0826E-02  1.0000E+00
 3.9974E+03  4.3550E-04  6.4946E-03  6.9033E-04  2.0670E-02  1.0000E+00
 4.0281E+03  4.3613E-04  6.4544E-03  6.9041E-04  2.0516E-02  1.0000E+00
 4.0589E+03  4.3677E-04  6.4145E-03  6.9049E-04  2.0362E-02  1.0000E+00
 4.0900E+03  4.3742E-04  6.3750E-03  6.9058E-04  2.0210E-02  1.0000E+00
 4.1213E+03  4.3807E-04  6.3359E-03  6.9066E-04  2.0059E-02  1.0000E+00
 4.1529E+03  4.3874E-04  6.2971E-03  6.9075E-04  1.9909E-02  1.0000E+00
 4.1847E+03  4.3941E-04  6.2586E-03  6.9083E-04  1.9760E-02  1.0000E+00
 4.2167E+03  4.4009E-04  6.2204E-03  6.9092E-04  1.9612E-02  1.0000E+00
 4.2490E+03  4.4078E-04  6.1826E-03  6.9100E-04  1.9465E-02  1.0000E+00
 4.2816E+03  4.4148E-04  6.1452E-03  6.9109E-04  1.9320E-02  1.0000E+00
 4.3143E+03  4.4218E-04  6.1080E-03  6.9118E-04  1.9176E-02  1.0000E+00
 4.3474E+03  4.4290E-04  6.0712E-03  6.9127E-04  1.9032E-02  1.0000E+00
 4.3807E+03  4.4362E-04  6.0346E-03  6.9136E-04  1.8890E-02  1.0000E+00
 4.4142E+03  4.4435E-04  5.9984E-03  6.9145E-04  1.8749E-02  1.0000E+00
 4.4480E+03  4.4508E-04  5.9625E-03  6.9154E-04  1.8609E-02  1.0000E+00
 4.4821E+03  4.4583E-04  5.9269E-03  6.9163E-04  1.8470E-02  1.0000E+00
 4.5164E+03  4.4658E-04  5.8916E-03  6.9172E-04  1.8332E-02  1.0000E+00
 4.5510E+03  4.4734E-04  5.8566E-03  6.9181E-04  1.8195E-02  1.0000E+00
 4.5859E+03  4.4811E-04  5.8218E-03  6.9191E-04  1.8059E-02  1.0000E+00
 4.6210E+03  4.4888E-04  5.7874E-03  6.9200E-04  1.7924E-02  1.0000E+00
 4.6564E+03  4.4967E-04  5.7532E-03  6.9210E-04  1.7791E-02  1.0000E+00
 4.6920E+03  4.5046E-04  5.7194E-03  6.9219E-04  1.7658E-02  1.0000E+00
 4.7280E+03  4.5126E-04  5.6857E-03  6.9229E-04  1.7526E-02  1.0000E+00
 4.7642E+03  4.5206E-04  5.6524E-03  6.9239E-04  1.7395E-02  1.0000E+00
 4.8007E+03  4.5288E-04  5.6193E-03  6.9248E-04  1.7266E-02  1.0000E+00
 4.8374E+03  4.5370E-04  5.5865E-03  6.9258E-04  1.7137E-02  1.0000E+00
 4.8745E+03  4.5452E-04  5.5540E-03  6.9268E-04  1.7009E-02  1.0000E+00
 4.9118E+03  4.5536E-04  5.5217E-03  6.9278E-04  1.6882E-02  1.0000E+00
 4.9494E+03  4.5620E-04  5.4897E-03  6.9288E-04  1.6756E-02  1.0000E+00
 4.9873E+03  4.5705E-04  5.4579E-03  6.9298E-04  1.6631E-02  1.0000E+00
 5.0255E+03  4.5791E-04  5.4264E-03  6.9309E-04  1.6507E-02  1.0000E+00
 5.0640E+03  4.5877E-04  5.3951E-03  6.9319E-04  1.6384E-02  1.0000E+00
 5.1028E+03  4.5964E-04  5.3641E-03  6.9329E-04  1.6262E-02  1.0000E+00
 5.1419E+03  4.6052E-04  5.3332E-03  6.9340E-04  1.6141E-02  1.0000E+00
 5.1812E+03  4.6140E-04  5.3026E-03  6.9351E-04  1.6021E-02  1.0000E+00
 5.2209E+03  4.6228E-04  5.2722E-03  6.9361E-04  1.5902E-02  1.0000E+00
 5.2609E+03  4.6317E-04  5.2419E-03  6.9372E-04  1.5783E-02  1.0000E+00
 5.3012E+03  4.6406E-04  5.2119E-03  6.9383E-04  1.5666E-02  1.0000E+00
 5.3418E+03  4.6496E-04  5.1821E-03  6.9394E-04  1.5549E-02  1.0000E+00
 5.3827E+03  4.6586E-04  5.1525E-03  6.9405E-04  1.5433E-02  1.0000E+00
 5.4239E+03  4.6677E-04  5.1231E-03  6.9416E-04  1.5319E-02  1.0000E+00
 5.4655E+03  4.6768E-04  5.0938E-03  6.9427E-04  1.5205E-02  1.0000E+00
 5.5073E+03  4.6859E-04  5.0648E-03  6.9438E-04  1.5091E-02  1.0000E+00
 5.5495E+03  4.6951E-04  5.0360E-03  6.9450E-04  1.4979E-02  1.0000E+00
 5.5920E+03  4.7044E-04  5.0073E-03  6.9461E-04  1.4868E-02  1.0000E+00
 5.6348E+03  4.7137E-04  4.9789E-03  6.9472E-04  1.4757E-02  1.0000E+00
 5.6780E+03  4.7230E-04  4.9506E-03  6.9484E-04  1.4648E-02  1.0000E+00
 5.7215E+03  4.7324E-04  4.9225E-03  6.9496E-04  1.4539E-02  1.0000E+00
 5.7653E+03  4.7418E-04  4.8946E-03  6.9508E-04  1.4431E-02  1.0000E+00
 5.8094E+03  4.7512E-04  4.8669E-03  6.9519E-04  1.4323E-02  1.0000E+00
 5.8539E+03  4.7608E-04  4.8394E-03  6.9531E-04  1.4217E-02  1.0000E+00
 5.8988E+03  4.7703E-04  4.8120E-03  6.9543E-04  1.4111E-02  1.0000E+00
 5.9439E+03  4.7799E-04  4.7848E-03  6.9556E-04  1.4007E-02  1.0000E+00
 5.9895E+03  4.7895E-04  4.7578E-03  6.9568E-04  1.3903E-02  1.0000E+00
 6.0353E+03  4.7992E-04  4.7310E-03  6.9580E-04  1.3799E-02  1.0000E+00
 6.0815E+03  4.8089E-04  4.7043E-03  6.9593E-04  1.3697E-02  1.0000E+00
 6.1281E+03  4.8187E-04  4.6778E-03  6.9605E-04  1.3595E-02  1.0000E+00
 6.1751E+03  4.8285E-04  4.6515E-03  6.9618E-04  1.3494E-02  1.0000E+00
 6.2223E+03  4.8383E-04  4.6254E-03  6.9631E-04  1.3394E-02  1.0000E+00
 6.2700E+03  4.8482E-04  4.5994E-03  6.9643E-04  1.3295E-02  1.0000E+00
 6.3180E+03  4.8581E-04  4.5735E-03  6.9656E-04  1.3196E-02  1.0000E+00
 6.3664E+03  4.8681E-04  4.5479E-03  6.9669E-04  1.3098E-02  1.0000E+00
 6.4152E+03  4.8781E-04  4.5224E-03  6.9683E-04  1.3001E-02  1.0000E+00
 6.4643E+03  4.8881E-04  4.4970E-03  6.9696E-04  1.2905E-02  1.0000E+00
 6.5138E+03  4.8982E-04  4.4718E-03  6.9709E-04  1.2809E-02  1.0000E+00
 6.5637E+03  4.9083E-04  4.4468E-03  6.9723E-04  1.2714E-02  1.0000E+00
 6.6139E+03  4.9185E-04  4.4219E-03  6.9736E-04  1.2620E-02  1.0000E+00
 6.6646E+03  4.9287E-04  4.3972E-03  6.9750E-04  1.2527E-02  1.0000E+00
 6.7156E+03  4.9389E-04  4.3726E-03  6.9763E-04  1.2434E-02  1.0000E+00
 6.7671E+03  4.9492E-04  4.3482E-03  6.9777E-04  1.2342E-02  1.0000E+00
 6.8189E+03  4.9595E-04  4.3239E-03  6.9791E-04  1.2251E-02  1.0000E+00
 6.8711E+03  4.9699E-04  4.2998E-03  6.9805E-04  1.2160E-02  1.0000E+00
 6.9237E+03  4.9803E-04  4.2758E-03  6.9820E-04  1.2070E-02  1.0000E+00
 6.9768E+03  4.9907E-04  4.2520E-03  6.9834E-04  1.1981E-02  1.0000E+00
 7.0302E+03  5.0012E-04  4.2283E-03  6.9848E-04  1.1892E-02  1.0000E+00
 7.0840E+03  5.0117E-04  4.2048E-03  6.9863E-04  1.1804E-02  1.0000E+00
 7.1383E+03  5.0222E-04  4.1814E-03  6.9877E-04  1.1717E-02  1.0000E+00
 7.1929E+03  5.0328E-04  4.1581E-03  6.9892E-04  1.1630E-02  1.0000E+00
 7.2480E+03  5.0434E-04  4.1350E-03  6.9907E-04  1.1544E-02  1.0000E+00
 7.3035E+03  5.0540E-04  4.1120E-03  6.9922E-04  1.1459E-02  1.0000E+00
 7.3595E+03  5.0647E-04  4.0892E-03  6.9937E-04  1.1375E-02  1.0000E+00
 7.4158E+03  5.0755E-04  4.0665E-03  6.9952E-04  1.1291E-02  1.0000E+00
 7.4726E+03  5.0862E-04  4.0439E-03  6.9968E-04  1.1207E-02  1.0000E+00
 7.5299E+03  5.0970E-04  4.0215E-03  6.9983E-04  1.1124E-02  1.0000E+00
 7.5875E+03  5.1078E-04  3.9992E-03  6.9999E-04  1.1042E-02  1.0000E+00
 7.6456E+03  5.1187E-04  3.9770E-03  7.0014E-04  1.0961E-02  1.0000E+00
 7.7042E+03  5.1296E-04  3.9549E-03  7.0030E-04  1.0880E-02  1.0000E+00
 7.7632E+03  5.1405E-04  3.9330E-03  7.0046E-04  1.0800E-02  1.0000E+00
 7.8226E+03  5.1515E-04  3.9112E-03  7.0062E-04  1.0720E-02  1.0000E+00
 7.8825E+03  5.1625E-04  3.8896E-03  7.0078E-04  1.0641E-02  1.0000E+00
 7.9429E+03  5.1735E-04  3.8680E-03  7.0095E-04  1.0563E-02  1.0000E+00
 8.0037E+03  5.1846E-04  3.8466E-03  7.0111E-04  1.0485E-02  1.0000E+00
 8.0650E+03  5.1957E-04  3.8253E-03  7.0128E-04  1.0408E-02  1.0000E+00
 8.1268E+03  5.2068E-04  3.8042E-03  7.0144E-04  1.0331E-02  1.0000E+00
 8.1890E+03  5.2180E-04  3.7831E-03  7.0161E-04  1.0255E-02  1.0000E+00
 8.2518E+03  5.2292E-04  3.7622E-03  7.0178E-04  1.0180E-02  1.0000E+00
 8.3150E+03  5.2404E-04  3.7414E-03  7.0195E-04  1.0105E-02  1.0000E+00
 8.3786E+03  5.2517E-04  3.7207E-03  7.0212E-04  1.0030E-02  1.0000E+00
 8.4428E+03  5.2630E-04  3.7001E-03  7.0230E-04  9.9565E-03  1.0000E+00
 8.5075E+03  5.2743E-04  3.6797E-03  7.0247E-04  9.8833E-03  1.0000E+00
 8.5726E+03  5.2856E-04  3.6593E-03  7.0265E-04  9.8106E-03  1.0000E+00
 8.6383E+03  5.2970E-04  3.6390E-03  7.0283E-04  9.7385E-03  1.0000E+00
 8.7044E+03  5.3083E-04  3.6189E-03  7.0300E-04  9.6670E-03  1.0000E+00
 8.7711E+03  5.3196E-04  3.5988E-03  7.0319E-04  9.5960E-03  1.0000E+00
 8.8383E+03  5.3310E-04  3.5789E-03  7.0337E-04  9.5255E-03  1.0000E+00
 8.9059E+03  5.3424E-04  3.5590E-03  7.0355E-04  9.4556E-03  1.0000E+00
 8.9741E+03  5.3537E-04  3.5392E-03  7.0373E-04  9.3862E-03  1.0000E+00
 9.0429E+03  5.3651E-04  3.5196E-03  7.0392E-04  9.3173E-03  1.0000E+00
 9.1121E+03  5.3765E-04  3.5000E-03  7.0411E-04  9.2490E-03  1.0000E+00
 9.1819E+03  5.3879E-04  3.4805E-03  7.0430E-04  9.1811E-03  1.0000E+00
 9.2522E+03  5.3993E-04  3.4612E-03  7.0449E-04  9.1138E-03  1.0000E+00
 9.3231E+03  5.4107E-04  3.4419E-03  7.0468E-04  9.0470E-03  1.0000E+00
 9.3945E+03  5.4221E-04  3.4227E-03  7.0487E-04  8.9807E-03  1.0000E+00
 9.4664E+03  5.4336E-04  3.4036E-03  7.0507E-04  8.9149E-03  1.0000E+00
 9.5389E+03  5.4450E-04  3.3846E-03  7.0526E-04  8.8496E-03  1.0000E+00
 9.6120E+03  5.4564E-04  3.3657E-03  7.0546E-04  8.7848E-03  1.0000E+00
 9.6856E+03  5.4678E-04  3.3468E-03  7.0566E-04  8.7205E-03  1.0000E+00
 9.7598E+03  5.4793E-04  3.3281E-03  7.0586E-04  8.6567E-03  1.0000E+00
 9.8345E+03  5.4907E-04  3.3095E-03  7.0607E-04  8.5934E-03  1.0000E+00
 9.9098E+03  5.5021E-04  3.2909E-03  7.0627E-04  8.5306E-03  1.0000E+00
 9.9857E+03  5.5135E-04  3.2724E-03  7.0648E-04  8.4682E-03  1.0000E+00
 1.0062E+04  5.5250E-04  3.2541E-03  7.0668E-04  8.4063E-03  1.0000E+00
 1.0139E+04  5.5364E-04  3.2358E-03  7.0689E-04  8.3449E-03  1.0000E+00
 1.0217E+04  5.5478E-04  3.2176E-03  7.0710E-04  8.2839E-03  1.0000E+00
 1.0295E+04  5.5592E-04  3.1994E-03  7.0732E-04  8.2234E-03  1.0000E+00
 1.0374E+04  5.5707E-04  3.1814E-03  7.0753E-04  8.1634E-03  1.0000E+00
 1.0453E+04  5.5821E-04  3.1634E-03  7.0774E-04  8.1038E-03  1.0000E+00
 1.0533E+04  5.5935E-04  3.1456E-03  7.0796E-04  8.0447E-03  1.0000E+00
 1.0614E+04  5.6049E-04  3.1278E-03  7.0818E-04  7.9860E-03  1.0000E+00
 1.0695E+04  5.6163E-04  3.1101E-03  7.0840E-04  7.9278E-03  1.0000E+00
 1.0777E+04  5.6277E-04  3.0924E-03  7.0862E-04  7.8700E-03  1.0000E+00
 1.0860E+04  5.6390E-04  3.0749E-03  7.0885E-04  7.8127E-03  1.0000E+00
 1.0943E+04  5.6504E-04  3.0574E-03  7.0907E-04  7.7558E-03  1.0000E+00
 1.1027E+04  5.6618E-04  3.0401E-03  7.0930E-04  7.6993E-03  1.0000E+00
 1.1111E+04  5.6731E-04  3.0228E-03  7.0953E-04  7.6433E-03  1.0000E+00
 1.1196E+04  5.6845E-04  3.0055E-03  7.0976E-04  7.5876E-03  1.0000E+00
 1.1282E+04  5.6958E-04  2.9884E-03  7.1000E-04  7.5325E-03  1.0000E+00
 1.1369E+04  5.7071E-04  2.9713E-03  7.1023E-04  7.4777E-03  1.0000E+00
 1.1456E+04  5.7184E-04  2.9543E-03  7.1047E-04  7.4233E-03  1.0000E+00
 1.1543E+04  5.7297E-04  2.9374E-03  7.1071E-04  7.3694E-03  1.0000E+00
 1.1632E+04  5.7410E-04  2.9206E-03  7.1095E-04  7.3158E-03  1.0000E+00
 1.1721E+04  5.7522E-04  2.9038E-03  7.1119E-04  7.2627E-03  1.0000E+00
 1.1811E+04  5.7635E-04  2.8871E-03  7.1143E-04  7.2100E-03  1.0000E+00
 1.1901E+04  5.7747E-04  2.8705E-03  7.1168E-04  7.1577E-03  1.0000E+00
 1.1992E+04  5.7859E-04  2.8540E-03  7.1193E-04  7.1058E-03  1.0000E+00
 1.2084E+04  5.7971E-04  2.8375E-03  7.1218E-04  7.0542E-03  1.0000E+00
 1.2177E+04  5.8083E-04  2.8211E-03  7.1243E-04  7.0031E-03  1.0000E+00
 1.2270E+04  5.8194E-04  2.8048E-03  7.1268E-04  6.9523E-03  1.0000E+00
 1.2364E+04  5.8305E-04  2.7885E-03  7.1294E-04  6.9020E-03  1.0000E+00
 1.2458E+04  5.8417E-04  2.7724E-03  7.1320E-04  6.8520E-03  1.0000E+00
 1.2554E+04  5.8527E-04  2.7563E-03  7.1346E-04  6.8024E-03  1.0000E+00
 1.2650E+04  5.8638E-04  2.7402E-03  7.1372E-04  6.7532E-03  1.0000E+00
 1.2747E+04  5.8749E-04  2.7243E-03  7.1398E-04  6.7043E-03  1.0000E+00
 1.2845E+04  5.8859E-04  2.7084E-03  7.1425E-04  6.6559E-03  1.0000E+00
 1.2943E+04  5.8969E-04  2.6926E-03  7.1452E-04  6.6078E-03  1.0000E+00
 1.3042E+04  5.9078E-04  2.6768E-03  7.1479E-04  6.5600E-03  1.0000E+00
 1.3142E+04  5.9188E-04  2.6611E-03  7.1506E-04  6.5126E-03  1.0000E+00
 1.3243E+04  5.9297E-04  2.6455E-03  7.1534E-04  6.4656E-03  1.0000E+00
 1.3344E+04  5.9406E-04  2.6300E-03  7.1561E-04  6.4190E-03  1.0000E+00
 1.3446E+04  5.9515E-04  2.6145E-03  7.1589E-04  6.3727E-03  1.0000E+00
 1.3549E+04  5.9623E-04  2.5991E-03  7.1617E-04  6.3267E-03  1.0000E+00
 1.3653E+04  5.9732E-04  2.5838E-03  7.1646E-04  6.2811E-03  1.0000E+00
 1.3757E+04  5.9840E-04  2.5685E-03  7.1674E-04  6.2359E-03  1.0000E+00
 1.3863E+04  5.9948E-04  2.5534E-03  7.1703E-04  6.1910E-03  1.0000E+00
 1.3969E+04  6.0055E-04  2.5382E-03  7.1732E-04  6.1464E-03  1.0000E+00
 1.4076E+04  6.0163E-04  2.5232E-03  7.1761E-04  6.1022E-03  1.0000E+00
 1.4184E+04  6.0270E-04  2.5082E-03  7.1791E-04  6.0583E-03  1.0000E+00
 1.4292E+04  6.0377E-04  2.4933E-03  7.1820E-04  6.0147E-03  1.0000E+00
 1.4402E+04  6.0484E-04  2.4785E-03  7.1850E-04  5.9715E-03  1.0000E+00
 1.4512E+04  6.0590E-04  2.4637E-03  7.1881E-04  5.9286E-03  1.0000E+00
 1.4623E+04  6.0696E-04  2.4490E-03  7.1911E-04  5.8860E-03  1.0000E+00
 1.4735E+04  6.0803E-04  2.4344E-03  7.1942E-04  5.8438E-03  1.0000E+00
 1.4848E+04  6.0908E-04  2.4198E-03  7.1972E-04  5.8019E-03  1.0000E+00
 1.4962E+04  6.1014E-04  2.4053E-03  7.2004E-04  5.7603E-03  1.0000E+00
 1.5076E+04  6.1119E-04  2.3909E-03  7.2035E-04  5.7190E-03  1.0000E+00
 1.5192E+04  6.1225E-04  2.3766E-03  7.2067E-04  5.6780E-03  1.0000E+00
 1.5308E+04  6.1330E-04  2.3623E-03  7.2098E-04  5.6373E-03  1.0000E+00
 1.5425E+04  6.1434E-04  2.3481E-03  7.2131E-04  5.5970E-03  1.0000E+00
 1.5544E+04  6.1539E-04  2.3339E-03  7.2163E-04  5.5569E-03  1.0000E+00
 1.5663E+04  6.1643E-04  2.3198E-03  7.2196E-04  5.5172E-03  1.0000E+00
 1.5783E+04  6.1747E-04  2.3058E-03  7.2228E-04  5.4778E-03  1.0000E+00
 1.5903E+04  6.1851E-04  2.2919E-03  7.2262E-04  5.4386E-03  1.0000E+00
 1.6025E+04  6.1955E-04  2.2780E-03  7.2295E-04  5.3998E-03  1.0000E+00
 1.6148E+04  6.2058E-04  2.2642E-03  7.2329E-04  5.3612E-03  1.0000E+00
 1.6272E+04  6.2161E-04  2.2505E-03  7.2363E-04  5.3230E-03  1.0000E+00
 1.6396E+04  6.2264E-04  2.2368E-03  7.2397E-04  5.2850E-03  1.0000E+00
 1.6522E+04  6.2367E-04  2.2232E-03  7.2431E-04  5.2474E-03  1.0000E+00
 1.6648E+04  6.2470E-04  2.2096E-03  7.2466E-04  5.2100E-03  1.0000E+00
 1.6776E+04  6.2572E-04  2.1962E-03  7.2501E-04  5.1729E-03  1.0000E+00
 1.6904E+04  6.2674E-04  2.1828E-03  7.2536E-04  5.1361E-03  1.0000E+00
 1.7034E+04  6.2776E-04  2.1694E-03  7.2572E-04  5.0995E-03  1.0000E+00
 1.7164E+04  6.2877E-04  2.1562E-03  7.2608E-04  5.0633E-03  1.0000E+00
 1.7296E+04  6.2979E-04  2.1429E-03  7.2644E-04  5.0273E-03  1.0000E+00
 1.7428E+04  6.3080E-04  2.1298E-03  7.2680E-04  4.9916E-03  1.0000E+00
 1.7562E+04  6.3181E-04  2.1167E-03  7.2717E-04  4.9562E-03  1.0000E+00
 1.7696E+04  6.3282E-04  2.1037E-03  7.2754E-04  4.9210E-03  1.0000E+00
 1.7832E+04  6.3382E-04  2.0908E-03  7.2791E-04  4.8861E-03  1.0000E+00
 1.7968E+04  6.3483E-04  2.0779E-03  7.2829E-04  4.8515E-03  1.0000E+00
 1.8106E+04  6.3583E-04  2.0651E-03  7.2867E-04  4.8171E-03  1.0000E+00
 1.8244E+04  6.3682E-04  2.0523E-03  7.2905E-04  4.7830E-03  1.0000E+00
 1.8384E+04  6.3782E-04  2.0396E-03  7.2944E-04  4.7492E-03  1.0000E+00
 1.8525E+04  6.3882E-04  2.0270E-03  7.2982E-04  4.7156E-03  1.0000E+00
 1.8667E+04  6.3981E-04  2.0145E-03  7.3022E-04  4.6822E-03  1.0000E+00
 1.8810E+04  6.4080E-04  2.0020E-03  7.3061E-04  4.6492E-03  1.0000E+00
 1.8954E+04  6.4180E-04  1.9896E-03  7.3101E-04  4.6163E-03  1.0000E+00
 1.9099E+04  6.4280E-04  1.9773E-03  7.3141E-04  4.5838E-03  1.0000E+00
 1.9245E+04  6.4381E-04  1.9650E-03  7.3181E-04  4.5514E-03  1.0000E+00
 1.9393E+04  6.4482E-04  1.9529E-03  7.3222E-04  4.5193E-03  1.0000E+00
 1.9541E+04  6.4583E-04  1.9408E-03  7.3263E-04  4.4875E-03  1.0000E+00
 1.9691E+04  6.4684E-04  1.9288E-03  7.3304E-04  4.4559E-03  1.0000E+00
 1.9842E+04  6.4786E-04  1.9169E-03  7.3346E-04  4.4246E-03  1.0000E+00
 1.9994E+04  6.4888E-04  1.9050E-03  7.3388E-04  4.3935E-03  1.0000E+00
 2.0147E+04  6.4990E-04  1.8932E-03  7.3430E-04  4.3626E-03  1.0000E+00
 2.0301E+04  6.5092E-04  1.8815E-03  7.3473E-04  4.3319E-03  1.0000E+00
 2.0456E+04  6.5195E-04  1.8699E-03  7.3516E-04  4.3015E-03  1.0000E+00
 2.0613E+04  6.5298E-04  1.8583E-03  7.3559E-04  4.2714E-03  1.0000E+00
 2.0771E+04  6.5401E-04  1.8468E-03  7.3603E-04  4.2414E-03  1.0000E+00
 2.0930E+04  6.5504E-04  1.8354E-03  7.3647E-04  4.2117E-03  1.0000E+00
 2.1090E+04  6.5608E-04  1.8241E-03  7.3691E-04  4.1822E-03  1.0000E+00
 2.1252E+04  6.5711E-04  1.8128E-03  7.3736E-04  4.1529E-03  1.0000E+00
 2.1415E+04  6.5815E-04  1.8016E-03  7.3781E-04  4.1239E-03  1.0000E+00
 2.1579E+04  6.5919E-04  1.7904E-03  7.3827E-04  4.0951E-03  1.0000E+00
 2.1744E+04  6.6024E-04  1.7794E-03  7.3872E-04  4.0665E-03  1.0000E+00
 2.1910E+04  6.6128E-04  1.7683E-03  7.3919E-04  4.0381E-03  1.0000E+00
 2.2078E+04  6.6232E-04  1.7574E-03  7.3965E-04  4.0099E-03  1.0000E+00
 2.2247E+04  6.6337E-04  1.7465E-03  7.4012E-04  3.9820E-03  1.0000E+00
 2.2418E+04  6.6442E-04  1.7357E-03  7.4059E-04  3.9542E-03  1.0000E+00
 2.2589E+04  6.6547E-04  1.7249E-03  7.4107E-04  3.9267E-03  1.0000E+00
 2.2762E+04  6.6652E-04  1.7142E-03  7.4155E-04  3.8994E-03  1.0000E+00
 2.2937E+04  6.6757E-04  1.7036E-03  7.4204E-04  3.8723E-03  1.0000E+00
 2.3112E+04  6.6862E-04  1.6930E-03  7.4252E-04  3.8454E-03  1.0000E+00
 2.3289E+04  6.6967E-04  1.6825E-03  7.4302E-04  3.8187E-03  1.0000E+00
 2.3468E+04  6.7072E-04  1.6721E-03  7.4351E-04  3.7922E-03  1.0000E+00
 2.3647E+04  6.7178E-04  1.6617E-03  7.4401E-04  3.7659E-03  1.0000E+00
 2.3829E+04  6.7283E-04  1.6514E-03  7.4452E-04  3.7398E-03  1.0000E+00
 2.4011E+04  6.7388E-04  1.6411E-03  7.4503E-04  3.7139E-03  1.0000E+00
 2.4195E+04  6.7494E-04  1.6309E-03  7.4554E-04  3.6882E-03  1.0000E+00
 2.4380E+04  6.7599E-04  1.6207E-03  7.4605E-04  3.6627E-03  1.0000E+00
 2.4567E+04  6.7704E-04  1.6106E-03  7.4657E-04  3.6374E-03  1.0000E+00
 2.4755E+04  6.7809E-04  1.6006E-03  7.4710E-04  3.6123E-03  1.0000E+00
 2.4945E+04  6.7915E-04  1.5906E-03  7.4763E-04  3.5874E-03  1.0000E+00
 2.5136E+04  6.8019E-04  1.5806E-03  7.4816E-04  3.5627E-03  1.0000E+00
 2.5328E+04  6.8121E-04  1.5707E-03  7.4870E-04  3.5381E-03  1.0000E+00
 2.5522E+04  6.8223E-04  1.5608E-03  7.4924E-04  3.5138E-03  1.0000E+00
 2.5718E+04  6.8325E-04  1.5509E-03  7.4979E-04  3.4896E-03  1.0000E+00
 2.5915E+04  6.8426E-04  1.5412E-03  7.5034E-04  3.4657E-03  1.0000E+00
 2.6113E+04  6.8528E-04  1.5314E-03  7.5089E-04  3.4419E-03  1.0000E+00
 2.6313E+04  6.8630E-04  1.5218E-03  7.5145E-04  3.4182E-03  1.0000E+00
 2.6515E+04  6.8733E-04  1.5122E-03  7.5201E-04  3.3948E-03  1.0000E+00
 2.6718E+04  6.8835E-04  1.5026E-03  7.5258E-04  3.3716E-03  1.0000E+00
 2.6922E+04  6.8937E-04  1.4931E-03  7.5316E-04  3.3485E-03  1.0000E+00
 2.7128E+04  6.9040E-04  1.4837E-03  7.5373E-04  3.3256E-03  1.0000E+00
 2.7336E+04  6.9142E-04  1.4743E-03  7.5431E-04  3.3028E-03  1.0000E+00
 2.7545E+04  6.9245E-04  1.4650E-03  7.5490E-04  3.2803E-03  1.0000E+00
 2.7756E+04  6.9347E-04  1.4557E-03  7.5549E-04  3.2579E-03  1.0000E+00
 2.7969E+04  6.9450E-04  1.4465E-03  7.5609E-04  3.2357E-03  1.0000E+00
 2.8183E+04  6.9553E-04  1.4373E-03  7.5669E-04  3.2137E-03  1.0000E+00
 2.8399E+04  6.9657E-04  1.4282E-03  7.5730E-04  3.1918E-03  1.0000E+00
 2.8617E+04  6.9760E-04  1.4192E-03  7.5791E-04  3.1701E-03  1.0000E+00
 2.8836E+04  6.9863E-04  1.4102E-03  7.5852E-04  3.1486E-03  1.0000E+00
 2.9056E+04  6.9967E-04  1.4013E-03  7.5914E-04  3.1272E-03  1.0000E+00
 2.9279E+04  7.0071E-04  1.3924E-03  7.5977E-04  3.1060E-03  1.0000E+00
 2.9503E+04  7.0175E-04  1.3835E-03  7.6040E-04  3.0849E-03  1.0000E+00
 2.9729E+04  7.0279E-04  1.3748E-03  7.6104E-04  3.0640E-03  1.0000E+00
 2.9957E+04  7.0383E-04  1.3661E-03  7.6168E-04  3.0433E-03  1.0000E+00
 3.0186E+04  7.0488E-04  1.3574E-03  7.6232E-04  3.0228E-03  1.0000E+00
 3.0417E+04  7.0593E-04  1.3488E-03  7.6297E-04  3.0023E-03  1.0000E+00
 3.0650E+04  7.0698E-04  1.3402E-03  7.6363E-04  2.9821E-03  1.0000E+00
 3.0885E+04  7.0803E-04  1.3317E-03  7.6429E-04  2.9620E-03  1.0000E+00
 3.1122E+04  7.0908E-04  1.3233E-03  7.6496E-04  2.9420E-03  1.0000E+00
 3.1360E+04  7.1014E-04  1.3149E-03  7.6563E-04  2.9223E-03  1.0000E+00
 3.1600E+04  7.1120E-04  1.3065E-03  7.6631E-04  2.9026E-03  1.0000E+00
 3.1842E+04  7.1226E-04  1.2982E-03  7.6700E-04  2.8831E-03  1.0000E+00
 3.2086E+04  7.1332E-04  1.2900E-03  7.6768E-04  2.8638E-03  1.0000E+00
 3.2332E+04  7.1439E-04  1.2818E-03  7.6838E-04  2.8446E-03  1.0000E+00
 3.2579E+04  7.1546E-04  1.2737E-03  7.6908E-04  2.8255E-03  1.0000E+00
 3.2829E+04  7.1653E-04  1.2656E-03  7.6979E-04  2.8066E-03  1.0000E+00
 3.3080E+04  7.1761E-04  1.2575E-03  7.7050E-04  2.7879E-03  1.0000E+00
 3.3334E+04  7.1868E-04  1.2496E-03  7.7122E-04  2.7693E-03  1.0000E+00
 3.3589E+04  7.1977E-04  1.2416E-03  7.7194E-04  2.7508E-03  1.0000E+00
 3.3846E+04  7.2085E-04  1.2338E-03  7.7267E-04  2.7325E-03  1.0000E+00
 3.4105E+04  7.2194E-04  1.2259E-03  7.7340E-04  2.7143E-03  1.0000E+00
 3.4367E+04  7.2303E-04  1.2181E-03  7.7415E-04  2.6962E-03  1.0000E+00
 3.4630E+04  7.2412E-04  1.2104E-03  7.7489E-04  2.6783E-03  1.0000E+00
 3.4895E+04  7.2522E-04  1.2027E-03  7.7565E-04  2.6606E-03  1.0000E+00
 3.5162E+04  7.2632E-04  1.1951E-03  7.7641E-04  2.6429E-03  1.0000E+00
 3.5431E+04  7.2742E-04  1.1875E-03  7.7717E-04  2.6254E-03  1.0000E+00
 3.5703E+04  7.2853E-04  1.1800E-03  7.7794E-04  2.6081E-03  1.0000E+00
 3.5976E+04  7.2964E-04  1.1725E-03  7.7872E-04  2.5908E-03  1.0000E+00
 3.6252E+04  7.3075E-04  1.1651E-03  7.7951E-04  2.5737E-03  1.0000E+00
 3.6529E+04  7.3187E-04  1.1577E-03  7.8030E-04  2.5568E-03  1.0000E+00
 3.6809E+04  7.3299E-04  1.1503E-03  7.8110E-04  2.5399E-03  1.0000E+00
 3.7091E+04  7.3412E-04  1.1430E-03  7.8190E-04  2.5232E-03  1.0000E+00
 3.7375E+04  7.3525E-04  1.1358E-03  7.8271E-04  2.5066E-03  1.0000E+00
 3.7661E+04  7.3638E-04  1.1286E-03  7.8353E-04  2.4902E-03  1.0000E+00
 3.7950E+04  7.3752E-04  1.1214E-03  7.8435E-04  2.4739E-03  1.0000E+00
 3.8240E+04  7.3867E-04  1.1143E-03  7.8518E-04  2.4577E-03  1.0000E+00
 3.8533E+04  7.3981E-04  1.1073E-03  7.8602E-04  2.4416E-03  1.0000E+00
 3.8828E+04  7.4097E-04  1.1003E-03  7.8686E-04  2.4256E-03  1.0000E+00
 3.9126E+04  7.4212E-04  1.0933E-03  7.8772E-04  2.4098E-03  1.0000E+00
 3.9425E+04  7.4328E-04  1.0864E-03  7.8857E-04  2.3941E-03  1.0000E+00
 3.9727E+04  7.4445E-04  1.0795E-03  7.8944E-04  2.3785E-03  1.0000E+00
 4.0032E+04  7.4562E-04  1.0727E-03  7.9031E-04  2.3630E-03  1.0000E+00
 4.0338E+04  7.4679E-04  1.0659E-03  7.9119E-04  2.3477E-03  1.0000E+00
 4.0647E+04  7.4797E-04  1.0592E-03  7.9208E-04  2.3324E-03  1.0000E+00
 4.0958E+04  7.4916E-04  1.0525E-03  7.9297E-04  2.3173E-03  1.0000E+00
 4.1272E+04  7.5035E-04  1.0458E-03  7.9387E-04  2.3023E-03  1.0000E+00
 4.1588E+04  7.5154E-04  1.0392E-03  7.9478E-04  2.2875E-03  1.0000E+00
 4.1907E+04  7.5274E-04  1.0327E-03  7.9570E-04  2.2727E-03  1.0000E+00
 4.2228E+04  7.5395E-04  1.0261E-03  7.9662E-04  2.2580E-03  1.0000E+00
 4.2551E+04  7.5516E-04  1.0197E-03  7.9756E-04  2.2435E-03  1.0000E+00
 4.2877E+04  7.5637E-04  1.0132E-03  7.9849E-04  2.2291E-03  1.0000E+00
 4.3205E+04  7.5760E-04  1.0068E-03  7.9944E-04  2.2147E-03  1.0000E+00
 4.3536E+04  7.5882E-04  1.0005E-03  8.0040E-04  2.2005E-03  1.0000E+00
 4.3869E+04  7.6006E-04  9.9420E-04  8.0136E-04  2.1864E-03  1.0000E+00
 4.4205E+04  7.6130E-04  9.8794E-04  8.0233E-04  2.1725E-03  1.0000E+00
 4.4544E+04  7.6254E-04  9.8172E-04  8.0331E-04  2.1586E-03  1.0000E+00
 4.4885E+04  7.6379E-04  9.7555E-04  8.0430E-04  2.1448E-03  1.0000E+00
 4.5229E+04  7.6505E-04  9.6942E-04  8.0529E-04  2.1311E-03  1.0000E+00
 4.5575E+04  7.6631E-04  9.6332E-04  8.0629E-04  2.1176E-03  1.0000E+00
 4.5924E+04  7.6758E-04  9.5727E-04  8.0731E-04  2.1041E-03  1.0000E+00
 4.6276E+04  7.6886E-04  9.5126E-04  8.0833E-04  2.0908E-03  1.0000E+00
 4.6630E+04  7.7014E-04  9.4529E-04  8.0935E-04  2.0775E-03  1.0000E+00
 4.6987E+04  7.7143E-04  9.3937E-04  8.1039E-04  2.0644E-03  1.0000E+00
 4.7347E+04  7.7272E-04  9.3348E-04  8.1144E-04  2.0513E-03  1.0000E+00
 4.7710E+04  7.7403E-04  9.2763E-04  8.1249E-04  2.0384E-03  1.0000E+00
 4.8075E+04  7.7534E-04  9.2182E-04  8.1355E-04  2.0255E-03  1.0000E+00
 4.8443E+04  7.7665E-04  9.1605E-04  8.1463E-04  2.0128E-03  1.0000E+00
 4.8814E+04  7.7797E-04  9.1032E-04  8.1571E-04  2.0001E-03  1.0000E+00
 4.9188E+04  7.7930E-04  9.0463E-04  8.1680E-04  1.9876E-03  1.0000E+00
 4.9565E+04  7.8064E-04  8.9898E-04  8.1790E-04  1.9751E-03  1.0000E+00
 4.9945E+04  7.8199E-04  8.9337E-04  8.1900E-04  1.9628E-03  1.0000E+00
 5.0327E+04  7.8334E-04  8.8780E-04  8.2012E-04  1.9505E-03  1.0000E+00
 5.0713E+04  7.8470E-04  8.8226E-04  8.2125E-04  1.9383E-03  1.0000E+00
 5.1101E+04  7.8606E-04  8.7676E-04  8.2238E-04  1.9263E-03  1.0000E+00
 5.1492E+04  7.8744E-04  8.7130E-04  8.2353E-04  1.9143E-03  1.0000E+00
 5.1887E+04  7.8882E-04  8.6588E-04  8.2468E-04  1.9024E-03  1.0000E+00
 5.2284E+04  7.9021E-04  8.6050E-04  8.2585E-04  1.8906E-03  1.0000E+00
 5.2684E+04  7.9161E-04  8.5515E-04  8.2702E-04  1.8789E-03  1.0000E+00
 5.3088E+04  7.9301E-04  8.4984E-04  8.2821E-04  1.8673E-03  1.0000E+00
 5.3494E+04  7.9443E-04  8.4456E-04  8.2940E-04  1.8558E-03  1.0000E+00
 5.3904E+04  7.9585E-04  8.3933E-04  8.3061E-04  1.8444E-03  1.0000E+00
 5.4317E+04  7.9728E-04  8.3412E-04  8.3182E-04  1.8330E-03  1.0000E+00
 5.4733E+04  7.9872E-04  8.2896E-04  8.3305E-04  1.8218E-03  1.0000E+00
 5.5152E+04  8.0017E-04  8.2383E-04  8.3428E-04  1.8106E-03  1.0000E+00
 5.5574E+04  8.0163E-04  8.1874E-04  8.3553E-04  1.7995E-03  1.0000E+00
 5.6000E+04  8.0309E-04  8.1368E-04  8.3678E-04  1.7885E-03  1.0000E+00
 5.6429E+04  8.0457E-04  8.0865E-04  8.3805E-04  1.7776E-03  1.0000E+00
 5.6861E+04  8.0605E-04  8.0367E-04  8.3932E-04  1.7668E-03  1.0000E+00
 5.7297E+04  8.0754E-04  7.9871E-04  8.4061E-04  1.7561E-03  1.0000E+00
 5.7735E+04  8.0904E-04  7.9379E-04  8.4191E-04  1.7454E-03  1.0000E+00
 5.8177E+04  8.1056E-04  7.8891E-04  8.4322E-04  1.7348E-03  1.0000E+00
 5.8623E+04  8.1208E-04  7.8406E-04  8.4454E-04  1.7244E-03  1.0000E+00
 5.9072E+04  8.1361E-04  7.7924E-04  8.4587E-04  1.7139E-03  1.0000E+00
 5.9524E+04  8.1515E-04  7.7446E-04  8.4722E-04  1.7036E-03  1.0000E+00
 5.9980E+04  8.1670E-04  7.6971E-04  8.4857E-04  1.6934E-03  1.0000E+00
 6.0440E+04  8.1825E-04  7.6499E-04  8.4994E-04  1.6832E-03  1.0000E+00
 6.0902E+04  8.1982E-04  7.6031E-04  8.5131E-04  1.6731E-03  1.0000E+00
 6.1369E+04  8.2140E-04  7.5566E-04  8.5270E-04  1.6631E-03  1.0000E+00
 6.1839E+04  8.2299E-04  7.5104E-04  8.5410E-04  1.6532E-03  1.0000E+00
 6.2312E+04  8.2459E-04  7.4646E-04  8.5552E-04  1.6433E-03  1.0000E+00
 6.2790E+04  8.2621E-04  7.4191E-04  8.5694E-04  1.6336E-03  1.0000E+00
 6.3270E+04  8.2783E-04  7.3738E-04  8.5838E-04  1.6239E-03  1.0000E+00
 6.3755E+04  8.2946E-04  7.3290E-04  8.5983E-04  1.6142E-03  1.0000E+00
 6.4243E+04  8.3110E-04  7.2844E-04  8.6129E-04  1.6047E-03  1.0000E+00
 6.4735E+04  8.3276E-04  7.2401E-04  8.6276E-04  1.5952E-03  1.0000E+00
 6.5231E+04  8.3442E-04  7.1962E-04  8.6425E-04  1.5858E-03  1.0000E+00
 6.5731E+04  8.3610E-04  7.1526E-04  8.6575E-04  1.5765E-03  1.0000E+00
 6.6234E+04  8.3779E-04  7.1092E-04  8.6726E-04  1.5673E-03  1.0000E+00
 6.6741E+04  8.3949E-04  7.0662E-04  8.6879E-04  1.5581E-03  1.0000E+00
 6.7252E+04  8.4120E-04  7.0235E-04  8.7032E-04  1.5490E-03  1.0000E+00
 6.7767E+04  8.4292E-04  6.9811E-04  8.7187E-04  1.5399E-03  1.0000E+00
 6.8286E+04  8.4465E-04  6.9390E-04  8.7344E-04  1.5310E-03  1.0000E+00
 6.8809E+04  8.4640E-04  6.8972E-04  8.7502E-04  1.5221E-03  1.0000E+00
 6.9336E+04  8.4816E-04  6.8557E-04  8.7661E-04  1.5133E-03  1.0000E+00
 6.9867E+04  8.4993E-04  6.8145E-04  8.7821E-04  1.5045E-03  1.0000E+00
 7.0402E+04  8.5171E-04  6.7736E-04  8.7983E-04  1.4958E-03  1.0000E+00
 7.0942E+04  8.5351E-04  6.7329E-04  8.8146E-04  1.4872E-03  1.0000E+00
 7.1485E+04  8.5532E-04  6.6926E-04  8.8311E-04  1.4787E-03  1.0000E+00
 7.2032E+04  8.5714E-04  6.6526E-04  8.8477E-04  1.4702E-03  1.0000E+00
 7.2584E+04  8.5898E-04  6.6128E-04  8.8645E-04  1.4618E-03  1.0000E+00
 7.3140E+04  8.6082E-04  6.5733E-04  8.8814E-04  1.4534E-03  1.0000E+00
 7.3700E+04  8.6269E-04  6.5341E-04  8.8984E-04  1.4452E-03  1.0000E+00
 7.4264E+04  8.6456E-04  6.4952E-04  8.9156E-04  1.4370E-03  1.0000E+00
 7.4833E+04  8.6645E-04  6.4566E-04  8.9329E-04  1.4288E-03  1.0000E+00
 7.5406E+04  8.6835E-04  6.4182E-04  8.9504E-04  1.4207E-03  1.0000E+00
 7.5984E+04  8.7027E-04  6.3801E-04  8.9680E-04  1.4127E-03  1.0000E+00
 7.6566E+04  8.7220E-04  6.3423E-04  8.9858E-04  1.4047E-03  1.0000E+00
 7.7152E+04  8.7414E-04  6.3048E-04  9.0038E-04  1.3969E-03  1.0000E+00
 7.7743E+04  8.7610E-04  6.2675E-04  9.0219E-04  1.3890E-03  1.0000E+00
 7.8338E+04  8.7807E-04  6.2305E-04  9.0401E-04  1.3813E-03  1.0000E+00
 7.8938E+04  8.8006E-04  6.1938E-04  9.0586E-04  1.3735E-03  1.0000E+00
 7.9543E+04  8.8206E-04  6.1573E-04  9.0771E-04  1.3659E-03  1.0000E+00
 8.0152E+04  8.8408E-04  6.1211E-04  9.0959E-04  1.3583E-03  1.0000E+00
 8.0766E+04  8.8611E-04  6.0852E-04  9.1148E-04  1.3508E-03  1.0000E+00
 8.1384E+04  8.8816E-04  6.0495E-04  9.1338E-04  1.3433E-03  1.0000E+00
 8.2008E+04  8.9022E-04  6.0140E-04  9.1531E-04  1.3359E-03  1.0000E+00
 8.2636E+04  8.9230E-04  5.9789E-04  9.1725E-04  1.3286E-03  1.0000E+00
 8.3268E+04  8.9440E-04  5.9440E-04  9.1920E-04  1.3213E-03  1.0000E+00
 8.3906E+04  8.9651E-04  5.9093E-04  9.2118E-04  1.3141E-03  1.0000E+00
 8.4549E+04  8.9864E-04  5.8749E-04  9.2317E-04  1.3069E-03  1.0000E+00
 8.5196E+04  9.0078E-04  5.8407E-04  9.2518E-04  1.2998E-03  1.0000E+00
 8.5849E+04  9.0294E-04  5.8068E-04  9.2720E-04  1.2927E-03  1.0000E+00
 8.6506E+04  9.0511E-04  5.7731E-04  9.2925E-04  1.2857E-03  1.0000E+00
 8.7169E+04  9.0731E-04  5.7397E-04  9.3131E-04  1.2788E-03  1.0000E+00
 8.7836E+04  9.0952E-04  5.7065E-04  9.3339E-04  1.2719E-03  1.0000E+00
 8.8509E+04  9.1175E-04  5.6736E-04  9.3549E-04  1.2651E-03  1.0000E+00
 8.9187E+04  9.1399E-04  5.6409E-04  9.3760E-04  1.2583E-03  1.0000E+00
 8.9870E+04  9.1625E-04  5.6084E-04  9.3974E-04  1.2516E-03  1.0000E+00
 9.0558E+04  9.1853E-04  5.5762E-04  9.4189E-04  1.2449E-03  1.0000E+00
 9.1252E+04  9.2083E-04  5.5442E-04  9.4406E-04  1.2383E-03  1.0000E+00
 9.1950E+04  9.2315E-04  5.5125E-04  9.4626E-04  1.2318E-03  1.0000E+00
 9.2655E+04  9.2548E-04  5.4809E-04  9.4847E-04  1.2253E-03  1.0000E+00
 9.3364E+04  9.2784E-04  5.4496E-04  9.5070E-04  1.2188E-03  1.0000E+00
 9.4079E+04  9.3021E-04  5.4186E-04  9.5295E-04  1.2124E-03  1.0000E+00
 9.4800E+04  9.3260E-04  5.3877E-04  9.5522E-04  1.2061E-03  1.0000E+00
 9.5526E+04  9.3501E-04  5.3571E-04  9.5751E-04  1.1998E-03  1.0000E+00
 9.6257E+04  9.3744E-04  5.3267E-04  9.5982E-04  1.1935E-03  1.0000E+00
 9.6994E+04  9.3989E-04  5.2966E-04  9.6215E-04  1.1873E-03  1.0000E+00
 9.7737E+04  9.4236E-04  5.2666E-04  9.6451E-04  1.1812E-03  1.0000E+00
 9.8486E+04  9.4484E-04  5.2369E-04  9.6688E-04  1.1751E-03  1.0000E+00
 9.9240E+04  9.4735E-04  5.2074E-04  9.6928E-04  1.1691E-03  1.0000E+00
 1.0000E+05  9.4988E-04  5.1781E-04  9.7169E-04  1.1631E-03  1.0000E+00


