#     0	 1	   14	 5	 2.2608E+03	 1000	1
 4.8978E+01  0.0000E+00  0.0000E+00  0.0000E+00  0.0000E+00  0.0000E+00
 4.9353E+01  0.0000E+00  0.0000E+00  0.0000E+00  0.0000E+00  0.0000E+00
 4.9731E+01  0.0000E+00  0.0000E+00  0.0000E+00  0.0000E+00  0.0000E+00
 5.0112E+01  0.0000E+00  0.0000E+00  0.0000E+00  0.0000E+00  0.0000E+00
 5.0496E+01  0.0000E+00  0.0000E+00  0.0000E+00  0.0000E+00  0.0000E+00
 5.0882E+01  0.0000E+00  0.0000E+00  0.0000E+00  0.0000E+00  0.0000E+00
 5.1272E+01  0.0000E+00  0.0000E+00  0.0000E+00  0.0000E+00  0.0000E+00
 5.1665E+01  0.0000E+00  0.0000E+00  0.0000E+00  0.0000E+00  0.0000E+00
 5.2060E+01  0.0000E+00  0.0000E+00  0.0000E+00  0.0000E+00  0.0000E+00
 5.2459E+01  0.0000E+00  0.0000E+00  0.0000E+00  0.0000E+00  0.0000E+00
 5.2861E+01  0.0000E+00  0.0000E+00  0.0000E+00  0.0000E+00  0.0000E+00
 5.3266E+01  0.0000E+00  0.0000E+00  0.0000E+00  0.0000E+00  0.0000E+00
 5.3673E+01  0.0000E+00  0.0000E+00  0.0000E+00  0.0000E+00  0.0000E+00
 5.4085E+01  0.0000E+00  0.0000E+00  0.0000E+00  0.0000E+00  0.0000E+00
 5.4499E+01  0.0000E+00  0.0000E+00  0.0000E+00  0.0000E+00  0.0000E+00
 5.4916E+01  0.0000E+00  0.0000E+00  0.0000E+00  0.0000E+00  0.0000E+00
 5.5337E+01  0.0000E+00  0.0000E+00  0.0000E+00  0.0000E+00  0.0000E+00
 5.5760E+01  0.0000E+00  0.0000E+00  0.0000E+00  0.0000E+00  0.0000E+00
 5.6187E+01  0.0000E+00  0.0000E+00  0.0000E+00  0.0000E+00  0.0000E+00
 5.6618E+01  0.0000E+00  0.0000E+00  0.0000E+00  0.0000E+00  0.0000E+00
 5.7051E+01  0.0000E+00  0.0000E+00  0.0000E+00  0.0000E+00  0.0000E+00
 5.7488E+01  0.0000E+00  0.0000E+00  0.0000E+00  0.0000E+00  0.0000E+00
 5.7929E+01  0.0000E+00  0.0000E+00  0.0000E+00  0.0000E+00  0.0000E+00
 5.8372E+01  0.0000E+00  0.0000E+00  0.0000E+00  0.0000E+00  0.0000E+00
 5.8819E+01  0.0000E+00  0.0000E+00  0.0000E+00  0.0000E+00  0.0000E+00
 5.9270E+01  0.0000E+00  0.0000E+00  0.0000E+00  0.0000E+00  0.0000E+00
 5.9724E+01  0.0000E+00  0.0000E+00  0.0000E+00  0.0000E+00  0.0000E+00
 6.0181E+01  0.0000E+00  0.0000E+00  0.0000E+00  0.0000E+00  0.0000E+00
 6.0642E+01  0.0000E+00  0.0000E+00  0.0000E+00  0.0000E+00  0.0000E+00
 6.1106E+01  0.0000E+00  0.0000E+00  0.0000E+00  0.0000E+00  0.0000E+00
 6.1574E+01  0.0000E+00  0.0000E+00  0.0000E+00  0.0000E+00  0.0000E+00
 6.2046E+01  0.0000E+00  0.0000E+00  0.0000E+00  0.0000E+00  0.0000E+00
 6.2521E+01  0.0000E+00  0.0000E+00  0.0000E+00  0.0000E+00  0.0000E+00
 6.3000E+01  0.0000E+00  0.0000E+00  0.0000E+00  0.0000E+00  0.0000E+00
 6.3482E+01  0.0000E+00  0.0000E+00  0.0000E+00  0.0000E+00  0.0000E+00
 6.3968E+01  0.0000E+00  0.0000E+00  0.0000E+00  0.0000E+00  0.0000E+00
 6.4458E+01  0.0000E+00  0.0000E+00  0.0000E+00  0.0000E+00  0.0000E+00
 6.4952E+01  0.0000E+00  0.0000E+00  0.0000E+00  0.0000E+00  0.0000E+00
 6.5449E+01  0.0000E+00  0.0000E+00  0.0000E+00  0.0000E+00  0.0000E+00
 6.5951E+01  0.0000E+00  0.0000E+00  0.0000E+00  0.0000E+00  0.0000E+00
 6.6456E+01  0.0000E+00  0.0000E+00  0.0000E+00  0.0000E+00  0.0000E+00
 6.6965E+01  0.0000E+00  0.0000E+00  0.0000E+00  0.0000E+00  0.0000E+00
 6.7478E+01  0.0000E+00  0.0000E+00  0.0000E+00  0.0000E+00  0.0000E+00
 6.7994E+01  0.0000E+00  0.0000E+00  0.0000E+00  0.0000E+00  0.0000E+00
 6.8515E+01  0.0000E+00  0.0000E+00  0.0000E+00  0.0000E+00  0.0000E+00
 6.9040E+01  0.0000E+00  0.0000E+00  0.0000E+00  0.0000E+00  0.0000E+00
 6.9568E+01  0.0000E+00  0.0000E+00  0.0000E+00  0.0000E+00  0.0000E+00
 7.0101E+01  0.0000E+00  0.0000E+00  0.0000E+00  0.0000E+00  0.0000E+00
 7.0638E+01  0.0000E+00  0.0000E+00  0.0000E+00  0.0000E+00  0.0000E+00
 7.1179E+01  0.0000E+00  0.0000E+00  0.0000E+00  0.0000E+00  0.0000E+00
 7.1724E+01  0.0000E+00  0.0000E+00  0.0000E+00  0.0000E+00  0.0000E+00
 7.2273E+01  0.0000E+00  0.0000E+00  0.0000E+00  0.0000E+00  0.0000E+00
 7.2827E+01  0.0000E+00  0.0000E+00  0.0000E+00  0.0000E+00  0.0000E+00
 7.3385E+01  0.0000E+00  0.0000E+00  0.0000E+00  0.0000E+00  0.0000E+00
 7.3947E+01  0.0000E+00  0.0000E+00  0.0000E+00  0.0000E+00  0.0000E+00
 7.4513E+01  0.0000E+00  0.0000E+00  0.0000E+00  0.0000E+00  0.0000E+00
 7.5084E+01  0.0000E+00  0.0000E+00  0.0000E+00  0.0000E+00  0.0000E+00
 7.5659E+01  0.0000E+00  0.0000E+00  0.0000E+00  0.0000E+00  0.0000E+00
 7.6238E+01  0.0000E+00  0.0000E+00  0.0000E+00  0.0000E+00  0.0000E+00
 7.6822E+01  0.0000E+00  0.0000E+00  0.0000E+00  0.0000E+00  0.0000E+00
 7.7410E+01  0.0000E+00  0.0000E+00  0.0000E+00  0.0000E+00  0.0000E+00
 7.8003E+01  0.0000E+00  0.0000E+00  0.0000E+00  0.0000E+00  0.0000E+00
 7.8601E+01  0.0000E+00  0.0000E+00  0.0000E+00  0.0000E+00  0.0000E+00
 7.9202E+01  0.0000E+00  0.0000E+00  0.0000E+00  0.0000E+00  0.0000E+00
 7.9809E+01  0.0000E+00  0.0000E+00  0.0000E+00  0.0000E+00  0.0000E+00
 8.0420E+01  0.0000E+00  0.0000E+00  0.0000E+00  0.0000E+00  0.0000E+00
 8.1036E+01  0.0000E+00  0.0000E+00  0.0000E+00  0.0000E+00  0.0000E+00
 8.1657E+01  0.0000E+00  0.0000E+00  0.0000E+00  0.0000E+00  0.0000E+00
 8.2282E+01  0.0000E+00  0.0000E+00  0.0000E+00  0.0000E+00  0.0000E+00
 8.2912E+01  0.0000E+00  0.0000E+00  0.0000E+00  0.0000E+00  0.0000E+00
 8.3547E+01  0.0000E+00  0.0000E+00  0.0000E+00  0.0000E+00  0.0000E+00
 8.4187E+01  0.0000E+00  0.0000E+00  0.0000E+00  0.0000E+00  0.0000E+00
 8.4832E+01  0.0000E+00  0.0000E+00  0.0000E+00  0.0000E+00  0.0000E+00
 8.5481E+01  0.0000E+00  0.0000E+00  0.0000E+00  0.0000E+00  0.0000E+00
 8.6136E+01  0.0000E+00  0.0000E+00  0.0000E+00  0.0000E+00  0.0000E+00
 8.6796E+01  0.0000E+00  0.0000E+00  0.0000E+00  0.0000E+00  0.0000E+00
 8.7460E+01  0.0000E+00  0.0000E+00  0.0000E+00  0.0000E+00  0.0000E+00
 8.8130E+01  0.0000E+00  0.0000E+00  0.0000E+00  0.0000E+00  0.0000E+00
 8.8805E+01  0.0000E+00  0.0000E+00  0.0000E+00  0.0000E+00  0.0000E+00
 8.9485E+01  0.0000E+00  0.0000E+00  0.0000E+00  0.0000E+00  0.0000E+00
 9.0171E+01  0.0000E+00  0.0000E+00  0.0000E+00  0.0000E+00  0.0000E+00
 9.0861E+01  0.0000E+00  0.0000E+00  0.0000E+00  0.0000E+00  0.0000E+00
 9.1557E+01  0.0000E+00  0.0000E+00  0.0000E+00  0.0000E+00  0.0000E+00
 9.2258E+01  0.0000E+00  0.0000E+00  0.0000E+00  0.0000E+00  0.0000E+00
 9.2965E+01  0.0000E+00  0.0000E+00  0.0000E+00  0.0000E+00  0.0000E+00
 9.3677E+01  0.0000E+00  0.0000E+00  0.0000E+00  0.0000E+00  0.0000E+00
 9.4394E+01  0.0000E+00  0.0000E+00  0.0000E+00  0.0000E+00  0.0000E+00
 9.5117E+01  0.0000E+00  0.0000E+00  0.0000E+00  0.0000E+00  0.0000E+00
 9.5845E+01  0.0000E+00  0.0000E+00  0.0000E+00  0.0000E+00  0.0000E+00
 9.6579E+01  0.0000E+00  0.0000E+00  0.0000E+00  0.0000E+00  0.0000E+00
 9.7319E+01  0.0000E+00  0.0000E+00  0.0000E+00  0.0000E+00  0.0000E+00
 9.8064E+01  0.0000E+00  0.0000E+00  0.0000E+00  0.0000E+00  0.0000E+00
 9.8815E+01  0.0000E+00  0.0000E+00  0.0000E+00  0.0000E+00  0.0000E+00
 9.9572E+01  0.0000E+00  0.0000E+00  0.0000E+00  0.0000E+00  0.0000E+00
 1.0033E+02  0.0000E+00  0.0000E+00  0.0000E+00  0.0000E+00  0.0000E+00
 1.0110E+02  0.0000E+00  0.0000E+00  0.0000E+00  0.0000E+00  0.0000E+00
 1.0188E+02  0.0000E+00  0.0000E+00  0.0000E+00  0.0000E+00  0.0000E+00
 1.0266E+02  0.0000E+00  0.0000E+00  0.0000E+00  0.0000E+00  0.0000E+00
 1.0344E+02  0.0000E+00  0.0000E+00  0.0000E+00  0.0000E+00  0.0000E+00
 1.0424E+02  0.0000E+00  0.0000E+00  0.0000E+00  0.0000E+00  0.0000E+00
 1.0503E+02  0.0000E+00  0.0000E+00  0.0000E+00  0.0000E+00  0.0000E+00
 1.0584E+02  0.0000E+00  0.0000E+00  0.0000E+00  0.0000E+00  0.0000E+00
 1.0665E+02  0.0000E+00  0.0000E+00  0.0000E+00  0.0000E+00  0.0000E+00
 1.0747E+02  0.0000E+00  0.0000E+00  0.0000E+00  0.0000E+00  0.0000E+00
 1.0829E+02  0.0000E+00  0.0000E+00  0.0000E+00  0.0000E+00  0.0000E+00
 1.0912E+02  0.0000E+00  0.0000E+00  0.0000E+00  0.0000E+00  0.0000E+00
 1.0995E+02  0.0000E+00  0.0000E+00  0.0000E+00  0.0000E+00  0.0000E+00
 1.1080E+02  0.0000E+00  0.0000E+00  0.0000E+00  0.0000E+00  0.0000E+00
 1.1164E+02  0.0000E+00  0.0000E+00  0.0000E+00  0.0000E+00  0.0000E+00
 1.1250E+02  0.0000E+00  0.0000E+00  0.0000E+00  0.0000E+00  0.0000E+00
 1.1336E+02  0.0000E+00  0.0000E+00  0.0000E+00  0.0000E+00  0.0000E+00
 1.1423E+02  0.0000E+00  0.0000E+00  0.0000E+00  0.0000E+00  0.0000E+00
 1.1510E+02  0.0000E+00  0.0000E+00  0.0000E+00  0.0000E+00  0.0000E+00
 1.1599E+02  0.0000E+00  0.0000E+00  0.0000E+00  0.0000E+00  0.0000E+00
 1.1687E+02  0.0000E+00  0.0000E+00  0.0000E+00  0.0000E+00  0.0000E+00
 1.1777E+02  0.0000E+00  0.0000E+00  0.0000E+00  0.0000E+00  0.0000E+00
 1.1867E+02  0.0000E+00  0.0000E+00  0.0000E+00  0.0000E+00  0.0000E+00
 1.1958E+02  0.0000E+00  0.0000E+00  0.0000E+00  0.0000E+00  0.0000E+00
 1.2050E+02  0.0000E+00  0.0000E+00  0.0000E+00  0.0000E+00  0.0000E+00
 1.2142E+02  0.0000E+00  0.0000E+00  0.0000E+00  0.0000E+00  0.0000E+00
 1.2235E+02  0.0000E+00  0.0000E+00  0.0000E+00  0.0000E+00  0.0000E+00
 1.2329E+02  0.0000E+00  0.0000E+00  0.0000E+00  0.0000E+00  0.0000E+00
 1.2423E+02  0.0000E+00  0.0000E+00  0.0000E+00  0.0000E+00  0.0000E+00
 1.2518E+02  0.0000E+00  0.0000E+00  0.0000E+00  0.0000E+00  0.0000E+00
 1.2614E+02  0.0000E+00  0.0000E+00  0.0000E+00  0.0000E+00  0.0000E+00
 1.2711E+02  0.0000E+00  0.0000E+00  0.0000E+00  0.0000E+00  0.0000E+00
 1.2808E+02  0.0000E+00  0.0000E+00  0.0000E+00  0.0000E+00  0.0000E+00
 1.2906E+02  0.0000E+00  0.0000E+00  0.0000E+00  0.0000E+00  0.0000E+00
 1.3005E+02  0.0000E+00  0.0000E+00  0.0000E+00  0.0000E+00  0.0000E+00
 1.3104E+02  0.0000E+00  0.0000E+00  0.0000E+00  0.0000E+00  0.0000E+00
 1.3205E+02  0.0000E+00  0.0000E+00  0.0000E+00  0.0000E+00  0.0000E+00
 1.3306E+02  0.0000E+00  0.0000E+00  0.0000E+00  0.0000E+00  0.0000E+00
 1.3408E+02  0.0000E+00  0.0000E+00  0.0000E+00  0.0000E+00  0.0000E+00
 1.3510E+02  0.0000E+00  0.0000E+00  0.0000E+00  0.0000E+00  0.0000E+00
 1.3614E+02  0.0000E+00  0.0000E+00  0.0000E+00  0.0000E+00  0.0000E+00
 1.3718E+02  0.0000E+00  0.0000E+00  0.0000E+00  0.0000E+00  0.0000E+00
 1.3823E+02  0.0000E+00  0.0000E+00  0.0000E+00  0.0000E+00  0.0000E+00
 1.3929E+02  0.0000E+00  0.0000E+00  0.0000E+00  0.0000E+00  0.0000E+00
 1.4036E+02  0.0000E+00  0.0000E+00  0.0000E+00  0.0000E+00  0.0000E+00
 1.4143E+02  0.0000E+00  0.0000E+00  0.0000E+00  0.0000E+00  0.0000E+00
 1.4252E+02  0.0000E+00  0.0000E+00  0.0000E+00  0.0000E+00  0.0000E+00
 1.4361E+02  0.0000E+00  0.0000E+00  0.0000E+00  0.0000E+00  0.0000E+00
 1.4471E+02  0.0000E+00  0.0000E+00  0.0000E+00  0.0000E+00  0.0000E+00
 1.4582E+02  0.0000E+00  0.0000E+00  0.0000E+00  0.0000E+00  0.0000E+00
 1.4693E+02  0.0000E+00  0.0000E+00  0.0000E+00  0.0000E+00  0.0000E+00
 1.4806E+02  0.0000E+00  0.0000E+00  0.0000E+00  0.0000E+00  0.0000E+00
 1.4919E+02  0.0000E+00  0.0000E+00  0.0000E+00  0.0000E+00  0.0000E+00
 1.5033E+02  0.0000E+00  0.0000E+00  0.0000E+00  0.0000E+00  0.0000E+00
 1.5149E+02  0.0000E+00  0.0000E+00  0.0000E+00  0.0000E+00  0.0000E+00
 1.5265E+02  0.0000E+00  0.0000E+00  0.0000E+00  0.0000E+00  0.0000E+00
 1.5381E+02  0.0000E+00  0.0000E+00  0.0000E+00  0.0000E+00  0.0000E+00
 1.5499E+02  0.0000E+00  0.0000E+00  0.0000E+00  0.0000E+00  0.0000E+00
 1.5618E+02  0.0000E+00  0.0000E+00  0.0000E+00  0.0000E+00  0.0000E+00
 1.5738E+02  0.0000E+00  0.0000E+00  0.0000E+00  0.0000E+00  0.0000E+00
 1.5858E+02  0.0000E+00  0.0000E+00  0.0000E+00  0.0000E+00  0.0000E+00
 1.5980E+02  0.0000E+00  0.0000E+00  0.0000E+00  0.0000E+00  0.0000E+00
 1.6102E+02  0.0000E+00  0.0000E+00  0.0000E+00  0.0000E+00  0.0000E+00
 1.6225E+02  0.0000E+00  0.0000E+00  0.0000E+00  0.0000E+00  0.0000E+00
 1.6349E+02  0.0000E+00  0.0000E+00  0.0000E+00  0.0000E+00  0.0000E+00
 1.6475E+02  0.0000E+00  0.0000E+00  0.0000E+00  0.0000E+00  0.0000E+00
 1.6601E+02  0.0000E+00  0.0000E+00  0.0000E+00  0.0000E+00  0.0000E+00
 1.6728E+02  0.0000E+00  0.0000E+00  0.0000E+00  0.0000E+00  0.0000E+00
 1.6856E+02  0.0000E+00  0.0000E+00  0.0000E+00  0.0000E+00  0.0000E+00
 1.6985E+02  0.0000E+00  0.0000E+00  0.0000E+00  0.0000E+00  0.0000E+00
 1.7115E+02  0.0000E+00  0.0000E+00  0.0000E+00  0.0000E+00  0.0000E+00
 1.7246E+02  0.0000E+00  0.0000E+00  0.0000E+00  0.0000E+00  0.0000E+00
 1.7378E+02  0.0000E+00  0.0000E+00  0.0000E+00  0.0000E+00  0.0000E+00
 1.7511E+02  0.0000E+00  0.0000E+00  0.0000E+00  0.0000E+00  0.0000E+00
 1.7646E+02  0.0000E+00  0.0000E+00  0.0000E+00  0.0000E+00  0.0000E+00
 1.7781E+02  0.0000E+00  0.0000E+00  0.0000E+00  0.0000E+00  0.0000E+00
 1.7917E+02  0.0000E+00  0.0000E+00  0.0000E+00  0.0000E+00  0.0000E+00
 1.8054E+02  0.0000E+00  0.0000E+00  0.0000E+00  0.0000E+00  0.0000E+00
 1.8192E+02  0.0000E+00  0.0000E+00  0.0000E+00  0.0000E+00  0.0000E+00
 1.8332E+02  0.0000E+00  0.0000E+00  0.0000E+00  0.0000E+00  0.0000E+00
 1.8472E+02  0.0000E+00  0.0000E+00  0.0000E+00  0.0000E+00  0.0000E+00
 1.8614E+02  0.0000E+00  0.0000E+00  0.0000E+00  0.0000E+00  0.0000E+00
 1.8756E+02  0.0000E+00  0.0000E+00  0.0000E+00  0.0000E+00  0.0000E+00
 1.8900E+02  0.0000E+00  0.0000E+00  0.0000E+00  0.0000E+00  0.0000E+00
 1.9045E+02  0.0000E+00  0.0000E+00  0.0000E+00  0.0000E+00  0.0000E+00
 1.9190E+02  0.0000E+00  0.0000E+00  0.0000E+00  0.0000E+00  0.0000E+00
 1.9337E+02  0.0000E+00  0.0000E+00  0.0000E+00  0.0000E+00  0.0000E+00
 1.9485E+02  0.0000E+00  0.0000E+00  0.0000E+00  0.0000E+00  0.0000E+00
 1.9635E+02  0.0000E+00  0.0000E+00  0.0000E+00  0.0000E+00  0.0000E+00
 1.9785E+02  0.0000E+00  0.0000E+00  0.0000E+00  0.0000E+00  0.0000E+00
 1.9937E+02  0.0000E+00  0.0000E+00  0.0000E+00  0.0000E+00  0.0000E+00
 2.0089E+02  0.0000E+00  0.0000E+00  0.0000E+00  0.0000E+00  0.0000E+00
 2.0243E+02  0.0000E+00  0.0000E+00  0.0000E+00  0.0000E+00  0.0000E+00
 2.0398E+02  0.0000E+00  0.0000E+00  0.0000E+00  0.0000E+00  0.0000E+00
 2.0554E+02  0.0000E+00  0.0000E+00  0.0000E+00  0.0000E+00  0.0000E+00
 2.0712E+02  0.0000E+00  0.0000E+00  0.0000E+00  0.0000E+00  0.0000E+00
 2.0870E+02  0.0000E+00  0.0000E+00  0.0000E+00  0.0000E+00  0.0000E+00
 2.1030E+02  0.0000E+00  0.0000E+00  0.0000E+00  0.0000E+00  0.0000E+00
 2.1191E+02  0.0000E+00  0.0000E+00  0.0000E+00  0.0000E+00  0.0000E+00
 2.1354E+02  0.0000E+00  0.0000E+00  0.0000E+00  0.0000E+00  0.0000E+00
 2.1517E+02  0.0000E+00  0.0000E+00  0.0000E+00  0.0000E+00  0.0000E+00
 2.1682E+02  0.0000E+00  0.0000E+00  0.0000E+00  0.0000E+00  0.0000E+00
 2.1848E+02  0.0000E+00  0.0000E+00  0.0000E+00  0.0000E+00  0.0000E+00
 2.2015E+02  0.0000E+00  0.0000E+00  0.0000E+00  0.0000E+00  0.0000E+00
 2.2184E+02  0.0000E+00  0.0000E+00  0.0000E+00  0.0000E+00  0.0000E+00
 2.2354E+02  0.0000E+00  0.0000E+00  0.0000E+00  0.0000E+00  0.0000E+00
 2.2525E+02  0.0000E+00  0.0000E+00  0.0000E+00  0.0000E+00  0.0000E+00
 2.2697E+02  0.0000E+00  0.0000E+00  0.0000E+00  0.0000E+00  0.0000E+00
 2.2871E+02  0.0000E+00  0.0000E+00  0.0000E+00  0.0000E+00  0.0000E+00
 2.3046E+02  0.0000E+00  0.0000E+00  0.0000E+00  0.0000E+00  0.0000E+00
 2.3223E+02  0.0000E+00  0.0000E+00  0.0000E+00  0.0000E+00  0.0000E+00
 2.3401E+02  0.0000E+00  0.0000E+00  0.0000E+00  0.0000E+00  0.0000E+00
 2.3580E+02  0.0000E+00  0.0000E+00  0.0000E+00  0.0000E+00  0.0000E+00
 2.3761E+02  0.0000E+00  0.0000E+00  0.0000E+00  0.0000E+00  0.0000E+00
 2.3942E+02  0.0000E+00  0.0000E+00  0.0000E+00  0.0000E+00  0.0000E+00
 2.4126E+02  0.0000E+00  0.0000E+00  0.0000E+00  0.0000E+00  0.0000E+00
 2.4311E+02  0.0000E+00  0.0000E+00  0.0000E+00  0.0000E+00  0.0000E+00
 2.4497E+02  0.0000E+00  0.0000E+00  0.0000E+00  0.0000E+00  0.0000E+00
 2.4684E+02  0.0000E+00  0.0000E+00  0.0000E+00  0.0000E+00  0.0000E+00
 2.4873E+02  0.0000E+00  0.0000E+00  0.0000E+00  0.0000E+00  0.0000E+00
 2.5064E+02  0.0000E+00  0.0000E+00  0.0000E+00  0.0000E+00  0.0000E+00
 2.5256E+02  0.0000E+00  0.0000E+00  0.0000E+00  0.0000E+00  0.0000E+00
 2.5449E+02  0.0000E+00  0.0000E+00  0.0000E+00  0.0000E+00  0.0000E+00
 2.5644E+02  0.0000E+00  0.0000E+00  0.0000E+00  0.0000E+00  0.0000E+00
 2.5841E+02  0.0000E+00  0.0000E+00  0.0000E+00  0.0000E+00  0.0000E+00
 2.6038E+02  0.0000E+00  0.0000E+00  0.0000E+00  0.0000E+00  0.0000E+00
 2.6238E+02  0.0000E+00  0.0000E+00  0.0000E+00  0.0000E+00  0.0000E+00
 2.6439E+02  0.0000E+00  0.0000E+00  0.0000E+00  0.0000E+00  0.0000E+00
 2.6641E+02  0.0000E+00  0.0000E+00  0.0000E+00  0.0000E+00  0.0000E+00
 2.6845E+02  0.0000E+00  0.0000E+00  0.0000E+00  0.0000E+00  0.0000E+00
 2.7051E+02  0.0000E+00  0.0000E+00  0.0000E+00  0.0000E+00  0.0000E+00
 2.7258E+02  0.0000E+00  0.0000E+00  0.0000E+00  0.0000E+00  0.0000E+00
 2.7467E+02  0.0000E+00  0.0000E+00  0.0000E+00  0.0000E+00  0.0000E+00
 2.7677E+02  0.0000E+00  0.0000E+00  0.0000E+00  0.0000E+00  0.0000E+00
 2.7889E+02  0.0000E+00  0.0000E+00  0.0000E+00  0.0000E+00  0.0000E+00
 2.8103E+02  0.0000E+00  0.0000E+00  0.0000E+00  0.0000E+00  0.0000E+00
 2.8318E+02  0.0000E+00  0.0000E+00  0.0000E+00  0.0000E+00  0.0000E+00
 2.8535E+02  0.0000E+00  0.0000E+00  0.0000E+00  0.0000E+00  0.0000E+00
 2.8753E+02  0.0000E+00  0.0000E+00  0.0000E+00  0.0000E+00  0.0000E+00
 2.8974E+02  0.0000E+00  0.0000E+00  0.0000E+00  0.0000E+00  0.0000E+00
 2.9195E+02  0.0000E+00  0.0000E+00  0.0000E+00  0.0000E+00  0.0000E+00
 2.9419E+02  0.0000E+00  0.0000E+00  0.0000E+00  0.0000E+00  0.0000E+00
 2.9644E+02  0.0000E+00  0.0000E+00  0.0000E+00  0.0000E+00  0.0000E+00
 2.9871E+02  0.0000E+00  0.0000E+00  0.0000E+00  0.0000E+00  0.0000E+00
 3.0100E+02  0.0000E+00  0.0000E+00  0.0000E+00  0.0000E+00  0.0000E+00
 3.0331E+02  0.0000E+00  0.0000E+00  0.0000E+00  0.0000E+00  0.0000E+00
 3.0563E+02  0.0000E+00  0.0000E+00  0.0000E+00  0.0000E+00  0.0000E+00
 3.0797E+02  0.0000E+00  0.0000E+00  0.0000E+00  0.0000E+00  0.0000E+00
 3.1033E+02  0.0000E+00  0.0000E+00  0.0000E+00  0.0000E+00  0.0000E+00
 3.1271E+02  0.0000E+00  0.0000E+00  0.0000E+00  0.0000E+00  0.0000E+00
 3.1510E+02  0.0000E+00  0.0000E+00  0.0000E+00  0.0000E+00  0.0000E+00
 3.1751E+02  0.0000E+00  0.0000E+00  0.0000E+00  0.0000E+00  0.0000E+00
 3.1994E+02  0.0000E+00  0.0000E+00  0.0000E+00  0.0000E+00  0.0000E+00
 3.2240E+02  0.0000E+00  0.0000E+00  0.0000E+00  0.0000E+00  0.0000E+00
 3.2486E+02  0.0000E+00  0.0000E+00  0.0000E+00  0.0000E+00  0.0000E+00
 3.2735E+02  0.0000E+00  0.0000E+00  0.0000E+00  0.0000E+00  0.0000E+00
 3.2986E+02  0.0000E+00  0.0000E+00  0.0000E+00  0.0000E+00  0.0000E+00
 3.3239E+02  0.0000E+00  0.0000E+00  0.0000E+00  0.0000E+00  0.0000E+00
 3.3493E+02  0.0000E+00  0.0000E+00  0.0000E+00  0.0000E+00  0.0000E+00
 3.3750E+02  0.0000E+00  0.0000E+00  0.0000E+00  0.0000E+00  0.0000E+00
 3.4008E+02  0.0000E+00  0.0000E+00  0.0000E+00  0.0000E+00  0.0000E+00
 3.4268E+02  0.0000E+00  0.0000E+00  0.0000E+00  0.0000E+00  0.0000E+00
 3.4531E+02  0.0000E+00  0.0000E+00  0.0000E+00  0.0000E+00  0.0000E+00
 3.4795E+02  0.0000E+00  0.0000E+00  0.0000E+00  0.0000E+00  0.0000E+00
 3.5062E+02  0.0000E+00  0.0000E+00  0.0000E+00  0.0000E+00  0.0000E+00
 3.5330E+02  0.0000E+00  0.0000E+00  0.0000E+00  0.0000E+00  0.0000E+00
 3.5601E+02  0.0000E+00  0.0000E+00  0.0000E+00  0.0000E+00  0.0000E+00
 3.5874E+02  0.0000E+00  0.0000E+00  0.0000E+00  0.0000E+00  0.0000E+00
 3.6148E+02  0.0000E+00  0.0000E+00  0.0000E+00  0.0000E+00  0.0000E+00
 3.6425E+02  0.0000E+00  0.0000E+00  0.0000E+00  0.0000E+00  0.0000E+00
 3.6704E+02  0.0000E+00  0.0000E+00  0.0000E+00  0.0000E+00  0.0000E+00
 3.6985E+02  0.0000E+00  0.0000E+00  0.0000E+00  0.0000E+00  0.0000E+00
 3.7268E+02  0.0000E+00  0.0000E+00  0.0000E+00  0.0000E+00  0.0000E+00
 3.7554E+02  0.0000E+00  0.0000E+00  0.0000E+00  0.0000E+00  0.0000E+00
 3.7841E+02  0.0000E+00  0.0000E+00  0.0000E+00  0.0000E+00  0.0000E+00
 3.8131E+02  0.0000E+00  0.0000E+00  0.0000E+00  0.0000E+00  0.0000E+00
 3.8423E+02  0.0000E+00  0.0000E+00  0.0000E+00  0.0000E+00  0.0000E+00
 3.8718E+02  0.0000E+00  0.0000E+00  0.0000E+00  0.0000E+00  0.0000E+00
 3.9014E+02  0.0000E+00  0.0000E+00  0.0000E+00  0.0000E+00  0.0000E+00
 3.9313E+02  0.0000E+00  0.0000E+00  0.0000E+00  0.0000E+00  0.0000E+00
 3.9614E+02  0.0000E+00  0.0000E+00  0.0000E+00  0.0000E+00  0.0000E+00
 3.9917E+02  0.0000E+00  0.0000E+00  0.0000E+00  0.0000E+00  0.0000E+00
 4.0223E+02  0.0000E+00  0.0000E+00  0.0000E+00  0.0000E+00  0.0000E+00
 4.0531E+02  0.0000E+00  0.0000E+00  0.0000E+00  0.0000E+00  0.0000E+00
 4.0841E+02  0.0000E+00  0.0000E+00  0.0000E+00  0.0000E+00  0.0000E+00
 4.1154E+02  0.0000E+00  0.0000E+00  0.0000E+00  0.0000E+00  0.0000E+00
 4.1469E+02  0.0000E+00  0.0000E+00  0.0000E+00  0.0000E+00  0.0000E+00
 4.1787E+02  0.0000E+00  0.0000E+00  0.0000E+00  0.0000E+00  0.0000E+00
 4.2107E+02  0.0000E+00  0.0000E+00  0.0000E+00  0.0000E+00  0.0000E+00
 4.2429E+02  0.0000E+00  0.0000E+00  0.0000E+00  0.0000E+00  0.0000E+00
 4.2754E+02  0.0000E+00  0.0000E+00  0.0000E+00  0.0000E+00  0.0000E+00
 4.3082E+02  0.0000E+00  0.0000E+00  0.0000E+00  0.0000E+00  0.0000E+00
 4.3412E+02  0.0000E+00  0.0000E+00  0.0000E+00  0.0000E+00  0.0000E+00
 4.3744E+02  0.0000E+00  0.0000E+00  0.0000E+00  0.0000E+00  0.0000E+00
 4.4079E+02  0.0000E+00  0.0000E+00  0.0000E+00  0.0000E+00  0.0000E+00
 4.4417E+02  0.0000E+00  0.0000E+00  0.0000E+00  0.0000E+00  0.0000E+00
 4.4757E+02  0.0000E+00  0.0000E+00  0.0000E+00  0.0000E+00  0.0000E+00
 4.5100E+02  0.0000E+00  0.0000E+00  0.0000E+00  0.0000E+00  0.0000E+00
 4.5445E+02  0.0000E+00  0.0000E+00  0.0000E+00  0.0000E+00  0.0000E+00
 4.5793E+02  0.0000E+00  0.0000E+00  0.0000E+00  0.0000E+00  0.0000E+00
 4.6144E+02  0.0000E+00  0.0000E+00  0.0000E+00  0.0000E+00  0.0000E+00
 4.6497E+02  0.0000E+00  0.0000E+00  0.0000E+00  0.0000E+00  0.0000E+00
 4.6853E+02  0.0000E+00  0.0000E+00  0.0000E+00  0.0000E+00  0.0000E+00
 4.7212E+02  0.0000E+00  0.0000E+00  0.0000E+00  0.0000E+00  0.0000E+00
 4.7574E+02  0.0000E+00  0.0000E+00  0.0000E+00  0.0000E+00  0.0000E+00
 4.7938E+02  0.0000E+00  0.0000E+00  0.0000E+00  0.0000E+00  0.0000E+00
 4.8305E+02  0.0000E+00  0.0000E+00  0.0000E+00  0.0000E+00  0.0000E+00
 4.8675E+02  0.0000E+00  0.0000E+00  0.0000E+00  0.0000E+00  0.0000E+00
 4.9048E+02  0.0000E+00  0.0000E+00  0.0000E+00  0.0000E+00  0.0000E+00
 4.9424E+02  0.0000E+00  0.0000E+00  0.0000E+00  0.0000E+00  0.0000E+00
 4.9802E+02  0.0000E+00  0.0000E+00  0.0000E+00  0.0000E+00  0.0000E+00
 5.0183E+02  0.0000E+00  0.0000E+00  0.0000E+00  0.0000E+00  0.0000E+00
 5.0568E+02  0.0000E+00  0.0000E+00  0.0000E+00  0.0000E+00  0.0000E+00
 5.0955E+02  0.0000E+00  0.0000E+00  0.0000E+00  0.0000E+00  0.0000E+00
 5.1345E+02  0.0000E+00  0.0000E+00  0.0000E+00  0.0000E+00  0.0000E+00
 5.1738E+02  0.0000E+00  0.0000E+00  0.0000E+00  0.0000E+00  0.0000E+00
 5.2135E+02  0.0000E+00  0.0000E+00  0.0000E+00  0.0000E+00  0.0000E+00
 5.2534E+02  0.0000E+00  0.0000E+00  0.0000E+00  0.0000E+00  0.0000E+00
 5.2936E+02  0.0000E+00  0.0000E+00  0.0000E+00  0.0000E+00  0.0000E+00
 5.3342E+02  0.0000E+00  0.0000E+00  0.0000E+00  0.0000E+00  0.0000E+00
 5.3750E+02  0.0000E+00  0.0000E+00  0.0000E+00  0.0000E+00  0.0000E+00
 5.4162E+02  0.0000E+00  0.0000E+00  0.0000E+00  0.0000E+00  0.0000E+00
 5.4577E+02  0.0000E+00  0.0000E+00  0.0000E+00  0.0000E+00  0.0000E+00
 5.4995E+02  0.0000E+00  0.0000E+00  0.0000E+00  0.0000E+00  0.0000E+00
 5.5416E+02  0.0000E+00  0.0000E+00  0.0000E+00  0.0000E+00  0.0000E+00
 5.5840E+02  0.0000E+00  0.0000E+00  0.0000E+00  0.0000E+00  0.0000E+00
 5.6268E+02  0.0000E+00  0.0000E+00  0.0000E+00  0.0000E+00  0.0000E+00
 5.6699E+02  0.0000E+00  0.0000E+00  0.0000E+00  0.0000E+00  0.0000E+00
 5.7133E+02  0.0000E+00  0.0000E+00  0.0000E+00  0.0000E+00  0.0000E+00
 5.7571E+02  0.0000E+00  0.0000E+00  0.0000E+00  0.0000E+00  0.0000E+00
 5.8011E+02  0.0000E+00  0.0000E+00  0.0000E+00  0.0000E+00  0.0000E+00
 5.8456E+02  0.0000E+00  0.0000E+00  0.0000E+00  0.0000E+00  0.0000E+00
 5.8903E+02  0.0000E+00  0.0000E+00  0.0000E+00  0.0000E+00  0.0000E+00
 5.9354E+02  0.0000E+00  0.0000E+00  0.0000E+00  0.0000E+00  0.0000E+00
 5.9809E+02  0.0000E+00  0.0000E+00  0.0000E+00  0.0000E+00  0.0000E+00
 6.0267E+02  0.0000E+00  0.0000E+00  0.0000E+00  0.0000E+00  0.0000E+00
 6.0729E+02  0.0000E+00  0.0000E+00  0.0000E+00  0.0000E+00  0.0000E+00
 6.1194E+02  0.0000E+00  0.0000E+00  0.0000E+00  0.0000E+00  0.0000E+00
 6.1662E+02  0.0000E+00  0.0000E+00  0.0000E+00  0.0000E+00  0.0000E+00
 6.2135E+02  0.0000E+00  0.0000E+00  0.0000E+00  0.0000E+00  0.0000E+00
 6.2610E+02  0.0000E+00  0.0000E+00  0.0000E+00  0.0000E+00  0.0000E+00
 6.3090E+02  0.0000E+00  0.0000E+00  0.0000E+00  0.0000E+00  0.0000E+00
 6.3573E+02  0.0000E+00  0.0000E+00  0.0000E+00  0.0000E+00  0.0000E+00
 6.4060E+02  0.0000E+00  0.0000E+00  0.0000E+00  0.0000E+00  0.0000E+00
 6.4551E+02  0.0000E+00  0.0000E+00  0.0000E+00  0.0000E+00  0.0000E+00
 6.5045E+02  0.0000E+00  0.0000E+00  0.0000E+00  0.0000E+00  0.0000E+00
 6.5543E+02  0.0000E+00  0.0000E+00  0.0000E+00  0.0000E+00  0.0000E+00
 6.6045E+02  0.0000E+00  0.0000E+00  0.0000E+00  0.0000E+00  0.0000E+00
 6.6551E+02  0.0000E+00  0.0000E+00  0.0000E+00  0.0000E+00  0.0000E+00
 6.7060E+02  0.0000E+00  0.0000E+00  0.0000E+00  0.0000E+00  0.0000E+00
 6.7574E+02  0.0000E+00  0.0000E+00  0.0000E+00  0.0000E+00  0.0000E+00
 6.8092E+02  0.0000E+00  0.0000E+00  0.0000E+00  0.0000E+00  0.0000E+00
 6.8613E+02  0.0000E+00  0.0000E+00  0.0000E+00  0.0000E+00  0.0000E+00
 6.9138E+02  0.0000E+00  0.0000E+00  0.0000E+00  0.0000E+00  0.0000E+00
 6.9668E+02  0.0000E+00  0.0000E+00  0.0000E+00  0.0000E+00  0.0000E+00
 7.0201E+02  0.0000E+00  0.0000E+00  0.0000E+00  0.0000E+00  0.0000E+00
 7.0739E+02  0.0000E+00  0.0000E+00  0.0000E+00  0.0000E+00  0.0000E+00
 7.1281E+02  0.0000E+00  0.0000E+00  0.0000E+00  0.0000E+00  0.0000E+00
 7.1827E+02  0.0000E+00  0.0000E+00  0.0000E+00  0.0000E+00  0.0000E+00
 7.2377E+02  0.0000E+00  0.0000E+00  0.0000E+00  0.0000E+00  0.0000E+00
 7.2931E+02  0.0000E+00  0.0000E+00  0.0000E+00  0.0000E+00  0.0000E+00
 7.3490E+02  0.0000E+00  0.0000E+00  0.0000E+00  0.0000E+00  0.0000E+00
 7.4052E+02  0.0000E+00  0.0000E+00  0.0000E+00  0.0000E+00  0.0000E+00
 7.4620E+02  0.0000E+00  0.0000E+00  0.0000E+00  0.0000E+00  0.0000E+00
 7.5191E+02  0.0000E+00  0.0000E+00  0.0000E+00  0.0000E+00  0.0000E+00
 7.5767E+02  0.0000E+00  0.0000E+00  0.0000E+00  0.0000E+00  0.0000E+00
 7.6347E+02  0.0000E+00  0.0000E+00  0.0000E+00  0.0000E+00  0.0000E+00
 7.6932E+02  0.0000E+00  0.0000E+00  0.0000E+00  0.0000E+00  0.0000E+00
 7.7521E+02  0.0000E+00  0.0000E+00  0.0000E+00  0.0000E+00  0.0000E+00
 7.8115E+02  0.0000E+00  0.0000E+00  0.0000E+00  0.0000E+00  0.0000E+00
 7.8713E+02  0.0000E+00  0.0000E+00  0.0000E+00  0.0000E+00  0.0000E+00
 7.9316E+02  0.0000E+00  0.0000E+00  0.0000E+00  0.0000E+00  0.0000E+00
 7.9923E+02  0.0000E+00  0.0000E+00  0.0000E+00  0.0000E+00  0.0000E+00
 8.0535E+02  0.0000E+00  0.0000E+00  0.0000E+00  0.0000E+00  0.0000E+00
 8.1152E+02  0.0000E+00  0.0000E+00  0.0000E+00  0.0000E+00  0.0000E+00
 8.1774E+02  0.0000E+00  0.0000E+00  0.0000E+00  0.0000E+00  0.0000E+00
 8.2400E+02  0.0000E+00  0.0000E+00  0.0000E+00  0.0000E+00  0.0000E+00
 8.3031E+02  0.0000E+00  0.0000E+00  0.0000E+00  0.0000E+00  0.0000E+00
 8.3667E+02  0.0000E+00  0.0000E+00  0.0000E+00  0.0000E+00  0.0000E+00
 8.4307E+02  0.0000E+00  0.0000E+00  0.0000E+00  0.0000E+00  0.0000E+00
 8.4953E+02  0.0000E+00  0.0000E+00  0.0000E+00  0.0000E+00  0.0000E+00
 8.5604E+02  0.0000E+00  0.0000E+00  0.0000E+00  0.0000E+00  0.0000E+00
 8.6259E+02  0.0000E+00  0.0000E+00  0.0000E+00  0.0000E+00  0.0000E+00
 8.6920E+02  0.0000E+00  0.0000E+00  0.0000E+00  0.0000E+00  0.0000E+00
 8.7586E+02  0.0000E+00  0.0000E+00  0.0000E+00  0.0000E+00  0.0000E+00
 8.8256E+02  0.0000E+00  0.0000E+00  0.0000E+00  0.0000E+00  0.0000E+00
 8.8932E+02  0.0000E+00  0.0000E+00  0.0000E+00  0.0000E+00  0.0000E+00
 8.9613E+02  0.0000E+00  0.0000E+00  0.0000E+00  0.0000E+00  0.0000E+00
 9.0300E+02  0.0000E+00  0.0000E+00  0.0000E+00  0.0000E+00  0.0000E+00
 9.0991E+02  0.0000E+00  0.0000E+00  0.0000E+00  0.0000E+00  0.0000E+00
 9.1688E+02  0.0000E+00  0.0000E+00  0.0000E+00  0.0000E+00  0.0000E+00
 9.2390E+02  0.0000E+00  0.0000E+00  0.0000E+00  0.0000E+00  0.0000E+00
 9.3098E+02  0.0000E+00  0.0000E+00  0.0000E+00  0.0000E+00  0.0000E+00
 9.3811E+02  0.0000E+00  0.0000E+00  0.0000E+00  0.0000E+00  0.0000E+00
 9.4529E+02  0.0000E+00  0.0000E+00  0.0000E+00  0.0000E+00  0.0000E+00
 9.5253E+02  0.0000E+00  0.0000E+00  0.0000E+00  0.0000E+00  0.0000E+00
 9.5983E+02  0.0000E+00  0.0000E+00  0.0000E+00  0.0000E+00  0.0000E+00
 9.6718E+02  0.0000E+00  0.0000E+00  0.0000E+00  0.0000E+00  0.0000E+00
 9.7458E+02  0.0000E+00  0.0000E+00  0.0000E+00  0.0000E+00  0.0000E+00
 9.8205E+02  0.0000E+00  0.0000E+00  0.0000E+00  0.0000E+00  0.0000E+00
 9.8957E+02  0.0000E+00  0.0000E+00  0.0000E+00  0.0000E+00  0.0000E+00
 9.9715E+02  0.0000E+00  0.0000E+00  0.0000E+00  0.0000E+00  0.0000E+00
 1.0048E+03  0.0000E+00  0.0000E+00  0.0000E+00  0.0000E+00  0.0000E+00
 1.0125E+03  0.0000E+00  0.0000E+00  0.0000E+00  0.0000E+00  0.0000E+00
 1.0202E+03  0.0000E+00  0.0000E+00  0.0000E+00  0.0000E+00  0.0000E+00
 1.0280E+03  0.0000E+00  0.0000E+00  0.0000E+00  0.0000E+00  0.0000E+00
 1.0359E+03  0.0000E+00  0.0000E+00  0.0000E+00  0.0000E+00  0.0000E+00
 1.0439E+03  0.0000E+00  0.0000E+00  0.0000E+00  0.0000E+00  0.0000E+00
 1.0518E+03  0.0000E+00  0.0000E+00  0.0000E+00  0.0000E+00  0.0000E+00
 1.0599E+03  0.0000E+00  0.0000E+00  0.0000E+00  0.0000E+00  0.0000E+00
 1.0680E+03  0.0000E+00  0.0000E+00  0.0000E+00  0.0000E+00  0.0000E+00
 1.0762E+03  0.0000E+00  0.0000E+00  0.0000E+00  0.0000E+00  0.0000E+00
 1.0844E+03  0.0000E+00  0.0000E+00  0.0000E+00  0.0000E+00  0.0000E+00
 1.0927E+03  0.0000E+00  0.0000E+00  0.0000E+00  0.0000E+00  0.0000E+00
 1.1011E+03  0.0000E+00  0.0000E+00  0.0000E+00  0.0000E+00  0.0000E+00
 1.1095E+03  0.0000E+00  0.0000E+00  0.0000E+00  0.0000E+00  0.0000E+00
 1.1180E+03  0.0000E+00  0.0000E+00  0.0000E+00  0.0000E+00  0.0000E+00
 1.1266E+03  0.0000E+00  0.0000E+00  0.0000E+00  0.0000E+00  0.0000E+00
 1.1352E+03  0.0000E+00  0.0000E+00  0.0000E+00  0.0000E+00  0.0000E+00
 1.1439E+03  0.0000E+00  0.0000E+00  0.0000E+00  0.0000E+00  0.0000E+00
 1.1527E+03  0.0000E+00  0.0000E+00  0.0000E+00  0.0000E+00  0.0000E+00
 1.1615E+03  0.0000E+00  0.0000E+00  0.0000E+00  0.0000E+00  0.0000E+00
 1.1704E+03  0.0000E+00  0.0000E+00  0.0000E+00  0.0000E+00  0.0000E+00
 1.1794E+03  0.0000E+00  0.0000E+00  0.0000E+00  0.0000E+00  0.0000E+00
 1.1884E+03  0.0000E+00  0.0000E+00  0.0000E+00  0.0000E+00  0.0000E+00
 1.1975E+03  0.0000E+00  0.0000E+00  0.0000E+00  0.0000E+00  0.0000E+00
 1.2067E+03  0.0000E+00  0.0000E+00  0.0000E+00  0.0000E+00  0.0000E+00
 1.2159E+03  0.0000E+00  0.0000E+00  0.0000E+00  0.0000E+00  0.0000E+00
 1.2252E+03  0.0000E+00  0.0000E+00  0.0000E+00  0.0000E+00  0.0000E+00
 1.2346E+03  0.0000E+00  0.0000E+00  0.0000E+00  0.0000E+00  0.0000E+00
 1.2441E+03  0.0000E+00  0.0000E+00  0.0000E+00  0.0000E+00  0.0000E+00
 1.2536E+03  0.0000E+00  0.0000E+00  0.0000E+00  0.0000E+00  0.0000E+00
 1.2632E+03  0.0000E+00  0.0000E+00  0.0000E+00  0.0000E+00  0.0000E+00
 1.2729E+03  0.0000E+00  0.0000E+00  0.0000E+00  0.0000E+00  0.0000E+00
 1.2826E+03  0.0000E+00  0.0000E+00  0.0000E+00  0.0000E+00  0.0000E+00
 1.2924E+03  0.0000E+00  0.0000E+00  0.0000E+00  0.0000E+00  0.0000E+00
 1.3023E+03  0.0000E+00  0.0000E+00  0.0000E+00  0.0000E+00  0.0000E+00
 1.3123E+03  0.0000E+00  0.0000E+00  0.0000E+00  0.0000E+00  0.0000E+00
 1.3224E+03  0.0000E+00  0.0000E+00  0.0000E+00  0.0000E+00  0.0000E+00
 1.3325E+03  0.0000E+00  0.0000E+00  0.0000E+00  0.0000E+00  0.0000E+00
 1.3427E+03  0.0000E+00  0.0000E+00  0.0000E+00  0.0000E+00  0.0000E+00
 1.3530E+03  0.0000E+00  0.0000E+00  0.0000E+00  0.0000E+00  0.0000E+00
 1.3633E+03  0.0000E+00  0.0000E+00  0.0000E+00  0.0000E+00  0.0000E+00
 1.3738E+03  0.0000E+00  0.0000E+00  0.0000E+00  0.0000E+00  0.0000E+00
 1.3843E+03  0.0000E+00  0.0000E+00  0.0000E+00  0.0000E+00  0.0000E+00
 1.3949E+03  0.0000E+00  0.0000E+00  0.0000E+00  0.0000E+00  0.0000E+00
 1.4056E+03  0.0000E+00  0.0000E+00  0.0000E+00  0.0000E+00  0.0000E+00
 1.4164E+03  0.0000E+00  0.0000E+00  0.0000E+00  0.0000E+00  0.0000E+00
 1.4272E+03  0.0000E+00  0.0000E+00  0.0000E+00  0.0000E+00  0.0000E+00
 1.4381E+03  0.0000E+00  0.0000E+00  0.0000E+00  0.0000E+00  0.0000E+00
 1.4491E+03  0.0000E+00  0.0000E+00  0.0000E+00  0.0000E+00  0.0000E+00
 1.4602E+03  0.0000E+00  0.0000E+00  0.0000E+00  0.0000E+00  0.0000E+00
 1.4714E+03  0.0000E+00  0.0000E+00  0.0000E+00  0.0000E+00  0.0000E+00
 1.4827E+03  0.0000E+00  0.0000E+00  0.0000E+00  0.0000E+00  0.0000E+00
 1.4940E+03  0.0000E+00  0.0000E+00  0.0000E+00  0.0000E+00  0.0000E+00
 1.5055E+03  0.0000E+00  0.0000E+00  0.0000E+00  0.0000E+00  0.0000E+00
 1.5170E+03  0.0000E+00  0.0000E+00  0.0000E+00  0.0000E+00  0.0000E+00
 1.5286E+03  0.0000E+00  0.0000E+00  0.0000E+00  0.0000E+00  0.0000E+00
 1.5403E+03  0.0000E+00  0.0000E+00  0.0000E+00  0.0000E+00  0.0000E+00
 1.5521E+03  0.0000E+00  0.0000E+00  0.0000E+00  0.0000E+00  0.0000E+00
 1.5640E+03  0.0000E+00  0.0000E+00  0.0000E+00  0.0000E+00  0.0000E+00
 1.5760E+03  0.0000E+00  0.0000E+00  0.0000E+00  0.0000E+00  0.0000E+00
 1.5881E+03  0.0000E+00  0.0000E+00  0.0000E+00  0.0000E+00  0.0000E+00
 1.6002E+03  0.0000E+00  0.0000E+00  0.0000E+00  0.0000E+00  0.0000E+00
 1.6125E+03  0.0000E+00  0.0000E+00  0.0000E+00  0.0000E+00  0.0000E+00
 1.6248E+03  0.0000E+00  0.0000E+00  0.0000E+00  0.0000E+00  0.0000E+00
 1.6373E+03  0.0000E+00  0.0000E+00  0.0000E+00  0.0000E+00  0.0000E+00
 1.6498E+03  0.0000E+00  0.0000E+00  0.0000E+00  0.0000E+00  0.0000E+00
 1.6625E+03  0.0000E+00  0.0000E+00  0.0000E+00  0.0000E+00  0.0000E+00
 1.6752E+03  0.0000E+00  0.0000E+00  0.0000E+00  0.0000E+00  0.0000E+00
 1.6880E+03  0.0000E+00  0.0000E+00  0.0000E+00  0.0000E+00  0.0000E+00
 1.7009E+03  0.0000E+00  0.0000E+00  0.0000E+00  0.0000E+00  0.0000E+00
 1.7140E+03  0.0000E+00  0.0000E+00  0.0000E+00  0.0000E+00  0.0000E+00
 1.7271E+03  0.0000E+00  0.0000E+00  0.0000E+00  0.0000E+00  0.0000E+00
 1.7403E+03  0.0000E+00  0.0000E+00  0.0000E+00  0.0000E+00  0.0000E+00
 1.7537E+03  0.0000E+00  0.0000E+00  0.0000E+00  0.0000E+00  0.0000E+00
 1.7671E+03  0.0000E+00  0.0000E+00  0.0000E+00  0.0000E+00  0.0000E+00
 1.7806E+03  0.0000E+00  0.0000E+00  0.0000E+00  0.0000E+00  0.0000E+00
 1.7943E+03  0.0000E+00  0.0000E+00  0.0000E+00  0.0000E+00  0.0000E+00
 1.8080E+03  0.0000E+00  0.0000E+00  0.0000E+00  0.0000E+00  0.0000E+00
 1.8218E+03  0.0000E+00  0.0000E+00  0.0000E+00  0.0000E+00  0.0000E+00
 1.8358E+03  0.0000E+00  0.0000E+00  0.0000E+00  0.0000E+00  0.0000E+00
 1.8499E+03  0.0000E+00  0.0000E+00  0.0000E+00  0.0000E+00  0.0000E+00
 1.8640E+03  0.0000E+00  0.0000E+00  0.0000E+00  0.0000E+00  0.0000E+00
 1.8783E+03  0.0000E+00  0.0000E+00  0.0000E+00  0.0000E+00  0.0000E+00
 1.8927E+03  0.0000E+00  0.0000E+00  0.0000E+00  0.0000E+00  0.0000E+00
 1.9072E+03  0.0000E+00  0.0000E+00  0.0000E+00  0.0000E+00  0.0000E+00
 1.9218E+03  0.0000E+00  0.0000E+00  0.0000E+00  0.0000E+00  0.0000E+00
 1.9365E+03  0.0000E+00  0.0000E+00  0.0000E+00  0.0000E+00  0.0000E+00
 1.9513E+03  0.0000E+00  0.0000E+00  0.0000E+00  0.0000E+00  0.0000E+00
 1.9663E+03  0.0000E+00  0.0000E+00  0.0000E+00  0.0000E+00  0.0000E+00
 1.9813E+03  0.0000E+00  0.0000E+00  0.0000E+00  0.0000E+00  0.0000E+00
 1.9965E+03  0.0000E+00  0.0000E+00  0.0000E+00  0.0000E+00  0.0000E+00
 2.0118E+03  0.0000E+00  0.0000E+00  0.0000E+00  0.0000E+00  0.0000E+00
 2.0272E+03  0.0000E+00  0.0000E+00  0.0000E+00  0.0000E+00  0.0000E+00
 2.0427E+03  0.0000E+00  0.0000E+00  0.0000E+00  0.0000E+00  0.0000E+00
 2.0584E+03  0.0000E+00  0.0000E+00  0.0000E+00  0.0000E+00  0.0000E+00
 2.0741E+03  0.0000E+00  0.0000E+00  0.0000E+00  0.0000E+00  0.0000E+00
 2.0900E+03  0.0000E+00  0.0000E+00  0.0000E+00  0.0000E+00  0.0000E+00
 2.1060E+03  0.0000E+00  0.0000E+00  0.0000E+00  0.0000E+00  0.0000E+00
 2.1222E+03  0.0000E+00  0.0000E+00  0.0000E+00  0.0000E+00  0.0000E+00
 2.1384E+03  0.0000E+00  0.0000E+00  0.0000E+00  0.0000E+00  0.0000E+00
 2.1548E+03  0.0000E+00  0.0000E+00  0.0000E+00  0.0000E+00  0.0000E+00
 2.1713E+03  0.0000E+00  0.0000E+00  0.0000E+00  0.0000E+00  0.0000E+00
 2.1879E+03  0.0000E+00  0.0000E+00  0.0000E+00  0.0000E+00  0.0000E+00
 2.2047E+03  0.0000E+00  0.0000E+00  0.0000E+00  0.0000E+00  0.0000E+00
 2.2216E+03  0.0000E+00  0.0000E+00  0.0000E+00  0.0000E+00  0.0000E+00
 2.2386E+03  0.0000E+00  0.0000E+00  0.0000E+00  0.0000E+00  0.0000E+00
 2.2557E+03  0.0000E+00  0.0000E+00  0.0000E+00  0.0000E+00  0.0000E+00
 2.2730E+03  1.7725E-03  4.6566E-02  3.3481E-03  1.7631E-01  1.0000E+00
 2.2904E+03  1.7753E-03  4.6284E-02  3.3483E-03  1.7498E-01  1.0000E+00
 2.3079E+03  1.7781E-03  4.6004E-02  3.3486E-03  1.7366E-01  1.0000E+00
 2.3256E+03  1.7809E-03  4.5725E-02  3.3488E-03  1.7236E-01  1.0000E+00
 2.3434E+03  1.7837E-03  4.5448E-02  3.3490E-03  1.7106E-01  1.0000E+00
 2.3614E+03  1.7865E-03  4.5173E-02  3.3493E-03  1.6977E-01  1.0000E+00
 2.3794E+03  1.7893E-03  4.4899E-02  3.3495E-03  1.6849E-01  1.0000E+00
 2.3977E+03  1.7921E-03  4.4628E-02  3.3497E-03  1.6722E-01  1.0000E+00
 2.4160E+03  1.7950E-03  4.4359E-02  3.3500E-03  1.6596E-01  1.0000E+00
 2.4345E+03  1.7979E-03  4.4092E-02  3.3502E-03  1.6471E-01  1.0000E+00
 2.4532E+03  1.8008E-03  4.3828E-02  3.3505E-03  1.6347E-01  1.0000E+00
 2.4720E+03  1.8038E-03  4.3565E-02  3.3507E-03  1.6224E-01  1.0000E+00
 2.4909E+03  1.8068E-03  4.3305E-02  3.3510E-03  1.6102E-01  1.0000E+00
 2.5100E+03  1.8098E-03  4.3047E-02  3.3512E-03  1.5981E-01  1.0000E+00
 2.5292E+03  1.8129E-03  4.2791E-02  3.3515E-03  1.5861E-01  1.0000E+00
 2.5486E+03  1.8160E-03  4.2538E-02  3.3517E-03  1.5741E-01  1.0000E+00
 2.5681E+03  1.8191E-03  4.2286E-02  3.3520E-03  1.5623E-01  1.0000E+00
 2.5878E+03  1.8222E-03  4.2036E-02  3.3522E-03  1.5505E-01  1.0000E+00
 2.6076E+03  1.8254E-03  4.1789E-02  3.3525E-03  1.5389E-01  1.0000E+00
 2.6275E+03  1.8286E-03  4.1543E-02  3.3527E-03  1.5273E-01  1.0000E+00
 2.6477E+03  1.8319E-03  4.1300E-02  3.3530E-03  1.5158E-01  1.0000E+00
 2.6679E+03  1.8351E-03  4.1059E-02  3.3533E-03  1.5044E-01  1.0000E+00
 2.6884E+03  1.8384E-03  4.0819E-02  3.3535E-03  1.4931E-01  1.0000E+00
 2.7090E+03  1.8418E-03  4.0581E-02  3.3538E-03  1.4819E-01  1.0000E+00
 2.7297E+03  1.8451E-03  4.0346E-02  3.3541E-03  1.4707E-01  1.0000E+00
 2.7506E+03  1.8485E-03  4.0112E-02  3.3543E-03  1.4597E-01  1.0000E+00
 2.7717E+03  1.8520E-03  3.9880E-02  3.3546E-03  1.4487E-01  1.0000E+00
 2.7929E+03  1.8554E-03  3.9650E-02  3.3549E-03  1.4378E-01  1.0000E+00
 2.8143E+03  1.8589E-03  3.9421E-02  3.3552E-03  1.4270E-01  1.0000E+00
 2.8358E+03  1.8624E-03  3.9195E-02  3.3555E-03  1.4163E-01  1.0000E+00
 2.8576E+03  1.8659E-03  3.8970E-02  3.3557E-03  1.4056E-01  1.0000E+00
 2.8794E+03  1.8695E-03  3.8747E-02  3.3560E-03  1.3950E-01  1.0000E+00
 2.9015E+03  1.8731E-03  3.8526E-02  3.3563E-03  1.3846E-01  1.0000E+00
 2.9237E+03  1.8767E-03  3.8307E-02  3.3566E-03  1.3742E-01  1.0000E+00
 2.9461E+03  1.8804E-03  3.8089E-02  3.3569E-03  1.3638E-01  1.0000E+00
 2.9687E+03  1.8841E-03  3.7873E-02  3.3572E-03  1.3536E-01  1.0000E+00
 2.9914E+03  1.8878E-03  3.7658E-02  3.3575E-03  1.3434E-01  1.0000E+00
 3.0143E+03  1.8916E-03  3.7445E-02  3.3578E-03  1.3333E-01  1.0000E+00
 3.0374E+03  1.8954E-03  3.7234E-02  3.3581E-03  1.3233E-01  1.0000E+00
 3.0607E+03  1.8992E-03  3.7025E-02  3.3584E-03  1.3134E-01  1.0000E+00
 3.0841E+03  1.9030E-03  3.6817E-02  3.3587E-03  1.3035E-01  1.0000E+00
 3.1077E+03  1.9069E-03  3.6610E-02  3.3590E-03  1.2937E-01  1.0000E+00
 3.1315E+03  1.9108E-03  3.6405E-02  3.3593E-03  1.2840E-01  1.0000E+00
 3.1555E+03  1.9147E-03  3.6202E-02  3.3596E-03  1.2744E-01  1.0000E+00
 3.1797E+03  1.9186E-03  3.6000E-02  3.3600E-03  1.2648E-01  1.0000E+00
 3.2040E+03  1.9226E-03  3.5800E-02  3.3603E-03  1.2553E-01  1.0000E+00
 3.2286E+03  1.9266E-03  3.5601E-02  3.3606E-03  1.2459E-01  1.0000E+00
 3.2533E+03  1.9307E-03  3.5404E-02  3.3609E-03  1.2365E-01  1.0000E+00
 3.2782E+03  1.9347E-03  3.5208E-02  3.3612E-03  1.2273E-01  1.0000E+00
 3.3033E+03  1.9388E-03  3.5013E-02  3.3616E-03  1.2181E-01  1.0000E+00
 3.3286E+03  1.9430E-03  3.4820E-02  3.3619E-03  1.2089E-01  1.0000E+00
 3.3541E+03  1.9471E-03  3.4629E-02  3.3622E-03  1.1998E-01  1.0000E+00
 3.3798E+03  1.9513E-03  3.4438E-02  3.3626E-03  1.1908E-01  1.0000E+00
 3.4057E+03  1.9555E-03  3.4250E-02  3.3629E-03  1.1819E-01  1.0000E+00
 3.4317E+03  1.9597E-03  3.4062E-02  3.3633E-03  1.1730E-01  1.0000E+00
 3.4580E+03  1.9640E-03  3.3876E-02  3.3636E-03  1.1643E-01  1.0000E+00
 3.4845E+03  1.9683E-03  3.3691E-02  3.3639E-03  1.1555E-01  1.0000E+00
 3.5112E+03  1.9726E-03  3.3508E-02  3.3643E-03  1.1469E-01  1.0000E+00
 3.5381E+03  1.9770E-03  3.3325E-02  3.3646E-03  1.1383E-01  1.0000E+00
 3.5652E+03  1.9814E-03  3.3144E-02  3.3650E-03  1.1297E-01  1.0000E+00
 3.5925E+03  1.9858E-03  3.2965E-02  3.3654E-03  1.1213E-01  1.0000E+00
 3.6200E+03  1.9902E-03  3.2786E-02  3.3657E-03  1.1129E-01  1.0000E+00
 3.6477E+03  1.9947E-03  3.2609E-02  3.3661E-03  1.1045E-01  1.0000E+00
 3.6757E+03  1.9991E-03  3.2433E-02  3.3664E-03  1.0962E-01  1.0000E+00
 3.7038E+03  2.0037E-03  3.2259E-02  3.3668E-03  1.0880E-01  1.0000E+00
 3.7322E+03  2.0082E-03  3.2085E-02  3.3672E-03  1.0799E-01  1.0000E+00
 3.7608E+03  2.0128E-03  3.1913E-02  3.3676E-03  1.0718E-01  1.0000E+00
 3.7896E+03  2.0174E-03  3.1742E-02  3.3679E-03  1.0638E-01  1.0000E+00
 3.8186E+03  2.0220E-03  3.1572E-02  3.3683E-03  1.0558E-01  1.0000E+00
 3.8478E+03  2.0266E-03  3.1403E-02  3.3687E-03  1.0479E-01  1.0000E+00
 3.8773E+03  2.0313E-03  3.1235E-02  3.3691E-03  1.0401E-01  1.0000E+00
 3.9070E+03  2.0360E-03  3.1069E-02  3.3695E-03  1.0323E-01  1.0000E+00
 3.9369E+03  2.0407E-03  3.0903E-02  3.3699E-03  1.0245E-01  1.0000E+00
 3.9671E+03  2.0455E-03  3.0739E-02  3.3703E-03  1.0169E-01  1.0000E+00
 3.9974E+03  2.0503E-03  3.0576E-02  3.3707E-03  1.0093E-01  1.0000E+00
 4.0281E+03  2.0551E-03  3.0414E-02  3.3711E-03  1.0017E-01  1.0000E+00
 4.0589E+03  2.0599E-03  3.0253E-02  3.3715E-03  9.9422E-02  1.0000E+00
 4.0900E+03  2.0648E-03  3.0093E-02  3.3719E-03  9.8678E-02  1.0000E+00
 4.1213E+03  2.0697E-03  2.9934E-02  3.3723E-03  9.7940E-02  1.0000E+00
 4.1529E+03  2.0746E-03  2.9776E-02  3.3727E-03  9.7208E-02  1.0000E+00
 4.1847E+03  2.0795E-03  2.9619E-02  3.3731E-03  9.6481E-02  1.0000E+00
 4.2167E+03  2.0845E-03  2.9463E-02  3.3735E-03  9.5759E-02  1.0000E+00
 4.2490E+03  2.0895E-03  2.9308E-02  3.3739E-03  9.5043E-02  1.0000E+00
 4.2816E+03  2.0945E-03  2.9154E-02  3.3744E-03  9.4333E-02  1.0000E+00
 4.3143E+03  2.0995E-03  2.9001E-02  3.3748E-03  9.3628E-02  1.0000E+00
 4.3474E+03  2.1046E-03  2.8849E-02  3.3752E-03  9.2928E-02  1.0000E+00
 4.3807E+03  2.1097E-03  2.8698E-02  3.3757E-03  9.2234E-02  1.0000E+00
 4.4142E+03  2.1148E-03  2.8548E-02  3.3761E-03  9.1545E-02  1.0000E+00
 4.4480E+03  2.1199E-03  2.8399E-02  3.3766E-03  9.0861E-02  1.0000E+00
 4.4821E+03  2.1251E-03  2.8251E-02  3.3770E-03  9.0182E-02  1.0000E+00
 4.5164E+03  2.1303E-03  2.8104E-02  3.3774E-03  8.9509E-02  1.0000E+00
 4.5510E+03  2.1355E-03  2.7958E-02  3.3779E-03  8.8841E-02  1.0000E+00
 4.5859E+03  2.1407E-03  2.7812E-02  3.3784E-03  8.8177E-02  1.0000E+00
 4.6210E+03  2.1460E-03  2.7668E-02  3.3788E-03  8.7519E-02  1.0000E+00
 4.6564E+03  2.1512E-03  2.7524E-02  3.3793E-03  8.6866E-02  1.0000E+00
 4.6920E+03  2.1565E-03  2.7381E-02  3.3797E-03  8.6218E-02  1.0000E+00
 4.7280E+03  2.1618E-03  2.7238E-02  3.3802E-03  8.5574E-02  1.0000E+00
 4.7642E+03  2.1671E-03  2.7097E-02  3.3807E-03  8.4936E-02  1.0000E+00
 4.8007E+03  2.1725E-03  2.6956E-02  3.3812E-03  8.4302E-02  1.0000E+00
 4.8374E+03  2.1778E-03  2.6816E-02  3.3817E-03  8.3673E-02  1.0000E+00
 4.8745E+03  2.1832E-03  2.6677E-02  3.3821E-03  8.3049E-02  1.0000E+00
 4.9118E+03  2.1885E-03  2.6538E-02  3.3826E-03  8.2430E-02  1.0000E+00
 4.9494E+03  2.1939E-03  2.6401E-02  3.3831E-03  8.1816E-02  1.0000E+00
 4.9873E+03  2.1993E-03  2.6264E-02  3.3836E-03  8.1206E-02  1.0000E+00
 5.0255E+03  2.2048E-03  2.6127E-02  3.3841E-03  8.0600E-02  1.0000E+00
 5.0640E+03  2.2102E-03  2.5992E-02  3.3846E-03  8.0000E-02  1.0000E+00
 5.1028E+03  2.2157E-03  2.5857E-02  3.3851E-03  7.9404E-02  1.0000E+00
 5.1419E+03  2.2211E-03  2.5723E-02  3.3856E-03  7.8812E-02  1.0000E+00
 5.1812E+03  2.2266E-03  2.5589E-02  3.3862E-03  7.8225E-02  1.0000E+00
 5.2209E+03  2.2321E-03  2.5456E-02  3.3867E-03  7.7643E-02  1.0000E+00
 5.2609E+03  2.2376E-03  2.5324E-02  3.3872E-03  7.7064E-02  1.0000E+00
 5.3012E+03  2.2431E-03  2.5193E-02  3.3877E-03  7.6491E-02  1.0000E+00
 5.3418E+03  2.2487E-03  2.5062E-02  3.3883E-03  7.5921E-02  1.0000E+00
 5.3827E+03  2.2542E-03  2.4932E-02  3.3888E-03  7.5356E-02  1.0000E+00
 5.4239E+03  2.2598E-03  2.4802E-02  3.3893E-03  7.4795E-02  1.0000E+00
 5.4655E+03  2.2653E-03  2.4673E-02  3.3899E-03  7.4239E-02  1.0000E+00
 5.5073E+03  2.2709E-03  2.4545E-02  3.3904E-03  7.3687E-02  1.0000E+00
 5.5495E+03  2.2765E-03  2.4418E-02  3.3910E-03  7.3138E-02  1.0000E+00
 5.5920E+03  2.2821E-03  2.4291E-02  3.3916E-03  7.2595E-02  1.0000E+00
 5.6348E+03  2.2877E-03  2.4164E-02  3.3921E-03  7.2055E-02  1.0000E+00
 5.6780E+03  2.2933E-03  2.4039E-02  3.3927E-03  7.1519E-02  1.0000E+00
 5.7215E+03  2.2990E-03  2.3913E-02  3.3933E-03  7.0987E-02  1.0000E+00
 5.7653E+03  2.3046E-03  2.3789E-02  3.3938E-03  7.0460E-02  1.0000E+00
 5.8094E+03  2.3102E-03  2.3665E-02  3.3944E-03  6.9936E-02  1.0000E+00
 5.8539E+03  2.3159E-03  2.3542E-02  3.3950E-03  6.9417E-02  1.0000E+00
 5.8988E+03  2.3216E-03  2.3419E-02  3.3956E-03  6.8901E-02  1.0000E+00
 5.9439E+03  2.3273E-03  2.3297E-02  3.3962E-03  6.8389E-02  1.0000E+00
 5.9895E+03  2.3329E-03  2.3175E-02  3.3968E-03  6.7882E-02  1.0000E+00
 6.0353E+03  2.3386E-03  2.3054E-02  3.3974E-03  6.7378E-02  1.0000E+00
 6.0815E+03  2.3443E-03  2.2934E-02  3.3980E-03  6.6878E-02  1.0000E+00
 6.1281E+03  2.3500E-03  2.2814E-02  3.3986E-03  6.6381E-02  1.0000E+00
 6.1751E+03  2.3557E-03  2.2694E-02  3.3992E-03  6.5889E-02  1.0000E+00
 6.2223E+03  2.3615E-03  2.2575E-02  3.3998E-03  6.5400E-02  1.0000E+00
 6.2700E+03  2.3672E-03  2.2457E-02  3.4005E-03  6.4915E-02  1.0000E+00
 6.3180E+03  2.3729E-03  2.2339E-02  3.4011E-03  6.4433E-02  1.0000E+00
 6.3664E+03  2.3787E-03  2.2222E-02  3.4017E-03  6.3956E-02  1.0000E+00
 6.4152E+03  2.3844E-03  2.2105E-02  3.4024E-03  6.3482E-02  1.0000E+00
 6.4643E+03  2.3901E-03  2.1989E-02  3.4030E-03  6.3011E-02  1.0000E+00
 6.5138E+03  2.3959E-03  2.1873E-02  3.4037E-03  6.2544E-02  1.0000E+00
 6.5637E+03  2.4016E-03  2.1758E-02  3.4043E-03  6.2081E-02  1.0000E+00
 6.6139E+03  2.4074E-03  2.1644E-02  3.4050E-03  6.1621E-02  1.0000E+00
 6.6646E+03  2.4132E-03  2.1529E-02  3.4057E-03  6.1165E-02  1.0000E+00
 6.7156E+03  2.4189E-03  2.1416E-02  3.4063E-03  6.0712E-02  1.0000E+00
 6.7671E+03  2.4247E-03  2.1303E-02  3.4070E-03  6.0262E-02  1.0000E+00
 6.8189E+03  2.4305E-03  2.1190E-02  3.4077E-03  5.9816E-02  1.0000E+00
 6.8711E+03  2.4362E-03  2.1078E-02  3.4084E-03  5.9373E-02  1.0000E+00
 6.9237E+03  2.4420E-03  2.0966E-02  3.4091E-03  5.8934E-02  1.0000E+00
 6.9768E+03  2.4478E-03  2.0855E-02  3.4098E-03  5.8498E-02  1.0000E+00
 7.0302E+03  2.4535E-03  2.0744E-02  3.4105E-03  5.8066E-02  1.0000E+00
 7.0840E+03  2.4593E-03  2.0634E-02  3.4112E-03  5.7636E-02  1.0000E+00
 7.1383E+03  2.4651E-03  2.0524E-02  3.4119E-03  5.7210E-02  1.0000E+00
 7.1929E+03  2.4709E-03  2.0414E-02  3.4126E-03  5.6787E-02  1.0000E+00
 7.2480E+03  2.4766E-03  2.0305E-02  3.4133E-03  5.6368E-02  1.0000E+00
 7.3035E+03  2.4824E-03  2.0197E-02  3.4141E-03  5.5951E-02  1.0000E+00
 7.3595E+03  2.4882E-03  2.0089E-02  3.4148E-03  5.5538E-02  1.0000E+00
 7.4158E+03  2.4939E-03  1.9981E-02  3.4155E-03  5.5128E-02  1.0000E+00
 7.4726E+03  2.4997E-03  1.9874E-02  3.4163E-03  5.4721E-02  1.0000E+00
 7.5299E+03  2.5054E-03  1.9767E-02  3.4170E-03  5.4317E-02  1.0000E+00
 7.5875E+03  2.5112E-03  1.9661E-02  3.4178E-03  5.3916E-02  1.0000E+00
 7.6456E+03  2.5169E-03  1.9555E-02  3.4186E-03  5.3519E-02  1.0000E+00
 7.7042E+03  2.5227E-03  1.9450E-02  3.4193E-03  5.3124E-02  1.0000E+00
 7.7632E+03  2.5284E-03  1.9345E-02  3.4201E-03  5.2732E-02  1.0000E+00
 7.8226E+03  2.5342E-03  1.9240E-02  3.4209E-03  5.2343E-02  1.0000E+00
 7.8825E+03  2.5399E-03  1.9136E-02  3.4217E-03  5.1957E-02  1.0000E+00
 7.9429E+03  2.5456E-03  1.9032E-02  3.4225E-03  5.1575E-02  1.0000E+00
 8.0037E+03  2.5513E-03  1.8929E-02  3.4233E-03  5.1195E-02  1.0000E+00
 8.0650E+03  2.5570E-03  1.8826E-02  3.4241E-03  5.0817E-02  1.0000E+00
 8.1268E+03  2.5627E-03  1.8723E-02  3.4249E-03  5.0443E-02  1.0000E+00
 8.1890E+03  2.5684E-03  1.8621E-02  3.4257E-03  5.0072E-02  1.0000E+00
 8.2518E+03  2.5740E-03  1.8519E-02  3.4266E-03  4.9703E-02  1.0000E+00
 8.3150E+03  2.5797E-03  1.8417E-02  3.4274E-03  4.9338E-02  1.0000E+00
 8.3786E+03  2.5853E-03  1.8316E-02  3.4282E-03  4.8975E-02  1.0000E+00
 8.4428E+03  2.5909E-03  1.8215E-02  3.4291E-03  4.8614E-02  1.0000E+00
 8.5075E+03  2.5965E-03  1.8115E-02  3.4299E-03  4.8257E-02  1.0000E+00
 8.5726E+03  2.6021E-03  1.8015E-02  3.4308E-03  4.7902E-02  1.0000E+00
 8.6383E+03  2.6077E-03  1.7915E-02  3.4317E-03  4.7550E-02  1.0000E+00
 8.7044E+03  2.6133E-03  1.7816E-02  3.4325E-03  4.7201E-02  1.0000E+00
 8.7711E+03  2.6189E-03  1.7717E-02  3.4334E-03  4.6854E-02  1.0000E+00
 8.8383E+03  2.6244E-03  1.7619E-02  3.4343E-03  4.6510E-02  1.0000E+00
 8.9059E+03  2.6300E-03  1.7521E-02  3.4352E-03  4.6169E-02  1.0000E+00
 8.9741E+03  2.6355E-03  1.7423E-02  3.4361E-03  4.5830E-02  1.0000E+00
 9.0429E+03  2.6411E-03  1.7326E-02  3.4370E-03  4.5493E-02  1.0000E+00
 9.1121E+03  2.6466E-03  1.7229E-02  3.4379E-03  4.5160E-02  1.0000E+00
 9.1819E+03  2.6521E-03  1.7132E-02  3.4389E-03  4.4828E-02  1.0000E+00
 9.2522E+03  2.6576E-03  1.7036E-02  3.4398E-03  4.4500E-02  1.0000E+00
 9.3231E+03  2.6631E-03  1.6940E-02  3.4407E-03  4.4174E-02  1.0000E+00
 9.3945E+03  2.6685E-03  1.6845E-02  3.4417E-03  4.3850E-02  1.0000E+00
 9.4664E+03  2.6740E-03  1.6750E-02  3.4426E-03  4.3529E-02  1.0000E+00
 9.5389E+03  2.6794E-03  1.6655E-02  3.4436E-03  4.3210E-02  1.0000E+00
 9.6120E+03  2.6849E-03  1.6561E-02  3.4445E-03  4.2894E-02  1.0000E+00
 9.6856E+03  2.6903E-03  1.6467E-02  3.4455E-03  4.2580E-02  1.0000E+00
 9.7598E+03  2.6957E-03  1.6374E-02  3.4465E-03  4.2268E-02  1.0000E+00
 9.8345E+03  2.7011E-03  1.6281E-02  3.4475E-03  4.1959E-02  1.0000E+00
 9.9098E+03  2.7065E-03  1.6188E-02  3.4485E-03  4.1652E-02  1.0000E+00
 9.9857E+03  2.7119E-03  1.6096E-02  3.4495E-03  4.1347E-02  1.0000E+00
 1.0062E+04  2.7173E-03  1.6004E-02  3.4505E-03  4.1045E-02  1.0000E+00
 1.0139E+04  2.7227E-03  1.5913E-02  3.4515E-03  4.0745E-02  1.0000E+00
 1.0217E+04  2.7280E-03  1.5822E-02  3.4526E-03  4.0448E-02  1.0000E+00
 1.0295E+04  2.7334E-03  1.5731E-02  3.4536E-03  4.0152E-02  1.0000E+00
 1.0374E+04  2.7387E-03  1.5641E-02  3.4546E-03  3.9859E-02  1.0000E+00
 1.0453E+04  2.7441E-03  1.5551E-02  3.4557E-03  3.9568E-02  1.0000E+00
 1.0533E+04  2.7494E-03  1.5462E-02  3.4568E-03  3.9280E-02  1.0000E+00
 1.0614E+04  2.7547E-03  1.5373E-02  3.4578E-03  3.8993E-02  1.0000E+00
 1.0695E+04  2.7600E-03  1.5284E-02  3.4589E-03  3.8709E-02  1.0000E+00
 1.0777E+04  2.7653E-03  1.5196E-02  3.4600E-03  3.8427E-02  1.0000E+00
 1.0860E+04  2.7706E-03  1.5108E-02  3.4611E-03  3.8147E-02  1.0000E+00
 1.0943E+04  2.7759E-03  1.5020E-02  3.4622E-03  3.7869E-02  1.0000E+00
 1.1027E+04  2.7812E-03  1.4933E-02  3.4633E-03  3.7593E-02  1.0000E+00
 1.1111E+04  2.7864E-03  1.4847E-02  3.4644E-03  3.7320E-02  1.0000E+00
 1.1196E+04  2.7917E-03  1.4760E-02  3.4655E-03  3.7048E-02  1.0000E+00
 1.1282E+04  2.7969E-03  1.4674E-02  3.4667E-03  3.6779E-02  1.0000E+00
 1.1369E+04  2.8022E-03  1.4589E-02  3.4678E-03  3.6511E-02  1.0000E+00
 1.1456E+04  2.8074E-03  1.4504E-02  3.4690E-03  3.6246E-02  1.0000E+00
 1.1543E+04  2.8126E-03  1.4419E-02  3.4702E-03  3.5982E-02  1.0000E+00
 1.1632E+04  2.8178E-03  1.4335E-02  3.4713E-03  3.5721E-02  1.0000E+00
 1.1721E+04  2.8230E-03  1.4251E-02  3.4725E-03  3.5461E-02  1.0000E+00
 1.1811E+04  2.8282E-03  1.4167E-02  3.4737E-03  3.5204E-02  1.0000E+00
 1.1901E+04  2.8334E-03  1.4084E-02  3.4749E-03  3.4949E-02  1.0000E+00
 1.1992E+04  2.8386E-03  1.4002E-02  3.4761E-03  3.4695E-02  1.0000E+00
 1.2084E+04  2.8438E-03  1.3919E-02  3.4773E-03  3.4443E-02  1.0000E+00
 1.2177E+04  2.8489E-03  1.3837E-02  3.4786E-03  3.4194E-02  1.0000E+00
 1.2270E+04  2.8541E-03  1.3756E-02  3.4798E-03  3.3946E-02  1.0000E+00
 1.2364E+04  2.8592E-03  1.3675E-02  3.4811E-03  3.3700E-02  1.0000E+00
 1.2458E+04  2.8644E-03  1.3594E-02  3.4823E-03  3.3456E-02  1.0000E+00
 1.2554E+04  2.8695E-03  1.3514E-02  3.4836E-03  3.3214E-02  1.0000E+00
 1.2650E+04  2.8747E-03  1.3434E-02  3.4849E-03  3.2974E-02  1.0000E+00
 1.2747E+04  2.8798E-03  1.3354E-02  3.4862E-03  3.2735E-02  1.0000E+00
 1.2845E+04  2.8849E-03  1.3275E-02  3.4875E-03  3.2498E-02  1.0000E+00
 1.2943E+04  2.8901E-03  1.3196E-02  3.4888E-03  3.2264E-02  1.0000E+00
 1.3042E+04  2.8952E-03  1.3118E-02  3.4901E-03  3.2030E-02  1.0000E+00
 1.3142E+04  2.9004E-03  1.3040E-02  3.4914E-03  3.1799E-02  1.0000E+00
 1.3243E+04  2.9055E-03  1.2963E-02  3.4928E-03  3.1570E-02  1.0000E+00
 1.3344E+04  2.9106E-03  1.2886E-02  3.4941E-03  3.1342E-02  1.0000E+00
 1.3446E+04  2.9158E-03  1.2809E-02  3.4955E-03  3.1116E-02  1.0000E+00
 1.3549E+04  2.9209E-03  1.2733E-02  3.4968E-03  3.0891E-02  1.0000E+00
 1.3653E+04  2.9260E-03  1.2657E-02  3.4982E-03  3.0669E-02  1.0000E+00
 1.3757E+04  2.9312E-03  1.2582E-02  3.4996E-03  3.0448E-02  1.0000E+00
 1.3863E+04  2.9363E-03  1.2507E-02  3.5010E-03  3.0228E-02  1.0000E+00
 1.3969E+04  2.9414E-03  1.2432E-02  3.5024E-03  3.0011E-02  1.0000E+00
 1.4076E+04  2.9466E-03  1.2358E-02  3.5039E-03  2.9795E-02  1.0000E+00
 1.4184E+04  2.9517E-03  1.2284E-02  3.5053E-03  2.9581E-02  1.0000E+00
 1.4292E+04  2.9569E-03  1.2211E-02  3.5068E-03  2.9368E-02  1.0000E+00
 1.4402E+04  2.9620E-03  1.2138E-02  3.5082E-03  2.9157E-02  1.0000E+00
 1.4512E+04  2.9671E-03  1.2065E-02  3.5097E-03  2.8947E-02  1.0000E+00
 1.4623E+04  2.9723E-03  1.1993E-02  3.5112E-03  2.8740E-02  1.0000E+00
 1.4735E+04  2.9774E-03  1.1921E-02  3.5127E-03  2.8533E-02  1.0000E+00
 1.4848E+04  2.9826E-03  1.1850E-02  3.5142E-03  2.8329E-02  1.0000E+00
 1.4962E+04  2.9877E-03  1.1778E-02  3.5157E-03  2.8125E-02  1.0000E+00
 1.5076E+04  2.9929E-03  1.1708E-02  3.5172E-03  2.7924E-02  1.0000E+00
 1.5192E+04  2.9980E-03  1.1638E-02  3.5188E-03  2.7724E-02  1.0000E+00
 1.5308E+04  3.0032E-03  1.1568E-02  3.5203E-03  2.7525E-02  1.0000E+00
 1.5425E+04  3.0084E-03  1.1498E-02  3.5219E-03  2.7328E-02  1.0000E+00
 1.5544E+04  3.0135E-03  1.1429E-02  3.5235E-03  2.7133E-02  1.0000E+00
 1.5663E+04  3.0187E-03  1.1360E-02  3.5251E-03  2.6939E-02  1.0000E+00
 1.5783E+04  3.0238E-03  1.1292E-02  3.5267E-03  2.6746E-02  1.0000E+00
 1.5903E+04  3.0290E-03  1.1224E-02  3.5283E-03  2.6555E-02  1.0000E+00
 1.6025E+04  3.0342E-03  1.1156E-02  3.5299E-03  2.6365E-02  1.0000E+00
 1.6148E+04  3.0394E-03  1.1089E-02  3.5316E-03  2.6177E-02  1.0000E+00
 1.6272E+04  3.0445E-03  1.1022E-02  3.5332E-03  2.5990E-02  1.0000E+00
 1.6396E+04  3.0497E-03  1.0956E-02  3.5349E-03  2.5805E-02  1.0000E+00
 1.6522E+04  3.0549E-03  1.0890E-02  3.5366E-03  2.5621E-02  1.0000E+00
 1.6648E+04  3.0601E-03  1.0824E-02  3.5383E-03  2.5439E-02  1.0000E+00
 1.6776E+04  3.0653E-03  1.0759E-02  3.5400E-03  2.5258E-02  1.0000E+00
 1.6904E+04  3.0705E-03  1.0694E-02  3.5417E-03  2.5078E-02  1.0000E+00
 1.7034E+04  3.0757E-03  1.0629E-02  3.5435E-03  2.4899E-02  1.0000E+00
 1.7164E+04  3.0809E-03  1.0565E-02  3.5452E-03  2.4722E-02  1.0000E+00
 1.7296E+04  3.0861E-03  1.0501E-02  3.5470E-03  2.4547E-02  1.0000E+00
 1.7428E+04  3.0914E-03  1.0437E-02  3.5488E-03  2.4372E-02  1.0000E+00
 1.7562E+04  3.0966E-03  1.0374E-02  3.5505E-03  2.4199E-02  1.0000E+00
 1.7696E+04  3.1018E-03  1.0312E-02  3.5524E-03  2.4028E-02  1.0000E+00
 1.7832E+04  3.1070E-03  1.0249E-02  3.5542E-03  2.3857E-02  1.0000E+00
 1.7968E+04  3.1123E-03  1.0187E-02  3.5560E-03  2.3688E-02  1.0000E+00
 1.8106E+04  3.1175E-03  1.0125E-02  3.5579E-03  2.3520E-02  1.0000E+00
 1.8244E+04  3.1228E-03  1.0064E-02  3.5597E-03  2.3354E-02  1.0000E+00
 1.8384E+04  3.1281E-03  1.0003E-02  3.5616E-03  2.3189E-02  1.0000E+00
 1.8525E+04  3.1333E-03  9.9424E-03  3.5635E-03  2.3025E-02  1.0000E+00
 1.8667E+04  3.1386E-03  9.8821E-03  3.5654E-03  2.2862E-02  1.0000E+00
 1.8810E+04  3.1439E-03  9.8222E-03  3.5673E-03  2.2700E-02  1.0000E+00
 1.8954E+04  3.1492E-03  9.7626E-03  3.5693E-03  2.2540E-02  1.0000E+00
 1.9099E+04  3.1545E-03  9.7035E-03  3.5712E-03  2.2381E-02  1.0000E+00
 1.9245E+04  3.1599E-03  9.6446E-03  3.5732E-03  2.2223E-02  1.0000E+00
 1.9393E+04  3.1652E-03  9.5861E-03  3.5752E-03  2.2067E-02  1.0000E+00
 1.9541E+04  3.1706E-03  9.5280E-03  3.5772E-03  2.1911E-02  1.0000E+00
 1.9691E+04  3.1759E-03  9.4702E-03  3.5792E-03  2.1757E-02  1.0000E+00
 1.9842E+04  3.1813E-03  9.4128E-03  3.5812E-03  2.1604E-02  1.0000E+00
 1.9994E+04  3.1867E-03  9.3558E-03  3.5833E-03  2.1452E-02  1.0000E+00
 2.0147E+04  3.1921E-03  9.2990E-03  3.5854E-03  2.1301E-02  1.0000E+00
 2.0301E+04  3.1975E-03  9.2427E-03  3.5874E-03  2.1151E-02  1.0000E+00
 2.0456E+04  3.2030E-03  9.1866E-03  3.5895E-03  2.1003E-02  1.0000E+00
 2.0613E+04  3.2084E-03  9.1309E-03  3.5917E-03  2.0856E-02  1.0000E+00
 2.0771E+04  3.2139E-03  9.0756E-03  3.5938E-03  2.0709E-02  1.0000E+00
 2.0930E+04  3.2193E-03  9.0206E-03  3.5959E-03  2.0564E-02  1.0000E+00
 2.1090E+04  3.2248E-03  8.9659E-03  3.5981E-03  2.0420E-02  1.0000E+00
 2.1252E+04  3.2303E-03  8.9116E-03  3.6003E-03  2.0277E-02  1.0000E+00
 2.1415E+04  3.2359E-03  8.8576E-03  3.6025E-03  2.0136E-02  1.0000E+00
 2.1579E+04  3.2414E-03  8.8039E-03  3.6047E-03  1.9995E-02  1.0000E+00
 2.1744E+04  3.2469E-03  8.7506E-03  3.6070E-03  1.9855E-02  1.0000E+00
 2.1910E+04  3.2525E-03  8.6976E-03  3.6092E-03  1.9717E-02  1.0000E+00
 2.2078E+04  3.2581E-03  8.6449E-03  3.6115E-03  1.9579E-02  1.0000E+00
 2.2247E+04  3.2637E-03  8.5926E-03  3.6138E-03  1.9443E-02  1.0000E+00
 2.2418E+04  3.2693E-03  8.5406E-03  3.6161E-03  1.9307E-02  1.0000E+00
 2.2589E+04  3.2750E-03  8.4889E-03  3.6184E-03  1.9173E-02  1.0000E+00
 2.2762E+04  3.2806E-03  8.4375E-03  3.6208E-03  1.9039E-02  1.0000E+00
 2.2937E+04  3.2863E-03  8.3865E-03  3.6231E-03  1.8907E-02  1.0000E+00
 2.3112E+04  3.2920E-03  8.3357E-03  3.6255E-03  1.8776E-02  1.0000E+00
 2.3289E+04  3.2977E-03  8.2853E-03  3.6279E-03  1.8645E-02  1.0000E+00
 2.3468E+04  3.3034E-03  8.2353E-03  3.6303E-03  1.8516E-02  1.0000E+00
 2.3647E+04  3.3092E-03  8.1855E-03  3.6328E-03  1.8388E-02  1.0000E+00
 2.3829E+04  3.3149E-03  8.1360E-03  3.6352E-03  1.8260E-02  1.0000E+00
 2.4011E+04  3.3207E-03  8.0869E-03  3.6377E-03  1.8134E-02  1.0000E+00
 2.4195E+04  3.3266E-03  8.0381E-03  3.6402E-03  1.8008E-02  1.0000E+00
 2.4380E+04  3.3324E-03  7.9896E-03  3.6427E-03  1.7884E-02  1.0000E+00
 2.4567E+04  3.3382E-03  7.9413E-03  3.6453E-03  1.7760E-02  1.0000E+00
 2.4755E+04  3.3429E-03  7.8906E-03  3.6478E-03  1.7638E-02  1.0000E+00
 2.4945E+04  3.3476E-03  7.8402E-03  3.6504E-03  1.7516E-02  1.0000E+00
 2.5136E+04  3.3523E-03  7.7901E-03  3.6530E-03  1.7395E-02  1.0000E+00
 2.5328E+04  3.3570E-03  7.7403E-03  3.6557E-03  1.7276E-02  1.0000E+00
 2.5522E+04  3.3617E-03  7.6908E-03  3.6583E-03  1.7157E-02  1.0000E+00
 2.5718E+04  3.3664E-03  7.6416E-03  3.6610E-03  1.7039E-02  1.0000E+00
 2.5915E+04  3.3711E-03  7.5928E-03  3.6637E-03  1.6922E-02  1.0000E+00
 2.6113E+04  3.3759E-03  7.5442E-03  3.6664E-03  1.6805E-02  1.0000E+00
 2.6313E+04  3.3806E-03  7.4959E-03  3.6691E-03  1.6690E-02  1.0000E+00
 2.6515E+04  3.3853E-03  7.4479E-03  3.6718E-03  1.6576E-02  1.0000E+00
 2.6718E+04  3.3901E-03  7.4002E-03  3.6746E-03  1.6462E-02  1.0000E+00
 2.6922E+04  3.3948E-03  7.3528E-03  3.6774E-03  1.6350E-02  1.0000E+00
 2.7128E+04  3.3996E-03  7.3057E-03  3.6802E-03  1.6238E-02  1.0000E+00
 2.7336E+04  3.4043E-03  7.2589E-03  3.6831E-03  1.6127E-02  1.0000E+00
 2.7545E+04  3.4091E-03  7.2124E-03  3.6859E-03  1.6017E-02  1.0000E+00
 2.7756E+04  3.4139E-03  7.1662E-03  3.6888E-03  1.5907E-02  1.0000E+00
 2.7969E+04  3.4187E-03  7.1203E-03  3.6917E-03  1.5799E-02  1.0000E+00
 2.8183E+04  3.4235E-03  7.0746E-03  3.6947E-03  1.5691E-02  1.0000E+00
 2.8399E+04  3.4283E-03  7.0293E-03  3.6976E-03  1.5585E-02  1.0000E+00
 2.8617E+04  3.4331E-03  6.9842E-03  3.7006E-03  1.5479E-02  1.0000E+00
 2.8836E+04  3.4379E-03  6.9394E-03  3.7036E-03  1.5373E-02  1.0000E+00
 2.9056E+04  3.4428E-03  6.8949E-03  3.7067E-03  1.5269E-02  1.0000E+00
 2.9279E+04  3.4476E-03  6.8507E-03  3.7097E-03  1.5165E-02  1.0000E+00
 2.9503E+04  3.4525E-03  6.8068E-03  3.7128E-03  1.5063E-02  1.0000E+00
 2.9729E+04  3.4573E-03  6.7631E-03  3.7159E-03  1.4961E-02  1.0000E+00
 2.9957E+04  3.4622E-03  6.7197E-03  3.7190E-03  1.4860E-02  1.0000E+00
 3.0186E+04  3.4671E-03  6.6766E-03  3.7222E-03  1.4759E-02  1.0000E+00
 3.0417E+04  3.4720E-03  6.6338E-03  3.7254E-03  1.4659E-02  1.0000E+00
 3.0650E+04  3.4769E-03  6.5913E-03  3.7286E-03  1.4561E-02  1.0000E+00
 3.0885E+04  3.4819E-03  6.5490E-03  3.7318E-03  1.4462E-02  1.0000E+00
 3.1122E+04  3.4868E-03  6.5070E-03  3.7351E-03  1.4365E-02  1.0000E+00
 3.1360E+04  3.4918E-03  6.4653E-03  3.7383E-03  1.4268E-02  1.0000E+00
 3.1600E+04  3.4967E-03  6.4238E-03  3.7417E-03  1.4173E-02  1.0000E+00
 3.1842E+04  3.5017E-03  6.3826E-03  3.7450E-03  1.4077E-02  1.0000E+00
 3.2086E+04  3.5067E-03  6.3417E-03  3.7484E-03  1.3983E-02  1.0000E+00
 3.2332E+04  3.5117E-03  6.3010E-03  3.7518E-03  1.3889E-02  1.0000E+00
 3.2579E+04  3.5168E-03  6.2606E-03  3.7552E-03  1.3796E-02  1.0000E+00
 3.2829E+04  3.5218E-03  6.2204E-03  3.7586E-03  1.3704E-02  1.0000E+00
 3.3080E+04  3.5269E-03  6.1806E-03  3.7621E-03  1.3612E-02  1.0000E+00
 3.3334E+04  3.5319E-03  6.1409E-03  3.7656E-03  1.3521E-02  1.0000E+00
 3.3589E+04  3.5370E-03  6.1016E-03  3.7691E-03  1.3431E-02  1.0000E+00
 3.3846E+04  3.5422E-03  6.0625E-03  3.7727E-03  1.3342E-02  1.0000E+00
 3.4105E+04  3.5473E-03  6.0236E-03  3.7763E-03  1.3253E-02  1.0000E+00
 3.4367E+04  3.5524E-03  5.9850E-03  3.7799E-03  1.3165E-02  1.0000E+00
 3.4630E+04  3.5576E-03  5.9467E-03  3.7836E-03  1.3077E-02  1.0000E+00
 3.4895E+04  3.5628E-03  5.9086E-03  3.7872E-03  1.2991E-02  1.0000E+00
 3.5162E+04  3.5680E-03  5.8708E-03  3.7909E-03  1.2905E-02  1.0000E+00
 3.5431E+04  3.5732E-03  5.8332E-03  3.7947E-03  1.2819E-02  1.0000E+00
 3.5703E+04  3.5784E-03  5.7959E-03  3.7985E-03  1.2734E-02  1.0000E+00
 3.5976E+04  3.5837E-03  5.7588E-03  3.8023E-03  1.2650E-02  1.0000E+00
 3.6252E+04  3.5890E-03  5.7219E-03  3.8061E-03  1.2567E-02  1.0000E+00
 3.6529E+04  3.5942E-03  5.6853E-03  3.8099E-03  1.2484E-02  1.0000E+00
 3.6809E+04  3.5996E-03  5.6490E-03  3.8138E-03  1.2402E-02  1.0000E+00
 3.7091E+04  3.6049E-03  5.6129E-03  3.8178E-03  1.2320E-02  1.0000E+00
 3.7375E+04  3.6103E-03  5.5770E-03  3.8217E-03  1.2239E-02  1.0000E+00
 3.7661E+04  3.6156E-03  5.5414E-03  3.8257E-03  1.2159E-02  1.0000E+00
 3.7950E+04  3.6210E-03  5.5060E-03  3.8297E-03  1.2079E-02  1.0000E+00
 3.8240E+04  3.6265E-03  5.4708E-03  3.8338E-03  1.2000E-02  1.0000E+00
 3.8533E+04  3.6319E-03  5.4359E-03  3.8379E-03  1.1921E-02  1.0000E+00
 3.8828E+04  3.6374E-03  5.4012E-03  3.8420E-03  1.1844E-02  1.0000E+00
 3.9126E+04  3.6429E-03  5.3667E-03  3.8462E-03  1.1766E-02  1.0000E+00
 3.9425E+04  3.6484E-03  5.3325E-03  3.8504E-03  1.1690E-02  1.0000E+00
 3.9727E+04  3.6539E-03  5.2985E-03  3.8546E-03  1.1613E-02  1.0000E+00
 4.0032E+04  3.6595E-03  5.2647E-03  3.8588E-03  1.1538E-02  1.0000E+00
 4.0338E+04  3.6651E-03  5.2312E-03  3.8631E-03  1.1463E-02  1.0000E+00
 4.0647E+04  3.6707E-03  5.1979E-03  3.8675E-03  1.1389E-02  1.0000E+00
 4.0958E+04  3.6764E-03  5.1648E-03  3.8718E-03  1.1315E-02  1.0000E+00
 4.1272E+04  3.6820E-03  5.1319E-03  3.8762E-03  1.1242E-02  1.0000E+00
 4.1588E+04  3.6877E-03  5.0993E-03  3.8807E-03  1.1169E-02  1.0000E+00
 4.1907E+04  3.6934E-03  5.0669E-03  3.8851E-03  1.1097E-02  1.0000E+00
 4.2228E+04  3.6992E-03  5.0347E-03  3.8897E-03  1.1025E-02  1.0000E+00
 4.2551E+04  3.7050E-03  5.0027E-03  3.8942E-03  1.0954E-02  1.0000E+00
 4.2877E+04  3.7108E-03  4.9709E-03  3.8988E-03  1.0884E-02  1.0000E+00
 4.3205E+04  3.7166E-03  4.9394E-03  3.9034E-03  1.0814E-02  1.0000E+00
 4.3536E+04  3.7225E-03  4.9080E-03  3.9081E-03  1.0745E-02  1.0000E+00
 4.3869E+04  3.7284E-03  4.8769E-03  3.9128E-03  1.0676E-02  1.0000E+00
 4.4205E+04  3.7343E-03  4.8460E-03  3.9175E-03  1.0607E-02  1.0000E+00
 4.4544E+04  3.7402E-03  4.8153E-03  3.9223E-03  1.0540E-02  1.0000E+00
 4.4885E+04  3.7462E-03  4.7848E-03  3.9271E-03  1.0472E-02  1.0000E+00
 4.5229E+04  3.7522E-03  4.7546E-03  3.9320E-03  1.0406E-02  1.0000E+00
 4.5575E+04  3.7583E-03  4.7245E-03  3.9369E-03  1.0339E-02  1.0000E+00
 4.5924E+04  3.7643E-03  4.6946E-03  3.9418E-03  1.0274E-02  1.0000E+00
 4.6276E+04  3.7705E-03  4.6650E-03  3.9468E-03  1.0208E-02  1.0000E+00
 4.6630E+04  3.7766E-03  4.6355E-03  3.9518E-03  1.0144E-02  1.0000E+00
 4.6987E+04  3.7828E-03  4.6063E-03  3.9569E-03  1.0080E-02  1.0000E+00
 4.7347E+04  3.7890E-03  4.5772E-03  3.9620E-03  1.0016E-02  1.0000E+00
 4.7710E+04  3.7952E-03  4.5484E-03  3.9671E-03  9.9527E-03  1.0000E+00
 4.8075E+04  3.8015E-03  4.5197E-03  3.9723E-03  9.8900E-03  1.0000E+00
 4.8443E+04  3.8078E-03  4.4913E-03  3.9776E-03  9.8277E-03  1.0000E+00
 4.8814E+04  3.8141E-03  4.4630E-03  3.9828E-03  9.7660E-03  1.0000E+00
 4.9188E+04  3.8205E-03  4.4350E-03  3.9882E-03  9.7047E-03  1.0000E+00
 4.9565E+04  3.8269E-03  4.4071E-03  3.9935E-03  9.6439E-03  1.0000E+00
 4.9945E+04  3.8334E-03  4.3794E-03  3.9989E-03  9.5836E-03  1.0000E+00
 5.0327E+04  3.8399E-03  4.3519E-03  4.0044E-03  9.5237E-03  1.0000E+00
 5.0713E+04  3.8464E-03  4.3247E-03  4.0099E-03  9.4643E-03  1.0000E+00
 5.1101E+04  3.8530E-03  4.2976E-03  4.0154E-03  9.4054E-03  1.0000E+00
 5.1492E+04  3.8596E-03  4.2707E-03  4.0210E-03  9.3469E-03  1.0000E+00
 5.1887E+04  3.8662E-03  4.2439E-03  4.0267E-03  9.2889E-03  1.0000E+00
 5.2284E+04  3.8729E-03  4.2174E-03  4.0324E-03  9.2313E-03  1.0000E+00
 5.2684E+04  3.8796E-03  4.1910E-03  4.0381E-03  9.1742E-03  1.0000E+00
 5.3088E+04  3.8864E-03  4.1649E-03  4.0439E-03  9.1175E-03  1.0000E+00
 5.3494E+04  3.8932E-03  4.1389E-03  4.0497E-03  9.0612E-03  1.0000E+00
 5.3904E+04  3.9000E-03  4.1131E-03  4.0556E-03  9.0054E-03  1.0000E+00
 5.4317E+04  3.9069E-03  4.0875E-03  4.0615E-03  8.9501E-03  1.0000E+00
 5.4733E+04  3.9139E-03  4.0620E-03  4.0675E-03  8.8951E-03  1.0000E+00
 5.5152E+04  3.9208E-03  4.0368E-03  4.0735E-03  8.8406E-03  1.0000E+00
 5.5574E+04  3.9279E-03  4.0117E-03  4.0796E-03  8.7865E-03  1.0000E+00
 5.6000E+04  3.9349E-03  3.9868E-03  4.0857E-03  8.7328E-03  1.0000E+00
 5.6429E+04  3.9420E-03  3.9620E-03  4.0919E-03  8.6796E-03  1.0000E+00
 5.6861E+04  3.9492E-03  3.9375E-03  4.0982E-03  8.6267E-03  1.0000E+00
 5.7297E+04  3.9564E-03  3.9131E-03  4.1044E-03  8.5743E-03  1.0000E+00
 5.7735E+04  3.9636E-03  3.8889E-03  4.1108E-03  8.5223E-03  1.0000E+00
 5.8177E+04  3.9709E-03  3.8648E-03  4.1172E-03  8.4707E-03  1.0000E+00
 5.8623E+04  3.9782E-03  3.8410E-03  4.1236E-03  8.4194E-03  1.0000E+00
 5.9072E+04  3.9856E-03  3.8173E-03  4.1301E-03  8.3686E-03  1.0000E+00
 5.9524E+04  3.9930E-03  3.7937E-03  4.1367E-03  8.3182E-03  1.0000E+00
 5.9980E+04  4.0005E-03  3.7703E-03  4.1433E-03  8.2682E-03  1.0000E+00
 6.0440E+04  4.0080E-03  3.7471E-03  4.1500E-03  8.2186E-03  1.0000E+00
 6.0902E+04  4.0156E-03  3.7241E-03  4.1567E-03  8.1693E-03  1.0000E+00
 6.1369E+04  4.0232E-03  3.7012E-03  4.1635E-03  8.1205E-03  1.0000E+00
 6.1839E+04  4.0309E-03  3.6785E-03  4.1703E-03  8.0720E-03  1.0000E+00
 6.2312E+04  4.0386E-03  3.6560E-03  4.1772E-03  8.0239E-03  1.0000E+00
 6.2790E+04  4.0464E-03  3.6336E-03  4.1842E-03  7.9762E-03  1.0000E+00
 6.3270E+04  4.0543E-03  3.6113E-03  4.1912E-03  7.9288E-03  1.0000E+00
 6.3755E+04  4.0621E-03  3.5892E-03  4.1983E-03  7.8818E-03  1.0000E+00
 6.4243E+04  4.0701E-03  3.5673E-03  4.2054E-03  7.8352E-03  1.0000E+00
 6.4735E+04  4.0781E-03  3.5456E-03  4.2126E-03  7.7890E-03  1.0000E+00
 6.5231E+04  4.0861E-03  3.5240E-03  4.2199E-03  7.7431E-03  1.0000E+00
 6.5731E+04  4.0942E-03  3.5025E-03  4.2272E-03  7.6976E-03  1.0000E+00
 6.6234E+04  4.1024E-03  3.4812E-03  4.2346E-03  7.6524E-03  1.0000E+00
 6.6741E+04  4.1106E-03  3.4601E-03  4.2420E-03  7.6076E-03  1.0000E+00
 6.7252E+04  4.1189E-03  3.4391E-03  4.2495E-03  7.5632E-03  1.0000E+00
 6.7767E+04  4.1272E-03  3.4182E-03  4.2571E-03  7.5191E-03  1.0000E+00
 6.8286E+04  4.1356E-03  3.3975E-03  4.2647E-03  7.4753E-03  1.0000E+00
 6.8809E+04  4.1441E-03  3.3770E-03  4.2724E-03  7.4319E-03  1.0000E+00
 6.9336E+04  4.1526E-03  3.3566E-03  4.2802E-03  7.3888E-03  1.0000E+00
 6.9867E+04  4.1612E-03  3.3363E-03  4.2880E-03  7.3461E-03  1.0000E+00
 7.0402E+04  4.1698E-03  3.3162E-03  4.2959E-03  7.3037E-03  1.0000E+00
 7.0942E+04  4.1785E-03  3.2962E-03  4.3039E-03  7.2616E-03  1.0000E+00
 7.1485E+04  4.1873E-03  3.2764E-03  4.3119E-03  7.2199E-03  1.0000E+00
 7.2032E+04  4.1961E-03  3.2567E-03  4.3201E-03  7.1785E-03  1.0000E+00
 7.2584E+04  4.2050E-03  3.2372E-03  4.3282E-03  7.1374E-03  1.0000E+00
 7.3140E+04  4.2139E-03  3.2178E-03  4.3365E-03  7.0967E-03  1.0000E+00
 7.3700E+04  4.2230E-03  3.1985E-03  4.3448E-03  7.0563E-03  1.0000E+00
 7.4264E+04  4.2320E-03  3.1794E-03  4.3532E-03  7.0162E-03  1.0000E+00
 7.4833E+04  4.2412E-03  3.1604E-03  4.3617E-03  6.9764E-03  1.0000E+00
 7.5406E+04  4.2504E-03  3.1416E-03  4.3702E-03  6.9369E-03  1.0000E+00
 7.5984E+04  4.2597E-03  3.1229E-03  4.3788E-03  6.8978E-03  1.0000E+00
 7.6566E+04  4.2691E-03  3.1043E-03  4.3875E-03  6.8589E-03  1.0000E+00
 7.7152E+04  4.2785E-03  3.0859E-03  4.3963E-03  6.8204E-03  1.0000E+00
 7.7743E+04  4.2880E-03  3.0676E-03  4.4051E-03  6.7822E-03  1.0000E+00
 7.8338E+04  4.2976E-03  3.0494E-03  4.4140E-03  6.7442E-03  1.0000E+00
 7.8938E+04  4.3072E-03  3.0314E-03  4.4230E-03  6.7066E-03  1.0000E+00
 7.9543E+04  4.3169E-03  3.0135E-03  4.4321E-03  6.6693E-03  1.0000E+00
 8.0152E+04  4.3267E-03  2.9957E-03  4.4412E-03  6.6323E-03  1.0000E+00
 8.0766E+04  4.3366E-03  2.9780E-03  4.4504E-03  6.5955E-03  1.0000E+00
 8.1384E+04  4.3465E-03  2.9605E-03  4.4598E-03  6.5591E-03  1.0000E+00
 8.2008E+04  4.3565E-03  2.9431E-03  4.4691E-03  6.5229E-03  1.0000E+00
 8.2636E+04  4.3666E-03  2.9258E-03  4.4786E-03  6.4871E-03  1.0000E+00
 8.3268E+04  4.3768E-03  2.9087E-03  4.4882E-03  6.4515E-03  1.0000E+00
 8.3906E+04  4.3870E-03  2.8917E-03  4.4978E-03  6.4162E-03  1.0000E+00
 8.4549E+04  4.3974E-03  2.8748E-03  4.5075E-03  6.3812E-03  1.0000E+00
 8.5196E+04  4.4078E-03  2.8580E-03  4.5173E-03  6.3465E-03  1.0000E+00
 8.5849E+04  4.4182E-03  2.8414E-03  4.5272E-03  6.3121E-03  1.0000E+00
 8.6506E+04  4.4288E-03  2.8249E-03  4.5372E-03  6.2779E-03  1.0000E+00
 8.7169E+04  4.4395E-03  2.8084E-03  4.5473E-03  6.2440E-03  1.0000E+00
 8.7836E+04  4.4502E-03  2.7922E-03  4.5574E-03  6.2104E-03  1.0000E+00
 8.8509E+04  4.4610E-03  2.7760E-03  4.5677E-03  6.1770E-03  1.0000E+00
 8.9187E+04  4.4719E-03  2.7600E-03  4.5780E-03  6.1440E-03  1.0000E+00
 8.9870E+04  4.4829E-03  2.7440E-03  4.5884E-03  6.1112E-03  1.0000E+00
 9.0558E+04  4.4940E-03  2.7282E-03  4.5990E-03  6.0786E-03  1.0000E+00
 9.1252E+04  4.5052E-03  2.7125E-03  4.6096E-03  6.0463E-03  1.0000E+00
 9.1950E+04  4.5164E-03  2.6969E-03  4.6203E-03  6.0143E-03  1.0000E+00
 9.2655E+04  4.5278E-03  2.6815E-03  4.6311E-03  5.9826E-03  1.0000E+00
 9.3364E+04  4.5392E-03  2.6661E-03  4.6420E-03  5.9511E-03  1.0000E+00
 9.4079E+04  4.5507E-03  2.6509E-03  4.6529E-03  5.9198E-03  1.0000E+00
 9.4800E+04  4.5624E-03  2.6357E-03  4.6640E-03  5.8888E-03  1.0000E+00
 9.5526E+04  4.5741E-03  2.6207E-03  4.6752E-03  5.8581E-03  1.0000E+00
 9.6257E+04  4.5859E-03  2.6058E-03  4.6865E-03  5.8276E-03  1.0000E+00
 9.6994E+04  4.5978E-03  2.5910E-03  4.6979E-03  5.7973E-03  1.0000E+00
 9.7737E+04  4.6098E-03  2.5763E-03  4.7094E-03  5.7674E-03  1.0000E+00
 9.8486E+04  4.6219E-03  2.5617E-03  4.7210E-03  5.7376E-03  1.0000E+00
 9.9240E+04  4.6341E-03  2.5473E-03  4.7327E-03  5.7081E-03  1.0000E+00
 1.0000E+05  4.6464E-03  2.5329E-03  4.7445E-03  5.6788E-03  1.0000E+00


