#     0	 1	   20	 1	 2.7646E+03	 1000	1
 4.8978E+01  0.0000E+00  0.0000E+00  0.0000E+00  0.0000E+00  0.0000E+00
 4.9353E+01  0.0000E+00  0.0000E+00  0.0000E+00  0.0000E+00  0.0000E+00
 4.9731E+01  0.0000E+00  0.0000E+00  0.0000E+00  0.0000E+00  0.0000E+00
 5.0112E+01  0.0000E+00  0.0000E+00  0.0000E+00  0.0000E+00  0.0000E+00
 5.0496E+01  0.0000E+00  0.0000E+00  0.0000E+00  0.0000E+00  0.0000E+00
 5.0882E+01  0.0000E+00  0.0000E+00  0.0000E+00  0.0000E+00  0.0000E+00
 5.1272E+01  0.0000E+00  0.0000E+00  0.0000E+00  0.0000E+00  0.0000E+00
 5.1665E+01  0.0000E+00  0.0000E+00  0.0000E+00  0.0000E+00  0.0000E+00
 5.2060E+01  0.0000E+00  0.0000E+00  0.0000E+00  0.0000E+00  0.0000E+00
 5.2459E+01  0.0000E+00  0.0000E+00  0.0000E+00  0.0000E+00  0.0000E+00
 5.2861E+01  0.0000E+00  0.0000E+00  0.0000E+00  0.0000E+00  0.0000E+00
 5.3266E+01  0.0000E+00  0.0000E+00  0.0000E+00  0.0000E+00  0.0000E+00
 5.3673E+01  0.0000E+00  0.0000E+00  0.0000E+00  0.0000E+00  0.0000E+00
 5.4085E+01  0.0000E+00  0.0000E+00  0.0000E+00  0.0000E+00  0.0000E+00
 5.4499E+01  0.0000E+00  0.0000E+00  0.0000E+00  0.0000E+00  0.0000E+00
 5.4916E+01  0.0000E+00  0.0000E+00  0.0000E+00  0.0000E+00  0.0000E+00
 5.5337E+01  0.0000E+00  0.0000E+00  0.0000E+00  0.0000E+00  0.0000E+00
 5.5760E+01  0.0000E+00  0.0000E+00  0.0000E+00  0.0000E+00  0.0000E+00
 5.6187E+01  0.0000E+00  0.0000E+00  0.0000E+00  0.0000E+00  0.0000E+00
 5.6618E+01  0.0000E+00  0.0000E+00  0.0000E+00  0.0000E+00  0.0000E+00
 5.7051E+01  0.0000E+00  0.0000E+00  0.0000E+00  0.0000E+00  0.0000E+00
 5.7488E+01  0.0000E+00  0.0000E+00  0.0000E+00  0.0000E+00  0.0000E+00
 5.7929E+01  0.0000E+00  0.0000E+00  0.0000E+00  0.0000E+00  0.0000E+00
 5.8372E+01  0.0000E+00  0.0000E+00  0.0000E+00  0.0000E+00  0.0000E+00
 5.8819E+01  0.0000E+00  0.0000E+00  0.0000E+00  0.0000E+00  0.0000E+00
 5.9270E+01  0.0000E+00  0.0000E+00  0.0000E+00  0.0000E+00  0.0000E+00
 5.9724E+01  0.0000E+00  0.0000E+00  0.0000E+00  0.0000E+00  0.0000E+00
 6.0181E+01  0.0000E+00  0.0000E+00  0.0000E+00  0.0000E+00  0.0000E+00
 6.0642E+01  0.0000E+00  0.0000E+00  0.0000E+00  0.0000E+00  0.0000E+00
 6.1106E+01  0.0000E+00  0.0000E+00  0.0000E+00  0.0000E+00  0.0000E+00
 6.1574E+01  0.0000E+00  0.0000E+00  0.0000E+00  0.0000E+00  0.0000E+00
 6.2046E+01  0.0000E+00  0.0000E+00  0.0000E+00  0.0000E+00  0.0000E+00
 6.2521E+01  0.0000E+00  0.0000E+00  0.0000E+00  0.0000E+00  0.0000E+00
 6.3000E+01  0.0000E+00  0.0000E+00  0.0000E+00  0.0000E+00  0.0000E+00
 6.3482E+01  0.0000E+00  0.0000E+00  0.0000E+00  0.0000E+00  0.0000E+00
 6.3968E+01  0.0000E+00  0.0000E+00  0.0000E+00  0.0000E+00  0.0000E+00
 6.4458E+01  0.0000E+00  0.0000E+00  0.0000E+00  0.0000E+00  0.0000E+00
 6.4952E+01  0.0000E+00  0.0000E+00  0.0000E+00  0.0000E+00  0.0000E+00
 6.5449E+01  0.0000E+00  0.0000E+00  0.0000E+00  0.0000E+00  0.0000E+00
 6.5951E+01  0.0000E+00  0.0000E+00  0.0000E+00  0.0000E+00  0.0000E+00
 6.6456E+01  0.0000E+00  0.0000E+00  0.0000E+00  0.0000E+00  0.0000E+00
 6.6965E+01  0.0000E+00  0.0000E+00  0.0000E+00  0.0000E+00  0.0000E+00
 6.7478E+01  0.0000E+00  0.0000E+00  0.0000E+00  0.0000E+00  0.0000E+00
 6.7994E+01  0.0000E+00  0.0000E+00  0.0000E+00  0.0000E+00  0.0000E+00
 6.8515E+01  0.0000E+00  0.0000E+00  0.0000E+00  0.0000E+00  0.0000E+00
 6.9040E+01  0.0000E+00  0.0000E+00  0.0000E+00  0.0000E+00  0.0000E+00
 6.9568E+01  0.0000E+00  0.0000E+00  0.0000E+00  0.0000E+00  0.0000E+00
 7.0101E+01  0.0000E+00  0.0000E+00  0.0000E+00  0.0000E+00  0.0000E+00
 7.0638E+01  0.0000E+00  0.0000E+00  0.0000E+00  0.0000E+00  0.0000E+00
 7.1179E+01  0.0000E+00  0.0000E+00  0.0000E+00  0.0000E+00  0.0000E+00
 7.1724E+01  0.0000E+00  0.0000E+00  0.0000E+00  0.0000E+00  0.0000E+00
 7.2273E+01  0.0000E+00  0.0000E+00  0.0000E+00  0.0000E+00  0.0000E+00
 7.2827E+01  0.0000E+00  0.0000E+00  0.0000E+00  0.0000E+00  0.0000E+00
 7.3385E+01  0.0000E+00  0.0000E+00  0.0000E+00  0.0000E+00  0.0000E+00
 7.3947E+01  0.0000E+00  0.0000E+00  0.0000E+00  0.0000E+00  0.0000E+00
 7.4513E+01  0.0000E+00  0.0000E+00  0.0000E+00  0.0000E+00  0.0000E+00
 7.5084E+01  0.0000E+00  0.0000E+00  0.0000E+00  0.0000E+00  0.0000E+00
 7.5659E+01  0.0000E+00  0.0000E+00  0.0000E+00  0.0000E+00  0.0000E+00
 7.6238E+01  0.0000E+00  0.0000E+00  0.0000E+00  0.0000E+00  0.0000E+00
 7.6822E+01  0.0000E+00  0.0000E+00  0.0000E+00  0.0000E+00  0.0000E+00
 7.7410E+01  0.0000E+00  0.0000E+00  0.0000E+00  0.0000E+00  0.0000E+00
 7.8003E+01  0.0000E+00  0.0000E+00  0.0000E+00  0.0000E+00  0.0000E+00
 7.8601E+01  0.0000E+00  0.0000E+00  0.0000E+00  0.0000E+00  0.0000E+00
 7.9202E+01  0.0000E+00  0.0000E+00  0.0000E+00  0.0000E+00  0.0000E+00
 7.9809E+01  0.0000E+00  0.0000E+00  0.0000E+00  0.0000E+00  0.0000E+00
 8.0420E+01  0.0000E+00  0.0000E+00  0.0000E+00  0.0000E+00  0.0000E+00
 8.1036E+01  0.0000E+00  0.0000E+00  0.0000E+00  0.0000E+00  0.0000E+00
 8.1657E+01  0.0000E+00  0.0000E+00  0.0000E+00  0.0000E+00  0.0000E+00
 8.2282E+01  0.0000E+00  0.0000E+00  0.0000E+00  0.0000E+00  0.0000E+00
 8.2912E+01  0.0000E+00  0.0000E+00  0.0000E+00  0.0000E+00  0.0000E+00
 8.3547E+01  0.0000E+00  0.0000E+00  0.0000E+00  0.0000E+00  0.0000E+00
 8.4187E+01  0.0000E+00  0.0000E+00  0.0000E+00  0.0000E+00  0.0000E+00
 8.4832E+01  0.0000E+00  0.0000E+00  0.0000E+00  0.0000E+00  0.0000E+00
 8.5481E+01  0.0000E+00  0.0000E+00  0.0000E+00  0.0000E+00  0.0000E+00
 8.6136E+01  0.0000E+00  0.0000E+00  0.0000E+00  0.0000E+00  0.0000E+00
 8.6796E+01  0.0000E+00  0.0000E+00  0.0000E+00  0.0000E+00  0.0000E+00
 8.7460E+01  0.0000E+00  0.0000E+00  0.0000E+00  0.0000E+00  0.0000E+00
 8.8130E+01  0.0000E+00  0.0000E+00  0.0000E+00  0.0000E+00  0.0000E+00
 8.8805E+01  0.0000E+00  0.0000E+00  0.0000E+00  0.0000E+00  0.0000E+00
 8.9485E+01  0.0000E+00  0.0000E+00  0.0000E+00  0.0000E+00  0.0000E+00
 9.0171E+01  0.0000E+00  0.0000E+00  0.0000E+00  0.0000E+00  0.0000E+00
 9.0861E+01  0.0000E+00  0.0000E+00  0.0000E+00  0.0000E+00  0.0000E+00
 9.1557E+01  0.0000E+00  0.0000E+00  0.0000E+00  0.0000E+00  0.0000E+00
 9.2258E+01  0.0000E+00  0.0000E+00  0.0000E+00  0.0000E+00  0.0000E+00
 9.2965E+01  0.0000E+00  0.0000E+00  0.0000E+00  0.0000E+00  0.0000E+00
 9.3677E+01  0.0000E+00  0.0000E+00  0.0000E+00  0.0000E+00  0.0000E+00
 9.4394E+01  0.0000E+00  0.0000E+00  0.0000E+00  0.0000E+00  0.0000E+00
 9.5117E+01  0.0000E+00  0.0000E+00  0.0000E+00  0.0000E+00  0.0000E+00
 9.5845E+01  0.0000E+00  0.0000E+00  0.0000E+00  0.0000E+00  0.0000E+00
 9.6579E+01  0.0000E+00  0.0000E+00  0.0000E+00  0.0000E+00  0.0000E+00
 9.7319E+01  0.0000E+00  0.0000E+00  0.0000E+00  0.0000E+00  0.0000E+00
 9.8064E+01  0.0000E+00  0.0000E+00  0.0000E+00  0.0000E+00  0.0000E+00
 9.8815E+01  0.0000E+00  0.0000E+00  0.0000E+00  0.0000E+00  0.0000E+00
 9.9572E+01  0.0000E+00  0.0000E+00  0.0000E+00  0.0000E+00  0.0000E+00
 1.0033E+02  0.0000E+00  0.0000E+00  0.0000E+00  0.0000E+00  0.0000E+00
 1.0110E+02  0.0000E+00  0.0000E+00  0.0000E+00  0.0000E+00  0.0000E+00
 1.0188E+02  0.0000E+00  0.0000E+00  0.0000E+00  0.0000E+00  0.0000E+00
 1.0266E+02  0.0000E+00  0.0000E+00  0.0000E+00  0.0000E+00  0.0000E+00
 1.0344E+02  0.0000E+00  0.0000E+00  0.0000E+00  0.0000E+00  0.0000E+00
 1.0424E+02  0.0000E+00  0.0000E+00  0.0000E+00  0.0000E+00  0.0000E+00
 1.0503E+02  0.0000E+00  0.0000E+00  0.0000E+00  0.0000E+00  0.0000E+00
 1.0584E+02  0.0000E+00  0.0000E+00  0.0000E+00  0.0000E+00  0.0000E+00
 1.0665E+02  0.0000E+00  0.0000E+00  0.0000E+00  0.0000E+00  0.0000E+00
 1.0747E+02  0.0000E+00  0.0000E+00  0.0000E+00  0.0000E+00  0.0000E+00
 1.0829E+02  0.0000E+00  0.0000E+00  0.0000E+00  0.0000E+00  0.0000E+00
 1.0912E+02  0.0000E+00  0.0000E+00  0.0000E+00  0.0000E+00  0.0000E+00
 1.0995E+02  0.0000E+00  0.0000E+00  0.0000E+00  0.0000E+00  0.0000E+00
 1.1080E+02  0.0000E+00  0.0000E+00  0.0000E+00  0.0000E+00  0.0000E+00
 1.1164E+02  0.0000E+00  0.0000E+00  0.0000E+00  0.0000E+00  0.0000E+00
 1.1250E+02  0.0000E+00  0.0000E+00  0.0000E+00  0.0000E+00  0.0000E+00
 1.1336E+02  0.0000E+00  0.0000E+00  0.0000E+00  0.0000E+00  0.0000E+00
 1.1423E+02  0.0000E+00  0.0000E+00  0.0000E+00  0.0000E+00  0.0000E+00
 1.1510E+02  0.0000E+00  0.0000E+00  0.0000E+00  0.0000E+00  0.0000E+00
 1.1599E+02  0.0000E+00  0.0000E+00  0.0000E+00  0.0000E+00  0.0000E+00
 1.1687E+02  0.0000E+00  0.0000E+00  0.0000E+00  0.0000E+00  0.0000E+00
 1.1777E+02  0.0000E+00  0.0000E+00  0.0000E+00  0.0000E+00  0.0000E+00
 1.1867E+02  0.0000E+00  0.0000E+00  0.0000E+00  0.0000E+00  0.0000E+00
 1.1958E+02  0.0000E+00  0.0000E+00  0.0000E+00  0.0000E+00  0.0000E+00
 1.2050E+02  0.0000E+00  0.0000E+00  0.0000E+00  0.0000E+00  0.0000E+00
 1.2142E+02  0.0000E+00  0.0000E+00  0.0000E+00  0.0000E+00  0.0000E+00
 1.2235E+02  0.0000E+00  0.0000E+00  0.0000E+00  0.0000E+00  0.0000E+00
 1.2329E+02  0.0000E+00  0.0000E+00  0.0000E+00  0.0000E+00  0.0000E+00
 1.2423E+02  0.0000E+00  0.0000E+00  0.0000E+00  0.0000E+00  0.0000E+00
 1.2518E+02  0.0000E+00  0.0000E+00  0.0000E+00  0.0000E+00  0.0000E+00
 1.2614E+02  0.0000E+00  0.0000E+00  0.0000E+00  0.0000E+00  0.0000E+00
 1.2711E+02  0.0000E+00  0.0000E+00  0.0000E+00  0.0000E+00  0.0000E+00
 1.2808E+02  0.0000E+00  0.0000E+00  0.0000E+00  0.0000E+00  0.0000E+00
 1.2906E+02  0.0000E+00  0.0000E+00  0.0000E+00  0.0000E+00  0.0000E+00
 1.3005E+02  0.0000E+00  0.0000E+00  0.0000E+00  0.0000E+00  0.0000E+00
 1.3104E+02  0.0000E+00  0.0000E+00  0.0000E+00  0.0000E+00  0.0000E+00
 1.3205E+02  0.0000E+00  0.0000E+00  0.0000E+00  0.0000E+00  0.0000E+00
 1.3306E+02  0.0000E+00  0.0000E+00  0.0000E+00  0.0000E+00  0.0000E+00
 1.3408E+02  0.0000E+00  0.0000E+00  0.0000E+00  0.0000E+00  0.0000E+00
 1.3510E+02  0.0000E+00  0.0000E+00  0.0000E+00  0.0000E+00  0.0000E+00
 1.3614E+02  0.0000E+00  0.0000E+00  0.0000E+00  0.0000E+00  0.0000E+00
 1.3718E+02  0.0000E+00  0.0000E+00  0.0000E+00  0.0000E+00  0.0000E+00
 1.3823E+02  0.0000E+00  0.0000E+00  0.0000E+00  0.0000E+00  0.0000E+00
 1.3929E+02  0.0000E+00  0.0000E+00  0.0000E+00  0.0000E+00  0.0000E+00
 1.4036E+02  0.0000E+00  0.0000E+00  0.0000E+00  0.0000E+00  0.0000E+00
 1.4143E+02  0.0000E+00  0.0000E+00  0.0000E+00  0.0000E+00  0.0000E+00
 1.4252E+02  0.0000E+00  0.0000E+00  0.0000E+00  0.0000E+00  0.0000E+00
 1.4361E+02  0.0000E+00  0.0000E+00  0.0000E+00  0.0000E+00  0.0000E+00
 1.4471E+02  0.0000E+00  0.0000E+00  0.0000E+00  0.0000E+00  0.0000E+00
 1.4582E+02  0.0000E+00  0.0000E+00  0.0000E+00  0.0000E+00  0.0000E+00
 1.4693E+02  0.0000E+00  0.0000E+00  0.0000E+00  0.0000E+00  0.0000E+00
 1.4806E+02  0.0000E+00  0.0000E+00  0.0000E+00  0.0000E+00  0.0000E+00
 1.4919E+02  0.0000E+00  0.0000E+00  0.0000E+00  0.0000E+00  0.0000E+00
 1.5033E+02  0.0000E+00  0.0000E+00  0.0000E+00  0.0000E+00  0.0000E+00
 1.5149E+02  0.0000E+00  0.0000E+00  0.0000E+00  0.0000E+00  0.0000E+00
 1.5265E+02  0.0000E+00  0.0000E+00  0.0000E+00  0.0000E+00  0.0000E+00
 1.5381E+02  0.0000E+00  0.0000E+00  0.0000E+00  0.0000E+00  0.0000E+00
 1.5499E+02  0.0000E+00  0.0000E+00  0.0000E+00  0.0000E+00  0.0000E+00
 1.5618E+02  0.0000E+00  0.0000E+00  0.0000E+00  0.0000E+00  0.0000E+00
 1.5738E+02  0.0000E+00  0.0000E+00  0.0000E+00  0.0000E+00  0.0000E+00
 1.5858E+02  0.0000E+00  0.0000E+00  0.0000E+00  0.0000E+00  0.0000E+00
 1.5980E+02  0.0000E+00  0.0000E+00  0.0000E+00  0.0000E+00  0.0000E+00
 1.6102E+02  0.0000E+00  0.0000E+00  0.0000E+00  0.0000E+00  0.0000E+00
 1.6225E+02  0.0000E+00  0.0000E+00  0.0000E+00  0.0000E+00  0.0000E+00
 1.6349E+02  0.0000E+00  0.0000E+00  0.0000E+00  0.0000E+00  0.0000E+00
 1.6475E+02  0.0000E+00  0.0000E+00  0.0000E+00  0.0000E+00  0.0000E+00
 1.6601E+02  0.0000E+00  0.0000E+00  0.0000E+00  0.0000E+00  0.0000E+00
 1.6728E+02  0.0000E+00  0.0000E+00  0.0000E+00  0.0000E+00  0.0000E+00
 1.6856E+02  0.0000E+00  0.0000E+00  0.0000E+00  0.0000E+00  0.0000E+00
 1.6985E+02  0.0000E+00  0.0000E+00  0.0000E+00  0.0000E+00  0.0000E+00
 1.7115E+02  0.0000E+00  0.0000E+00  0.0000E+00  0.0000E+00  0.0000E+00
 1.7246E+02  0.0000E+00  0.0000E+00  0.0000E+00  0.0000E+00  0.0000E+00
 1.7378E+02  0.0000E+00  0.0000E+00  0.0000E+00  0.0000E+00  0.0000E+00
 1.7511E+02  0.0000E+00  0.0000E+00  0.0000E+00  0.0000E+00  0.0000E+00
 1.7646E+02  0.0000E+00  0.0000E+00  0.0000E+00  0.0000E+00  0.0000E+00
 1.7781E+02  0.0000E+00  0.0000E+00  0.0000E+00  0.0000E+00  0.0000E+00
 1.7917E+02  0.0000E+00  0.0000E+00  0.0000E+00  0.0000E+00  0.0000E+00
 1.8054E+02  0.0000E+00  0.0000E+00  0.0000E+00  0.0000E+00  0.0000E+00
 1.8192E+02  0.0000E+00  0.0000E+00  0.0000E+00  0.0000E+00  0.0000E+00
 1.8332E+02  0.0000E+00  0.0000E+00  0.0000E+00  0.0000E+00  0.0000E+00
 1.8472E+02  0.0000E+00  0.0000E+00  0.0000E+00  0.0000E+00  0.0000E+00
 1.8614E+02  0.0000E+00  0.0000E+00  0.0000E+00  0.0000E+00  0.0000E+00
 1.8756E+02  0.0000E+00  0.0000E+00  0.0000E+00  0.0000E+00  0.0000E+00
 1.8900E+02  0.0000E+00  0.0000E+00  0.0000E+00  0.0000E+00  0.0000E+00
 1.9045E+02  0.0000E+00  0.0000E+00  0.0000E+00  0.0000E+00  0.0000E+00
 1.9190E+02  0.0000E+00  0.0000E+00  0.0000E+00  0.0000E+00  0.0000E+00
 1.9337E+02  0.0000E+00  0.0000E+00  0.0000E+00  0.0000E+00  0.0000E+00
 1.9485E+02  0.0000E+00  0.0000E+00  0.0000E+00  0.0000E+00  0.0000E+00
 1.9635E+02  0.0000E+00  0.0000E+00  0.0000E+00  0.0000E+00  0.0000E+00
 1.9785E+02  0.0000E+00  0.0000E+00  0.0000E+00  0.0000E+00  0.0000E+00
 1.9937E+02  0.0000E+00  0.0000E+00  0.0000E+00  0.0000E+00  0.0000E+00
 2.0089E+02  0.0000E+00  0.0000E+00  0.0000E+00  0.0000E+00  0.0000E+00
 2.0243E+02  0.0000E+00  0.0000E+00  0.0000E+00  0.0000E+00  0.0000E+00
 2.0398E+02  0.0000E+00  0.0000E+00  0.0000E+00  0.0000E+00  0.0000E+00
 2.0554E+02  0.0000E+00  0.0000E+00  0.0000E+00  0.0000E+00  0.0000E+00
 2.0712E+02  0.0000E+00  0.0000E+00  0.0000E+00  0.0000E+00  0.0000E+00
 2.0870E+02  0.0000E+00  0.0000E+00  0.0000E+00  0.0000E+00  0.0000E+00
 2.1030E+02  0.0000E+00  0.0000E+00  0.0000E+00  0.0000E+00  0.0000E+00
 2.1191E+02  0.0000E+00  0.0000E+00  0.0000E+00  0.0000E+00  0.0000E+00
 2.1354E+02  0.0000E+00  0.0000E+00  0.0000E+00  0.0000E+00  0.0000E+00
 2.1517E+02  0.0000E+00  0.0000E+00  0.0000E+00  0.0000E+00  0.0000E+00
 2.1682E+02  0.0000E+00  0.0000E+00  0.0000E+00  0.0000E+00  0.0000E+00
 2.1848E+02  0.0000E+00  0.0000E+00  0.0000E+00  0.0000E+00  0.0000E+00
 2.2015E+02  0.0000E+00  0.0000E+00  0.0000E+00  0.0000E+00  0.0000E+00
 2.2184E+02  0.0000E+00  0.0000E+00  0.0000E+00  0.0000E+00  0.0000E+00
 2.2354E+02  0.0000E+00  0.0000E+00  0.0000E+00  0.0000E+00  0.0000E+00
 2.2525E+02  0.0000E+00  0.0000E+00  0.0000E+00  0.0000E+00  0.0000E+00
 2.2697E+02  0.0000E+00  0.0000E+00  0.0000E+00  0.0000E+00  0.0000E+00
 2.2871E+02  0.0000E+00  0.0000E+00  0.0000E+00  0.0000E+00  0.0000E+00
 2.3046E+02  0.0000E+00  0.0000E+00  0.0000E+00  0.0000E+00  0.0000E+00
 2.3223E+02  0.0000E+00  0.0000E+00  0.0000E+00  0.0000E+00  0.0000E+00
 2.3401E+02  0.0000E+00  0.0000E+00  0.0000E+00  0.0000E+00  0.0000E+00
 2.3580E+02  0.0000E+00  0.0000E+00  0.0000E+00  0.0000E+00  0.0000E+00
 2.3761E+02  0.0000E+00  0.0000E+00  0.0000E+00  0.0000E+00  0.0000E+00
 2.3942E+02  0.0000E+00  0.0000E+00  0.0000E+00  0.0000E+00  0.0000E+00
 2.4126E+02  0.0000E+00  0.0000E+00  0.0000E+00  0.0000E+00  0.0000E+00
 2.4311E+02  0.0000E+00  0.0000E+00  0.0000E+00  0.0000E+00  0.0000E+00
 2.4497E+02  0.0000E+00  0.0000E+00  0.0000E+00  0.0000E+00  0.0000E+00
 2.4684E+02  0.0000E+00  0.0000E+00  0.0000E+00  0.0000E+00  0.0000E+00
 2.4873E+02  0.0000E+00  0.0000E+00  0.0000E+00  0.0000E+00  0.0000E+00
 2.5064E+02  0.0000E+00  0.0000E+00  0.0000E+00  0.0000E+00  0.0000E+00
 2.5256E+02  0.0000E+00  0.0000E+00  0.0000E+00  0.0000E+00  0.0000E+00
 2.5449E+02  0.0000E+00  0.0000E+00  0.0000E+00  0.0000E+00  0.0000E+00
 2.5644E+02  0.0000E+00  0.0000E+00  0.0000E+00  0.0000E+00  0.0000E+00
 2.5841E+02  0.0000E+00  0.0000E+00  0.0000E+00  0.0000E+00  0.0000E+00
 2.6038E+02  0.0000E+00  0.0000E+00  0.0000E+00  0.0000E+00  0.0000E+00
 2.6238E+02  0.0000E+00  0.0000E+00  0.0000E+00  0.0000E+00  0.0000E+00
 2.6439E+02  0.0000E+00  0.0000E+00  0.0000E+00  0.0000E+00  0.0000E+00
 2.6641E+02  0.0000E+00  0.0000E+00  0.0000E+00  0.0000E+00  0.0000E+00
 2.6845E+02  0.0000E+00  0.0000E+00  0.0000E+00  0.0000E+00  0.0000E+00
 2.7051E+02  0.0000E+00  0.0000E+00  0.0000E+00  0.0000E+00  0.0000E+00
 2.7258E+02  0.0000E+00  0.0000E+00  0.0000E+00  0.0000E+00  0.0000E+00
 2.7467E+02  0.0000E+00  0.0000E+00  0.0000E+00  0.0000E+00  0.0000E+00
 2.7677E+02  0.0000E+00  0.0000E+00  0.0000E+00  0.0000E+00  0.0000E+00
 2.7889E+02  0.0000E+00  0.0000E+00  0.0000E+00  0.0000E+00  0.0000E+00
 2.8103E+02  0.0000E+00  0.0000E+00  0.0000E+00  0.0000E+00  0.0000E+00
 2.8318E+02  0.0000E+00  0.0000E+00  0.0000E+00  0.0000E+00  0.0000E+00
 2.8535E+02  0.0000E+00  0.0000E+00  0.0000E+00  0.0000E+00  0.0000E+00
 2.8753E+02  0.0000E+00  0.0000E+00  0.0000E+00  0.0000E+00  0.0000E+00
 2.8974E+02  0.0000E+00  0.0000E+00  0.0000E+00  0.0000E+00  0.0000E+00
 2.9195E+02  0.0000E+00  0.0000E+00  0.0000E+00  0.0000E+00  0.0000E+00
 2.9419E+02  0.0000E+00  0.0000E+00  0.0000E+00  0.0000E+00  0.0000E+00
 2.9644E+02  0.0000E+00  0.0000E+00  0.0000E+00  0.0000E+00  0.0000E+00
 2.9871E+02  0.0000E+00  0.0000E+00  0.0000E+00  0.0000E+00  0.0000E+00
 3.0100E+02  0.0000E+00  0.0000E+00  0.0000E+00  0.0000E+00  0.0000E+00
 3.0331E+02  0.0000E+00  0.0000E+00  0.0000E+00  0.0000E+00  0.0000E+00
 3.0563E+02  0.0000E+00  0.0000E+00  0.0000E+00  0.0000E+00  0.0000E+00
 3.0797E+02  0.0000E+00  0.0000E+00  0.0000E+00  0.0000E+00  0.0000E+00
 3.1033E+02  0.0000E+00  0.0000E+00  0.0000E+00  0.0000E+00  0.0000E+00
 3.1271E+02  0.0000E+00  0.0000E+00  0.0000E+00  0.0000E+00  0.0000E+00
 3.1510E+02  0.0000E+00  0.0000E+00  0.0000E+00  0.0000E+00  0.0000E+00
 3.1751E+02  0.0000E+00  0.0000E+00  0.0000E+00  0.0000E+00  0.0000E+00
 3.1994E+02  0.0000E+00  0.0000E+00  0.0000E+00  0.0000E+00  0.0000E+00
 3.2240E+02  0.0000E+00  0.0000E+00  0.0000E+00  0.0000E+00  0.0000E+00
 3.2486E+02  0.0000E+00  0.0000E+00  0.0000E+00  0.0000E+00  0.0000E+00
 3.2735E+02  0.0000E+00  0.0000E+00  0.0000E+00  0.0000E+00  0.0000E+00
 3.2986E+02  0.0000E+00  0.0000E+00  0.0000E+00  0.0000E+00  0.0000E+00
 3.3239E+02  0.0000E+00  0.0000E+00  0.0000E+00  0.0000E+00  0.0000E+00
 3.3493E+02  0.0000E+00  0.0000E+00  0.0000E+00  0.0000E+00  0.0000E+00
 3.3750E+02  0.0000E+00  0.0000E+00  0.0000E+00  0.0000E+00  0.0000E+00
 3.4008E+02  0.0000E+00  0.0000E+00  0.0000E+00  0.0000E+00  0.0000E+00
 3.4268E+02  0.0000E+00  0.0000E+00  0.0000E+00  0.0000E+00  0.0000E+00
 3.4531E+02  0.0000E+00  0.0000E+00  0.0000E+00  0.0000E+00  0.0000E+00
 3.4795E+02  0.0000E+00  0.0000E+00  0.0000E+00  0.0000E+00  0.0000E+00
 3.5062E+02  0.0000E+00  0.0000E+00  0.0000E+00  0.0000E+00  0.0000E+00
 3.5330E+02  0.0000E+00  0.0000E+00  0.0000E+00  0.0000E+00  0.0000E+00
 3.5601E+02  0.0000E+00  0.0000E+00  0.0000E+00  0.0000E+00  0.0000E+00
 3.5874E+02  0.0000E+00  0.0000E+00  0.0000E+00  0.0000E+00  0.0000E+00
 3.6148E+02  0.0000E+00  0.0000E+00  0.0000E+00  0.0000E+00  0.0000E+00
 3.6425E+02  0.0000E+00  0.0000E+00  0.0000E+00  0.0000E+00  0.0000E+00
 3.6704E+02  0.0000E+00  0.0000E+00  0.0000E+00  0.0000E+00  0.0000E+00
 3.6985E+02  0.0000E+00  0.0000E+00  0.0000E+00  0.0000E+00  0.0000E+00
 3.7268E+02  0.0000E+00  0.0000E+00  0.0000E+00  0.0000E+00  0.0000E+00
 3.7554E+02  0.0000E+00  0.0000E+00  0.0000E+00  0.0000E+00  0.0000E+00
 3.7841E+02  0.0000E+00  0.0000E+00  0.0000E+00  0.0000E+00  0.0000E+00
 3.8131E+02  0.0000E+00  0.0000E+00  0.0000E+00  0.0000E+00  0.0000E+00
 3.8423E+02  0.0000E+00  0.0000E+00  0.0000E+00  0.0000E+00  0.0000E+00
 3.8718E+02  0.0000E+00  0.0000E+00  0.0000E+00  0.0000E+00  0.0000E+00
 3.9014E+02  0.0000E+00  0.0000E+00  0.0000E+00  0.0000E+00  0.0000E+00
 3.9313E+02  0.0000E+00  0.0000E+00  0.0000E+00  0.0000E+00  0.0000E+00
 3.9614E+02  0.0000E+00  0.0000E+00  0.0000E+00  0.0000E+00  0.0000E+00
 3.9917E+02  0.0000E+00  0.0000E+00  0.0000E+00  0.0000E+00  0.0000E+00
 4.0223E+02  0.0000E+00  0.0000E+00  0.0000E+00  0.0000E+00  0.0000E+00
 4.0531E+02  0.0000E+00  0.0000E+00  0.0000E+00  0.0000E+00  0.0000E+00
 4.0841E+02  0.0000E+00  0.0000E+00  0.0000E+00  0.0000E+00  0.0000E+00
 4.1154E+02  0.0000E+00  0.0000E+00  0.0000E+00  0.0000E+00  0.0000E+00
 4.1469E+02  0.0000E+00  0.0000E+00  0.0000E+00  0.0000E+00  0.0000E+00
 4.1787E+02  0.0000E+00  0.0000E+00  0.0000E+00  0.0000E+00  0.0000E+00
 4.2107E+02  0.0000E+00  0.0000E+00  0.0000E+00  0.0000E+00  0.0000E+00
 4.2429E+02  0.0000E+00  0.0000E+00  0.0000E+00  0.0000E+00  0.0000E+00
 4.2754E+02  0.0000E+00  0.0000E+00  0.0000E+00  0.0000E+00  0.0000E+00
 4.3082E+02  0.0000E+00  0.0000E+00  0.0000E+00  0.0000E+00  0.0000E+00
 4.3412E+02  0.0000E+00  0.0000E+00  0.0000E+00  0.0000E+00  0.0000E+00
 4.3744E+02  0.0000E+00  0.0000E+00  0.0000E+00  0.0000E+00  0.0000E+00
 4.4079E+02  0.0000E+00  0.0000E+00  0.0000E+00  0.0000E+00  0.0000E+00
 4.4417E+02  0.0000E+00  0.0000E+00  0.0000E+00  0.0000E+00  0.0000E+00
 4.4757E+02  0.0000E+00  0.0000E+00  0.0000E+00  0.0000E+00  0.0000E+00
 4.5100E+02  0.0000E+00  0.0000E+00  0.0000E+00  0.0000E+00  0.0000E+00
 4.5445E+02  0.0000E+00  0.0000E+00  0.0000E+00  0.0000E+00  0.0000E+00
 4.5793E+02  0.0000E+00  0.0000E+00  0.0000E+00  0.0000E+00  0.0000E+00
 4.6144E+02  0.0000E+00  0.0000E+00  0.0000E+00  0.0000E+00  0.0000E+00
 4.6497E+02  0.0000E+00  0.0000E+00  0.0000E+00  0.0000E+00  0.0000E+00
 4.6853E+02  0.0000E+00  0.0000E+00  0.0000E+00  0.0000E+00  0.0000E+00
 4.7212E+02  0.0000E+00  0.0000E+00  0.0000E+00  0.0000E+00  0.0000E+00
 4.7574E+02  0.0000E+00  0.0000E+00  0.0000E+00  0.0000E+00  0.0000E+00
 4.7938E+02  0.0000E+00  0.0000E+00  0.0000E+00  0.0000E+00  0.0000E+00
 4.8305E+02  0.0000E+00  0.0000E+00  0.0000E+00  0.0000E+00  0.0000E+00
 4.8675E+02  0.0000E+00  0.0000E+00  0.0000E+00  0.0000E+00  0.0000E+00
 4.9048E+02  0.0000E+00  0.0000E+00  0.0000E+00  0.0000E+00  0.0000E+00
 4.9424E+02  0.0000E+00  0.0000E+00  0.0000E+00  0.0000E+00  0.0000E+00
 4.9802E+02  0.0000E+00  0.0000E+00  0.0000E+00  0.0000E+00  0.0000E+00
 5.0183E+02  0.0000E+00  0.0000E+00  0.0000E+00  0.0000E+00  0.0000E+00
 5.0568E+02  0.0000E+00  0.0000E+00  0.0000E+00  0.0000E+00  0.0000E+00
 5.0955E+02  0.0000E+00  0.0000E+00  0.0000E+00  0.0000E+00  0.0000E+00
 5.1345E+02  0.0000E+00  0.0000E+00  0.0000E+00  0.0000E+00  0.0000E+00
 5.1738E+02  0.0000E+00  0.0000E+00  0.0000E+00  0.0000E+00  0.0000E+00
 5.2135E+02  0.0000E+00  0.0000E+00  0.0000E+00  0.0000E+00  0.0000E+00
 5.2534E+02  0.0000E+00  0.0000E+00  0.0000E+00  0.0000E+00  0.0000E+00
 5.2936E+02  0.0000E+00  0.0000E+00  0.0000E+00  0.0000E+00  0.0000E+00
 5.3342E+02  0.0000E+00  0.0000E+00  0.0000E+00  0.0000E+00  0.0000E+00
 5.3750E+02  0.0000E+00  0.0000E+00  0.0000E+00  0.0000E+00  0.0000E+00
 5.4162E+02  0.0000E+00  0.0000E+00  0.0000E+00  0.0000E+00  0.0000E+00
 5.4577E+02  0.0000E+00  0.0000E+00  0.0000E+00  0.0000E+00  0.0000E+00
 5.4995E+02  0.0000E+00  0.0000E+00  0.0000E+00  0.0000E+00  0.0000E+00
 5.5416E+02  0.0000E+00  0.0000E+00  0.0000E+00  0.0000E+00  0.0000E+00
 5.5840E+02  0.0000E+00  0.0000E+00  0.0000E+00  0.0000E+00  0.0000E+00
 5.6268E+02  0.0000E+00  0.0000E+00  0.0000E+00  0.0000E+00  0.0000E+00
 5.6699E+02  0.0000E+00  0.0000E+00  0.0000E+00  0.0000E+00  0.0000E+00
 5.7133E+02  0.0000E+00  0.0000E+00  0.0000E+00  0.0000E+00  0.0000E+00
 5.7571E+02  0.0000E+00  0.0000E+00  0.0000E+00  0.0000E+00  0.0000E+00
 5.8011E+02  0.0000E+00  0.0000E+00  0.0000E+00  0.0000E+00  0.0000E+00
 5.8456E+02  0.0000E+00  0.0000E+00  0.0000E+00  0.0000E+00  0.0000E+00
 5.8903E+02  0.0000E+00  0.0000E+00  0.0000E+00  0.0000E+00  0.0000E+00
 5.9354E+02  0.0000E+00  0.0000E+00  0.0000E+00  0.0000E+00  0.0000E+00
 5.9809E+02  0.0000E+00  0.0000E+00  0.0000E+00  0.0000E+00  0.0000E+00
 6.0267E+02  0.0000E+00  0.0000E+00  0.0000E+00  0.0000E+00  0.0000E+00
 6.0729E+02  0.0000E+00  0.0000E+00  0.0000E+00  0.0000E+00  0.0000E+00
 6.1194E+02  0.0000E+00  0.0000E+00  0.0000E+00  0.0000E+00  0.0000E+00
 6.1662E+02  0.0000E+00  0.0000E+00  0.0000E+00  0.0000E+00  0.0000E+00
 6.2135E+02  0.0000E+00  0.0000E+00  0.0000E+00  0.0000E+00  0.0000E+00
 6.2610E+02  0.0000E+00  0.0000E+00  0.0000E+00  0.0000E+00  0.0000E+00
 6.3090E+02  0.0000E+00  0.0000E+00  0.0000E+00  0.0000E+00  0.0000E+00
 6.3573E+02  0.0000E+00  0.0000E+00  0.0000E+00  0.0000E+00  0.0000E+00
 6.4060E+02  0.0000E+00  0.0000E+00  0.0000E+00  0.0000E+00  0.0000E+00
 6.4551E+02  0.0000E+00  0.0000E+00  0.0000E+00  0.0000E+00  0.0000E+00
 6.5045E+02  0.0000E+00  0.0000E+00  0.0000E+00  0.0000E+00  0.0000E+00
 6.5543E+02  0.0000E+00  0.0000E+00  0.0000E+00  0.0000E+00  0.0000E+00
 6.6045E+02  0.0000E+00  0.0000E+00  0.0000E+00  0.0000E+00  0.0000E+00
 6.6551E+02  0.0000E+00  0.0000E+00  0.0000E+00  0.0000E+00  0.0000E+00
 6.7060E+02  0.0000E+00  0.0000E+00  0.0000E+00  0.0000E+00  0.0000E+00
 6.7574E+02  0.0000E+00  0.0000E+00  0.0000E+00  0.0000E+00  0.0000E+00
 6.8092E+02  0.0000E+00  0.0000E+00  0.0000E+00  0.0000E+00  0.0000E+00
 6.8613E+02  0.0000E+00  0.0000E+00  0.0000E+00  0.0000E+00  0.0000E+00
 6.9138E+02  0.0000E+00  0.0000E+00  0.0000E+00  0.0000E+00  0.0000E+00
 6.9668E+02  0.0000E+00  0.0000E+00  0.0000E+00  0.0000E+00  0.0000E+00
 7.0201E+02  0.0000E+00  0.0000E+00  0.0000E+00  0.0000E+00  0.0000E+00
 7.0739E+02  0.0000E+00  0.0000E+00  0.0000E+00  0.0000E+00  0.0000E+00
 7.1281E+02  0.0000E+00  0.0000E+00  0.0000E+00  0.0000E+00  0.0000E+00
 7.1827E+02  0.0000E+00  0.0000E+00  0.0000E+00  0.0000E+00  0.0000E+00
 7.2377E+02  0.0000E+00  0.0000E+00  0.0000E+00  0.0000E+00  0.0000E+00
 7.2931E+02  0.0000E+00  0.0000E+00  0.0000E+00  0.0000E+00  0.0000E+00
 7.3490E+02  0.0000E+00  0.0000E+00  0.0000E+00  0.0000E+00  0.0000E+00
 7.4052E+02  0.0000E+00  0.0000E+00  0.0000E+00  0.0000E+00  0.0000E+00
 7.4620E+02  0.0000E+00  0.0000E+00  0.0000E+00  0.0000E+00  0.0000E+00
 7.5191E+02  0.0000E+00  0.0000E+00  0.0000E+00  0.0000E+00  0.0000E+00
 7.5767E+02  0.0000E+00  0.0000E+00  0.0000E+00  0.0000E+00  0.0000E+00
 7.6347E+02  0.0000E+00  0.0000E+00  0.0000E+00  0.0000E+00  0.0000E+00
 7.6932E+02  0.0000E+00  0.0000E+00  0.0000E+00  0.0000E+00  0.0000E+00
 7.7521E+02  0.0000E+00  0.0000E+00  0.0000E+00  0.0000E+00  0.0000E+00
 7.8115E+02  0.0000E+00  0.0000E+00  0.0000E+00  0.0000E+00  0.0000E+00
 7.8713E+02  0.0000E+00  0.0000E+00  0.0000E+00  0.0000E+00  0.0000E+00
 7.9316E+02  0.0000E+00  0.0000E+00  0.0000E+00  0.0000E+00  0.0000E+00
 7.9923E+02  0.0000E+00  0.0000E+00  0.0000E+00  0.0000E+00  0.0000E+00
 8.0535E+02  0.0000E+00  0.0000E+00  0.0000E+00  0.0000E+00  0.0000E+00
 8.1152E+02  0.0000E+00  0.0000E+00  0.0000E+00  0.0000E+00  0.0000E+00
 8.1774E+02  0.0000E+00  0.0000E+00  0.0000E+00  0.0000E+00  0.0000E+00
 8.2400E+02  0.0000E+00  0.0000E+00  0.0000E+00  0.0000E+00  0.0000E+00
 8.3031E+02  0.0000E+00  0.0000E+00  0.0000E+00  0.0000E+00  0.0000E+00
 8.3667E+02  0.0000E+00  0.0000E+00  0.0000E+00  0.0000E+00  0.0000E+00
 8.4307E+02  0.0000E+00  0.0000E+00  0.0000E+00  0.0000E+00  0.0000E+00
 8.4953E+02  0.0000E+00  0.0000E+00  0.0000E+00  0.0000E+00  0.0000E+00
 8.5604E+02  0.0000E+00  0.0000E+00  0.0000E+00  0.0000E+00  0.0000E+00
 8.6259E+02  0.0000E+00  0.0000E+00  0.0000E+00  0.0000E+00  0.0000E+00
 8.6920E+02  0.0000E+00  0.0000E+00  0.0000E+00  0.0000E+00  0.0000E+00
 8.7586E+02  0.0000E+00  0.0000E+00  0.0000E+00  0.0000E+00  0.0000E+00
 8.8256E+02  0.0000E+00  0.0000E+00  0.0000E+00  0.0000E+00  0.0000E+00
 8.8932E+02  0.0000E+00  0.0000E+00  0.0000E+00  0.0000E+00  0.0000E+00
 8.9613E+02  0.0000E+00  0.0000E+00  0.0000E+00  0.0000E+00  0.0000E+00
 9.0300E+02  0.0000E+00  0.0000E+00  0.0000E+00  0.0000E+00  0.0000E+00
 9.0991E+02  0.0000E+00  0.0000E+00  0.0000E+00  0.0000E+00  0.0000E+00
 9.1688E+02  0.0000E+00  0.0000E+00  0.0000E+00  0.0000E+00  0.0000E+00
 9.2390E+02  0.0000E+00  0.0000E+00  0.0000E+00  0.0000E+00  0.0000E+00
 9.3098E+02  0.0000E+00  0.0000E+00  0.0000E+00  0.0000E+00  0.0000E+00
 9.3811E+02  0.0000E+00  0.0000E+00  0.0000E+00  0.0000E+00  0.0000E+00
 9.4529E+02  0.0000E+00  0.0000E+00  0.0000E+00  0.0000E+00  0.0000E+00
 9.5253E+02  0.0000E+00  0.0000E+00  0.0000E+00  0.0000E+00  0.0000E+00
 9.5983E+02  0.0000E+00  0.0000E+00  0.0000E+00  0.0000E+00  0.0000E+00
 9.6718E+02  0.0000E+00  0.0000E+00  0.0000E+00  0.0000E+00  0.0000E+00
 9.7458E+02  0.0000E+00  0.0000E+00  0.0000E+00  0.0000E+00  0.0000E+00
 9.8205E+02  0.0000E+00  0.0000E+00  0.0000E+00  0.0000E+00  0.0000E+00
 9.8957E+02  0.0000E+00  0.0000E+00  0.0000E+00  0.0000E+00  0.0000E+00
 9.9715E+02  0.0000E+00  0.0000E+00  0.0000E+00  0.0000E+00  0.0000E+00
 1.0048E+03  0.0000E+00  0.0000E+00  0.0000E+00  0.0000E+00  0.0000E+00
 1.0125E+03  0.0000E+00  0.0000E+00  0.0000E+00  0.0000E+00  0.0000E+00
 1.0202E+03  0.0000E+00  0.0000E+00  0.0000E+00  0.0000E+00  0.0000E+00
 1.0280E+03  0.0000E+00  0.0000E+00  0.0000E+00  0.0000E+00  0.0000E+00
 1.0359E+03  0.0000E+00  0.0000E+00  0.0000E+00  0.0000E+00  0.0000E+00
 1.0439E+03  0.0000E+00  0.0000E+00  0.0000E+00  0.0000E+00  0.0000E+00
 1.0518E+03  0.0000E+00  0.0000E+00  0.0000E+00  0.0000E+00  0.0000E+00
 1.0599E+03  0.0000E+00  0.0000E+00  0.0000E+00  0.0000E+00  0.0000E+00
 1.0680E+03  0.0000E+00  0.0000E+00  0.0000E+00  0.0000E+00  0.0000E+00
 1.0762E+03  0.0000E+00  0.0000E+00  0.0000E+00  0.0000E+00  0.0000E+00
 1.0844E+03  0.0000E+00  0.0000E+00  0.0000E+00  0.0000E+00  0.0000E+00
 1.0927E+03  0.0000E+00  0.0000E+00  0.0000E+00  0.0000E+00  0.0000E+00
 1.1011E+03  0.0000E+00  0.0000E+00  0.0000E+00  0.0000E+00  0.0000E+00
 1.1095E+03  0.0000E+00  0.0000E+00  0.0000E+00  0.0000E+00  0.0000E+00
 1.1180E+03  0.0000E+00  0.0000E+00  0.0000E+00  0.0000E+00  0.0000E+00
 1.1266E+03  0.0000E+00  0.0000E+00  0.0000E+00  0.0000E+00  0.0000E+00
 1.1352E+03  0.0000E+00  0.0000E+00  0.0000E+00  0.0000E+00  0.0000E+00
 1.1439E+03  0.0000E+00  0.0000E+00  0.0000E+00  0.0000E+00  0.0000E+00
 1.1527E+03  0.0000E+00  0.0000E+00  0.0000E+00  0.0000E+00  0.0000E+00
 1.1615E+03  0.0000E+00  0.0000E+00  0.0000E+00  0.0000E+00  0.0000E+00
 1.1704E+03  0.0000E+00  0.0000E+00  0.0000E+00  0.0000E+00  0.0000E+00
 1.1794E+03  0.0000E+00  0.0000E+00  0.0000E+00  0.0000E+00  0.0000E+00
 1.1884E+03  0.0000E+00  0.0000E+00  0.0000E+00  0.0000E+00  0.0000E+00
 1.1975E+03  0.0000E+00  0.0000E+00  0.0000E+00  0.0000E+00  0.0000E+00
 1.2067E+03  0.0000E+00  0.0000E+00  0.0000E+00  0.0000E+00  0.0000E+00
 1.2159E+03  0.0000E+00  0.0000E+00  0.0000E+00  0.0000E+00  0.0000E+00
 1.2252E+03  0.0000E+00  0.0000E+00  0.0000E+00  0.0000E+00  0.0000E+00
 1.2346E+03  0.0000E+00  0.0000E+00  0.0000E+00  0.0000E+00  0.0000E+00
 1.2441E+03  0.0000E+00  0.0000E+00  0.0000E+00  0.0000E+00  0.0000E+00
 1.2536E+03  0.0000E+00  0.0000E+00  0.0000E+00  0.0000E+00  0.0000E+00
 1.2632E+03  0.0000E+00  0.0000E+00  0.0000E+00  0.0000E+00  0.0000E+00
 1.2729E+03  0.0000E+00  0.0000E+00  0.0000E+00  0.0000E+00  0.0000E+00
 1.2826E+03  0.0000E+00  0.0000E+00  0.0000E+00  0.0000E+00  0.0000E+00
 1.2924E+03  0.0000E+00  0.0000E+00  0.0000E+00  0.0000E+00  0.0000E+00
 1.3023E+03  0.0000E+00  0.0000E+00  0.0000E+00  0.0000E+00  0.0000E+00
 1.3123E+03  0.0000E+00  0.0000E+00  0.0000E+00  0.0000E+00  0.0000E+00
 1.3224E+03  0.0000E+00  0.0000E+00  0.0000E+00  0.0000E+00  0.0000E+00
 1.3325E+03  0.0000E+00  0.0000E+00  0.0000E+00  0.0000E+00  0.0000E+00
 1.3427E+03  0.0000E+00  0.0000E+00  0.0000E+00  0.0000E+00  0.0000E+00
 1.3530E+03  0.0000E+00  0.0000E+00  0.0000E+00  0.0000E+00  0.0000E+00
 1.3633E+03  0.0000E+00  0.0000E+00  0.0000E+00  0.0000E+00  0.0000E+00
 1.3738E+03  0.0000E+00  0.0000E+00  0.0000E+00  0.0000E+00  0.0000E+00
 1.3843E+03  0.0000E+00  0.0000E+00  0.0000E+00  0.0000E+00  0.0000E+00
 1.3949E+03  0.0000E+00  0.0000E+00  0.0000E+00  0.0000E+00  0.0000E+00
 1.4056E+03  0.0000E+00  0.0000E+00  0.0000E+00  0.0000E+00  0.0000E+00
 1.4164E+03  0.0000E+00  0.0000E+00  0.0000E+00  0.0000E+00  0.0000E+00
 1.4272E+03  0.0000E+00  0.0000E+00  0.0000E+00  0.0000E+00  0.0000E+00
 1.4381E+03  0.0000E+00  0.0000E+00  0.0000E+00  0.0000E+00  0.0000E+00
 1.4491E+03  0.0000E+00  0.0000E+00  0.0000E+00  0.0000E+00  0.0000E+00
 1.4602E+03  0.0000E+00  0.0000E+00  0.0000E+00  0.0000E+00  0.0000E+00
 1.4714E+03  0.0000E+00  0.0000E+00  0.0000E+00  0.0000E+00  0.0000E+00
 1.4827E+03  0.0000E+00  0.0000E+00  0.0000E+00  0.0000E+00  0.0000E+00
 1.4940E+03  0.0000E+00  0.0000E+00  0.0000E+00  0.0000E+00  0.0000E+00
 1.5055E+03  0.0000E+00  0.0000E+00  0.0000E+00  0.0000E+00  0.0000E+00
 1.5170E+03  0.0000E+00  0.0000E+00  0.0000E+00  0.0000E+00  0.0000E+00
 1.5286E+03  0.0000E+00  0.0000E+00  0.0000E+00  0.0000E+00  0.0000E+00
 1.5403E+03  0.0000E+00  0.0000E+00  0.0000E+00  0.0000E+00  0.0000E+00
 1.5521E+03  0.0000E+00  0.0000E+00  0.0000E+00  0.0000E+00  0.0000E+00
 1.5640E+03  0.0000E+00  0.0000E+00  0.0000E+00  0.0000E+00  0.0000E+00
 1.5760E+03  0.0000E+00  0.0000E+00  0.0000E+00  0.0000E+00  0.0000E+00
 1.5881E+03  0.0000E+00  0.0000E+00  0.0000E+00  0.0000E+00  0.0000E+00
 1.6002E+03  0.0000E+00  0.0000E+00  0.0000E+00  0.0000E+00  0.0000E+00
 1.6125E+03  0.0000E+00  0.0000E+00  0.0000E+00  0.0000E+00  0.0000E+00
 1.6248E+03  0.0000E+00  0.0000E+00  0.0000E+00  0.0000E+00  0.0000E+00
 1.6373E+03  0.0000E+00  0.0000E+00  0.0000E+00  0.0000E+00  0.0000E+00
 1.6498E+03  0.0000E+00  0.0000E+00  0.0000E+00  0.0000E+00  0.0000E+00
 1.6625E+03  0.0000E+00  0.0000E+00  0.0000E+00  0.0000E+00  0.0000E+00
 1.6752E+03  0.0000E+00  0.0000E+00  0.0000E+00  0.0000E+00  0.0000E+00
 1.6880E+03  0.0000E+00  0.0000E+00  0.0000E+00  0.0000E+00  0.0000E+00
 1.7009E+03  0.0000E+00  0.0000E+00  0.0000E+00  0.0000E+00  0.0000E+00
 1.7140E+03  0.0000E+00  0.0000E+00  0.0000E+00  0.0000E+00  0.0000E+00
 1.7271E+03  0.0000E+00  0.0000E+00  0.0000E+00  0.0000E+00  0.0000E+00
 1.7403E+03  0.0000E+00  0.0000E+00  0.0000E+00  0.0000E+00  0.0000E+00
 1.7537E+03  0.0000E+00  0.0000E+00  0.0000E+00  0.0000E+00  0.0000E+00
 1.7671E+03  0.0000E+00  0.0000E+00  0.0000E+00  0.0000E+00  0.0000E+00
 1.7806E+03  0.0000E+00  0.0000E+00  0.0000E+00  0.0000E+00  0.0000E+00
 1.7943E+03  0.0000E+00  0.0000E+00  0.0000E+00  0.0000E+00  0.0000E+00
 1.8080E+03  0.0000E+00  0.0000E+00  0.0000E+00  0.0000E+00  0.0000E+00
 1.8218E+03  0.0000E+00  0.0000E+00  0.0000E+00  0.0000E+00  0.0000E+00
 1.8358E+03  0.0000E+00  0.0000E+00  0.0000E+00  0.0000E+00  0.0000E+00
 1.8499E+03  0.0000E+00  0.0000E+00  0.0000E+00  0.0000E+00  0.0000E+00
 1.8640E+03  0.0000E+00  0.0000E+00  0.0000E+00  0.0000E+00  0.0000E+00
 1.8783E+03  0.0000E+00  0.0000E+00  0.0000E+00  0.0000E+00  0.0000E+00
 1.8927E+03  0.0000E+00  0.0000E+00  0.0000E+00  0.0000E+00  0.0000E+00
 1.9072E+03  0.0000E+00  0.0000E+00  0.0000E+00  0.0000E+00  0.0000E+00
 1.9218E+03  0.0000E+00  0.0000E+00  0.0000E+00  0.0000E+00  0.0000E+00
 1.9365E+03  0.0000E+00  0.0000E+00  0.0000E+00  0.0000E+00  0.0000E+00
 1.9513E+03  0.0000E+00  0.0000E+00  0.0000E+00  0.0000E+00  0.0000E+00
 1.9663E+03  0.0000E+00  0.0000E+00  0.0000E+00  0.0000E+00  0.0000E+00
 1.9813E+03  0.0000E+00  0.0000E+00  0.0000E+00  0.0000E+00  0.0000E+00
 1.9965E+03  0.0000E+00  0.0000E+00  0.0000E+00  0.0000E+00  0.0000E+00
 2.0118E+03  0.0000E+00  0.0000E+00  0.0000E+00  0.0000E+00  0.0000E+00
 2.0272E+03  0.0000E+00  0.0000E+00  0.0000E+00  0.0000E+00  0.0000E+00
 2.0427E+03  0.0000E+00  0.0000E+00  0.0000E+00  0.0000E+00  0.0000E+00
 2.0584E+03  0.0000E+00  0.0000E+00  0.0000E+00  0.0000E+00  0.0000E+00
 2.0741E+03  0.0000E+00  0.0000E+00  0.0000E+00  0.0000E+00  0.0000E+00
 2.0900E+03  0.0000E+00  0.0000E+00  0.0000E+00  0.0000E+00  0.0000E+00
 2.1060E+03  0.0000E+00  0.0000E+00  0.0000E+00  0.0000E+00  0.0000E+00
 2.1222E+03  0.0000E+00  0.0000E+00  0.0000E+00  0.0000E+00  0.0000E+00
 2.1384E+03  0.0000E+00  0.0000E+00  0.0000E+00  0.0000E+00  0.0000E+00
 2.1548E+03  0.0000E+00  0.0000E+00  0.0000E+00  0.0000E+00  0.0000E+00
 2.1713E+03  0.0000E+00  0.0000E+00  0.0000E+00  0.0000E+00  0.0000E+00
 2.1879E+03  0.0000E+00  0.0000E+00  0.0000E+00  0.0000E+00  0.0000E+00
 2.2047E+03  0.0000E+00  0.0000E+00  0.0000E+00  0.0000E+00  0.0000E+00
 2.2216E+03  0.0000E+00  0.0000E+00  0.0000E+00  0.0000E+00  0.0000E+00
 2.2386E+03  0.0000E+00  0.0000E+00  0.0000E+00  0.0000E+00  0.0000E+00
 2.2557E+03  0.0000E+00  0.0000E+00  0.0000E+00  0.0000E+00  0.0000E+00
 2.2730E+03  0.0000E+00  0.0000E+00  0.0000E+00  0.0000E+00  0.0000E+00
 2.2904E+03  0.0000E+00  0.0000E+00  0.0000E+00  0.0000E+00  0.0000E+00
 2.3079E+03  0.0000E+00  0.0000E+00  0.0000E+00  0.0000E+00  0.0000E+00
 2.3256E+03  0.0000E+00  0.0000E+00  0.0000E+00  0.0000E+00  0.0000E+00
 2.3434E+03  0.0000E+00  0.0000E+00  0.0000E+00  0.0000E+00  0.0000E+00
 2.3614E+03  0.0000E+00  0.0000E+00  0.0000E+00  0.0000E+00  0.0000E+00
 2.3794E+03  0.0000E+00  0.0000E+00  0.0000E+00  0.0000E+00  0.0000E+00
 2.3977E+03  0.0000E+00  0.0000E+00  0.0000E+00  0.0000E+00  0.0000E+00
 2.4160E+03  0.0000E+00  0.0000E+00  0.0000E+00  0.0000E+00  0.0000E+00
 2.4345E+03  0.0000E+00  0.0000E+00  0.0000E+00  0.0000E+00  0.0000E+00
 2.4532E+03  0.0000E+00  0.0000E+00  0.0000E+00  0.0000E+00  0.0000E+00
 2.4720E+03  0.0000E+00  0.0000E+00  0.0000E+00  0.0000E+00  0.0000E+00
 2.4909E+03  0.0000E+00  0.0000E+00  0.0000E+00  0.0000E+00  0.0000E+00
 2.5100E+03  0.0000E+00  0.0000E+00  0.0000E+00  0.0000E+00  0.0000E+00
 2.5292E+03  0.0000E+00  0.0000E+00  0.0000E+00  0.0000E+00  0.0000E+00
 2.5486E+03  0.0000E+00  0.0000E+00  0.0000E+00  0.0000E+00  0.0000E+00
 2.5681E+03  0.0000E+00  0.0000E+00  0.0000E+00  0.0000E+00  0.0000E+00
 2.5878E+03  0.0000E+00  0.0000E+00  0.0000E+00  0.0000E+00  0.0000E+00
 2.6076E+03  0.0000E+00  0.0000E+00  0.0000E+00  0.0000E+00  0.0000E+00
 2.6275E+03  0.0000E+00  0.0000E+00  0.0000E+00  0.0000E+00  0.0000E+00
 2.6477E+03  0.0000E+00  0.0000E+00  0.0000E+00  0.0000E+00  0.0000E+00
 2.6679E+03  0.0000E+00  0.0000E+00  0.0000E+00  0.0000E+00  0.0000E+00
 2.6884E+03  0.0000E+00  0.0000E+00  0.0000E+00  0.0000E+00  0.0000E+00
 2.7090E+03  0.0000E+00  0.0000E+00  0.0000E+00  0.0000E+00  0.0000E+00
 2.7297E+03  0.0000E+00  0.0000E+00  0.0000E+00  0.0000E+00  0.0000E+00
 2.7506E+03  0.0000E+00  0.0000E+00  0.0000E+00  0.0000E+00  0.0000E+00
 2.7717E+03  5.6842E-04  1.2240E-02  6.6940E-04  2.8908E-02  1.0000E+00
 2.7929E+03  5.6905E-04  1.2161E-02  6.6946E-04  2.8691E-02  1.0000E+00
 2.8143E+03  5.6969E-04  1.2082E-02  6.6951E-04  2.8475E-02  1.0000E+00
 2.8358E+03  5.7033E-04  1.2003E-02  6.6957E-04  2.8261E-02  1.0000E+00
 2.8576E+03  5.7097E-04  1.1925E-02  6.6962E-04  2.8048E-02  1.0000E+00
 2.8794E+03  5.7161E-04  1.1847E-02  6.6968E-04  2.7838E-02  1.0000E+00
 2.9015E+03  5.7225E-04  1.1770E-02  6.6974E-04  2.7628E-02  1.0000E+00
 2.9237E+03  5.7288E-04  1.1693E-02  6.6980E-04  2.7421E-02  1.0000E+00
 2.9461E+03  5.7351E-04  1.1617E-02  6.6986E-04  2.7215E-02  1.0000E+00
 2.9687E+03  5.7414E-04  1.1541E-02  6.6991E-04  2.7010E-02  1.0000E+00
 2.9914E+03  5.7477E-04  1.1465E-02  6.6997E-04  2.6807E-02  1.0000E+00
 3.0143E+03  5.7540E-04  1.1390E-02  6.7003E-04  2.6606E-02  1.0000E+00
 3.0374E+03  5.7602E-04  1.1316E-02  6.7009E-04  2.6406E-02  1.0000E+00
 3.0607E+03  5.7664E-04  1.1242E-02  6.7015E-04  2.6208E-02  1.0000E+00
 3.0841E+03  5.7727E-04  1.1168E-02  6.7021E-04  2.6011E-02  1.0000E+00
 3.1077E+03  5.7788E-04  1.1095E-02  6.7028E-04  2.5816E-02  1.0000E+00
 3.1315E+03  5.7850E-04  1.1022E-02  6.7034E-04  2.5622E-02  1.0000E+00
 3.1555E+03  5.7912E-04  1.0950E-02  6.7040E-04  2.5430E-02  1.0000E+00
 3.1797E+03  5.7973E-04  1.0878E-02  6.7046E-04  2.5239E-02  1.0000E+00
 3.2040E+03  5.8035E-04  1.0806E-02  6.7053E-04  2.5049E-02  1.0000E+00
 3.2286E+03  5.8096E-04  1.0735E-02  6.7059E-04  2.4861E-02  1.0000E+00
 3.2533E+03  5.8157E-04  1.0664E-02  6.7066E-04  2.4675E-02  1.0000E+00
 3.2782E+03  5.8218E-04  1.0594E-02  6.7072E-04  2.4489E-02  1.0000E+00
 3.3033E+03  5.8278E-04  1.0524E-02  6.7079E-04  2.4306E-02  1.0000E+00
 3.3286E+03  5.8339E-04  1.0455E-02  6.7085E-04  2.4123E-02  1.0000E+00
 3.3541E+03  5.8399E-04  1.0386E-02  6.7092E-04  2.3942E-02  1.0000E+00
 3.3798E+03  5.8460E-04  1.0318E-02  6.7099E-04  2.3763E-02  1.0000E+00
 3.4057E+03  5.8520E-04  1.0249E-02  6.7105E-04  2.3585E-02  1.0000E+00
 3.4317E+03  5.8580E-04  1.0182E-02  6.7112E-04  2.3408E-02  1.0000E+00
 3.4580E+03  5.8640E-04  1.0114E-02  6.7119E-04  2.3232E-02  1.0000E+00
 3.4845E+03  5.8700E-04  1.0048E-02  6.7126E-04  2.3058E-02  1.0000E+00
 3.5112E+03  5.8760E-04  9.9811E-03  6.7133E-04  2.2885E-02  1.0000E+00
 3.5381E+03  5.8819E-04  9.9150E-03  6.7140E-04  2.2714E-02  1.0000E+00
 3.5652E+03  5.8879E-04  9.8494E-03  6.7147E-04  2.2543E-02  1.0000E+00
 3.5925E+03  5.8938E-04  9.7841E-03  6.7154E-04  2.2374E-02  1.0000E+00
 3.6200E+03  5.8998E-04  9.7193E-03  6.7161E-04  2.2207E-02  1.0000E+00
 3.6477E+03  5.9057E-04  9.6549E-03  6.7169E-04  2.2040E-02  1.0000E+00
 3.6757E+03  5.9116E-04  9.5908E-03  6.7176E-04  2.1875E-02  1.0000E+00
 3.7038E+03  5.9175E-04  9.5272E-03  6.7183E-04  2.1711E-02  1.0000E+00
 3.7322E+03  5.9235E-04  9.4640E-03  6.7191E-04  2.1549E-02  1.0000E+00
 3.7608E+03  5.9294E-04  9.4011E-03  6.7198E-04  2.1387E-02  1.0000E+00
 3.7896E+03  5.9352E-04  9.3387E-03  6.7206E-04  2.1227E-02  1.0000E+00
 3.8186E+03  5.9411E-04  9.2766E-03  6.7213E-04  2.1068E-02  1.0000E+00
 3.8478E+03  5.9470E-04  9.2150E-03  6.7221E-04  2.0910E-02  1.0000E+00
 3.8773E+03  5.9529E-04  9.1537E-03  6.7228E-04  2.0754E-02  1.0000E+00
 3.9070E+03  5.9588E-04  9.0928E-03  6.7236E-04  2.0598E-02  1.0000E+00
 3.9369E+03  5.9646E-04  9.0323E-03  6.7244E-04  2.0444E-02  1.0000E+00
 3.9671E+03  5.9705E-04  8.9722E-03  6.7252E-04  2.0291E-02  1.0000E+00
 3.9974E+03  5.9763E-04  8.9125E-03  6.7260E-04  2.0139E-02  1.0000E+00
 4.0281E+03  5.9822E-04  8.8532E-03  6.7268E-04  1.9989E-02  1.0000E+00
 4.0589E+03  5.9880E-04  8.7942E-03  6.7276E-04  1.9839E-02  1.0000E+00
 4.0900E+03  5.9939E-04  8.7356E-03  6.7284E-04  1.9691E-02  1.0000E+00
 4.1213E+03  5.9997E-04  8.6774E-03  6.7292E-04  1.9544E-02  1.0000E+00
 4.1529E+03  6.0055E-04  8.6196E-03  6.7300E-04  1.9397E-02  1.0000E+00
 4.1847E+03  6.0114E-04  8.5621E-03  6.7309E-04  1.9252E-02  1.0000E+00
 4.2167E+03  6.0172E-04  8.5050E-03  6.7317E-04  1.9108E-02  1.0000E+00
 4.2490E+03  6.0230E-04  8.4483E-03  6.7326E-04  1.8966E-02  1.0000E+00
 4.2816E+03  6.0289E-04  8.3919E-03  6.7334E-04  1.8824E-02  1.0000E+00
 4.3143E+03  6.0347E-04  8.3359E-03  6.7343E-04  1.8683E-02  1.0000E+00
 4.3474E+03  6.0405E-04  8.2803E-03  6.7351E-04  1.8543E-02  1.0000E+00
 4.3807E+03  6.0463E-04  8.2250E-03  6.7360E-04  1.8405E-02  1.0000E+00
 4.4142E+03  6.0522E-04  8.1701E-03  6.7369E-04  1.8267E-02  1.0000E+00
 4.4480E+03  6.0580E-04  8.1155E-03  6.7378E-04  1.8131E-02  1.0000E+00
 4.4821E+03  6.0638E-04  8.0613E-03  6.7387E-04  1.7996E-02  1.0000E+00
 4.5164E+03  6.0697E-04  8.0075E-03  6.7395E-04  1.7861E-02  1.0000E+00
 4.5510E+03  6.0755E-04  7.9540E-03  6.7405E-04  1.7728E-02  1.0000E+00
 4.5859E+03  6.0813E-04  7.9009E-03  6.7414E-04  1.7595E-02  1.0000E+00
 4.6210E+03  6.0871E-04  7.8481E-03  6.7423E-04  1.7464E-02  1.0000E+00
 4.6564E+03  6.0930E-04  7.7956E-03  6.7432E-04  1.7334E-02  1.0000E+00
 4.6920E+03  6.0988E-04  7.7435E-03  6.7441E-04  1.7204E-02  1.0000E+00
 4.7280E+03  6.1047E-04  7.6917E-03  6.7451E-04  1.7076E-02  1.0000E+00
 4.7642E+03  6.1105E-04  7.6403E-03  6.7460E-04  1.6949E-02  1.0000E+00
 4.8007E+03  6.1163E-04  7.5892E-03  6.7470E-04  1.6822E-02  1.0000E+00
 4.8374E+03  6.1222E-04  7.5385E-03  6.7479E-04  1.6697E-02  1.0000E+00
 4.8745E+03  6.1281E-04  7.4881E-03  6.7489E-04  1.6572E-02  1.0000E+00
 4.9118E+03  6.1339E-04  7.4380E-03  6.7499E-04  1.6449E-02  1.0000E+00
 4.9494E+03  6.1398E-04  7.3883E-03  6.7509E-04  1.6326E-02  1.0000E+00
 4.9873E+03  6.1456E-04  7.3388E-03  6.7519E-04  1.6204E-02  1.0000E+00
 5.0255E+03  6.1515E-04  7.2898E-03  6.7529E-04  1.6083E-02  1.0000E+00
 5.0640E+03  6.1574E-04  7.2410E-03  6.7539E-04  1.5964E-02  1.0000E+00
 5.1028E+03  6.1632E-04  7.1925E-03  6.7549E-04  1.5845E-02  1.0000E+00
 5.1419E+03  6.1690E-04  7.1443E-03  6.7559E-04  1.5727E-02  1.0000E+00
 5.1812E+03  6.1748E-04  7.0963E-03  6.7569E-04  1.5609E-02  1.0000E+00
 5.2209E+03  6.1805E-04  7.0487E-03  6.7580E-04  1.5493E-02  1.0000E+00
 5.2609E+03  6.1862E-04  7.0013E-03  6.7590E-04  1.5378E-02  1.0000E+00
 5.3012E+03  6.1919E-04  6.9542E-03  6.7601E-04  1.5263E-02  1.0000E+00
 5.3418E+03  6.1976E-04  6.9074E-03  6.7611E-04  1.5150E-02  1.0000E+00
 5.3827E+03  6.2032E-04  6.8608E-03  6.7622E-04  1.5037E-02  1.0000E+00
 5.4239E+03  6.2088E-04  6.8145E-03  6.7633E-04  1.4925E-02  1.0000E+00
 5.4655E+03  6.2143E-04  6.7685E-03  6.7644E-04  1.4814E-02  1.0000E+00
 5.5073E+03  6.2199E-04  6.7228E-03  6.7655E-04  1.4704E-02  1.0000E+00
 5.5495E+03  6.2254E-04  6.6773E-03  6.7666E-04  1.4594E-02  1.0000E+00
 5.5920E+03  6.2309E-04  6.6321E-03  6.7677E-04  1.4486E-02  1.0000E+00
 5.6348E+03  6.2363E-04  6.5872E-03  6.7688E-04  1.4378E-02  1.0000E+00
 5.6780E+03  6.2417E-04  6.5426E-03  6.7700E-04  1.4271E-02  1.0000E+00
 5.7215E+03  6.2471E-04  6.4982E-03  6.7711E-04  1.4165E-02  1.0000E+00
 5.7653E+03  6.2525E-04  6.4540E-03  6.7722E-04  1.4060E-02  1.0000E+00
 5.8094E+03  6.2578E-04  6.4102E-03  6.7734E-04  1.3955E-02  1.0000E+00
 5.8539E+03  6.2631E-04  6.3666E-03  6.7746E-04  1.3852E-02  1.0000E+00
 5.8988E+03  6.2684E-04  6.3233E-03  6.7757E-04  1.3749E-02  1.0000E+00
 5.9439E+03  6.2737E-04  6.2802E-03  6.7769E-04  1.3647E-02  1.0000E+00
 5.9895E+03  6.2789E-04  6.2374E-03  6.7781E-04  1.3545E-02  1.0000E+00
 6.0353E+03  6.2841E-04  6.1948E-03  6.7793E-04  1.3445E-02  1.0000E+00
 6.0815E+03  6.2893E-04  6.1525E-03  6.7805E-04  1.3345E-02  1.0000E+00
 6.1281E+03  6.2945E-04  6.1105E-03  6.7818E-04  1.3246E-02  1.0000E+00
 6.1751E+03  6.2996E-04  6.0687E-03  6.7830E-04  1.3148E-02  1.0000E+00
 6.2223E+03  6.3047E-04  6.0272E-03  6.7842E-04  1.3050E-02  1.0000E+00
 6.2700E+03  6.3098E-04  5.9859E-03  6.7855E-04  1.2953E-02  1.0000E+00
 6.3180E+03  6.3148E-04  5.9449E-03  6.7867E-04  1.2857E-02  1.0000E+00
 6.3664E+03  6.3198E-04  5.9042E-03  6.7880E-04  1.2762E-02  1.0000E+00
 6.4152E+03  6.3248E-04  5.8637E-03  6.7893E-04  1.2667E-02  1.0000E+00
 6.4643E+03  6.3298E-04  5.8234E-03  6.7906E-04  1.2574E-02  1.0000E+00
 6.5138E+03  6.3348E-04  5.7834E-03  6.7919E-04  1.2480E-02  1.0000E+00
 6.5637E+03  6.3397E-04  5.7436E-03  6.7932E-04  1.2388E-02  1.0000E+00
 6.6139E+03  6.3446E-04  5.7041E-03  6.7945E-04  1.2296E-02  1.0000E+00
 6.6646E+03  6.3495E-04  5.6648E-03  6.7958E-04  1.2205E-02  1.0000E+00
 6.7156E+03  6.3544E-04  5.6258E-03  6.7972E-04  1.2115E-02  1.0000E+00
 6.7671E+03  6.3592E-04  5.5870E-03  6.7985E-04  1.2025E-02  1.0000E+00
 6.8189E+03  6.3640E-04  5.5485E-03  6.7999E-04  1.1936E-02  1.0000E+00
 6.8711E+03  6.3688E-04  5.5102E-03  6.8013E-04  1.1848E-02  1.0000E+00
 6.9237E+03  6.3736E-04  5.4721E-03  6.8026E-04  1.1760E-02  1.0000E+00
 6.9768E+03  6.3783E-04  5.4343E-03  6.8040E-04  1.1673E-02  1.0000E+00
 7.0302E+03  6.3830E-04  5.3967E-03  6.8054E-04  1.1587E-02  1.0000E+00
 7.0840E+03  6.3877E-04  5.3593E-03  6.8069E-04  1.1501E-02  1.0000E+00
 7.1383E+03  6.3924E-04  5.3222E-03  6.8083E-04  1.1416E-02  1.0000E+00
 7.1929E+03  6.3971E-04  5.2853E-03  6.8097E-04  1.1332E-02  1.0000E+00
 7.2480E+03  6.4017E-04  5.2487E-03  6.8112E-04  1.1248E-02  1.0000E+00
 7.3035E+03  6.4063E-04  5.2123E-03  6.8126E-04  1.1165E-02  1.0000E+00
 7.3595E+03  6.4109E-04  5.1761E-03  6.8141E-04  1.1082E-02  1.0000E+00
 7.4158E+03  6.4155E-04  5.1401E-03  6.8156E-04  1.1001E-02  1.0000E+00
 7.4726E+03  6.4201E-04  5.1044E-03  6.8171E-04  1.0919E-02  1.0000E+00
 7.5299E+03  6.4246E-04  5.0689E-03  6.8186E-04  1.0839E-02  1.0000E+00
 7.5875E+03  6.4291E-04  5.0336E-03  6.8201E-04  1.0759E-02  1.0000E+00
 7.6456E+03  6.4336E-04  4.9986E-03  6.8216E-04  1.0679E-02  1.0000E+00
 7.7042E+03  6.4381E-04  4.9638E-03  6.8232E-04  1.0601E-02  1.0000E+00
 7.7632E+03  6.4425E-04  4.9292E-03  6.8247E-04  1.0522E-02  1.0000E+00
 7.8226E+03  6.4470E-04  4.8948E-03  6.8263E-04  1.0445E-02  1.0000E+00
 7.8825E+03  6.4514E-04  4.8606E-03  6.8278E-04  1.0368E-02  1.0000E+00
 7.9429E+03  6.4558E-04  4.8267E-03  6.8294E-04  1.0291E-02  1.0000E+00
 8.0037E+03  6.4601E-04  4.7930E-03  6.8310E-04  1.0216E-02  1.0000E+00
 8.0650E+03  6.4645E-04  4.7595E-03  6.8327E-04  1.0140E-02  1.0000E+00
 8.1268E+03  6.4688E-04  4.7262E-03  6.8343E-04  1.0066E-02  1.0000E+00
 8.1890E+03  6.4732E-04  4.6931E-03  6.8359E-04  9.9916E-03  1.0000E+00
 8.2518E+03  6.4775E-04  4.6602E-03  6.8376E-04  9.9181E-03  1.0000E+00
 8.3150E+03  6.4817E-04  4.6276E-03  6.8392E-04  9.8451E-03  1.0000E+00
 8.3786E+03  6.4860E-04  4.5952E-03  6.8409E-04  9.7727E-03  1.0000E+00
 8.4428E+03  6.4903E-04  4.5629E-03  6.8426E-04  9.7008E-03  1.0000E+00
 8.5075E+03  6.4945E-04  4.5309E-03  6.8443E-04  9.6295E-03  1.0000E+00
 8.5726E+03  6.4987E-04  4.4991E-03  6.8460E-04  9.5587E-03  1.0000E+00
 8.6383E+03  6.5029E-04  4.4675E-03  6.8478E-04  9.4884E-03  1.0000E+00
 8.7044E+03  6.5070E-04  4.4361E-03  6.8495E-04  9.4187E-03  1.0000E+00
 8.7711E+03  6.5111E-04  4.4049E-03  6.8513E-04  9.3495E-03  1.0000E+00
 8.8383E+03  6.5153E-04  4.3739E-03  6.8530E-04  9.2809E-03  1.0000E+00
 8.9059E+03  6.5194E-04  4.3431E-03  6.8548E-04  9.2127E-03  1.0000E+00
 8.9741E+03  6.5234E-04  4.3125E-03  6.8566E-04  9.1451E-03  1.0000E+00
 9.0429E+03  6.5275E-04  4.2821E-03  6.8584E-04  9.0780E-03  1.0000E+00
 9.1121E+03  6.5315E-04  4.2519E-03  6.8602E-04  9.0114E-03  1.0000E+00
 9.1819E+03  6.5355E-04  4.2219E-03  6.8621E-04  8.9453E-03  1.0000E+00
 9.2522E+03  6.5395E-04  4.1921E-03  6.8639E-04  8.8797E-03  1.0000E+00
 9.3231E+03  6.5435E-04  4.1624E-03  6.8658E-04  8.8147E-03  1.0000E+00
 9.3945E+03  6.5474E-04  4.1330E-03  6.8677E-04  8.7501E-03  1.0000E+00
 9.4664E+03  6.5514E-04  4.1038E-03  6.8696E-04  8.6860E-03  1.0000E+00
 9.5389E+03  6.5553E-04  4.0748E-03  6.8715E-04  8.6223E-03  1.0000E+00
 9.6120E+03  6.5592E-04  4.0459E-03  6.8734E-04  8.5592E-03  1.0000E+00
 9.6856E+03  6.5631E-04  4.0173E-03  6.8754E-04  8.4966E-03  1.0000E+00
 9.7598E+03  6.5670E-04  3.9888E-03  6.8773E-04  8.4344E-03  1.0000E+00
 9.8345E+03  6.5709E-04  3.9605E-03  6.8793E-04  8.3727E-03  1.0000E+00
 9.9098E+03  6.5747E-04  3.9324E-03  6.8813E-04  8.3115E-03  1.0000E+00
 9.9857E+03  6.5785E-04  3.9045E-03  6.8833E-04  8.2507E-03  1.0000E+00
 1.0062E+04  6.5823E-04  3.8768E-03  6.8853E-04  8.1904E-03  1.0000E+00
 1.0139E+04  6.5862E-04  3.8493E-03  6.8874E-04  8.1306E-03  1.0000E+00
 1.0217E+04  6.5899E-04  3.8220E-03  6.8894E-04  8.0712E-03  1.0000E+00
 1.0295E+04  6.5937E-04  3.7948E-03  6.8915E-04  8.0122E-03  1.0000E+00
 1.0374E+04  6.5975E-04  3.7678E-03  6.8936E-04  7.9537E-03  1.0000E+00
 1.0453E+04  6.6012E-04  3.7410E-03  6.8957E-04  7.8957E-03  1.0000E+00
 1.0533E+04  6.6050E-04  3.7144E-03  6.8978E-04  7.8381E-03  1.0000E+00
 1.0614E+04  6.6087E-04  3.6880E-03  6.8999E-04  7.7809E-03  1.0000E+00
 1.0695E+04  6.6124E-04  3.6617E-03  6.9021E-04  7.7242E-03  1.0000E+00
 1.0777E+04  6.6162E-04  3.6356E-03  6.9042E-04  7.6679E-03  1.0000E+00
 1.0860E+04  6.6199E-04  3.6097E-03  6.9064E-04  7.6120E-03  1.0000E+00
 1.0943E+04  6.6235E-04  3.5840E-03  6.9086E-04  7.5566E-03  1.0000E+00
 1.1027E+04  6.6272E-04  3.5585E-03  6.9109E-04  7.5016E-03  1.0000E+00
 1.1111E+04  6.6309E-04  3.5331E-03  6.9131E-04  7.4470E-03  1.0000E+00
 1.1196E+04  6.6346E-04  3.5079E-03  6.9153E-04  7.3928E-03  1.0000E+00
 1.1282E+04  6.6382E-04  3.4829E-03  6.9176E-04  7.3390E-03  1.0000E+00
 1.1369E+04  6.6419E-04  3.4580E-03  6.9199E-04  7.2856E-03  1.0000E+00
 1.1456E+04  6.6455E-04  3.4333E-03  6.9222E-04  7.2327E-03  1.0000E+00
 1.1543E+04  6.6492E-04  3.4088E-03  6.9245E-04  7.1801E-03  1.0000E+00
 1.1632E+04  6.6528E-04  3.3844E-03  6.9269E-04  7.1279E-03  1.0000E+00
 1.1721E+04  6.6564E-04  3.3603E-03  6.9292E-04  7.0762E-03  1.0000E+00
 1.1811E+04  6.6601E-04  3.3362E-03  6.9316E-04  7.0248E-03  1.0000E+00
 1.1901E+04  6.6637E-04  3.3124E-03  6.9340E-04  6.9738E-03  1.0000E+00
 1.1992E+04  6.6673E-04  3.2887E-03  6.9364E-04  6.9233E-03  1.0000E+00
 1.2084E+04  6.6709E-04  3.2652E-03  6.9389E-04  6.8730E-03  1.0000E+00
 1.2177E+04  6.6745E-04  3.2418E-03  6.9413E-04  6.8232E-03  1.0000E+00
 1.2270E+04  6.6781E-04  3.2187E-03  6.9438E-04  6.7738E-03  1.0000E+00
 1.2364E+04  6.6817E-04  3.1956E-03  6.9463E-04  6.7247E-03  1.0000E+00
 1.2458E+04  6.6853E-04  3.1728E-03  6.9488E-04  6.6760E-03  1.0000E+00
 1.2554E+04  6.6889E-04  3.1500E-03  6.9513E-04  6.6277E-03  1.0000E+00
 1.2650E+04  6.6925E-04  3.1275E-03  6.9539E-04  6.5797E-03  1.0000E+00
 1.2747E+04  6.6961E-04  3.1051E-03  6.9565E-04  6.5322E-03  1.0000E+00
 1.2845E+04  6.6997E-04  3.0829E-03  6.9591E-04  6.4849E-03  1.0000E+00
 1.2943E+04  6.7033E-04  3.0608E-03  6.9617E-04  6.4381E-03  1.0000E+00
 1.3042E+04  6.7069E-04  3.0389E-03  6.9643E-04  6.3915E-03  1.0000E+00
 1.3142E+04  6.7105E-04  3.0171E-03  6.9670E-04  6.3454E-03  1.0000E+00
 1.3243E+04  6.7141E-04  2.9955E-03  6.9696E-04  6.2996E-03  1.0000E+00
 1.3344E+04  6.7177E-04  2.9740E-03  6.9723E-04  6.2541E-03  1.0000E+00
 1.3446E+04  6.7213E-04  2.9527E-03  6.9751E-04  6.2090E-03  1.0000E+00
 1.3549E+04  6.7249E-04  2.9315E-03  6.9778E-04  6.1642E-03  1.0000E+00
 1.3653E+04  6.7285E-04  2.9105E-03  6.9806E-04  6.1198E-03  1.0000E+00
 1.3757E+04  6.7321E-04  2.8897E-03  6.9833E-04  6.0757E-03  1.0000E+00
 1.3863E+04  6.7357E-04  2.8690E-03  6.9861E-04  6.0320E-03  1.0000E+00
 1.3969E+04  6.7393E-04  2.8484E-03  6.9890E-04  5.9885E-03  1.0000E+00
 1.4076E+04  6.7430E-04  2.8280E-03  6.9918E-04  5.9454E-03  1.0000E+00
 1.4184E+04  6.7466E-04  2.8077E-03  6.9947E-04  5.9027E-03  1.0000E+00
 1.4292E+04  6.7503E-04  2.7876E-03  6.9976E-04  5.8602E-03  1.0000E+00
 1.4402E+04  6.7539E-04  2.7676E-03  7.0005E-04  5.8181E-03  1.0000E+00
 1.4512E+04  6.7576E-04  2.7478E-03  7.0034E-04  5.7763E-03  1.0000E+00
 1.4623E+04  6.7612E-04  2.7281E-03  7.0064E-04  5.7349E-03  1.0000E+00
 1.4735E+04  6.7649E-04  2.7085E-03  7.0094E-04  5.6937E-03  1.0000E+00
 1.4848E+04  6.7686E-04  2.6891E-03  7.0124E-04  5.6529E-03  1.0000E+00
 1.4962E+04  6.7723E-04  2.6698E-03  7.0154E-04  5.6123E-03  1.0000E+00
 1.5076E+04  6.7760E-04  2.6507E-03  7.0185E-04  5.5721E-03  1.0000E+00
 1.5192E+04  6.7797E-04  2.6317E-03  7.0216E-04  5.5322E-03  1.0000E+00
 1.5308E+04  6.7834E-04  2.6128E-03  7.0247E-04  5.4926E-03  1.0000E+00
 1.5425E+04  6.7872E-04  2.5941E-03  7.0278E-04  5.4532E-03  1.0000E+00
 1.5544E+04  6.7909E-04  2.5755E-03  7.0310E-04  5.4142E-03  1.0000E+00
 1.5663E+04  6.7947E-04  2.5571E-03  7.0341E-04  5.3755E-03  1.0000E+00
 1.5783E+04  6.7985E-04  2.5388E-03  7.0373E-04  5.3371E-03  1.0000E+00
 1.5903E+04  6.8023E-04  2.5206E-03  7.0406E-04  5.2989E-03  1.0000E+00
 1.6025E+04  6.8061E-04  2.5025E-03  7.0438E-04  5.2611E-03  1.0000E+00
 1.6148E+04  6.8099E-04  2.4846E-03  7.0471E-04  5.2235E-03  1.0000E+00
 1.6272E+04  6.8137E-04  2.4668E-03  7.0504E-04  5.1863E-03  1.0000E+00
 1.6396E+04  6.8175E-04  2.4491E-03  7.0537E-04  5.1493E-03  1.0000E+00
 1.6522E+04  6.8214E-04  2.4316E-03  7.0571E-04  5.1126E-03  1.0000E+00
 1.6648E+04  6.8253E-04  2.4142E-03  7.0605E-04  5.0762E-03  1.0000E+00
 1.6776E+04  6.8292E-04  2.3969E-03  7.0639E-04  5.0400E-03  1.0000E+00
 1.6904E+04  6.8331E-04  2.3798E-03  7.0673E-04  5.0042E-03  1.0000E+00
 1.7034E+04  6.8370E-04  2.3628E-03  7.0708E-04  4.9686E-03  1.0000E+00
 1.7164E+04  6.8410E-04  2.3459E-03  7.0743E-04  4.9332E-03  1.0000E+00
 1.7296E+04  6.8449E-04  2.3291E-03  7.0778E-04  4.8982E-03  1.0000E+00
 1.7428E+04  6.8489E-04  2.3124E-03  7.0814E-04  4.8634E-03  1.0000E+00
 1.7562E+04  6.8529E-04  2.2959E-03  7.0850E-04  4.8289E-03  1.0000E+00
 1.7696E+04  6.8569E-04  2.2795E-03  7.0886E-04  4.7946E-03  1.0000E+00
 1.7832E+04  6.8610E-04  2.2632E-03  7.0922E-04  4.7606E-03  1.0000E+00
 1.7968E+04  6.8650E-04  2.2470E-03  7.0959E-04  4.7269E-03  1.0000E+00
 1.8106E+04  6.8691E-04  2.2310E-03  7.0996E-04  4.6934E-03  1.0000E+00
 1.8244E+04  6.8732E-04  2.2151E-03  7.1033E-04  4.6602E-03  1.0000E+00
 1.8384E+04  6.8773E-04  2.1993E-03  7.1070E-04  4.6272E-03  1.0000E+00
 1.8525E+04  6.8815E-04  2.1836E-03  7.1108E-04  4.5945E-03  1.0000E+00
 1.8667E+04  6.8856E-04  2.1680E-03  7.1146E-04  4.5620E-03  1.0000E+00
 1.8810E+04  6.8898E-04  2.1525E-03  7.1185E-04  4.5298E-03  1.0000E+00
 1.8954E+04  6.8941E-04  2.1372E-03  7.1223E-04  4.4978E-03  1.0000E+00
 1.9099E+04  6.8983E-04  2.1219E-03  7.1262E-04  4.4660E-03  1.0000E+00
 1.9245E+04  6.9026E-04  2.1068E-03  7.1302E-04  4.4345E-03  1.0000E+00
 1.9393E+04  6.9069E-04  2.0918E-03  7.1341E-04  4.4033E-03  1.0000E+00
 1.9541E+04  6.9112E-04  2.0769E-03  7.1381E-04  4.3723E-03  1.0000E+00
 1.9691E+04  6.9156E-04  2.0621E-03  7.1422E-04  4.3415E-03  1.0000E+00
 1.9842E+04  6.9199E-04  2.0475E-03  7.1462E-04  4.3109E-03  1.0000E+00
 1.9994E+04  6.9243E-04  2.0329E-03  7.1503E-04  4.2806E-03  1.0000E+00
 2.0147E+04  6.9288E-04  2.0184E-03  7.1544E-04  4.2505E-03  1.0000E+00
 2.0301E+04  6.9332E-04  2.0041E-03  7.1586E-04  4.2207E-03  1.0000E+00
 2.0456E+04  6.9377E-04  1.9899E-03  7.1628E-04  4.1911E-03  1.0000E+00
 2.0613E+04  6.9423E-04  1.9757E-03  7.1670E-04  4.1617E-03  1.0000E+00
 2.0771E+04  6.9468E-04  1.9617E-03  7.1713E-04  4.1325E-03  1.0000E+00
 2.0930E+04  6.9514E-04  1.9478E-03  7.1755E-04  4.1035E-03  1.0000E+00
 2.1090E+04  6.9560E-04  1.9340E-03  7.1799E-04  4.0748E-03  1.0000E+00
 2.1252E+04  6.9607E-04  1.9203E-03  7.1842E-04  4.0463E-03  1.0000E+00
 2.1415E+04  6.9654E-04  1.9066E-03  7.1886E-04  4.0180E-03  1.0000E+00
 2.1579E+04  6.9701E-04  1.8931E-03  7.1931E-04  3.9899E-03  1.0000E+00
 2.1744E+04  6.9748E-04  1.8797E-03  7.1975E-04  3.9620E-03  1.0000E+00
 2.1910E+04  6.9796E-04  1.8664E-03  7.2020E-04  3.9344E-03  1.0000E+00
 2.2078E+04  6.9844E-04  1.8532E-03  7.2066E-04  3.9069E-03  1.0000E+00
 2.2247E+04  6.9893E-04  1.8401E-03  7.2111E-04  3.8797E-03  1.0000E+00
 2.2418E+04  6.9942E-04  1.8271E-03  7.2157E-04  3.8527E-03  1.0000E+00
 2.2589E+04  6.9991E-04  1.8142E-03  7.2204E-04  3.8259E-03  1.0000E+00
 2.2762E+04  7.0041E-04  1.8014E-03  7.2251E-04  3.7992E-03  1.0000E+00
 2.2937E+04  7.0091E-04  1.7887E-03  7.2298E-04  3.7728E-03  1.0000E+00
 2.3112E+04  7.0141E-04  1.7761E-03  7.2345E-04  3.7466E-03  1.0000E+00
 2.3289E+04  7.0192E-04  1.7635E-03  7.2393E-04  3.7206E-03  1.0000E+00
 2.3468E+04  7.0243E-04  1.7511E-03  7.2442E-04  3.6948E-03  1.0000E+00
 2.3647E+04  7.0295E-04  1.7388E-03  7.2490E-04  3.6692E-03  1.0000E+00
 2.3829E+04  7.0346E-04  1.7265E-03  7.2540E-04  3.6438E-03  1.0000E+00
 2.4011E+04  7.0399E-04  1.7144E-03  7.2589E-04  3.6185E-03  1.0000E+00
 2.4195E+04  7.0451E-04  1.7023E-03  7.2639E-04  3.5935E-03  1.0000E+00
 2.4380E+04  7.0505E-04  1.6904E-03  7.2689E-04  3.5687E-03  1.0000E+00
 2.4567E+04  7.0558E-04  1.6785E-03  7.2740E-04  3.5440E-03  1.0000E+00
 2.4755E+04  7.0612E-04  1.6667E-03  7.2791E-04  3.5196E-03  1.0000E+00
 2.4945E+04  7.0666E-04  1.6550E-03  7.2843E-04  3.4953E-03  1.0000E+00
 2.5136E+04  7.0725E-04  1.6435E-03  7.2895E-04  3.4712E-03  1.0000E+00
 2.5328E+04  7.0793E-04  1.6323E-03  7.2947E-04  3.4473E-03  1.0000E+00
 2.5522E+04  7.0861E-04  1.6211E-03  7.3000E-04  3.4236E-03  1.0000E+00
 2.5718E+04  7.0929E-04  1.6101E-03  7.3053E-04  3.4000E-03  1.0000E+00
 2.5915E+04  7.0998E-04  1.5991E-03  7.3107E-04  3.3766E-03  1.0000E+00
 2.6113E+04  7.1067E-04  1.5882E-03  7.3161E-04  3.3535E-03  1.0000E+00
 2.6313E+04  7.1136E-04  1.5773E-03  7.3215E-04  3.3305E-03  1.0000E+00
 2.6515E+04  7.1206E-04  1.5666E-03  7.3270E-04  3.3076E-03  1.0000E+00
 2.6718E+04  7.1275E-04  1.5559E-03  7.3325E-04  3.2850E-03  1.0000E+00
 2.6922E+04  7.1346E-04  1.5453E-03  7.3381E-04  3.2625E-03  1.0000E+00
 2.7128E+04  7.1416E-04  1.5347E-03  7.3437E-04  3.2402E-03  1.0000E+00
 2.7336E+04  7.1487E-04  1.5243E-03  7.3494E-04  3.2180E-03  1.0000E+00
 2.7545E+04  7.1558E-04  1.5139E-03  7.3551E-04  3.1960E-03  1.0000E+00
 2.7756E+04  7.1630E-04  1.5036E-03  7.3609E-04  3.1742E-03  1.0000E+00
 2.7969E+04  7.1701E-04  1.4934E-03  7.3667E-04  3.1526E-03  1.0000E+00
 2.8183E+04  7.1774E-04  1.4832E-03  7.3726E-04  3.1311E-03  1.0000E+00
 2.8399E+04  7.1846E-04  1.4731E-03  7.3785E-04  3.1098E-03  1.0000E+00
 2.8617E+04  7.1919E-04  1.4631E-03  7.3844E-04  3.0887E-03  1.0000E+00
 2.8836E+04  7.1993E-04  1.4532E-03  7.3904E-04  3.0677E-03  1.0000E+00
 2.9056E+04  7.2066E-04  1.4433E-03  7.3965E-04  3.0469E-03  1.0000E+00
 2.9279E+04  7.2141E-04  1.4335E-03  7.4026E-04  3.0262E-03  1.0000E+00
 2.9503E+04  7.2215E-04  1.4238E-03  7.4087E-04  3.0057E-03  1.0000E+00
 2.9729E+04  7.2290E-04  1.4141E-03  7.4149E-04  2.9853E-03  1.0000E+00
 2.9957E+04  7.2365E-04  1.4045E-03  7.4211E-04  2.9652E-03  1.0000E+00
 3.0186E+04  7.2441E-04  1.3950E-03  7.4274E-04  2.9451E-03  1.0000E+00
 3.0417E+04  7.2517E-04  1.3856E-03  7.4338E-04  2.9252E-03  1.0000E+00
 3.0650E+04  7.2594E-04  1.3762E-03  7.4402E-04  2.9055E-03  1.0000E+00
 3.0885E+04  7.2670E-04  1.3669E-03  7.4466E-04  2.8859E-03  1.0000E+00
 3.1122E+04  7.2748E-04  1.3576E-03  7.4531E-04  2.8665E-03  1.0000E+00
 3.1360E+04  7.2826E-04  1.3484E-03  7.4597E-04  2.8472E-03  1.0000E+00
 3.1600E+04  7.2904E-04  1.3393E-03  7.4663E-04  2.8281E-03  1.0000E+00
 3.1842E+04  7.2983E-04  1.3303E-03  7.4730E-04  2.8091E-03  1.0000E+00
 3.2086E+04  7.3062E-04  1.3213E-03  7.4797E-04  2.7902E-03  1.0000E+00
 3.2332E+04  7.3141E-04  1.3123E-03  7.4865E-04  2.7715E-03  1.0000E+00
 3.2579E+04  7.3221E-04  1.3035E-03  7.4933E-04  2.7530E-03  1.0000E+00
 3.2829E+04  7.3302E-04  1.2947E-03  7.5002E-04  2.7346E-03  1.0000E+00
 3.3080E+04  7.3383E-04  1.2860E-03  7.5071E-04  2.7163E-03  1.0000E+00
 3.3334E+04  7.3464E-04  1.2773E-03  7.5141E-04  2.6982E-03  1.0000E+00
 3.3589E+04  7.3546E-04  1.2687E-03  7.5211E-04  2.6802E-03  1.0000E+00
 3.3846E+04  7.3628E-04  1.2602E-03  7.5282E-04  2.6623E-03  1.0000E+00
 3.4105E+04  7.3711E-04  1.2517E-03  7.5354E-04  2.6446E-03  1.0000E+00
 3.4367E+04  7.3795E-04  1.2433E-03  7.5426E-04  2.6270E-03  1.0000E+00
 3.4630E+04  7.3878E-04  1.2349E-03  7.5499E-04  2.6095E-03  1.0000E+00
 3.4895E+04  7.3963E-04  1.2266E-03  7.5573E-04  2.5922E-03  1.0000E+00
 3.5162E+04  7.4048E-04  1.2184E-03  7.5647E-04  2.5751E-03  1.0000E+00
 3.5431E+04  7.4133E-04  1.2102E-03  7.5721E-04  2.5580E-03  1.0000E+00
 3.5703E+04  7.4219E-04  1.2021E-03  7.5796E-04  2.5411E-03  1.0000E+00
 3.5976E+04  7.4305E-04  1.1940E-03  7.5872E-04  2.5243E-03  1.0000E+00
 3.6252E+04  7.4392E-04  1.1861E-03  7.5949E-04  2.5076E-03  1.0000E+00
 3.6529E+04  7.4480E-04  1.1781E-03  7.6026E-04  2.4911E-03  1.0000E+00
 3.6809E+04  7.4568E-04  1.1702E-03  7.6103E-04  2.4747E-03  1.0000E+00
 3.7091E+04  7.4657E-04  1.1624E-03  7.6182E-04  2.4584E-03  1.0000E+00
 3.7375E+04  7.4746E-04  1.1546E-03  7.6261E-04  2.4423E-03  1.0000E+00
 3.7661E+04  7.4835E-04  1.1469E-03  7.6340E-04  2.4262E-03  1.0000E+00
 3.7950E+04  7.4926E-04  1.1393E-03  7.6421E-04  2.4103E-03  1.0000E+00
 3.8240E+04  7.5017E-04  1.1317E-03  7.6502E-04  2.3945E-03  1.0000E+00
 3.8533E+04  7.5108E-04  1.1241E-03  7.6583E-04  2.3789E-03  1.0000E+00
 3.8828E+04  7.5200E-04  1.1167E-03  7.6666E-04  2.3633E-03  1.0000E+00
 3.9126E+04  7.5293E-04  1.1092E-03  7.6748E-04  2.3479E-03  1.0000E+00
 3.9425E+04  7.5386E-04  1.1018E-03  7.6832E-04  2.3326E-03  1.0000E+00
 3.9727E+04  7.5480E-04  1.0945E-03  7.6916E-04  2.3174E-03  1.0000E+00
 4.0032E+04  7.5575E-04  1.0873E-03  7.7001E-04  2.3023E-03  1.0000E+00
 4.0338E+04  7.5670E-04  1.0800E-03  7.7087E-04  2.2874E-03  1.0000E+00
 4.0647E+04  7.5765E-04  1.0729E-03  7.7174E-04  2.2725E-03  1.0000E+00
 4.0958E+04  7.5862E-04  1.0658E-03  7.7261E-04  2.2578E-03  1.0000E+00
 4.1272E+04  7.5959E-04  1.0587E-03  7.7349E-04  2.2432E-03  1.0000E+00
 4.1588E+04  7.6057E-04  1.0517E-03  7.7437E-04  2.2287E-03  1.0000E+00
 4.1907E+04  7.6155E-04  1.0447E-03  7.7526E-04  2.2143E-03  1.0000E+00
 4.2228E+04  7.6254E-04  1.0378E-03  7.7616E-04  2.2000E-03  1.0000E+00
 4.2551E+04  7.6354E-04  1.0310E-03  7.7707E-04  2.1859E-03  1.0000E+00
 4.2877E+04  7.6454E-04  1.0242E-03  7.7799E-04  2.1718E-03  1.0000E+00
 4.3205E+04  7.6555E-04  1.0174E-03  7.7891E-04  2.1579E-03  1.0000E+00
 4.3536E+04  7.6657E-04  1.0107E-03  7.7984E-04  2.1440E-03  1.0000E+00
 4.3869E+04  7.6759E-04  1.0041E-03  7.8078E-04  2.1303E-03  1.0000E+00
 4.4205E+04  7.6862E-04  9.9745E-04  7.8172E-04  2.1167E-03  1.0000E+00
 4.4544E+04  7.6966E-04  9.9089E-04  7.8268E-04  2.1031E-03  1.0000E+00
 4.4885E+04  7.7071E-04  9.8438E-04  7.8364E-04  2.0897E-03  1.0000E+00
 4.5229E+04  7.7176E-04  9.7792E-04  7.8461E-04  2.0764E-03  1.0000E+00
 4.5575E+04  7.7282E-04  9.7151E-04  7.8559E-04  2.0632E-03  1.0000E+00
 4.5924E+04  7.7389E-04  9.6514E-04  7.8657E-04  2.0501E-03  1.0000E+00
 4.6276E+04  7.7496E-04  9.5882E-04  7.8757E-04  2.0371E-03  1.0000E+00
 4.6630E+04  7.7605E-04  9.5255E-04  7.8857E-04  2.0242E-03  1.0000E+00
 4.6987E+04  7.7714E-04  9.4632E-04  7.8958E-04  2.0113E-03  1.0000E+00
 4.7347E+04  7.7824E-04  9.4014E-04  7.9060E-04  1.9986E-03  1.0000E+00
 4.7710E+04  7.7934E-04  9.3400E-04  7.9162E-04  1.9860E-03  1.0000E+00
 4.8075E+04  7.8046E-04  9.2791E-04  7.9266E-04  1.9735E-03  1.0000E+00
 4.8443E+04  7.8158E-04  9.2187E-04  7.9370E-04  1.9611E-03  1.0000E+00
 4.8814E+04  7.8271E-04  9.1587E-04  7.9476E-04  1.9488E-03  1.0000E+00
 4.9188E+04  7.8385E-04  9.0991E-04  7.9582E-04  1.9365E-03  1.0000E+00
 4.9565E+04  7.8499E-04  9.0400E-04  7.9689E-04  1.9244E-03  1.0000E+00
 4.9945E+04  7.8615E-04  8.9813E-04  7.9797E-04  1.9124E-03  1.0000E+00
 5.0327E+04  7.8731E-04  8.9230E-04  7.9906E-04  1.9004E-03  1.0000E+00
 5.0713E+04  7.8848E-04  8.8652E-04  8.0015E-04  1.8886E-03  1.0000E+00
 5.1101E+04  7.8967E-04  8.8078E-04  8.0126E-04  1.8768E-03  1.0000E+00
 5.1492E+04  7.9085E-04  8.7508E-04  8.0238E-04  1.8651E-03  1.0000E+00
 5.1887E+04  7.9205E-04  8.6943E-04  8.0350E-04  1.8536E-03  1.0000E+00
 5.2284E+04  7.9326E-04  8.6382E-04  8.0464E-04  1.8421E-03  1.0000E+00
 5.2684E+04  7.9447E-04  8.5825E-04  8.0578E-04  1.8307E-03  1.0000E+00
 5.3088E+04  7.9570E-04  8.5272E-04  8.0694E-04  1.8194E-03  1.0000E+00
 5.3494E+04  7.9693E-04  8.4723E-04  8.0810E-04  1.8081E-03  1.0000E+00
 5.3904E+04  7.9818E-04  8.4178E-04  8.0927E-04  1.7970E-03  1.0000E+00
 5.4317E+04  7.9943E-04  8.3637E-04  8.1046E-04  1.7859E-03  1.0000E+00
 5.4733E+04  8.0069E-04  8.3100E-04  8.1165E-04  1.7750E-03  1.0000E+00
 5.5152E+04  8.0196E-04  8.2567E-04  8.1285E-04  1.7641E-03  1.0000E+00
 5.5574E+04  8.0324E-04  8.2039E-04  8.1407E-04  1.7533E-03  1.0000E+00
 5.6000E+04  8.0453E-04  8.1514E-04  8.1529E-04  1.7426E-03  1.0000E+00
 5.6429E+04  8.0583E-04  8.0993E-04  8.1652E-04  1.7320E-03  1.0000E+00
 5.6861E+04  8.0714E-04  8.0476E-04  8.1777E-04  1.7214E-03  1.0000E+00
 5.7297E+04  8.0846E-04  7.9962E-04  8.1902E-04  1.7110E-03  1.0000E+00
 5.7735E+04  8.0979E-04  7.9453E-04  8.2029E-04  1.7006E-03  1.0000E+00
 5.8177E+04  8.1113E-04  7.8947E-04  8.2156E-04  1.6903E-03  1.0000E+00
 5.8623E+04  8.1248E-04  7.8445E-04  8.2285E-04  1.6801E-03  1.0000E+00
 5.9072E+04  8.1385E-04  7.7947E-04  8.2415E-04  1.6699E-03  1.0000E+00
 5.9524E+04  8.1522E-04  7.7453E-04  8.2546E-04  1.6599E-03  1.0000E+00
 5.9980E+04  8.1660E-04  7.6962E-04  8.2678E-04  1.6499E-03  1.0000E+00
 6.0440E+04  8.1799E-04  7.6475E-04  8.2811E-04  1.6400E-03  1.0000E+00
 6.0902E+04  8.1939E-04  7.5991E-04  8.2945E-04  1.6302E-03  1.0000E+00
 6.1369E+04  8.2081E-04  7.5511E-04  8.3080E-04  1.6204E-03  1.0000E+00
 6.1839E+04  8.2223E-04  7.5035E-04  8.3217E-04  1.6107E-03  1.0000E+00
 6.2312E+04  8.2367E-04  7.4562E-04  8.3354E-04  1.6011E-03  1.0000E+00
 6.2790E+04  8.2512E-04  7.4093E-04  8.3493E-04  1.5916E-03  1.0000E+00
 6.3270E+04  8.2658E-04  7.3627E-04  8.3633E-04  1.5822E-03  1.0000E+00
 6.3755E+04  8.2805E-04  7.3165E-04  8.3774E-04  1.5728E-03  1.0000E+00
 6.4243E+04  8.2953E-04  7.2706E-04  8.3917E-04  1.5635E-03  1.0000E+00
 6.4735E+04  8.3102E-04  7.2251E-04  8.4060E-04  1.5543E-03  1.0000E+00
 6.5231E+04  8.3253E-04  7.1799E-04  8.4205E-04  1.5451E-03  1.0000E+00
 6.5731E+04  8.3405E-04  7.1350E-04  8.4351E-04  1.5360E-03  1.0000E+00
 6.6234E+04  8.3557E-04  7.0905E-04  8.4499E-04  1.5270E-03  1.0000E+00
 6.6741E+04  8.3712E-04  7.0463E-04  8.4647E-04  1.5181E-03  1.0000E+00
 6.7252E+04  8.3867E-04  7.0024E-04  8.4797E-04  1.5092E-03  1.0000E+00
 6.7767E+04  8.4024E-04  6.9589E-04  8.4948E-04  1.5004E-03  1.0000E+00
 6.8286E+04  8.4181E-04  6.9157E-04  8.5101E-04  1.4917E-03  1.0000E+00
 6.8809E+04  8.4341E-04  6.8728E-04  8.5254E-04  1.4830E-03  1.0000E+00
 6.9336E+04  8.4501E-04  6.8302E-04  8.5409E-04  1.4744E-03  1.0000E+00
 6.9867E+04  8.4663E-04  6.7880E-04  8.5566E-04  1.4659E-03  1.0000E+00
 7.0402E+04  8.4826E-04  6.7461E-04  8.5723E-04  1.4574E-03  1.0000E+00
 7.0942E+04  8.4990E-04  6.7045E-04  8.5883E-04  1.4490E-03  1.0000E+00
 7.1485E+04  8.5156E-04  6.6631E-04  8.6043E-04  1.4407E-03  1.0000E+00
 7.2032E+04  8.5322E-04  6.6222E-04  8.6205E-04  1.4324E-03  1.0000E+00
 7.2584E+04  8.5491E-04  6.5815E-04  8.6368E-04  1.4242E-03  1.0000E+00
 7.3140E+04  8.5660E-04  6.5411E-04  8.6533E-04  1.4161E-03  1.0000E+00
 7.3700E+04  8.5831E-04  6.5010E-04  8.6699E-04  1.4080E-03  1.0000E+00
 7.4264E+04  8.6004E-04  6.4612E-04  8.6866E-04  1.4000E-03  1.0000E+00
 7.4833E+04  8.6178E-04  6.4218E-04  8.7035E-04  1.3921E-03  1.0000E+00
 7.5406E+04  8.6353E-04  6.3826E-04  8.7205E-04  1.3842E-03  1.0000E+00
 7.5984E+04  8.6530E-04  6.3437E-04  8.7377E-04  1.3764E-03  1.0000E+00
 7.6566E+04  8.6708E-04  6.3051E-04  8.7551E-04  1.3687E-03  1.0000E+00
 7.7152E+04  8.6888E-04  6.2668E-04  8.7725E-04  1.3610E-03  1.0000E+00
 7.7743E+04  8.7069E-04  6.2288E-04  8.7902E-04  1.3533E-03  1.0000E+00
 7.8338E+04  8.7251E-04  6.1911E-04  8.8080E-04  1.3458E-03  1.0000E+00
 7.8938E+04  8.7435E-04  6.1536E-04  8.8259E-04  1.3383E-03  1.0000E+00
 7.9543E+04  8.7621E-04  6.1164E-04  8.8440E-04  1.3308E-03  1.0000E+00
 8.0152E+04  8.7808E-04  6.0796E-04  8.8623E-04  1.3234E-03  1.0000E+00
 8.0766E+04  8.7997E-04  6.0430E-04  8.8807E-04  1.3161E-03  1.0000E+00
 8.1384E+04  8.8187E-04  6.0066E-04  8.8992E-04  1.3088E-03  1.0000E+00
 8.2008E+04  8.8379E-04  5.9706E-04  8.9180E-04  1.3016E-03  1.0000E+00
 8.2636E+04  8.8572E-04  5.9348E-04  8.9369E-04  1.2945E-03  1.0000E+00
 8.3268E+04  8.8767E-04  5.8993E-04  8.9559E-04  1.2874E-03  1.0000E+00
 8.3906E+04  8.8964E-04  5.8640E-04  8.9752E-04  1.2803E-03  1.0000E+00
 8.4549E+04  8.9162E-04  5.8290E-04  8.9946E-04  1.2733E-03  1.0000E+00
 8.5196E+04  8.9362E-04  5.7943E-04  9.0141E-04  1.2664E-03  1.0000E+00
 8.5849E+04  8.9564E-04  5.7599E-04  9.0339E-04  1.2595E-03  1.0000E+00
 8.6506E+04  8.9767E-04  5.7257E-04  9.0538E-04  1.2527E-03  1.0000E+00
 8.7169E+04  8.9972E-04  5.6917E-04  9.0739E-04  1.2460E-03  1.0000E+00
 8.7836E+04  9.0179E-04  5.6581E-04  9.0942E-04  1.2393E-03  1.0000E+00
 8.8509E+04  9.0388E-04  5.6246E-04  9.1146E-04  1.2326E-03  1.0000E+00
 8.9187E+04  9.0598E-04  5.5915E-04  9.1352E-04  1.2260E-03  1.0000E+00
 8.9870E+04  9.0810E-04  5.5585E-04  9.1560E-04  1.2195E-03  1.0000E+00
 9.0558E+04  9.1024E-04  5.5259E-04  9.1770E-04  1.2130E-03  1.0000E+00
 9.1252E+04  9.1240E-04  5.4934E-04  9.1982E-04  1.2065E-03  1.0000E+00
 9.1950E+04  9.1457E-04  5.4613E-04  9.2195E-04  1.2001E-03  1.0000E+00
 9.2655E+04  9.1677E-04  5.4293E-04  9.2411E-04  1.1938E-03  1.0000E+00
 9.3364E+04  9.1898E-04  5.3976E-04  9.2628E-04  1.1875E-03  1.0000E+00
 9.4079E+04  9.2121E-04  5.3662E-04  9.2848E-04  1.1813E-03  1.0000E+00
 9.4800E+04  9.2346E-04  5.3350E-04  9.3069E-04  1.1751E-03  1.0000E+00
 9.5526E+04  9.2573E-04  5.3040E-04  9.3292E-04  1.1690E-03  1.0000E+00
 9.6257E+04  9.2802E-04  5.2732E-04  9.3517E-04  1.1629E-03  1.0000E+00
 9.6994E+04  9.3033E-04  5.2427E-04  9.3744E-04  1.1568E-03  1.0000E+00
 9.7737E+04  9.3266E-04  5.2124E-04  9.3974E-04  1.1508E-03  1.0000E+00
 9.8486E+04  9.3501E-04  5.1824E-04  9.4205E-04  1.1449E-03  1.0000E+00
 9.9240E+04  9.3738E-04  5.1526E-04  9.4438E-04  1.1390E-03  1.0000E+00
 1.0000E+05  9.3977E-04  5.1230E-04  9.4674E-04  1.1332E-03  1.0000E+00


