#     0	 1	   19	 5	 2.5902E+03	 1000	1
 4.8978E+01  0.0000E+00  0.0000E+00  0.0000E+00  0.0000E+00  0.0000E+00
 4.9353E+01  0.0000E+00  0.0000E+00  0.0000E+00  0.0000E+00  0.0000E+00
 4.9731E+01  0.0000E+00  0.0000E+00  0.0000E+00  0.0000E+00  0.0000E+00
 5.0112E+01  0.0000E+00  0.0000E+00  0.0000E+00  0.0000E+00  0.0000E+00
 5.0496E+01  0.0000E+00  0.0000E+00  0.0000E+00  0.0000E+00  0.0000E+00
 5.0882E+01  0.0000E+00  0.0000E+00  0.0000E+00  0.0000E+00  0.0000E+00
 5.1272E+01  0.0000E+00  0.0000E+00  0.0000E+00  0.0000E+00  0.0000E+00
 5.1665E+01  0.0000E+00  0.0000E+00  0.0000E+00  0.0000E+00  0.0000E+00
 5.2060E+01  0.0000E+00  0.0000E+00  0.0000E+00  0.0000E+00  0.0000E+00
 5.2459E+01  0.0000E+00  0.0000E+00  0.0000E+00  0.0000E+00  0.0000E+00
 5.2861E+01  0.0000E+00  0.0000E+00  0.0000E+00  0.0000E+00  0.0000E+00
 5.3266E+01  0.0000E+00  0.0000E+00  0.0000E+00  0.0000E+00  0.0000E+00
 5.3673E+01  0.0000E+00  0.0000E+00  0.0000E+00  0.0000E+00  0.0000E+00
 5.4085E+01  0.0000E+00  0.0000E+00  0.0000E+00  0.0000E+00  0.0000E+00
 5.4499E+01  0.0000E+00  0.0000E+00  0.0000E+00  0.0000E+00  0.0000E+00
 5.4916E+01  0.0000E+00  0.0000E+00  0.0000E+00  0.0000E+00  0.0000E+00
 5.5337E+01  0.0000E+00  0.0000E+00  0.0000E+00  0.0000E+00  0.0000E+00
 5.5760E+01  0.0000E+00  0.0000E+00  0.0000E+00  0.0000E+00  0.0000E+00
 5.6187E+01  0.0000E+00  0.0000E+00  0.0000E+00  0.0000E+00  0.0000E+00
 5.6618E+01  0.0000E+00  0.0000E+00  0.0000E+00  0.0000E+00  0.0000E+00
 5.7051E+01  0.0000E+00  0.0000E+00  0.0000E+00  0.0000E+00  0.0000E+00
 5.7488E+01  0.0000E+00  0.0000E+00  0.0000E+00  0.0000E+00  0.0000E+00
 5.7929E+01  0.0000E+00  0.0000E+00  0.0000E+00  0.0000E+00  0.0000E+00
 5.8372E+01  0.0000E+00  0.0000E+00  0.0000E+00  0.0000E+00  0.0000E+00
 5.8819E+01  0.0000E+00  0.0000E+00  0.0000E+00  0.0000E+00  0.0000E+00
 5.9270E+01  0.0000E+00  0.0000E+00  0.0000E+00  0.0000E+00  0.0000E+00
 5.9724E+01  0.0000E+00  0.0000E+00  0.0000E+00  0.0000E+00  0.0000E+00
 6.0181E+01  0.0000E+00  0.0000E+00  0.0000E+00  0.0000E+00  0.0000E+00
 6.0642E+01  0.0000E+00  0.0000E+00  0.0000E+00  0.0000E+00  0.0000E+00
 6.1106E+01  0.0000E+00  0.0000E+00  0.0000E+00  0.0000E+00  0.0000E+00
 6.1574E+01  0.0000E+00  0.0000E+00  0.0000E+00  0.0000E+00  0.0000E+00
 6.2046E+01  0.0000E+00  0.0000E+00  0.0000E+00  0.0000E+00  0.0000E+00
 6.2521E+01  0.0000E+00  0.0000E+00  0.0000E+00  0.0000E+00  0.0000E+00
 6.3000E+01  0.0000E+00  0.0000E+00  0.0000E+00  0.0000E+00  0.0000E+00
 6.3482E+01  0.0000E+00  0.0000E+00  0.0000E+00  0.0000E+00  0.0000E+00
 6.3968E+01  0.0000E+00  0.0000E+00  0.0000E+00  0.0000E+00  0.0000E+00
 6.4458E+01  0.0000E+00  0.0000E+00  0.0000E+00  0.0000E+00  0.0000E+00
 6.4952E+01  0.0000E+00  0.0000E+00  0.0000E+00  0.0000E+00  0.0000E+00
 6.5449E+01  0.0000E+00  0.0000E+00  0.0000E+00  0.0000E+00  0.0000E+00
 6.5951E+01  0.0000E+00  0.0000E+00  0.0000E+00  0.0000E+00  0.0000E+00
 6.6456E+01  0.0000E+00  0.0000E+00  0.0000E+00  0.0000E+00  0.0000E+00
 6.6965E+01  0.0000E+00  0.0000E+00  0.0000E+00  0.0000E+00  0.0000E+00
 6.7478E+01  0.0000E+00  0.0000E+00  0.0000E+00  0.0000E+00  0.0000E+00
 6.7994E+01  0.0000E+00  0.0000E+00  0.0000E+00  0.0000E+00  0.0000E+00
 6.8515E+01  0.0000E+00  0.0000E+00  0.0000E+00  0.0000E+00  0.0000E+00
 6.9040E+01  0.0000E+00  0.0000E+00  0.0000E+00  0.0000E+00  0.0000E+00
 6.9568E+01  0.0000E+00  0.0000E+00  0.0000E+00  0.0000E+00  0.0000E+00
 7.0101E+01  0.0000E+00  0.0000E+00  0.0000E+00  0.0000E+00  0.0000E+00
 7.0638E+01  0.0000E+00  0.0000E+00  0.0000E+00  0.0000E+00  0.0000E+00
 7.1179E+01  0.0000E+00  0.0000E+00  0.0000E+00  0.0000E+00  0.0000E+00
 7.1724E+01  0.0000E+00  0.0000E+00  0.0000E+00  0.0000E+00  0.0000E+00
 7.2273E+01  0.0000E+00  0.0000E+00  0.0000E+00  0.0000E+00  0.0000E+00
 7.2827E+01  0.0000E+00  0.0000E+00  0.0000E+00  0.0000E+00  0.0000E+00
 7.3385E+01  0.0000E+00  0.0000E+00  0.0000E+00  0.0000E+00  0.0000E+00
 7.3947E+01  0.0000E+00  0.0000E+00  0.0000E+00  0.0000E+00  0.0000E+00
 7.4513E+01  0.0000E+00  0.0000E+00  0.0000E+00  0.0000E+00  0.0000E+00
 7.5084E+01  0.0000E+00  0.0000E+00  0.0000E+00  0.0000E+00  0.0000E+00
 7.5659E+01  0.0000E+00  0.0000E+00  0.0000E+00  0.0000E+00  0.0000E+00
 7.6238E+01  0.0000E+00  0.0000E+00  0.0000E+00  0.0000E+00  0.0000E+00
 7.6822E+01  0.0000E+00  0.0000E+00  0.0000E+00  0.0000E+00  0.0000E+00
 7.7410E+01  0.0000E+00  0.0000E+00  0.0000E+00  0.0000E+00  0.0000E+00
 7.8003E+01  0.0000E+00  0.0000E+00  0.0000E+00  0.0000E+00  0.0000E+00
 7.8601E+01  0.0000E+00  0.0000E+00  0.0000E+00  0.0000E+00  0.0000E+00
 7.9202E+01  0.0000E+00  0.0000E+00  0.0000E+00  0.0000E+00  0.0000E+00
 7.9809E+01  0.0000E+00  0.0000E+00  0.0000E+00  0.0000E+00  0.0000E+00
 8.0420E+01  0.0000E+00  0.0000E+00  0.0000E+00  0.0000E+00  0.0000E+00
 8.1036E+01  0.0000E+00  0.0000E+00  0.0000E+00  0.0000E+00  0.0000E+00
 8.1657E+01  0.0000E+00  0.0000E+00  0.0000E+00  0.0000E+00  0.0000E+00
 8.2282E+01  0.0000E+00  0.0000E+00  0.0000E+00  0.0000E+00  0.0000E+00
 8.2912E+01  0.0000E+00  0.0000E+00  0.0000E+00  0.0000E+00  0.0000E+00
 8.3547E+01  0.0000E+00  0.0000E+00  0.0000E+00  0.0000E+00  0.0000E+00
 8.4187E+01  0.0000E+00  0.0000E+00  0.0000E+00  0.0000E+00  0.0000E+00
 8.4832E+01  0.0000E+00  0.0000E+00  0.0000E+00  0.0000E+00  0.0000E+00
 8.5481E+01  0.0000E+00  0.0000E+00  0.0000E+00  0.0000E+00  0.0000E+00
 8.6136E+01  0.0000E+00  0.0000E+00  0.0000E+00  0.0000E+00  0.0000E+00
 8.6796E+01  0.0000E+00  0.0000E+00  0.0000E+00  0.0000E+00  0.0000E+00
 8.7460E+01  0.0000E+00  0.0000E+00  0.0000E+00  0.0000E+00  0.0000E+00
 8.8130E+01  0.0000E+00  0.0000E+00  0.0000E+00  0.0000E+00  0.0000E+00
 8.8805E+01  0.0000E+00  0.0000E+00  0.0000E+00  0.0000E+00  0.0000E+00
 8.9485E+01  0.0000E+00  0.0000E+00  0.0000E+00  0.0000E+00  0.0000E+00
 9.0171E+01  0.0000E+00  0.0000E+00  0.0000E+00  0.0000E+00  0.0000E+00
 9.0861E+01  0.0000E+00  0.0000E+00  0.0000E+00  0.0000E+00  0.0000E+00
 9.1557E+01  0.0000E+00  0.0000E+00  0.0000E+00  0.0000E+00  0.0000E+00
 9.2258E+01  0.0000E+00  0.0000E+00  0.0000E+00  0.0000E+00  0.0000E+00
 9.2965E+01  0.0000E+00  0.0000E+00  0.0000E+00  0.0000E+00  0.0000E+00
 9.3677E+01  0.0000E+00  0.0000E+00  0.0000E+00  0.0000E+00  0.0000E+00
 9.4394E+01  0.0000E+00  0.0000E+00  0.0000E+00  0.0000E+00  0.0000E+00
 9.5117E+01  0.0000E+00  0.0000E+00  0.0000E+00  0.0000E+00  0.0000E+00
 9.5845E+01  0.0000E+00  0.0000E+00  0.0000E+00  0.0000E+00  0.0000E+00
 9.6579E+01  0.0000E+00  0.0000E+00  0.0000E+00  0.0000E+00  0.0000E+00
 9.7319E+01  0.0000E+00  0.0000E+00  0.0000E+00  0.0000E+00  0.0000E+00
 9.8064E+01  0.0000E+00  0.0000E+00  0.0000E+00  0.0000E+00  0.0000E+00
 9.8815E+01  0.0000E+00  0.0000E+00  0.0000E+00  0.0000E+00  0.0000E+00
 9.9572E+01  0.0000E+00  0.0000E+00  0.0000E+00  0.0000E+00  0.0000E+00
 1.0033E+02  0.0000E+00  0.0000E+00  0.0000E+00  0.0000E+00  0.0000E+00
 1.0110E+02  0.0000E+00  0.0000E+00  0.0000E+00  0.0000E+00  0.0000E+00
 1.0188E+02  0.0000E+00  0.0000E+00  0.0000E+00  0.0000E+00  0.0000E+00
 1.0266E+02  0.0000E+00  0.0000E+00  0.0000E+00  0.0000E+00  0.0000E+00
 1.0344E+02  0.0000E+00  0.0000E+00  0.0000E+00  0.0000E+00  0.0000E+00
 1.0424E+02  0.0000E+00  0.0000E+00  0.0000E+00  0.0000E+00  0.0000E+00
 1.0503E+02  0.0000E+00  0.0000E+00  0.0000E+00  0.0000E+00  0.0000E+00
 1.0584E+02  0.0000E+00  0.0000E+00  0.0000E+00  0.0000E+00  0.0000E+00
 1.0665E+02  0.0000E+00  0.0000E+00  0.0000E+00  0.0000E+00  0.0000E+00
 1.0747E+02  0.0000E+00  0.0000E+00  0.0000E+00  0.0000E+00  0.0000E+00
 1.0829E+02  0.0000E+00  0.0000E+00  0.0000E+00  0.0000E+00  0.0000E+00
 1.0912E+02  0.0000E+00  0.0000E+00  0.0000E+00  0.0000E+00  0.0000E+00
 1.0995E+02  0.0000E+00  0.0000E+00  0.0000E+00  0.0000E+00  0.0000E+00
 1.1080E+02  0.0000E+00  0.0000E+00  0.0000E+00  0.0000E+00  0.0000E+00
 1.1164E+02  0.0000E+00  0.0000E+00  0.0000E+00  0.0000E+00  0.0000E+00
 1.1250E+02  0.0000E+00  0.0000E+00  0.0000E+00  0.0000E+00  0.0000E+00
 1.1336E+02  0.0000E+00  0.0000E+00  0.0000E+00  0.0000E+00  0.0000E+00
 1.1423E+02  0.0000E+00  0.0000E+00  0.0000E+00  0.0000E+00  0.0000E+00
 1.1510E+02  0.0000E+00  0.0000E+00  0.0000E+00  0.0000E+00  0.0000E+00
 1.1599E+02  0.0000E+00  0.0000E+00  0.0000E+00  0.0000E+00  0.0000E+00
 1.1687E+02  0.0000E+00  0.0000E+00  0.0000E+00  0.0000E+00  0.0000E+00
 1.1777E+02  0.0000E+00  0.0000E+00  0.0000E+00  0.0000E+00  0.0000E+00
 1.1867E+02  0.0000E+00  0.0000E+00  0.0000E+00  0.0000E+00  0.0000E+00
 1.1958E+02  0.0000E+00  0.0000E+00  0.0000E+00  0.0000E+00  0.0000E+00
 1.2050E+02  0.0000E+00  0.0000E+00  0.0000E+00  0.0000E+00  0.0000E+00
 1.2142E+02  0.0000E+00  0.0000E+00  0.0000E+00  0.0000E+00  0.0000E+00
 1.2235E+02  0.0000E+00  0.0000E+00  0.0000E+00  0.0000E+00  0.0000E+00
 1.2329E+02  0.0000E+00  0.0000E+00  0.0000E+00  0.0000E+00  0.0000E+00
 1.2423E+02  0.0000E+00  0.0000E+00  0.0000E+00  0.0000E+00  0.0000E+00
 1.2518E+02  0.0000E+00  0.0000E+00  0.0000E+00  0.0000E+00  0.0000E+00
 1.2614E+02  0.0000E+00  0.0000E+00  0.0000E+00  0.0000E+00  0.0000E+00
 1.2711E+02  0.0000E+00  0.0000E+00  0.0000E+00  0.0000E+00  0.0000E+00
 1.2808E+02  0.0000E+00  0.0000E+00  0.0000E+00  0.0000E+00  0.0000E+00
 1.2906E+02  0.0000E+00  0.0000E+00  0.0000E+00  0.0000E+00  0.0000E+00
 1.3005E+02  0.0000E+00  0.0000E+00  0.0000E+00  0.0000E+00  0.0000E+00
 1.3104E+02  0.0000E+00  0.0000E+00  0.0000E+00  0.0000E+00  0.0000E+00
 1.3205E+02  0.0000E+00  0.0000E+00  0.0000E+00  0.0000E+00  0.0000E+00
 1.3306E+02  0.0000E+00  0.0000E+00  0.0000E+00  0.0000E+00  0.0000E+00
 1.3408E+02  0.0000E+00  0.0000E+00  0.0000E+00  0.0000E+00  0.0000E+00
 1.3510E+02  0.0000E+00  0.0000E+00  0.0000E+00  0.0000E+00  0.0000E+00
 1.3614E+02  0.0000E+00  0.0000E+00  0.0000E+00  0.0000E+00  0.0000E+00
 1.3718E+02  0.0000E+00  0.0000E+00  0.0000E+00  0.0000E+00  0.0000E+00
 1.3823E+02  0.0000E+00  0.0000E+00  0.0000E+00  0.0000E+00  0.0000E+00
 1.3929E+02  0.0000E+00  0.0000E+00  0.0000E+00  0.0000E+00  0.0000E+00
 1.4036E+02  0.0000E+00  0.0000E+00  0.0000E+00  0.0000E+00  0.0000E+00
 1.4143E+02  0.0000E+00  0.0000E+00  0.0000E+00  0.0000E+00  0.0000E+00
 1.4252E+02  0.0000E+00  0.0000E+00  0.0000E+00  0.0000E+00  0.0000E+00
 1.4361E+02  0.0000E+00  0.0000E+00  0.0000E+00  0.0000E+00  0.0000E+00
 1.4471E+02  0.0000E+00  0.0000E+00  0.0000E+00  0.0000E+00  0.0000E+00
 1.4582E+02  0.0000E+00  0.0000E+00  0.0000E+00  0.0000E+00  0.0000E+00
 1.4693E+02  0.0000E+00  0.0000E+00  0.0000E+00  0.0000E+00  0.0000E+00
 1.4806E+02  0.0000E+00  0.0000E+00  0.0000E+00  0.0000E+00  0.0000E+00
 1.4919E+02  0.0000E+00  0.0000E+00  0.0000E+00  0.0000E+00  0.0000E+00
 1.5033E+02  0.0000E+00  0.0000E+00  0.0000E+00  0.0000E+00  0.0000E+00
 1.5149E+02  0.0000E+00  0.0000E+00  0.0000E+00  0.0000E+00  0.0000E+00
 1.5265E+02  0.0000E+00  0.0000E+00  0.0000E+00  0.0000E+00  0.0000E+00
 1.5381E+02  0.0000E+00  0.0000E+00  0.0000E+00  0.0000E+00  0.0000E+00
 1.5499E+02  0.0000E+00  0.0000E+00  0.0000E+00  0.0000E+00  0.0000E+00
 1.5618E+02  0.0000E+00  0.0000E+00  0.0000E+00  0.0000E+00  0.0000E+00
 1.5738E+02  0.0000E+00  0.0000E+00  0.0000E+00  0.0000E+00  0.0000E+00
 1.5858E+02  0.0000E+00  0.0000E+00  0.0000E+00  0.0000E+00  0.0000E+00
 1.5980E+02  0.0000E+00  0.0000E+00  0.0000E+00  0.0000E+00  0.0000E+00
 1.6102E+02  0.0000E+00  0.0000E+00  0.0000E+00  0.0000E+00  0.0000E+00
 1.6225E+02  0.0000E+00  0.0000E+00  0.0000E+00  0.0000E+00  0.0000E+00
 1.6349E+02  0.0000E+00  0.0000E+00  0.0000E+00  0.0000E+00  0.0000E+00
 1.6475E+02  0.0000E+00  0.0000E+00  0.0000E+00  0.0000E+00  0.0000E+00
 1.6601E+02  0.0000E+00  0.0000E+00  0.0000E+00  0.0000E+00  0.0000E+00
 1.6728E+02  0.0000E+00  0.0000E+00  0.0000E+00  0.0000E+00  0.0000E+00
 1.6856E+02  0.0000E+00  0.0000E+00  0.0000E+00  0.0000E+00  0.0000E+00
 1.6985E+02  0.0000E+00  0.0000E+00  0.0000E+00  0.0000E+00  0.0000E+00
 1.7115E+02  0.0000E+00  0.0000E+00  0.0000E+00  0.0000E+00  0.0000E+00
 1.7246E+02  0.0000E+00  0.0000E+00  0.0000E+00  0.0000E+00  0.0000E+00
 1.7378E+02  0.0000E+00  0.0000E+00  0.0000E+00  0.0000E+00  0.0000E+00
 1.7511E+02  0.0000E+00  0.0000E+00  0.0000E+00  0.0000E+00  0.0000E+00
 1.7646E+02  0.0000E+00  0.0000E+00  0.0000E+00  0.0000E+00  0.0000E+00
 1.7781E+02  0.0000E+00  0.0000E+00  0.0000E+00  0.0000E+00  0.0000E+00
 1.7917E+02  0.0000E+00  0.0000E+00  0.0000E+00  0.0000E+00  0.0000E+00
 1.8054E+02  0.0000E+00  0.0000E+00  0.0000E+00  0.0000E+00  0.0000E+00
 1.8192E+02  0.0000E+00  0.0000E+00  0.0000E+00  0.0000E+00  0.0000E+00
 1.8332E+02  0.0000E+00  0.0000E+00  0.0000E+00  0.0000E+00  0.0000E+00
 1.8472E+02  0.0000E+00  0.0000E+00  0.0000E+00  0.0000E+00  0.0000E+00
 1.8614E+02  0.0000E+00  0.0000E+00  0.0000E+00  0.0000E+00  0.0000E+00
 1.8756E+02  0.0000E+00  0.0000E+00  0.0000E+00  0.0000E+00  0.0000E+00
 1.8900E+02  0.0000E+00  0.0000E+00  0.0000E+00  0.0000E+00  0.0000E+00
 1.9045E+02  0.0000E+00  0.0000E+00  0.0000E+00  0.0000E+00  0.0000E+00
 1.9190E+02  0.0000E+00  0.0000E+00  0.0000E+00  0.0000E+00  0.0000E+00
 1.9337E+02  0.0000E+00  0.0000E+00  0.0000E+00  0.0000E+00  0.0000E+00
 1.9485E+02  0.0000E+00  0.0000E+00  0.0000E+00  0.0000E+00  0.0000E+00
 1.9635E+02  0.0000E+00  0.0000E+00  0.0000E+00  0.0000E+00  0.0000E+00
 1.9785E+02  0.0000E+00  0.0000E+00  0.0000E+00  0.0000E+00  0.0000E+00
 1.9937E+02  0.0000E+00  0.0000E+00  0.0000E+00  0.0000E+00  0.0000E+00
 2.0089E+02  0.0000E+00  0.0000E+00  0.0000E+00  0.0000E+00  0.0000E+00
 2.0243E+02  0.0000E+00  0.0000E+00  0.0000E+00  0.0000E+00  0.0000E+00
 2.0398E+02  0.0000E+00  0.0000E+00  0.0000E+00  0.0000E+00  0.0000E+00
 2.0554E+02  0.0000E+00  0.0000E+00  0.0000E+00  0.0000E+00  0.0000E+00
 2.0712E+02  0.0000E+00  0.0000E+00  0.0000E+00  0.0000E+00  0.0000E+00
 2.0870E+02  0.0000E+00  0.0000E+00  0.0000E+00  0.0000E+00  0.0000E+00
 2.1030E+02  0.0000E+00  0.0000E+00  0.0000E+00  0.0000E+00  0.0000E+00
 2.1191E+02  0.0000E+00  0.0000E+00  0.0000E+00  0.0000E+00  0.0000E+00
 2.1354E+02  0.0000E+00  0.0000E+00  0.0000E+00  0.0000E+00  0.0000E+00
 2.1517E+02  0.0000E+00  0.0000E+00  0.0000E+00  0.0000E+00  0.0000E+00
 2.1682E+02  0.0000E+00  0.0000E+00  0.0000E+00  0.0000E+00  0.0000E+00
 2.1848E+02  0.0000E+00  0.0000E+00  0.0000E+00  0.0000E+00  0.0000E+00
 2.2015E+02  0.0000E+00  0.0000E+00  0.0000E+00  0.0000E+00  0.0000E+00
 2.2184E+02  0.0000E+00  0.0000E+00  0.0000E+00  0.0000E+00  0.0000E+00
 2.2354E+02  0.0000E+00  0.0000E+00  0.0000E+00  0.0000E+00  0.0000E+00
 2.2525E+02  0.0000E+00  0.0000E+00  0.0000E+00  0.0000E+00  0.0000E+00
 2.2697E+02  0.0000E+00  0.0000E+00  0.0000E+00  0.0000E+00  0.0000E+00
 2.2871E+02  0.0000E+00  0.0000E+00  0.0000E+00  0.0000E+00  0.0000E+00
 2.3046E+02  0.0000E+00  0.0000E+00  0.0000E+00  0.0000E+00  0.0000E+00
 2.3223E+02  0.0000E+00  0.0000E+00  0.0000E+00  0.0000E+00  0.0000E+00
 2.3401E+02  0.0000E+00  0.0000E+00  0.0000E+00  0.0000E+00  0.0000E+00
 2.3580E+02  0.0000E+00  0.0000E+00  0.0000E+00  0.0000E+00  0.0000E+00
 2.3761E+02  0.0000E+00  0.0000E+00  0.0000E+00  0.0000E+00  0.0000E+00
 2.3942E+02  0.0000E+00  0.0000E+00  0.0000E+00  0.0000E+00  0.0000E+00
 2.4126E+02  0.0000E+00  0.0000E+00  0.0000E+00  0.0000E+00  0.0000E+00
 2.4311E+02  0.0000E+00  0.0000E+00  0.0000E+00  0.0000E+00  0.0000E+00
 2.4497E+02  0.0000E+00  0.0000E+00  0.0000E+00  0.0000E+00  0.0000E+00
 2.4684E+02  0.0000E+00  0.0000E+00  0.0000E+00  0.0000E+00  0.0000E+00
 2.4873E+02  0.0000E+00  0.0000E+00  0.0000E+00  0.0000E+00  0.0000E+00
 2.5064E+02  0.0000E+00  0.0000E+00  0.0000E+00  0.0000E+00  0.0000E+00
 2.5256E+02  0.0000E+00  0.0000E+00  0.0000E+00  0.0000E+00  0.0000E+00
 2.5449E+02  0.0000E+00  0.0000E+00  0.0000E+00  0.0000E+00  0.0000E+00
 2.5644E+02  0.0000E+00  0.0000E+00  0.0000E+00  0.0000E+00  0.0000E+00
 2.5841E+02  0.0000E+00  0.0000E+00  0.0000E+00  0.0000E+00  0.0000E+00
 2.6038E+02  0.0000E+00  0.0000E+00  0.0000E+00  0.0000E+00  0.0000E+00
 2.6238E+02  0.0000E+00  0.0000E+00  0.0000E+00  0.0000E+00  0.0000E+00
 2.6439E+02  0.0000E+00  0.0000E+00  0.0000E+00  0.0000E+00  0.0000E+00
 2.6641E+02  0.0000E+00  0.0000E+00  0.0000E+00  0.0000E+00  0.0000E+00
 2.6845E+02  0.0000E+00  0.0000E+00  0.0000E+00  0.0000E+00  0.0000E+00
 2.7051E+02  0.0000E+00  0.0000E+00  0.0000E+00  0.0000E+00  0.0000E+00
 2.7258E+02  0.0000E+00  0.0000E+00  0.0000E+00  0.0000E+00  0.0000E+00
 2.7467E+02  0.0000E+00  0.0000E+00  0.0000E+00  0.0000E+00  0.0000E+00
 2.7677E+02  0.0000E+00  0.0000E+00  0.0000E+00  0.0000E+00  0.0000E+00
 2.7889E+02  0.0000E+00  0.0000E+00  0.0000E+00  0.0000E+00  0.0000E+00
 2.8103E+02  0.0000E+00  0.0000E+00  0.0000E+00  0.0000E+00  0.0000E+00
 2.8318E+02  0.0000E+00  0.0000E+00  0.0000E+00  0.0000E+00  0.0000E+00
 2.8535E+02  0.0000E+00  0.0000E+00  0.0000E+00  0.0000E+00  0.0000E+00
 2.8753E+02  0.0000E+00  0.0000E+00  0.0000E+00  0.0000E+00  0.0000E+00
 2.8974E+02  0.0000E+00  0.0000E+00  0.0000E+00  0.0000E+00  0.0000E+00
 2.9195E+02  0.0000E+00  0.0000E+00  0.0000E+00  0.0000E+00  0.0000E+00
 2.9419E+02  0.0000E+00  0.0000E+00  0.0000E+00  0.0000E+00  0.0000E+00
 2.9644E+02  0.0000E+00  0.0000E+00  0.0000E+00  0.0000E+00  0.0000E+00
 2.9871E+02  0.0000E+00  0.0000E+00  0.0000E+00  0.0000E+00  0.0000E+00
 3.0100E+02  0.0000E+00  0.0000E+00  0.0000E+00  0.0000E+00  0.0000E+00
 3.0331E+02  0.0000E+00  0.0000E+00  0.0000E+00  0.0000E+00  0.0000E+00
 3.0563E+02  0.0000E+00  0.0000E+00  0.0000E+00  0.0000E+00  0.0000E+00
 3.0797E+02  0.0000E+00  0.0000E+00  0.0000E+00  0.0000E+00  0.0000E+00
 3.1033E+02  0.0000E+00  0.0000E+00  0.0000E+00  0.0000E+00  0.0000E+00
 3.1271E+02  0.0000E+00  0.0000E+00  0.0000E+00  0.0000E+00  0.0000E+00
 3.1510E+02  0.0000E+00  0.0000E+00  0.0000E+00  0.0000E+00  0.0000E+00
 3.1751E+02  0.0000E+00  0.0000E+00  0.0000E+00  0.0000E+00  0.0000E+00
 3.1994E+02  0.0000E+00  0.0000E+00  0.0000E+00  0.0000E+00  0.0000E+00
 3.2240E+02  0.0000E+00  0.0000E+00  0.0000E+00  0.0000E+00  0.0000E+00
 3.2486E+02  0.0000E+00  0.0000E+00  0.0000E+00  0.0000E+00  0.0000E+00
 3.2735E+02  0.0000E+00  0.0000E+00  0.0000E+00  0.0000E+00  0.0000E+00
 3.2986E+02  0.0000E+00  0.0000E+00  0.0000E+00  0.0000E+00  0.0000E+00
 3.3239E+02  0.0000E+00  0.0000E+00  0.0000E+00  0.0000E+00  0.0000E+00
 3.3493E+02  0.0000E+00  0.0000E+00  0.0000E+00  0.0000E+00  0.0000E+00
 3.3750E+02  0.0000E+00  0.0000E+00  0.0000E+00  0.0000E+00  0.0000E+00
 3.4008E+02  0.0000E+00  0.0000E+00  0.0000E+00  0.0000E+00  0.0000E+00
 3.4268E+02  0.0000E+00  0.0000E+00  0.0000E+00  0.0000E+00  0.0000E+00
 3.4531E+02  0.0000E+00  0.0000E+00  0.0000E+00  0.0000E+00  0.0000E+00
 3.4795E+02  0.0000E+00  0.0000E+00  0.0000E+00  0.0000E+00  0.0000E+00
 3.5062E+02  0.0000E+00  0.0000E+00  0.0000E+00  0.0000E+00  0.0000E+00
 3.5330E+02  0.0000E+00  0.0000E+00  0.0000E+00  0.0000E+00  0.0000E+00
 3.5601E+02  0.0000E+00  0.0000E+00  0.0000E+00  0.0000E+00  0.0000E+00
 3.5874E+02  0.0000E+00  0.0000E+00  0.0000E+00  0.0000E+00  0.0000E+00
 3.6148E+02  0.0000E+00  0.0000E+00  0.0000E+00  0.0000E+00  0.0000E+00
 3.6425E+02  0.0000E+00  0.0000E+00  0.0000E+00  0.0000E+00  0.0000E+00
 3.6704E+02  0.0000E+00  0.0000E+00  0.0000E+00  0.0000E+00  0.0000E+00
 3.6985E+02  0.0000E+00  0.0000E+00  0.0000E+00  0.0000E+00  0.0000E+00
 3.7268E+02  0.0000E+00  0.0000E+00  0.0000E+00  0.0000E+00  0.0000E+00
 3.7554E+02  0.0000E+00  0.0000E+00  0.0000E+00  0.0000E+00  0.0000E+00
 3.7841E+02  0.0000E+00  0.0000E+00  0.0000E+00  0.0000E+00  0.0000E+00
 3.8131E+02  0.0000E+00  0.0000E+00  0.0000E+00  0.0000E+00  0.0000E+00
 3.8423E+02  0.0000E+00  0.0000E+00  0.0000E+00  0.0000E+00  0.0000E+00
 3.8718E+02  0.0000E+00  0.0000E+00  0.0000E+00  0.0000E+00  0.0000E+00
 3.9014E+02  0.0000E+00  0.0000E+00  0.0000E+00  0.0000E+00  0.0000E+00
 3.9313E+02  0.0000E+00  0.0000E+00  0.0000E+00  0.0000E+00  0.0000E+00
 3.9614E+02  0.0000E+00  0.0000E+00  0.0000E+00  0.0000E+00  0.0000E+00
 3.9917E+02  0.0000E+00  0.0000E+00  0.0000E+00  0.0000E+00  0.0000E+00
 4.0223E+02  0.0000E+00  0.0000E+00  0.0000E+00  0.0000E+00  0.0000E+00
 4.0531E+02  0.0000E+00  0.0000E+00  0.0000E+00  0.0000E+00  0.0000E+00
 4.0841E+02  0.0000E+00  0.0000E+00  0.0000E+00  0.0000E+00  0.0000E+00
 4.1154E+02  0.0000E+00  0.0000E+00  0.0000E+00  0.0000E+00  0.0000E+00
 4.1469E+02  0.0000E+00  0.0000E+00  0.0000E+00  0.0000E+00  0.0000E+00
 4.1787E+02  0.0000E+00  0.0000E+00  0.0000E+00  0.0000E+00  0.0000E+00
 4.2107E+02  0.0000E+00  0.0000E+00  0.0000E+00  0.0000E+00  0.0000E+00
 4.2429E+02  0.0000E+00  0.0000E+00  0.0000E+00  0.0000E+00  0.0000E+00
 4.2754E+02  0.0000E+00  0.0000E+00  0.0000E+00  0.0000E+00  0.0000E+00
 4.3082E+02  0.0000E+00  0.0000E+00  0.0000E+00  0.0000E+00  0.0000E+00
 4.3412E+02  0.0000E+00  0.0000E+00  0.0000E+00  0.0000E+00  0.0000E+00
 4.3744E+02  0.0000E+00  0.0000E+00  0.0000E+00  0.0000E+00  0.0000E+00
 4.4079E+02  0.0000E+00  0.0000E+00  0.0000E+00  0.0000E+00  0.0000E+00
 4.4417E+02  0.0000E+00  0.0000E+00  0.0000E+00  0.0000E+00  0.0000E+00
 4.4757E+02  0.0000E+00  0.0000E+00  0.0000E+00  0.0000E+00  0.0000E+00
 4.5100E+02  0.0000E+00  0.0000E+00  0.0000E+00  0.0000E+00  0.0000E+00
 4.5445E+02  0.0000E+00  0.0000E+00  0.0000E+00  0.0000E+00  0.0000E+00
 4.5793E+02  0.0000E+00  0.0000E+00  0.0000E+00  0.0000E+00  0.0000E+00
 4.6144E+02  0.0000E+00  0.0000E+00  0.0000E+00  0.0000E+00  0.0000E+00
 4.6497E+02  0.0000E+00  0.0000E+00  0.0000E+00  0.0000E+00  0.0000E+00
 4.6853E+02  0.0000E+00  0.0000E+00  0.0000E+00  0.0000E+00  0.0000E+00
 4.7212E+02  0.0000E+00  0.0000E+00  0.0000E+00  0.0000E+00  0.0000E+00
 4.7574E+02  0.0000E+00  0.0000E+00  0.0000E+00  0.0000E+00  0.0000E+00
 4.7938E+02  0.0000E+00  0.0000E+00  0.0000E+00  0.0000E+00  0.0000E+00
 4.8305E+02  0.0000E+00  0.0000E+00  0.0000E+00  0.0000E+00  0.0000E+00
 4.8675E+02  0.0000E+00  0.0000E+00  0.0000E+00  0.0000E+00  0.0000E+00
 4.9048E+02  0.0000E+00  0.0000E+00  0.0000E+00  0.0000E+00  0.0000E+00
 4.9424E+02  0.0000E+00  0.0000E+00  0.0000E+00  0.0000E+00  0.0000E+00
 4.9802E+02  0.0000E+00  0.0000E+00  0.0000E+00  0.0000E+00  0.0000E+00
 5.0183E+02  0.0000E+00  0.0000E+00  0.0000E+00  0.0000E+00  0.0000E+00
 5.0568E+02  0.0000E+00  0.0000E+00  0.0000E+00  0.0000E+00  0.0000E+00
 5.0955E+02  0.0000E+00  0.0000E+00  0.0000E+00  0.0000E+00  0.0000E+00
 5.1345E+02  0.0000E+00  0.0000E+00  0.0000E+00  0.0000E+00  0.0000E+00
 5.1738E+02  0.0000E+00  0.0000E+00  0.0000E+00  0.0000E+00  0.0000E+00
 5.2135E+02  0.0000E+00  0.0000E+00  0.0000E+00  0.0000E+00  0.0000E+00
 5.2534E+02  0.0000E+00  0.0000E+00  0.0000E+00  0.0000E+00  0.0000E+00
 5.2936E+02  0.0000E+00  0.0000E+00  0.0000E+00  0.0000E+00  0.0000E+00
 5.3342E+02  0.0000E+00  0.0000E+00  0.0000E+00  0.0000E+00  0.0000E+00
 5.3750E+02  0.0000E+00  0.0000E+00  0.0000E+00  0.0000E+00  0.0000E+00
 5.4162E+02  0.0000E+00  0.0000E+00  0.0000E+00  0.0000E+00  0.0000E+00
 5.4577E+02  0.0000E+00  0.0000E+00  0.0000E+00  0.0000E+00  0.0000E+00
 5.4995E+02  0.0000E+00  0.0000E+00  0.0000E+00  0.0000E+00  0.0000E+00
 5.5416E+02  0.0000E+00  0.0000E+00  0.0000E+00  0.0000E+00  0.0000E+00
 5.5840E+02  0.0000E+00  0.0000E+00  0.0000E+00  0.0000E+00  0.0000E+00
 5.6268E+02  0.0000E+00  0.0000E+00  0.0000E+00  0.0000E+00  0.0000E+00
 5.6699E+02  0.0000E+00  0.0000E+00  0.0000E+00  0.0000E+00  0.0000E+00
 5.7133E+02  0.0000E+00  0.0000E+00  0.0000E+00  0.0000E+00  0.0000E+00
 5.7571E+02  0.0000E+00  0.0000E+00  0.0000E+00  0.0000E+00  0.0000E+00
 5.8011E+02  0.0000E+00  0.0000E+00  0.0000E+00  0.0000E+00  0.0000E+00
 5.8456E+02  0.0000E+00  0.0000E+00  0.0000E+00  0.0000E+00  0.0000E+00
 5.8903E+02  0.0000E+00  0.0000E+00  0.0000E+00  0.0000E+00  0.0000E+00
 5.9354E+02  0.0000E+00  0.0000E+00  0.0000E+00  0.0000E+00  0.0000E+00
 5.9809E+02  0.0000E+00  0.0000E+00  0.0000E+00  0.0000E+00  0.0000E+00
 6.0267E+02  0.0000E+00  0.0000E+00  0.0000E+00  0.0000E+00  0.0000E+00
 6.0729E+02  0.0000E+00  0.0000E+00  0.0000E+00  0.0000E+00  0.0000E+00
 6.1194E+02  0.0000E+00  0.0000E+00  0.0000E+00  0.0000E+00  0.0000E+00
 6.1662E+02  0.0000E+00  0.0000E+00  0.0000E+00  0.0000E+00  0.0000E+00
 6.2135E+02  0.0000E+00  0.0000E+00  0.0000E+00  0.0000E+00  0.0000E+00
 6.2610E+02  0.0000E+00  0.0000E+00  0.0000E+00  0.0000E+00  0.0000E+00
 6.3090E+02  0.0000E+00  0.0000E+00  0.0000E+00  0.0000E+00  0.0000E+00
 6.3573E+02  0.0000E+00  0.0000E+00  0.0000E+00  0.0000E+00  0.0000E+00
 6.4060E+02  0.0000E+00  0.0000E+00  0.0000E+00  0.0000E+00  0.0000E+00
 6.4551E+02  0.0000E+00  0.0000E+00  0.0000E+00  0.0000E+00  0.0000E+00
 6.5045E+02  0.0000E+00  0.0000E+00  0.0000E+00  0.0000E+00  0.0000E+00
 6.5543E+02  0.0000E+00  0.0000E+00  0.0000E+00  0.0000E+00  0.0000E+00
 6.6045E+02  0.0000E+00  0.0000E+00  0.0000E+00  0.0000E+00  0.0000E+00
 6.6551E+02  0.0000E+00  0.0000E+00  0.0000E+00  0.0000E+00  0.0000E+00
 6.7060E+02  0.0000E+00  0.0000E+00  0.0000E+00  0.0000E+00  0.0000E+00
 6.7574E+02  0.0000E+00  0.0000E+00  0.0000E+00  0.0000E+00  0.0000E+00
 6.8092E+02  0.0000E+00  0.0000E+00  0.0000E+00  0.0000E+00  0.0000E+00
 6.8613E+02  0.0000E+00  0.0000E+00  0.0000E+00  0.0000E+00  0.0000E+00
 6.9138E+02  0.0000E+00  0.0000E+00  0.0000E+00  0.0000E+00  0.0000E+00
 6.9668E+02  0.0000E+00  0.0000E+00  0.0000E+00  0.0000E+00  0.0000E+00
 7.0201E+02  0.0000E+00  0.0000E+00  0.0000E+00  0.0000E+00  0.0000E+00
 7.0739E+02  0.0000E+00  0.0000E+00  0.0000E+00  0.0000E+00  0.0000E+00
 7.1281E+02  0.0000E+00  0.0000E+00  0.0000E+00  0.0000E+00  0.0000E+00
 7.1827E+02  0.0000E+00  0.0000E+00  0.0000E+00  0.0000E+00  0.0000E+00
 7.2377E+02  0.0000E+00  0.0000E+00  0.0000E+00  0.0000E+00  0.0000E+00
 7.2931E+02  0.0000E+00  0.0000E+00  0.0000E+00  0.0000E+00  0.0000E+00
 7.3490E+02  0.0000E+00  0.0000E+00  0.0000E+00  0.0000E+00  0.0000E+00
 7.4052E+02  0.0000E+00  0.0000E+00  0.0000E+00  0.0000E+00  0.0000E+00
 7.4620E+02  0.0000E+00  0.0000E+00  0.0000E+00  0.0000E+00  0.0000E+00
 7.5191E+02  0.0000E+00  0.0000E+00  0.0000E+00  0.0000E+00  0.0000E+00
 7.5767E+02  0.0000E+00  0.0000E+00  0.0000E+00  0.0000E+00  0.0000E+00
 7.6347E+02  0.0000E+00  0.0000E+00  0.0000E+00  0.0000E+00  0.0000E+00
 7.6932E+02  0.0000E+00  0.0000E+00  0.0000E+00  0.0000E+00  0.0000E+00
 7.7521E+02  0.0000E+00  0.0000E+00  0.0000E+00  0.0000E+00  0.0000E+00
 7.8115E+02  0.0000E+00  0.0000E+00  0.0000E+00  0.0000E+00  0.0000E+00
 7.8713E+02  0.0000E+00  0.0000E+00  0.0000E+00  0.0000E+00  0.0000E+00
 7.9316E+02  0.0000E+00  0.0000E+00  0.0000E+00  0.0000E+00  0.0000E+00
 7.9923E+02  0.0000E+00  0.0000E+00  0.0000E+00  0.0000E+00  0.0000E+00
 8.0535E+02  0.0000E+00  0.0000E+00  0.0000E+00  0.0000E+00  0.0000E+00
 8.1152E+02  0.0000E+00  0.0000E+00  0.0000E+00  0.0000E+00  0.0000E+00
 8.1774E+02  0.0000E+00  0.0000E+00  0.0000E+00  0.0000E+00  0.0000E+00
 8.2400E+02  0.0000E+00  0.0000E+00  0.0000E+00  0.0000E+00  0.0000E+00
 8.3031E+02  0.0000E+00  0.0000E+00  0.0000E+00  0.0000E+00  0.0000E+00
 8.3667E+02  0.0000E+00  0.0000E+00  0.0000E+00  0.0000E+00  0.0000E+00
 8.4307E+02  0.0000E+00  0.0000E+00  0.0000E+00  0.0000E+00  0.0000E+00
 8.4953E+02  0.0000E+00  0.0000E+00  0.0000E+00  0.0000E+00  0.0000E+00
 8.5604E+02  0.0000E+00  0.0000E+00  0.0000E+00  0.0000E+00  0.0000E+00
 8.6259E+02  0.0000E+00  0.0000E+00  0.0000E+00  0.0000E+00  0.0000E+00
 8.6920E+02  0.0000E+00  0.0000E+00  0.0000E+00  0.0000E+00  0.0000E+00
 8.7586E+02  0.0000E+00  0.0000E+00  0.0000E+00  0.0000E+00  0.0000E+00
 8.8256E+02  0.0000E+00  0.0000E+00  0.0000E+00  0.0000E+00  0.0000E+00
 8.8932E+02  0.0000E+00  0.0000E+00  0.0000E+00  0.0000E+00  0.0000E+00
 8.9613E+02  0.0000E+00  0.0000E+00  0.0000E+00  0.0000E+00  0.0000E+00
 9.0300E+02  0.0000E+00  0.0000E+00  0.0000E+00  0.0000E+00  0.0000E+00
 9.0991E+02  0.0000E+00  0.0000E+00  0.0000E+00  0.0000E+00  0.0000E+00
 9.1688E+02  0.0000E+00  0.0000E+00  0.0000E+00  0.0000E+00  0.0000E+00
 9.2390E+02  0.0000E+00  0.0000E+00  0.0000E+00  0.0000E+00  0.0000E+00
 9.3098E+02  0.0000E+00  0.0000E+00  0.0000E+00  0.0000E+00  0.0000E+00
 9.3811E+02  0.0000E+00  0.0000E+00  0.0000E+00  0.0000E+00  0.0000E+00
 9.4529E+02  0.0000E+00  0.0000E+00  0.0000E+00  0.0000E+00  0.0000E+00
 9.5253E+02  0.0000E+00  0.0000E+00  0.0000E+00  0.0000E+00  0.0000E+00
 9.5983E+02  0.0000E+00  0.0000E+00  0.0000E+00  0.0000E+00  0.0000E+00
 9.6718E+02  0.0000E+00  0.0000E+00  0.0000E+00  0.0000E+00  0.0000E+00
 9.7458E+02  0.0000E+00  0.0000E+00  0.0000E+00  0.0000E+00  0.0000E+00
 9.8205E+02  0.0000E+00  0.0000E+00  0.0000E+00  0.0000E+00  0.0000E+00
 9.8957E+02  0.0000E+00  0.0000E+00  0.0000E+00  0.0000E+00  0.0000E+00
 9.9715E+02  0.0000E+00  0.0000E+00  0.0000E+00  0.0000E+00  0.0000E+00
 1.0048E+03  0.0000E+00  0.0000E+00  0.0000E+00  0.0000E+00  0.0000E+00
 1.0125E+03  0.0000E+00  0.0000E+00  0.0000E+00  0.0000E+00  0.0000E+00
 1.0202E+03  0.0000E+00  0.0000E+00  0.0000E+00  0.0000E+00  0.0000E+00
 1.0280E+03  0.0000E+00  0.0000E+00  0.0000E+00  0.0000E+00  0.0000E+00
 1.0359E+03  0.0000E+00  0.0000E+00  0.0000E+00  0.0000E+00  0.0000E+00
 1.0439E+03  0.0000E+00  0.0000E+00  0.0000E+00  0.0000E+00  0.0000E+00
 1.0518E+03  0.0000E+00  0.0000E+00  0.0000E+00  0.0000E+00  0.0000E+00
 1.0599E+03  0.0000E+00  0.0000E+00  0.0000E+00  0.0000E+00  0.0000E+00
 1.0680E+03  0.0000E+00  0.0000E+00  0.0000E+00  0.0000E+00  0.0000E+00
 1.0762E+03  0.0000E+00  0.0000E+00  0.0000E+00  0.0000E+00  0.0000E+00
 1.0844E+03  0.0000E+00  0.0000E+00  0.0000E+00  0.0000E+00  0.0000E+00
 1.0927E+03  0.0000E+00  0.0000E+00  0.0000E+00  0.0000E+00  0.0000E+00
 1.1011E+03  0.0000E+00  0.0000E+00  0.0000E+00  0.0000E+00  0.0000E+00
 1.1095E+03  0.0000E+00  0.0000E+00  0.0000E+00  0.0000E+00  0.0000E+00
 1.1180E+03  0.0000E+00  0.0000E+00  0.0000E+00  0.0000E+00  0.0000E+00
 1.1266E+03  0.0000E+00  0.0000E+00  0.0000E+00  0.0000E+00  0.0000E+00
 1.1352E+03  0.0000E+00  0.0000E+00  0.0000E+00  0.0000E+00  0.0000E+00
 1.1439E+03  0.0000E+00  0.0000E+00  0.0000E+00  0.0000E+00  0.0000E+00
 1.1527E+03  0.0000E+00  0.0000E+00  0.0000E+00  0.0000E+00  0.0000E+00
 1.1615E+03  0.0000E+00  0.0000E+00  0.0000E+00  0.0000E+00  0.0000E+00
 1.1704E+03  0.0000E+00  0.0000E+00  0.0000E+00  0.0000E+00  0.0000E+00
 1.1794E+03  0.0000E+00  0.0000E+00  0.0000E+00  0.0000E+00  0.0000E+00
 1.1884E+03  0.0000E+00  0.0000E+00  0.0000E+00  0.0000E+00  0.0000E+00
 1.1975E+03  0.0000E+00  0.0000E+00  0.0000E+00  0.0000E+00  0.0000E+00
 1.2067E+03  0.0000E+00  0.0000E+00  0.0000E+00  0.0000E+00  0.0000E+00
 1.2159E+03  0.0000E+00  0.0000E+00  0.0000E+00  0.0000E+00  0.0000E+00
 1.2252E+03  0.0000E+00  0.0000E+00  0.0000E+00  0.0000E+00  0.0000E+00
 1.2346E+03  0.0000E+00  0.0000E+00  0.0000E+00  0.0000E+00  0.0000E+00
 1.2441E+03  0.0000E+00  0.0000E+00  0.0000E+00  0.0000E+00  0.0000E+00
 1.2536E+03  0.0000E+00  0.0000E+00  0.0000E+00  0.0000E+00  0.0000E+00
 1.2632E+03  0.0000E+00  0.0000E+00  0.0000E+00  0.0000E+00  0.0000E+00
 1.2729E+03  0.0000E+00  0.0000E+00  0.0000E+00  0.0000E+00  0.0000E+00
 1.2826E+03  0.0000E+00  0.0000E+00  0.0000E+00  0.0000E+00  0.0000E+00
 1.2924E+03  0.0000E+00  0.0000E+00  0.0000E+00  0.0000E+00  0.0000E+00
 1.3023E+03  0.0000E+00  0.0000E+00  0.0000E+00  0.0000E+00  0.0000E+00
 1.3123E+03  0.0000E+00  0.0000E+00  0.0000E+00  0.0000E+00  0.0000E+00
 1.3224E+03  0.0000E+00  0.0000E+00  0.0000E+00  0.0000E+00  0.0000E+00
 1.3325E+03  0.0000E+00  0.0000E+00  0.0000E+00  0.0000E+00  0.0000E+00
 1.3427E+03  0.0000E+00  0.0000E+00  0.0000E+00  0.0000E+00  0.0000E+00
 1.3530E+03  0.0000E+00  0.0000E+00  0.0000E+00  0.0000E+00  0.0000E+00
 1.3633E+03  0.0000E+00  0.0000E+00  0.0000E+00  0.0000E+00  0.0000E+00
 1.3738E+03  0.0000E+00  0.0000E+00  0.0000E+00  0.0000E+00  0.0000E+00
 1.3843E+03  0.0000E+00  0.0000E+00  0.0000E+00  0.0000E+00  0.0000E+00
 1.3949E+03  0.0000E+00  0.0000E+00  0.0000E+00  0.0000E+00  0.0000E+00
 1.4056E+03  0.0000E+00  0.0000E+00  0.0000E+00  0.0000E+00  0.0000E+00
 1.4164E+03  0.0000E+00  0.0000E+00  0.0000E+00  0.0000E+00  0.0000E+00
 1.4272E+03  0.0000E+00  0.0000E+00  0.0000E+00  0.0000E+00  0.0000E+00
 1.4381E+03  0.0000E+00  0.0000E+00  0.0000E+00  0.0000E+00  0.0000E+00
 1.4491E+03  0.0000E+00  0.0000E+00  0.0000E+00  0.0000E+00  0.0000E+00
 1.4602E+03  0.0000E+00  0.0000E+00  0.0000E+00  0.0000E+00  0.0000E+00
 1.4714E+03  0.0000E+00  0.0000E+00  0.0000E+00  0.0000E+00  0.0000E+00
 1.4827E+03  0.0000E+00  0.0000E+00  0.0000E+00  0.0000E+00  0.0000E+00
 1.4940E+03  0.0000E+00  0.0000E+00  0.0000E+00  0.0000E+00  0.0000E+00
 1.5055E+03  0.0000E+00  0.0000E+00  0.0000E+00  0.0000E+00  0.0000E+00
 1.5170E+03  0.0000E+00  0.0000E+00  0.0000E+00  0.0000E+00  0.0000E+00
 1.5286E+03  0.0000E+00  0.0000E+00  0.0000E+00  0.0000E+00  0.0000E+00
 1.5403E+03  0.0000E+00  0.0000E+00  0.0000E+00  0.0000E+00  0.0000E+00
 1.5521E+03  0.0000E+00  0.0000E+00  0.0000E+00  0.0000E+00  0.0000E+00
 1.5640E+03  0.0000E+00  0.0000E+00  0.0000E+00  0.0000E+00  0.0000E+00
 1.5760E+03  0.0000E+00  0.0000E+00  0.0000E+00  0.0000E+00  0.0000E+00
 1.5881E+03  0.0000E+00  0.0000E+00  0.0000E+00  0.0000E+00  0.0000E+00
 1.6002E+03  0.0000E+00  0.0000E+00  0.0000E+00  0.0000E+00  0.0000E+00
 1.6125E+03  0.0000E+00  0.0000E+00  0.0000E+00  0.0000E+00  0.0000E+00
 1.6248E+03  0.0000E+00  0.0000E+00  0.0000E+00  0.0000E+00  0.0000E+00
 1.6373E+03  0.0000E+00  0.0000E+00  0.0000E+00  0.0000E+00  0.0000E+00
 1.6498E+03  0.0000E+00  0.0000E+00  0.0000E+00  0.0000E+00  0.0000E+00
 1.6625E+03  0.0000E+00  0.0000E+00  0.0000E+00  0.0000E+00  0.0000E+00
 1.6752E+03  0.0000E+00  0.0000E+00  0.0000E+00  0.0000E+00  0.0000E+00
 1.6880E+03  0.0000E+00  0.0000E+00  0.0000E+00  0.0000E+00  0.0000E+00
 1.7009E+03  0.0000E+00  0.0000E+00  0.0000E+00  0.0000E+00  0.0000E+00
 1.7140E+03  0.0000E+00  0.0000E+00  0.0000E+00  0.0000E+00  0.0000E+00
 1.7271E+03  0.0000E+00  0.0000E+00  0.0000E+00  0.0000E+00  0.0000E+00
 1.7403E+03  0.0000E+00  0.0000E+00  0.0000E+00  0.0000E+00  0.0000E+00
 1.7537E+03  0.0000E+00  0.0000E+00  0.0000E+00  0.0000E+00  0.0000E+00
 1.7671E+03  0.0000E+00  0.0000E+00  0.0000E+00  0.0000E+00  0.0000E+00
 1.7806E+03  0.0000E+00  0.0000E+00  0.0000E+00  0.0000E+00  0.0000E+00
 1.7943E+03  0.0000E+00  0.0000E+00  0.0000E+00  0.0000E+00  0.0000E+00
 1.8080E+03  0.0000E+00  0.0000E+00  0.0000E+00  0.0000E+00  0.0000E+00
 1.8218E+03  0.0000E+00  0.0000E+00  0.0000E+00  0.0000E+00  0.0000E+00
 1.8358E+03  0.0000E+00  0.0000E+00  0.0000E+00  0.0000E+00  0.0000E+00
 1.8499E+03  0.0000E+00  0.0000E+00  0.0000E+00  0.0000E+00  0.0000E+00
 1.8640E+03  0.0000E+00  0.0000E+00  0.0000E+00  0.0000E+00  0.0000E+00
 1.8783E+03  0.0000E+00  0.0000E+00  0.0000E+00  0.0000E+00  0.0000E+00
 1.8927E+03  0.0000E+00  0.0000E+00  0.0000E+00  0.0000E+00  0.0000E+00
 1.9072E+03  0.0000E+00  0.0000E+00  0.0000E+00  0.0000E+00  0.0000E+00
 1.9218E+03  0.0000E+00  0.0000E+00  0.0000E+00  0.0000E+00  0.0000E+00
 1.9365E+03  0.0000E+00  0.0000E+00  0.0000E+00  0.0000E+00  0.0000E+00
 1.9513E+03  0.0000E+00  0.0000E+00  0.0000E+00  0.0000E+00  0.0000E+00
 1.9663E+03  0.0000E+00  0.0000E+00  0.0000E+00  0.0000E+00  0.0000E+00
 1.9813E+03  0.0000E+00  0.0000E+00  0.0000E+00  0.0000E+00  0.0000E+00
 1.9965E+03  0.0000E+00  0.0000E+00  0.0000E+00  0.0000E+00  0.0000E+00
 2.0118E+03  0.0000E+00  0.0000E+00  0.0000E+00  0.0000E+00  0.0000E+00
 2.0272E+03  0.0000E+00  0.0000E+00  0.0000E+00  0.0000E+00  0.0000E+00
 2.0427E+03  0.0000E+00  0.0000E+00  0.0000E+00  0.0000E+00  0.0000E+00
 2.0584E+03  0.0000E+00  0.0000E+00  0.0000E+00  0.0000E+00  0.0000E+00
 2.0741E+03  0.0000E+00  0.0000E+00  0.0000E+00  0.0000E+00  0.0000E+00
 2.0900E+03  0.0000E+00  0.0000E+00  0.0000E+00  0.0000E+00  0.0000E+00
 2.1060E+03  0.0000E+00  0.0000E+00  0.0000E+00  0.0000E+00  0.0000E+00
 2.1222E+03  0.0000E+00  0.0000E+00  0.0000E+00  0.0000E+00  0.0000E+00
 2.1384E+03  0.0000E+00  0.0000E+00  0.0000E+00  0.0000E+00  0.0000E+00
 2.1548E+03  0.0000E+00  0.0000E+00  0.0000E+00  0.0000E+00  0.0000E+00
 2.1713E+03  0.0000E+00  0.0000E+00  0.0000E+00  0.0000E+00  0.0000E+00
 2.1879E+03  0.0000E+00  0.0000E+00  0.0000E+00  0.0000E+00  0.0000E+00
 2.2047E+03  0.0000E+00  0.0000E+00  0.0000E+00  0.0000E+00  0.0000E+00
 2.2216E+03  0.0000E+00  0.0000E+00  0.0000E+00  0.0000E+00  0.0000E+00
 2.2386E+03  0.0000E+00  0.0000E+00  0.0000E+00  0.0000E+00  0.0000E+00
 2.2557E+03  0.0000E+00  0.0000E+00  0.0000E+00  0.0000E+00  0.0000E+00
 2.2730E+03  0.0000E+00  0.0000E+00  0.0000E+00  0.0000E+00  0.0000E+00
 2.2904E+03  0.0000E+00  0.0000E+00  0.0000E+00  0.0000E+00  0.0000E+00
 2.3079E+03  0.0000E+00  0.0000E+00  0.0000E+00  0.0000E+00  0.0000E+00
 2.3256E+03  0.0000E+00  0.0000E+00  0.0000E+00  0.0000E+00  0.0000E+00
 2.3434E+03  0.0000E+00  0.0000E+00  0.0000E+00  0.0000E+00  0.0000E+00
 2.3614E+03  0.0000E+00  0.0000E+00  0.0000E+00  0.0000E+00  0.0000E+00
 2.3794E+03  0.0000E+00  0.0000E+00  0.0000E+00  0.0000E+00  0.0000E+00
 2.3977E+03  0.0000E+00  0.0000E+00  0.0000E+00  0.0000E+00  0.0000E+00
 2.4160E+03  0.0000E+00  0.0000E+00  0.0000E+00  0.0000E+00  0.0000E+00
 2.4345E+03  0.0000E+00  0.0000E+00  0.0000E+00  0.0000E+00  0.0000E+00
 2.4532E+03  0.0000E+00  0.0000E+00  0.0000E+00  0.0000E+00  0.0000E+00
 2.4720E+03  0.0000E+00  0.0000E+00  0.0000E+00  0.0000E+00  0.0000E+00
 2.4909E+03  0.0000E+00  0.0000E+00  0.0000E+00  0.0000E+00  0.0000E+00
 2.5100E+03  0.0000E+00  0.0000E+00  0.0000E+00  0.0000E+00  0.0000E+00
 2.5292E+03  0.0000E+00  0.0000E+00  0.0000E+00  0.0000E+00  0.0000E+00
 2.5486E+03  0.0000E+00  0.0000E+00  0.0000E+00  0.0000E+00  0.0000E+00
 2.5681E+03  0.0000E+00  0.0000E+00  0.0000E+00  0.0000E+00  0.0000E+00
 2.5878E+03  0.0000E+00  0.0000E+00  0.0000E+00  0.0000E+00  0.0000E+00
 2.6076E+03  7.7330E-04  1.7703E-02  1.3395E-03  6.1489E-02  1.0000E+00
 2.6275E+03  7.7406E-04  1.7585E-02  1.3397E-03  6.1026E-02  1.0000E+00
 2.6477E+03  7.7482E-04  1.7468E-02  1.3398E-03  6.0567E-02  1.0000E+00
 2.6679E+03  7.7558E-04  1.7352E-02  1.3399E-03  6.0111E-02  1.0000E+00
 2.6884E+03  7.7633E-04  1.7237E-02  1.3400E-03  5.9659E-02  1.0000E+00
 2.7090E+03  7.7710E-04  1.7122E-02  1.3401E-03  5.9211E-02  1.0000E+00
 2.7297E+03  7.7787E-04  1.7009E-02  1.3402E-03  5.8765E-02  1.0000E+00
 2.7506E+03  7.7866E-04  1.6896E-02  1.3403E-03  5.8323E-02  1.0000E+00
 2.7717E+03  7.7947E-04  1.6785E-02  1.3404E-03  5.7885E-02  1.0000E+00
 2.7929E+03  7.8029E-04  1.6675E-02  1.3405E-03  5.7450E-02  1.0000E+00
 2.8143E+03  7.8113E-04  1.6565E-02  1.3406E-03  5.7018E-02  1.0000E+00
 2.8358E+03  7.8199E-04  1.6457E-02  1.3407E-03  5.6589E-02  1.0000E+00
 2.8576E+03  7.8286E-04  1.6350E-02  1.3409E-03  5.6164E-02  1.0000E+00
 2.8794E+03  7.8375E-04  1.6244E-02  1.3410E-03  5.5742E-02  1.0000E+00
 2.9015E+03  7.8466E-04  1.6139E-02  1.3411E-03  5.5323E-02  1.0000E+00
 2.9237E+03  7.8558E-04  1.6035E-02  1.3412E-03  5.4907E-02  1.0000E+00
 2.9461E+03  7.8652E-04  1.5931E-02  1.3413E-03  5.4495E-02  1.0000E+00
 2.9687E+03  7.8747E-04  1.5829E-02  1.3414E-03  5.4085E-02  1.0000E+00
 2.9914E+03  7.8844E-04  1.5728E-02  1.3415E-03  5.3679E-02  1.0000E+00
 3.0143E+03  7.8943E-04  1.5627E-02  1.3417E-03  5.3276E-02  1.0000E+00
 3.0374E+03  7.9043E-04  1.5528E-02  1.3418E-03  5.2876E-02  1.0000E+00
 3.0607E+03  7.9145E-04  1.5429E-02  1.3419E-03  5.2478E-02  1.0000E+00
 3.0841E+03  7.9248E-04  1.5332E-02  1.3420E-03  5.2084E-02  1.0000E+00
 3.1077E+03  7.9353E-04  1.5235E-02  1.3422E-03  5.1693E-02  1.0000E+00
 3.1315E+03  7.9459E-04  1.5139E-02  1.3423E-03  5.1305E-02  1.0000E+00
 3.1555E+03  7.9567E-04  1.5044E-02  1.3424E-03  5.0920E-02  1.0000E+00
 3.1797E+03  7.9677E-04  1.4950E-02  1.3425E-03  5.0538E-02  1.0000E+00
 3.2040E+03  7.9788E-04  1.4857E-02  1.3427E-03  5.0158E-02  1.0000E+00
 3.2286E+03  7.9900E-04  1.4764E-02  1.3428E-03  4.9782E-02  1.0000E+00
 3.2533E+03  8.0014E-04  1.4673E-02  1.3429E-03  4.9408E-02  1.0000E+00
 3.2782E+03  8.0130E-04  1.4582E-02  1.3430E-03  4.9037E-02  1.0000E+00
 3.3033E+03  8.0247E-04  1.4492E-02  1.3432E-03  4.8670E-02  1.0000E+00
 3.3286E+03  8.0365E-04  1.4403E-02  1.3433E-03  4.8304E-02  1.0000E+00
 3.3541E+03  8.0486E-04  1.4314E-02  1.3434E-03  4.7942E-02  1.0000E+00
 3.3798E+03  8.0607E-04  1.4226E-02  1.3436E-03  4.7582E-02  1.0000E+00
 3.4057E+03  8.0730E-04  1.4139E-02  1.3437E-03  4.7226E-02  1.0000E+00
 3.4317E+03  8.0855E-04  1.4053E-02  1.3438E-03  4.6871E-02  1.0000E+00
 3.4580E+03  8.0980E-04  1.3968E-02  1.3440E-03  4.6520E-02  1.0000E+00
 3.4845E+03  8.1108E-04  1.3883E-02  1.3441E-03  4.6171E-02  1.0000E+00
 3.5112E+03  8.1237E-04  1.3799E-02  1.3443E-03  4.5825E-02  1.0000E+00
 3.5381E+03  8.1367E-04  1.3716E-02  1.3444E-03  4.5481E-02  1.0000E+00
 3.5652E+03  8.1499E-04  1.3633E-02  1.3445E-03  4.5140E-02  1.0000E+00
 3.5925E+03  8.1632E-04  1.3551E-02  1.3447E-03  4.4802E-02  1.0000E+00
 3.6200E+03  8.1767E-04  1.3470E-02  1.3448E-03  4.4466E-02  1.0000E+00
 3.6477E+03  8.1903E-04  1.3390E-02  1.3450E-03  4.4133E-02  1.0000E+00
 3.6757E+03  8.2041E-04  1.3310E-02  1.3451E-03  4.3803E-02  1.0000E+00
 3.7038E+03  8.2180E-04  1.3231E-02  1.3453E-03  4.3474E-02  1.0000E+00
 3.7322E+03  8.2320E-04  1.3152E-02  1.3454E-03  4.3149E-02  1.0000E+00
 3.7608E+03  8.2462E-04  1.3075E-02  1.3456E-03  4.2826E-02  1.0000E+00
 3.7896E+03  8.2605E-04  1.2997E-02  1.3457E-03  4.2505E-02  1.0000E+00
 3.8186E+03  8.2750E-04  1.2921E-02  1.3459E-03  4.2187E-02  1.0000E+00
 3.8478E+03  8.2896E-04  1.2845E-02  1.3460E-03  4.1871E-02  1.0000E+00
 3.8773E+03  8.3043E-04  1.2770E-02  1.3462E-03  4.1557E-02  1.0000E+00
 3.9070E+03  8.3192E-04  1.2695E-02  1.3463E-03  4.1246E-02  1.0000E+00
 3.9369E+03  8.3343E-04  1.2621E-02  1.3465E-03  4.0937E-02  1.0000E+00
 3.9671E+03  8.3494E-04  1.2547E-02  1.3466E-03  4.0631E-02  1.0000E+00
 3.9974E+03  8.3647E-04  1.2474E-02  1.3468E-03  4.0327E-02  1.0000E+00
 4.0281E+03  8.3802E-04  1.2402E-02  1.3470E-03  4.0025E-02  1.0000E+00
 4.0589E+03  8.3958E-04  1.2330E-02  1.3471E-03  3.9726E-02  1.0000E+00
 4.0900E+03  8.4115E-04  1.2259E-02  1.3473E-03  3.9429E-02  1.0000E+00
 4.1213E+03  8.4274E-04  1.2189E-02  1.3475E-03  3.9134E-02  1.0000E+00
 4.1529E+03  8.4434E-04  1.2118E-02  1.3476E-03  3.8841E-02  1.0000E+00
 4.1847E+03  8.4595E-04  1.2049E-02  1.3478E-03  3.8551E-02  1.0000E+00
 4.2167E+03  8.4758E-04  1.1980E-02  1.3480E-03  3.8262E-02  1.0000E+00
 4.2490E+03  8.4922E-04  1.1912E-02  1.3481E-03  3.7976E-02  1.0000E+00
 4.2816E+03  8.5087E-04  1.1844E-02  1.3483E-03  3.7693E-02  1.0000E+00
 4.3143E+03  8.5254E-04  1.1776E-02  1.3485E-03  3.7411E-02  1.0000E+00
 4.3474E+03  8.5422E-04  1.1710E-02  1.3486E-03  3.7131E-02  1.0000E+00
 4.3807E+03  8.5592E-04  1.1643E-02  1.3488E-03  3.6854E-02  1.0000E+00
 4.4142E+03  8.5763E-04  1.1577E-02  1.3490E-03  3.6578E-02  1.0000E+00
 4.4480E+03  8.5935E-04  1.1512E-02  1.3492E-03  3.6305E-02  1.0000E+00
 4.4821E+03  8.6108E-04  1.1447E-02  1.3493E-03  3.6034E-02  1.0000E+00
 4.5164E+03  8.6283E-04  1.1383E-02  1.3495E-03  3.5765E-02  1.0000E+00
 4.5510E+03  8.6460E-04  1.1319E-02  1.3497E-03  3.5498E-02  1.0000E+00
 4.5859E+03  8.6637E-04  1.1256E-02  1.3499E-03  3.5233E-02  1.0000E+00
 4.6210E+03  8.6816E-04  1.1193E-02  1.3501E-03  3.4970E-02  1.0000E+00
 4.6564E+03  8.6996E-04  1.1131E-02  1.3503E-03  3.4709E-02  1.0000E+00
 4.6920E+03  8.7178E-04  1.1069E-02  1.3504E-03  3.4450E-02  1.0000E+00
 4.7280E+03  8.7361E-04  1.1007E-02  1.3506E-03  3.4193E-02  1.0000E+00
 4.7642E+03  8.7545E-04  1.0946E-02  1.3508E-03  3.3938E-02  1.0000E+00
 4.8007E+03  8.7731E-04  1.0886E-02  1.3510E-03  3.3685E-02  1.0000E+00
 4.8374E+03  8.7917E-04  1.0826E-02  1.3512E-03  3.3433E-02  1.0000E+00
 4.8745E+03  8.8106E-04  1.0766E-02  1.3514E-03  3.3184E-02  1.0000E+00
 4.9118E+03  8.8294E-04  1.0707E-02  1.3516E-03  3.2936E-02  1.0000E+00
 4.9494E+03  8.8483E-04  1.0648E-02  1.3518E-03  3.2691E-02  1.0000E+00
 4.9873E+03  8.8673E-04  1.0589E-02  1.3520E-03  3.2447E-02  1.0000E+00
 5.0255E+03  8.8863E-04  1.0531E-02  1.3522E-03  3.2205E-02  1.0000E+00
 5.0640E+03  8.9054E-04  1.0473E-02  1.3524E-03  3.1965E-02  1.0000E+00
 5.1028E+03  8.9245E-04  1.0415E-02  1.3526E-03  3.1727E-02  1.0000E+00
 5.1419E+03  8.9436E-04  1.0358E-02  1.3528E-03  3.1491E-02  1.0000E+00
 5.1812E+03  8.9628E-04  1.0300E-02  1.3530E-03  3.1256E-02  1.0000E+00
 5.2209E+03  8.9821E-04  1.0244E-02  1.3532E-03  3.1024E-02  1.0000E+00
 5.2609E+03  9.0014E-04  1.0187E-02  1.3534E-03  3.0793E-02  1.0000E+00
 5.3012E+03  9.0208E-04  1.0131E-02  1.3536E-03  3.0563E-02  1.0000E+00
 5.3418E+03  9.0402E-04  1.0076E-02  1.3538E-03  3.0336E-02  1.0000E+00
 5.3827E+03  9.0597E-04  1.0020E-02  1.3541E-03  3.0110E-02  1.0000E+00
 5.4239E+03  9.0792E-04  9.9650E-03  1.3543E-03  2.9886E-02  1.0000E+00
 5.4655E+03  9.0988E-04  9.9102E-03  1.3545E-03  2.9664E-02  1.0000E+00
 5.5073E+03  9.1184E-04  9.8557E-03  1.3547E-03  2.9443E-02  1.0000E+00
 5.5495E+03  9.1381E-04  9.8015E-03  1.3549E-03  2.9224E-02  1.0000E+00
 5.5920E+03  9.1578E-04  9.7476E-03  1.3552E-03  2.9007E-02  1.0000E+00
 5.6348E+03  9.1776E-04  9.6940E-03  1.3554E-03  2.8791E-02  1.0000E+00
 5.6780E+03  9.1975E-04  9.6407E-03  1.3556E-03  2.8577E-02  1.0000E+00
 5.7215E+03  9.2173E-04  9.5878E-03  1.3558E-03  2.8364E-02  1.0000E+00
 5.7653E+03  9.2373E-04  9.5351E-03  1.3561E-03  2.8154E-02  1.0000E+00
 5.8094E+03  9.2573E-04  9.4827E-03  1.3563E-03  2.7944E-02  1.0000E+00
 5.8539E+03  9.2774E-04  9.4306E-03  1.3565E-03  2.7737E-02  1.0000E+00
 5.8988E+03  9.2975E-04  9.3788E-03  1.3568E-03  2.7531E-02  1.0000E+00
 5.9439E+03  9.3177E-04  9.3273E-03  1.3570E-03  2.7326E-02  1.0000E+00
 5.9895E+03  9.3379E-04  9.2761E-03  1.3572E-03  2.7123E-02  1.0000E+00
 6.0353E+03  9.3582E-04  9.2252E-03  1.3575E-03  2.6922E-02  1.0000E+00
 6.0815E+03  9.3785E-04  9.1746E-03  1.3577E-03  2.6722E-02  1.0000E+00
 6.1281E+03  9.3989E-04  9.1243E-03  1.3580E-03  2.6524E-02  1.0000E+00
 6.1751E+03  9.4194E-04  9.0742E-03  1.3582E-03  2.6327E-02  1.0000E+00
 6.2223E+03  9.4399E-04  9.0245E-03  1.3585E-03  2.6132E-02  1.0000E+00
 6.2700E+03  9.4605E-04  8.9750E-03  1.3587E-03  2.5938E-02  1.0000E+00
 6.3180E+03  9.4811E-04  8.9258E-03  1.3590E-03  2.5746E-02  1.0000E+00
 6.3664E+03  9.5018E-04  8.8769E-03  1.3592E-03  2.5555E-02  1.0000E+00
 6.4152E+03  9.5226E-04  8.8282E-03  1.3595E-03  2.5365E-02  1.0000E+00
 6.4643E+03  9.5434E-04  8.7798E-03  1.3597E-03  2.5177E-02  1.0000E+00
 6.5138E+03  9.5643E-04  8.7318E-03  1.3600E-03  2.4991E-02  1.0000E+00
 6.5637E+03  9.5852E-04  8.6839E-03  1.3603E-03  2.4806E-02  1.0000E+00
 6.6139E+03  9.6062E-04  8.6364E-03  1.3605E-03  2.4622E-02  1.0000E+00
 6.6646E+03  9.6272E-04  8.5891E-03  1.3608E-03  2.4439E-02  1.0000E+00
 6.7156E+03  9.6484E-04  8.5421E-03  1.3611E-03  2.4258E-02  1.0000E+00
 6.7671E+03  9.6695E-04  8.4954E-03  1.3613E-03  2.4079E-02  1.0000E+00
 6.8189E+03  9.6908E-04  8.4489E-03  1.3616E-03  2.3901E-02  1.0000E+00
 6.8711E+03  9.7121E-04  8.4027E-03  1.3619E-03  2.3724E-02  1.0000E+00
 6.9237E+03  9.7334E-04  8.3567E-03  1.3622E-03  2.3548E-02  1.0000E+00
 6.9768E+03  9.7549E-04  8.3111E-03  1.3624E-03  2.3374E-02  1.0000E+00
 7.0302E+03  9.7764E-04  8.2656E-03  1.3627E-03  2.3201E-02  1.0000E+00
 7.0840E+03  9.7979E-04  8.2205E-03  1.3630E-03  2.3030E-02  1.0000E+00
 7.1383E+03  9.8195E-04  8.1756E-03  1.3633E-03  2.2859E-02  1.0000E+00
 7.1929E+03  9.8412E-04  8.1309E-03  1.3636E-03  2.2690E-02  1.0000E+00
 7.2480E+03  9.8630E-04  8.0865E-03  1.3639E-03  2.2523E-02  1.0000E+00
 7.3035E+03  9.8848E-04  8.0424E-03  1.3642E-03  2.2356E-02  1.0000E+00
 7.3595E+03  9.9066E-04  7.9985E-03  1.3644E-03  2.2191E-02  1.0000E+00
 7.4158E+03  9.9286E-04  7.9548E-03  1.3647E-03  2.2027E-02  1.0000E+00
 7.4726E+03  9.9506E-04  7.9114E-03  1.3650E-03  2.1865E-02  1.0000E+00
 7.5299E+03  9.9727E-04  7.8683E-03  1.3653E-03  2.1703E-02  1.0000E+00
 7.5875E+03  9.9948E-04  7.8254E-03  1.3656E-03  2.1543E-02  1.0000E+00
 7.6456E+03  1.0017E-03  7.7827E-03  1.3660E-03  2.1384E-02  1.0000E+00
 7.7042E+03  1.0039E-03  7.7403E-03  1.3663E-03  2.1227E-02  1.0000E+00
 7.7632E+03  1.0062E-03  7.6981E-03  1.3666E-03  2.1070E-02  1.0000E+00
 7.8226E+03  1.0084E-03  7.6562E-03  1.3669E-03  2.0915E-02  1.0000E+00
 7.8825E+03  1.0107E-03  7.6145E-03  1.3672E-03  2.0761E-02  1.0000E+00
 7.9429E+03  1.0129E-03  7.5730E-03  1.3675E-03  2.0608E-02  1.0000E+00
 8.0037E+03  1.0152E-03  7.5318E-03  1.3678E-03  2.0456E-02  1.0000E+00
 8.0650E+03  1.0174E-03  7.4908E-03  1.3682E-03  2.0305E-02  1.0000E+00
 8.1268E+03  1.0197E-03  7.4501E-03  1.3685E-03  2.0156E-02  1.0000E+00
 8.1890E+03  1.0220E-03  7.4095E-03  1.3688E-03  2.0007E-02  1.0000E+00
 8.2518E+03  1.0243E-03  7.3692E-03  1.3691E-03  1.9860E-02  1.0000E+00
 8.3150E+03  1.0266E-03  7.3291E-03  1.3695E-03  1.9714E-02  1.0000E+00
 8.3786E+03  1.0288E-03  7.2891E-03  1.3698E-03  1.9569E-02  1.0000E+00
 8.4428E+03  1.0311E-03  7.2493E-03  1.3702E-03  1.9425E-02  1.0000E+00
 8.5075E+03  1.0334E-03  7.2096E-03  1.3705E-03  1.9282E-02  1.0000E+00
 8.5726E+03  1.0357E-03  7.1701E-03  1.3708E-03  1.9140E-02  1.0000E+00
 8.6383E+03  1.0379E-03  7.1307E-03  1.3712E-03  1.9000E-02  1.0000E+00
 8.7044E+03  1.0402E-03  7.0915E-03  1.3715E-03  1.8860E-02  1.0000E+00
 8.7711E+03  1.0425E-03  7.0525E-03  1.3719E-03  1.8721E-02  1.0000E+00
 8.8383E+03  1.0447E-03  7.0136E-03  1.3722E-03  1.8584E-02  1.0000E+00
 8.9059E+03  1.0470E-03  6.9749E-03  1.3726E-03  1.8448E-02  1.0000E+00
 8.9741E+03  1.0492E-03  6.9363E-03  1.3730E-03  1.8312E-02  1.0000E+00
 9.0429E+03  1.0515E-03  6.8979E-03  1.3733E-03  1.8178E-02  1.0000E+00
 9.1121E+03  1.0537E-03  6.8596E-03  1.3737E-03  1.8044E-02  1.0000E+00
 9.1819E+03  1.0560E-03  6.8215E-03  1.3741E-03  1.7912E-02  1.0000E+00
 9.2522E+03  1.0582E-03  6.7836E-03  1.3744E-03  1.7781E-02  1.0000E+00
 9.3231E+03  1.0605E-03  6.7458E-03  1.3748E-03  1.7650E-02  1.0000E+00
 9.3945E+03  1.0627E-03  6.7082E-03  1.3752E-03  1.7521E-02  1.0000E+00
 9.4664E+03  1.0649E-03  6.6707E-03  1.3756E-03  1.7393E-02  1.0000E+00
 9.5389E+03  1.0671E-03  6.6334E-03  1.3759E-03  1.7265E-02  1.0000E+00
 9.6120E+03  1.0694E-03  6.5962E-03  1.3763E-03  1.7139E-02  1.0000E+00
 9.6856E+03  1.0716E-03  6.5592E-03  1.3767E-03  1.7013E-02  1.0000E+00
 9.7598E+03  1.0738E-03  6.5223E-03  1.3771E-03  1.6889E-02  1.0000E+00
 9.8345E+03  1.0760E-03  6.4856E-03  1.3775E-03  1.6765E-02  1.0000E+00
 9.9098E+03  1.0782E-03  6.4490E-03  1.3779E-03  1.6643E-02  1.0000E+00
 9.9857E+03  1.0804E-03  6.4126E-03  1.3783E-03  1.6521E-02  1.0000E+00
 1.0062E+04  1.0826E-03  6.3763E-03  1.3787E-03  1.6400E-02  1.0000E+00
 1.0139E+04  1.0848E-03  6.3402E-03  1.3791E-03  1.6281E-02  1.0000E+00
 1.0217E+04  1.0870E-03  6.3042E-03  1.3795E-03  1.6162E-02  1.0000E+00
 1.0295E+04  1.0892E-03  6.2684E-03  1.3799E-03  1.6044E-02  1.0000E+00
 1.0374E+04  1.0914E-03  6.2328E-03  1.3804E-03  1.5927E-02  1.0000E+00
 1.0453E+04  1.0935E-03  6.1973E-03  1.3808E-03  1.5810E-02  1.0000E+00
 1.0533E+04  1.0957E-03  6.1619E-03  1.3812E-03  1.5695E-02  1.0000E+00
 1.0614E+04  1.0979E-03  6.1267E-03  1.3816E-03  1.5580E-02  1.0000E+00
 1.0695E+04  1.1000E-03  6.0916E-03  1.3821E-03  1.5467E-02  1.0000E+00
 1.0777E+04  1.1022E-03  6.0567E-03  1.3825E-03  1.5354E-02  1.0000E+00
 1.0860E+04  1.1044E-03  6.0220E-03  1.3829E-03  1.5242E-02  1.0000E+00
 1.0943E+04  1.1065E-03  5.9873E-03  1.3834E-03  1.5131E-02  1.0000E+00
 1.1027E+04  1.1087E-03  5.9529E-03  1.3838E-03  1.5021E-02  1.0000E+00
 1.1111E+04  1.1108E-03  5.9186E-03  1.3843E-03  1.4912E-02  1.0000E+00
 1.1196E+04  1.1129E-03  5.8844E-03  1.3847E-03  1.4803E-02  1.0000E+00
 1.1282E+04  1.1151E-03  5.8504E-03  1.3852E-03  1.4696E-02  1.0000E+00
 1.1369E+04  1.1172E-03  5.8165E-03  1.3856E-03  1.4589E-02  1.0000E+00
 1.1456E+04  1.1193E-03  5.7827E-03  1.3861E-03  1.4483E-02  1.0000E+00
 1.1543E+04  1.1214E-03  5.7491E-03  1.3866E-03  1.4377E-02  1.0000E+00
 1.1632E+04  1.1235E-03  5.7157E-03  1.3870E-03  1.4273E-02  1.0000E+00
 1.1721E+04  1.1256E-03  5.6824E-03  1.3875E-03  1.4169E-02  1.0000E+00
 1.1811E+04  1.1277E-03  5.6492E-03  1.3880E-03  1.4066E-02  1.0000E+00
 1.1901E+04  1.1298E-03  5.6162E-03  1.3885E-03  1.3964E-02  1.0000E+00
 1.1992E+04  1.1319E-03  5.5834E-03  1.3889E-03  1.3863E-02  1.0000E+00
 1.2084E+04  1.1340E-03  5.5506E-03  1.3894E-03  1.3763E-02  1.0000E+00
 1.2177E+04  1.1361E-03  5.5181E-03  1.3899E-03  1.3663E-02  1.0000E+00
 1.2270E+04  1.1382E-03  5.4856E-03  1.3904E-03  1.3564E-02  1.0000E+00
 1.2364E+04  1.1402E-03  5.4533E-03  1.3909E-03  1.3466E-02  1.0000E+00
 1.2458E+04  1.1423E-03  5.4212E-03  1.3914E-03  1.3368E-02  1.0000E+00
 1.2554E+04  1.1444E-03  5.3892E-03  1.3919E-03  1.3271E-02  1.0000E+00
 1.2650E+04  1.1464E-03  5.3573E-03  1.3924E-03  1.3175E-02  1.0000E+00
 1.2747E+04  1.1484E-03  5.3256E-03  1.3930E-03  1.3080E-02  1.0000E+00
 1.2845E+04  1.1505E-03  5.2940E-03  1.3935E-03  1.2985E-02  1.0000E+00
 1.2943E+04  1.1525E-03  5.2625E-03  1.3940E-03  1.2892E-02  1.0000E+00
 1.3042E+04  1.1546E-03  5.2313E-03  1.3945E-03  1.2798E-02  1.0000E+00
 1.3142E+04  1.1566E-03  5.2001E-03  1.3951E-03  1.2706E-02  1.0000E+00
 1.3243E+04  1.1586E-03  5.1691E-03  1.3956E-03  1.2614E-02  1.0000E+00
 1.3344E+04  1.1606E-03  5.1383E-03  1.3961E-03  1.2523E-02  1.0000E+00
 1.3446E+04  1.1626E-03  5.1076E-03  1.3967E-03  1.2433E-02  1.0000E+00
 1.3549E+04  1.1647E-03  5.0770E-03  1.3972E-03  1.2343E-02  1.0000E+00
 1.3653E+04  1.1667E-03  5.0466E-03  1.3978E-03  1.2254E-02  1.0000E+00
 1.3757E+04  1.1687E-03  5.0164E-03  1.3983E-03  1.2166E-02  1.0000E+00
 1.3863E+04  1.1707E-03  4.9863E-03  1.3989E-03  1.2078E-02  1.0000E+00
 1.3969E+04  1.1727E-03  4.9563E-03  1.3995E-03  1.1991E-02  1.0000E+00
 1.4076E+04  1.1747E-03  4.9265E-03  1.4000E-03  1.1905E-02  1.0000E+00
 1.4184E+04  1.1767E-03  4.8969E-03  1.4006E-03  1.1819E-02  1.0000E+00
 1.4292E+04  1.1787E-03  4.8674E-03  1.4012E-03  1.1735E-02  1.0000E+00
 1.4402E+04  1.1807E-03  4.8381E-03  1.4018E-03  1.1650E-02  1.0000E+00
 1.4512E+04  1.1826E-03  4.8089E-03  1.4024E-03  1.1566E-02  1.0000E+00
 1.4623E+04  1.1846E-03  4.7798E-03  1.4030E-03  1.1483E-02  1.0000E+00
 1.4735E+04  1.1866E-03  4.7509E-03  1.4036E-03  1.1401E-02  1.0000E+00
 1.4848E+04  1.1886E-03  4.7222E-03  1.4042E-03  1.1319E-02  1.0000E+00
 1.4962E+04  1.1906E-03  4.6936E-03  1.4048E-03  1.1238E-02  1.0000E+00
 1.5076E+04  1.1926E-03  4.6651E-03  1.4054E-03  1.1158E-02  1.0000E+00
 1.5192E+04  1.1945E-03  4.6368E-03  1.4060E-03  1.1078E-02  1.0000E+00
 1.5308E+04  1.1965E-03  4.6087E-03  1.4066E-03  1.0998E-02  1.0000E+00
 1.5425E+04  1.1985E-03  4.5807E-03  1.4072E-03  1.0920E-02  1.0000E+00
 1.5544E+04  1.2005E-03  4.5528E-03  1.4079E-03  1.0841E-02  1.0000E+00
 1.5663E+04  1.2024E-03  4.5251E-03  1.4085E-03  1.0764E-02  1.0000E+00
 1.5783E+04  1.2044E-03  4.4976E-03  1.4092E-03  1.0687E-02  1.0000E+00
 1.5903E+04  1.2064E-03  4.4702E-03  1.4098E-03  1.0611E-02  1.0000E+00
 1.6025E+04  1.2083E-03  4.4429E-03  1.4105E-03  1.0535E-02  1.0000E+00
 1.6148E+04  1.2103E-03  4.4158E-03  1.4111E-03  1.0460E-02  1.0000E+00
 1.6272E+04  1.2123E-03  4.3889E-03  1.4118E-03  1.0385E-02  1.0000E+00
 1.6396E+04  1.2142E-03  4.3620E-03  1.4124E-03  1.0311E-02  1.0000E+00
 1.6522E+04  1.2162E-03  4.3354E-03  1.4131E-03  1.0237E-02  1.0000E+00
 1.6648E+04  1.2182E-03  4.3089E-03  1.4138E-03  1.0164E-02  1.0000E+00
 1.6776E+04  1.2201E-03  4.2825E-03  1.4145E-03  1.0092E-02  1.0000E+00
 1.6904E+04  1.2221E-03  4.2563E-03  1.4152E-03  1.0020E-02  1.0000E+00
 1.7034E+04  1.2241E-03  4.2302E-03  1.4159E-03  9.9490E-03  1.0000E+00
 1.7164E+04  1.2261E-03  4.2043E-03  1.4166E-03  9.8783E-03  1.0000E+00
 1.7296E+04  1.2280E-03  4.1785E-03  1.4173E-03  9.8081E-03  1.0000E+00
 1.7428E+04  1.2300E-03  4.1529E-03  1.4180E-03  9.7384E-03  1.0000E+00
 1.7562E+04  1.2320E-03  4.1274E-03  1.4187E-03  9.6693E-03  1.0000E+00
 1.7696E+04  1.2339E-03  4.1021E-03  1.4194E-03  9.6007E-03  1.0000E+00
 1.7832E+04  1.2359E-03  4.0769E-03  1.4201E-03  9.5326E-03  1.0000E+00
 1.7968E+04  1.2379E-03  4.0519E-03  1.4209E-03  9.4650E-03  1.0000E+00
 1.8106E+04  1.2399E-03  4.0270E-03  1.4216E-03  9.3980E-03  1.0000E+00
 1.8244E+04  1.2419E-03  4.0022E-03  1.4224E-03  9.3315E-03  1.0000E+00
 1.8384E+04  1.2438E-03  3.9776E-03  1.4231E-03  9.2654E-03  1.0000E+00
 1.8525E+04  1.2458E-03  3.9531E-03  1.4239E-03  9.1999E-03  1.0000E+00
 1.8667E+04  1.2478E-03  3.9288E-03  1.4246E-03  9.1349E-03  1.0000E+00
 1.8810E+04  1.2498E-03  3.9047E-03  1.4254E-03  9.0703E-03  1.0000E+00
 1.8954E+04  1.2518E-03  3.8807E-03  1.4262E-03  9.0063E-03  1.0000E+00
 1.9099E+04  1.2538E-03  3.8568E-03  1.4270E-03  8.9427E-03  1.0000E+00
 1.9245E+04  1.2559E-03  3.8332E-03  1.4277E-03  8.8797E-03  1.0000E+00
 1.9393E+04  1.2579E-03  3.8096E-03  1.4285E-03  8.8171E-03  1.0000E+00
 1.9541E+04  1.2599E-03  3.7863E-03  1.4293E-03  8.7550E-03  1.0000E+00
 1.9691E+04  1.2620E-03  3.7630E-03  1.4301E-03  8.6933E-03  1.0000E+00
 1.9842E+04  1.2640E-03  3.7400E-03  1.4310E-03  8.6322E-03  1.0000E+00
 1.9994E+04  1.2661E-03  3.7170E-03  1.4318E-03  8.5715E-03  1.0000E+00
 2.0147E+04  1.2681E-03  3.6943E-03  1.4326E-03  8.5112E-03  1.0000E+00
 2.0301E+04  1.2702E-03  3.6716E-03  1.4334E-03  8.4515E-03  1.0000E+00
 2.0456E+04  1.2723E-03  3.6492E-03  1.4343E-03  8.3921E-03  1.0000E+00
 2.0613E+04  1.2744E-03  3.6268E-03  1.4351E-03  8.3333E-03  1.0000E+00
 2.0771E+04  1.2765E-03  3.6046E-03  1.4360E-03  8.2748E-03  1.0000E+00
 2.0930E+04  1.2786E-03  3.5826E-03  1.4368E-03  8.2169E-03  1.0000E+00
 2.1090E+04  1.2807E-03  3.5607E-03  1.4377E-03  8.1593E-03  1.0000E+00
 2.1252E+04  1.2828E-03  3.5389E-03  1.4386E-03  8.1022E-03  1.0000E+00
 2.1415E+04  1.2850E-03  3.5173E-03  1.4394E-03  8.0456E-03  1.0000E+00
 2.1579E+04  1.2871E-03  3.4959E-03  1.4403E-03  7.9893E-03  1.0000E+00
 2.1744E+04  1.2892E-03  3.4745E-03  1.4412E-03  7.9335E-03  1.0000E+00
 2.1910E+04  1.2914E-03  3.4533E-03  1.4421E-03  7.8782E-03  1.0000E+00
 2.2078E+04  1.2936E-03  3.4323E-03  1.4430E-03  7.8232E-03  1.0000E+00
 2.2247E+04  1.2957E-03  3.4113E-03  1.4440E-03  7.7687E-03  1.0000E+00
 2.2418E+04  1.2979E-03  3.3906E-03  1.4449E-03  7.7146E-03  1.0000E+00
 2.2589E+04  1.3001E-03  3.3699E-03  1.4458E-03  7.6609E-03  1.0000E+00
 2.2762E+04  1.3023E-03  3.3494E-03  1.4467E-03  7.6076E-03  1.0000E+00
 2.2937E+04  1.3045E-03  3.3290E-03  1.4477E-03  7.5547E-03  1.0000E+00
 2.3112E+04  1.3067E-03  3.3088E-03  1.4486E-03  7.5022E-03  1.0000E+00
 2.3289E+04  1.3089E-03  3.2886E-03  1.4496E-03  7.4501E-03  1.0000E+00
 2.3468E+04  1.3112E-03  3.2687E-03  1.4506E-03  7.3984E-03  1.0000E+00
 2.3647E+04  1.3134E-03  3.2488E-03  1.4515E-03  7.3472E-03  1.0000E+00
 2.3829E+04  1.3157E-03  3.2291E-03  1.4525E-03  7.2963E-03  1.0000E+00
 2.4011E+04  1.3179E-03  3.2095E-03  1.4535E-03  7.2457E-03  1.0000E+00
 2.4195E+04  1.3202E-03  3.1900E-03  1.4545E-03  7.1956E-03  1.0000E+00
 2.4380E+04  1.3225E-03  3.1706E-03  1.4555E-03  7.1459E-03  1.0000E+00
 2.4567E+04  1.3247E-03  3.1514E-03  1.4565E-03  7.0965E-03  1.0000E+00
 2.4755E+04  1.3270E-03  3.1323E-03  1.4576E-03  7.0475E-03  1.0000E+00
 2.4945E+04  1.3292E-03  3.1131E-03  1.4586E-03  6.9989E-03  1.0000E+00
 2.5136E+04  1.3312E-03  3.0934E-03  1.4596E-03  6.9507E-03  1.0000E+00
 2.5328E+04  1.3331E-03  3.0739E-03  1.4607E-03  6.9028E-03  1.0000E+00
 2.5522E+04  1.3351E-03  3.0544E-03  1.4617E-03  6.8553E-03  1.0000E+00
 2.5718E+04  1.3370E-03  3.0350E-03  1.4628E-03  6.8082E-03  1.0000E+00
 2.5915E+04  1.3390E-03  3.0158E-03  1.4639E-03  6.7614E-03  1.0000E+00
 2.6113E+04  1.3409E-03  2.9967E-03  1.4650E-03  6.7149E-03  1.0000E+00
 2.6313E+04  1.3429E-03  2.9777E-03  1.4661E-03  6.6689E-03  1.0000E+00
 2.6515E+04  1.3449E-03  2.9588E-03  1.4672E-03  6.6232E-03  1.0000E+00
 2.6718E+04  1.3468E-03  2.9400E-03  1.4683E-03  6.5778E-03  1.0000E+00
 2.6922E+04  1.3488E-03  2.9213E-03  1.4694E-03  6.5328E-03  1.0000E+00
 2.7128E+04  1.3507E-03  2.9028E-03  1.4705E-03  6.4881E-03  1.0000E+00
 2.7336E+04  1.3527E-03  2.8844E-03  1.4716E-03  6.4437E-03  1.0000E+00
 2.7545E+04  1.3547E-03  2.8660E-03  1.4728E-03  6.3997E-03  1.0000E+00
 2.7756E+04  1.3567E-03  2.8478E-03  1.4739E-03  6.3561E-03  1.0000E+00
 2.7969E+04  1.3586E-03  2.8297E-03  1.4751E-03  6.3128E-03  1.0000E+00
 2.8183E+04  1.3606E-03  2.8117E-03  1.4763E-03  6.2698E-03  1.0000E+00
 2.8399E+04  1.3626E-03  2.7938E-03  1.4775E-03  6.2271E-03  1.0000E+00
 2.8617E+04  1.3646E-03  2.7761E-03  1.4787E-03  6.1847E-03  1.0000E+00
 2.8836E+04  1.3666E-03  2.7584E-03  1.4799E-03  6.1427E-03  1.0000E+00
 2.9056E+04  1.3686E-03  2.7409E-03  1.4811E-03  6.1010E-03  1.0000E+00
 2.9279E+04  1.3705E-03  2.7234E-03  1.4823E-03  6.0596E-03  1.0000E+00
 2.9503E+04  1.3725E-03  2.7061E-03  1.4835E-03  6.0186E-03  1.0000E+00
 2.9729E+04  1.3745E-03  2.6889E-03  1.4848E-03  5.9778E-03  1.0000E+00
 2.9957E+04  1.3766E-03  2.6717E-03  1.4860E-03  5.9374E-03  1.0000E+00
 3.0186E+04  1.3786E-03  2.6547E-03  1.4873E-03  5.8973E-03  1.0000E+00
 3.0417E+04  1.3806E-03  2.6378E-03  1.4885E-03  5.8575E-03  1.0000E+00
 3.0650E+04  1.3826E-03  2.6210E-03  1.4898E-03  5.8179E-03  1.0000E+00
 3.0885E+04  1.3846E-03  2.6043E-03  1.4911E-03  5.7787E-03  1.0000E+00
 3.1122E+04  1.3867E-03  2.5877E-03  1.4924E-03  5.7398E-03  1.0000E+00
 3.1360E+04  1.3887E-03  2.5713E-03  1.4937E-03  5.7012E-03  1.0000E+00
 3.1600E+04  1.3907E-03  2.5549E-03  1.4950E-03  5.6629E-03  1.0000E+00
 3.1842E+04  1.3928E-03  2.5386E-03  1.4964E-03  5.6249E-03  1.0000E+00
 3.2086E+04  1.3948E-03  2.5224E-03  1.4977E-03  5.5871E-03  1.0000E+00
 3.2332E+04  1.3969E-03  2.5064E-03  1.4991E-03  5.5497E-03  1.0000E+00
 3.2579E+04  1.3989E-03  2.4904E-03  1.5004E-03  5.5125E-03  1.0000E+00
 3.2829E+04  1.4010E-03  2.4745E-03  1.5018E-03  5.4757E-03  1.0000E+00
 3.3080E+04  1.4031E-03  2.4588E-03  1.5032E-03  5.4391E-03  1.0000E+00
 3.3334E+04  1.4051E-03  2.4431E-03  1.5046E-03  5.4028E-03  1.0000E+00
 3.3589E+04  1.4072E-03  2.4276E-03  1.5060E-03  5.3667E-03  1.0000E+00
 3.3846E+04  1.4093E-03  2.4121E-03  1.5074E-03  5.3310E-03  1.0000E+00
 3.4105E+04  1.4114E-03  2.3967E-03  1.5089E-03  5.2955E-03  1.0000E+00
 3.4367E+04  1.4135E-03  2.3815E-03  1.5103E-03  5.2603E-03  1.0000E+00
 3.4630E+04  1.4156E-03  2.3663E-03  1.5118E-03  5.2253E-03  1.0000E+00
 3.4895E+04  1.4177E-03  2.3512E-03  1.5133E-03  5.1907E-03  1.0000E+00
 3.5162E+04  1.4199E-03  2.3363E-03  1.5147E-03  5.1563E-03  1.0000E+00
 3.5431E+04  1.4220E-03  2.3214E-03  1.5162E-03  5.1221E-03  1.0000E+00
 3.5703E+04  1.4241E-03  2.3066E-03  1.5177E-03  5.0882E-03  1.0000E+00
 3.5976E+04  1.4263E-03  2.2920E-03  1.5193E-03  5.0546E-03  1.0000E+00
 3.6252E+04  1.4284E-03  2.2774E-03  1.5208E-03  5.0213E-03  1.0000E+00
 3.6529E+04  1.4306E-03  2.2629E-03  1.5223E-03  4.9882E-03  1.0000E+00
 3.6809E+04  1.4328E-03  2.2485E-03  1.5239E-03  4.9553E-03  1.0000E+00
 3.7091E+04  1.4349E-03  2.2342E-03  1.5255E-03  4.9227E-03  1.0000E+00
 3.7375E+04  1.4371E-03  2.2200E-03  1.5270E-03  4.8904E-03  1.0000E+00
 3.7661E+04  1.4393E-03  2.2059E-03  1.5286E-03  4.8583E-03  1.0000E+00
 3.7950E+04  1.4415E-03  2.1919E-03  1.5302E-03  4.8264E-03  1.0000E+00
 3.8240E+04  1.4437E-03  2.1780E-03  1.5319E-03  4.7948E-03  1.0000E+00
 3.8533E+04  1.4459E-03  2.1641E-03  1.5335E-03  4.7634E-03  1.0000E+00
 3.8828E+04  1.4482E-03  2.1504E-03  1.5351E-03  4.7323E-03  1.0000E+00
 3.9126E+04  1.4504E-03  2.1367E-03  1.5368E-03  4.7014E-03  1.0000E+00
 3.9425E+04  1.4526E-03  2.1232E-03  1.5385E-03  4.6708E-03  1.0000E+00
 3.9727E+04  1.4549E-03  2.1097E-03  1.5402E-03  4.6404E-03  1.0000E+00
 4.0032E+04  1.4572E-03  2.0963E-03  1.5419E-03  4.6102E-03  1.0000E+00
 4.0338E+04  1.4594E-03  2.0830E-03  1.5436E-03  4.5802E-03  1.0000E+00
 4.0647E+04  1.4617E-03  2.0698E-03  1.5453E-03  4.5505E-03  1.0000E+00
 4.0958E+04  1.4640E-03  2.0567E-03  1.5471E-03  4.5210E-03  1.0000E+00
 4.1272E+04  1.4663E-03  2.0437E-03  1.5488E-03  4.4918E-03  1.0000E+00
 4.1588E+04  1.4686E-03  2.0308E-03  1.5506E-03  4.4627E-03  1.0000E+00
 4.1907E+04  1.4709E-03  2.0179E-03  1.5524E-03  4.4339E-03  1.0000E+00
 4.2228E+04  1.4733E-03  2.0052E-03  1.5542E-03  4.4053E-03  1.0000E+00
 4.2551E+04  1.4756E-03  1.9925E-03  1.5560E-03  4.3770E-03  1.0000E+00
 4.2877E+04  1.4780E-03  1.9799E-03  1.5578E-03  4.3488E-03  1.0000E+00
 4.3205E+04  1.4803E-03  1.9674E-03  1.5597E-03  4.3209E-03  1.0000E+00
 4.3536E+04  1.4827E-03  1.9549E-03  1.5615E-03  4.2932E-03  1.0000E+00
 4.3869E+04  1.4851E-03  1.9426E-03  1.5634E-03  4.2657E-03  1.0000E+00
 4.4205E+04  1.4875E-03  1.9303E-03  1.5653E-03  4.2384E-03  1.0000E+00
 4.4544E+04  1.4899E-03  1.9182E-03  1.5672E-03  4.2113E-03  1.0000E+00
 4.4885E+04  1.4923E-03  1.9061E-03  1.5692E-03  4.1844E-03  1.0000E+00
 4.5229E+04  1.4948E-03  1.8941E-03  1.5711E-03  4.1578E-03  1.0000E+00
 4.5575E+04  1.4972E-03  1.8821E-03  1.5731E-03  4.1313E-03  1.0000E+00
 4.5924E+04  1.4997E-03  1.8703E-03  1.5750E-03  4.1050E-03  1.0000E+00
 4.6276E+04  1.5022E-03  1.8585E-03  1.5770E-03  4.0790E-03  1.0000E+00
 4.6630E+04  1.5046E-03  1.8468E-03  1.5790E-03  4.0531E-03  1.0000E+00
 4.6987E+04  1.5071E-03  1.8352E-03  1.5810E-03  4.0275E-03  1.0000E+00
 4.7347E+04  1.5097E-03  1.8237E-03  1.5831E-03  4.0020E-03  1.0000E+00
 4.7710E+04  1.5122E-03  1.8123E-03  1.5851E-03  3.9768E-03  1.0000E+00
 4.8075E+04  1.5147E-03  1.8009E-03  1.5872E-03  3.9517E-03  1.0000E+00
 4.8443E+04  1.5173E-03  1.7896E-03  1.5893E-03  3.9269E-03  1.0000E+00
 4.8814E+04  1.5198E-03  1.7784E-03  1.5914E-03  3.9022E-03  1.0000E+00
 4.9188E+04  1.5224E-03  1.7673E-03  1.5935E-03  3.8777E-03  1.0000E+00
 4.9565E+04  1.5250E-03  1.7562E-03  1.5957E-03  3.8534E-03  1.0000E+00
 4.9945E+04  1.5276E-03  1.7452E-03  1.5978E-03  3.8293E-03  1.0000E+00
 5.0327E+04  1.5302E-03  1.7343E-03  1.6000E-03  3.8054E-03  1.0000E+00
 5.0713E+04  1.5329E-03  1.7235E-03  1.6022E-03  3.7816E-03  1.0000E+00
 5.1101E+04  1.5355E-03  1.7127E-03  1.6044E-03  3.7581E-03  1.0000E+00
 5.1492E+04  1.5382E-03  1.7020E-03  1.6067E-03  3.7347E-03  1.0000E+00
 5.1887E+04  1.5409E-03  1.6914E-03  1.6089E-03  3.7115E-03  1.0000E+00
 5.2284E+04  1.5436E-03  1.6809E-03  1.6112E-03  3.6885E-03  1.0000E+00
 5.2684E+04  1.5463E-03  1.6704E-03  1.6135E-03  3.6657E-03  1.0000E+00
 5.3088E+04  1.5490E-03  1.6600E-03  1.6158E-03  3.6431E-03  1.0000E+00
 5.3494E+04  1.5518E-03  1.6497E-03  1.6181E-03  3.6206E-03  1.0000E+00
 5.3904E+04  1.5545E-03  1.6394E-03  1.6205E-03  3.5983E-03  1.0000E+00
 5.4317E+04  1.5573E-03  1.6293E-03  1.6229E-03  3.5762E-03  1.0000E+00
 5.4733E+04  1.5601E-03  1.6192E-03  1.6252E-03  3.5542E-03  1.0000E+00
 5.5152E+04  1.5629E-03  1.6091E-03  1.6277E-03  3.5324E-03  1.0000E+00
 5.5574E+04  1.5657E-03  1.5992E-03  1.6301E-03  3.5108E-03  1.0000E+00
 5.6000E+04  1.5686E-03  1.5893E-03  1.6325E-03  3.4894E-03  1.0000E+00
 5.6429E+04  1.5714E-03  1.5794E-03  1.6350E-03  3.4681E-03  1.0000E+00
 5.6861E+04  1.5743E-03  1.5697E-03  1.6375E-03  3.4470E-03  1.0000E+00
 5.7297E+04  1.5772E-03  1.5600E-03  1.6400E-03  3.4260E-03  1.0000E+00
 5.7735E+04  1.5801E-03  1.5504E-03  1.6425E-03  3.4052E-03  1.0000E+00
 5.8177E+04  1.5831E-03  1.5408E-03  1.6451E-03  3.3846E-03  1.0000E+00
 5.8623E+04  1.5860E-03  1.5313E-03  1.6477E-03  3.3641E-03  1.0000E+00
 5.9072E+04  1.5890E-03  1.5219E-03  1.6503E-03  3.3438E-03  1.0000E+00
 5.9524E+04  1.5920E-03  1.5125E-03  1.6529E-03  3.3237E-03  1.0000E+00
 5.9980E+04  1.5950E-03  1.5032E-03  1.6555E-03  3.3037E-03  1.0000E+00
 6.0440E+04  1.5980E-03  1.4940E-03  1.6582E-03  3.2839E-03  1.0000E+00
 6.0902E+04  1.6011E-03  1.4849E-03  1.6609E-03  3.2642E-03  1.0000E+00
 6.1369E+04  1.6042E-03  1.4758E-03  1.6636E-03  3.2447E-03  1.0000E+00
 6.1839E+04  1.6073E-03  1.4667E-03  1.6663E-03  3.2253E-03  1.0000E+00
 6.2312E+04  1.6104E-03  1.4578E-03  1.6691E-03  3.2061E-03  1.0000E+00
 6.2790E+04  1.6135E-03  1.4489E-03  1.6719E-03  3.1870E-03  1.0000E+00
 6.3270E+04  1.6167E-03  1.4400E-03  1.6747E-03  3.1681E-03  1.0000E+00
 6.3755E+04  1.6198E-03  1.4312E-03  1.6775E-03  3.1493E-03  1.0000E+00
 6.4243E+04  1.6230E-03  1.4225E-03  1.6803E-03  3.1307E-03  1.0000E+00
 6.4735E+04  1.6262E-03  1.4139E-03  1.6832E-03  3.1122E-03  1.0000E+00
 6.5231E+04  1.6295E-03  1.4053E-03  1.6861E-03  3.0939E-03  1.0000E+00
 6.5731E+04  1.6327E-03  1.3968E-03  1.6890E-03  3.0757E-03  1.0000E+00
 6.6234E+04  1.6360E-03  1.3883E-03  1.6920E-03  3.0577E-03  1.0000E+00
 6.6741E+04  1.6393E-03  1.3799E-03  1.6950E-03  3.0398E-03  1.0000E+00
 6.7252E+04  1.6427E-03  1.3715E-03  1.6980E-03  3.0220E-03  1.0000E+00
 6.7767E+04  1.6460E-03  1.3632E-03  1.7010E-03  3.0044E-03  1.0000E+00
 6.8286E+04  1.6494E-03  1.3550E-03  1.7040E-03  2.9869E-03  1.0000E+00
 6.8809E+04  1.6528E-03  1.3468E-03  1.7071E-03  2.9696E-03  1.0000E+00
 6.9336E+04  1.6562E-03  1.3387E-03  1.7102E-03  2.9523E-03  1.0000E+00
 6.9867E+04  1.6596E-03  1.3306E-03  1.7134E-03  2.9353E-03  1.0000E+00
 7.0402E+04  1.6631E-03  1.3226E-03  1.7165E-03  2.9183E-03  1.0000E+00
 7.0942E+04  1.6666E-03  1.3147E-03  1.7197E-03  2.9015E-03  1.0000E+00
 7.1485E+04  1.6701E-03  1.3068E-03  1.7229E-03  2.8848E-03  1.0000E+00
 7.2032E+04  1.6737E-03  1.2990E-03  1.7262E-03  2.8683E-03  1.0000E+00
 7.2584E+04  1.6772E-03  1.2912E-03  1.7294E-03  2.8519E-03  1.0000E+00
 7.3140E+04  1.6808E-03  1.2835E-03  1.7327E-03  2.8356E-03  1.0000E+00
 7.3700E+04  1.6845E-03  1.2758E-03  1.7360E-03  2.8195E-03  1.0000E+00
 7.4264E+04  1.6881E-03  1.2682E-03  1.7394E-03  2.8034E-03  1.0000E+00
 7.4833E+04  1.6918E-03  1.2607E-03  1.7428E-03  2.7875E-03  1.0000E+00
 7.5406E+04  1.6955E-03  1.2532E-03  1.7462E-03  2.7718E-03  1.0000E+00
 7.5984E+04  1.6992E-03  1.2457E-03  1.7496E-03  2.7561E-03  1.0000E+00
 7.6566E+04  1.7030E-03  1.2383E-03  1.7531E-03  2.7406E-03  1.0000E+00
 7.7152E+04  1.7068E-03  1.2310E-03  1.7566E-03  2.7252E-03  1.0000E+00
 7.7743E+04  1.7106E-03  1.2237E-03  1.7601E-03  2.7099E-03  1.0000E+00
 7.8338E+04  1.7144E-03  1.2165E-03  1.7637E-03  2.6948E-03  1.0000E+00
 7.8938E+04  1.7183E-03  1.2093E-03  1.7673E-03  2.6797E-03  1.0000E+00
 7.9543E+04  1.7222E-03  1.2022E-03  1.7709E-03  2.6648E-03  1.0000E+00
 8.0152E+04  1.7261E-03  1.1951E-03  1.7746E-03  2.6500E-03  1.0000E+00
 8.0766E+04  1.7301E-03  1.1881E-03  1.7783E-03  2.6354E-03  1.0000E+00
 8.1384E+04  1.7340E-03  1.1811E-03  1.7820E-03  2.6208E-03  1.0000E+00
 8.2008E+04  1.7381E-03  1.1742E-03  1.7857E-03  2.6064E-03  1.0000E+00
 8.2636E+04  1.7421E-03  1.1673E-03  1.7895E-03  2.5920E-03  1.0000E+00
 8.3268E+04  1.7462E-03  1.1605E-03  1.7933E-03  2.5778E-03  1.0000E+00
 8.3906E+04  1.7503E-03  1.1537E-03  1.7972E-03  2.5637E-03  1.0000E+00
 8.4549E+04  1.7544E-03  1.1470E-03  1.8011E-03  2.5497E-03  1.0000E+00
 8.5196E+04  1.7586E-03  1.1403E-03  1.8050E-03  2.5359E-03  1.0000E+00
 8.5849E+04  1.7628E-03  1.1337E-03  1.8089E-03  2.5221E-03  1.0000E+00
 8.6506E+04  1.7671E-03  1.1271E-03  1.8129E-03  2.5085E-03  1.0000E+00
 8.7169E+04  1.7713E-03  1.1206E-03  1.8169E-03  2.4949E-03  1.0000E+00
 8.7836E+04  1.7756E-03  1.1141E-03  1.8210E-03  2.4815E-03  1.0000E+00
 8.8509E+04  1.7800E-03  1.1076E-03  1.8251E-03  2.4682E-03  1.0000E+00
 8.9187E+04  1.7844E-03  1.1013E-03  1.8292E-03  2.4549E-03  1.0000E+00
 8.9870E+04  1.7888E-03  1.0949E-03  1.8334E-03  2.4418E-03  1.0000E+00
 9.0558E+04  1.7932E-03  1.0886E-03  1.8376E-03  2.4288E-03  1.0000E+00
 9.1252E+04  1.7977E-03  1.0824E-03  1.8418E-03  2.4159E-03  1.0000E+00
 9.1950E+04  1.8022E-03  1.0762E-03  1.8461E-03  2.4031E-03  1.0000E+00
 9.2655E+04  1.8067E-03  1.0700E-03  1.8504E-03  2.3904E-03  1.0000E+00
 9.3364E+04  1.8113E-03  1.0639E-03  1.8548E-03  2.3779E-03  1.0000E+00
 9.4079E+04  1.8159E-03  1.0578E-03  1.8592E-03  2.3654E-03  1.0000E+00
 9.4800E+04  1.8206E-03  1.0518E-03  1.8636E-03  2.3530E-03  1.0000E+00
 9.5526E+04  1.8253E-03  1.0458E-03  1.8681E-03  2.3407E-03  1.0000E+00
 9.6257E+04  1.8300E-03  1.0399E-03  1.8726E-03  2.3285E-03  1.0000E+00
 9.6994E+04  1.8348E-03  1.0340E-03  1.8771E-03  2.3164E-03  1.0000E+00
 9.7737E+04  1.8396E-03  1.0281E-03  1.8817E-03  2.3045E-03  1.0000E+00
 9.8486E+04  1.8445E-03  1.0223E-03  1.8864E-03  2.2926E-03  1.0000E+00
 9.9240E+04  1.8493E-03  1.0165E-03  1.8910E-03  2.2808E-03  1.0000E+00
 1.0000E+05  1.8543E-03  1.0108E-03  1.8957E-03  2.2691E-03  1.0000E+00


