#     0	 1	   13	 3	 2.2565E+03	 1000	1
 4.8978E+01  0.0000E+00  0.0000E+00  0.0000E+00  0.0000E+00  0.0000E+00
 4.9353E+01  0.0000E+00  0.0000E+00  0.0000E+00  0.0000E+00  0.0000E+00
 4.9731E+01  0.0000E+00  0.0000E+00  0.0000E+00  0.0000E+00  0.0000E+00
 5.0112E+01  0.0000E+00  0.0000E+00  0.0000E+00  0.0000E+00  0.0000E+00
 5.0496E+01  0.0000E+00  0.0000E+00  0.0000E+00  0.0000E+00  0.0000E+00
 5.0882E+01  0.0000E+00  0.0000E+00  0.0000E+00  0.0000E+00  0.0000E+00
 5.1272E+01  0.0000E+00  0.0000E+00  0.0000E+00  0.0000E+00  0.0000E+00
 5.1665E+01  0.0000E+00  0.0000E+00  0.0000E+00  0.0000E+00  0.0000E+00
 5.2060E+01  0.0000E+00  0.0000E+00  0.0000E+00  0.0000E+00  0.0000E+00
 5.2459E+01  0.0000E+00  0.0000E+00  0.0000E+00  0.0000E+00  0.0000E+00
 5.2861E+01  0.0000E+00  0.0000E+00  0.0000E+00  0.0000E+00  0.0000E+00
 5.3266E+01  0.0000E+00  0.0000E+00  0.0000E+00  0.0000E+00  0.0000E+00
 5.3673E+01  0.0000E+00  0.0000E+00  0.0000E+00  0.0000E+00  0.0000E+00
 5.4085E+01  0.0000E+00  0.0000E+00  0.0000E+00  0.0000E+00  0.0000E+00
 5.4499E+01  0.0000E+00  0.0000E+00  0.0000E+00  0.0000E+00  0.0000E+00
 5.4916E+01  0.0000E+00  0.0000E+00  0.0000E+00  0.0000E+00  0.0000E+00
 5.5337E+01  0.0000E+00  0.0000E+00  0.0000E+00  0.0000E+00  0.0000E+00
 5.5760E+01  0.0000E+00  0.0000E+00  0.0000E+00  0.0000E+00  0.0000E+00
 5.6187E+01  0.0000E+00  0.0000E+00  0.0000E+00  0.0000E+00  0.0000E+00
 5.6618E+01  0.0000E+00  0.0000E+00  0.0000E+00  0.0000E+00  0.0000E+00
 5.7051E+01  0.0000E+00  0.0000E+00  0.0000E+00  0.0000E+00  0.0000E+00
 5.7488E+01  0.0000E+00  0.0000E+00  0.0000E+00  0.0000E+00  0.0000E+00
 5.7929E+01  0.0000E+00  0.0000E+00  0.0000E+00  0.0000E+00  0.0000E+00
 5.8372E+01  0.0000E+00  0.0000E+00  0.0000E+00  0.0000E+00  0.0000E+00
 5.8819E+01  0.0000E+00  0.0000E+00  0.0000E+00  0.0000E+00  0.0000E+00
 5.9270E+01  0.0000E+00  0.0000E+00  0.0000E+00  0.0000E+00  0.0000E+00
 5.9724E+01  0.0000E+00  0.0000E+00  0.0000E+00  0.0000E+00  0.0000E+00
 6.0181E+01  0.0000E+00  0.0000E+00  0.0000E+00  0.0000E+00  0.0000E+00
 6.0642E+01  0.0000E+00  0.0000E+00  0.0000E+00  0.0000E+00  0.0000E+00
 6.1106E+01  0.0000E+00  0.0000E+00  0.0000E+00  0.0000E+00  0.0000E+00
 6.1574E+01  0.0000E+00  0.0000E+00  0.0000E+00  0.0000E+00  0.0000E+00
 6.2046E+01  0.0000E+00  0.0000E+00  0.0000E+00  0.0000E+00  0.0000E+00
 6.2521E+01  0.0000E+00  0.0000E+00  0.0000E+00  0.0000E+00  0.0000E+00
 6.3000E+01  0.0000E+00  0.0000E+00  0.0000E+00  0.0000E+00  0.0000E+00
 6.3482E+01  0.0000E+00  0.0000E+00  0.0000E+00  0.0000E+00  0.0000E+00
 6.3968E+01  0.0000E+00  0.0000E+00  0.0000E+00  0.0000E+00  0.0000E+00
 6.4458E+01  0.0000E+00  0.0000E+00  0.0000E+00  0.0000E+00  0.0000E+00
 6.4952E+01  0.0000E+00  0.0000E+00  0.0000E+00  0.0000E+00  0.0000E+00
 6.5449E+01  0.0000E+00  0.0000E+00  0.0000E+00  0.0000E+00  0.0000E+00
 6.5951E+01  0.0000E+00  0.0000E+00  0.0000E+00  0.0000E+00  0.0000E+00
 6.6456E+01  0.0000E+00  0.0000E+00  0.0000E+00  0.0000E+00  0.0000E+00
 6.6965E+01  0.0000E+00  0.0000E+00  0.0000E+00  0.0000E+00  0.0000E+00
 6.7478E+01  0.0000E+00  0.0000E+00  0.0000E+00  0.0000E+00  0.0000E+00
 6.7994E+01  0.0000E+00  0.0000E+00  0.0000E+00  0.0000E+00  0.0000E+00
 6.8515E+01  0.0000E+00  0.0000E+00  0.0000E+00  0.0000E+00  0.0000E+00
 6.9040E+01  0.0000E+00  0.0000E+00  0.0000E+00  0.0000E+00  0.0000E+00
 6.9568E+01  0.0000E+00  0.0000E+00  0.0000E+00  0.0000E+00  0.0000E+00
 7.0101E+01  0.0000E+00  0.0000E+00  0.0000E+00  0.0000E+00  0.0000E+00
 7.0638E+01  0.0000E+00  0.0000E+00  0.0000E+00  0.0000E+00  0.0000E+00
 7.1179E+01  0.0000E+00  0.0000E+00  0.0000E+00  0.0000E+00  0.0000E+00
 7.1724E+01  0.0000E+00  0.0000E+00  0.0000E+00  0.0000E+00  0.0000E+00
 7.2273E+01  0.0000E+00  0.0000E+00  0.0000E+00  0.0000E+00  0.0000E+00
 7.2827E+01  0.0000E+00  0.0000E+00  0.0000E+00  0.0000E+00  0.0000E+00
 7.3385E+01  0.0000E+00  0.0000E+00  0.0000E+00  0.0000E+00  0.0000E+00
 7.3947E+01  0.0000E+00  0.0000E+00  0.0000E+00  0.0000E+00  0.0000E+00
 7.4513E+01  0.0000E+00  0.0000E+00  0.0000E+00  0.0000E+00  0.0000E+00
 7.5084E+01  0.0000E+00  0.0000E+00  0.0000E+00  0.0000E+00  0.0000E+00
 7.5659E+01  0.0000E+00  0.0000E+00  0.0000E+00  0.0000E+00  0.0000E+00
 7.6238E+01  0.0000E+00  0.0000E+00  0.0000E+00  0.0000E+00  0.0000E+00
 7.6822E+01  0.0000E+00  0.0000E+00  0.0000E+00  0.0000E+00  0.0000E+00
 7.7410E+01  0.0000E+00  0.0000E+00  0.0000E+00  0.0000E+00  0.0000E+00
 7.8003E+01  0.0000E+00  0.0000E+00  0.0000E+00  0.0000E+00  0.0000E+00
 7.8601E+01  0.0000E+00  0.0000E+00  0.0000E+00  0.0000E+00  0.0000E+00
 7.9202E+01  0.0000E+00  0.0000E+00  0.0000E+00  0.0000E+00  0.0000E+00
 7.9809E+01  0.0000E+00  0.0000E+00  0.0000E+00  0.0000E+00  0.0000E+00
 8.0420E+01  0.0000E+00  0.0000E+00  0.0000E+00  0.0000E+00  0.0000E+00
 8.1036E+01  0.0000E+00  0.0000E+00  0.0000E+00  0.0000E+00  0.0000E+00
 8.1657E+01  0.0000E+00  0.0000E+00  0.0000E+00  0.0000E+00  0.0000E+00
 8.2282E+01  0.0000E+00  0.0000E+00  0.0000E+00  0.0000E+00  0.0000E+00
 8.2912E+01  0.0000E+00  0.0000E+00  0.0000E+00  0.0000E+00  0.0000E+00
 8.3547E+01  0.0000E+00  0.0000E+00  0.0000E+00  0.0000E+00  0.0000E+00
 8.4187E+01  0.0000E+00  0.0000E+00  0.0000E+00  0.0000E+00  0.0000E+00
 8.4832E+01  0.0000E+00  0.0000E+00  0.0000E+00  0.0000E+00  0.0000E+00
 8.5481E+01  0.0000E+00  0.0000E+00  0.0000E+00  0.0000E+00  0.0000E+00
 8.6136E+01  0.0000E+00  0.0000E+00  0.0000E+00  0.0000E+00  0.0000E+00
 8.6796E+01  0.0000E+00  0.0000E+00  0.0000E+00  0.0000E+00  0.0000E+00
 8.7460E+01  0.0000E+00  0.0000E+00  0.0000E+00  0.0000E+00  0.0000E+00
 8.8130E+01  0.0000E+00  0.0000E+00  0.0000E+00  0.0000E+00  0.0000E+00
 8.8805E+01  0.0000E+00  0.0000E+00  0.0000E+00  0.0000E+00  0.0000E+00
 8.9485E+01  0.0000E+00  0.0000E+00  0.0000E+00  0.0000E+00  0.0000E+00
 9.0171E+01  0.0000E+00  0.0000E+00  0.0000E+00  0.0000E+00  0.0000E+00
 9.0861E+01  0.0000E+00  0.0000E+00  0.0000E+00  0.0000E+00  0.0000E+00
 9.1557E+01  0.0000E+00  0.0000E+00  0.0000E+00  0.0000E+00  0.0000E+00
 9.2258E+01  0.0000E+00  0.0000E+00  0.0000E+00  0.0000E+00  0.0000E+00
 9.2965E+01  0.0000E+00  0.0000E+00  0.0000E+00  0.0000E+00  0.0000E+00
 9.3677E+01  0.0000E+00  0.0000E+00  0.0000E+00  0.0000E+00  0.0000E+00
 9.4394E+01  0.0000E+00  0.0000E+00  0.0000E+00  0.0000E+00  0.0000E+00
 9.5117E+01  0.0000E+00  0.0000E+00  0.0000E+00  0.0000E+00  0.0000E+00
 9.5845E+01  0.0000E+00  0.0000E+00  0.0000E+00  0.0000E+00  0.0000E+00
 9.6579E+01  0.0000E+00  0.0000E+00  0.0000E+00  0.0000E+00  0.0000E+00
 9.7319E+01  0.0000E+00  0.0000E+00  0.0000E+00  0.0000E+00  0.0000E+00
 9.8064E+01  0.0000E+00  0.0000E+00  0.0000E+00  0.0000E+00  0.0000E+00
 9.8815E+01  0.0000E+00  0.0000E+00  0.0000E+00  0.0000E+00  0.0000E+00
 9.9572E+01  0.0000E+00  0.0000E+00  0.0000E+00  0.0000E+00  0.0000E+00
 1.0033E+02  0.0000E+00  0.0000E+00  0.0000E+00  0.0000E+00  0.0000E+00
 1.0110E+02  0.0000E+00  0.0000E+00  0.0000E+00  0.0000E+00  0.0000E+00
 1.0188E+02  0.0000E+00  0.0000E+00  0.0000E+00  0.0000E+00  0.0000E+00
 1.0266E+02  0.0000E+00  0.0000E+00  0.0000E+00  0.0000E+00  0.0000E+00
 1.0344E+02  0.0000E+00  0.0000E+00  0.0000E+00  0.0000E+00  0.0000E+00
 1.0424E+02  0.0000E+00  0.0000E+00  0.0000E+00  0.0000E+00  0.0000E+00
 1.0503E+02  0.0000E+00  0.0000E+00  0.0000E+00  0.0000E+00  0.0000E+00
 1.0584E+02  0.0000E+00  0.0000E+00  0.0000E+00  0.0000E+00  0.0000E+00
 1.0665E+02  0.0000E+00  0.0000E+00  0.0000E+00  0.0000E+00  0.0000E+00
 1.0747E+02  0.0000E+00  0.0000E+00  0.0000E+00  0.0000E+00  0.0000E+00
 1.0829E+02  0.0000E+00  0.0000E+00  0.0000E+00  0.0000E+00  0.0000E+00
 1.0912E+02  0.0000E+00  0.0000E+00  0.0000E+00  0.0000E+00  0.0000E+00
 1.0995E+02  0.0000E+00  0.0000E+00  0.0000E+00  0.0000E+00  0.0000E+00
 1.1080E+02  0.0000E+00  0.0000E+00  0.0000E+00  0.0000E+00  0.0000E+00
 1.1164E+02  0.0000E+00  0.0000E+00  0.0000E+00  0.0000E+00  0.0000E+00
 1.1250E+02  0.0000E+00  0.0000E+00  0.0000E+00  0.0000E+00  0.0000E+00
 1.1336E+02  0.0000E+00  0.0000E+00  0.0000E+00  0.0000E+00  0.0000E+00
 1.1423E+02  0.0000E+00  0.0000E+00  0.0000E+00  0.0000E+00  0.0000E+00
 1.1510E+02  0.0000E+00  0.0000E+00  0.0000E+00  0.0000E+00  0.0000E+00
 1.1599E+02  0.0000E+00  0.0000E+00  0.0000E+00  0.0000E+00  0.0000E+00
 1.1687E+02  0.0000E+00  0.0000E+00  0.0000E+00  0.0000E+00  0.0000E+00
 1.1777E+02  0.0000E+00  0.0000E+00  0.0000E+00  0.0000E+00  0.0000E+00
 1.1867E+02  0.0000E+00  0.0000E+00  0.0000E+00  0.0000E+00  0.0000E+00
 1.1958E+02  0.0000E+00  0.0000E+00  0.0000E+00  0.0000E+00  0.0000E+00
 1.2050E+02  0.0000E+00  0.0000E+00  0.0000E+00  0.0000E+00  0.0000E+00
 1.2142E+02  0.0000E+00  0.0000E+00  0.0000E+00  0.0000E+00  0.0000E+00
 1.2235E+02  0.0000E+00  0.0000E+00  0.0000E+00  0.0000E+00  0.0000E+00
 1.2329E+02  0.0000E+00  0.0000E+00  0.0000E+00  0.0000E+00  0.0000E+00
 1.2423E+02  0.0000E+00  0.0000E+00  0.0000E+00  0.0000E+00  0.0000E+00
 1.2518E+02  0.0000E+00  0.0000E+00  0.0000E+00  0.0000E+00  0.0000E+00
 1.2614E+02  0.0000E+00  0.0000E+00  0.0000E+00  0.0000E+00  0.0000E+00
 1.2711E+02  0.0000E+00  0.0000E+00  0.0000E+00  0.0000E+00  0.0000E+00
 1.2808E+02  0.0000E+00  0.0000E+00  0.0000E+00  0.0000E+00  0.0000E+00
 1.2906E+02  0.0000E+00  0.0000E+00  0.0000E+00  0.0000E+00  0.0000E+00
 1.3005E+02  0.0000E+00  0.0000E+00  0.0000E+00  0.0000E+00  0.0000E+00
 1.3104E+02  0.0000E+00  0.0000E+00  0.0000E+00  0.0000E+00  0.0000E+00
 1.3205E+02  0.0000E+00  0.0000E+00  0.0000E+00  0.0000E+00  0.0000E+00
 1.3306E+02  0.0000E+00  0.0000E+00  0.0000E+00  0.0000E+00  0.0000E+00
 1.3408E+02  0.0000E+00  0.0000E+00  0.0000E+00  0.0000E+00  0.0000E+00
 1.3510E+02  0.0000E+00  0.0000E+00  0.0000E+00  0.0000E+00  0.0000E+00
 1.3614E+02  0.0000E+00  0.0000E+00  0.0000E+00  0.0000E+00  0.0000E+00
 1.3718E+02  0.0000E+00  0.0000E+00  0.0000E+00  0.0000E+00  0.0000E+00
 1.3823E+02  0.0000E+00  0.0000E+00  0.0000E+00  0.0000E+00  0.0000E+00
 1.3929E+02  0.0000E+00  0.0000E+00  0.0000E+00  0.0000E+00  0.0000E+00
 1.4036E+02  0.0000E+00  0.0000E+00  0.0000E+00  0.0000E+00  0.0000E+00
 1.4143E+02  0.0000E+00  0.0000E+00  0.0000E+00  0.0000E+00  0.0000E+00
 1.4252E+02  0.0000E+00  0.0000E+00  0.0000E+00  0.0000E+00  0.0000E+00
 1.4361E+02  0.0000E+00  0.0000E+00  0.0000E+00  0.0000E+00  0.0000E+00
 1.4471E+02  0.0000E+00  0.0000E+00  0.0000E+00  0.0000E+00  0.0000E+00
 1.4582E+02  0.0000E+00  0.0000E+00  0.0000E+00  0.0000E+00  0.0000E+00
 1.4693E+02  0.0000E+00  0.0000E+00  0.0000E+00  0.0000E+00  0.0000E+00
 1.4806E+02  0.0000E+00  0.0000E+00  0.0000E+00  0.0000E+00  0.0000E+00
 1.4919E+02  0.0000E+00  0.0000E+00  0.0000E+00  0.0000E+00  0.0000E+00
 1.5033E+02  0.0000E+00  0.0000E+00  0.0000E+00  0.0000E+00  0.0000E+00
 1.5149E+02  0.0000E+00  0.0000E+00  0.0000E+00  0.0000E+00  0.0000E+00
 1.5265E+02  0.0000E+00  0.0000E+00  0.0000E+00  0.0000E+00  0.0000E+00
 1.5381E+02  0.0000E+00  0.0000E+00  0.0000E+00  0.0000E+00  0.0000E+00
 1.5499E+02  0.0000E+00  0.0000E+00  0.0000E+00  0.0000E+00  0.0000E+00
 1.5618E+02  0.0000E+00  0.0000E+00  0.0000E+00  0.0000E+00  0.0000E+00
 1.5738E+02  0.0000E+00  0.0000E+00  0.0000E+00  0.0000E+00  0.0000E+00
 1.5858E+02  0.0000E+00  0.0000E+00  0.0000E+00  0.0000E+00  0.0000E+00
 1.5980E+02  0.0000E+00  0.0000E+00  0.0000E+00  0.0000E+00  0.0000E+00
 1.6102E+02  0.0000E+00  0.0000E+00  0.0000E+00  0.0000E+00  0.0000E+00
 1.6225E+02  0.0000E+00  0.0000E+00  0.0000E+00  0.0000E+00  0.0000E+00
 1.6349E+02  0.0000E+00  0.0000E+00  0.0000E+00  0.0000E+00  0.0000E+00
 1.6475E+02  0.0000E+00  0.0000E+00  0.0000E+00  0.0000E+00  0.0000E+00
 1.6601E+02  0.0000E+00  0.0000E+00  0.0000E+00  0.0000E+00  0.0000E+00
 1.6728E+02  0.0000E+00  0.0000E+00  0.0000E+00  0.0000E+00  0.0000E+00
 1.6856E+02  0.0000E+00  0.0000E+00  0.0000E+00  0.0000E+00  0.0000E+00
 1.6985E+02  0.0000E+00  0.0000E+00  0.0000E+00  0.0000E+00  0.0000E+00
 1.7115E+02  0.0000E+00  0.0000E+00  0.0000E+00  0.0000E+00  0.0000E+00
 1.7246E+02  0.0000E+00  0.0000E+00  0.0000E+00  0.0000E+00  0.0000E+00
 1.7378E+02  0.0000E+00  0.0000E+00  0.0000E+00  0.0000E+00  0.0000E+00
 1.7511E+02  0.0000E+00  0.0000E+00  0.0000E+00  0.0000E+00  0.0000E+00
 1.7646E+02  0.0000E+00  0.0000E+00  0.0000E+00  0.0000E+00  0.0000E+00
 1.7781E+02  0.0000E+00  0.0000E+00  0.0000E+00  0.0000E+00  0.0000E+00
 1.7917E+02  0.0000E+00  0.0000E+00  0.0000E+00  0.0000E+00  0.0000E+00
 1.8054E+02  0.0000E+00  0.0000E+00  0.0000E+00  0.0000E+00  0.0000E+00
 1.8192E+02  0.0000E+00  0.0000E+00  0.0000E+00  0.0000E+00  0.0000E+00
 1.8332E+02  0.0000E+00  0.0000E+00  0.0000E+00  0.0000E+00  0.0000E+00
 1.8472E+02  0.0000E+00  0.0000E+00  0.0000E+00  0.0000E+00  0.0000E+00
 1.8614E+02  0.0000E+00  0.0000E+00  0.0000E+00  0.0000E+00  0.0000E+00
 1.8756E+02  0.0000E+00  0.0000E+00  0.0000E+00  0.0000E+00  0.0000E+00
 1.8900E+02  0.0000E+00  0.0000E+00  0.0000E+00  0.0000E+00  0.0000E+00
 1.9045E+02  0.0000E+00  0.0000E+00  0.0000E+00  0.0000E+00  0.0000E+00
 1.9190E+02  0.0000E+00  0.0000E+00  0.0000E+00  0.0000E+00  0.0000E+00
 1.9337E+02  0.0000E+00  0.0000E+00  0.0000E+00  0.0000E+00  0.0000E+00
 1.9485E+02  0.0000E+00  0.0000E+00  0.0000E+00  0.0000E+00  0.0000E+00
 1.9635E+02  0.0000E+00  0.0000E+00  0.0000E+00  0.0000E+00  0.0000E+00
 1.9785E+02  0.0000E+00  0.0000E+00  0.0000E+00  0.0000E+00  0.0000E+00
 1.9937E+02  0.0000E+00  0.0000E+00  0.0000E+00  0.0000E+00  0.0000E+00
 2.0089E+02  0.0000E+00  0.0000E+00  0.0000E+00  0.0000E+00  0.0000E+00
 2.0243E+02  0.0000E+00  0.0000E+00  0.0000E+00  0.0000E+00  0.0000E+00
 2.0398E+02  0.0000E+00  0.0000E+00  0.0000E+00  0.0000E+00  0.0000E+00
 2.0554E+02  0.0000E+00  0.0000E+00  0.0000E+00  0.0000E+00  0.0000E+00
 2.0712E+02  0.0000E+00  0.0000E+00  0.0000E+00  0.0000E+00  0.0000E+00
 2.0870E+02  0.0000E+00  0.0000E+00  0.0000E+00  0.0000E+00  0.0000E+00
 2.1030E+02  0.0000E+00  0.0000E+00  0.0000E+00  0.0000E+00  0.0000E+00
 2.1191E+02  0.0000E+00  0.0000E+00  0.0000E+00  0.0000E+00  0.0000E+00
 2.1354E+02  0.0000E+00  0.0000E+00  0.0000E+00  0.0000E+00  0.0000E+00
 2.1517E+02  0.0000E+00  0.0000E+00  0.0000E+00  0.0000E+00  0.0000E+00
 2.1682E+02  0.0000E+00  0.0000E+00  0.0000E+00  0.0000E+00  0.0000E+00
 2.1848E+02  0.0000E+00  0.0000E+00  0.0000E+00  0.0000E+00  0.0000E+00
 2.2015E+02  0.0000E+00  0.0000E+00  0.0000E+00  0.0000E+00  0.0000E+00
 2.2184E+02  0.0000E+00  0.0000E+00  0.0000E+00  0.0000E+00  0.0000E+00
 2.2354E+02  0.0000E+00  0.0000E+00  0.0000E+00  0.0000E+00  0.0000E+00
 2.2525E+02  0.0000E+00  0.0000E+00  0.0000E+00  0.0000E+00  0.0000E+00
 2.2697E+02  0.0000E+00  0.0000E+00  0.0000E+00  0.0000E+00  0.0000E+00
 2.2871E+02  0.0000E+00  0.0000E+00  0.0000E+00  0.0000E+00  0.0000E+00
 2.3046E+02  0.0000E+00  0.0000E+00  0.0000E+00  0.0000E+00  0.0000E+00
 2.3223E+02  0.0000E+00  0.0000E+00  0.0000E+00  0.0000E+00  0.0000E+00
 2.3401E+02  0.0000E+00  0.0000E+00  0.0000E+00  0.0000E+00  0.0000E+00
 2.3580E+02  0.0000E+00  0.0000E+00  0.0000E+00  0.0000E+00  0.0000E+00
 2.3761E+02  0.0000E+00  0.0000E+00  0.0000E+00  0.0000E+00  0.0000E+00
 2.3942E+02  0.0000E+00  0.0000E+00  0.0000E+00  0.0000E+00  0.0000E+00
 2.4126E+02  0.0000E+00  0.0000E+00  0.0000E+00  0.0000E+00  0.0000E+00
 2.4311E+02  0.0000E+00  0.0000E+00  0.0000E+00  0.0000E+00  0.0000E+00
 2.4497E+02  0.0000E+00  0.0000E+00  0.0000E+00  0.0000E+00  0.0000E+00
 2.4684E+02  0.0000E+00  0.0000E+00  0.0000E+00  0.0000E+00  0.0000E+00
 2.4873E+02  0.0000E+00  0.0000E+00  0.0000E+00  0.0000E+00  0.0000E+00
 2.5064E+02  0.0000E+00  0.0000E+00  0.0000E+00  0.0000E+00  0.0000E+00
 2.5256E+02  0.0000E+00  0.0000E+00  0.0000E+00  0.0000E+00  0.0000E+00
 2.5449E+02  0.0000E+00  0.0000E+00  0.0000E+00  0.0000E+00  0.0000E+00
 2.5644E+02  0.0000E+00  0.0000E+00  0.0000E+00  0.0000E+00  0.0000E+00
 2.5841E+02  0.0000E+00  0.0000E+00  0.0000E+00  0.0000E+00  0.0000E+00
 2.6038E+02  0.0000E+00  0.0000E+00  0.0000E+00  0.0000E+00  0.0000E+00
 2.6238E+02  0.0000E+00  0.0000E+00  0.0000E+00  0.0000E+00  0.0000E+00
 2.6439E+02  0.0000E+00  0.0000E+00  0.0000E+00  0.0000E+00  0.0000E+00
 2.6641E+02  0.0000E+00  0.0000E+00  0.0000E+00  0.0000E+00  0.0000E+00
 2.6845E+02  0.0000E+00  0.0000E+00  0.0000E+00  0.0000E+00  0.0000E+00
 2.7051E+02  0.0000E+00  0.0000E+00  0.0000E+00  0.0000E+00  0.0000E+00
 2.7258E+02  0.0000E+00  0.0000E+00  0.0000E+00  0.0000E+00  0.0000E+00
 2.7467E+02  0.0000E+00  0.0000E+00  0.0000E+00  0.0000E+00  0.0000E+00
 2.7677E+02  0.0000E+00  0.0000E+00  0.0000E+00  0.0000E+00  0.0000E+00
 2.7889E+02  0.0000E+00  0.0000E+00  0.0000E+00  0.0000E+00  0.0000E+00
 2.8103E+02  0.0000E+00  0.0000E+00  0.0000E+00  0.0000E+00  0.0000E+00
 2.8318E+02  0.0000E+00  0.0000E+00  0.0000E+00  0.0000E+00  0.0000E+00
 2.8535E+02  0.0000E+00  0.0000E+00  0.0000E+00  0.0000E+00  0.0000E+00
 2.8753E+02  0.0000E+00  0.0000E+00  0.0000E+00  0.0000E+00  0.0000E+00
 2.8974E+02  0.0000E+00  0.0000E+00  0.0000E+00  0.0000E+00  0.0000E+00
 2.9195E+02  0.0000E+00  0.0000E+00  0.0000E+00  0.0000E+00  0.0000E+00
 2.9419E+02  0.0000E+00  0.0000E+00  0.0000E+00  0.0000E+00  0.0000E+00
 2.9644E+02  0.0000E+00  0.0000E+00  0.0000E+00  0.0000E+00  0.0000E+00
 2.9871E+02  0.0000E+00  0.0000E+00  0.0000E+00  0.0000E+00  0.0000E+00
 3.0100E+02  0.0000E+00  0.0000E+00  0.0000E+00  0.0000E+00  0.0000E+00
 3.0331E+02  0.0000E+00  0.0000E+00  0.0000E+00  0.0000E+00  0.0000E+00
 3.0563E+02  0.0000E+00  0.0000E+00  0.0000E+00  0.0000E+00  0.0000E+00
 3.0797E+02  0.0000E+00  0.0000E+00  0.0000E+00  0.0000E+00  0.0000E+00
 3.1033E+02  0.0000E+00  0.0000E+00  0.0000E+00  0.0000E+00  0.0000E+00
 3.1271E+02  0.0000E+00  0.0000E+00  0.0000E+00  0.0000E+00  0.0000E+00
 3.1510E+02  0.0000E+00  0.0000E+00  0.0000E+00  0.0000E+00  0.0000E+00
 3.1751E+02  0.0000E+00  0.0000E+00  0.0000E+00  0.0000E+00  0.0000E+00
 3.1994E+02  0.0000E+00  0.0000E+00  0.0000E+00  0.0000E+00  0.0000E+00
 3.2240E+02  0.0000E+00  0.0000E+00  0.0000E+00  0.0000E+00  0.0000E+00
 3.2486E+02  0.0000E+00  0.0000E+00  0.0000E+00  0.0000E+00  0.0000E+00
 3.2735E+02  0.0000E+00  0.0000E+00  0.0000E+00  0.0000E+00  0.0000E+00
 3.2986E+02  0.0000E+00  0.0000E+00  0.0000E+00  0.0000E+00  0.0000E+00
 3.3239E+02  0.0000E+00  0.0000E+00  0.0000E+00  0.0000E+00  0.0000E+00
 3.3493E+02  0.0000E+00  0.0000E+00  0.0000E+00  0.0000E+00  0.0000E+00
 3.3750E+02  0.0000E+00  0.0000E+00  0.0000E+00  0.0000E+00  0.0000E+00
 3.4008E+02  0.0000E+00  0.0000E+00  0.0000E+00  0.0000E+00  0.0000E+00
 3.4268E+02  0.0000E+00  0.0000E+00  0.0000E+00  0.0000E+00  0.0000E+00
 3.4531E+02  0.0000E+00  0.0000E+00  0.0000E+00  0.0000E+00  0.0000E+00
 3.4795E+02  0.0000E+00  0.0000E+00  0.0000E+00  0.0000E+00  0.0000E+00
 3.5062E+02  0.0000E+00  0.0000E+00  0.0000E+00  0.0000E+00  0.0000E+00
 3.5330E+02  0.0000E+00  0.0000E+00  0.0000E+00  0.0000E+00  0.0000E+00
 3.5601E+02  0.0000E+00  0.0000E+00  0.0000E+00  0.0000E+00  0.0000E+00
 3.5874E+02  0.0000E+00  0.0000E+00  0.0000E+00  0.0000E+00  0.0000E+00
 3.6148E+02  0.0000E+00  0.0000E+00  0.0000E+00  0.0000E+00  0.0000E+00
 3.6425E+02  0.0000E+00  0.0000E+00  0.0000E+00  0.0000E+00  0.0000E+00
 3.6704E+02  0.0000E+00  0.0000E+00  0.0000E+00  0.0000E+00  0.0000E+00
 3.6985E+02  0.0000E+00  0.0000E+00  0.0000E+00  0.0000E+00  0.0000E+00
 3.7268E+02  0.0000E+00  0.0000E+00  0.0000E+00  0.0000E+00  0.0000E+00
 3.7554E+02  0.0000E+00  0.0000E+00  0.0000E+00  0.0000E+00  0.0000E+00
 3.7841E+02  0.0000E+00  0.0000E+00  0.0000E+00  0.0000E+00  0.0000E+00
 3.8131E+02  0.0000E+00  0.0000E+00  0.0000E+00  0.0000E+00  0.0000E+00
 3.8423E+02  0.0000E+00  0.0000E+00  0.0000E+00  0.0000E+00  0.0000E+00
 3.8718E+02  0.0000E+00  0.0000E+00  0.0000E+00  0.0000E+00  0.0000E+00
 3.9014E+02  0.0000E+00  0.0000E+00  0.0000E+00  0.0000E+00  0.0000E+00
 3.9313E+02  0.0000E+00  0.0000E+00  0.0000E+00  0.0000E+00  0.0000E+00
 3.9614E+02  0.0000E+00  0.0000E+00  0.0000E+00  0.0000E+00  0.0000E+00
 3.9917E+02  0.0000E+00  0.0000E+00  0.0000E+00  0.0000E+00  0.0000E+00
 4.0223E+02  0.0000E+00  0.0000E+00  0.0000E+00  0.0000E+00  0.0000E+00
 4.0531E+02  0.0000E+00  0.0000E+00  0.0000E+00  0.0000E+00  0.0000E+00
 4.0841E+02  0.0000E+00  0.0000E+00  0.0000E+00  0.0000E+00  0.0000E+00
 4.1154E+02  0.0000E+00  0.0000E+00  0.0000E+00  0.0000E+00  0.0000E+00
 4.1469E+02  0.0000E+00  0.0000E+00  0.0000E+00  0.0000E+00  0.0000E+00
 4.1787E+02  0.0000E+00  0.0000E+00  0.0000E+00  0.0000E+00  0.0000E+00
 4.2107E+02  0.0000E+00  0.0000E+00  0.0000E+00  0.0000E+00  0.0000E+00
 4.2429E+02  0.0000E+00  0.0000E+00  0.0000E+00  0.0000E+00  0.0000E+00
 4.2754E+02  0.0000E+00  0.0000E+00  0.0000E+00  0.0000E+00  0.0000E+00
 4.3082E+02  0.0000E+00  0.0000E+00  0.0000E+00  0.0000E+00  0.0000E+00
 4.3412E+02  0.0000E+00  0.0000E+00  0.0000E+00  0.0000E+00  0.0000E+00
 4.3744E+02  0.0000E+00  0.0000E+00  0.0000E+00  0.0000E+00  0.0000E+00
 4.4079E+02  0.0000E+00  0.0000E+00  0.0000E+00  0.0000E+00  0.0000E+00
 4.4417E+02  0.0000E+00  0.0000E+00  0.0000E+00  0.0000E+00  0.0000E+00
 4.4757E+02  0.0000E+00  0.0000E+00  0.0000E+00  0.0000E+00  0.0000E+00
 4.5100E+02  0.0000E+00  0.0000E+00  0.0000E+00  0.0000E+00  0.0000E+00
 4.5445E+02  0.0000E+00  0.0000E+00  0.0000E+00  0.0000E+00  0.0000E+00
 4.5793E+02  0.0000E+00  0.0000E+00  0.0000E+00  0.0000E+00  0.0000E+00
 4.6144E+02  0.0000E+00  0.0000E+00  0.0000E+00  0.0000E+00  0.0000E+00
 4.6497E+02  0.0000E+00  0.0000E+00  0.0000E+00  0.0000E+00  0.0000E+00
 4.6853E+02  0.0000E+00  0.0000E+00  0.0000E+00  0.0000E+00  0.0000E+00
 4.7212E+02  0.0000E+00  0.0000E+00  0.0000E+00  0.0000E+00  0.0000E+00
 4.7574E+02  0.0000E+00  0.0000E+00  0.0000E+00  0.0000E+00  0.0000E+00
 4.7938E+02  0.0000E+00  0.0000E+00  0.0000E+00  0.0000E+00  0.0000E+00
 4.8305E+02  0.0000E+00  0.0000E+00  0.0000E+00  0.0000E+00  0.0000E+00
 4.8675E+02  0.0000E+00  0.0000E+00  0.0000E+00  0.0000E+00  0.0000E+00
 4.9048E+02  0.0000E+00  0.0000E+00  0.0000E+00  0.0000E+00  0.0000E+00
 4.9424E+02  0.0000E+00  0.0000E+00  0.0000E+00  0.0000E+00  0.0000E+00
 4.9802E+02  0.0000E+00  0.0000E+00  0.0000E+00  0.0000E+00  0.0000E+00
 5.0183E+02  0.0000E+00  0.0000E+00  0.0000E+00  0.0000E+00  0.0000E+00
 5.0568E+02  0.0000E+00  0.0000E+00  0.0000E+00  0.0000E+00  0.0000E+00
 5.0955E+02  0.0000E+00  0.0000E+00  0.0000E+00  0.0000E+00  0.0000E+00
 5.1345E+02  0.0000E+00  0.0000E+00  0.0000E+00  0.0000E+00  0.0000E+00
 5.1738E+02  0.0000E+00  0.0000E+00  0.0000E+00  0.0000E+00  0.0000E+00
 5.2135E+02  0.0000E+00  0.0000E+00  0.0000E+00  0.0000E+00  0.0000E+00
 5.2534E+02  0.0000E+00  0.0000E+00  0.0000E+00  0.0000E+00  0.0000E+00
 5.2936E+02  0.0000E+00  0.0000E+00  0.0000E+00  0.0000E+00  0.0000E+00
 5.3342E+02  0.0000E+00  0.0000E+00  0.0000E+00  0.0000E+00  0.0000E+00
 5.3750E+02  0.0000E+00  0.0000E+00  0.0000E+00  0.0000E+00  0.0000E+00
 5.4162E+02  0.0000E+00  0.0000E+00  0.0000E+00  0.0000E+00  0.0000E+00
 5.4577E+02  0.0000E+00  0.0000E+00  0.0000E+00  0.0000E+00  0.0000E+00
 5.4995E+02  0.0000E+00  0.0000E+00  0.0000E+00  0.0000E+00  0.0000E+00
 5.5416E+02  0.0000E+00  0.0000E+00  0.0000E+00  0.0000E+00  0.0000E+00
 5.5840E+02  0.0000E+00  0.0000E+00  0.0000E+00  0.0000E+00  0.0000E+00
 5.6268E+02  0.0000E+00  0.0000E+00  0.0000E+00  0.0000E+00  0.0000E+00
 5.6699E+02  0.0000E+00  0.0000E+00  0.0000E+00  0.0000E+00  0.0000E+00
 5.7133E+02  0.0000E+00  0.0000E+00  0.0000E+00  0.0000E+00  0.0000E+00
 5.7571E+02  0.0000E+00  0.0000E+00  0.0000E+00  0.0000E+00  0.0000E+00
 5.8011E+02  0.0000E+00  0.0000E+00  0.0000E+00  0.0000E+00  0.0000E+00
 5.8456E+02  0.0000E+00  0.0000E+00  0.0000E+00  0.0000E+00  0.0000E+00
 5.8903E+02  0.0000E+00  0.0000E+00  0.0000E+00  0.0000E+00  0.0000E+00
 5.9354E+02  0.0000E+00  0.0000E+00  0.0000E+00  0.0000E+00  0.0000E+00
 5.9809E+02  0.0000E+00  0.0000E+00  0.0000E+00  0.0000E+00  0.0000E+00
 6.0267E+02  0.0000E+00  0.0000E+00  0.0000E+00  0.0000E+00  0.0000E+00
 6.0729E+02  0.0000E+00  0.0000E+00  0.0000E+00  0.0000E+00  0.0000E+00
 6.1194E+02  0.0000E+00  0.0000E+00  0.0000E+00  0.0000E+00  0.0000E+00
 6.1662E+02  0.0000E+00  0.0000E+00  0.0000E+00  0.0000E+00  0.0000E+00
 6.2135E+02  0.0000E+00  0.0000E+00  0.0000E+00  0.0000E+00  0.0000E+00
 6.2610E+02  0.0000E+00  0.0000E+00  0.0000E+00  0.0000E+00  0.0000E+00
 6.3090E+02  0.0000E+00  0.0000E+00  0.0000E+00  0.0000E+00  0.0000E+00
 6.3573E+02  0.0000E+00  0.0000E+00  0.0000E+00  0.0000E+00  0.0000E+00
 6.4060E+02  0.0000E+00  0.0000E+00  0.0000E+00  0.0000E+00  0.0000E+00
 6.4551E+02  0.0000E+00  0.0000E+00  0.0000E+00  0.0000E+00  0.0000E+00
 6.5045E+02  0.0000E+00  0.0000E+00  0.0000E+00  0.0000E+00  0.0000E+00
 6.5543E+02  0.0000E+00  0.0000E+00  0.0000E+00  0.0000E+00  0.0000E+00
 6.6045E+02  0.0000E+00  0.0000E+00  0.0000E+00  0.0000E+00  0.0000E+00
 6.6551E+02  0.0000E+00  0.0000E+00  0.0000E+00  0.0000E+00  0.0000E+00
 6.7060E+02  0.0000E+00  0.0000E+00  0.0000E+00  0.0000E+00  0.0000E+00
 6.7574E+02  0.0000E+00  0.0000E+00  0.0000E+00  0.0000E+00  0.0000E+00
 6.8092E+02  0.0000E+00  0.0000E+00  0.0000E+00  0.0000E+00  0.0000E+00
 6.8613E+02  0.0000E+00  0.0000E+00  0.0000E+00  0.0000E+00  0.0000E+00
 6.9138E+02  0.0000E+00  0.0000E+00  0.0000E+00  0.0000E+00  0.0000E+00
 6.9668E+02  0.0000E+00  0.0000E+00  0.0000E+00  0.0000E+00  0.0000E+00
 7.0201E+02  0.0000E+00  0.0000E+00  0.0000E+00  0.0000E+00  0.0000E+00
 7.0739E+02  0.0000E+00  0.0000E+00  0.0000E+00  0.0000E+00  0.0000E+00
 7.1281E+02  0.0000E+00  0.0000E+00  0.0000E+00  0.0000E+00  0.0000E+00
 7.1827E+02  0.0000E+00  0.0000E+00  0.0000E+00  0.0000E+00  0.0000E+00
 7.2377E+02  0.0000E+00  0.0000E+00  0.0000E+00  0.0000E+00  0.0000E+00
 7.2931E+02  0.0000E+00  0.0000E+00  0.0000E+00  0.0000E+00  0.0000E+00
 7.3490E+02  0.0000E+00  0.0000E+00  0.0000E+00  0.0000E+00  0.0000E+00
 7.4052E+02  0.0000E+00  0.0000E+00  0.0000E+00  0.0000E+00  0.0000E+00
 7.4620E+02  0.0000E+00  0.0000E+00  0.0000E+00  0.0000E+00  0.0000E+00
 7.5191E+02  0.0000E+00  0.0000E+00  0.0000E+00  0.0000E+00  0.0000E+00
 7.5767E+02  0.0000E+00  0.0000E+00  0.0000E+00  0.0000E+00  0.0000E+00
 7.6347E+02  0.0000E+00  0.0000E+00  0.0000E+00  0.0000E+00  0.0000E+00
 7.6932E+02  0.0000E+00  0.0000E+00  0.0000E+00  0.0000E+00  0.0000E+00
 7.7521E+02  0.0000E+00  0.0000E+00  0.0000E+00  0.0000E+00  0.0000E+00
 7.8115E+02  0.0000E+00  0.0000E+00  0.0000E+00  0.0000E+00  0.0000E+00
 7.8713E+02  0.0000E+00  0.0000E+00  0.0000E+00  0.0000E+00  0.0000E+00
 7.9316E+02  0.0000E+00  0.0000E+00  0.0000E+00  0.0000E+00  0.0000E+00
 7.9923E+02  0.0000E+00  0.0000E+00  0.0000E+00  0.0000E+00  0.0000E+00
 8.0535E+02  0.0000E+00  0.0000E+00  0.0000E+00  0.0000E+00  0.0000E+00
 8.1152E+02  0.0000E+00  0.0000E+00  0.0000E+00  0.0000E+00  0.0000E+00
 8.1774E+02  0.0000E+00  0.0000E+00  0.0000E+00  0.0000E+00  0.0000E+00
 8.2400E+02  0.0000E+00  0.0000E+00  0.0000E+00  0.0000E+00  0.0000E+00
 8.3031E+02  0.0000E+00  0.0000E+00  0.0000E+00  0.0000E+00  0.0000E+00
 8.3667E+02  0.0000E+00  0.0000E+00  0.0000E+00  0.0000E+00  0.0000E+00
 8.4307E+02  0.0000E+00  0.0000E+00  0.0000E+00  0.0000E+00  0.0000E+00
 8.4953E+02  0.0000E+00  0.0000E+00  0.0000E+00  0.0000E+00  0.0000E+00
 8.5604E+02  0.0000E+00  0.0000E+00  0.0000E+00  0.0000E+00  0.0000E+00
 8.6259E+02  0.0000E+00  0.0000E+00  0.0000E+00  0.0000E+00  0.0000E+00
 8.6920E+02  0.0000E+00  0.0000E+00  0.0000E+00  0.0000E+00  0.0000E+00
 8.7586E+02  0.0000E+00  0.0000E+00  0.0000E+00  0.0000E+00  0.0000E+00
 8.8256E+02  0.0000E+00  0.0000E+00  0.0000E+00  0.0000E+00  0.0000E+00
 8.8932E+02  0.0000E+00  0.0000E+00  0.0000E+00  0.0000E+00  0.0000E+00
 8.9613E+02  0.0000E+00  0.0000E+00  0.0000E+00  0.0000E+00  0.0000E+00
 9.0300E+02  0.0000E+00  0.0000E+00  0.0000E+00  0.0000E+00  0.0000E+00
 9.0991E+02  0.0000E+00  0.0000E+00  0.0000E+00  0.0000E+00  0.0000E+00
 9.1688E+02  0.0000E+00  0.0000E+00  0.0000E+00  0.0000E+00  0.0000E+00
 9.2390E+02  0.0000E+00  0.0000E+00  0.0000E+00  0.0000E+00  0.0000E+00
 9.3098E+02  0.0000E+00  0.0000E+00  0.0000E+00  0.0000E+00  0.0000E+00
 9.3811E+02  0.0000E+00  0.0000E+00  0.0000E+00  0.0000E+00  0.0000E+00
 9.4529E+02  0.0000E+00  0.0000E+00  0.0000E+00  0.0000E+00  0.0000E+00
 9.5253E+02  0.0000E+00  0.0000E+00  0.0000E+00  0.0000E+00  0.0000E+00
 9.5983E+02  0.0000E+00  0.0000E+00  0.0000E+00  0.0000E+00  0.0000E+00
 9.6718E+02  0.0000E+00  0.0000E+00  0.0000E+00  0.0000E+00  0.0000E+00
 9.7458E+02  0.0000E+00  0.0000E+00  0.0000E+00  0.0000E+00  0.0000E+00
 9.8205E+02  0.0000E+00  0.0000E+00  0.0000E+00  0.0000E+00  0.0000E+00
 9.8957E+02  0.0000E+00  0.0000E+00  0.0000E+00  0.0000E+00  0.0000E+00
 9.9715E+02  0.0000E+00  0.0000E+00  0.0000E+00  0.0000E+00  0.0000E+00
 1.0048E+03  0.0000E+00  0.0000E+00  0.0000E+00  0.0000E+00  0.0000E+00
 1.0125E+03  0.0000E+00  0.0000E+00  0.0000E+00  0.0000E+00  0.0000E+00
 1.0202E+03  0.0000E+00  0.0000E+00  0.0000E+00  0.0000E+00  0.0000E+00
 1.0280E+03  0.0000E+00  0.0000E+00  0.0000E+00  0.0000E+00  0.0000E+00
 1.0359E+03  0.0000E+00  0.0000E+00  0.0000E+00  0.0000E+00  0.0000E+00
 1.0439E+03  0.0000E+00  0.0000E+00  0.0000E+00  0.0000E+00  0.0000E+00
 1.0518E+03  0.0000E+00  0.0000E+00  0.0000E+00  0.0000E+00  0.0000E+00
 1.0599E+03  0.0000E+00  0.0000E+00  0.0000E+00  0.0000E+00  0.0000E+00
 1.0680E+03  0.0000E+00  0.0000E+00  0.0000E+00  0.0000E+00  0.0000E+00
 1.0762E+03  0.0000E+00  0.0000E+00  0.0000E+00  0.0000E+00  0.0000E+00
 1.0844E+03  0.0000E+00  0.0000E+00  0.0000E+00  0.0000E+00  0.0000E+00
 1.0927E+03  0.0000E+00  0.0000E+00  0.0000E+00  0.0000E+00  0.0000E+00
 1.1011E+03  0.0000E+00  0.0000E+00  0.0000E+00  0.0000E+00  0.0000E+00
 1.1095E+03  0.0000E+00  0.0000E+00  0.0000E+00  0.0000E+00  0.0000E+00
 1.1180E+03  0.0000E+00  0.0000E+00  0.0000E+00  0.0000E+00  0.0000E+00
 1.1266E+03  0.0000E+00  0.0000E+00  0.0000E+00  0.0000E+00  0.0000E+00
 1.1352E+03  0.0000E+00  0.0000E+00  0.0000E+00  0.0000E+00  0.0000E+00
 1.1439E+03  0.0000E+00  0.0000E+00  0.0000E+00  0.0000E+00  0.0000E+00
 1.1527E+03  0.0000E+00  0.0000E+00  0.0000E+00  0.0000E+00  0.0000E+00
 1.1615E+03  0.0000E+00  0.0000E+00  0.0000E+00  0.0000E+00  0.0000E+00
 1.1704E+03  0.0000E+00  0.0000E+00  0.0000E+00  0.0000E+00  0.0000E+00
 1.1794E+03  0.0000E+00  0.0000E+00  0.0000E+00  0.0000E+00  0.0000E+00
 1.1884E+03  0.0000E+00  0.0000E+00  0.0000E+00  0.0000E+00  0.0000E+00
 1.1975E+03  0.0000E+00  0.0000E+00  0.0000E+00  0.0000E+00  0.0000E+00
 1.2067E+03  0.0000E+00  0.0000E+00  0.0000E+00  0.0000E+00  0.0000E+00
 1.2159E+03  0.0000E+00  0.0000E+00  0.0000E+00  0.0000E+00  0.0000E+00
 1.2252E+03  0.0000E+00  0.0000E+00  0.0000E+00  0.0000E+00  0.0000E+00
 1.2346E+03  0.0000E+00  0.0000E+00  0.0000E+00  0.0000E+00  0.0000E+00
 1.2441E+03  0.0000E+00  0.0000E+00  0.0000E+00  0.0000E+00  0.0000E+00
 1.2536E+03  0.0000E+00  0.0000E+00  0.0000E+00  0.0000E+00  0.0000E+00
 1.2632E+03  0.0000E+00  0.0000E+00  0.0000E+00  0.0000E+00  0.0000E+00
 1.2729E+03  0.0000E+00  0.0000E+00  0.0000E+00  0.0000E+00  0.0000E+00
 1.2826E+03  0.0000E+00  0.0000E+00  0.0000E+00  0.0000E+00  0.0000E+00
 1.2924E+03  0.0000E+00  0.0000E+00  0.0000E+00  0.0000E+00  0.0000E+00
 1.3023E+03  0.0000E+00  0.0000E+00  0.0000E+00  0.0000E+00  0.0000E+00
 1.3123E+03  0.0000E+00  0.0000E+00  0.0000E+00  0.0000E+00  0.0000E+00
 1.3224E+03  0.0000E+00  0.0000E+00  0.0000E+00  0.0000E+00  0.0000E+00
 1.3325E+03  0.0000E+00  0.0000E+00  0.0000E+00  0.0000E+00  0.0000E+00
 1.3427E+03  0.0000E+00  0.0000E+00  0.0000E+00  0.0000E+00  0.0000E+00
 1.3530E+03  0.0000E+00  0.0000E+00  0.0000E+00  0.0000E+00  0.0000E+00
 1.3633E+03  0.0000E+00  0.0000E+00  0.0000E+00  0.0000E+00  0.0000E+00
 1.3738E+03  0.0000E+00  0.0000E+00  0.0000E+00  0.0000E+00  0.0000E+00
 1.3843E+03  0.0000E+00  0.0000E+00  0.0000E+00  0.0000E+00  0.0000E+00
 1.3949E+03  0.0000E+00  0.0000E+00  0.0000E+00  0.0000E+00  0.0000E+00
 1.4056E+03  0.0000E+00  0.0000E+00  0.0000E+00  0.0000E+00  0.0000E+00
 1.4164E+03  0.0000E+00  0.0000E+00  0.0000E+00  0.0000E+00  0.0000E+00
 1.4272E+03  0.0000E+00  0.0000E+00  0.0000E+00  0.0000E+00  0.0000E+00
 1.4381E+03  0.0000E+00  0.0000E+00  0.0000E+00  0.0000E+00  0.0000E+00
 1.4491E+03  0.0000E+00  0.0000E+00  0.0000E+00  0.0000E+00  0.0000E+00
 1.4602E+03  0.0000E+00  0.0000E+00  0.0000E+00  0.0000E+00  0.0000E+00
 1.4714E+03  0.0000E+00  0.0000E+00  0.0000E+00  0.0000E+00  0.0000E+00
 1.4827E+03  0.0000E+00  0.0000E+00  0.0000E+00  0.0000E+00  0.0000E+00
 1.4940E+03  0.0000E+00  0.0000E+00  0.0000E+00  0.0000E+00  0.0000E+00
 1.5055E+03  0.0000E+00  0.0000E+00  0.0000E+00  0.0000E+00  0.0000E+00
 1.5170E+03  0.0000E+00  0.0000E+00  0.0000E+00  0.0000E+00  0.0000E+00
 1.5286E+03  0.0000E+00  0.0000E+00  0.0000E+00  0.0000E+00  0.0000E+00
 1.5403E+03  0.0000E+00  0.0000E+00  0.0000E+00  0.0000E+00  0.0000E+00
 1.5521E+03  0.0000E+00  0.0000E+00  0.0000E+00  0.0000E+00  0.0000E+00
 1.5640E+03  0.0000E+00  0.0000E+00  0.0000E+00  0.0000E+00  0.0000E+00
 1.5760E+03  0.0000E+00  0.0000E+00  0.0000E+00  0.0000E+00  0.0000E+00
 1.5881E+03  0.0000E+00  0.0000E+00  0.0000E+00  0.0000E+00  0.0000E+00
 1.6002E+03  0.0000E+00  0.0000E+00  0.0000E+00  0.0000E+00  0.0000E+00
 1.6125E+03  0.0000E+00  0.0000E+00  0.0000E+00  0.0000E+00  0.0000E+00
 1.6248E+03  0.0000E+00  0.0000E+00  0.0000E+00  0.0000E+00  0.0000E+00
 1.6373E+03  0.0000E+00  0.0000E+00  0.0000E+00  0.0000E+00  0.0000E+00
 1.6498E+03  0.0000E+00  0.0000E+00  0.0000E+00  0.0000E+00  0.0000E+00
 1.6625E+03  0.0000E+00  0.0000E+00  0.0000E+00  0.0000E+00  0.0000E+00
 1.6752E+03  0.0000E+00  0.0000E+00  0.0000E+00  0.0000E+00  0.0000E+00
 1.6880E+03  0.0000E+00  0.0000E+00  0.0000E+00  0.0000E+00  0.0000E+00
 1.7009E+03  0.0000E+00  0.0000E+00  0.0000E+00  0.0000E+00  0.0000E+00
 1.7140E+03  0.0000E+00  0.0000E+00  0.0000E+00  0.0000E+00  0.0000E+00
 1.7271E+03  0.0000E+00  0.0000E+00  0.0000E+00  0.0000E+00  0.0000E+00
 1.7403E+03  0.0000E+00  0.0000E+00  0.0000E+00  0.0000E+00  0.0000E+00
 1.7537E+03  0.0000E+00  0.0000E+00  0.0000E+00  0.0000E+00  0.0000E+00
 1.7671E+03  0.0000E+00  0.0000E+00  0.0000E+00  0.0000E+00  0.0000E+00
 1.7806E+03  0.0000E+00  0.0000E+00  0.0000E+00  0.0000E+00  0.0000E+00
 1.7943E+03  0.0000E+00  0.0000E+00  0.0000E+00  0.0000E+00  0.0000E+00
 1.8080E+03  0.0000E+00  0.0000E+00  0.0000E+00  0.0000E+00  0.0000E+00
 1.8218E+03  0.0000E+00  0.0000E+00  0.0000E+00  0.0000E+00  0.0000E+00
 1.8358E+03  0.0000E+00  0.0000E+00  0.0000E+00  0.0000E+00  0.0000E+00
 1.8499E+03  0.0000E+00  0.0000E+00  0.0000E+00  0.0000E+00  0.0000E+00
 1.8640E+03  0.0000E+00  0.0000E+00  0.0000E+00  0.0000E+00  0.0000E+00
 1.8783E+03  0.0000E+00  0.0000E+00  0.0000E+00  0.0000E+00  0.0000E+00
 1.8927E+03  0.0000E+00  0.0000E+00  0.0000E+00  0.0000E+00  0.0000E+00
 1.9072E+03  0.0000E+00  0.0000E+00  0.0000E+00  0.0000E+00  0.0000E+00
 1.9218E+03  0.0000E+00  0.0000E+00  0.0000E+00  0.0000E+00  0.0000E+00
 1.9365E+03  0.0000E+00  0.0000E+00  0.0000E+00  0.0000E+00  0.0000E+00
 1.9513E+03  0.0000E+00  0.0000E+00  0.0000E+00  0.0000E+00  0.0000E+00
 1.9663E+03  0.0000E+00  0.0000E+00  0.0000E+00  0.0000E+00  0.0000E+00
 1.9813E+03  0.0000E+00  0.0000E+00  0.0000E+00  0.0000E+00  0.0000E+00
 1.9965E+03  0.0000E+00  0.0000E+00  0.0000E+00  0.0000E+00  0.0000E+00
 2.0118E+03  0.0000E+00  0.0000E+00  0.0000E+00  0.0000E+00  0.0000E+00
 2.0272E+03  0.0000E+00  0.0000E+00  0.0000E+00  0.0000E+00  0.0000E+00
 2.0427E+03  0.0000E+00  0.0000E+00  0.0000E+00  0.0000E+00  0.0000E+00
 2.0584E+03  0.0000E+00  0.0000E+00  0.0000E+00  0.0000E+00  0.0000E+00
 2.0741E+03  0.0000E+00  0.0000E+00  0.0000E+00  0.0000E+00  0.0000E+00
 2.0900E+03  0.0000E+00  0.0000E+00  0.0000E+00  0.0000E+00  0.0000E+00
 2.1060E+03  0.0000E+00  0.0000E+00  0.0000E+00  0.0000E+00  0.0000E+00
 2.1222E+03  0.0000E+00  0.0000E+00  0.0000E+00  0.0000E+00  0.0000E+00
 2.1384E+03  0.0000E+00  0.0000E+00  0.0000E+00  0.0000E+00  0.0000E+00
 2.1548E+03  0.0000E+00  0.0000E+00  0.0000E+00  0.0000E+00  0.0000E+00
 2.1713E+03  0.0000E+00  0.0000E+00  0.0000E+00  0.0000E+00  0.0000E+00
 2.1879E+03  0.0000E+00  0.0000E+00  0.0000E+00  0.0000E+00  0.0000E+00
 2.2047E+03  0.0000E+00  0.0000E+00  0.0000E+00  0.0000E+00  0.0000E+00
 2.2216E+03  0.0000E+00  0.0000E+00  0.0000E+00  0.0000E+00  0.0000E+00
 2.2386E+03  0.0000E+00  0.0000E+00  0.0000E+00  0.0000E+00  0.0000E+00
 2.2557E+03  0.0000E+00  0.0000E+00  0.0000E+00  0.0000E+00  0.0000E+00
 2.2730E+03  1.2148E-03  3.1914E-02  2.2558E-03  1.1879E-01  1.0000E+00
 2.2904E+03  1.2166E-03  3.1719E-02  2.2560E-03  1.1790E-01  1.0000E+00
 2.3079E+03  1.2185E-03  3.1526E-02  2.2561E-03  1.1701E-01  1.0000E+00
 2.3256E+03  1.2204E-03  3.1334E-02  2.2563E-03  1.1613E-01  1.0000E+00
 2.3434E+03  1.2222E-03  3.1143E-02  2.2565E-03  1.1525E-01  1.0000E+00
 2.3614E+03  1.2241E-03  3.0953E-02  2.2566E-03  1.1438E-01  1.0000E+00
 2.3794E+03  1.2260E-03  3.0764E-02  2.2568E-03  1.1352E-01  1.0000E+00
 2.3977E+03  1.2279E-03  3.0577E-02  2.2569E-03  1.1267E-01  1.0000E+00
 2.4160E+03  1.2298E-03  3.0391E-02  2.2571E-03  1.1182E-01  1.0000E+00
 2.4345E+03  1.2317E-03  3.0207E-02  2.2573E-03  1.1098E-01  1.0000E+00
 2.4532E+03  1.2337E-03  3.0025E-02  2.2574E-03  1.1014E-01  1.0000E+00
 2.4720E+03  1.2357E-03  2.9844E-02  2.2576E-03  1.0931E-01  1.0000E+00
 2.4909E+03  1.2377E-03  2.9665E-02  2.2577E-03  1.0849E-01  1.0000E+00
 2.5100E+03  1.2397E-03  2.9487E-02  2.2579E-03  1.0767E-01  1.0000E+00
 2.5292E+03  1.2418E-03  2.9311E-02  2.2581E-03  1.0686E-01  1.0000E+00
 2.5486E+03  1.2438E-03  2.9136E-02  2.2583E-03  1.0606E-01  1.0000E+00
 2.5681E+03  1.2459E-03  2.8962E-02  2.2584E-03  1.0526E-01  1.0000E+00
 2.5878E+03  1.2480E-03  2.8790E-02  2.2586E-03  1.0447E-01  1.0000E+00
 2.6076E+03  1.2502E-03  2.8620E-02  2.2588E-03  1.0368E-01  1.0000E+00
 2.6275E+03  1.2523E-03  2.8451E-02  2.2589E-03  1.0290E-01  1.0000E+00
 2.6477E+03  1.2545E-03  2.8283E-02  2.2591E-03  1.0213E-01  1.0000E+00
 2.6679E+03  1.2567E-03  2.8116E-02  2.2593E-03  1.0136E-01  1.0000E+00
 2.6884E+03  1.2589E-03  2.7951E-02  2.2595E-03  1.0060E-01  1.0000E+00
 2.7090E+03  1.2611E-03  2.7787E-02  2.2597E-03  9.9842E-02  1.0000E+00
 2.7297E+03  1.2634E-03  2.7625E-02  2.2598E-03  9.9091E-02  1.0000E+00
 2.7506E+03  1.2657E-03  2.7464E-02  2.2600E-03  9.8346E-02  1.0000E+00
 2.7717E+03  1.2679E-03  2.7304E-02  2.2602E-03  9.7607E-02  1.0000E+00
 2.7929E+03  1.2703E-03  2.7145E-02  2.2604E-03  9.6873E-02  1.0000E+00
 2.8143E+03  1.2726E-03  2.6988E-02  2.2606E-03  9.6145E-02  1.0000E+00
 2.8358E+03  1.2750E-03  2.6832E-02  2.2608E-03  9.5422E-02  1.0000E+00
 2.8576E+03  1.2773E-03  2.6677E-02  2.2610E-03  9.4705E-02  1.0000E+00
 2.8794E+03  1.2797E-03  2.6523E-02  2.2612E-03  9.3993E-02  1.0000E+00
 2.9015E+03  1.2821E-03  2.6371E-02  2.2614E-03  9.3287E-02  1.0000E+00
 2.9237E+03  1.2846E-03  2.6220E-02  2.2616E-03  9.2586E-02  1.0000E+00
 2.9461E+03  1.2870E-03  2.6069E-02  2.2618E-03  9.1890E-02  1.0000E+00
 2.9687E+03  1.2895E-03  2.5921E-02  2.2620E-03  9.1200E-02  1.0000E+00
 2.9914E+03  1.2920E-03  2.5773E-02  2.2622E-03  9.0515E-02  1.0000E+00
 3.0143E+03  1.2945E-03  2.5626E-02  2.2624E-03  8.9835E-02  1.0000E+00
 3.0374E+03  1.2971E-03  2.5481E-02  2.2626E-03  8.9160E-02  1.0000E+00
 3.0607E+03  1.2996E-03  2.5336E-02  2.2628E-03  8.8490E-02  1.0000E+00
 3.0841E+03  1.3022E-03  2.5193E-02  2.2630E-03  8.7826E-02  1.0000E+00
 3.1077E+03  1.3048E-03  2.5051E-02  2.2632E-03  8.7166E-02  1.0000E+00
 3.1315E+03  1.3074E-03  2.4909E-02  2.2634E-03  8.6512E-02  1.0000E+00
 3.1555E+03  1.3100E-03  2.4769E-02  2.2636E-03  8.5862E-02  1.0000E+00
 3.1797E+03  1.3127E-03  2.4630E-02  2.2638E-03  8.5218E-02  1.0000E+00
 3.2040E+03  1.3154E-03  2.4492E-02  2.2640E-03  8.4578E-02  1.0000E+00
 3.2286E+03  1.3180E-03  2.4355E-02  2.2642E-03  8.3943E-02  1.0000E+00
 3.2533E+03  1.3208E-03  2.4219E-02  2.2645E-03  8.3313E-02  1.0000E+00
 3.2782E+03  1.3235E-03  2.4084E-02  2.2647E-03  8.2688E-02  1.0000E+00
 3.3033E+03  1.3262E-03  2.3950E-02  2.2649E-03  8.2068E-02  1.0000E+00
 3.3286E+03  1.3290E-03  2.3817E-02  2.2651E-03  8.1452E-02  1.0000E+00
 3.3541E+03  1.3318E-03  2.3685E-02  2.2653E-03  8.0841E-02  1.0000E+00
 3.3798E+03  1.3346E-03  2.3554E-02  2.2656E-03  8.0235E-02  1.0000E+00
 3.4057E+03  1.3374E-03  2.3424E-02  2.2658E-03  7.9633E-02  1.0000E+00
 3.4317E+03  1.3403E-03  2.3295E-02  2.2660E-03  7.9036E-02  1.0000E+00
 3.4580E+03  1.3431E-03  2.3167E-02  2.2663E-03  7.8443E-02  1.0000E+00
 3.4845E+03  1.3460E-03  2.3040E-02  2.2665E-03  7.7855E-02  1.0000E+00
 3.5112E+03  1.3489E-03  2.2913E-02  2.2667E-03  7.7271E-02  1.0000E+00
 3.5381E+03  1.3518E-03  2.2788E-02  2.2670E-03  7.6692E-02  1.0000E+00
 3.5652E+03  1.3548E-03  2.2663E-02  2.2672E-03  7.6117E-02  1.0000E+00
 3.5925E+03  1.3577E-03  2.2539E-02  2.2674E-03  7.5546E-02  1.0000E+00
 3.6200E+03  1.3607E-03  2.2417E-02  2.2677E-03  7.4980E-02  1.0000E+00
 3.6477E+03  1.3637E-03  2.2295E-02  2.2679E-03  7.4418E-02  1.0000E+00
 3.6757E+03  1.3667E-03  2.2173E-02  2.2682E-03  7.3861E-02  1.0000E+00
 3.7038E+03  1.3698E-03  2.2053E-02  2.2684E-03  7.3308E-02  1.0000E+00
 3.7322E+03  1.3728E-03  2.1934E-02  2.2687E-03  7.2758E-02  1.0000E+00
 3.7608E+03  1.3759E-03  2.1815E-02  2.2689E-03  7.2213E-02  1.0000E+00
 3.7896E+03  1.3790E-03  2.1697E-02  2.2692E-03  7.1673E-02  1.0000E+00
 3.8186E+03  1.3821E-03  2.1580E-02  2.2694E-03  7.1136E-02  1.0000E+00
 3.8478E+03  1.3852E-03  2.1464E-02  2.2697E-03  7.0603E-02  1.0000E+00
 3.8773E+03  1.3883E-03  2.1348E-02  2.2700E-03  7.0075E-02  1.0000E+00
 3.9070E+03  1.3915E-03  2.1234E-02  2.2702E-03  6.9550E-02  1.0000E+00
 3.9369E+03  1.3947E-03  2.1120E-02  2.2705E-03  6.9030E-02  1.0000E+00
 3.9671E+03  1.3979E-03  2.1007E-02  2.2707E-03  6.8513E-02  1.0000E+00
 3.9974E+03  1.4011E-03  2.0894E-02  2.2710E-03  6.8000E-02  1.0000E+00
 4.0281E+03  1.4043E-03  2.0783E-02  2.2713E-03  6.7492E-02  1.0000E+00
 4.0589E+03  1.4076E-03  2.0672E-02  2.2716E-03  6.6987E-02  1.0000E+00
 4.0900E+03  1.4108E-03  2.0562E-02  2.2718E-03  6.6486E-02  1.0000E+00
 4.1213E+03  1.4141E-03  2.0452E-02  2.2721E-03  6.5988E-02  1.0000E+00
 4.1529E+03  1.4174E-03  2.0344E-02  2.2724E-03  6.5495E-02  1.0000E+00
 4.1847E+03  1.4207E-03  2.0236E-02  2.2727E-03  6.5005E-02  1.0000E+00
 4.2167E+03  1.4241E-03  2.0129E-02  2.2730E-03  6.4519E-02  1.0000E+00
 4.2490E+03  1.4274E-03  2.0022E-02  2.2732E-03  6.4037E-02  1.0000E+00
 4.2816E+03  1.4308E-03  1.9916E-02  2.2735E-03  6.3558E-02  1.0000E+00
 4.3143E+03  1.4342E-03  1.9811E-02  2.2738E-03  6.3083E-02  1.0000E+00
 4.3474E+03  1.4376E-03  1.9706E-02  2.2741E-03  6.2612E-02  1.0000E+00
 4.3807E+03  1.4410E-03  1.9603E-02  2.2744E-03  6.2144E-02  1.0000E+00
 4.4142E+03  1.4445E-03  1.9499E-02  2.2747E-03  6.1679E-02  1.0000E+00
 4.4480E+03  1.4479E-03  1.9397E-02  2.2750E-03  6.1219E-02  1.0000E+00
 4.4821E+03  1.4514E-03  1.9295E-02  2.2753E-03  6.0761E-02  1.0000E+00
 4.5164E+03  1.4549E-03  1.9194E-02  2.2756E-03  6.0308E-02  1.0000E+00
 4.5510E+03  1.4584E-03  1.9093E-02  2.2759E-03  5.9857E-02  1.0000E+00
 4.5859E+03  1.4619E-03  1.8993E-02  2.2762E-03  5.9411E-02  1.0000E+00
 4.6210E+03  1.4654E-03  1.8893E-02  2.2765E-03  5.8967E-02  1.0000E+00
 4.6564E+03  1.4690E-03  1.8794E-02  2.2768E-03  5.8527E-02  1.0000E+00
 4.6920E+03  1.4725E-03  1.8696E-02  2.2771E-03  5.8090E-02  1.0000E+00
 4.7280E+03  1.4761E-03  1.8598E-02  2.2775E-03  5.7657E-02  1.0000E+00
 4.7642E+03  1.4796E-03  1.8501E-02  2.2778E-03  5.7226E-02  1.0000E+00
 4.8007E+03  1.4832E-03  1.8404E-02  2.2781E-03  5.6800E-02  1.0000E+00
 4.8374E+03  1.4868E-03  1.8308E-02  2.2784E-03  5.6376E-02  1.0000E+00
 4.8745E+03  1.4904E-03  1.8212E-02  2.2788E-03  5.5956E-02  1.0000E+00
 4.9118E+03  1.4940E-03  1.8117E-02  2.2791E-03  5.5538E-02  1.0000E+00
 4.9494E+03  1.4977E-03  1.8022E-02  2.2794E-03  5.5124E-02  1.0000E+00
 4.9873E+03  1.5013E-03  1.7928E-02  2.2798E-03  5.4713E-02  1.0000E+00
 5.0255E+03  1.5049E-03  1.7834E-02  2.2801E-03  5.4306E-02  1.0000E+00
 5.0640E+03  1.5086E-03  1.7741E-02  2.2804E-03  5.3901E-02  1.0000E+00
 5.1028E+03  1.5123E-03  1.7648E-02  2.2808E-03  5.3499E-02  1.0000E+00
 5.1419E+03  1.5159E-03  1.7556E-02  2.2811E-03  5.3101E-02  1.0000E+00
 5.1812E+03  1.5196E-03  1.7464E-02  2.2815E-03  5.2705E-02  1.0000E+00
 5.2209E+03  1.5233E-03  1.7373E-02  2.2818E-03  5.2313E-02  1.0000E+00
 5.2609E+03  1.5270E-03  1.7282E-02  2.2822E-03  5.1923E-02  1.0000E+00
 5.3012E+03  1.5307E-03  1.7192E-02  2.2825E-03  5.1536E-02  1.0000E+00
 5.3418E+03  1.5344E-03  1.7102E-02  2.2829E-03  5.1153E-02  1.0000E+00
 5.3827E+03  1.5382E-03  1.7012E-02  2.2832E-03  5.0772E-02  1.0000E+00
 5.4239E+03  1.5419E-03  1.6923E-02  2.2836E-03  5.0394E-02  1.0000E+00
 5.4655E+03  1.5456E-03  1.6835E-02  2.2840E-03  5.0019E-02  1.0000E+00
 5.5073E+03  1.5494E-03  1.6747E-02  2.2844E-03  4.9647E-02  1.0000E+00
 5.5495E+03  1.5532E-03  1.6659E-02  2.2847E-03  4.9278E-02  1.0000E+00
 5.5920E+03  1.5569E-03  1.6572E-02  2.2851E-03  4.8911E-02  1.0000E+00
 5.6348E+03  1.5607E-03  1.6485E-02  2.2855E-03  4.8548E-02  1.0000E+00
 5.6780E+03  1.5645E-03  1.6399E-02  2.2859E-03  4.8187E-02  1.0000E+00
 5.7215E+03  1.5683E-03  1.6313E-02  2.2862E-03  4.7829E-02  1.0000E+00
 5.7653E+03  1.5720E-03  1.6227E-02  2.2866E-03  4.7473E-02  1.0000E+00
 5.8094E+03  1.5758E-03  1.6142E-02  2.2870E-03  4.7120E-02  1.0000E+00
 5.8539E+03  1.5797E-03  1.6057E-02  2.2874E-03  4.6770E-02  1.0000E+00
 5.8988E+03  1.5835E-03  1.5973E-02  2.2878E-03  4.6423E-02  1.0000E+00
 5.9439E+03  1.5873E-03  1.5889E-02  2.2882E-03  4.6078E-02  1.0000E+00
 5.9895E+03  1.5911E-03  1.5806E-02  2.2886E-03  4.5736E-02  1.0000E+00
 6.0353E+03  1.5949E-03  1.5723E-02  2.2890E-03  4.5397E-02  1.0000E+00
 6.0815E+03  1.5988E-03  1.5640E-02  2.2894E-03  4.5060E-02  1.0000E+00
 6.1281E+03  1.6026E-03  1.5558E-02  2.2898E-03  4.4725E-02  1.0000E+00
 6.1751E+03  1.6064E-03  1.5476E-02  2.2903E-03  4.4393E-02  1.0000E+00
 6.2223E+03  1.6103E-03  1.5394E-02  2.2907E-03  4.4064E-02  1.0000E+00
 6.2700E+03  1.6141E-03  1.5313E-02  2.2911E-03  4.3737E-02  1.0000E+00
 6.3180E+03  1.6180E-03  1.5232E-02  2.2915E-03  4.3413E-02  1.0000E+00
 6.3664E+03  1.6218E-03  1.5151E-02  2.2920E-03  4.3091E-02  1.0000E+00
 6.4152E+03  1.6257E-03  1.5071E-02  2.2924E-03  4.2771E-02  1.0000E+00
 6.4643E+03  1.6295E-03  1.4992E-02  2.2928E-03  4.2454E-02  1.0000E+00
 6.5138E+03  1.6334E-03  1.4912E-02  2.2933E-03  4.2140E-02  1.0000E+00
 6.5637E+03  1.6373E-03  1.4833E-02  2.2937E-03  4.1828E-02  1.0000E+00
 6.6139E+03  1.6411E-03  1.4755E-02  2.2942E-03  4.1518E-02  1.0000E+00
 6.6646E+03  1.6450E-03  1.4676E-02  2.2946E-03  4.1210E-02  1.0000E+00
 6.7156E+03  1.6489E-03  1.4598E-02  2.2951E-03  4.0905E-02  1.0000E+00
 6.7671E+03  1.6528E-03  1.4521E-02  2.2955E-03  4.0602E-02  1.0000E+00
 6.8189E+03  1.6566E-03  1.4443E-02  2.2960E-03  4.0302E-02  1.0000E+00
 6.8711E+03  1.6605E-03  1.4366E-02  2.2964E-03  4.0004E-02  1.0000E+00
 6.9237E+03  1.6644E-03  1.4290E-02  2.2969E-03  3.9708E-02  1.0000E+00
 6.9768E+03  1.6683E-03  1.4213E-02  2.2974E-03  3.9414E-02  1.0000E+00
 7.0302E+03  1.6721E-03  1.4137E-02  2.2978E-03  3.9122E-02  1.0000E+00
 7.0840E+03  1.6760E-03  1.4062E-02  2.2983E-03  3.8833E-02  1.0000E+00
 7.1383E+03  1.6799E-03  1.3986E-02  2.2988E-03  3.8546E-02  1.0000E+00
 7.1929E+03  1.6838E-03  1.3911E-02  2.2993E-03  3.8261E-02  1.0000E+00
 7.2480E+03  1.6876E-03  1.3837E-02  2.2998E-03  3.7979E-02  1.0000E+00
 7.3035E+03  1.6915E-03  1.3762E-02  2.3003E-03  3.7698E-02  1.0000E+00
 7.3595E+03  1.6954E-03  1.3688E-02  2.3008E-03  3.7419E-02  1.0000E+00
 7.4158E+03  1.6993E-03  1.3615E-02  2.3013E-03  3.7143E-02  1.0000E+00
 7.4726E+03  1.7031E-03  1.3541E-02  2.3018E-03  3.6869E-02  1.0000E+00
 7.5299E+03  1.7070E-03  1.3468E-02  2.3023E-03  3.6597E-02  1.0000E+00
 7.5875E+03  1.7109E-03  1.3395E-02  2.3028E-03  3.6327E-02  1.0000E+00
 7.6456E+03  1.7147E-03  1.3322E-02  2.3033E-03  3.6059E-02  1.0000E+00
 7.7042E+03  1.7186E-03  1.3250E-02  2.3038E-03  3.5793E-02  1.0000E+00
 7.7632E+03  1.7224E-03  1.3178E-02  2.3043E-03  3.5529E-02  1.0000E+00
 7.8226E+03  1.7263E-03  1.3107E-02  2.3049E-03  3.5267E-02  1.0000E+00
 7.8825E+03  1.7301E-03  1.3035E-02  2.3054E-03  3.5007E-02  1.0000E+00
 7.9429E+03  1.7340E-03  1.2964E-02  2.3059E-03  3.4749E-02  1.0000E+00
 8.0037E+03  1.7378E-03  1.2893E-02  2.3065E-03  3.4493E-02  1.0000E+00
 8.0650E+03  1.7416E-03  1.2823E-02  2.3070E-03  3.4239E-02  1.0000E+00
 8.1268E+03  1.7454E-03  1.2752E-02  2.3076E-03  3.3987E-02  1.0000E+00
 8.1890E+03  1.7492E-03  1.2682E-02  2.3081E-03  3.3737E-02  1.0000E+00
 8.2518E+03  1.7531E-03  1.2612E-02  2.3087E-03  3.3488E-02  1.0000E+00
 8.3150E+03  1.7568E-03  1.2543E-02  2.3093E-03  3.3242E-02  1.0000E+00
 8.3786E+03  1.7606E-03  1.2474E-02  2.3098E-03  3.2997E-02  1.0000E+00
 8.4428E+03  1.7644E-03  1.2405E-02  2.3104E-03  3.2755E-02  1.0000E+00
 8.5075E+03  1.7682E-03  1.2336E-02  2.3110E-03  3.2514E-02  1.0000E+00
 8.5726E+03  1.7719E-03  1.2267E-02  2.3115E-03  3.2275E-02  1.0000E+00
 8.6383E+03  1.7757E-03  1.2199E-02  2.3121E-03  3.2037E-02  1.0000E+00
 8.7044E+03  1.7795E-03  1.2131E-02  2.3127E-03  3.1802E-02  1.0000E+00
 8.7711E+03  1.7832E-03  1.2064E-02  2.3133E-03  3.1568E-02  1.0000E+00
 8.8383E+03  1.7869E-03  1.1996E-02  2.3139E-03  3.1337E-02  1.0000E+00
 8.9059E+03  1.7907E-03  1.1929E-02  2.3145E-03  3.1107E-02  1.0000E+00
 8.9741E+03  1.7944E-03  1.1862E-02  2.3151E-03  3.0878E-02  1.0000E+00
 9.0429E+03  1.7981E-03  1.1796E-02  2.3157E-03  3.0652E-02  1.0000E+00
 9.1121E+03  1.8018E-03  1.1729E-02  2.3163E-03  3.0427E-02  1.0000E+00
 9.1819E+03  1.8055E-03  1.1663E-02  2.3170E-03  3.0204E-02  1.0000E+00
 9.2522E+03  1.8092E-03  1.1598E-02  2.3176E-03  2.9982E-02  1.0000E+00
 9.3231E+03  1.8129E-03  1.1532E-02  2.3182E-03  2.9762E-02  1.0000E+00
 9.3945E+03  1.8165E-03  1.1467E-02  2.3189E-03  2.9544E-02  1.0000E+00
 9.4664E+03  1.8202E-03  1.1402E-02  2.3195E-03  2.9328E-02  1.0000E+00
 9.5389E+03  1.8239E-03  1.1337E-02  2.3202E-03  2.9113E-02  1.0000E+00
 9.6120E+03  1.8275E-03  1.1273E-02  2.3208E-03  2.8900E-02  1.0000E+00
 9.6856E+03  1.8312E-03  1.1209E-02  2.3215E-03  2.8688E-02  1.0000E+00
 9.7598E+03  1.8348E-03  1.1145E-02  2.3221E-03  2.8479E-02  1.0000E+00
 9.8345E+03  1.8385E-03  1.1081E-02  2.3228E-03  2.8270E-02  1.0000E+00
 9.9098E+03  1.8421E-03  1.1018E-02  2.3235E-03  2.8063E-02  1.0000E+00
 9.9857E+03  1.8457E-03  1.0955E-02  2.3241E-03  2.7858E-02  1.0000E+00
 1.0062E+04  1.8493E-03  1.0892E-02  2.3248E-03  2.7655E-02  1.0000E+00
 1.0139E+04  1.8530E-03  1.0830E-02  2.3255E-03  2.7453E-02  1.0000E+00
 1.0217E+04  1.8566E-03  1.0767E-02  2.3262E-03  2.7252E-02  1.0000E+00
 1.0295E+04  1.8602E-03  1.0705E-02  2.3269E-03  2.7053E-02  1.0000E+00
 1.0374E+04  1.8637E-03  1.0644E-02  2.3276E-03  2.6856E-02  1.0000E+00
 1.0453E+04  1.8673E-03  1.0582E-02  2.3283E-03  2.6660E-02  1.0000E+00
 1.0533E+04  1.8709E-03  1.0521E-02  2.3290E-03  2.6465E-02  1.0000E+00
 1.0614E+04  1.8745E-03  1.0460E-02  2.3297E-03  2.6272E-02  1.0000E+00
 1.0695E+04  1.8780E-03  1.0400E-02  2.3305E-03  2.6081E-02  1.0000E+00
 1.0777E+04  1.8816E-03  1.0340E-02  2.3312E-03  2.5891E-02  1.0000E+00
 1.0860E+04  1.8852E-03  1.0280E-02  2.3319E-03  2.5702E-02  1.0000E+00
 1.0943E+04  1.8887E-03  1.0220E-02  2.3327E-03  2.5515E-02  1.0000E+00
 1.1027E+04  1.8923E-03  1.0160E-02  2.3334E-03  2.5329E-02  1.0000E+00
 1.1111E+04  1.8958E-03  1.0101E-02  2.3342E-03  2.5145E-02  1.0000E+00
 1.1196E+04  1.8993E-03  1.0042E-02  2.3350E-03  2.4962E-02  1.0000E+00
 1.1282E+04  1.9029E-03  9.9836E-03  2.3357E-03  2.4780E-02  1.0000E+00
 1.1369E+04  1.9064E-03  9.9252E-03  2.3365E-03  2.4600E-02  1.0000E+00
 1.1456E+04  1.9099E-03  9.8671E-03  2.3373E-03  2.4421E-02  1.0000E+00
 1.1543E+04  1.9134E-03  9.8093E-03  2.3381E-03  2.4243E-02  1.0000E+00
 1.1632E+04  1.9169E-03  9.7517E-03  2.3388E-03  2.4067E-02  1.0000E+00
 1.1721E+04  1.9204E-03  9.6945E-03  2.3396E-03  2.3893E-02  1.0000E+00
 1.1811E+04  1.9239E-03  9.6374E-03  2.3404E-03  2.3719E-02  1.0000E+00
 1.1901E+04  1.9274E-03  9.5807E-03  2.3413E-03  2.3547E-02  1.0000E+00
 1.1992E+04  1.9309E-03  9.5242E-03  2.3421E-03  2.3376E-02  1.0000E+00
 1.2084E+04  1.9343E-03  9.4680E-03  2.3429E-03  2.3207E-02  1.0000E+00
 1.2177E+04  1.9378E-03  9.4121E-03  2.3437E-03  2.3038E-02  1.0000E+00
 1.2270E+04  1.9413E-03  9.3565E-03  2.3446E-03  2.2872E-02  1.0000E+00
 1.2364E+04  1.9448E-03  9.3011E-03  2.3454E-03  2.2706E-02  1.0000E+00
 1.2458E+04  1.9482E-03  9.2459E-03  2.3463E-03  2.2541E-02  1.0000E+00
 1.2554E+04  1.9517E-03  9.1911E-03  2.3471E-03  2.2378E-02  1.0000E+00
 1.2650E+04  1.9551E-03  9.1366E-03  2.3480E-03  2.2216E-02  1.0000E+00
 1.2747E+04  1.9586E-03  9.0823E-03  2.3488E-03  2.2056E-02  1.0000E+00
 1.2845E+04  1.9620E-03  9.0283E-03  2.3497E-03  2.1896E-02  1.0000E+00
 1.2943E+04  1.9655E-03  8.9746E-03  2.3506E-03  2.1738E-02  1.0000E+00
 1.3042E+04  1.9689E-03  8.9212E-03  2.3515E-03  2.1581E-02  1.0000E+00
 1.3142E+04  1.9724E-03  8.8681E-03  2.3524E-03  2.1425E-02  1.0000E+00
 1.3243E+04  1.9759E-03  8.8152E-03  2.3533E-03  2.1270E-02  1.0000E+00
 1.3344E+04  1.9793E-03  8.7627E-03  2.3542E-03  2.1117E-02  1.0000E+00
 1.3446E+04  1.9828E-03  8.7104E-03  2.3551E-03  2.0965E-02  1.0000E+00
 1.3549E+04  1.9862E-03  8.6584E-03  2.3560E-03  2.0813E-02  1.0000E+00
 1.3653E+04  1.9897E-03  8.6066E-03  2.3570E-03  2.0663E-02  1.0000E+00
 1.3757E+04  1.9931E-03  8.5552E-03  2.3579E-03  2.0515E-02  1.0000E+00
 1.3863E+04  1.9966E-03  8.5040E-03  2.3589E-03  2.0367E-02  1.0000E+00
 1.3969E+04  2.0000E-03  8.4531E-03  2.3598E-03  2.0220E-02  1.0000E+00
 1.4076E+04  2.0035E-03  8.4025E-03  2.3608E-03  2.0075E-02  1.0000E+00
 1.4184E+04  2.0069E-03  8.3521E-03  2.3617E-03  1.9930E-02  1.0000E+00
 1.4292E+04  2.0104E-03  8.3020E-03  2.3627E-03  1.9787E-02  1.0000E+00
 1.4402E+04  2.0138E-03  8.2522E-03  2.3637E-03  1.9645E-02  1.0000E+00
 1.4512E+04  2.0173E-03  8.2027E-03  2.3647E-03  1.9504E-02  1.0000E+00
 1.4623E+04  2.0207E-03  8.1534E-03  2.3657E-03  1.9364E-02  1.0000E+00
 1.4735E+04  2.0242E-03  8.1044E-03  2.3667E-03  1.9225E-02  1.0000E+00
 1.4848E+04  2.0277E-03  8.0557E-03  2.3677E-03  1.9087E-02  1.0000E+00
 1.4962E+04  2.0311E-03  8.0072E-03  2.3687E-03  1.8950E-02  1.0000E+00
 1.5076E+04  2.0346E-03  7.9590E-03  2.3698E-03  1.8814E-02  1.0000E+00
 1.5192E+04  2.0380E-03  7.9111E-03  2.3708E-03  1.8679E-02  1.0000E+00
 1.5308E+04  2.0415E-03  7.8634E-03  2.3719E-03  1.8545E-02  1.0000E+00
 1.5425E+04  2.0450E-03  7.8160E-03  2.3729E-03  1.8413E-02  1.0000E+00
 1.5544E+04  2.0484E-03  7.7689E-03  2.3740E-03  1.8281E-02  1.0000E+00
 1.5663E+04  2.0519E-03  7.7220E-03  2.3751E-03  1.8150E-02  1.0000E+00
 1.5783E+04  2.0554E-03  7.6753E-03  2.3761E-03  1.8021E-02  1.0000E+00
 1.5903E+04  2.0588E-03  7.6290E-03  2.3772E-03  1.7892E-02  1.0000E+00
 1.6025E+04  2.0623E-03  7.5829E-03  2.3783E-03  1.7764E-02  1.0000E+00
 1.6148E+04  2.0658E-03  7.5370E-03  2.3794E-03  1.7637E-02  1.0000E+00
 1.6272E+04  2.0693E-03  7.4915E-03  2.3806E-03  1.7511E-02  1.0000E+00
 1.6396E+04  2.0727E-03  7.4461E-03  2.3817E-03  1.7386E-02  1.0000E+00
 1.6522E+04  2.0762E-03  7.4010E-03  2.3828E-03  1.7263E-02  1.0000E+00
 1.6648E+04  2.0797E-03  7.3562E-03  2.3840E-03  1.7140E-02  1.0000E+00
 1.6776E+04  2.0832E-03  7.3116E-03  2.3851E-03  1.7018E-02  1.0000E+00
 1.6904E+04  2.0867E-03  7.2673E-03  2.3863E-03  1.6896E-02  1.0000E+00
 1.7034E+04  2.0902E-03  7.2233E-03  2.3874E-03  1.6776E-02  1.0000E+00
 1.7164E+04  2.0937E-03  7.1794E-03  2.3886E-03  1.6657E-02  1.0000E+00
 1.7296E+04  2.0972E-03  7.1359E-03  2.3898E-03  1.6539E-02  1.0000E+00
 1.7428E+04  2.1007E-03  7.0926E-03  2.3910E-03  1.6421E-02  1.0000E+00
 1.7562E+04  2.1042E-03  7.0495E-03  2.3922E-03  1.6305E-02  1.0000E+00
 1.7696E+04  2.1077E-03  7.0067E-03  2.3934E-03  1.6189E-02  1.0000E+00
 1.7832E+04  2.1112E-03  6.9641E-03  2.3947E-03  1.6074E-02  1.0000E+00
 1.7968E+04  2.1147E-03  6.9217E-03  2.3959E-03  1.5960E-02  1.0000E+00
 1.8106E+04  2.1182E-03  6.8796E-03  2.3971E-03  1.5847E-02  1.0000E+00
 1.8244E+04  2.1217E-03  6.8378E-03  2.3984E-03  1.5735E-02  1.0000E+00
 1.8384E+04  2.1253E-03  6.7962E-03  2.3997E-03  1.5624E-02  1.0000E+00
 1.8525E+04  2.1288E-03  6.7548E-03  2.4009E-03  1.5513E-02  1.0000E+00
 1.8667E+04  2.1323E-03  6.7137E-03  2.4022E-03  1.5403E-02  1.0000E+00
 1.8810E+04  2.1359E-03  6.6729E-03  2.4035E-03  1.5295E-02  1.0000E+00
 1.8954E+04  2.1394E-03  6.6323E-03  2.4048E-03  1.5187E-02  1.0000E+00
 1.9099E+04  2.1430E-03  6.5919E-03  2.4062E-03  1.5079E-02  1.0000E+00
 1.9245E+04  2.1466E-03  6.5518E-03  2.4075E-03  1.4973E-02  1.0000E+00
 1.9393E+04  2.1501E-03  6.5119E-03  2.4088E-03  1.4868E-02  1.0000E+00
 1.9541E+04  2.1537E-03  6.4722E-03  2.4102E-03  1.4763E-02  1.0000E+00
 1.9691E+04  2.1573E-03  6.4328E-03  2.4115E-03  1.4659E-02  1.0000E+00
 1.9842E+04  2.1609E-03  6.3937E-03  2.4129E-03  1.4556E-02  1.0000E+00
 1.9994E+04  2.1645E-03  6.3547E-03  2.4143E-03  1.4453E-02  1.0000E+00
 2.0147E+04  2.1681E-03  6.3160E-03  2.4157E-03  1.4352E-02  1.0000E+00
 2.0301E+04  2.1717E-03  6.2776E-03  2.4171E-03  1.4251E-02  1.0000E+00
 2.0456E+04  2.1754E-03  6.2394E-03  2.4185E-03  1.4151E-02  1.0000E+00
 2.0613E+04  2.1790E-03  6.2014E-03  2.4199E-03  1.4052E-02  1.0000E+00
 2.0771E+04  2.1827E-03  6.1636E-03  2.4214E-03  1.3953E-02  1.0000E+00
 2.0930E+04  2.1863E-03  6.1261E-03  2.4228E-03  1.3855E-02  1.0000E+00
 2.1090E+04  2.1900E-03  6.0888E-03  2.4243E-03  1.3758E-02  1.0000E+00
 2.1252E+04  2.1937E-03  6.0517E-03  2.4257E-03  1.3662E-02  1.0000E+00
 2.1415E+04  2.1974E-03  6.0149E-03  2.4272E-03  1.3567E-02  1.0000E+00
 2.1579E+04  2.2011E-03  5.9783E-03  2.4287E-03  1.3472E-02  1.0000E+00
 2.1744E+04  2.2048E-03  5.9419E-03  2.4302E-03  1.3378E-02  1.0000E+00
 2.1910E+04  2.2085E-03  5.9058E-03  2.4317E-03  1.3284E-02  1.0000E+00
 2.2078E+04  2.2122E-03  5.8698E-03  2.4333E-03  1.3192E-02  1.0000E+00
 2.2247E+04  2.2160E-03  5.8341E-03  2.4348E-03  1.3100E-02  1.0000E+00
 2.2418E+04  2.2197E-03  5.7986E-03  2.4364E-03  1.3008E-02  1.0000E+00
 2.2589E+04  2.2235E-03  5.7634E-03  2.4379E-03  1.2918E-02  1.0000E+00
 2.2762E+04  2.2272E-03  5.7283E-03  2.4395E-03  1.2828E-02  1.0000E+00
 2.2937E+04  2.2310E-03  5.6935E-03  2.4411E-03  1.2739E-02  1.0000E+00
 2.3112E+04  2.2348E-03  5.6589E-03  2.4427E-03  1.2650E-02  1.0000E+00
 2.3289E+04  2.2386E-03  5.6245E-03  2.4443E-03  1.2563E-02  1.0000E+00
 2.3468E+04  2.2425E-03  5.5903E-03  2.4460E-03  1.2475E-02  1.0000E+00
 2.3647E+04  2.2463E-03  5.5564E-03  2.4476E-03  1.2389E-02  1.0000E+00
 2.3829E+04  2.2501E-03  5.5226E-03  2.4493E-03  1.2303E-02  1.0000E+00
 2.4011E+04  2.2540E-03  5.4891E-03  2.4510E-03  1.2218E-02  1.0000E+00
 2.4195E+04  2.2579E-03  5.4558E-03  2.4526E-03  1.2133E-02  1.0000E+00
 2.4380E+04  2.2618E-03  5.4227E-03  2.4543E-03  1.2050E-02  1.0000E+00
 2.4567E+04  2.2656E-03  5.3897E-03  2.4561E-03  1.1966E-02  1.0000E+00
 2.4755E+04  2.2687E-03  5.3550E-03  2.4578E-03  1.1884E-02  1.0000E+00
 2.4945E+04  2.2717E-03  5.3204E-03  2.4595E-03  1.1802E-02  1.0000E+00
 2.5136E+04  2.2748E-03  5.2861E-03  2.4613E-03  1.1720E-02  1.0000E+00
 2.5328E+04  2.2778E-03  5.2520E-03  2.4630E-03  1.1640E-02  1.0000E+00
 2.5522E+04  2.2809E-03  5.2181E-03  2.4648E-03  1.1560E-02  1.0000E+00
 2.5718E+04  2.2839E-03  5.1845E-03  2.4666E-03  1.1480E-02  1.0000E+00
 2.5915E+04  2.2870E-03  5.1510E-03  2.4684E-03  1.1401E-02  1.0000E+00
 2.6113E+04  2.2901E-03  5.1178E-03  2.4703E-03  1.1323E-02  1.0000E+00
 2.6313E+04  2.2932E-03  5.0847E-03  2.4721E-03  1.1245E-02  1.0000E+00
 2.6515E+04  2.2962E-03  5.0519E-03  2.4739E-03  1.1168E-02  1.0000E+00
 2.6718E+04  2.2993E-03  5.0193E-03  2.4758E-03  1.1092E-02  1.0000E+00
 2.6922E+04  2.3024E-03  4.9869E-03  2.4777E-03  1.1016E-02  1.0000E+00
 2.7128E+04  2.3055E-03  4.9546E-03  2.4796E-03  1.0940E-02  1.0000E+00
 2.7336E+04  2.3086E-03  4.9226E-03  2.4815E-03  1.0866E-02  1.0000E+00
 2.7545E+04  2.3117E-03  4.8908E-03  2.4834E-03  1.0791E-02  1.0000E+00
 2.7756E+04  2.3149E-03  4.8592E-03  2.4854E-03  1.0718E-02  1.0000E+00
 2.7969E+04  2.3180E-03  4.8278E-03  2.4874E-03  1.0645E-02  1.0000E+00
 2.8183E+04  2.3211E-03  4.7966E-03  2.4893E-03  1.0572E-02  1.0000E+00
 2.8399E+04  2.3243E-03  4.7657E-03  2.4913E-03  1.0500E-02  1.0000E+00
 2.8617E+04  2.3274E-03  4.7349E-03  2.4933E-03  1.0429E-02  1.0000E+00
 2.8836E+04  2.3306E-03  4.7043E-03  2.4954E-03  1.0358E-02  1.0000E+00
 2.9056E+04  2.3337E-03  4.6739E-03  2.4974E-03  1.0288E-02  1.0000E+00
 2.9279E+04  2.3369E-03  4.6437E-03  2.4995E-03  1.0218E-02  1.0000E+00
 2.9503E+04  2.3401E-03  4.6136E-03  2.5015E-03  1.0149E-02  1.0000E+00
 2.9729E+04  2.3433E-03  4.5838E-03  2.5036E-03  1.0080E-02  1.0000E+00
 2.9957E+04  2.3465E-03  4.5542E-03  2.5057E-03  1.0012E-02  1.0000E+00
 3.0186E+04  2.3497E-03  4.5248E-03  2.5079E-03  9.9441E-03  1.0000E+00
 3.0417E+04  2.3529E-03  4.4955E-03  2.5100E-03  9.8770E-03  1.0000E+00
 3.0650E+04  2.3561E-03  4.4665E-03  2.5122E-03  9.8104E-03  1.0000E+00
 3.0885E+04  2.3593E-03  4.4376E-03  2.5143E-03  9.7442E-03  1.0000E+00
 3.1122E+04  2.3626E-03  4.4090E-03  2.5165E-03  9.6786E-03  1.0000E+00
 3.1360E+04  2.3658E-03  4.3805E-03  2.5188E-03  9.6135E-03  1.0000E+00
 3.1600E+04  2.3691E-03  4.3522E-03  2.5210E-03  9.5489E-03  1.0000E+00
 3.1842E+04  2.3724E-03  4.3241E-03  2.5232E-03  9.4848E-03  1.0000E+00
 3.2086E+04  2.3756E-03  4.2962E-03  2.5255E-03  9.4211E-03  1.0000E+00
 3.2332E+04  2.3789E-03  4.2684E-03  2.5278E-03  9.3580E-03  1.0000E+00
 3.2579E+04  2.3822E-03  4.2409E-03  2.5301E-03  9.2954E-03  1.0000E+00
 3.2829E+04  2.3855E-03  4.2135E-03  2.5324E-03  9.2332E-03  1.0000E+00
 3.3080E+04  2.3889E-03  4.1863E-03  2.5348E-03  9.1715E-03  1.0000E+00
 3.3334E+04  2.3922E-03  4.1593E-03  2.5371E-03  9.1103E-03  1.0000E+00
 3.3589E+04  2.3956E-03  4.1325E-03  2.5395E-03  9.0495E-03  1.0000E+00
 3.3846E+04  2.3989E-03  4.1058E-03  2.5419E-03  8.9892E-03  1.0000E+00
 3.4105E+04  2.4023E-03  4.0793E-03  2.5443E-03  8.9294E-03  1.0000E+00
 3.4367E+04  2.4057E-03  4.0530E-03  2.5468E-03  8.8700E-03  1.0000E+00
 3.4630E+04  2.4091E-03  4.0269E-03  2.5492E-03  8.8111E-03  1.0000E+00
 3.4895E+04  2.4125E-03  4.0009E-03  2.5517E-03  8.7526E-03  1.0000E+00
 3.5162E+04  2.4159E-03  3.9752E-03  2.5542E-03  8.6946E-03  1.0000E+00
 3.5431E+04  2.4193E-03  3.9496E-03  2.5567E-03  8.6370E-03  1.0000E+00
 3.5703E+04  2.4228E-03  3.9241E-03  2.5593E-03  8.5799E-03  1.0000E+00
 3.5976E+04  2.4262E-03  3.8989E-03  2.5618E-03  8.5232E-03  1.0000E+00
 3.6252E+04  2.4297E-03  3.8738E-03  2.5644E-03  8.4670E-03  1.0000E+00
 3.6529E+04  2.4332E-03  3.8488E-03  2.5670E-03  8.4111E-03  1.0000E+00
 3.6809E+04  2.4367E-03  3.8241E-03  2.5696E-03  8.3558E-03  1.0000E+00
 3.7091E+04  2.4402E-03  3.7995E-03  2.5723E-03  8.3008E-03  1.0000E+00
 3.7375E+04  2.4438E-03  3.7751E-03  2.5749E-03  8.2462E-03  1.0000E+00
 3.7661E+04  2.4473E-03  3.7508E-03  2.5776E-03  8.1921E-03  1.0000E+00
 3.7950E+04  2.4509E-03  3.7267E-03  2.5803E-03  8.1384E-03  1.0000E+00
 3.8240E+04  2.4545E-03  3.7028E-03  2.5831E-03  8.0851E-03  1.0000E+00
 3.8533E+04  2.4581E-03  3.6790E-03  2.5858E-03  8.0322E-03  1.0000E+00
 3.8828E+04  2.4617E-03  3.6554E-03  2.5886E-03  7.9797E-03  1.0000E+00
 3.9126E+04  2.4653E-03  3.6319E-03  2.5914E-03  7.9276E-03  1.0000E+00
 3.9425E+04  2.4690E-03  3.6086E-03  2.5942E-03  7.8760E-03  1.0000E+00
 3.9727E+04  2.4726E-03  3.5855E-03  2.5971E-03  7.8247E-03  1.0000E+00
 4.0032E+04  2.4763E-03  3.5625E-03  2.5999E-03  7.7738E-03  1.0000E+00
 4.0338E+04  2.4800E-03  3.5397E-03  2.6028E-03  7.7233E-03  1.0000E+00
 4.0647E+04  2.4837E-03  3.5171E-03  2.6057E-03  7.6732E-03  1.0000E+00
 4.0958E+04  2.4875E-03  3.4945E-03  2.6087E-03  7.6235E-03  1.0000E+00
 4.1272E+04  2.4912E-03  3.4722E-03  2.6117E-03  7.5741E-03  1.0000E+00
 4.1588E+04  2.4950E-03  3.4500E-03  2.6146E-03  7.5252E-03  1.0000E+00
 4.1907E+04  2.4988E-03  3.4279E-03  2.6177E-03  7.4766E-03  1.0000E+00
 4.2228E+04  2.5026E-03  3.4060E-03  2.6207E-03  7.4284E-03  1.0000E+00
 4.2551E+04  2.5064E-03  3.3843E-03  2.6238E-03  7.3806E-03  1.0000E+00
 4.2877E+04  2.5102E-03  3.3627E-03  2.6269E-03  7.3331E-03  1.0000E+00
 4.3205E+04  2.5141E-03  3.3413E-03  2.6300E-03  7.2860E-03  1.0000E+00
 4.3536E+04  2.5180E-03  3.3200E-03  2.6331E-03  7.2393E-03  1.0000E+00
 4.3869E+04  2.5219E-03  3.2988E-03  2.6363E-03  7.1929E-03  1.0000E+00
 4.4205E+04  2.5258E-03  3.2778E-03  2.6395E-03  7.1469E-03  1.0000E+00
 4.4544E+04  2.5298E-03  3.2569E-03  2.6427E-03  7.1012E-03  1.0000E+00
 4.4885E+04  2.5337E-03  3.2362E-03  2.6459E-03  7.0559E-03  1.0000E+00
 4.5229E+04  2.5377E-03  3.2156E-03  2.6492E-03  7.0109E-03  1.0000E+00
 4.5575E+04  2.5417E-03  3.1952E-03  2.6525E-03  6.9663E-03  1.0000E+00
 4.5924E+04  2.5458E-03  3.1749E-03  2.6558E-03  6.9220E-03  1.0000E+00
 4.6276E+04  2.5498E-03  3.1548E-03  2.6592E-03  6.8781E-03  1.0000E+00
 4.6630E+04  2.5539E-03  3.1347E-03  2.6626E-03  6.8345E-03  1.0000E+00
 4.6987E+04  2.5580E-03  3.1149E-03  2.6660E-03  6.7913E-03  1.0000E+00
 4.7347E+04  2.5621E-03  3.0951E-03  2.6694E-03  6.7483E-03  1.0000E+00
 4.7710E+04  2.5663E-03  3.0755E-03  2.6729E-03  6.7057E-03  1.0000E+00
 4.8075E+04  2.5704E-03  3.0561E-03  2.6764E-03  6.6635E-03  1.0000E+00
 4.8443E+04  2.5746E-03  3.0368E-03  2.6799E-03  6.6216E-03  1.0000E+00
 4.8814E+04  2.5789E-03  3.0176E-03  2.6835E-03  6.5800E-03  1.0000E+00
 4.9188E+04  2.5831E-03  2.9985E-03  2.6871E-03  6.5387E-03  1.0000E+00
 4.9565E+04  2.5874E-03  2.9796E-03  2.6907E-03  6.4977E-03  1.0000E+00
 4.9945E+04  2.5917E-03  2.9608E-03  2.6943E-03  6.4571E-03  1.0000E+00
 5.0327E+04  2.5960E-03  2.9422E-03  2.6980E-03  6.4167E-03  1.0000E+00
 5.0713E+04  2.6003E-03  2.9236E-03  2.7017E-03  6.3767E-03  1.0000E+00
 5.1101E+04  2.6047E-03  2.9052E-03  2.7054E-03  6.3370E-03  1.0000E+00
 5.1492E+04  2.6091E-03  2.8870E-03  2.7092E-03  6.2976E-03  1.0000E+00
 5.1887E+04  2.6135E-03  2.8688E-03  2.7130E-03  6.2585E-03  1.0000E+00
 5.2284E+04  2.6180E-03  2.8508E-03  2.7168E-03  6.2197E-03  1.0000E+00
 5.2684E+04  2.6224E-03  2.8329E-03  2.7207E-03  6.1812E-03  1.0000E+00
 5.3088E+04  2.6269E-03  2.8152E-03  2.7246E-03  6.1430E-03  1.0000E+00
 5.3494E+04  2.6315E-03  2.7975E-03  2.7285E-03  6.1051E-03  1.0000E+00
 5.3904E+04  2.6360E-03  2.7800E-03  2.7325E-03  6.0675E-03  1.0000E+00
 5.4317E+04  2.6406E-03  2.7626E-03  2.7365E-03  6.0302E-03  1.0000E+00
 5.4733E+04  2.6452E-03  2.7454E-03  2.7405E-03  5.9932E-03  1.0000E+00
 5.5152E+04  2.6499E-03  2.7282E-03  2.7446E-03  5.9565E-03  1.0000E+00
 5.5574E+04  2.6546E-03  2.7112E-03  2.7487E-03  5.9200E-03  1.0000E+00
 5.6000E+04  2.6593E-03  2.6943E-03  2.7528E-03  5.8838E-03  1.0000E+00
 5.6429E+04  2.6640E-03  2.6775E-03  2.7570E-03  5.8480E-03  1.0000E+00
 5.6861E+04  2.6688E-03  2.6609E-03  2.7612E-03  5.8124E-03  1.0000E+00
 5.7297E+04  2.6736E-03  2.6443E-03  2.7654E-03  5.7770E-03  1.0000E+00
 5.7735E+04  2.6784E-03  2.6279E-03  2.7697E-03  5.7420E-03  1.0000E+00
 5.8177E+04  2.6833E-03  2.6116E-03  2.7740E-03  5.7072E-03  1.0000E+00
 5.8623E+04  2.6882E-03  2.5954E-03  2.7783E-03  5.6727E-03  1.0000E+00
 5.9072E+04  2.6931E-03  2.5793E-03  2.7827E-03  5.6385E-03  1.0000E+00
 5.9524E+04  2.6980E-03  2.5634E-03  2.7871E-03  5.6045E-03  1.0000E+00
 5.9980E+04  2.7030E-03  2.5475E-03  2.7916E-03  5.5708E-03  1.0000E+00
 6.0440E+04  2.7081E-03  2.5318E-03  2.7961E-03  5.5374E-03  1.0000E+00
 6.0902E+04  2.7131E-03  2.5162E-03  2.8006E-03  5.5042E-03  1.0000E+00
 6.1369E+04  2.7182E-03  2.5006E-03  2.8052E-03  5.4713E-03  1.0000E+00
 6.1839E+04  2.7233E-03  2.4852E-03  2.8098E-03  5.4386E-03  1.0000E+00
 6.2312E+04  2.7285E-03  2.4700E-03  2.8144E-03  5.4062E-03  1.0000E+00
 6.2790E+04  2.7337E-03  2.4548E-03  2.8191E-03  5.3740E-03  1.0000E+00
 6.3270E+04  2.7389E-03  2.4397E-03  2.8239E-03  5.3421E-03  1.0000E+00
 6.3755E+04  2.7442E-03  2.4247E-03  2.8286E-03  5.3105E-03  1.0000E+00
 6.4243E+04  2.7495E-03  2.4099E-03  2.8334E-03  5.2791E-03  1.0000E+00
 6.4735E+04  2.7549E-03  2.3951E-03  2.8383E-03  5.2479E-03  1.0000E+00
 6.5231E+04  2.7602E-03  2.3805E-03  2.8432E-03  5.2170E-03  1.0000E+00
 6.5731E+04  2.7657E-03  2.3659E-03  2.8481E-03  5.1863E-03  1.0000E+00
 6.6234E+04  2.7711E-03  2.3515E-03  2.8531E-03  5.1559E-03  1.0000E+00
 6.6741E+04  2.7766E-03  2.3372E-03  2.8581E-03  5.1257E-03  1.0000E+00
 6.7252E+04  2.7821E-03  2.3229E-03  2.8632E-03  5.0958E-03  1.0000E+00
 6.7767E+04  2.7877E-03  2.3088E-03  2.8683E-03  5.0661E-03  1.0000E+00
 6.8286E+04  2.7933E-03  2.2948E-03  2.8734E-03  5.0366E-03  1.0000E+00
 6.8809E+04  2.7990E-03  2.2809E-03  2.8786E-03  5.0073E-03  1.0000E+00
 6.9336E+04  2.8047E-03  2.2670E-03  2.8838E-03  4.9783E-03  1.0000E+00
 6.9867E+04  2.8104E-03  2.2533E-03  2.8891E-03  4.9495E-03  1.0000E+00
 7.0402E+04  2.8162E-03  2.2397E-03  2.8944E-03  4.9210E-03  1.0000E+00
 7.0942E+04  2.8220E-03  2.2262E-03  2.8998E-03  4.8926E-03  1.0000E+00
 7.1485E+04  2.8279E-03  2.2127E-03  2.9052E-03  4.8645E-03  1.0000E+00
 7.2032E+04  2.8338E-03  2.1994E-03  2.9107E-03  4.8366E-03  1.0000E+00
 7.2584E+04  2.8398E-03  2.1862E-03  2.9162E-03  4.8089E-03  1.0000E+00
 7.3140E+04  2.8457E-03  2.1730E-03  2.9218E-03  4.7815E-03  1.0000E+00
 7.3700E+04  2.8518E-03  2.1600E-03  2.9274E-03  4.7542E-03  1.0000E+00
 7.4264E+04  2.8579E-03  2.1470E-03  2.9330E-03  4.7272E-03  1.0000E+00
 7.4833E+04  2.8640E-03  2.1342E-03  2.9387E-03  4.7004E-03  1.0000E+00
 7.5406E+04  2.8702E-03  2.1214E-03  2.9445E-03  4.6738E-03  1.0000E+00
 7.5984E+04  2.8764E-03  2.1088E-03  2.9503E-03  4.6474E-03  1.0000E+00
 7.6566E+04  2.8827E-03  2.0962E-03  2.9561E-03  4.6213E-03  1.0000E+00
 7.7152E+04  2.8890E-03  2.0837E-03  2.9620E-03  4.5953E-03  1.0000E+00
 7.7743E+04  2.8953E-03  2.0713E-03  2.9680E-03  4.5696E-03  1.0000E+00
 7.8338E+04  2.9018E-03  2.0590E-03  2.9740E-03  4.5440E-03  1.0000E+00
 7.8938E+04  2.9082E-03  2.0468E-03  2.9800E-03  4.5187E-03  1.0000E+00
 7.9543E+04  2.9147E-03  2.0347E-03  2.9862E-03  4.4935E-03  1.0000E+00
 8.0152E+04  2.9213E-03  2.0226E-03  2.9923E-03  4.4686E-03  1.0000E+00
 8.0766E+04  2.9279E-03  2.0107E-03  2.9985E-03  4.4438E-03  1.0000E+00
 8.1384E+04  2.9346E-03  1.9988E-03  3.0048E-03  4.4193E-03  1.0000E+00
 8.2008E+04  2.9413E-03  1.9870E-03  3.0111E-03  4.3949E-03  1.0000E+00
 8.2636E+04  2.9480E-03  1.9753E-03  3.0175E-03  4.3707E-03  1.0000E+00
 8.3268E+04  2.9549E-03  1.9637E-03  3.0240E-03  4.3468E-03  1.0000E+00
 8.3906E+04  2.9617E-03  1.9522E-03  3.0305E-03  4.3230E-03  1.0000E+00
 8.4549E+04  2.9687E-03  1.9408E-03  3.0370E-03  4.2994E-03  1.0000E+00
 8.5196E+04  2.9756E-03  1.9294E-03  3.0436E-03  4.2760E-03  1.0000E+00
 8.5849E+04  2.9827E-03  1.9182E-03  3.0503E-03  4.2528E-03  1.0000E+00
 8.6506E+04  2.9898E-03  1.9070E-03  3.0570E-03  4.2298E-03  1.0000E+00
 8.7169E+04  2.9969E-03  1.8959E-03  3.0638E-03  4.2070E-03  1.0000E+00
 8.7836E+04  3.0041E-03  1.8849E-03  3.0706E-03  4.1843E-03  1.0000E+00
 8.8509E+04  3.0114E-03  1.8739E-03  3.0775E-03  4.1619E-03  1.0000E+00
 8.9187E+04  3.0187E-03  1.8631E-03  3.0845E-03  4.1396E-03  1.0000E+00
 8.9870E+04  3.0261E-03  1.8523E-03  3.0915E-03  4.1175E-03  1.0000E+00
 9.0558E+04  3.0335E-03  1.8416E-03  3.0986E-03  4.0955E-03  1.0000E+00
 9.1252E+04  3.0410E-03  1.8309E-03  3.1057E-03  4.0738E-03  1.0000E+00
 9.1950E+04  3.0486E-03  1.8204E-03  3.1130E-03  4.0522E-03  1.0000E+00
 9.2655E+04  3.0562E-03  1.8099E-03  3.1202E-03  4.0308E-03  1.0000E+00
 9.3364E+04  3.0638E-03  1.7995E-03  3.1276E-03  4.0096E-03  1.0000E+00
 9.4079E+04  3.0716E-03  1.7892E-03  3.1350E-03  3.9885E-03  1.0000E+00
 9.4800E+04  3.0794E-03  1.7790E-03  3.1424E-03  3.9677E-03  1.0000E+00
 9.5526E+04  3.0873E-03  1.7688E-03  3.1500E-03  3.9469E-03  1.0000E+00
 9.6257E+04  3.0952E-03  1.7588E-03  3.1576E-03  3.9264E-03  1.0000E+00
 9.6994E+04  3.1032E-03  1.7487E-03  3.1653E-03  3.9060E-03  1.0000E+00
 9.7737E+04  3.1112E-03  1.7388E-03  3.1730E-03  3.8858E-03  1.0000E+00
 9.8486E+04  3.1194E-03  1.7289E-03  3.1808E-03  3.8658E-03  1.0000E+00
 9.9240E+04  3.1276E-03  1.7192E-03  3.1887E-03  3.8459E-03  1.0000E+00
 1.0000E+05  3.1358E-03  1.7094E-03  3.1966E-03  3.8262E-03  1.0000E+00


