#     0	 1	    7	 3	 1.5961E+03	 1000	1
 4.8978E+01  0.0000E+00  0.0000E+00  0.0000E+00  0.0000E+00  0.0000E+00
 4.9353E+01  0.0000E+00  0.0000E+00  0.0000E+00  0.0000E+00  0.0000E+00
 4.9731E+01  0.0000E+00  0.0000E+00  0.0000E+00  0.0000E+00  0.0000E+00
 5.0112E+01  0.0000E+00  0.0000E+00  0.0000E+00  0.0000E+00  0.0000E+00
 5.0496E+01  0.0000E+00  0.0000E+00  0.0000E+00  0.0000E+00  0.0000E+00
 5.0882E+01  0.0000E+00  0.0000E+00  0.0000E+00  0.0000E+00  0.0000E+00
 5.1272E+01  0.0000E+00  0.0000E+00  0.0000E+00  0.0000E+00  0.0000E+00
 5.1665E+01  0.0000E+00  0.0000E+00  0.0000E+00  0.0000E+00  0.0000E+00
 5.2060E+01  0.0000E+00  0.0000E+00  0.0000E+00  0.0000E+00  0.0000E+00
 5.2459E+01  0.0000E+00  0.0000E+00  0.0000E+00  0.0000E+00  0.0000E+00
 5.2861E+01  0.0000E+00  0.0000E+00  0.0000E+00  0.0000E+00  0.0000E+00
 5.3266E+01  0.0000E+00  0.0000E+00  0.0000E+00  0.0000E+00  0.0000E+00
 5.3673E+01  0.0000E+00  0.0000E+00  0.0000E+00  0.0000E+00  0.0000E+00
 5.4085E+01  0.0000E+00  0.0000E+00  0.0000E+00  0.0000E+00  0.0000E+00
 5.4499E+01  0.0000E+00  0.0000E+00  0.0000E+00  0.0000E+00  0.0000E+00
 5.4916E+01  0.0000E+00  0.0000E+00  0.0000E+00  0.0000E+00  0.0000E+00
 5.5337E+01  0.0000E+00  0.0000E+00  0.0000E+00  0.0000E+00  0.0000E+00
 5.5760E+01  0.0000E+00  0.0000E+00  0.0000E+00  0.0000E+00  0.0000E+00
 5.6187E+01  0.0000E+00  0.0000E+00  0.0000E+00  0.0000E+00  0.0000E+00
 5.6618E+01  0.0000E+00  0.0000E+00  0.0000E+00  0.0000E+00  0.0000E+00
 5.7051E+01  0.0000E+00  0.0000E+00  0.0000E+00  0.0000E+00  0.0000E+00
 5.7488E+01  0.0000E+00  0.0000E+00  0.0000E+00  0.0000E+00  0.0000E+00
 5.7929E+01  0.0000E+00  0.0000E+00  0.0000E+00  0.0000E+00  0.0000E+00
 5.8372E+01  0.0000E+00  0.0000E+00  0.0000E+00  0.0000E+00  0.0000E+00
 5.8819E+01  0.0000E+00  0.0000E+00  0.0000E+00  0.0000E+00  0.0000E+00
 5.9270E+01  0.0000E+00  0.0000E+00  0.0000E+00  0.0000E+00  0.0000E+00
 5.9724E+01  0.0000E+00  0.0000E+00  0.0000E+00  0.0000E+00  0.0000E+00
 6.0181E+01  0.0000E+00  0.0000E+00  0.0000E+00  0.0000E+00  0.0000E+00
 6.0642E+01  0.0000E+00  0.0000E+00  0.0000E+00  0.0000E+00  0.0000E+00
 6.1106E+01  0.0000E+00  0.0000E+00  0.0000E+00  0.0000E+00  0.0000E+00
 6.1574E+01  0.0000E+00  0.0000E+00  0.0000E+00  0.0000E+00  0.0000E+00
 6.2046E+01  0.0000E+00  0.0000E+00  0.0000E+00  0.0000E+00  0.0000E+00
 6.2521E+01  0.0000E+00  0.0000E+00  0.0000E+00  0.0000E+00  0.0000E+00
 6.3000E+01  0.0000E+00  0.0000E+00  0.0000E+00  0.0000E+00  0.0000E+00
 6.3482E+01  0.0000E+00  0.0000E+00  0.0000E+00  0.0000E+00  0.0000E+00
 6.3968E+01  0.0000E+00  0.0000E+00  0.0000E+00  0.0000E+00  0.0000E+00
 6.4458E+01  0.0000E+00  0.0000E+00  0.0000E+00  0.0000E+00  0.0000E+00
 6.4952E+01  0.0000E+00  0.0000E+00  0.0000E+00  0.0000E+00  0.0000E+00
 6.5449E+01  0.0000E+00  0.0000E+00  0.0000E+00  0.0000E+00  0.0000E+00
 6.5951E+01  0.0000E+00  0.0000E+00  0.0000E+00  0.0000E+00  0.0000E+00
 6.6456E+01  0.0000E+00  0.0000E+00  0.0000E+00  0.0000E+00  0.0000E+00
 6.6965E+01  0.0000E+00  0.0000E+00  0.0000E+00  0.0000E+00  0.0000E+00
 6.7478E+01  0.0000E+00  0.0000E+00  0.0000E+00  0.0000E+00  0.0000E+00
 6.7994E+01  0.0000E+00  0.0000E+00  0.0000E+00  0.0000E+00  0.0000E+00
 6.8515E+01  0.0000E+00  0.0000E+00  0.0000E+00  0.0000E+00  0.0000E+00
 6.9040E+01  0.0000E+00  0.0000E+00  0.0000E+00  0.0000E+00  0.0000E+00
 6.9568E+01  0.0000E+00  0.0000E+00  0.0000E+00  0.0000E+00  0.0000E+00
 7.0101E+01  0.0000E+00  0.0000E+00  0.0000E+00  0.0000E+00  0.0000E+00
 7.0638E+01  0.0000E+00  0.0000E+00  0.0000E+00  0.0000E+00  0.0000E+00
 7.1179E+01  0.0000E+00  0.0000E+00  0.0000E+00  0.0000E+00  0.0000E+00
 7.1724E+01  0.0000E+00  0.0000E+00  0.0000E+00  0.0000E+00  0.0000E+00
 7.2273E+01  0.0000E+00  0.0000E+00  0.0000E+00  0.0000E+00  0.0000E+00
 7.2827E+01  0.0000E+00  0.0000E+00  0.0000E+00  0.0000E+00  0.0000E+00
 7.3385E+01  0.0000E+00  0.0000E+00  0.0000E+00  0.0000E+00  0.0000E+00
 7.3947E+01  0.0000E+00  0.0000E+00  0.0000E+00  0.0000E+00  0.0000E+00
 7.4513E+01  0.0000E+00  0.0000E+00  0.0000E+00  0.0000E+00  0.0000E+00
 7.5084E+01  0.0000E+00  0.0000E+00  0.0000E+00  0.0000E+00  0.0000E+00
 7.5659E+01  0.0000E+00  0.0000E+00  0.0000E+00  0.0000E+00  0.0000E+00
 7.6238E+01  0.0000E+00  0.0000E+00  0.0000E+00  0.0000E+00  0.0000E+00
 7.6822E+01  0.0000E+00  0.0000E+00  0.0000E+00  0.0000E+00  0.0000E+00
 7.7410E+01  0.0000E+00  0.0000E+00  0.0000E+00  0.0000E+00  0.0000E+00
 7.8003E+01  0.0000E+00  0.0000E+00  0.0000E+00  0.0000E+00  0.0000E+00
 7.8601E+01  0.0000E+00  0.0000E+00  0.0000E+00  0.0000E+00  0.0000E+00
 7.9202E+01  0.0000E+00  0.0000E+00  0.0000E+00  0.0000E+00  0.0000E+00
 7.9809E+01  0.0000E+00  0.0000E+00  0.0000E+00  0.0000E+00  0.0000E+00
 8.0420E+01  0.0000E+00  0.0000E+00  0.0000E+00  0.0000E+00  0.0000E+00
 8.1036E+01  0.0000E+00  0.0000E+00  0.0000E+00  0.0000E+00  0.0000E+00
 8.1657E+01  0.0000E+00  0.0000E+00  0.0000E+00  0.0000E+00  0.0000E+00
 8.2282E+01  0.0000E+00  0.0000E+00  0.0000E+00  0.0000E+00  0.0000E+00
 8.2912E+01  0.0000E+00  0.0000E+00  0.0000E+00  0.0000E+00  0.0000E+00
 8.3547E+01  0.0000E+00  0.0000E+00  0.0000E+00  0.0000E+00  0.0000E+00
 8.4187E+01  0.0000E+00  0.0000E+00  0.0000E+00  0.0000E+00  0.0000E+00
 8.4832E+01  0.0000E+00  0.0000E+00  0.0000E+00  0.0000E+00  0.0000E+00
 8.5481E+01  0.0000E+00  0.0000E+00  0.0000E+00  0.0000E+00  0.0000E+00
 8.6136E+01  0.0000E+00  0.0000E+00  0.0000E+00  0.0000E+00  0.0000E+00
 8.6796E+01  0.0000E+00  0.0000E+00  0.0000E+00  0.0000E+00  0.0000E+00
 8.7460E+01  0.0000E+00  0.0000E+00  0.0000E+00  0.0000E+00  0.0000E+00
 8.8130E+01  0.0000E+00  0.0000E+00  0.0000E+00  0.0000E+00  0.0000E+00
 8.8805E+01  0.0000E+00  0.0000E+00  0.0000E+00  0.0000E+00  0.0000E+00
 8.9485E+01  0.0000E+00  0.0000E+00  0.0000E+00  0.0000E+00  0.0000E+00
 9.0171E+01  0.0000E+00  0.0000E+00  0.0000E+00  0.0000E+00  0.0000E+00
 9.0861E+01  0.0000E+00  0.0000E+00  0.0000E+00  0.0000E+00  0.0000E+00
 9.1557E+01  0.0000E+00  0.0000E+00  0.0000E+00  0.0000E+00  0.0000E+00
 9.2258E+01  0.0000E+00  0.0000E+00  0.0000E+00  0.0000E+00  0.0000E+00
 9.2965E+01  0.0000E+00  0.0000E+00  0.0000E+00  0.0000E+00  0.0000E+00
 9.3677E+01  0.0000E+00  0.0000E+00  0.0000E+00  0.0000E+00  0.0000E+00
 9.4394E+01  0.0000E+00  0.0000E+00  0.0000E+00  0.0000E+00  0.0000E+00
 9.5117E+01  0.0000E+00  0.0000E+00  0.0000E+00  0.0000E+00  0.0000E+00
 9.5845E+01  0.0000E+00  0.0000E+00  0.0000E+00  0.0000E+00  0.0000E+00
 9.6579E+01  0.0000E+00  0.0000E+00  0.0000E+00  0.0000E+00  0.0000E+00
 9.7319E+01  0.0000E+00  0.0000E+00  0.0000E+00  0.0000E+00  0.0000E+00
 9.8064E+01  0.0000E+00  0.0000E+00  0.0000E+00  0.0000E+00  0.0000E+00
 9.8815E+01  0.0000E+00  0.0000E+00  0.0000E+00  0.0000E+00  0.0000E+00
 9.9572E+01  0.0000E+00  0.0000E+00  0.0000E+00  0.0000E+00  0.0000E+00
 1.0033E+02  0.0000E+00  0.0000E+00  0.0000E+00  0.0000E+00  0.0000E+00
 1.0110E+02  0.0000E+00  0.0000E+00  0.0000E+00  0.0000E+00  0.0000E+00
 1.0188E+02  0.0000E+00  0.0000E+00  0.0000E+00  0.0000E+00  0.0000E+00
 1.0266E+02  0.0000E+00  0.0000E+00  0.0000E+00  0.0000E+00  0.0000E+00
 1.0344E+02  0.0000E+00  0.0000E+00  0.0000E+00  0.0000E+00  0.0000E+00
 1.0424E+02  0.0000E+00  0.0000E+00  0.0000E+00  0.0000E+00  0.0000E+00
 1.0503E+02  0.0000E+00  0.0000E+00  0.0000E+00  0.0000E+00  0.0000E+00
 1.0584E+02  0.0000E+00  0.0000E+00  0.0000E+00  0.0000E+00  0.0000E+00
 1.0665E+02  0.0000E+00  0.0000E+00  0.0000E+00  0.0000E+00  0.0000E+00
 1.0747E+02  0.0000E+00  0.0000E+00  0.0000E+00  0.0000E+00  0.0000E+00
 1.0829E+02  0.0000E+00  0.0000E+00  0.0000E+00  0.0000E+00  0.0000E+00
 1.0912E+02  0.0000E+00  0.0000E+00  0.0000E+00  0.0000E+00  0.0000E+00
 1.0995E+02  0.0000E+00  0.0000E+00  0.0000E+00  0.0000E+00  0.0000E+00
 1.1080E+02  0.0000E+00  0.0000E+00  0.0000E+00  0.0000E+00  0.0000E+00
 1.1164E+02  0.0000E+00  0.0000E+00  0.0000E+00  0.0000E+00  0.0000E+00
 1.1250E+02  0.0000E+00  0.0000E+00  0.0000E+00  0.0000E+00  0.0000E+00
 1.1336E+02  0.0000E+00  0.0000E+00  0.0000E+00  0.0000E+00  0.0000E+00
 1.1423E+02  0.0000E+00  0.0000E+00  0.0000E+00  0.0000E+00  0.0000E+00
 1.1510E+02  0.0000E+00  0.0000E+00  0.0000E+00  0.0000E+00  0.0000E+00
 1.1599E+02  0.0000E+00  0.0000E+00  0.0000E+00  0.0000E+00  0.0000E+00
 1.1687E+02  0.0000E+00  0.0000E+00  0.0000E+00  0.0000E+00  0.0000E+00
 1.1777E+02  0.0000E+00  0.0000E+00  0.0000E+00  0.0000E+00  0.0000E+00
 1.1867E+02  0.0000E+00  0.0000E+00  0.0000E+00  0.0000E+00  0.0000E+00
 1.1958E+02  0.0000E+00  0.0000E+00  0.0000E+00  0.0000E+00  0.0000E+00
 1.2050E+02  0.0000E+00  0.0000E+00  0.0000E+00  0.0000E+00  0.0000E+00
 1.2142E+02  0.0000E+00  0.0000E+00  0.0000E+00  0.0000E+00  0.0000E+00
 1.2235E+02  0.0000E+00  0.0000E+00  0.0000E+00  0.0000E+00  0.0000E+00
 1.2329E+02  0.0000E+00  0.0000E+00  0.0000E+00  0.0000E+00  0.0000E+00
 1.2423E+02  0.0000E+00  0.0000E+00  0.0000E+00  0.0000E+00  0.0000E+00
 1.2518E+02  0.0000E+00  0.0000E+00  0.0000E+00  0.0000E+00  0.0000E+00
 1.2614E+02  0.0000E+00  0.0000E+00  0.0000E+00  0.0000E+00  0.0000E+00
 1.2711E+02  0.0000E+00  0.0000E+00  0.0000E+00  0.0000E+00  0.0000E+00
 1.2808E+02  0.0000E+00  0.0000E+00  0.0000E+00  0.0000E+00  0.0000E+00
 1.2906E+02  0.0000E+00  0.0000E+00  0.0000E+00  0.0000E+00  0.0000E+00
 1.3005E+02  0.0000E+00  0.0000E+00  0.0000E+00  0.0000E+00  0.0000E+00
 1.3104E+02  0.0000E+00  0.0000E+00  0.0000E+00  0.0000E+00  0.0000E+00
 1.3205E+02  0.0000E+00  0.0000E+00  0.0000E+00  0.0000E+00  0.0000E+00
 1.3306E+02  0.0000E+00  0.0000E+00  0.0000E+00  0.0000E+00  0.0000E+00
 1.3408E+02  0.0000E+00  0.0000E+00  0.0000E+00  0.0000E+00  0.0000E+00
 1.3510E+02  0.0000E+00  0.0000E+00  0.0000E+00  0.0000E+00  0.0000E+00
 1.3614E+02  0.0000E+00  0.0000E+00  0.0000E+00  0.0000E+00  0.0000E+00
 1.3718E+02  0.0000E+00  0.0000E+00  0.0000E+00  0.0000E+00  0.0000E+00
 1.3823E+02  0.0000E+00  0.0000E+00  0.0000E+00  0.0000E+00  0.0000E+00
 1.3929E+02  0.0000E+00  0.0000E+00  0.0000E+00  0.0000E+00  0.0000E+00
 1.4036E+02  0.0000E+00  0.0000E+00  0.0000E+00  0.0000E+00  0.0000E+00
 1.4143E+02  0.0000E+00  0.0000E+00  0.0000E+00  0.0000E+00  0.0000E+00
 1.4252E+02  0.0000E+00  0.0000E+00  0.0000E+00  0.0000E+00  0.0000E+00
 1.4361E+02  0.0000E+00  0.0000E+00  0.0000E+00  0.0000E+00  0.0000E+00
 1.4471E+02  0.0000E+00  0.0000E+00  0.0000E+00  0.0000E+00  0.0000E+00
 1.4582E+02  0.0000E+00  0.0000E+00  0.0000E+00  0.0000E+00  0.0000E+00
 1.4693E+02  0.0000E+00  0.0000E+00  0.0000E+00  0.0000E+00  0.0000E+00
 1.4806E+02  0.0000E+00  0.0000E+00  0.0000E+00  0.0000E+00  0.0000E+00
 1.4919E+02  0.0000E+00  0.0000E+00  0.0000E+00  0.0000E+00  0.0000E+00
 1.5033E+02  0.0000E+00  0.0000E+00  0.0000E+00  0.0000E+00  0.0000E+00
 1.5149E+02  0.0000E+00  0.0000E+00  0.0000E+00  0.0000E+00  0.0000E+00
 1.5265E+02  0.0000E+00  0.0000E+00  0.0000E+00  0.0000E+00  0.0000E+00
 1.5381E+02  0.0000E+00  0.0000E+00  0.0000E+00  0.0000E+00  0.0000E+00
 1.5499E+02  0.0000E+00  0.0000E+00  0.0000E+00  0.0000E+00  0.0000E+00
 1.5618E+02  0.0000E+00  0.0000E+00  0.0000E+00  0.0000E+00  0.0000E+00
 1.5738E+02  0.0000E+00  0.0000E+00  0.0000E+00  0.0000E+00  0.0000E+00
 1.5858E+02  0.0000E+00  0.0000E+00  0.0000E+00  0.0000E+00  0.0000E+00
 1.5980E+02  0.0000E+00  0.0000E+00  0.0000E+00  0.0000E+00  0.0000E+00
 1.6102E+02  0.0000E+00  0.0000E+00  0.0000E+00  0.0000E+00  0.0000E+00
 1.6225E+02  0.0000E+00  0.0000E+00  0.0000E+00  0.0000E+00  0.0000E+00
 1.6349E+02  0.0000E+00  0.0000E+00  0.0000E+00  0.0000E+00  0.0000E+00
 1.6475E+02  0.0000E+00  0.0000E+00  0.0000E+00  0.0000E+00  0.0000E+00
 1.6601E+02  0.0000E+00  0.0000E+00  0.0000E+00  0.0000E+00  0.0000E+00
 1.6728E+02  0.0000E+00  0.0000E+00  0.0000E+00  0.0000E+00  0.0000E+00
 1.6856E+02  0.0000E+00  0.0000E+00  0.0000E+00  0.0000E+00  0.0000E+00
 1.6985E+02  0.0000E+00  0.0000E+00  0.0000E+00  0.0000E+00  0.0000E+00
 1.7115E+02  0.0000E+00  0.0000E+00  0.0000E+00  0.0000E+00  0.0000E+00
 1.7246E+02  0.0000E+00  0.0000E+00  0.0000E+00  0.0000E+00  0.0000E+00
 1.7378E+02  0.0000E+00  0.0000E+00  0.0000E+00  0.0000E+00  0.0000E+00
 1.7511E+02  0.0000E+00  0.0000E+00  0.0000E+00  0.0000E+00  0.0000E+00
 1.7646E+02  0.0000E+00  0.0000E+00  0.0000E+00  0.0000E+00  0.0000E+00
 1.7781E+02  0.0000E+00  0.0000E+00  0.0000E+00  0.0000E+00  0.0000E+00
 1.7917E+02  0.0000E+00  0.0000E+00  0.0000E+00  0.0000E+00  0.0000E+00
 1.8054E+02  0.0000E+00  0.0000E+00  0.0000E+00  0.0000E+00  0.0000E+00
 1.8192E+02  0.0000E+00  0.0000E+00  0.0000E+00  0.0000E+00  0.0000E+00
 1.8332E+02  0.0000E+00  0.0000E+00  0.0000E+00  0.0000E+00  0.0000E+00
 1.8472E+02  0.0000E+00  0.0000E+00  0.0000E+00  0.0000E+00  0.0000E+00
 1.8614E+02  0.0000E+00  0.0000E+00  0.0000E+00  0.0000E+00  0.0000E+00
 1.8756E+02  0.0000E+00  0.0000E+00  0.0000E+00  0.0000E+00  0.0000E+00
 1.8900E+02  0.0000E+00  0.0000E+00  0.0000E+00  0.0000E+00  0.0000E+00
 1.9045E+02  0.0000E+00  0.0000E+00  0.0000E+00  0.0000E+00  0.0000E+00
 1.9190E+02  0.0000E+00  0.0000E+00  0.0000E+00  0.0000E+00  0.0000E+00
 1.9337E+02  0.0000E+00  0.0000E+00  0.0000E+00  0.0000E+00  0.0000E+00
 1.9485E+02  0.0000E+00  0.0000E+00  0.0000E+00  0.0000E+00  0.0000E+00
 1.9635E+02  0.0000E+00  0.0000E+00  0.0000E+00  0.0000E+00  0.0000E+00
 1.9785E+02  0.0000E+00  0.0000E+00  0.0000E+00  0.0000E+00  0.0000E+00
 1.9937E+02  0.0000E+00  0.0000E+00  0.0000E+00  0.0000E+00  0.0000E+00
 2.0089E+02  0.0000E+00  0.0000E+00  0.0000E+00  0.0000E+00  0.0000E+00
 2.0243E+02  0.0000E+00  0.0000E+00  0.0000E+00  0.0000E+00  0.0000E+00
 2.0398E+02  0.0000E+00  0.0000E+00  0.0000E+00  0.0000E+00  0.0000E+00
 2.0554E+02  0.0000E+00  0.0000E+00  0.0000E+00  0.0000E+00  0.0000E+00
 2.0712E+02  0.0000E+00  0.0000E+00  0.0000E+00  0.0000E+00  0.0000E+00
 2.0870E+02  0.0000E+00  0.0000E+00  0.0000E+00  0.0000E+00  0.0000E+00
 2.1030E+02  0.0000E+00  0.0000E+00  0.0000E+00  0.0000E+00  0.0000E+00
 2.1191E+02  0.0000E+00  0.0000E+00  0.0000E+00  0.0000E+00  0.0000E+00
 2.1354E+02  0.0000E+00  0.0000E+00  0.0000E+00  0.0000E+00  0.0000E+00
 2.1517E+02  0.0000E+00  0.0000E+00  0.0000E+00  0.0000E+00  0.0000E+00
 2.1682E+02  0.0000E+00  0.0000E+00  0.0000E+00  0.0000E+00  0.0000E+00
 2.1848E+02  0.0000E+00  0.0000E+00  0.0000E+00  0.0000E+00  0.0000E+00
 2.2015E+02  0.0000E+00  0.0000E+00  0.0000E+00  0.0000E+00  0.0000E+00
 2.2184E+02  0.0000E+00  0.0000E+00  0.0000E+00  0.0000E+00  0.0000E+00
 2.2354E+02  0.0000E+00  0.0000E+00  0.0000E+00  0.0000E+00  0.0000E+00
 2.2525E+02  0.0000E+00  0.0000E+00  0.0000E+00  0.0000E+00  0.0000E+00
 2.2697E+02  0.0000E+00  0.0000E+00  0.0000E+00  0.0000E+00  0.0000E+00
 2.2871E+02  0.0000E+00  0.0000E+00  0.0000E+00  0.0000E+00  0.0000E+00
 2.3046E+02  0.0000E+00  0.0000E+00  0.0000E+00  0.0000E+00  0.0000E+00
 2.3223E+02  0.0000E+00  0.0000E+00  0.0000E+00  0.0000E+00  0.0000E+00
 2.3401E+02  0.0000E+00  0.0000E+00  0.0000E+00  0.0000E+00  0.0000E+00
 2.3580E+02  0.0000E+00  0.0000E+00  0.0000E+00  0.0000E+00  0.0000E+00
 2.3761E+02  0.0000E+00  0.0000E+00  0.0000E+00  0.0000E+00  0.0000E+00
 2.3942E+02  0.0000E+00  0.0000E+00  0.0000E+00  0.0000E+00  0.0000E+00
 2.4126E+02  0.0000E+00  0.0000E+00  0.0000E+00  0.0000E+00  0.0000E+00
 2.4311E+02  0.0000E+00  0.0000E+00  0.0000E+00  0.0000E+00  0.0000E+00
 2.4497E+02  0.0000E+00  0.0000E+00  0.0000E+00  0.0000E+00  0.0000E+00
 2.4684E+02  0.0000E+00  0.0000E+00  0.0000E+00  0.0000E+00  0.0000E+00
 2.4873E+02  0.0000E+00  0.0000E+00  0.0000E+00  0.0000E+00  0.0000E+00
 2.5064E+02  0.0000E+00  0.0000E+00  0.0000E+00  0.0000E+00  0.0000E+00
 2.5256E+02  0.0000E+00  0.0000E+00  0.0000E+00  0.0000E+00  0.0000E+00
 2.5449E+02  0.0000E+00  0.0000E+00  0.0000E+00  0.0000E+00  0.0000E+00
 2.5644E+02  0.0000E+00  0.0000E+00  0.0000E+00  0.0000E+00  0.0000E+00
 2.5841E+02  0.0000E+00  0.0000E+00  0.0000E+00  0.0000E+00  0.0000E+00
 2.6038E+02  0.0000E+00  0.0000E+00  0.0000E+00  0.0000E+00  0.0000E+00
 2.6238E+02  0.0000E+00  0.0000E+00  0.0000E+00  0.0000E+00  0.0000E+00
 2.6439E+02  0.0000E+00  0.0000E+00  0.0000E+00  0.0000E+00  0.0000E+00
 2.6641E+02  0.0000E+00  0.0000E+00  0.0000E+00  0.0000E+00  0.0000E+00
 2.6845E+02  0.0000E+00  0.0000E+00  0.0000E+00  0.0000E+00  0.0000E+00
 2.7051E+02  0.0000E+00  0.0000E+00  0.0000E+00  0.0000E+00  0.0000E+00
 2.7258E+02  0.0000E+00  0.0000E+00  0.0000E+00  0.0000E+00  0.0000E+00
 2.7467E+02  0.0000E+00  0.0000E+00  0.0000E+00  0.0000E+00  0.0000E+00
 2.7677E+02  0.0000E+00  0.0000E+00  0.0000E+00  0.0000E+00  0.0000E+00
 2.7889E+02  0.0000E+00  0.0000E+00  0.0000E+00  0.0000E+00  0.0000E+00
 2.8103E+02  0.0000E+00  0.0000E+00  0.0000E+00  0.0000E+00  0.0000E+00
 2.8318E+02  0.0000E+00  0.0000E+00  0.0000E+00  0.0000E+00  0.0000E+00
 2.8535E+02  0.0000E+00  0.0000E+00  0.0000E+00  0.0000E+00  0.0000E+00
 2.8753E+02  0.0000E+00  0.0000E+00  0.0000E+00  0.0000E+00  0.0000E+00
 2.8974E+02  0.0000E+00  0.0000E+00  0.0000E+00  0.0000E+00  0.0000E+00
 2.9195E+02  0.0000E+00  0.0000E+00  0.0000E+00  0.0000E+00  0.0000E+00
 2.9419E+02  0.0000E+00  0.0000E+00  0.0000E+00  0.0000E+00  0.0000E+00
 2.9644E+02  0.0000E+00  0.0000E+00  0.0000E+00  0.0000E+00  0.0000E+00
 2.9871E+02  0.0000E+00  0.0000E+00  0.0000E+00  0.0000E+00  0.0000E+00
 3.0100E+02  0.0000E+00  0.0000E+00  0.0000E+00  0.0000E+00  0.0000E+00
 3.0331E+02  0.0000E+00  0.0000E+00  0.0000E+00  0.0000E+00  0.0000E+00
 3.0563E+02  0.0000E+00  0.0000E+00  0.0000E+00  0.0000E+00  0.0000E+00
 3.0797E+02  0.0000E+00  0.0000E+00  0.0000E+00  0.0000E+00  0.0000E+00
 3.1033E+02  0.0000E+00  0.0000E+00  0.0000E+00  0.0000E+00  0.0000E+00
 3.1271E+02  0.0000E+00  0.0000E+00  0.0000E+00  0.0000E+00  0.0000E+00
 3.1510E+02  0.0000E+00  0.0000E+00  0.0000E+00  0.0000E+00  0.0000E+00
 3.1751E+02  0.0000E+00  0.0000E+00  0.0000E+00  0.0000E+00  0.0000E+00
 3.1994E+02  0.0000E+00  0.0000E+00  0.0000E+00  0.0000E+00  0.0000E+00
 3.2240E+02  0.0000E+00  0.0000E+00  0.0000E+00  0.0000E+00  0.0000E+00
 3.2486E+02  0.0000E+00  0.0000E+00  0.0000E+00  0.0000E+00  0.0000E+00
 3.2735E+02  0.0000E+00  0.0000E+00  0.0000E+00  0.0000E+00  0.0000E+00
 3.2986E+02  0.0000E+00  0.0000E+00  0.0000E+00  0.0000E+00  0.0000E+00
 3.3239E+02  0.0000E+00  0.0000E+00  0.0000E+00  0.0000E+00  0.0000E+00
 3.3493E+02  0.0000E+00  0.0000E+00  0.0000E+00  0.0000E+00  0.0000E+00
 3.3750E+02  0.0000E+00  0.0000E+00  0.0000E+00  0.0000E+00  0.0000E+00
 3.4008E+02  0.0000E+00  0.0000E+00  0.0000E+00  0.0000E+00  0.0000E+00
 3.4268E+02  0.0000E+00  0.0000E+00  0.0000E+00  0.0000E+00  0.0000E+00
 3.4531E+02  0.0000E+00  0.0000E+00  0.0000E+00  0.0000E+00  0.0000E+00
 3.4795E+02  0.0000E+00  0.0000E+00  0.0000E+00  0.0000E+00  0.0000E+00
 3.5062E+02  0.0000E+00  0.0000E+00  0.0000E+00  0.0000E+00  0.0000E+00
 3.5330E+02  0.0000E+00  0.0000E+00  0.0000E+00  0.0000E+00  0.0000E+00
 3.5601E+02  0.0000E+00  0.0000E+00  0.0000E+00  0.0000E+00  0.0000E+00
 3.5874E+02  0.0000E+00  0.0000E+00  0.0000E+00  0.0000E+00  0.0000E+00
 3.6148E+02  0.0000E+00  0.0000E+00  0.0000E+00  0.0000E+00  0.0000E+00
 3.6425E+02  0.0000E+00  0.0000E+00  0.0000E+00  0.0000E+00  0.0000E+00
 3.6704E+02  0.0000E+00  0.0000E+00  0.0000E+00  0.0000E+00  0.0000E+00
 3.6985E+02  0.0000E+00  0.0000E+00  0.0000E+00  0.0000E+00  0.0000E+00
 3.7268E+02  0.0000E+00  0.0000E+00  0.0000E+00  0.0000E+00  0.0000E+00
 3.7554E+02  0.0000E+00  0.0000E+00  0.0000E+00  0.0000E+00  0.0000E+00
 3.7841E+02  0.0000E+00  0.0000E+00  0.0000E+00  0.0000E+00  0.0000E+00
 3.8131E+02  0.0000E+00  0.0000E+00  0.0000E+00  0.0000E+00  0.0000E+00
 3.8423E+02  0.0000E+00  0.0000E+00  0.0000E+00  0.0000E+00  0.0000E+00
 3.8718E+02  0.0000E+00  0.0000E+00  0.0000E+00  0.0000E+00  0.0000E+00
 3.9014E+02  0.0000E+00  0.0000E+00  0.0000E+00  0.0000E+00  0.0000E+00
 3.9313E+02  0.0000E+00  0.0000E+00  0.0000E+00  0.0000E+00  0.0000E+00
 3.9614E+02  0.0000E+00  0.0000E+00  0.0000E+00  0.0000E+00  0.0000E+00
 3.9917E+02  0.0000E+00  0.0000E+00  0.0000E+00  0.0000E+00  0.0000E+00
 4.0223E+02  0.0000E+00  0.0000E+00  0.0000E+00  0.0000E+00  0.0000E+00
 4.0531E+02  0.0000E+00  0.0000E+00  0.0000E+00  0.0000E+00  0.0000E+00
 4.0841E+02  0.0000E+00  0.0000E+00  0.0000E+00  0.0000E+00  0.0000E+00
 4.1154E+02  0.0000E+00  0.0000E+00  0.0000E+00  0.0000E+00  0.0000E+00
 4.1469E+02  0.0000E+00  0.0000E+00  0.0000E+00  0.0000E+00  0.0000E+00
 4.1787E+02  0.0000E+00  0.0000E+00  0.0000E+00  0.0000E+00  0.0000E+00
 4.2107E+02  0.0000E+00  0.0000E+00  0.0000E+00  0.0000E+00  0.0000E+00
 4.2429E+02  0.0000E+00  0.0000E+00  0.0000E+00  0.0000E+00  0.0000E+00
 4.2754E+02  0.0000E+00  0.0000E+00  0.0000E+00  0.0000E+00  0.0000E+00
 4.3082E+02  0.0000E+00  0.0000E+00  0.0000E+00  0.0000E+00  0.0000E+00
 4.3412E+02  0.0000E+00  0.0000E+00  0.0000E+00  0.0000E+00  0.0000E+00
 4.3744E+02  0.0000E+00  0.0000E+00  0.0000E+00  0.0000E+00  0.0000E+00
 4.4079E+02  0.0000E+00  0.0000E+00  0.0000E+00  0.0000E+00  0.0000E+00
 4.4417E+02  0.0000E+00  0.0000E+00  0.0000E+00  0.0000E+00  0.0000E+00
 4.4757E+02  0.0000E+00  0.0000E+00  0.0000E+00  0.0000E+00  0.0000E+00
 4.5100E+02  0.0000E+00  0.0000E+00  0.0000E+00  0.0000E+00  0.0000E+00
 4.5445E+02  0.0000E+00  0.0000E+00  0.0000E+00  0.0000E+00  0.0000E+00
 4.5793E+02  0.0000E+00  0.0000E+00  0.0000E+00  0.0000E+00  0.0000E+00
 4.6144E+02  0.0000E+00  0.0000E+00  0.0000E+00  0.0000E+00  0.0000E+00
 4.6497E+02  0.0000E+00  0.0000E+00  0.0000E+00  0.0000E+00  0.0000E+00
 4.6853E+02  0.0000E+00  0.0000E+00  0.0000E+00  0.0000E+00  0.0000E+00
 4.7212E+02  0.0000E+00  0.0000E+00  0.0000E+00  0.0000E+00  0.0000E+00
 4.7574E+02  0.0000E+00  0.0000E+00  0.0000E+00  0.0000E+00  0.0000E+00
 4.7938E+02  0.0000E+00  0.0000E+00  0.0000E+00  0.0000E+00  0.0000E+00
 4.8305E+02  0.0000E+00  0.0000E+00  0.0000E+00  0.0000E+00  0.0000E+00
 4.8675E+02  0.0000E+00  0.0000E+00  0.0000E+00  0.0000E+00  0.0000E+00
 4.9048E+02  0.0000E+00  0.0000E+00  0.0000E+00  0.0000E+00  0.0000E+00
 4.9424E+02  0.0000E+00  0.0000E+00  0.0000E+00  0.0000E+00  0.0000E+00
 4.9802E+02  0.0000E+00  0.0000E+00  0.0000E+00  0.0000E+00  0.0000E+00
 5.0183E+02  0.0000E+00  0.0000E+00  0.0000E+00  0.0000E+00  0.0000E+00
 5.0568E+02  0.0000E+00  0.0000E+00  0.0000E+00  0.0000E+00  0.0000E+00
 5.0955E+02  0.0000E+00  0.0000E+00  0.0000E+00  0.0000E+00  0.0000E+00
 5.1345E+02  0.0000E+00  0.0000E+00  0.0000E+00  0.0000E+00  0.0000E+00
 5.1738E+02  0.0000E+00  0.0000E+00  0.0000E+00  0.0000E+00  0.0000E+00
 5.2135E+02  0.0000E+00  0.0000E+00  0.0000E+00  0.0000E+00  0.0000E+00
 5.2534E+02  0.0000E+00  0.0000E+00  0.0000E+00  0.0000E+00  0.0000E+00
 5.2936E+02  0.0000E+00  0.0000E+00  0.0000E+00  0.0000E+00  0.0000E+00
 5.3342E+02  0.0000E+00  0.0000E+00  0.0000E+00  0.0000E+00  0.0000E+00
 5.3750E+02  0.0000E+00  0.0000E+00  0.0000E+00  0.0000E+00  0.0000E+00
 5.4162E+02  0.0000E+00  0.0000E+00  0.0000E+00  0.0000E+00  0.0000E+00
 5.4577E+02  0.0000E+00  0.0000E+00  0.0000E+00  0.0000E+00  0.0000E+00
 5.4995E+02  0.0000E+00  0.0000E+00  0.0000E+00  0.0000E+00  0.0000E+00
 5.5416E+02  0.0000E+00  0.0000E+00  0.0000E+00  0.0000E+00  0.0000E+00
 5.5840E+02  0.0000E+00  0.0000E+00  0.0000E+00  0.0000E+00  0.0000E+00
 5.6268E+02  0.0000E+00  0.0000E+00  0.0000E+00  0.0000E+00  0.0000E+00
 5.6699E+02  0.0000E+00  0.0000E+00  0.0000E+00  0.0000E+00  0.0000E+00
 5.7133E+02  0.0000E+00  0.0000E+00  0.0000E+00  0.0000E+00  0.0000E+00
 5.7571E+02  0.0000E+00  0.0000E+00  0.0000E+00  0.0000E+00  0.0000E+00
 5.8011E+02  0.0000E+00  0.0000E+00  0.0000E+00  0.0000E+00  0.0000E+00
 5.8456E+02  0.0000E+00  0.0000E+00  0.0000E+00  0.0000E+00  0.0000E+00
 5.8903E+02  0.0000E+00  0.0000E+00  0.0000E+00  0.0000E+00  0.0000E+00
 5.9354E+02  0.0000E+00  0.0000E+00  0.0000E+00  0.0000E+00  0.0000E+00
 5.9809E+02  0.0000E+00  0.0000E+00  0.0000E+00  0.0000E+00  0.0000E+00
 6.0267E+02  0.0000E+00  0.0000E+00  0.0000E+00  0.0000E+00  0.0000E+00
 6.0729E+02  0.0000E+00  0.0000E+00  0.0000E+00  0.0000E+00  0.0000E+00
 6.1194E+02  0.0000E+00  0.0000E+00  0.0000E+00  0.0000E+00  0.0000E+00
 6.1662E+02  0.0000E+00  0.0000E+00  0.0000E+00  0.0000E+00  0.0000E+00
 6.2135E+02  0.0000E+00  0.0000E+00  0.0000E+00  0.0000E+00  0.0000E+00
 6.2610E+02  0.0000E+00  0.0000E+00  0.0000E+00  0.0000E+00  0.0000E+00
 6.3090E+02  0.0000E+00  0.0000E+00  0.0000E+00  0.0000E+00  0.0000E+00
 6.3573E+02  0.0000E+00  0.0000E+00  0.0000E+00  0.0000E+00  0.0000E+00
 6.4060E+02  0.0000E+00  0.0000E+00  0.0000E+00  0.0000E+00  0.0000E+00
 6.4551E+02  0.0000E+00  0.0000E+00  0.0000E+00  0.0000E+00  0.0000E+00
 6.5045E+02  0.0000E+00  0.0000E+00  0.0000E+00  0.0000E+00  0.0000E+00
 6.5543E+02  0.0000E+00  0.0000E+00  0.0000E+00  0.0000E+00  0.0000E+00
 6.6045E+02  0.0000E+00  0.0000E+00  0.0000E+00  0.0000E+00  0.0000E+00
 6.6551E+02  0.0000E+00  0.0000E+00  0.0000E+00  0.0000E+00  0.0000E+00
 6.7060E+02  0.0000E+00  0.0000E+00  0.0000E+00  0.0000E+00  0.0000E+00
 6.7574E+02  0.0000E+00  0.0000E+00  0.0000E+00  0.0000E+00  0.0000E+00
 6.8092E+02  0.0000E+00  0.0000E+00  0.0000E+00  0.0000E+00  0.0000E+00
 6.8613E+02  0.0000E+00  0.0000E+00  0.0000E+00  0.0000E+00  0.0000E+00
 6.9138E+02  0.0000E+00  0.0000E+00  0.0000E+00  0.0000E+00  0.0000E+00
 6.9668E+02  0.0000E+00  0.0000E+00  0.0000E+00  0.0000E+00  0.0000E+00
 7.0201E+02  0.0000E+00  0.0000E+00  0.0000E+00  0.0000E+00  0.0000E+00
 7.0739E+02  0.0000E+00  0.0000E+00  0.0000E+00  0.0000E+00  0.0000E+00
 7.1281E+02  0.0000E+00  0.0000E+00  0.0000E+00  0.0000E+00  0.0000E+00
 7.1827E+02  0.0000E+00  0.0000E+00  0.0000E+00  0.0000E+00  0.0000E+00
 7.2377E+02  0.0000E+00  0.0000E+00  0.0000E+00  0.0000E+00  0.0000E+00
 7.2931E+02  0.0000E+00  0.0000E+00  0.0000E+00  0.0000E+00  0.0000E+00
 7.3490E+02  0.0000E+00  0.0000E+00  0.0000E+00  0.0000E+00  0.0000E+00
 7.4052E+02  0.0000E+00  0.0000E+00  0.0000E+00  0.0000E+00  0.0000E+00
 7.4620E+02  0.0000E+00  0.0000E+00  0.0000E+00  0.0000E+00  0.0000E+00
 7.5191E+02  0.0000E+00  0.0000E+00  0.0000E+00  0.0000E+00  0.0000E+00
 7.5767E+02  0.0000E+00  0.0000E+00  0.0000E+00  0.0000E+00  0.0000E+00
 7.6347E+02  0.0000E+00  0.0000E+00  0.0000E+00  0.0000E+00  0.0000E+00
 7.6932E+02  0.0000E+00  0.0000E+00  0.0000E+00  0.0000E+00  0.0000E+00
 7.7521E+02  0.0000E+00  0.0000E+00  0.0000E+00  0.0000E+00  0.0000E+00
 7.8115E+02  0.0000E+00  0.0000E+00  0.0000E+00  0.0000E+00  0.0000E+00
 7.8713E+02  0.0000E+00  0.0000E+00  0.0000E+00  0.0000E+00  0.0000E+00
 7.9316E+02  0.0000E+00  0.0000E+00  0.0000E+00  0.0000E+00  0.0000E+00
 7.9923E+02  0.0000E+00  0.0000E+00  0.0000E+00  0.0000E+00  0.0000E+00
 8.0535E+02  0.0000E+00  0.0000E+00  0.0000E+00  0.0000E+00  0.0000E+00
 8.1152E+02  0.0000E+00  0.0000E+00  0.0000E+00  0.0000E+00  0.0000E+00
 8.1774E+02  0.0000E+00  0.0000E+00  0.0000E+00  0.0000E+00  0.0000E+00
 8.2400E+02  0.0000E+00  0.0000E+00  0.0000E+00  0.0000E+00  0.0000E+00
 8.3031E+02  0.0000E+00  0.0000E+00  0.0000E+00  0.0000E+00  0.0000E+00
 8.3667E+02  0.0000E+00  0.0000E+00  0.0000E+00  0.0000E+00  0.0000E+00
 8.4307E+02  0.0000E+00  0.0000E+00  0.0000E+00  0.0000E+00  0.0000E+00
 8.4953E+02  0.0000E+00  0.0000E+00  0.0000E+00  0.0000E+00  0.0000E+00
 8.5604E+02  0.0000E+00  0.0000E+00  0.0000E+00  0.0000E+00  0.0000E+00
 8.6259E+02  0.0000E+00  0.0000E+00  0.0000E+00  0.0000E+00  0.0000E+00
 8.6920E+02  0.0000E+00  0.0000E+00  0.0000E+00  0.0000E+00  0.0000E+00
 8.7586E+02  0.0000E+00  0.0000E+00  0.0000E+00  0.0000E+00  0.0000E+00
 8.8256E+02  0.0000E+00  0.0000E+00  0.0000E+00  0.0000E+00  0.0000E+00
 8.8932E+02  0.0000E+00  0.0000E+00  0.0000E+00  0.0000E+00  0.0000E+00
 8.9613E+02  0.0000E+00  0.0000E+00  0.0000E+00  0.0000E+00  0.0000E+00
 9.0300E+02  0.0000E+00  0.0000E+00  0.0000E+00  0.0000E+00  0.0000E+00
 9.0991E+02  0.0000E+00  0.0000E+00  0.0000E+00  0.0000E+00  0.0000E+00
 9.1688E+02  0.0000E+00  0.0000E+00  0.0000E+00  0.0000E+00  0.0000E+00
 9.2390E+02  0.0000E+00  0.0000E+00  0.0000E+00  0.0000E+00  0.0000E+00
 9.3098E+02  0.0000E+00  0.0000E+00  0.0000E+00  0.0000E+00  0.0000E+00
 9.3811E+02  0.0000E+00  0.0000E+00  0.0000E+00  0.0000E+00  0.0000E+00
 9.4529E+02  0.0000E+00  0.0000E+00  0.0000E+00  0.0000E+00  0.0000E+00
 9.5253E+02  0.0000E+00  0.0000E+00  0.0000E+00  0.0000E+00  0.0000E+00
 9.5983E+02  0.0000E+00  0.0000E+00  0.0000E+00  0.0000E+00  0.0000E+00
 9.6718E+02  0.0000E+00  0.0000E+00  0.0000E+00  0.0000E+00  0.0000E+00
 9.7458E+02  0.0000E+00  0.0000E+00  0.0000E+00  0.0000E+00  0.0000E+00
 9.8205E+02  0.0000E+00  0.0000E+00  0.0000E+00  0.0000E+00  0.0000E+00
 9.8957E+02  0.0000E+00  0.0000E+00  0.0000E+00  0.0000E+00  0.0000E+00
 9.9715E+02  0.0000E+00  0.0000E+00  0.0000E+00  0.0000E+00  0.0000E+00
 1.0048E+03  0.0000E+00  0.0000E+00  0.0000E+00  0.0000E+00  0.0000E+00
 1.0125E+03  0.0000E+00  0.0000E+00  0.0000E+00  0.0000E+00  0.0000E+00
 1.0202E+03  0.0000E+00  0.0000E+00  0.0000E+00  0.0000E+00  0.0000E+00
 1.0280E+03  0.0000E+00  0.0000E+00  0.0000E+00  0.0000E+00  0.0000E+00
 1.0359E+03  0.0000E+00  0.0000E+00  0.0000E+00  0.0000E+00  0.0000E+00
 1.0439E+03  0.0000E+00  0.0000E+00  0.0000E+00  0.0000E+00  0.0000E+00
 1.0518E+03  0.0000E+00  0.0000E+00  0.0000E+00  0.0000E+00  0.0000E+00
 1.0599E+03  0.0000E+00  0.0000E+00  0.0000E+00  0.0000E+00  0.0000E+00
 1.0680E+03  0.0000E+00  0.0000E+00  0.0000E+00  0.0000E+00  0.0000E+00
 1.0762E+03  0.0000E+00  0.0000E+00  0.0000E+00  0.0000E+00  0.0000E+00
 1.0844E+03  0.0000E+00  0.0000E+00  0.0000E+00  0.0000E+00  0.0000E+00
 1.0927E+03  0.0000E+00  0.0000E+00  0.0000E+00  0.0000E+00  0.0000E+00
 1.1011E+03  0.0000E+00  0.0000E+00  0.0000E+00  0.0000E+00  0.0000E+00
 1.1095E+03  0.0000E+00  0.0000E+00  0.0000E+00  0.0000E+00  0.0000E+00
 1.1180E+03  0.0000E+00  0.0000E+00  0.0000E+00  0.0000E+00  0.0000E+00
 1.1266E+03  0.0000E+00  0.0000E+00  0.0000E+00  0.0000E+00  0.0000E+00
 1.1352E+03  0.0000E+00  0.0000E+00  0.0000E+00  0.0000E+00  0.0000E+00
 1.1439E+03  0.0000E+00  0.0000E+00  0.0000E+00  0.0000E+00  0.0000E+00
 1.1527E+03  0.0000E+00  0.0000E+00  0.0000E+00  0.0000E+00  0.0000E+00
 1.1615E+03  0.0000E+00  0.0000E+00  0.0000E+00  0.0000E+00  0.0000E+00
 1.1704E+03  0.0000E+00  0.0000E+00  0.0000E+00  0.0000E+00  0.0000E+00
 1.1794E+03  0.0000E+00  0.0000E+00  0.0000E+00  0.0000E+00  0.0000E+00
 1.1884E+03  0.0000E+00  0.0000E+00  0.0000E+00  0.0000E+00  0.0000E+00
 1.1975E+03  0.0000E+00  0.0000E+00  0.0000E+00  0.0000E+00  0.0000E+00
 1.2067E+03  0.0000E+00  0.0000E+00  0.0000E+00  0.0000E+00  0.0000E+00
 1.2159E+03  0.0000E+00  0.0000E+00  0.0000E+00  0.0000E+00  0.0000E+00
 1.2252E+03  0.0000E+00  0.0000E+00  0.0000E+00  0.0000E+00  0.0000E+00
 1.2346E+03  0.0000E+00  0.0000E+00  0.0000E+00  0.0000E+00  0.0000E+00
 1.2441E+03  0.0000E+00  0.0000E+00  0.0000E+00  0.0000E+00  0.0000E+00
 1.2536E+03  0.0000E+00  0.0000E+00  0.0000E+00  0.0000E+00  0.0000E+00
 1.2632E+03  0.0000E+00  0.0000E+00  0.0000E+00  0.0000E+00  0.0000E+00
 1.2729E+03  0.0000E+00  0.0000E+00  0.0000E+00  0.0000E+00  0.0000E+00
 1.2826E+03  0.0000E+00  0.0000E+00  0.0000E+00  0.0000E+00  0.0000E+00
 1.2924E+03  0.0000E+00  0.0000E+00  0.0000E+00  0.0000E+00  0.0000E+00
 1.3023E+03  0.0000E+00  0.0000E+00  0.0000E+00  0.0000E+00  0.0000E+00
 1.3123E+03  0.0000E+00  0.0000E+00  0.0000E+00  0.0000E+00  0.0000E+00
 1.3224E+03  0.0000E+00  0.0000E+00  0.0000E+00  0.0000E+00  0.0000E+00
 1.3325E+03  0.0000E+00  0.0000E+00  0.0000E+00  0.0000E+00  0.0000E+00
 1.3427E+03  0.0000E+00  0.0000E+00  0.0000E+00  0.0000E+00  0.0000E+00
 1.3530E+03  0.0000E+00  0.0000E+00  0.0000E+00  0.0000E+00  0.0000E+00
 1.3633E+03  0.0000E+00  0.0000E+00  0.0000E+00  0.0000E+00  0.0000E+00
 1.3738E+03  0.0000E+00  0.0000E+00  0.0000E+00  0.0000E+00  0.0000E+00
 1.3843E+03  0.0000E+00  0.0000E+00  0.0000E+00  0.0000E+00  0.0000E+00
 1.3949E+03  0.0000E+00  0.0000E+00  0.0000E+00  0.0000E+00  0.0000E+00
 1.4056E+03  0.0000E+00  0.0000E+00  0.0000E+00  0.0000E+00  0.0000E+00
 1.4164E+03  0.0000E+00  0.0000E+00  0.0000E+00  0.0000E+00  0.0000E+00
 1.4272E+03  0.0000E+00  0.0000E+00  0.0000E+00  0.0000E+00  0.0000E+00
 1.4381E+03  0.0000E+00  0.0000E+00  0.0000E+00  0.0000E+00  0.0000E+00
 1.4491E+03  0.0000E+00  0.0000E+00  0.0000E+00  0.0000E+00  0.0000E+00
 1.4602E+03  0.0000E+00  0.0000E+00  0.0000E+00  0.0000E+00  0.0000E+00
 1.4714E+03  0.0000E+00  0.0000E+00  0.0000E+00  0.0000E+00  0.0000E+00
 1.4827E+03  0.0000E+00  0.0000E+00  0.0000E+00  0.0000E+00  0.0000E+00
 1.4940E+03  0.0000E+00  0.0000E+00  0.0000E+00  0.0000E+00  0.0000E+00
 1.5055E+03  0.0000E+00  0.0000E+00  0.0000E+00  0.0000E+00  0.0000E+00
 1.5170E+03  0.0000E+00  0.0000E+00  0.0000E+00  0.0000E+00  0.0000E+00
 1.5286E+03  0.0000E+00  0.0000E+00  0.0000E+00  0.0000E+00  0.0000E+00
 1.5403E+03  0.0000E+00  0.0000E+00  0.0000E+00  0.0000E+00  0.0000E+00
 1.5521E+03  0.0000E+00  0.0000E+00  0.0000E+00  0.0000E+00  0.0000E+00
 1.5640E+03  0.0000E+00  0.0000E+00  0.0000E+00  0.0000E+00  0.0000E+00
 1.5760E+03  0.0000E+00  0.0000E+00  0.0000E+00  0.0000E+00  0.0000E+00
 1.5881E+03  0.0000E+00  0.0000E+00  0.0000E+00  0.0000E+00  0.0000E+00
 1.6002E+03  2.0713E-03  7.7342E-02 -1.5441E-02 -1.1550E+00  1.0000E+00
 1.6125E+03  2.0853E-03  7.7273E-02 -1.5347E-02 -1.1392E+00  1.0000E+00
 1.6248E+03  2.0994E-03  7.7204E-02 -1.5252E-02 -1.1236E+00  1.0000E+00
 1.6373E+03  2.1136E-03  7.7135E-02 -1.5158E-02 -1.1081E+00  1.0000E+00
 1.6498E+03  2.1279E-03  7.7067E-02 -1.5063E-02 -1.0928E+00  1.0000E+00
 1.6625E+03  2.1424E-03  7.6998E-02 -1.4969E-02 -1.0777E+00  1.0000E+00
 1.6752E+03  2.1569E-03  7.6929E-02 -1.4874E-02 -1.0628E+00  1.0000E+00
 1.6880E+03  2.1715E-03  7.6861E-02 -1.4780E-02 -1.0480E+00  1.0000E+00
 1.7009E+03  2.1863E-03  7.6796E-02 -1.4685E-02 -1.0334E+00  1.0000E+00
 1.7140E+03  2.2013E-03  7.6733E-02 -1.4591E-02 -1.0189E+00  1.0000E+00
 1.7271E+03  2.2164E-03  7.6672E-02 -1.4496E-02 -1.0047E+00  1.0000E+00
 1.7403E+03  2.2317E-03  7.6613E-02 -1.4402E-02 -9.9052E-01  1.0000E+00
 1.7537E+03  2.2471E-03  7.6557E-02 -1.4307E-02 -9.7654E-01  1.0000E+00
 1.7671E+03  2.2628E-03  7.6503E-02 -1.4213E-02 -9.6272E-01  1.0000E+00
 1.7806E+03  2.2786E-03  7.6450E-02 -1.4118E-02 -9.4905E-01  1.0000E+00
 1.7943E+03  2.2945E-03  7.6400E-02 -1.4024E-02 -9.3553E-01  1.0000E+00
 1.8080E+03  2.3107E-03  7.6352E-02 -1.3929E-02 -9.2217E-01  1.0000E+00
 1.8218E+03  2.3270E-03  7.6305E-02 -1.3835E-02 -9.0895E-01  1.0000E+00
 1.8358E+03  2.3435E-03  7.6261E-02 -1.3740E-02 -8.9588E-01  1.0000E+00
 1.8499E+03  2.3602E-03  7.6219E-02 -1.3646E-02 -8.8296E-01  1.0000E+00
 1.8640E+03  2.3770E-03  7.6178E-02 -1.3551E-02 -8.7018E-01  1.0000E+00
 1.8783E+03  2.3940E-03  7.6140E-02 -1.3457E-02 -8.5754E-01  1.0000E+00
 1.8927E+03  2.4112E-03  7.6103E-02 -1.3362E-02 -8.4505E-01  1.0000E+00
 1.9072E+03  2.4286E-03  7.6068E-02 -1.3268E-02 -8.3270E-01  1.0000E+00
 1.9218E+03  2.4462E-03  7.6035E-02 -1.3173E-02 -8.2048E-01  1.0000E+00
 1.9365E+03  2.4640E-03  7.6004E-02 -1.3079E-02 -8.0841E-01  1.0000E+00
 1.9513E+03  2.4819E-03  7.5975E-02 -1.2984E-02 -7.9646E-01  1.0000E+00
 1.9663E+03  2.5000E-03  7.5947E-02 -1.2890E-02 -7.8466E-01  1.0000E+00
 1.9813E+03  2.5184E-03  7.5921E-02 -1.2795E-02 -7.7299E-01  1.0000E+00
 1.9965E+03  2.5369E-03  7.5897E-02 -1.2701E-02 -7.6144E-01  1.0000E+00
 2.0118E+03  2.5556E-03  7.5874E-02 -1.2606E-02 -7.5003E-01  1.0000E+00
 2.0272E+03  2.5745E-03  7.5853E-02 -1.2512E-02 -7.3875E-01  1.0000E+00
 2.0427E+03  2.5936E-03  7.5833E-02 -1.2417E-02 -7.2760E-01  1.0000E+00
 2.0584E+03  2.6128E-03  7.5816E-02 -1.2323E-02 -7.1657E-01  1.0000E+00
 2.0741E+03  2.6323E-03  7.5799E-02 -1.2228E-02 -7.0567E-01  1.0000E+00
 2.0900E+03  2.6520E-03  7.5785E-02 -1.2134E-02 -6.9490E-01  1.0000E+00
 2.1060E+03  2.6719E-03  7.5771E-02 -1.2039E-02 -6.8424E-01  1.0000E+00
 2.1222E+03  2.6920E-03  7.5760E-02 -1.1945E-02 -6.7371E-01  1.0000E+00
 2.1384E+03  2.7123E-03  7.5749E-02 -1.1850E-02 -6.6330E-01  1.0000E+00
 2.1548E+03  2.7328E-03  7.5740E-02 -1.1756E-02 -6.5301E-01  1.0000E+00
 2.1713E+03  2.7535E-03  7.5733E-02 -1.1661E-02 -6.4284E-01  1.0000E+00
 2.1879E+03  2.7744E-03  7.5727E-02 -1.1567E-02 -6.3278E-01  1.0000E+00
 2.2047E+03  2.7955E-03  7.5722E-02 -1.1472E-02 -6.2284E-01  1.0000E+00
 2.2216E+03  2.8168E-03  7.5719E-02 -1.1378E-02 -6.1301E-01  1.0000E+00
 2.2386E+03  2.8384E-03  7.5717E-02 -1.1283E-02 -6.0330E-01  1.0000E+00
 2.2557E+03  2.8601E-03  7.5716E-02 -1.1189E-02 -5.9370E-01  1.0000E+00
 2.2730E+03  2.8821E-03  7.5717E-02 -1.1094E-02 -5.8420E-01  1.0000E+00
 2.2904E+03  2.9043E-03  7.5719E-02 -1.0999E-02 -5.7482E-01  1.0000E+00
 2.3079E+03  2.9267E-03  7.5722E-02 -1.0905E-02 -5.6555E-01  1.0000E+00
 2.3256E+03  2.9493E-03  7.5726E-02 -1.0810E-02 -5.5639E-01  1.0000E+00
 2.3434E+03  2.9722E-03  7.5731E-02 -1.0716E-02 -5.4733E-01  1.0000E+00
 2.3614E+03  2.9953E-03  7.5738E-02 -1.0621E-02 -5.3838E-01  1.0000E+00
 2.3794E+03  3.0186E-03  7.5746E-02 -1.0527E-02 -5.2953E-01  1.0000E+00
 2.3977E+03  3.0421E-03  7.5755E-02 -1.0432E-02 -5.2078E-01  1.0000E+00
 2.4160E+03  3.0659E-03  7.5765E-02 -1.0338E-02 -5.1214E-01  1.0000E+00
 2.4345E+03  3.0898E-03  7.5776E-02 -1.0243E-02 -5.0360E-01  1.0000E+00
 2.4532E+03  3.1141E-03  7.5788E-02 -1.0148E-02 -4.9516E-01  1.0000E+00
 2.4720E+03  3.1385E-03  7.5801E-02 -1.0054E-02 -4.8682E-01  1.0000E+00
 2.4909E+03  3.1632E-03  7.5815E-02 -9.9593E-03 -4.7857E-01  1.0000E+00
 2.5100E+03  3.1881E-03  7.5830E-02 -9.8648E-03 -4.7042E-01  1.0000E+00
 2.5292E+03  3.2133E-03  7.5846E-02 -9.7702E-03 -4.6237E-01  1.0000E+00
 2.5486E+03  3.2387E-03  7.5863E-02 -9.6756E-03 -4.5442E-01  1.0000E+00
 2.5681E+03  3.2643E-03  7.5881E-02 -9.5810E-03 -4.4655E-01  1.0000E+00
 2.5878E+03  3.2902E-03  7.5900E-02 -9.4864E-03 -4.3878E-01  1.0000E+00
 2.6076E+03  3.3163E-03  7.5919E-02 -9.3918E-03 -4.3111E-01  1.0000E+00
 2.6275E+03  3.3426E-03  7.5940E-02 -9.2972E-03 -4.2352E-01  1.0000E+00
 2.6477E+03  3.3693E-03  7.5961E-02 -9.2026E-03 -4.1603E-01  1.0000E+00
 2.6679E+03  3.3961E-03  7.5983E-02 -9.1080E-03 -4.0862E-01  1.0000E+00
 2.6884E+03  3.4232E-03  7.6006E-02 -9.0134E-03 -4.0130E-01  1.0000E+00
 2.7090E+03  3.4506E-03  7.6030E-02 -8.9188E-03 -3.9407E-01  1.0000E+00
 2.7297E+03  3.4782E-03  7.6054E-02 -8.8242E-03 -3.8693E-01  1.0000E+00
 2.7506E+03  3.5061E-03  7.6079E-02 -8.7295E-03 -3.7987E-01  1.0000E+00
 2.7717E+03  3.5342E-03  7.6105E-02 -8.6349E-03 -3.7290E-01  1.0000E+00
 2.7929E+03  3.5626E-03  7.6131E-02 -8.5403E-03 -3.6601E-01  1.0000E+00
 2.8143E+03  3.5912E-03  7.6158E-02 -8.4456E-03 -3.5920E-01  1.0000E+00
 2.8358E+03  3.6201E-03  7.6186E-02 -8.3510E-03 -3.5247E-01  1.0000E+00
 2.8576E+03  3.6492E-03  7.6214E-02 -8.2563E-03 -3.4583E-01  1.0000E+00
 2.8794E+03  3.6787E-03  7.6243E-02 -8.1617E-03 -3.3927E-01  1.0000E+00
 2.9015E+03  3.7083E-03  7.6272E-02 -8.0670E-03 -3.3278E-01  1.0000E+00
 2.9237E+03  3.7382E-03  7.6302E-02 -7.9724E-03 -3.2638E-01  1.0000E+00
 2.9461E+03  3.7684E-03  7.6331E-02 -7.8777E-03 -3.2005E-01  1.0000E+00
 2.9687E+03  3.7989E-03  7.6361E-02 -7.7830E-03 -3.1380E-01  1.0000E+00
 2.9914E+03  3.8296E-03  7.6392E-02 -7.6884E-03 -3.0763E-01  1.0000E+00
 3.0143E+03  3.8605E-03  7.6422E-02 -7.5937E-03 -3.0153E-01  1.0000E+00
 3.0374E+03  3.8917E-03  7.6453E-02 -7.4990E-03 -2.9551E-01  1.0000E+00
 3.0607E+03  3.9232E-03  7.6483E-02 -7.4043E-03 -2.8956E-01  1.0000E+00
 3.0841E+03  3.9549E-03  7.6514E-02 -7.3096E-03 -2.8368E-01  1.0000E+00
 3.1077E+03  3.9869E-03  7.6545E-02 -7.2149E-03 -2.7788E-01  1.0000E+00
 3.1315E+03  4.0192E-03  7.6576E-02 -7.1202E-03 -2.7215E-01  1.0000E+00
 3.1555E+03  4.0517E-03  7.6608E-02 -7.0254E-03 -2.6649E-01  1.0000E+00
 3.1797E+03  4.0845E-03  7.6639E-02 -6.9307E-03 -2.6090E-01  1.0000E+00
 3.2040E+03  4.1175E-03  7.6670E-02 -6.8360E-03 -2.5537E-01  1.0000E+00
 3.2286E+03  4.1508E-03  7.6701E-02 -6.7413E-03 -2.4992E-01  1.0000E+00
 3.2533E+03  4.1844E-03  7.6732E-02 -6.6465E-03 -2.4454E-01  1.0000E+00
 3.2782E+03  4.2183E-03  7.6763E-02 -6.5518E-03 -2.3922E-01  1.0000E+00
 3.3033E+03  4.2524E-03  7.6794E-02 -6.4570E-03 -2.3397E-01  1.0000E+00
 3.3286E+03  4.2868E-03  7.6824E-02 -6.3622E-03 -2.2878E-01  1.0000E+00
 3.3541E+03  4.3214E-03  7.6855E-02 -6.2675E-03 -2.2366E-01  1.0000E+00
 3.3798E+03  4.3563E-03  7.6885E-02 -6.1727E-03 -2.1860E-01  1.0000E+00
 3.4057E+03  4.3915E-03  7.6915E-02 -6.0779E-03 -2.1361E-01  1.0000E+00
 3.4317E+03  4.4270E-03  7.6945E-02 -5.9831E-03 -2.0868E-01  1.0000E+00
 3.4580E+03  4.4627E-03  7.6974E-02 -5.8883E-03 -2.0381E-01  1.0000E+00
 3.4845E+03  4.4987E-03  7.7004E-02 -5.7935E-03 -1.9901E-01  1.0000E+00
 3.5112E+03  4.5350E-03  7.7032E-02 -5.6987E-03 -1.9426E-01  1.0000E+00
 3.5381E+03  4.5715E-03  7.7061E-02 -5.6038E-03 -1.8958E-01  1.0000E+00
 3.5652E+03  4.6083E-03  7.7089E-02 -5.5090E-03 -1.8495E-01  1.0000E+00
 3.5925E+03  4.6454E-03  7.7116E-02 -5.4142E-03 -1.8039E-01  1.0000E+00
 3.6200E+03  4.6828E-03  7.7144E-02 -5.3193E-03 -1.7588E-01  1.0000E+00
 3.6477E+03  4.7204E-03  7.7170E-02 -5.2244E-03 -1.7143E-01  1.0000E+00
 3.6757E+03  4.7583E-03  7.7196E-02 -5.1296E-03 -1.6704E-01  1.0000E+00
 3.7038E+03  4.7964E-03  7.7222E-02 -5.0347E-03 -1.6270E-01  1.0000E+00
 3.7322E+03  4.8349E-03  7.7247E-02 -4.9398E-03 -1.5842E-01  1.0000E+00
 3.7608E+03  4.8736E-03  7.7271E-02 -4.8449E-03 -1.5420E-01  1.0000E+00
 3.7896E+03  4.9125E-03  7.7295E-02 -4.7500E-03 -1.5003E-01  1.0000E+00
 3.8186E+03  4.9518E-03  7.7318E-02 -4.6551E-03 -1.4591E-01  1.0000E+00
 3.8478E+03  4.9913E-03  7.7341E-02 -4.5602E-03 -1.4185E-01  1.0000E+00
 3.8773E+03  5.0311E-03  7.7362E-02 -4.4652E-03 -1.3784E-01  1.0000E+00
 3.9070E+03  5.0711E-03  7.7383E-02 -4.3703E-03 -1.3389E-01  1.0000E+00
 3.9369E+03  5.1114E-03  7.7403E-02 -4.2753E-03 -1.2998E-01  1.0000E+00
 3.9671E+03  5.1520E-03  7.7423E-02 -4.1803E-03 -1.2613E-01  1.0000E+00
 3.9974E+03  5.1929E-03  7.7441E-02 -4.0854E-03 -1.2233E-01  1.0000E+00
 4.0281E+03  5.2340E-03  7.7459E-02 -3.9904E-03 -1.1857E-01  1.0000E+00
 4.0589E+03  5.2754E-03  7.7476E-02 -3.8954E-03 -1.1487E-01  1.0000E+00
 4.0900E+03  5.3170E-03  7.7491E-02 -3.8004E-03 -1.1122E-01  1.0000E+00
 4.1213E+03  5.3589E-03  7.7506E-02 -3.7053E-03 -1.0761E-01  1.0000E+00
 4.1529E+03  5.4011E-03  7.7520E-02 -3.6103E-03 -1.0406E-01  1.0000E+00
 4.1847E+03  5.4435E-03  7.7533E-02 -3.5153E-03 -1.0055E-01  1.0000E+00
 4.2167E+03  5.4862E-03  7.7545E-02 -3.4202E-03 -9.7085E-02  1.0000E+00
 4.2490E+03  5.5292E-03  7.7556E-02 -3.3251E-03 -9.3669E-02  1.0000E+00
 4.2816E+03  5.5724E-03  7.7566E-02 -3.2301E-03 -9.0299E-02  1.0000E+00
 4.3143E+03  5.6159E-03  7.7574E-02 -3.1350E-03 -8.6974E-02  1.0000E+00
 4.3474E+03  5.6596E-03  7.7582E-02 -3.0399E-03 -8.3695E-02  1.0000E+00
 4.3807E+03  5.7036E-03  7.7588E-02 -2.9447E-03 -8.0460E-02  1.0000E+00
 4.4142E+03  5.7479E-03  7.7593E-02 -2.8496E-03 -7.7269E-02  1.0000E+00
 4.4480E+03  5.7924E-03  7.7597E-02 -2.7545E-03 -7.4121E-02  1.0000E+00
 4.4821E+03  5.8371E-03  7.7600E-02 -2.6593E-03 -7.1017E-02  1.0000E+00
 4.5164E+03  5.8821E-03  7.7601E-02 -2.5641E-03 -6.7955E-02  1.0000E+00
 4.5510E+03  5.9274E-03  7.7601E-02 -2.4690E-03 -6.4935E-02  1.0000E+00
 4.5859E+03  5.9729E-03  7.7600E-02 -2.3738E-03 -6.1957E-02  1.0000E+00
 4.6210E+03  6.0186E-03  7.7597E-02 -2.2785E-03 -5.9019E-02  1.0000E+00
 4.6564E+03  6.0646E-03  7.7593E-02 -2.1833E-03 -5.6123E-02  1.0000E+00
 4.6920E+03  6.1108E-03  7.7587E-02 -2.0881E-03 -5.3267E-02  1.0000E+00
 4.7280E+03  6.1573E-03  7.7580E-02 -1.9928E-03 -5.0450E-02  1.0000E+00
 4.7642E+03  6.2039E-03  7.7572E-02 -1.8975E-03 -4.7673E-02  1.0000E+00
 4.8007E+03  6.2508E-03  7.7561E-02 -1.8023E-03 -4.4935E-02  1.0000E+00
 4.8374E+03  6.2980E-03  7.7549E-02 -1.7070E-03 -4.2236E-02  1.0000E+00
 4.8745E+03  6.3453E-03  7.7536E-02 -1.6116E-03 -3.9574E-02  1.0000E+00
 4.9118E+03  6.3929E-03  7.7521E-02 -1.5163E-03 -3.6950E-02  1.0000E+00
 4.9494E+03  6.4408E-03  7.7505E-02 -1.4210E-03 -3.4363E-02  1.0000E+00
 4.9873E+03  6.4888E-03  7.7486E-02 -1.3256E-03 -3.1813E-02  1.0000E+00
 5.0255E+03  6.5371E-03  7.7467E-02 -1.2302E-03 -2.9300E-02  1.0000E+00
 5.0640E+03  6.5856E-03  7.7445E-02 -1.1348E-03 -2.6822E-02  1.0000E+00
 5.1028E+03  6.6343E-03  7.7423E-02 -1.0394E-03 -2.4380E-02  1.0000E+00
 5.1419E+03  6.6833E-03  7.7398E-02 -9.4395E-04 -2.1973E-02  1.0000E+00
 5.1812E+03  6.7324E-03  7.7372E-02 -8.4849E-04 -1.9601E-02  1.0000E+00
 5.2209E+03  6.7818E-03  7.7345E-02 -7.5302E-04 -1.7264E-02  1.0000E+00
 5.2609E+03  6.8315E-03  7.7315E-02 -6.5753E-04 -1.4960E-02  1.0000E+00
 5.3012E+03  6.8813E-03  7.7285E-02 -5.6203E-04 -1.2690E-02  1.0000E+00
 5.3418E+03  6.9314E-03  7.7252E-02 -4.6650E-04 -1.0453E-02  1.0000E+00
 5.3827E+03  6.9817E-03  7.7218E-02 -3.7095E-04 -8.2488E-03  1.0000E+00
 5.4239E+03  7.0322E-03  7.7183E-02 -2.7539E-04 -6.0773E-03  1.0000E+00
 5.4655E+03  7.0829E-03  7.7146E-02 -1.7981E-04 -3.9378E-03  1.0000E+00
 5.5073E+03  7.1339E-03  7.7107E-02 -8.4204E-05 -1.8301E-03  1.0000E+00
 5.5495E+03  7.1851E-03  7.7067E-02  1.1419E-05  2.4628E-04  1.0000E+00
 5.5920E+03  7.2365E-03  7.7025E-02  1.0706E-04  2.2916E-03  1.0000E+00
 5.6348E+03  7.2881E-03  7.6982E-02  2.0273E-04  4.3063E-03  1.0000E+00
 5.6780E+03  7.3399E-03  7.6937E-02  2.9841E-04  6.2906E-03  1.0000E+00
 5.7215E+03  7.3919E-03  7.6890E-02  3.9412E-04  8.2450E-03  1.0000E+00
 5.7653E+03  7.4442E-03  7.6842E-02  4.8984E-04  1.0170E-02  1.0000E+00
 5.8094E+03  7.4967E-03  7.6792E-02  5.8559E-04  1.2065E-02  1.0000E+00
 5.8539E+03  7.5494E-03  7.6741E-02  6.8136E-04  1.3932E-02  1.0000E+00
 5.8988E+03  7.6023E-03  7.6688E-02  7.7716E-04  1.5770E-02  1.0000E+00
 5.9439E+03  7.6554E-03  7.6633E-02  8.7297E-04  1.7579E-02  1.0000E+00
 5.9895E+03  7.7087E-03  7.6577E-02  9.6881E-04  1.9361E-02  1.0000E+00
 6.0353E+03  7.7622E-03  7.6519E-02  1.0647E-03  2.1115E-02  1.0000E+00
 6.0815E+03  7.8160E-03  7.6460E-02  1.1606E-03  2.2842E-02  1.0000E+00
 6.1281E+03  7.8699E-03  7.6399E-02  1.2565E-03  2.4541E-02  1.0000E+00
 6.1751E+03  7.9241E-03  7.6337E-02  1.3524E-03  2.6214E-02  1.0000E+00
 6.2223E+03  7.9784E-03  7.6273E-02  1.4484E-03  2.7861E-02  1.0000E+00
 6.2700E+03  8.0330E-03  7.6207E-02  1.5443E-03  2.9481E-02  1.0000E+00
 6.3180E+03  8.0877E-03  7.6140E-02  1.6404E-03  3.1076E-02  1.0000E+00
 6.3664E+03  8.1427E-03  7.6071E-02  1.7364E-03  3.2646E-02  1.0000E+00
 6.4152E+03  8.1979E-03  7.6001E-02  1.8324E-03  3.4190E-02  1.0000E+00
 6.4643E+03  8.2532E-03  7.5929E-02  1.9285E-03  3.5709E-02  1.0000E+00
 6.5138E+03  8.3088E-03  7.5856E-02  2.0246E-03  3.7204E-02  1.0000E+00
 6.5637E+03  8.3646E-03  7.5781E-02  2.1208E-03  3.8674E-02  1.0000E+00
 6.6139E+03  8.4205E-03  7.5704E-02  2.2169E-03  4.0121E-02  1.0000E+00
 6.6646E+03  8.4767E-03  7.5626E-02  2.3131E-03  4.1543E-02  1.0000E+00
 6.7156E+03  8.5330E-03  7.5546E-02  2.4094E-03  4.2943E-02  1.0000E+00
 6.7671E+03  8.5895E-03  7.5465E-02  2.5056E-03  4.4319E-02  1.0000E+00
 6.8189E+03  8.6463E-03  7.5382E-02  2.6019E-03  4.5672E-02  1.0000E+00
 6.8711E+03  8.7032E-03  7.5298E-02  2.6982E-03  4.7002E-02  1.0000E+00
 6.9237E+03  8.7603E-03  7.5212E-02  2.7945E-03  4.8311E-02  1.0000E+00
 6.9768E+03  8.8176E-03  7.5125E-02  2.8909E-03  4.9597E-02  1.0000E+00
 7.0302E+03  8.8750E-03  7.5036E-02  2.9873E-03  5.0861E-02  1.0000E+00
 7.0840E+03  8.9327E-03  7.4945E-02  3.0837E-03  5.2104E-02  1.0000E+00
 7.1383E+03  8.9905E-03  7.4853E-02  3.1802E-03  5.3325E-02  1.0000E+00
 7.1929E+03  9.0485E-03  7.4760E-02  3.2767E-03  5.4525E-02  1.0000E+00
 7.2480E+03  9.1068E-03  7.4665E-02  3.3732E-03  5.5705E-02  1.0000E+00
 7.3035E+03  9.1654E-03  7.4571E-02  3.4698E-03  5.6864E-02  1.0000E+00
 7.3595E+03  9.2243E-03  7.4476E-02  3.5663E-03  5.8003E-02  1.0000E+00
 7.4158E+03  9.2835E-03  7.4380E-02  3.6630E-03  5.9121E-02  1.0000E+00
 7.4726E+03  9.3430E-03  7.4284E-02  3.7596E-03  6.0220E-02  1.0000E+00
 7.5299E+03  9.4028E-03  7.4187E-02  3.8563E-03  6.1300E-02  1.0000E+00
 7.5875E+03  9.4629E-03  7.4089E-02  3.9530E-03  6.2359E-02  1.0000E+00
 7.6456E+03  9.5233E-03  7.3991E-02  4.0498E-03  6.3400E-02  1.0000E+00
 7.7042E+03  9.5840E-03  7.3893E-02  4.1466E-03  6.4422E-02  1.0000E+00
 7.7632E+03  9.6450E-03  7.3794E-02  4.2434E-03  6.5425E-02  1.0000E+00
 7.8226E+03  9.7063E-03  7.3694E-02  4.3403E-03  6.6410E-02  1.0000E+00
 7.8825E+03  9.7679E-03  7.3593E-02  4.4372E-03  6.7377E-02  1.0000E+00
 7.9429E+03  9.8297E-03  7.3492E-02  4.5341E-03  6.8326E-02  1.0000E+00
 8.0037E+03  9.8918E-03  7.3390E-02  4.6311E-03  6.9257E-02  1.0000E+00
 8.0650E+03  9.9543E-03  7.3288E-02  4.7281E-03  7.0170E-02  1.0000E+00
 8.1268E+03  1.0017E-02  7.3185E-02  4.8252E-03  7.1066E-02  1.0000E+00
 8.1890E+03  1.0080E-02  7.3081E-02  4.9222E-03  7.1945E-02  1.0000E+00
 8.2518E+03  1.0143E-02  7.2976E-02  5.0194E-03  7.2807E-02  1.0000E+00
 8.3150E+03  1.0207E-02  7.2870E-02  5.1165E-03  7.3653E-02  1.0000E+00
 8.3786E+03  1.0271E-02  7.2764E-02  5.2138E-03  7.4482E-02  1.0000E+00
 8.4428E+03  1.0335E-02  7.2657E-02  5.3110E-03  7.5294E-02  1.0000E+00
 8.5075E+03  1.0399E-02  7.2549E-02  5.4083E-03  7.6091E-02  1.0000E+00
 8.5726E+03  1.0464E-02  7.2441E-02  5.5056E-03  7.6872E-02  1.0000E+00
 8.6383E+03  1.0528E-02  7.2331E-02  5.6030E-03  7.7637E-02  1.0000E+00
 8.7044E+03  1.0594E-02  7.2221E-02  5.7004E-03  7.8386E-02  1.0000E+00
 8.7711E+03  1.0659E-02  7.2110E-02  5.7979E-03  7.9121E-02  1.0000E+00
 8.8383E+03  1.0725E-02  7.1998E-02  5.8954E-03  7.9840E-02  1.0000E+00
 8.9059E+03  1.0790E-02  7.1885E-02  5.9930E-03  8.0544E-02  1.0000E+00
 8.9741E+03  1.0857E-02  7.1771E-02  6.0906E-03  8.1234E-02  1.0000E+00
 9.0429E+03  1.0923E-02  7.1656E-02  6.1882E-03  8.1909E-02  1.0000E+00
 9.1121E+03  1.0990E-02  7.1540E-02  6.2859E-03  8.2569E-02  1.0000E+00
 9.1819E+03  1.1056E-02  7.1424E-02  6.3836E-03  8.3216E-02  1.0000E+00
 9.2522E+03  1.1124E-02  7.1306E-02  6.4814E-03  8.3849E-02  1.0000E+00
 9.3231E+03  1.1191E-02  7.1188E-02  6.5792E-03  8.4467E-02  1.0000E+00
 9.3945E+03  1.1258E-02  7.1068E-02  6.6771E-03  8.5072E-02  1.0000E+00
 9.4664E+03  1.1326E-02  7.0948E-02  6.7751E-03  8.5664E-02  1.0000E+00
 9.5389E+03  1.1394E-02  7.0826E-02  6.8730E-03  8.6242E-02  1.0000E+00
 9.6120E+03  1.1462E-02  7.0704E-02  6.9711E-03  8.6808E-02  1.0000E+00
 9.6856E+03  1.1531E-02  7.0580E-02  7.0692E-03  8.7360E-02  1.0000E+00
 9.7598E+03  1.1600E-02  7.0456E-02  7.1673E-03  8.7900E-02  1.0000E+00
 9.8345E+03  1.1668E-02  7.0330E-02  7.2655E-03  8.8427E-02  1.0000E+00
 9.9098E+03  1.1737E-02  7.0204E-02  7.3637E-03  8.8941E-02  1.0000E+00
 9.9857E+03  1.1807E-02  7.0076E-02  7.4620E-03  8.9443E-02  1.0000E+00
 1.0062E+04  1.1876E-02  6.9947E-02  7.5603E-03  8.9933E-02  1.0000E+00
 1.0139E+04  1.1946E-02  6.9817E-02  7.6587E-03  9.0412E-02  1.0000E+00
 1.0217E+04  1.2016E-02  6.9686E-02  7.7572E-03  9.0878E-02  1.0000E+00
 1.0295E+04  1.2086E-02  6.9554E-02  7.8557E-03  9.1333E-02  1.0000E+00
 1.0374E+04  1.2156E-02  6.9421E-02  7.9543E-03  9.1776E-02  1.0000E+00
 1.0453E+04  1.2226E-02  6.9287E-02  8.0529E-03  9.2207E-02  1.0000E+00
 1.0533E+04  1.2297E-02  6.9152E-02  8.1516E-03  9.2628E-02  1.0000E+00
 1.0614E+04  1.2367E-02  6.9016E-02  8.2503E-03  9.3038E-02  1.0000E+00
 1.0695E+04  1.2438E-02  6.8879E-02  8.3492E-03  9.3436E-02  1.0000E+00
 1.0777E+04  1.2510E-02  6.8742E-02  8.4480E-03  9.3824E-02  1.0000E+00
 1.0860E+04  1.2581E-02  6.8604E-02  8.5469E-03  9.4201E-02  1.0000E+00
 1.0943E+04  1.2653E-02  6.8466E-02  8.6459E-03  9.4568E-02  1.0000E+00
 1.1027E+04  1.2725E-02  6.8327E-02  8.7450E-03  9.4925E-02  1.0000E+00
 1.1111E+04  1.2797E-02  6.8187E-02  8.8441E-03  9.5271E-02  1.0000E+00
 1.1196E+04  1.2870E-02  6.8046E-02  8.9433E-03  9.5607E-02  1.0000E+00
 1.1282E+04  1.2943E-02  6.7905E-02  9.0425E-03  9.5933E-02  1.0000E+00
 1.1369E+04  1.3015E-02  6.7763E-02  9.1418E-03  9.6250E-02  1.0000E+00
 1.1456E+04  1.3089E-02  6.7621E-02  9.2412E-03  9.6556E-02  1.0000E+00
 1.1543E+04  1.3162E-02  6.7477E-02  9.3406E-03  9.6854E-02  1.0000E+00
 1.1632E+04  1.3236E-02  6.7334E-02  9.4401E-03  9.7142E-02  1.0000E+00
 1.1721E+04  1.3310E-02  6.7189E-02  9.5397E-03  9.7420E-02  1.0000E+00
 1.1811E+04  1.3384E-02  6.7044E-02  9.6394E-03  9.7690E-02  1.0000E+00
 1.1901E+04  1.3458E-02  6.6899E-02  9.7391E-03  9.7950E-02  1.0000E+00
 1.1992E+04  1.3533E-02  6.6752E-02  9.8389E-03  9.8202E-02  1.0000E+00
 1.2084E+04  1.3608E-02  6.6605E-02  9.9387E-03  9.8444E-02  1.0000E+00
 1.2177E+04  1.3683E-02  6.6458E-02  1.0039E-02  9.8679E-02  1.0000E+00
 1.2270E+04  1.3758E-02  6.6310E-02  1.0139E-02  9.8904E-02  1.0000E+00
 1.2364E+04  1.3834E-02  6.6161E-02  1.0239E-02  9.9121E-02  1.0000E+00
 1.2458E+04  1.3909E-02  6.6012E-02  1.0339E-02  9.9330E-02  1.0000E+00
 1.2554E+04  1.3985E-02  6.5862E-02  1.0439E-02  9.9531E-02  1.0000E+00
 1.2650E+04  1.4062E-02  6.5711E-02  1.0539E-02  9.9724E-02  1.0000E+00
 1.2747E+04  1.4138E-02  6.5560E-02  1.0640E-02  9.9909E-02  1.0000E+00
 1.2845E+04  1.4215E-02  6.5409E-02  1.0740E-02  1.0009E-01  1.0000E+00
 1.2943E+04  1.4292E-02  6.5257E-02  1.0841E-02  1.0025E-01  1.0000E+00
 1.3042E+04  1.4369E-02  6.5104E-02  1.0942E-02  1.0042E-01  1.0000E+00
 1.3142E+04  1.4446E-02  6.4951E-02  1.1042E-02  1.0057E-01  1.0000E+00
 1.3243E+04  1.4524E-02  6.4797E-02  1.1143E-02  1.0072E-01  1.0000E+00
 1.3344E+04  1.4601E-02  6.4643E-02  1.1244E-02  1.0086E-01  1.0000E+00
 1.3446E+04  1.4679E-02  6.4488E-02  1.1345E-02  1.0099E-01  1.0000E+00
 1.3549E+04  1.4758E-02  6.4332E-02  1.1446E-02  1.0111E-01  1.0000E+00
 1.3653E+04  1.4836E-02  6.4176E-02  1.1547E-02  1.0123E-01  1.0000E+00
 1.3757E+04  1.4915E-02  6.4020E-02  1.1648E-02  1.0134E-01  1.0000E+00
 1.3863E+04  1.4994E-02  6.3863E-02  1.1750E-02  1.0145E-01  1.0000E+00
 1.3969E+04  1.5073E-02  6.3706E-02  1.1851E-02  1.0155E-01  1.0000E+00
 1.4076E+04  1.5152E-02  6.3548E-02  1.1952E-02  1.0164E-01  1.0000E+00
 1.4184E+04  1.5232E-02  6.3389E-02  1.2054E-02  1.0172E-01  1.0000E+00
 1.4292E+04  1.5312E-02  6.3230E-02  1.2156E-02  1.0180E-01  1.0000E+00
 1.4402E+04  1.5391E-02  6.3070E-02  1.2258E-02  1.0187E-01  1.0000E+00
 1.4512E+04  1.5471E-02  6.2906E-02  1.2359E-02  1.0194E-01  1.0000E+00
 1.4623E+04  1.5550E-02  6.2742E-02  1.2461E-02  1.0200E-01  1.0000E+00
 1.4735E+04  1.5630E-02  6.2578E-02  1.2563E-02  1.0205E-01  1.0000E+00
 1.4848E+04  1.5710E-02  6.2414E-02  1.2666E-02  1.0210E-01  1.0000E+00
 1.4962E+04  1.5790E-02  6.2250E-02  1.2768E-02  1.0214E-01  1.0000E+00
 1.5076E+04  1.5871E-02  6.2085E-02  1.2870E-02  1.0218E-01  1.0000E+00
 1.5192E+04  1.5952E-02  6.1921E-02  1.2973E-02  1.0221E-01  1.0000E+00
 1.5308E+04  1.6033E-02  6.1756E-02  1.3075E-02  1.0223E-01  1.0000E+00
 1.5425E+04  1.6115E-02  6.1591E-02  1.3178E-02  1.0225E-01  1.0000E+00
 1.5544E+04  1.6196E-02  6.1426E-02  1.3281E-02  1.0227E-01  1.0000E+00
 1.5663E+04  1.6278E-02  6.1260E-02  1.3384E-02  1.0228E-01  1.0000E+00
 1.5783E+04  1.6360E-02  6.1095E-02  1.3487E-02  1.0228E-01  1.0000E+00
 1.5903E+04  1.6443E-02  6.0929E-02  1.3590E-02  1.0228E-01  1.0000E+00
 1.6025E+04  1.6526E-02  6.0763E-02  1.3693E-02  1.0227E-01  1.0000E+00
 1.6148E+04  1.6609E-02  6.0597E-02  1.3796E-02  1.0226E-01  1.0000E+00
 1.6272E+04  1.6692E-02  6.0431E-02  1.3900E-02  1.0224E-01  1.0000E+00
 1.6396E+04  1.6776E-02  6.0265E-02  1.4003E-02  1.0222E-01  1.0000E+00
 1.6522E+04  1.6860E-02  6.0099E-02  1.4107E-02  1.0220E-01  1.0000E+00
 1.6648E+04  1.6944E-02  5.9932E-02  1.4211E-02  1.0217E-01  1.0000E+00
 1.6776E+04  1.7028E-02  5.9766E-02  1.4314E-02  1.0213E-01  1.0000E+00
 1.6904E+04  1.7113E-02  5.9599E-02  1.4418E-02  1.0209E-01  1.0000E+00
 1.7034E+04  1.7198E-02  5.9432E-02  1.4523E-02  1.0205E-01  1.0000E+00
 1.7164E+04  1.7283E-02  5.9265E-02  1.4627E-02  1.0200E-01  1.0000E+00
 1.7296E+04  1.7368E-02  5.9098E-02  1.4731E-02  1.0195E-01  1.0000E+00
 1.7428E+04  1.7454E-02  5.8931E-02  1.4836E-02  1.0189E-01  1.0000E+00
 1.7562E+04  1.7540E-02  5.8764E-02  1.4940E-02  1.0183E-01  1.0000E+00
 1.7696E+04  1.7626E-02  5.8596E-02  1.5045E-02  1.0176E-01  1.0000E+00
 1.7832E+04  1.7713E-02  5.8429E-02  1.5150E-02  1.0169E-01  1.0000E+00
 1.7968E+04  1.7800E-02  5.8261E-02  1.5255E-02  1.0162E-01  1.0000E+00
 1.8106E+04  1.7887E-02  5.8094E-02  1.5360E-02  1.0154E-01  1.0000E+00
 1.8244E+04  1.7974E-02  5.7926E-02  1.5465E-02  1.0146E-01  1.0000E+00
 1.8384E+04  1.8062E-02  5.7758E-02  1.5571E-02  1.0138E-01  1.0000E+00
 1.8525E+04  1.8150E-02  5.7590E-02  1.5676E-02  1.0129E-01  1.0000E+00
 1.8667E+04  1.8238E-02  5.7423E-02  1.5782E-02  1.0120E-01  1.0000E+00
 1.8810E+04  1.8326E-02  5.7255E-02  1.5888E-02  1.0110E-01  1.0000E+00
 1.8954E+04  1.8415E-02  5.7087E-02  1.5994E-02  1.0100E-01  1.0000E+00
 1.9099E+04  1.8504E-02  5.6919E-02  1.6100E-02  1.0090E-01  1.0000E+00
 1.9245E+04  1.8593E-02  5.6751E-02  1.6206E-02  1.0079E-01  1.0000E+00
 1.9393E+04  1.8683E-02  5.6583E-02  1.6313E-02  1.0068E-01  1.0000E+00
 1.9541E+04  1.8773E-02  5.6414E-02  1.6419E-02  1.0057E-01  1.0000E+00
 1.9691E+04  1.8863E-02  5.6246E-02  1.6526E-02  1.0046E-01  1.0000E+00
 1.9842E+04  1.8953E-02  5.6078E-02  1.6633E-02  1.0034E-01  1.0000E+00
 1.9994E+04  1.9044E-02  5.5910E-02  1.6740E-02  1.0022E-01  1.0000E+00
 2.0147E+04  1.9135E-02  5.5742E-02  1.6847E-02  1.0009E-01  1.0000E+00
 2.0301E+04  1.9226E-02  5.5574E-02  1.6954E-02  9.9962E-02  1.0000E+00
 2.0456E+04  1.9317E-02  5.5406E-02  1.7062E-02  9.9831E-02  1.0000E+00
 2.0613E+04  1.9409E-02  5.5237E-02  1.7169E-02  9.9698E-02  1.0000E+00
 2.0771E+04  1.9501E-02  5.5069E-02  1.7277E-02  9.9561E-02  1.0000E+00
 2.0930E+04  1.9594E-02  5.4901E-02  1.7385E-02  9.9422E-02  1.0000E+00
 2.1090E+04  1.9686E-02  5.4733E-02  1.7493E-02  9.9280E-02  1.0000E+00
 2.1252E+04  1.9779E-02  5.4565E-02  1.7602E-02  9.9135E-02  1.0000E+00
 2.1415E+04  1.9872E-02  5.4397E-02  1.7710E-02  9.8988E-02  1.0000E+00
 2.1579E+04  1.9966E-02  5.4229E-02  1.7819E-02  9.8838E-02  1.0000E+00
 2.1744E+04  2.0060E-02  5.4061E-02  1.7928E-02  9.8686E-02  1.0000E+00
 2.1910E+04  2.0154E-02  5.3893E-02  1.8037E-02  9.8531E-02  1.0000E+00
 2.2078E+04  2.0248E-02  5.3725E-02  1.8146E-02  9.8374E-02  1.0000E+00
 2.2247E+04  2.0343E-02  5.3558E-02  1.8255E-02  9.8215E-02  1.0000E+00
 2.2418E+04  2.0438E-02  5.3390E-02  1.8365E-02  9.8053E-02  1.0000E+00
 2.2589E+04  2.0533E-02  5.3222E-02  1.8474E-02  9.7889E-02  1.0000E+00
 2.2762E+04  2.0628E-02  5.3055E-02  1.8584E-02  9.7723E-02  1.0000E+00
 2.2937E+04  2.0724E-02  5.2887E-02  1.8694E-02  9.7555E-02  1.0000E+00
 2.3112E+04  2.0820E-02  5.2720E-02  1.8804E-02  9.7384E-02  1.0000E+00
 2.3289E+04  2.0917E-02  5.2553E-02  1.8915E-02  9.7212E-02  1.0000E+00
 2.3468E+04  2.1014E-02  5.2386E-02  1.9026E-02  9.7037E-02  1.0000E+00
 2.3647E+04  2.1111E-02  5.2219E-02  1.9136E-02  9.6861E-02  1.0000E+00
 2.3829E+04  2.1208E-02  5.2052E-02  1.9247E-02  9.6682E-02  1.0000E+00
 2.4011E+04  2.1306E-02  5.1885E-02  1.9359E-02  9.6502E-02  1.0000E+00
 2.4195E+04  2.1403E-02  5.1718E-02  1.9470E-02  9.6320E-02  1.0000E+00
 2.4380E+04  2.1502E-02  5.1551E-02  1.9582E-02  9.6136E-02  1.0000E+00
 2.4567E+04  2.1600E-02  5.1385E-02  1.9694E-02  9.5950E-02  1.0000E+00
 2.4755E+04  2.1699E-02  5.1219E-02  1.9806E-02  9.5763E-02  1.0000E+00
 2.4945E+04  2.1798E-02  5.1052E-02  1.9918E-02  9.5574E-02  1.0000E+00
 2.5136E+04  2.1898E-02  5.0886E-02  2.0030E-02  9.5383E-02  1.0000E+00
 2.5328E+04  2.1998E-02  5.0721E-02  2.0143E-02  9.5190E-02  1.0000E+00
 2.5522E+04  2.2098E-02  5.0555E-02  2.0256E-02  9.4997E-02  1.0000E+00
 2.5718E+04  2.2198E-02  5.0389E-02  2.0369E-02  9.4801E-02  1.0000E+00
 2.5915E+04  2.2299E-02  5.0224E-02  2.0482E-02  9.4604E-02  1.0000E+00
 2.6113E+04  2.2400E-02  5.0059E-02  2.0596E-02  9.4406E-02  1.0000E+00
 2.6313E+04  2.2501E-02  4.9893E-02  2.0710E-02  9.4206E-02  1.0000E+00
 2.6515E+04  2.2603E-02  4.9729E-02  2.0824E-02  9.4005E-02  1.0000E+00
 2.6718E+04  2.2705E-02  4.9564E-02  2.0938E-02  9.3802E-02  1.0000E+00
 2.6922E+04  2.2808E-02  4.9399E-02  2.1053E-02  9.3598E-02  1.0000E+00
 2.7128E+04  2.2910E-02  4.9235E-02  2.1167E-02  9.3393E-02  1.0000E+00
 2.7336E+04  2.3013E-02  4.9071E-02  2.1282E-02  9.3187E-02  1.0000E+00
 2.7545E+04  2.3117E-02  4.8907E-02  2.1398E-02  9.2979E-02  1.0000E+00
 2.7756E+04  2.3221E-02  4.8743E-02  2.1513E-02  9.2771E-02  1.0000E+00
 2.7969E+04  2.3325E-02  4.8580E-02  2.1629E-02  9.2561E-02  1.0000E+00
 2.8183E+04  2.3429E-02  4.8416E-02  2.1745E-02  9.2350E-02  1.0000E+00
 2.8399E+04  2.3534E-02  4.8253E-02  2.1861E-02  9.2138E-02  1.0000E+00
 2.8617E+04  2.3639E-02  4.8090E-02  2.1977E-02  9.1925E-02  1.0000E+00
 2.8836E+04  2.3744E-02  4.7928E-02  2.2094E-02  9.1711E-02  1.0000E+00
 2.9056E+04  2.3850E-02  4.7765E-02  2.2211E-02  9.1496E-02  1.0000E+00
 2.9279E+04  2.3956E-02  4.7603E-02  2.2328E-02  9.1280E-02  1.0000E+00
 2.9503E+04  2.4063E-02  4.7441E-02  2.2446E-02  9.1063E-02  1.0000E+00
 2.9729E+04  2.4169E-02  4.7280E-02  2.2564E-02  9.0845E-02  1.0000E+00
 2.9957E+04  2.4277E-02  4.7118E-02  2.2682E-02  9.0626E-02  1.0000E+00
 3.0186E+04  2.4384E-02  4.6957E-02  2.2800E-02  9.0407E-02  1.0000E+00
 3.0417E+04  2.4492E-02  4.6796E-02  2.2919E-02  9.0186E-02  1.0000E+00
 3.0650E+04  2.4600E-02  4.6635E-02  2.3038E-02  8.9965E-02  1.0000E+00
 3.0885E+04  2.4709E-02  4.6475E-02  2.3157E-02  8.9744E-02  1.0000E+00
 3.1122E+04  2.4818E-02  4.6315E-02  2.3276E-02  8.9521E-02  1.0000E+00
 3.1360E+04  2.4928E-02  4.6155E-02  2.3396E-02  8.9298E-02  1.0000E+00
 3.1600E+04  2.5037E-02  4.5996E-02  2.3516E-02  8.9074E-02  1.0000E+00
 3.1842E+04  2.5147E-02  4.5836E-02  2.3637E-02  8.8850E-02  1.0000E+00
 3.2086E+04  2.5258E-02  4.5677E-02  2.3757E-02  8.8625E-02  1.0000E+00
 3.2332E+04  2.5369E-02  4.5519E-02  2.3878E-02  8.8399E-02  1.0000E+00
 3.2579E+04  2.5480E-02  4.5360E-02  2.4000E-02  8.8173E-02  1.0000E+00
 3.2829E+04  2.5592E-02  4.5202E-02  2.4121E-02  8.7946E-02  1.0000E+00
 3.3080E+04  2.5704E-02  4.5044E-02  2.4243E-02  8.7719E-02  1.0000E+00
 3.3334E+04  2.5817E-02  4.4887E-02  2.4365E-02  8.7491E-02  1.0000E+00
 3.3589E+04  2.5929E-02  4.4730E-02  2.4488E-02  8.7263E-02  1.0000E+00
 3.3846E+04  2.6043E-02  4.4573E-02  2.4611E-02  8.7034E-02  1.0000E+00
 3.4105E+04  2.6156E-02  4.4416E-02  2.4734E-02  8.6805E-02  1.0000E+00
 3.4367E+04  2.6270E-02  4.4260E-02  2.4858E-02  8.6576E-02  1.0000E+00
 3.4630E+04  2.6385E-02  4.4104E-02  2.4982E-02  8.6346E-02  1.0000E+00
 3.4895E+04  2.6500E-02  4.3948E-02  2.5106E-02  8.6116E-02  1.0000E+00
 3.5162E+04  2.6615E-02  4.3793E-02  2.5230E-02  8.5886E-02  1.0000E+00
 3.5431E+04  2.6731E-02  4.3638E-02  2.5355E-02  8.5655E-02  1.0000E+00
 3.5703E+04  2.6847E-02  4.3484E-02  2.5481E-02  8.5424E-02  1.0000E+00
 3.5976E+04  2.6964E-02  4.3329E-02  2.5606E-02  8.5193E-02  1.0000E+00
 3.6252E+04  2.7081E-02  4.3176E-02  2.5732E-02  8.4962E-02  1.0000E+00
 3.6529E+04  2.7198E-02  4.3022E-02  2.5859E-02  8.4730E-02  1.0000E+00
 3.6809E+04  2.7316E-02  4.2869E-02  2.5985E-02  8.4498E-02  1.0000E+00
 3.7091E+04  2.7435E-02  4.2716E-02  2.6113E-02  8.4266E-02  1.0000E+00
 3.7375E+04  2.7553E-02  4.2563E-02  2.6240E-02  8.4034E-02  1.0000E+00
 3.7661E+04  2.7673E-02  4.2411E-02  2.6368E-02  8.3802E-02  1.0000E+00
 3.7950E+04  2.7792E-02  4.2259E-02  2.6496E-02  8.3569E-02  1.0000E+00
 3.8240E+04  2.7912E-02  4.2108E-02  2.6625E-02  8.3337E-02  1.0000E+00
 3.8533E+04  2.8033E-02  4.1957E-02  2.6754E-02  8.3104E-02  1.0000E+00
 3.8828E+04  2.8154E-02  4.1806E-02  2.6883E-02  8.2872E-02  1.0000E+00
 3.9126E+04  2.8276E-02  4.1656E-02  2.7013E-02  8.2639E-02  1.0000E+00
 3.9425E+04  2.8398E-02  4.1506E-02  2.7143E-02  8.2406E-02  1.0000E+00
 3.9727E+04  2.8520E-02  4.1356E-02  2.7274E-02  8.2174E-02  1.0000E+00
 4.0032E+04  2.8643E-02  4.1207E-02  2.7405E-02  8.1941E-02  1.0000E+00
 4.0338E+04  2.8767E-02  4.1059E-02  2.7537E-02  8.1709E-02  1.0000E+00
 4.0647E+04  2.8890E-02  4.0910E-02  2.7669E-02  8.1476E-02  1.0000E+00
 4.0958E+04  2.9015E-02  4.0762E-02  2.7801E-02  8.1244E-02  1.0000E+00
 4.1272E+04  2.9140E-02  4.0614E-02  2.7934E-02  8.1011E-02  1.0000E+00
 4.1588E+04  2.9265E-02  4.0467E-02  2.8067E-02  8.0779E-02  1.0000E+00
 4.1907E+04  2.9391E-02  4.0320E-02  2.8201E-02  8.0547E-02  1.0000E+00
 4.2228E+04  2.9518E-02  4.0174E-02  2.8335E-02  8.0315E-02  1.0000E+00
 4.2551E+04  2.9645E-02  4.0028E-02  2.8469E-02  8.0083E-02  1.0000E+00
 4.2877E+04  2.9772E-02  3.9882E-02  2.8604E-02  7.9851E-02  1.0000E+00
 4.3205E+04  2.9900E-02  3.9737E-02  2.8740E-02  7.9620E-02  1.0000E+00
 4.3536E+04  3.0029E-02  3.9592E-02  2.8876E-02  7.9388E-02  1.0000E+00
 4.3869E+04  3.0158E-02  3.9448E-02  2.9012E-02  7.9157E-02  1.0000E+00
 4.4205E+04  3.0287E-02  3.9304E-02  2.9149E-02  7.8926E-02  1.0000E+00
 4.4544E+04  3.0417E-02  3.9160E-02  2.9287E-02  7.8696E-02  1.0000E+00
 4.4885E+04  3.0548E-02  3.9017E-02  2.9424E-02  7.8465E-02  1.0000E+00
 4.5229E+04  3.0679E-02  3.8874E-02  2.9563E-02  7.8235E-02  1.0000E+00
 4.5575E+04  3.0811E-02  3.8732E-02  2.9702E-02  7.8006E-02  1.0000E+00
 4.5924E+04  3.0943E-02  3.8590E-02  2.9841E-02  7.7776E-02  1.0000E+00
 4.6276E+04  3.1076E-02  3.8449E-02  2.9981E-02  7.7547E-02  1.0000E+00
 4.6630E+04  3.1210E-02  3.8308E-02  3.0121E-02  7.7318E-02  1.0000E+00
 4.6987E+04  3.1344E-02  3.8167E-02  3.0262E-02  7.7089E-02  1.0000E+00
 4.7347E+04  3.1478E-02  3.8027E-02  3.0404E-02  7.6861E-02  1.0000E+00
 4.7710E+04  3.1614E-02  3.7887E-02  3.0546E-02  7.6633E-02  1.0000E+00
 4.8075E+04  3.1749E-02  3.7748E-02  3.0688E-02  7.6406E-02  1.0000E+00
 4.8443E+04  3.1886E-02  3.7609E-02  3.0832E-02  7.6179E-02  1.0000E+00
 4.8814E+04  3.2023E-02  3.7471E-02  3.0975E-02  7.5952E-02  1.0000E+00
 4.9188E+04  3.2161E-02  3.7333E-02  3.1119E-02  7.5726E-02  1.0000E+00
 4.9565E+04  3.2299E-02  3.7195E-02  3.1264E-02  7.5500E-02  1.0000E+00
 4.9945E+04  3.2438E-02  3.7058E-02  3.1410E-02  7.5274E-02  1.0000E+00
 5.0327E+04  3.2577E-02  3.6921E-02  3.1556E-02  7.5049E-02  1.0000E+00
 5.0713E+04  3.2717E-02  3.6785E-02  3.1702E-02  7.4825E-02  1.0000E+00
 5.1101E+04  3.2858E-02  3.6649E-02  3.1849E-02  7.4601E-02  1.0000E+00
 5.1492E+04  3.3000E-02  3.6514E-02  3.1997E-02  7.4377E-02  1.0000E+00
 5.1887E+04  3.3142E-02  3.6379E-02  3.2145E-02  7.4154E-02  1.0000E+00
 5.2284E+04  3.3284E-02  3.6245E-02  3.2294E-02  7.3931E-02  1.0000E+00
 5.2684E+04  3.3428E-02  3.6111E-02  3.2444E-02  7.3709E-02  1.0000E+00
 5.3088E+04  3.3572E-02  3.5977E-02  3.2594E-02  7.3487E-02  1.0000E+00
 5.3494E+04  3.3717E-02  3.5844E-02  3.2745E-02  7.3266E-02  1.0000E+00
 5.3904E+04  3.3862E-02  3.5712E-02  3.2896E-02  7.3046E-02  1.0000E+00
 5.4317E+04  3.4008E-02  3.5580E-02  3.3048E-02  7.2826E-02  1.0000E+00
 5.4733E+04  3.4155E-02  3.5448E-02  3.3201E-02  7.2606E-02  1.0000E+00
 5.5152E+04  3.4303E-02  3.5317E-02  3.3354E-02  7.2387E-02  1.0000E+00
 5.5574E+04  3.4451E-02  3.5186E-02  3.3508E-02  7.2169E-02  1.0000E+00
 5.6000E+04  3.4600E-02  3.5056E-02  3.3663E-02  7.1951E-02  1.0000E+00
 5.6429E+04  3.4750E-02  3.4926E-02  3.3819E-02  7.1734E-02  1.0000E+00
 5.6861E+04  3.4900E-02  3.4797E-02  3.3975E-02  7.1518E-02  1.0000E+00
 5.7297E+04  3.5051E-02  3.4668E-02  3.4131E-02  7.1302E-02  1.0000E+00
 5.7735E+04  3.5203E-02  3.4540E-02  3.4289E-02  7.1086E-02  1.0000E+00
 5.8177E+04  3.5356E-02  3.4412E-02  3.4447E-02  7.0872E-02  1.0000E+00
 5.8623E+04  3.5509E-02  3.4284E-02  3.4606E-02  7.0657E-02  1.0000E+00
 5.9072E+04  3.5664E-02  3.4157E-02  3.4766E-02  7.0444E-02  1.0000E+00
 5.9524E+04  3.5819E-02  3.4031E-02  3.4926E-02  7.0231E-02  1.0000E+00
 5.9980E+04  3.5974E-02  3.3905E-02  3.5087E-02  7.0019E-02  1.0000E+00
 6.0440E+04  3.6131E-02  3.3779E-02  3.5249E-02  6.9808E-02  1.0000E+00
 6.0902E+04  3.6288E-02  3.3654E-02  3.5412E-02  6.9597E-02  1.0000E+00
 6.1369E+04  3.6447E-02  3.3529E-02  3.5576E-02  6.9387E-02  1.0000E+00
 6.1839E+04  3.6606E-02  3.3405E-02  3.5740E-02  6.9177E-02  1.0000E+00
 6.2312E+04  3.6765E-02  3.3282E-02  3.5905E-02  6.8968E-02  1.0000E+00
 6.2790E+04  3.6926E-02  3.3158E-02  3.6071E-02  6.8760E-02  1.0000E+00
 6.3270E+04  3.7088E-02  3.3036E-02  3.6237E-02  6.8553E-02  1.0000E+00
 6.3755E+04  3.7250E-02  3.2914E-02  3.6405E-02  6.8346E-02  1.0000E+00
 6.4243E+04  3.7413E-02  3.2792E-02  3.6573E-02  6.8141E-02  1.0000E+00
 6.4735E+04  3.7578E-02  3.2671E-02  3.6742E-02  6.7935E-02  1.0000E+00
 6.5231E+04  3.7743E-02  3.2550E-02  3.6912E-02  6.7731E-02  1.0000E+00
 6.5731E+04  3.7909E-02  3.2430E-02  3.7083E-02  6.7527E-02  1.0000E+00
 6.6234E+04  3.8075E-02  3.2310E-02  3.7255E-02  6.7324E-02  1.0000E+00
 6.6741E+04  3.8243E-02  3.2190E-02  3.7427E-02  6.7122E-02  1.0000E+00
 6.7252E+04  3.8412E-02  3.2072E-02  3.7601E-02  6.6920E-02  1.0000E+00
 6.7767E+04  3.8581E-02  3.1953E-02  3.7775E-02  6.6720E-02  1.0000E+00
 6.8286E+04  3.8752E-02  3.1835E-02  3.7950E-02  6.6520E-02  1.0000E+00
 6.8809E+04  3.8923E-02  3.1718E-02  3.8126E-02  6.6321E-02  1.0000E+00
 6.9336E+04  3.9096E-02  3.1601E-02  3.8303E-02  6.6122E-02  1.0000E+00
 6.9867E+04  3.9269E-02  3.1485E-02  3.8481E-02  6.5925E-02  1.0000E+00
 7.0402E+04  3.9444E-02  3.1369E-02  3.8660E-02  6.5728E-02  1.0000E+00
 7.0942E+04  3.9619E-02  3.1253E-02  3.8840E-02  6.5532E-02  1.0000E+00
 7.1485E+04  3.9795E-02  3.1139E-02  3.9021E-02  6.5337E-02  1.0000E+00
 7.2032E+04  3.9973E-02  3.1024E-02  3.9203E-02  6.5142E-02  1.0000E+00
 7.2584E+04  4.0151E-02  3.0910E-02  3.9386E-02  6.4949E-02  1.0000E+00
 7.3140E+04  4.0331E-02  3.0797E-02  3.9569E-02  6.4756E-02  1.0000E+00
 7.3700E+04  4.0511E-02  3.0684E-02  3.9754E-02  6.4564E-02  1.0000E+00
 7.4264E+04  4.0693E-02  3.0571E-02  3.9940E-02  6.4373E-02  1.0000E+00
 7.4833E+04  4.0875E-02  3.0459E-02  4.0127E-02  6.4182E-02  1.0000E+00
 7.5406E+04  4.1059E-02  3.0348E-02  4.0315E-02  6.3993E-02  1.0000E+00
 7.5984E+04  4.1244E-02  3.0237E-02  4.0504E-02  6.3804E-02  1.0000E+00
 7.6566E+04  4.1430E-02  3.0126E-02  4.0694E-02  6.3616E-02  1.0000E+00
 7.7152E+04  4.1617E-02  3.0016E-02  4.0885E-02  6.3429E-02  1.0000E+00
 7.7743E+04  4.1805E-02  2.9907E-02  4.1077E-02  6.3243E-02  1.0000E+00
 7.8338E+04  4.1994E-02  2.9798E-02  4.1271E-02  6.3058E-02  1.0000E+00
 7.8938E+04  4.2184E-02  2.9689E-02  4.1465E-02  6.2874E-02  1.0000E+00
 7.9543E+04  4.2376E-02  2.9581E-02  4.1661E-02  6.2690E-02  1.0000E+00
 8.0152E+04  4.2569E-02  2.9473E-02  4.1857E-02  6.2507E-02  1.0000E+00
 8.0766E+04  4.2763E-02  2.9366E-02  4.2055E-02  6.2326E-02  1.0000E+00
 8.1384E+04  4.2958E-02  2.9260E-02  4.2254E-02  6.2145E-02  1.0000E+00
 8.2008E+04  4.3154E-02  2.9153E-02  4.2455E-02  6.1965E-02  1.0000E+00
 8.2636E+04  4.3352E-02  2.9048E-02  4.2656E-02  6.1785E-02  1.0000E+00
 8.3268E+04  4.3551E-02  2.8943E-02  4.2859E-02  6.1607E-02  1.0000E+00
 8.3906E+04  4.3751E-02  2.8838E-02  4.3063E-02  6.1430E-02  1.0000E+00
 8.4549E+04  4.3952E-02  2.8734E-02  4.3268E-02  6.1253E-02  1.0000E+00
 8.5196E+04  4.4155E-02  2.8630E-02  4.3474E-02  6.1078E-02  1.0000E+00
 8.5849E+04  4.4359E-02  2.8527E-02  4.3682E-02  6.0903E-02  1.0000E+00
 8.6506E+04  4.4564E-02  2.8424E-02  4.3891E-02  6.0729E-02  1.0000E+00
 8.7169E+04  4.4770E-02  2.8322E-02  4.4101E-02  6.0556E-02  1.0000E+00
 8.7836E+04  4.4978E-02  2.8220E-02  4.4312E-02  6.0384E-02  1.0000E+00
 8.8509E+04  4.5188E-02  2.8119E-02  4.4525E-02  6.0213E-02  1.0000E+00
 8.9187E+04  4.5398E-02  2.8019E-02  4.4739E-02  6.0043E-02  1.0000E+00
 8.9870E+04  4.5610E-02  2.7918E-02  4.4955E-02  5.9874E-02  1.0000E+00
 9.0558E+04  4.5824E-02  2.7819E-02  4.5172E-02  5.9705E-02  1.0000E+00
 9.1252E+04  4.6039E-02  2.7719E-02  4.5390E-02  5.9538E-02  1.0000E+00
 9.1950E+04  4.6255E-02  2.7621E-02  4.5610E-02  5.9372E-02  1.0000E+00
 9.2655E+04  4.6473E-02  2.7522E-02  4.5831E-02  5.9206E-02  1.0000E+00
 9.3364E+04  4.6692E-02  2.7424E-02  4.6054E-02  5.9041E-02  1.0000E+00
 9.4079E+04  4.6912E-02  2.7327E-02  4.6278E-02  5.8878E-02  1.0000E+00
 9.4800E+04  4.7135E-02  2.7230E-02  4.6503E-02  5.8715E-02  1.0000E+00
 9.5526E+04  4.7358E-02  2.7134E-02  4.6730E-02  5.8553E-02  1.0000E+00
 9.6257E+04  4.7584E-02  2.7038E-02  4.6959E-02  5.8392E-02  1.0000E+00
 9.6994E+04  4.7810E-02  2.6943E-02  4.7189E-02  5.8232E-02  1.0000E+00
 9.7737E+04  4.8039E-02  2.6848E-02  4.7420E-02  5.8073E-02  1.0000E+00
 9.8486E+04  4.8269E-02  2.6753E-02  4.7653E-02  5.7915E-02  1.0000E+00
 9.9240E+04  4.8500E-02  2.6659E-02  4.7888E-02  5.7758E-02  1.0000E+00
 1.0000E+05  4.8733E-02  2.6566E-02  4.8124E-02  5.7602E-02  1.0000E+00


