#     0	 1	   21	 1	 2.7721E+03	 1000	1
 4.8978E+01  0.0000E+00  0.0000E+00  0.0000E+00  0.0000E+00  0.0000E+00
 4.9353E+01  0.0000E+00  0.0000E+00  0.0000E+00  0.0000E+00  0.0000E+00
 4.9731E+01  0.0000E+00  0.0000E+00  0.0000E+00  0.0000E+00  0.0000E+00
 5.0112E+01  0.0000E+00  0.0000E+00  0.0000E+00  0.0000E+00  0.0000E+00
 5.0496E+01  0.0000E+00  0.0000E+00  0.0000E+00  0.0000E+00  0.0000E+00
 5.0882E+01  0.0000E+00  0.0000E+00  0.0000E+00  0.0000E+00  0.0000E+00
 5.1272E+01  0.0000E+00  0.0000E+00  0.0000E+00  0.0000E+00  0.0000E+00
 5.1665E+01  0.0000E+00  0.0000E+00  0.0000E+00  0.0000E+00  0.0000E+00
 5.2060E+01  0.0000E+00  0.0000E+00  0.0000E+00  0.0000E+00  0.0000E+00
 5.2459E+01  0.0000E+00  0.0000E+00  0.0000E+00  0.0000E+00  0.0000E+00
 5.2861E+01  0.0000E+00  0.0000E+00  0.0000E+00  0.0000E+00  0.0000E+00
 5.3266E+01  0.0000E+00  0.0000E+00  0.0000E+00  0.0000E+00  0.0000E+00
 5.3673E+01  0.0000E+00  0.0000E+00  0.0000E+00  0.0000E+00  0.0000E+00
 5.4085E+01  0.0000E+00  0.0000E+00  0.0000E+00  0.0000E+00  0.0000E+00
 5.4499E+01  0.0000E+00  0.0000E+00  0.0000E+00  0.0000E+00  0.0000E+00
 5.4916E+01  0.0000E+00  0.0000E+00  0.0000E+00  0.0000E+00  0.0000E+00
 5.5337E+01  0.0000E+00  0.0000E+00  0.0000E+00  0.0000E+00  0.0000E+00
 5.5760E+01  0.0000E+00  0.0000E+00  0.0000E+00  0.0000E+00  0.0000E+00
 5.6187E+01  0.0000E+00  0.0000E+00  0.0000E+00  0.0000E+00  0.0000E+00
 5.6618E+01  0.0000E+00  0.0000E+00  0.0000E+00  0.0000E+00  0.0000E+00
 5.7051E+01  0.0000E+00  0.0000E+00  0.0000E+00  0.0000E+00  0.0000E+00
 5.7488E+01  0.0000E+00  0.0000E+00  0.0000E+00  0.0000E+00  0.0000E+00
 5.7929E+01  0.0000E+00  0.0000E+00  0.0000E+00  0.0000E+00  0.0000E+00
 5.8372E+01  0.0000E+00  0.0000E+00  0.0000E+00  0.0000E+00  0.0000E+00
 5.8819E+01  0.0000E+00  0.0000E+00  0.0000E+00  0.0000E+00  0.0000E+00
 5.9270E+01  0.0000E+00  0.0000E+00  0.0000E+00  0.0000E+00  0.0000E+00
 5.9724E+01  0.0000E+00  0.0000E+00  0.0000E+00  0.0000E+00  0.0000E+00
 6.0181E+01  0.0000E+00  0.0000E+00  0.0000E+00  0.0000E+00  0.0000E+00
 6.0642E+01  0.0000E+00  0.0000E+00  0.0000E+00  0.0000E+00  0.0000E+00
 6.1106E+01  0.0000E+00  0.0000E+00  0.0000E+00  0.0000E+00  0.0000E+00
 6.1574E+01  0.0000E+00  0.0000E+00  0.0000E+00  0.0000E+00  0.0000E+00
 6.2046E+01  0.0000E+00  0.0000E+00  0.0000E+00  0.0000E+00  0.0000E+00
 6.2521E+01  0.0000E+00  0.0000E+00  0.0000E+00  0.0000E+00  0.0000E+00
 6.3000E+01  0.0000E+00  0.0000E+00  0.0000E+00  0.0000E+00  0.0000E+00
 6.3482E+01  0.0000E+00  0.0000E+00  0.0000E+00  0.0000E+00  0.0000E+00
 6.3968E+01  0.0000E+00  0.0000E+00  0.0000E+00  0.0000E+00  0.0000E+00
 6.4458E+01  0.0000E+00  0.0000E+00  0.0000E+00  0.0000E+00  0.0000E+00
 6.4952E+01  0.0000E+00  0.0000E+00  0.0000E+00  0.0000E+00  0.0000E+00
 6.5449E+01  0.0000E+00  0.0000E+00  0.0000E+00  0.0000E+00  0.0000E+00
 6.5951E+01  0.0000E+00  0.0000E+00  0.0000E+00  0.0000E+00  0.0000E+00
 6.6456E+01  0.0000E+00  0.0000E+00  0.0000E+00  0.0000E+00  0.0000E+00
 6.6965E+01  0.0000E+00  0.0000E+00  0.0000E+00  0.0000E+00  0.0000E+00
 6.7478E+01  0.0000E+00  0.0000E+00  0.0000E+00  0.0000E+00  0.0000E+00
 6.7994E+01  0.0000E+00  0.0000E+00  0.0000E+00  0.0000E+00  0.0000E+00
 6.8515E+01  0.0000E+00  0.0000E+00  0.0000E+00  0.0000E+00  0.0000E+00
 6.9040E+01  0.0000E+00  0.0000E+00  0.0000E+00  0.0000E+00  0.0000E+00
 6.9568E+01  0.0000E+00  0.0000E+00  0.0000E+00  0.0000E+00  0.0000E+00
 7.0101E+01  0.0000E+00  0.0000E+00  0.0000E+00  0.0000E+00  0.0000E+00
 7.0638E+01  0.0000E+00  0.0000E+00  0.0000E+00  0.0000E+00  0.0000E+00
 7.1179E+01  0.0000E+00  0.0000E+00  0.0000E+00  0.0000E+00  0.0000E+00
 7.1724E+01  0.0000E+00  0.0000E+00  0.0000E+00  0.0000E+00  0.0000E+00
 7.2273E+01  0.0000E+00  0.0000E+00  0.0000E+00  0.0000E+00  0.0000E+00
 7.2827E+01  0.0000E+00  0.0000E+00  0.0000E+00  0.0000E+00  0.0000E+00
 7.3385E+01  0.0000E+00  0.0000E+00  0.0000E+00  0.0000E+00  0.0000E+00
 7.3947E+01  0.0000E+00  0.0000E+00  0.0000E+00  0.0000E+00  0.0000E+00
 7.4513E+01  0.0000E+00  0.0000E+00  0.0000E+00  0.0000E+00  0.0000E+00
 7.5084E+01  0.0000E+00  0.0000E+00  0.0000E+00  0.0000E+00  0.0000E+00
 7.5659E+01  0.0000E+00  0.0000E+00  0.0000E+00  0.0000E+00  0.0000E+00
 7.6238E+01  0.0000E+00  0.0000E+00  0.0000E+00  0.0000E+00  0.0000E+00
 7.6822E+01  0.0000E+00  0.0000E+00  0.0000E+00  0.0000E+00  0.0000E+00
 7.7410E+01  0.0000E+00  0.0000E+00  0.0000E+00  0.0000E+00  0.0000E+00
 7.8003E+01  0.0000E+00  0.0000E+00  0.0000E+00  0.0000E+00  0.0000E+00
 7.8601E+01  0.0000E+00  0.0000E+00  0.0000E+00  0.0000E+00  0.0000E+00
 7.9202E+01  0.0000E+00  0.0000E+00  0.0000E+00  0.0000E+00  0.0000E+00
 7.9809E+01  0.0000E+00  0.0000E+00  0.0000E+00  0.0000E+00  0.0000E+00
 8.0420E+01  0.0000E+00  0.0000E+00  0.0000E+00  0.0000E+00  0.0000E+00
 8.1036E+01  0.0000E+00  0.0000E+00  0.0000E+00  0.0000E+00  0.0000E+00
 8.1657E+01  0.0000E+00  0.0000E+00  0.0000E+00  0.0000E+00  0.0000E+00
 8.2282E+01  0.0000E+00  0.0000E+00  0.0000E+00  0.0000E+00  0.0000E+00
 8.2912E+01  0.0000E+00  0.0000E+00  0.0000E+00  0.0000E+00  0.0000E+00
 8.3547E+01  0.0000E+00  0.0000E+00  0.0000E+00  0.0000E+00  0.0000E+00
 8.4187E+01  0.0000E+00  0.0000E+00  0.0000E+00  0.0000E+00  0.0000E+00
 8.4832E+01  0.0000E+00  0.0000E+00  0.0000E+00  0.0000E+00  0.0000E+00
 8.5481E+01  0.0000E+00  0.0000E+00  0.0000E+00  0.0000E+00  0.0000E+00
 8.6136E+01  0.0000E+00  0.0000E+00  0.0000E+00  0.0000E+00  0.0000E+00
 8.6796E+01  0.0000E+00  0.0000E+00  0.0000E+00  0.0000E+00  0.0000E+00
 8.7460E+01  0.0000E+00  0.0000E+00  0.0000E+00  0.0000E+00  0.0000E+00
 8.8130E+01  0.0000E+00  0.0000E+00  0.0000E+00  0.0000E+00  0.0000E+00
 8.8805E+01  0.0000E+00  0.0000E+00  0.0000E+00  0.0000E+00  0.0000E+00
 8.9485E+01  0.0000E+00  0.0000E+00  0.0000E+00  0.0000E+00  0.0000E+00
 9.0171E+01  0.0000E+00  0.0000E+00  0.0000E+00  0.0000E+00  0.0000E+00
 9.0861E+01  0.0000E+00  0.0000E+00  0.0000E+00  0.0000E+00  0.0000E+00
 9.1557E+01  0.0000E+00  0.0000E+00  0.0000E+00  0.0000E+00  0.0000E+00
 9.2258E+01  0.0000E+00  0.0000E+00  0.0000E+00  0.0000E+00  0.0000E+00
 9.2965E+01  0.0000E+00  0.0000E+00  0.0000E+00  0.0000E+00  0.0000E+00
 9.3677E+01  0.0000E+00  0.0000E+00  0.0000E+00  0.0000E+00  0.0000E+00
 9.4394E+01  0.0000E+00  0.0000E+00  0.0000E+00  0.0000E+00  0.0000E+00
 9.5117E+01  0.0000E+00  0.0000E+00  0.0000E+00  0.0000E+00  0.0000E+00
 9.5845E+01  0.0000E+00  0.0000E+00  0.0000E+00  0.0000E+00  0.0000E+00
 9.6579E+01  0.0000E+00  0.0000E+00  0.0000E+00  0.0000E+00  0.0000E+00
 9.7319E+01  0.0000E+00  0.0000E+00  0.0000E+00  0.0000E+00  0.0000E+00
 9.8064E+01  0.0000E+00  0.0000E+00  0.0000E+00  0.0000E+00  0.0000E+00
 9.8815E+01  0.0000E+00  0.0000E+00  0.0000E+00  0.0000E+00  0.0000E+00
 9.9572E+01  0.0000E+00  0.0000E+00  0.0000E+00  0.0000E+00  0.0000E+00
 1.0033E+02  0.0000E+00  0.0000E+00  0.0000E+00  0.0000E+00  0.0000E+00
 1.0110E+02  0.0000E+00  0.0000E+00  0.0000E+00  0.0000E+00  0.0000E+00
 1.0188E+02  0.0000E+00  0.0000E+00  0.0000E+00  0.0000E+00  0.0000E+00
 1.0266E+02  0.0000E+00  0.0000E+00  0.0000E+00  0.0000E+00  0.0000E+00
 1.0344E+02  0.0000E+00  0.0000E+00  0.0000E+00  0.0000E+00  0.0000E+00
 1.0424E+02  0.0000E+00  0.0000E+00  0.0000E+00  0.0000E+00  0.0000E+00
 1.0503E+02  0.0000E+00  0.0000E+00  0.0000E+00  0.0000E+00  0.0000E+00
 1.0584E+02  0.0000E+00  0.0000E+00  0.0000E+00  0.0000E+00  0.0000E+00
 1.0665E+02  0.0000E+00  0.0000E+00  0.0000E+00  0.0000E+00  0.0000E+00
 1.0747E+02  0.0000E+00  0.0000E+00  0.0000E+00  0.0000E+00  0.0000E+00
 1.0829E+02  0.0000E+00  0.0000E+00  0.0000E+00  0.0000E+00  0.0000E+00
 1.0912E+02  0.0000E+00  0.0000E+00  0.0000E+00  0.0000E+00  0.0000E+00
 1.0995E+02  0.0000E+00  0.0000E+00  0.0000E+00  0.0000E+00  0.0000E+00
 1.1080E+02  0.0000E+00  0.0000E+00  0.0000E+00  0.0000E+00  0.0000E+00
 1.1164E+02  0.0000E+00  0.0000E+00  0.0000E+00  0.0000E+00  0.0000E+00
 1.1250E+02  0.0000E+00  0.0000E+00  0.0000E+00  0.0000E+00  0.0000E+00
 1.1336E+02  0.0000E+00  0.0000E+00  0.0000E+00  0.0000E+00  0.0000E+00
 1.1423E+02  0.0000E+00  0.0000E+00  0.0000E+00  0.0000E+00  0.0000E+00
 1.1510E+02  0.0000E+00  0.0000E+00  0.0000E+00  0.0000E+00  0.0000E+00
 1.1599E+02  0.0000E+00  0.0000E+00  0.0000E+00  0.0000E+00  0.0000E+00
 1.1687E+02  0.0000E+00  0.0000E+00  0.0000E+00  0.0000E+00  0.0000E+00
 1.1777E+02  0.0000E+00  0.0000E+00  0.0000E+00  0.0000E+00  0.0000E+00
 1.1867E+02  0.0000E+00  0.0000E+00  0.0000E+00  0.0000E+00  0.0000E+00
 1.1958E+02  0.0000E+00  0.0000E+00  0.0000E+00  0.0000E+00  0.0000E+00
 1.2050E+02  0.0000E+00  0.0000E+00  0.0000E+00  0.0000E+00  0.0000E+00
 1.2142E+02  0.0000E+00  0.0000E+00  0.0000E+00  0.0000E+00  0.0000E+00
 1.2235E+02  0.0000E+00  0.0000E+00  0.0000E+00  0.0000E+00  0.0000E+00
 1.2329E+02  0.0000E+00  0.0000E+00  0.0000E+00  0.0000E+00  0.0000E+00
 1.2423E+02  0.0000E+00  0.0000E+00  0.0000E+00  0.0000E+00  0.0000E+00
 1.2518E+02  0.0000E+00  0.0000E+00  0.0000E+00  0.0000E+00  0.0000E+00
 1.2614E+02  0.0000E+00  0.0000E+00  0.0000E+00  0.0000E+00  0.0000E+00
 1.2711E+02  0.0000E+00  0.0000E+00  0.0000E+00  0.0000E+00  0.0000E+00
 1.2808E+02  0.0000E+00  0.0000E+00  0.0000E+00  0.0000E+00  0.0000E+00
 1.2906E+02  0.0000E+00  0.0000E+00  0.0000E+00  0.0000E+00  0.0000E+00
 1.3005E+02  0.0000E+00  0.0000E+00  0.0000E+00  0.0000E+00  0.0000E+00
 1.3104E+02  0.0000E+00  0.0000E+00  0.0000E+00  0.0000E+00  0.0000E+00
 1.3205E+02  0.0000E+00  0.0000E+00  0.0000E+00  0.0000E+00  0.0000E+00
 1.3306E+02  0.0000E+00  0.0000E+00  0.0000E+00  0.0000E+00  0.0000E+00
 1.3408E+02  0.0000E+00  0.0000E+00  0.0000E+00  0.0000E+00  0.0000E+00
 1.3510E+02  0.0000E+00  0.0000E+00  0.0000E+00  0.0000E+00  0.0000E+00
 1.3614E+02  0.0000E+00  0.0000E+00  0.0000E+00  0.0000E+00  0.0000E+00
 1.3718E+02  0.0000E+00  0.0000E+00  0.0000E+00  0.0000E+00  0.0000E+00
 1.3823E+02  0.0000E+00  0.0000E+00  0.0000E+00  0.0000E+00  0.0000E+00
 1.3929E+02  0.0000E+00  0.0000E+00  0.0000E+00  0.0000E+00  0.0000E+00
 1.4036E+02  0.0000E+00  0.0000E+00  0.0000E+00  0.0000E+00  0.0000E+00
 1.4143E+02  0.0000E+00  0.0000E+00  0.0000E+00  0.0000E+00  0.0000E+00
 1.4252E+02  0.0000E+00  0.0000E+00  0.0000E+00  0.0000E+00  0.0000E+00
 1.4361E+02  0.0000E+00  0.0000E+00  0.0000E+00  0.0000E+00  0.0000E+00
 1.4471E+02  0.0000E+00  0.0000E+00  0.0000E+00  0.0000E+00  0.0000E+00
 1.4582E+02  0.0000E+00  0.0000E+00  0.0000E+00  0.0000E+00  0.0000E+00
 1.4693E+02  0.0000E+00  0.0000E+00  0.0000E+00  0.0000E+00  0.0000E+00
 1.4806E+02  0.0000E+00  0.0000E+00  0.0000E+00  0.0000E+00  0.0000E+00
 1.4919E+02  0.0000E+00  0.0000E+00  0.0000E+00  0.0000E+00  0.0000E+00
 1.5033E+02  0.0000E+00  0.0000E+00  0.0000E+00  0.0000E+00  0.0000E+00
 1.5149E+02  0.0000E+00  0.0000E+00  0.0000E+00  0.0000E+00  0.0000E+00
 1.5265E+02  0.0000E+00  0.0000E+00  0.0000E+00  0.0000E+00  0.0000E+00
 1.5381E+02  0.0000E+00  0.0000E+00  0.0000E+00  0.0000E+00  0.0000E+00
 1.5499E+02  0.0000E+00  0.0000E+00  0.0000E+00  0.0000E+00  0.0000E+00
 1.5618E+02  0.0000E+00  0.0000E+00  0.0000E+00  0.0000E+00  0.0000E+00
 1.5738E+02  0.0000E+00  0.0000E+00  0.0000E+00  0.0000E+00  0.0000E+00
 1.5858E+02  0.0000E+00  0.0000E+00  0.0000E+00  0.0000E+00  0.0000E+00
 1.5980E+02  0.0000E+00  0.0000E+00  0.0000E+00  0.0000E+00  0.0000E+00
 1.6102E+02  0.0000E+00  0.0000E+00  0.0000E+00  0.0000E+00  0.0000E+00
 1.6225E+02  0.0000E+00  0.0000E+00  0.0000E+00  0.0000E+00  0.0000E+00
 1.6349E+02  0.0000E+00  0.0000E+00  0.0000E+00  0.0000E+00  0.0000E+00
 1.6475E+02  0.0000E+00  0.0000E+00  0.0000E+00  0.0000E+00  0.0000E+00
 1.6601E+02  0.0000E+00  0.0000E+00  0.0000E+00  0.0000E+00  0.0000E+00
 1.6728E+02  0.0000E+00  0.0000E+00  0.0000E+00  0.0000E+00  0.0000E+00
 1.6856E+02  0.0000E+00  0.0000E+00  0.0000E+00  0.0000E+00  0.0000E+00
 1.6985E+02  0.0000E+00  0.0000E+00  0.0000E+00  0.0000E+00  0.0000E+00
 1.7115E+02  0.0000E+00  0.0000E+00  0.0000E+00  0.0000E+00  0.0000E+00
 1.7246E+02  0.0000E+00  0.0000E+00  0.0000E+00  0.0000E+00  0.0000E+00
 1.7378E+02  0.0000E+00  0.0000E+00  0.0000E+00  0.0000E+00  0.0000E+00
 1.7511E+02  0.0000E+00  0.0000E+00  0.0000E+00  0.0000E+00  0.0000E+00
 1.7646E+02  0.0000E+00  0.0000E+00  0.0000E+00  0.0000E+00  0.0000E+00
 1.7781E+02  0.0000E+00  0.0000E+00  0.0000E+00  0.0000E+00  0.0000E+00
 1.7917E+02  0.0000E+00  0.0000E+00  0.0000E+00  0.0000E+00  0.0000E+00
 1.8054E+02  0.0000E+00  0.0000E+00  0.0000E+00  0.0000E+00  0.0000E+00
 1.8192E+02  0.0000E+00  0.0000E+00  0.0000E+00  0.0000E+00  0.0000E+00
 1.8332E+02  0.0000E+00  0.0000E+00  0.0000E+00  0.0000E+00  0.0000E+00
 1.8472E+02  0.0000E+00  0.0000E+00  0.0000E+00  0.0000E+00  0.0000E+00
 1.8614E+02  0.0000E+00  0.0000E+00  0.0000E+00  0.0000E+00  0.0000E+00
 1.8756E+02  0.0000E+00  0.0000E+00  0.0000E+00  0.0000E+00  0.0000E+00
 1.8900E+02  0.0000E+00  0.0000E+00  0.0000E+00  0.0000E+00  0.0000E+00
 1.9045E+02  0.0000E+00  0.0000E+00  0.0000E+00  0.0000E+00  0.0000E+00
 1.9190E+02  0.0000E+00  0.0000E+00  0.0000E+00  0.0000E+00  0.0000E+00
 1.9337E+02  0.0000E+00  0.0000E+00  0.0000E+00  0.0000E+00  0.0000E+00
 1.9485E+02  0.0000E+00  0.0000E+00  0.0000E+00  0.0000E+00  0.0000E+00
 1.9635E+02  0.0000E+00  0.0000E+00  0.0000E+00  0.0000E+00  0.0000E+00
 1.9785E+02  0.0000E+00  0.0000E+00  0.0000E+00  0.0000E+00  0.0000E+00
 1.9937E+02  0.0000E+00  0.0000E+00  0.0000E+00  0.0000E+00  0.0000E+00
 2.0089E+02  0.0000E+00  0.0000E+00  0.0000E+00  0.0000E+00  0.0000E+00
 2.0243E+02  0.0000E+00  0.0000E+00  0.0000E+00  0.0000E+00  0.0000E+00
 2.0398E+02  0.0000E+00  0.0000E+00  0.0000E+00  0.0000E+00  0.0000E+00
 2.0554E+02  0.0000E+00  0.0000E+00  0.0000E+00  0.0000E+00  0.0000E+00
 2.0712E+02  0.0000E+00  0.0000E+00  0.0000E+00  0.0000E+00  0.0000E+00
 2.0870E+02  0.0000E+00  0.0000E+00  0.0000E+00  0.0000E+00  0.0000E+00
 2.1030E+02  0.0000E+00  0.0000E+00  0.0000E+00  0.0000E+00  0.0000E+00
 2.1191E+02  0.0000E+00  0.0000E+00  0.0000E+00  0.0000E+00  0.0000E+00
 2.1354E+02  0.0000E+00  0.0000E+00  0.0000E+00  0.0000E+00  0.0000E+00
 2.1517E+02  0.0000E+00  0.0000E+00  0.0000E+00  0.0000E+00  0.0000E+00
 2.1682E+02  0.0000E+00  0.0000E+00  0.0000E+00  0.0000E+00  0.0000E+00
 2.1848E+02  0.0000E+00  0.0000E+00  0.0000E+00  0.0000E+00  0.0000E+00
 2.2015E+02  0.0000E+00  0.0000E+00  0.0000E+00  0.0000E+00  0.0000E+00
 2.2184E+02  0.0000E+00  0.0000E+00  0.0000E+00  0.0000E+00  0.0000E+00
 2.2354E+02  0.0000E+00  0.0000E+00  0.0000E+00  0.0000E+00  0.0000E+00
 2.2525E+02  0.0000E+00  0.0000E+00  0.0000E+00  0.0000E+00  0.0000E+00
 2.2697E+02  0.0000E+00  0.0000E+00  0.0000E+00  0.0000E+00  0.0000E+00
 2.2871E+02  0.0000E+00  0.0000E+00  0.0000E+00  0.0000E+00  0.0000E+00
 2.3046E+02  0.0000E+00  0.0000E+00  0.0000E+00  0.0000E+00  0.0000E+00
 2.3223E+02  0.0000E+00  0.0000E+00  0.0000E+00  0.0000E+00  0.0000E+00
 2.3401E+02  0.0000E+00  0.0000E+00  0.0000E+00  0.0000E+00  0.0000E+00
 2.3580E+02  0.0000E+00  0.0000E+00  0.0000E+00  0.0000E+00  0.0000E+00
 2.3761E+02  0.0000E+00  0.0000E+00  0.0000E+00  0.0000E+00  0.0000E+00
 2.3942E+02  0.0000E+00  0.0000E+00  0.0000E+00  0.0000E+00  0.0000E+00
 2.4126E+02  0.0000E+00  0.0000E+00  0.0000E+00  0.0000E+00  0.0000E+00
 2.4311E+02  0.0000E+00  0.0000E+00  0.0000E+00  0.0000E+00  0.0000E+00
 2.4497E+02  0.0000E+00  0.0000E+00  0.0000E+00  0.0000E+00  0.0000E+00
 2.4684E+02  0.0000E+00  0.0000E+00  0.0000E+00  0.0000E+00  0.0000E+00
 2.4873E+02  0.0000E+00  0.0000E+00  0.0000E+00  0.0000E+00  0.0000E+00
 2.5064E+02  0.0000E+00  0.0000E+00  0.0000E+00  0.0000E+00  0.0000E+00
 2.5256E+02  0.0000E+00  0.0000E+00  0.0000E+00  0.0000E+00  0.0000E+00
 2.5449E+02  0.0000E+00  0.0000E+00  0.0000E+00  0.0000E+00  0.0000E+00
 2.5644E+02  0.0000E+00  0.0000E+00  0.0000E+00  0.0000E+00  0.0000E+00
 2.5841E+02  0.0000E+00  0.0000E+00  0.0000E+00  0.0000E+00  0.0000E+00
 2.6038E+02  0.0000E+00  0.0000E+00  0.0000E+00  0.0000E+00  0.0000E+00
 2.6238E+02  0.0000E+00  0.0000E+00  0.0000E+00  0.0000E+00  0.0000E+00
 2.6439E+02  0.0000E+00  0.0000E+00  0.0000E+00  0.0000E+00  0.0000E+00
 2.6641E+02  0.0000E+00  0.0000E+00  0.0000E+00  0.0000E+00  0.0000E+00
 2.6845E+02  0.0000E+00  0.0000E+00  0.0000E+00  0.0000E+00  0.0000E+00
 2.7051E+02  0.0000E+00  0.0000E+00  0.0000E+00  0.0000E+00  0.0000E+00
 2.7258E+02  0.0000E+00  0.0000E+00  0.0000E+00  0.0000E+00  0.0000E+00
 2.7467E+02  0.0000E+00  0.0000E+00  0.0000E+00  0.0000E+00  0.0000E+00
 2.7677E+02  0.0000E+00  0.0000E+00  0.0000E+00  0.0000E+00  0.0000E+00
 2.7889E+02  0.0000E+00  0.0000E+00  0.0000E+00  0.0000E+00  0.0000E+00
 2.8103E+02  0.0000E+00  0.0000E+00  0.0000E+00  0.0000E+00  0.0000E+00
 2.8318E+02  0.0000E+00  0.0000E+00  0.0000E+00  0.0000E+00  0.0000E+00
 2.8535E+02  0.0000E+00  0.0000E+00  0.0000E+00  0.0000E+00  0.0000E+00
 2.8753E+02  0.0000E+00  0.0000E+00  0.0000E+00  0.0000E+00  0.0000E+00
 2.8974E+02  0.0000E+00  0.0000E+00  0.0000E+00  0.0000E+00  0.0000E+00
 2.9195E+02  0.0000E+00  0.0000E+00  0.0000E+00  0.0000E+00  0.0000E+00
 2.9419E+02  0.0000E+00  0.0000E+00  0.0000E+00  0.0000E+00  0.0000E+00
 2.9644E+02  0.0000E+00  0.0000E+00  0.0000E+00  0.0000E+00  0.0000E+00
 2.9871E+02  0.0000E+00  0.0000E+00  0.0000E+00  0.0000E+00  0.0000E+00
 3.0100E+02  0.0000E+00  0.0000E+00  0.0000E+00  0.0000E+00  0.0000E+00
 3.0331E+02  0.0000E+00  0.0000E+00  0.0000E+00  0.0000E+00  0.0000E+00
 3.0563E+02  0.0000E+00  0.0000E+00  0.0000E+00  0.0000E+00  0.0000E+00
 3.0797E+02  0.0000E+00  0.0000E+00  0.0000E+00  0.0000E+00  0.0000E+00
 3.1033E+02  0.0000E+00  0.0000E+00  0.0000E+00  0.0000E+00  0.0000E+00
 3.1271E+02  0.0000E+00  0.0000E+00  0.0000E+00  0.0000E+00  0.0000E+00
 3.1510E+02  0.0000E+00  0.0000E+00  0.0000E+00  0.0000E+00  0.0000E+00
 3.1751E+02  0.0000E+00  0.0000E+00  0.0000E+00  0.0000E+00  0.0000E+00
 3.1994E+02  0.0000E+00  0.0000E+00  0.0000E+00  0.0000E+00  0.0000E+00
 3.2240E+02  0.0000E+00  0.0000E+00  0.0000E+00  0.0000E+00  0.0000E+00
 3.2486E+02  0.0000E+00  0.0000E+00  0.0000E+00  0.0000E+00  0.0000E+00
 3.2735E+02  0.0000E+00  0.0000E+00  0.0000E+00  0.0000E+00  0.0000E+00
 3.2986E+02  0.0000E+00  0.0000E+00  0.0000E+00  0.0000E+00  0.0000E+00
 3.3239E+02  0.0000E+00  0.0000E+00  0.0000E+00  0.0000E+00  0.0000E+00
 3.3493E+02  0.0000E+00  0.0000E+00  0.0000E+00  0.0000E+00  0.0000E+00
 3.3750E+02  0.0000E+00  0.0000E+00  0.0000E+00  0.0000E+00  0.0000E+00
 3.4008E+02  0.0000E+00  0.0000E+00  0.0000E+00  0.0000E+00  0.0000E+00
 3.4268E+02  0.0000E+00  0.0000E+00  0.0000E+00  0.0000E+00  0.0000E+00
 3.4531E+02  0.0000E+00  0.0000E+00  0.0000E+00  0.0000E+00  0.0000E+00
 3.4795E+02  0.0000E+00  0.0000E+00  0.0000E+00  0.0000E+00  0.0000E+00
 3.5062E+02  0.0000E+00  0.0000E+00  0.0000E+00  0.0000E+00  0.0000E+00
 3.5330E+02  0.0000E+00  0.0000E+00  0.0000E+00  0.0000E+00  0.0000E+00
 3.5601E+02  0.0000E+00  0.0000E+00  0.0000E+00  0.0000E+00  0.0000E+00
 3.5874E+02  0.0000E+00  0.0000E+00  0.0000E+00  0.0000E+00  0.0000E+00
 3.6148E+02  0.0000E+00  0.0000E+00  0.0000E+00  0.0000E+00  0.0000E+00
 3.6425E+02  0.0000E+00  0.0000E+00  0.0000E+00  0.0000E+00  0.0000E+00
 3.6704E+02  0.0000E+00  0.0000E+00  0.0000E+00  0.0000E+00  0.0000E+00
 3.6985E+02  0.0000E+00  0.0000E+00  0.0000E+00  0.0000E+00  0.0000E+00
 3.7268E+02  0.0000E+00  0.0000E+00  0.0000E+00  0.0000E+00  0.0000E+00
 3.7554E+02  0.0000E+00  0.0000E+00  0.0000E+00  0.0000E+00  0.0000E+00
 3.7841E+02  0.0000E+00  0.0000E+00  0.0000E+00  0.0000E+00  0.0000E+00
 3.8131E+02  0.0000E+00  0.0000E+00  0.0000E+00  0.0000E+00  0.0000E+00
 3.8423E+02  0.0000E+00  0.0000E+00  0.0000E+00  0.0000E+00  0.0000E+00
 3.8718E+02  0.0000E+00  0.0000E+00  0.0000E+00  0.0000E+00  0.0000E+00
 3.9014E+02  0.0000E+00  0.0000E+00  0.0000E+00  0.0000E+00  0.0000E+00
 3.9313E+02  0.0000E+00  0.0000E+00  0.0000E+00  0.0000E+00  0.0000E+00
 3.9614E+02  0.0000E+00  0.0000E+00  0.0000E+00  0.0000E+00  0.0000E+00
 3.9917E+02  0.0000E+00  0.0000E+00  0.0000E+00  0.0000E+00  0.0000E+00
 4.0223E+02  0.0000E+00  0.0000E+00  0.0000E+00  0.0000E+00  0.0000E+00
 4.0531E+02  0.0000E+00  0.0000E+00  0.0000E+00  0.0000E+00  0.0000E+00
 4.0841E+02  0.0000E+00  0.0000E+00  0.0000E+00  0.0000E+00  0.0000E+00
 4.1154E+02  0.0000E+00  0.0000E+00  0.0000E+00  0.0000E+00  0.0000E+00
 4.1469E+02  0.0000E+00  0.0000E+00  0.0000E+00  0.0000E+00  0.0000E+00
 4.1787E+02  0.0000E+00  0.0000E+00  0.0000E+00  0.0000E+00  0.0000E+00
 4.2107E+02  0.0000E+00  0.0000E+00  0.0000E+00  0.0000E+00  0.0000E+00
 4.2429E+02  0.0000E+00  0.0000E+00  0.0000E+00  0.0000E+00  0.0000E+00
 4.2754E+02  0.0000E+00  0.0000E+00  0.0000E+00  0.0000E+00  0.0000E+00
 4.3082E+02  0.0000E+00  0.0000E+00  0.0000E+00  0.0000E+00  0.0000E+00
 4.3412E+02  0.0000E+00  0.0000E+00  0.0000E+00  0.0000E+00  0.0000E+00
 4.3744E+02  0.0000E+00  0.0000E+00  0.0000E+00  0.0000E+00  0.0000E+00
 4.4079E+02  0.0000E+00  0.0000E+00  0.0000E+00  0.0000E+00  0.0000E+00
 4.4417E+02  0.0000E+00  0.0000E+00  0.0000E+00  0.0000E+00  0.0000E+00
 4.4757E+02  0.0000E+00  0.0000E+00  0.0000E+00  0.0000E+00  0.0000E+00
 4.5100E+02  0.0000E+00  0.0000E+00  0.0000E+00  0.0000E+00  0.0000E+00
 4.5445E+02  0.0000E+00  0.0000E+00  0.0000E+00  0.0000E+00  0.0000E+00
 4.5793E+02  0.0000E+00  0.0000E+00  0.0000E+00  0.0000E+00  0.0000E+00
 4.6144E+02  0.0000E+00  0.0000E+00  0.0000E+00  0.0000E+00  0.0000E+00
 4.6497E+02  0.0000E+00  0.0000E+00  0.0000E+00  0.0000E+00  0.0000E+00
 4.6853E+02  0.0000E+00  0.0000E+00  0.0000E+00  0.0000E+00  0.0000E+00
 4.7212E+02  0.0000E+00  0.0000E+00  0.0000E+00  0.0000E+00  0.0000E+00
 4.7574E+02  0.0000E+00  0.0000E+00  0.0000E+00  0.0000E+00  0.0000E+00
 4.7938E+02  0.0000E+00  0.0000E+00  0.0000E+00  0.0000E+00  0.0000E+00
 4.8305E+02  0.0000E+00  0.0000E+00  0.0000E+00  0.0000E+00  0.0000E+00
 4.8675E+02  0.0000E+00  0.0000E+00  0.0000E+00  0.0000E+00  0.0000E+00
 4.9048E+02  0.0000E+00  0.0000E+00  0.0000E+00  0.0000E+00  0.0000E+00
 4.9424E+02  0.0000E+00  0.0000E+00  0.0000E+00  0.0000E+00  0.0000E+00
 4.9802E+02  0.0000E+00  0.0000E+00  0.0000E+00  0.0000E+00  0.0000E+00
 5.0183E+02  0.0000E+00  0.0000E+00  0.0000E+00  0.0000E+00  0.0000E+00
 5.0568E+02  0.0000E+00  0.0000E+00  0.0000E+00  0.0000E+00  0.0000E+00
 5.0955E+02  0.0000E+00  0.0000E+00  0.0000E+00  0.0000E+00  0.0000E+00
 5.1345E+02  0.0000E+00  0.0000E+00  0.0000E+00  0.0000E+00  0.0000E+00
 5.1738E+02  0.0000E+00  0.0000E+00  0.0000E+00  0.0000E+00  0.0000E+00
 5.2135E+02  0.0000E+00  0.0000E+00  0.0000E+00  0.0000E+00  0.0000E+00
 5.2534E+02  0.0000E+00  0.0000E+00  0.0000E+00  0.0000E+00  0.0000E+00
 5.2936E+02  0.0000E+00  0.0000E+00  0.0000E+00  0.0000E+00  0.0000E+00
 5.3342E+02  0.0000E+00  0.0000E+00  0.0000E+00  0.0000E+00  0.0000E+00
 5.3750E+02  0.0000E+00  0.0000E+00  0.0000E+00  0.0000E+00  0.0000E+00
 5.4162E+02  0.0000E+00  0.0000E+00  0.0000E+00  0.0000E+00  0.0000E+00
 5.4577E+02  0.0000E+00  0.0000E+00  0.0000E+00  0.0000E+00  0.0000E+00
 5.4995E+02  0.0000E+00  0.0000E+00  0.0000E+00  0.0000E+00  0.0000E+00
 5.5416E+02  0.0000E+00  0.0000E+00  0.0000E+00  0.0000E+00  0.0000E+00
 5.5840E+02  0.0000E+00  0.0000E+00  0.0000E+00  0.0000E+00  0.0000E+00
 5.6268E+02  0.0000E+00  0.0000E+00  0.0000E+00  0.0000E+00  0.0000E+00
 5.6699E+02  0.0000E+00  0.0000E+00  0.0000E+00  0.0000E+00  0.0000E+00
 5.7133E+02  0.0000E+00  0.0000E+00  0.0000E+00  0.0000E+00  0.0000E+00
 5.7571E+02  0.0000E+00  0.0000E+00  0.0000E+00  0.0000E+00  0.0000E+00
 5.8011E+02  0.0000E+00  0.0000E+00  0.0000E+00  0.0000E+00  0.0000E+00
 5.8456E+02  0.0000E+00  0.0000E+00  0.0000E+00  0.0000E+00  0.0000E+00
 5.8903E+02  0.0000E+00  0.0000E+00  0.0000E+00  0.0000E+00  0.0000E+00
 5.9354E+02  0.0000E+00  0.0000E+00  0.0000E+00  0.0000E+00  0.0000E+00
 5.9809E+02  0.0000E+00  0.0000E+00  0.0000E+00  0.0000E+00  0.0000E+00
 6.0267E+02  0.0000E+00  0.0000E+00  0.0000E+00  0.0000E+00  0.0000E+00
 6.0729E+02  0.0000E+00  0.0000E+00  0.0000E+00  0.0000E+00  0.0000E+00
 6.1194E+02  0.0000E+00  0.0000E+00  0.0000E+00  0.0000E+00  0.0000E+00
 6.1662E+02  0.0000E+00  0.0000E+00  0.0000E+00  0.0000E+00  0.0000E+00
 6.2135E+02  0.0000E+00  0.0000E+00  0.0000E+00  0.0000E+00  0.0000E+00
 6.2610E+02  0.0000E+00  0.0000E+00  0.0000E+00  0.0000E+00  0.0000E+00
 6.3090E+02  0.0000E+00  0.0000E+00  0.0000E+00  0.0000E+00  0.0000E+00
 6.3573E+02  0.0000E+00  0.0000E+00  0.0000E+00  0.0000E+00  0.0000E+00
 6.4060E+02  0.0000E+00  0.0000E+00  0.0000E+00  0.0000E+00  0.0000E+00
 6.4551E+02  0.0000E+00  0.0000E+00  0.0000E+00  0.0000E+00  0.0000E+00
 6.5045E+02  0.0000E+00  0.0000E+00  0.0000E+00  0.0000E+00  0.0000E+00
 6.5543E+02  0.0000E+00  0.0000E+00  0.0000E+00  0.0000E+00  0.0000E+00
 6.6045E+02  0.0000E+00  0.0000E+00  0.0000E+00  0.0000E+00  0.0000E+00
 6.6551E+02  0.0000E+00  0.0000E+00  0.0000E+00  0.0000E+00  0.0000E+00
 6.7060E+02  0.0000E+00  0.0000E+00  0.0000E+00  0.0000E+00  0.0000E+00
 6.7574E+02  0.0000E+00  0.0000E+00  0.0000E+00  0.0000E+00  0.0000E+00
 6.8092E+02  0.0000E+00  0.0000E+00  0.0000E+00  0.0000E+00  0.0000E+00
 6.8613E+02  0.0000E+00  0.0000E+00  0.0000E+00  0.0000E+00  0.0000E+00
 6.9138E+02  0.0000E+00  0.0000E+00  0.0000E+00  0.0000E+00  0.0000E+00
 6.9668E+02  0.0000E+00  0.0000E+00  0.0000E+00  0.0000E+00  0.0000E+00
 7.0201E+02  0.0000E+00  0.0000E+00  0.0000E+00  0.0000E+00  0.0000E+00
 7.0739E+02  0.0000E+00  0.0000E+00  0.0000E+00  0.0000E+00  0.0000E+00
 7.1281E+02  0.0000E+00  0.0000E+00  0.0000E+00  0.0000E+00  0.0000E+00
 7.1827E+02  0.0000E+00  0.0000E+00  0.0000E+00  0.0000E+00  0.0000E+00
 7.2377E+02  0.0000E+00  0.0000E+00  0.0000E+00  0.0000E+00  0.0000E+00
 7.2931E+02  0.0000E+00  0.0000E+00  0.0000E+00  0.0000E+00  0.0000E+00
 7.3490E+02  0.0000E+00  0.0000E+00  0.0000E+00  0.0000E+00  0.0000E+00
 7.4052E+02  0.0000E+00  0.0000E+00  0.0000E+00  0.0000E+00  0.0000E+00
 7.4620E+02  0.0000E+00  0.0000E+00  0.0000E+00  0.0000E+00  0.0000E+00
 7.5191E+02  0.0000E+00  0.0000E+00  0.0000E+00  0.0000E+00  0.0000E+00
 7.5767E+02  0.0000E+00  0.0000E+00  0.0000E+00  0.0000E+00  0.0000E+00
 7.6347E+02  0.0000E+00  0.0000E+00  0.0000E+00  0.0000E+00  0.0000E+00
 7.6932E+02  0.0000E+00  0.0000E+00  0.0000E+00  0.0000E+00  0.0000E+00
 7.7521E+02  0.0000E+00  0.0000E+00  0.0000E+00  0.0000E+00  0.0000E+00
 7.8115E+02  0.0000E+00  0.0000E+00  0.0000E+00  0.0000E+00  0.0000E+00
 7.8713E+02  0.0000E+00  0.0000E+00  0.0000E+00  0.0000E+00  0.0000E+00
 7.9316E+02  0.0000E+00  0.0000E+00  0.0000E+00  0.0000E+00  0.0000E+00
 7.9923E+02  0.0000E+00  0.0000E+00  0.0000E+00  0.0000E+00  0.0000E+00
 8.0535E+02  0.0000E+00  0.0000E+00  0.0000E+00  0.0000E+00  0.0000E+00
 8.1152E+02  0.0000E+00  0.0000E+00  0.0000E+00  0.0000E+00  0.0000E+00
 8.1774E+02  0.0000E+00  0.0000E+00  0.0000E+00  0.0000E+00  0.0000E+00
 8.2400E+02  0.0000E+00  0.0000E+00  0.0000E+00  0.0000E+00  0.0000E+00
 8.3031E+02  0.0000E+00  0.0000E+00  0.0000E+00  0.0000E+00  0.0000E+00
 8.3667E+02  0.0000E+00  0.0000E+00  0.0000E+00  0.0000E+00  0.0000E+00
 8.4307E+02  0.0000E+00  0.0000E+00  0.0000E+00  0.0000E+00  0.0000E+00
 8.4953E+02  0.0000E+00  0.0000E+00  0.0000E+00  0.0000E+00  0.0000E+00
 8.5604E+02  0.0000E+00  0.0000E+00  0.0000E+00  0.0000E+00  0.0000E+00
 8.6259E+02  0.0000E+00  0.0000E+00  0.0000E+00  0.0000E+00  0.0000E+00
 8.6920E+02  0.0000E+00  0.0000E+00  0.0000E+00  0.0000E+00  0.0000E+00
 8.7586E+02  0.0000E+00  0.0000E+00  0.0000E+00  0.0000E+00  0.0000E+00
 8.8256E+02  0.0000E+00  0.0000E+00  0.0000E+00  0.0000E+00  0.0000E+00
 8.8932E+02  0.0000E+00  0.0000E+00  0.0000E+00  0.0000E+00  0.0000E+00
 8.9613E+02  0.0000E+00  0.0000E+00  0.0000E+00  0.0000E+00  0.0000E+00
 9.0300E+02  0.0000E+00  0.0000E+00  0.0000E+00  0.0000E+00  0.0000E+00
 9.0991E+02  0.0000E+00  0.0000E+00  0.0000E+00  0.0000E+00  0.0000E+00
 9.1688E+02  0.0000E+00  0.0000E+00  0.0000E+00  0.0000E+00  0.0000E+00
 9.2390E+02  0.0000E+00  0.0000E+00  0.0000E+00  0.0000E+00  0.0000E+00
 9.3098E+02  0.0000E+00  0.0000E+00  0.0000E+00  0.0000E+00  0.0000E+00
 9.3811E+02  0.0000E+00  0.0000E+00  0.0000E+00  0.0000E+00  0.0000E+00
 9.4529E+02  0.0000E+00  0.0000E+00  0.0000E+00  0.0000E+00  0.0000E+00
 9.5253E+02  0.0000E+00  0.0000E+00  0.0000E+00  0.0000E+00  0.0000E+00
 9.5983E+02  0.0000E+00  0.0000E+00  0.0000E+00  0.0000E+00  0.0000E+00
 9.6718E+02  0.0000E+00  0.0000E+00  0.0000E+00  0.0000E+00  0.0000E+00
 9.7458E+02  0.0000E+00  0.0000E+00  0.0000E+00  0.0000E+00  0.0000E+00
 9.8205E+02  0.0000E+00  0.0000E+00  0.0000E+00  0.0000E+00  0.0000E+00
 9.8957E+02  0.0000E+00  0.0000E+00  0.0000E+00  0.0000E+00  0.0000E+00
 9.9715E+02  0.0000E+00  0.0000E+00  0.0000E+00  0.0000E+00  0.0000E+00
 1.0048E+03  0.0000E+00  0.0000E+00  0.0000E+00  0.0000E+00  0.0000E+00
 1.0125E+03  0.0000E+00  0.0000E+00  0.0000E+00  0.0000E+00  0.0000E+00
 1.0202E+03  0.0000E+00  0.0000E+00  0.0000E+00  0.0000E+00  0.0000E+00
 1.0280E+03  0.0000E+00  0.0000E+00  0.0000E+00  0.0000E+00  0.0000E+00
 1.0359E+03  0.0000E+00  0.0000E+00  0.0000E+00  0.0000E+00  0.0000E+00
 1.0439E+03  0.0000E+00  0.0000E+00  0.0000E+00  0.0000E+00  0.0000E+00
 1.0518E+03  0.0000E+00  0.0000E+00  0.0000E+00  0.0000E+00  0.0000E+00
 1.0599E+03  0.0000E+00  0.0000E+00  0.0000E+00  0.0000E+00  0.0000E+00
 1.0680E+03  0.0000E+00  0.0000E+00  0.0000E+00  0.0000E+00  0.0000E+00
 1.0762E+03  0.0000E+00  0.0000E+00  0.0000E+00  0.0000E+00  0.0000E+00
 1.0844E+03  0.0000E+00  0.0000E+00  0.0000E+00  0.0000E+00  0.0000E+00
 1.0927E+03  0.0000E+00  0.0000E+00  0.0000E+00  0.0000E+00  0.0000E+00
 1.1011E+03  0.0000E+00  0.0000E+00  0.0000E+00  0.0000E+00  0.0000E+00
 1.1095E+03  0.0000E+00  0.0000E+00  0.0000E+00  0.0000E+00  0.0000E+00
 1.1180E+03  0.0000E+00  0.0000E+00  0.0000E+00  0.0000E+00  0.0000E+00
 1.1266E+03  0.0000E+00  0.0000E+00  0.0000E+00  0.0000E+00  0.0000E+00
 1.1352E+03  0.0000E+00  0.0000E+00  0.0000E+00  0.0000E+00  0.0000E+00
 1.1439E+03  0.0000E+00  0.0000E+00  0.0000E+00  0.0000E+00  0.0000E+00
 1.1527E+03  0.0000E+00  0.0000E+00  0.0000E+00  0.0000E+00  0.0000E+00
 1.1615E+03  0.0000E+00  0.0000E+00  0.0000E+00  0.0000E+00  0.0000E+00
 1.1704E+03  0.0000E+00  0.0000E+00  0.0000E+00  0.0000E+00  0.0000E+00
 1.1794E+03  0.0000E+00  0.0000E+00  0.0000E+00  0.0000E+00  0.0000E+00
 1.1884E+03  0.0000E+00  0.0000E+00  0.0000E+00  0.0000E+00  0.0000E+00
 1.1975E+03  0.0000E+00  0.0000E+00  0.0000E+00  0.0000E+00  0.0000E+00
 1.2067E+03  0.0000E+00  0.0000E+00  0.0000E+00  0.0000E+00  0.0000E+00
 1.2159E+03  0.0000E+00  0.0000E+00  0.0000E+00  0.0000E+00  0.0000E+00
 1.2252E+03  0.0000E+00  0.0000E+00  0.0000E+00  0.0000E+00  0.0000E+00
 1.2346E+03  0.0000E+00  0.0000E+00  0.0000E+00  0.0000E+00  0.0000E+00
 1.2441E+03  0.0000E+00  0.0000E+00  0.0000E+00  0.0000E+00  0.0000E+00
 1.2536E+03  0.0000E+00  0.0000E+00  0.0000E+00  0.0000E+00  0.0000E+00
 1.2632E+03  0.0000E+00  0.0000E+00  0.0000E+00  0.0000E+00  0.0000E+00
 1.2729E+03  0.0000E+00  0.0000E+00  0.0000E+00  0.0000E+00  0.0000E+00
 1.2826E+03  0.0000E+00  0.0000E+00  0.0000E+00  0.0000E+00  0.0000E+00
 1.2924E+03  0.0000E+00  0.0000E+00  0.0000E+00  0.0000E+00  0.0000E+00
 1.3023E+03  0.0000E+00  0.0000E+00  0.0000E+00  0.0000E+00  0.0000E+00
 1.3123E+03  0.0000E+00  0.0000E+00  0.0000E+00  0.0000E+00  0.0000E+00
 1.3224E+03  0.0000E+00  0.0000E+00  0.0000E+00  0.0000E+00  0.0000E+00
 1.3325E+03  0.0000E+00  0.0000E+00  0.0000E+00  0.0000E+00  0.0000E+00
 1.3427E+03  0.0000E+00  0.0000E+00  0.0000E+00  0.0000E+00  0.0000E+00
 1.3530E+03  0.0000E+00  0.0000E+00  0.0000E+00  0.0000E+00  0.0000E+00
 1.3633E+03  0.0000E+00  0.0000E+00  0.0000E+00  0.0000E+00  0.0000E+00
 1.3738E+03  0.0000E+00  0.0000E+00  0.0000E+00  0.0000E+00  0.0000E+00
 1.3843E+03  0.0000E+00  0.0000E+00  0.0000E+00  0.0000E+00  0.0000E+00
 1.3949E+03  0.0000E+00  0.0000E+00  0.0000E+00  0.0000E+00  0.0000E+00
 1.4056E+03  0.0000E+00  0.0000E+00  0.0000E+00  0.0000E+00  0.0000E+00
 1.4164E+03  0.0000E+00  0.0000E+00  0.0000E+00  0.0000E+00  0.0000E+00
 1.4272E+03  0.0000E+00  0.0000E+00  0.0000E+00  0.0000E+00  0.0000E+00
 1.4381E+03  0.0000E+00  0.0000E+00  0.0000E+00  0.0000E+00  0.0000E+00
 1.4491E+03  0.0000E+00  0.0000E+00  0.0000E+00  0.0000E+00  0.0000E+00
 1.4602E+03  0.0000E+00  0.0000E+00  0.0000E+00  0.0000E+00  0.0000E+00
 1.4714E+03  0.0000E+00  0.0000E+00  0.0000E+00  0.0000E+00  0.0000E+00
 1.4827E+03  0.0000E+00  0.0000E+00  0.0000E+00  0.0000E+00  0.0000E+00
 1.4940E+03  0.0000E+00  0.0000E+00  0.0000E+00  0.0000E+00  0.0000E+00
 1.5055E+03  0.0000E+00  0.0000E+00  0.0000E+00  0.0000E+00  0.0000E+00
 1.5170E+03  0.0000E+00  0.0000E+00  0.0000E+00  0.0000E+00  0.0000E+00
 1.5286E+03  0.0000E+00  0.0000E+00  0.0000E+00  0.0000E+00  0.0000E+00
 1.5403E+03  0.0000E+00  0.0000E+00  0.0000E+00  0.0000E+00  0.0000E+00
 1.5521E+03  0.0000E+00  0.0000E+00  0.0000E+00  0.0000E+00  0.0000E+00
 1.5640E+03  0.0000E+00  0.0000E+00  0.0000E+00  0.0000E+00  0.0000E+00
 1.5760E+03  0.0000E+00  0.0000E+00  0.0000E+00  0.0000E+00  0.0000E+00
 1.5881E+03  0.0000E+00  0.0000E+00  0.0000E+00  0.0000E+00  0.0000E+00
 1.6002E+03  0.0000E+00  0.0000E+00  0.0000E+00  0.0000E+00  0.0000E+00
 1.6125E+03  0.0000E+00  0.0000E+00  0.0000E+00  0.0000E+00  0.0000E+00
 1.6248E+03  0.0000E+00  0.0000E+00  0.0000E+00  0.0000E+00  0.0000E+00
 1.6373E+03  0.0000E+00  0.0000E+00  0.0000E+00  0.0000E+00  0.0000E+00
 1.6498E+03  0.0000E+00  0.0000E+00  0.0000E+00  0.0000E+00  0.0000E+00
 1.6625E+03  0.0000E+00  0.0000E+00  0.0000E+00  0.0000E+00  0.0000E+00
 1.6752E+03  0.0000E+00  0.0000E+00  0.0000E+00  0.0000E+00  0.0000E+00
 1.6880E+03  0.0000E+00  0.0000E+00  0.0000E+00  0.0000E+00  0.0000E+00
 1.7009E+03  0.0000E+00  0.0000E+00  0.0000E+00  0.0000E+00  0.0000E+00
 1.7140E+03  0.0000E+00  0.0000E+00  0.0000E+00  0.0000E+00  0.0000E+00
 1.7271E+03  0.0000E+00  0.0000E+00  0.0000E+00  0.0000E+00  0.0000E+00
 1.7403E+03  0.0000E+00  0.0000E+00  0.0000E+00  0.0000E+00  0.0000E+00
 1.7537E+03  0.0000E+00  0.0000E+00  0.0000E+00  0.0000E+00  0.0000E+00
 1.7671E+03  0.0000E+00  0.0000E+00  0.0000E+00  0.0000E+00  0.0000E+00
 1.7806E+03  0.0000E+00  0.0000E+00  0.0000E+00  0.0000E+00  0.0000E+00
 1.7943E+03  0.0000E+00  0.0000E+00  0.0000E+00  0.0000E+00  0.0000E+00
 1.8080E+03  0.0000E+00  0.0000E+00  0.0000E+00  0.0000E+00  0.0000E+00
 1.8218E+03  0.0000E+00  0.0000E+00  0.0000E+00  0.0000E+00  0.0000E+00
 1.8358E+03  0.0000E+00  0.0000E+00  0.0000E+00  0.0000E+00  0.0000E+00
 1.8499E+03  0.0000E+00  0.0000E+00  0.0000E+00  0.0000E+00  0.0000E+00
 1.8640E+03  0.0000E+00  0.0000E+00  0.0000E+00  0.0000E+00  0.0000E+00
 1.8783E+03  0.0000E+00  0.0000E+00  0.0000E+00  0.0000E+00  0.0000E+00
 1.8927E+03  0.0000E+00  0.0000E+00  0.0000E+00  0.0000E+00  0.0000E+00
 1.9072E+03  0.0000E+00  0.0000E+00  0.0000E+00  0.0000E+00  0.0000E+00
 1.9218E+03  0.0000E+00  0.0000E+00  0.0000E+00  0.0000E+00  0.0000E+00
 1.9365E+03  0.0000E+00  0.0000E+00  0.0000E+00  0.0000E+00  0.0000E+00
 1.9513E+03  0.0000E+00  0.0000E+00  0.0000E+00  0.0000E+00  0.0000E+00
 1.9663E+03  0.0000E+00  0.0000E+00  0.0000E+00  0.0000E+00  0.0000E+00
 1.9813E+03  0.0000E+00  0.0000E+00  0.0000E+00  0.0000E+00  0.0000E+00
 1.9965E+03  0.0000E+00  0.0000E+00  0.0000E+00  0.0000E+00  0.0000E+00
 2.0118E+03  0.0000E+00  0.0000E+00  0.0000E+00  0.0000E+00  0.0000E+00
 2.0272E+03  0.0000E+00  0.0000E+00  0.0000E+00  0.0000E+00  0.0000E+00
 2.0427E+03  0.0000E+00  0.0000E+00  0.0000E+00  0.0000E+00  0.0000E+00
 2.0584E+03  0.0000E+00  0.0000E+00  0.0000E+00  0.0000E+00  0.0000E+00
 2.0741E+03  0.0000E+00  0.0000E+00  0.0000E+00  0.0000E+00  0.0000E+00
 2.0900E+03  0.0000E+00  0.0000E+00  0.0000E+00  0.0000E+00  0.0000E+00
 2.1060E+03  0.0000E+00  0.0000E+00  0.0000E+00  0.0000E+00  0.0000E+00
 2.1222E+03  0.0000E+00  0.0000E+00  0.0000E+00  0.0000E+00  0.0000E+00
 2.1384E+03  0.0000E+00  0.0000E+00  0.0000E+00  0.0000E+00  0.0000E+00
 2.1548E+03  0.0000E+00  0.0000E+00  0.0000E+00  0.0000E+00  0.0000E+00
 2.1713E+03  0.0000E+00  0.0000E+00  0.0000E+00  0.0000E+00  0.0000E+00
 2.1879E+03  0.0000E+00  0.0000E+00  0.0000E+00  0.0000E+00  0.0000E+00
 2.2047E+03  0.0000E+00  0.0000E+00  0.0000E+00  0.0000E+00  0.0000E+00
 2.2216E+03  0.0000E+00  0.0000E+00  0.0000E+00  0.0000E+00  0.0000E+00
 2.2386E+03  0.0000E+00  0.0000E+00  0.0000E+00  0.0000E+00  0.0000E+00
 2.2557E+03  0.0000E+00  0.0000E+00  0.0000E+00  0.0000E+00  0.0000E+00
 2.2730E+03  0.0000E+00  0.0000E+00  0.0000E+00  0.0000E+00  0.0000E+00
 2.2904E+03  0.0000E+00  0.0000E+00  0.0000E+00  0.0000E+00  0.0000E+00
 2.3079E+03  0.0000E+00  0.0000E+00  0.0000E+00  0.0000E+00  0.0000E+00
 2.3256E+03  0.0000E+00  0.0000E+00  0.0000E+00  0.0000E+00  0.0000E+00
 2.3434E+03  0.0000E+00  0.0000E+00  0.0000E+00  0.0000E+00  0.0000E+00
 2.3614E+03  0.0000E+00  0.0000E+00  0.0000E+00  0.0000E+00  0.0000E+00
 2.3794E+03  0.0000E+00  0.0000E+00  0.0000E+00  0.0000E+00  0.0000E+00
 2.3977E+03  0.0000E+00  0.0000E+00  0.0000E+00  0.0000E+00  0.0000E+00
 2.4160E+03  0.0000E+00  0.0000E+00  0.0000E+00  0.0000E+00  0.0000E+00
 2.4345E+03  0.0000E+00  0.0000E+00  0.0000E+00  0.0000E+00  0.0000E+00
 2.4532E+03  0.0000E+00  0.0000E+00  0.0000E+00  0.0000E+00  0.0000E+00
 2.4720E+03  0.0000E+00  0.0000E+00  0.0000E+00  0.0000E+00  0.0000E+00
 2.4909E+03  0.0000E+00  0.0000E+00  0.0000E+00  0.0000E+00  0.0000E+00
 2.5100E+03  0.0000E+00  0.0000E+00  0.0000E+00  0.0000E+00  0.0000E+00
 2.5292E+03  0.0000E+00  0.0000E+00  0.0000E+00  0.0000E+00  0.0000E+00
 2.5486E+03  0.0000E+00  0.0000E+00  0.0000E+00  0.0000E+00  0.0000E+00
 2.5681E+03  0.0000E+00  0.0000E+00  0.0000E+00  0.0000E+00  0.0000E+00
 2.5878E+03  0.0000E+00  0.0000E+00  0.0000E+00  0.0000E+00  0.0000E+00
 2.6076E+03  0.0000E+00  0.0000E+00  0.0000E+00  0.0000E+00  0.0000E+00
 2.6275E+03  0.0000E+00  0.0000E+00  0.0000E+00  0.0000E+00  0.0000E+00
 2.6477E+03  0.0000E+00  0.0000E+00  0.0000E+00  0.0000E+00  0.0000E+00
 2.6679E+03  0.0000E+00  0.0000E+00  0.0000E+00  0.0000E+00  0.0000E+00
 2.6884E+03  0.0000E+00  0.0000E+00  0.0000E+00  0.0000E+00  0.0000E+00
 2.7090E+03  0.0000E+00  0.0000E+00  0.0000E+00  0.0000E+00  0.0000E+00
 2.7297E+03  0.0000E+00  0.0000E+00  0.0000E+00  0.0000E+00  0.0000E+00
 2.7506E+03  0.0000E+00  0.0000E+00  0.0000E+00  0.0000E+00  0.0000E+00
 2.7717E+03  0.0000E+00  0.0000E+00  0.0000E+00  0.0000E+00  0.0000E+00
 2.7929E+03  1.0850E-04  2.3187E-03 -1.7067E-04 -7.3143E-03  1.0000E+00
 2.8143E+03  1.0902E-04  2.3119E-03 -1.6831E-04 -7.1585E-03  1.0000E+00
 2.8358E+03  1.0953E-04  2.3050E-03 -1.6596E-04 -7.0046E-03  1.0000E+00
 2.8576E+03  1.1004E-04  2.2982E-03 -1.6360E-04 -6.8526E-03  1.0000E+00
 2.8794E+03  1.1055E-04  2.2913E-03 -1.6124E-04 -6.7025E-03  1.0000E+00
 2.9015E+03  1.1107E-04  2.2845E-03 -1.5888E-04 -6.5543E-03  1.0000E+00
 2.9237E+03  1.1160E-04  2.2779E-03 -1.5652E-04 -6.4079E-03  1.0000E+00
 2.9461E+03  1.1214E-04  2.2714E-03 -1.5417E-04 -6.2634E-03  1.0000E+00
 2.9687E+03  1.1268E-04  2.2650E-03 -1.5181E-04 -6.1207E-03  1.0000E+00
 2.9914E+03  1.1323E-04  2.2587E-03 -1.4945E-04 -5.9798E-03  1.0000E+00
 3.0143E+03  1.1379E-04  2.2526E-03 -1.4709E-04 -5.8407E-03  1.0000E+00
 3.0374E+03  1.1436E-04  2.2466E-03 -1.4473E-04 -5.7033E-03  1.0000E+00
 3.0607E+03  1.1494E-04  2.2407E-03 -1.4237E-04 -5.5677E-03  1.0000E+00
 3.0841E+03  1.1552E-04  2.2349E-03 -1.4001E-04 -5.4338E-03  1.0000E+00
 3.1077E+03  1.1611E-04  2.2293E-03 -1.3765E-04 -5.3017E-03  1.0000E+00
 3.1315E+03  1.1672E-04  2.2238E-03 -1.3529E-04 -5.1712E-03  1.0000E+00
 3.1555E+03  1.1733E-04  2.2184E-03 -1.3293E-04 -5.0424E-03  1.0000E+00
 3.1797E+03  1.1795E-04  2.2131E-03 -1.3057E-04 -4.9152E-03  1.0000E+00
 3.2040E+03  1.1857E-04  2.2079E-03 -1.2821E-04 -4.7897E-03  1.0000E+00
 3.2286E+03  1.1921E-04  2.2028E-03 -1.2585E-04 -4.6657E-03  1.0000E+00
 3.2533E+03  1.1985E-04  2.1978E-03 -1.2349E-04 -4.5434E-03  1.0000E+00
 3.2782E+03  1.2051E-04  2.1930E-03 -1.2113E-04 -4.4227E-03  1.0000E+00
 3.3033E+03  1.2117E-04  2.1882E-03 -1.1877E-04 -4.3035E-03  1.0000E+00
 3.3286E+03  1.2184E-04  2.1835E-03 -1.1641E-04 -4.1859E-03  1.0000E+00
 3.3541E+03  1.2252E-04  2.1790E-03 -1.1405E-04 -4.0698E-03  1.0000E+00
 3.3798E+03  1.2321E-04  2.1745E-03 -1.1168E-04 -3.9553E-03  1.0000E+00
 3.4057E+03  1.2391E-04  2.1701E-03 -1.0932E-04 -3.8422E-03  1.0000E+00
 3.4317E+03  1.2461E-04  2.1659E-03 -1.0696E-04 -3.7306E-03  1.0000E+00
 3.4580E+03  1.2533E-04  2.1617E-03 -1.0460E-04 -3.6205E-03  1.0000E+00
 3.4845E+03  1.2605E-04  2.1576E-03 -1.0223E-04 -3.5118E-03  1.0000E+00
 3.5112E+03  1.2678E-04  2.1536E-03 -9.9872E-05 -3.4046E-03  1.0000E+00
 3.5381E+03  1.2752E-04  2.1496E-03 -9.7509E-05 -3.2987E-03  1.0000E+00
 3.5652E+03  1.2827E-04  2.1458E-03 -9.5145E-05 -3.1943E-03  1.0000E+00
 3.5925E+03  1.2903E-04  2.1420E-03 -9.2782E-05 -3.0913E-03  1.0000E+00
 3.6200E+03  1.2980E-04  2.1384E-03 -9.0418E-05 -2.9896E-03  1.0000E+00
 3.6477E+03  1.3058E-04  2.1348E-03 -8.8054E-05 -2.8893E-03  1.0000E+00
 3.6757E+03  1.3137E-04  2.1313E-03 -8.5690E-05 -2.7904E-03  1.0000E+00
 3.7038E+03  1.3216E-04  2.1278E-03 -8.3325E-05 -2.6928E-03  1.0000E+00
 3.7322E+03  1.3297E-04  2.1245E-03 -8.0960E-05 -2.5965E-03  1.0000E+00
 3.7608E+03  1.3379E-04  2.1212E-03 -7.8595E-05 -2.5015E-03  1.0000E+00
 3.7896E+03  1.3461E-04  2.1180E-03 -7.6230E-05 -2.4077E-03  1.0000E+00
 3.8186E+03  1.3544E-04  2.1149E-03 -7.3864E-05 -2.3153E-03  1.0000E+00
 3.8478E+03  1.3629E-04  2.1118E-03 -7.1498E-05 -2.2241E-03  1.0000E+00
 3.8773E+03  1.3714E-04  2.1088E-03 -6.9132E-05 -2.1341E-03  1.0000E+00
 3.9070E+03  1.3800E-04  2.1059E-03 -6.6765E-05 -2.0454E-03  1.0000E+00
 3.9369E+03  1.3887E-04  2.1030E-03 -6.4399E-05 -1.9579E-03  1.0000E+00
 3.9671E+03  1.3976E-04  2.1002E-03 -6.2031E-05 -1.8716E-03  1.0000E+00
 3.9974E+03  1.4065E-04  2.0975E-03 -5.9664E-05 -1.7865E-03  1.0000E+00
 4.0281E+03  1.4155E-04  2.0948E-03 -5.7296E-05 -1.7026E-03  1.0000E+00
 4.0589E+03  1.4246E-04  2.0922E-03 -5.4928E-05 -1.6198E-03  1.0000E+00
 4.0900E+03  1.4338E-04  2.0897E-03 -5.2560E-05 -1.5382E-03  1.0000E+00
 4.1213E+03  1.4431E-04  2.0872E-03 -5.0191E-05 -1.4577E-03  1.0000E+00
 4.1529E+03  1.4525E-04  2.0848E-03 -4.7822E-05 -1.3783E-03  1.0000E+00
 4.1847E+03  1.4620E-04  2.0824E-03 -4.5453E-05 -1.3001E-03  1.0000E+00
 4.2167E+03  1.4716E-04  2.0801E-03 -4.3083E-05 -1.2229E-03  1.0000E+00
 4.2490E+03  1.4814E-04  2.0778E-03 -4.0713E-05 -1.1469E-03  1.0000E+00
 4.2816E+03  1.4912E-04  2.0756E-03 -3.8343E-05 -1.0719E-03  1.0000E+00
 4.3143E+03  1.5011E-04  2.0735E-03 -3.5972E-05 -9.9799E-04  1.0000E+00
 4.3474E+03  1.5111E-04  2.0714E-03 -3.3601E-05 -9.2513E-04  1.0000E+00
 4.3807E+03  1.5212E-04  2.0694E-03 -3.1230E-05 -8.5330E-04  1.0000E+00
 4.4142E+03  1.5315E-04  2.0674E-03 -2.8858E-05 -7.8251E-04  1.0000E+00
 4.4480E+03  1.5418E-04  2.0654E-03 -2.6486E-05 -7.1273E-04  1.0000E+00
 4.4821E+03  1.5522E-04  2.0636E-03 -2.4114E-05 -6.4395E-04  1.0000E+00
 4.5164E+03  1.5628E-04  2.0617E-03 -2.1741E-05 -5.7617E-04  1.0000E+00
 4.5510E+03  1.5734E-04  2.0599E-03 -1.9367E-05 -5.0937E-04  1.0000E+00
 4.5859E+03  1.5842E-04  2.0582E-03 -1.6994E-05 -4.4355E-04  1.0000E+00
 4.6210E+03  1.5950E-04  2.0565E-03 -1.4620E-05 -3.7868E-04  1.0000E+00
 4.6564E+03  1.6060E-04  2.0548E-03 -1.2245E-05 -3.1477E-04  1.0000E+00
 4.6920E+03  1.6171E-04  2.0532E-03 -9.8704E-06 -2.5180E-04  1.0000E+00
 4.7280E+03  1.6283E-04  2.0516E-03 -7.4952E-06 -1.8975E-04  1.0000E+00
 4.7642E+03  1.6396E-04  2.0501E-03 -5.1195E-06 -1.2862E-04  1.0000E+00
 4.8007E+03  1.6510E-04  2.0486E-03 -2.7434E-06 -6.8400E-05  1.0000E+00
 4.8374E+03  1.6625E-04  2.0471E-03 -3.6680E-07 -9.0759E-06  1.0000E+00
 4.8745E+03  1.6742E-04  2.0457E-03  2.0102E-06  4.9361E-05  1.0000E+00
 4.9118E+03  1.6859E-04  2.0444E-03  4.3876E-06  1.0692E-04  1.0000E+00
 4.9494E+03  1.6978E-04  2.0430E-03  6.7655E-06  1.6361E-04  1.0000E+00
 4.9873E+03  1.7098E-04  2.0417E-03  9.1438E-06  2.1945E-04  1.0000E+00
 5.0255E+03  1.7218E-04  2.0405E-03  1.1523E-05  2.7444E-04  1.0000E+00
 5.0640E+03  1.7340E-04  2.0392E-03  1.3902E-05  3.2859E-04  1.0000E+00
 5.1028E+03  1.7463E-04  2.0380E-03  1.6282E-05  3.8191E-04  1.0000E+00
 5.1419E+03  1.7587E-04  2.0368E-03  1.8662E-05  4.3442E-04  1.0000E+00
 5.1812E+03  1.7712E-04  2.0355E-03  2.1043E-05  4.8611E-04  1.0000E+00
 5.2209E+03  1.7838E-04  2.0343E-03  2.3424E-05  5.3701E-04  1.0000E+00
 5.2609E+03  1.7964E-04  2.0331E-03  2.5805E-05  5.8712E-04  1.0000E+00
 5.3012E+03  1.8092E-04  2.0319E-03  2.8188E-05  6.3644E-04  1.0000E+00
 5.3418E+03  1.8220E-04  2.0307E-03  3.0570E-05  6.8499E-04  1.0000E+00
 5.3827E+03  1.8349E-04  2.0294E-03  3.2954E-05  7.3278E-04  1.0000E+00
 5.4239E+03  1.8479E-04  2.0282E-03  3.5337E-05  7.7982E-04  1.0000E+00
 5.4655E+03  1.8610E-04  2.0270E-03  3.7722E-05  8.2611E-04  1.0000E+00
 5.5073E+03  1.8743E-04  2.0258E-03  4.0107E-05  8.7166E-04  1.0000E+00
 5.5495E+03  1.8875E-04  2.0246E-03  4.2492E-05  9.1649E-04  1.0000E+00
 5.5920E+03  1.9009E-04  2.0234E-03  4.4878E-05  9.6059E-04  1.0000E+00
 5.6348E+03  1.9144E-04  2.0221E-03  4.7264E-05  1.0040E-03  1.0000E+00
 5.6780E+03  1.9280E-04  2.0209E-03  4.9652E-05  1.0467E-03  1.0000E+00
 5.7215E+03  1.9416E-04  2.0197E-03  5.2039E-05  1.0887E-03  1.0000E+00
 5.7653E+03  1.9554E-04  2.0184E-03  5.4428E-05  1.1300E-03  1.0000E+00
 5.8094E+03  1.9692E-04  2.0172E-03  5.6816E-05  1.1706E-03  1.0000E+00
 5.8539E+03  1.9832E-04  2.0159E-03  5.9206E-05  1.2106E-03  1.0000E+00
 5.8988E+03  1.9972E-04  2.0147E-03  6.1596E-05  1.2499E-03  1.0000E+00
 5.9439E+03  2.0113E-04  2.0134E-03  6.3987E-05  1.2885E-03  1.0000E+00
 5.9895E+03  2.0255E-04  2.0121E-03  6.6378E-05  1.3265E-03  1.0000E+00
 6.0353E+03  2.0398E-04  2.0108E-03  6.8770E-05  1.3639E-03  1.0000E+00
 6.0815E+03  2.0542E-04  2.0095E-03  7.1162E-05  1.4006E-03  1.0000E+00
 6.1281E+03  2.0687E-04  2.0082E-03  7.3556E-05  1.4367E-03  1.0000E+00
 6.1751E+03  2.0833E-04  2.0069E-03  7.5950E-05  1.4722E-03  1.0000E+00
 6.2223E+03  2.0979E-04  2.0056E-03  7.8344E-05  1.5070E-03  1.0000E+00
 6.2700E+03  2.1127E-04  2.0042E-03  8.0739E-05  1.5413E-03  1.0000E+00
 6.3180E+03  2.1275E-04  2.0029E-03  8.3135E-05  1.5750E-03  1.0000E+00
 6.3664E+03  2.1424E-04  2.0015E-03  8.5532E-05  1.6081E-03  1.0000E+00
 6.4152E+03  2.1575E-04  2.0001E-03  8.7929E-05  1.6406E-03  1.0000E+00
 6.4643E+03  2.1726E-04  1.9988E-03  9.0327E-05  1.6725E-03  1.0000E+00
 6.5138E+03  2.1878E-04  1.9973E-03  9.2726E-05  1.7039E-03  1.0000E+00
 6.5637E+03  2.2031E-04  1.9959E-03  9.5126E-05  1.7347E-03  1.0000E+00
 6.6139E+03  2.2184E-04  1.9945E-03  9.7526E-05  1.7650E-03  1.0000E+00
 6.6646E+03  2.2339E-04  1.9930E-03  9.9927E-05  1.7947E-03  1.0000E+00
 6.7156E+03  2.2495E-04  1.9916E-03  1.0233E-04  1.8238E-03  1.0000E+00
 6.7671E+03  2.2651E-04  1.9901E-03  1.0473E-04  1.8525E-03  1.0000E+00
 6.8189E+03  2.2808E-04  1.9886E-03  1.0713E-04  1.8806E-03  1.0000E+00
 6.8711E+03  2.2967E-04  1.9870E-03  1.0954E-04  1.9082E-03  1.0000E+00
 6.9237E+03  2.3126E-04  1.9855E-03  1.1194E-04  1.9352E-03  1.0000E+00
 6.9768E+03  2.3286E-04  1.9839E-03  1.1435E-04  1.9618E-03  1.0000E+00
 7.0302E+03  2.3446E-04  1.9823E-03  1.1676E-04  1.9879E-03  1.0000E+00
 7.0840E+03  2.3608E-04  1.9807E-03  1.1916E-04  2.0134E-03  1.0000E+00
 7.1383E+03  2.3771E-04  1.9791E-03  1.2157E-04  2.0385E-03  1.0000E+00
 7.1929E+03  2.3934E-04  1.9774E-03  1.2398E-04  2.0631E-03  1.0000E+00
 7.2480E+03  2.4098E-04  1.9758E-03  1.2639E-04  2.0872E-03  1.0000E+00
 7.3035E+03  2.4263E-04  1.9741E-03  1.2880E-04  2.1109E-03  1.0000E+00
 7.3595E+03  2.4429E-04  1.9723E-03  1.3121E-04  2.1340E-03  1.0000E+00
 7.4158E+03  2.4596E-04  1.9706E-03  1.3363E-04  2.1568E-03  1.0000E+00
 7.4726E+03  2.4763E-04  1.9688E-03  1.3604E-04  2.1790E-03  1.0000E+00
 7.5299E+03  2.4931E-04  1.9670E-03  1.3845E-04  2.2008E-03  1.0000E+00
 7.5875E+03  2.5100E-04  1.9652E-03  1.4087E-04  2.2222E-03  1.0000E+00
 7.6456E+03  2.5270E-04  1.9634E-03  1.4328E-04  2.2432E-03  1.0000E+00
 7.7042E+03  2.5441E-04  1.9615E-03  1.4570E-04  2.2637E-03  1.0000E+00
 7.7632E+03  2.5613E-04  1.9596E-03  1.4812E-04  2.2837E-03  1.0000E+00
 7.8226E+03  2.5785E-04  1.9577E-03  1.5054E-04  2.3034E-03  1.0000E+00
 7.8825E+03  2.5958E-04  1.9557E-03  1.5296E-04  2.3226E-03  1.0000E+00
 7.9429E+03  2.6132E-04  1.9538E-03  1.5538E-04  2.3415E-03  1.0000E+00
 8.0037E+03  2.6306E-04  1.9518E-03  1.5780E-04  2.3599E-03  1.0000E+00
 8.0650E+03  2.6482E-04  1.9497E-03  1.6023E-04  2.3779E-03  1.0000E+00
 8.1268E+03  2.6658E-04  1.9476E-03  1.6265E-04  2.3956E-03  1.0000E+00
 8.1890E+03  2.6835E-04  1.9456E-03  1.6508E-04  2.4128E-03  1.0000E+00
 8.2518E+03  2.7012E-04  1.9434E-03  1.6750E-04  2.4297E-03  1.0000E+00
 8.3150E+03  2.7191E-04  1.9413E-03  1.6993E-04  2.4461E-03  1.0000E+00
 8.3786E+03  2.7370E-04  1.9391E-03  1.7236E-04  2.4622E-03  1.0000E+00
 8.4428E+03  2.7549E-04  1.9369E-03  1.7479E-04  2.4780E-03  1.0000E+00
 8.5075E+03  2.7730E-04  1.9346E-03  1.7722E-04  2.4933E-03  1.0000E+00
 8.5726E+03  2.7910E-04  1.9323E-03  1.7965E-04  2.5083E-03  1.0000E+00
 8.6383E+03  2.8091E-04  1.9299E-03  1.8208E-04  2.5230E-03  1.0000E+00
 8.7044E+03  2.8273E-04  1.9275E-03  1.8452E-04  2.5373E-03  1.0000E+00
 8.7711E+03  2.8455E-04  1.9250E-03  1.8695E-04  2.5512E-03  1.0000E+00
 8.8383E+03  2.8638E-04  1.9225E-03  1.8939E-04  2.5648E-03  1.0000E+00
 8.9059E+03  2.8821E-04  1.9200E-03  1.9183E-04  2.5781E-03  1.0000E+00
 8.9741E+03  2.9004E-04  1.9174E-03  1.9426E-04  2.5910E-03  1.0000E+00
 9.0429E+03  2.9188E-04  1.9148E-03  1.9670E-04  2.6036E-03  1.0000E+00
 9.1121E+03  2.9373E-04  1.9121E-03  1.9915E-04  2.6159E-03  1.0000E+00
 9.1819E+03  2.9558E-04  1.9094E-03  2.0159E-04  2.6279E-03  1.0000E+00
 9.2522E+03  2.9743E-04  1.9066E-03  2.0403E-04  2.6395E-03  1.0000E+00
 9.3231E+03  2.9929E-04  1.9038E-03  2.0648E-04  2.6509E-03  1.0000E+00
 9.3945E+03  3.0115E-04  1.9010E-03  2.0892E-04  2.6619E-03  1.0000E+00
 9.4664E+03  3.0302E-04  1.8981E-03  2.1137E-04  2.6726E-03  1.0000E+00
 9.5389E+03  3.0489E-04  1.8952E-03  2.1382E-04  2.6830E-03  1.0000E+00
 9.6120E+03  3.0677E-04  1.8922E-03  2.1627E-04  2.6931E-03  1.0000E+00
 9.6856E+03  3.0865E-04  1.8892E-03  2.1872E-04  2.7030E-03  1.0000E+00
 9.7598E+03  3.1053E-04  1.8862E-03  2.2118E-04  2.7125E-03  1.0000E+00
 9.8345E+03  3.1242E-04  1.8831E-03  2.2363E-04  2.7218E-03  1.0000E+00
 9.9098E+03  3.1431E-04  1.8800E-03  2.2609E-04  2.7308E-03  1.0000E+00
 9.9857E+03  3.1621E-04  1.8768E-03  2.2854E-04  2.7395E-03  1.0000E+00
 1.0062E+04  3.1811E-04  1.8736E-03  2.3100E-04  2.7479E-03  1.0000E+00
 1.0139E+04  3.2002E-04  1.8704E-03  2.3346E-04  2.7560E-03  1.0000E+00
 1.0217E+04  3.2193E-04  1.8671E-03  2.3593E-04  2.7639E-03  1.0000E+00
 1.0295E+04  3.2384E-04  1.8638E-03  2.3839E-04  2.7716E-03  1.0000E+00
 1.0374E+04  3.2576E-04  1.8604E-03  2.4085E-04  2.7789E-03  1.0000E+00
 1.0453E+04  3.2768E-04  1.8570E-03  2.4332E-04  2.7861E-03  1.0000E+00
 1.0533E+04  3.2961E-04  1.8536E-03  2.4579E-04  2.7929E-03  1.0000E+00
 1.0614E+04  3.3154E-04  1.8501E-03  2.4826E-04  2.7996E-03  1.0000E+00
 1.0695E+04  3.3347E-04  1.8466E-03  2.5073E-04  2.8059E-03  1.0000E+00
 1.0777E+04  3.3541E-04  1.8431E-03  2.5320E-04  2.8121E-03  1.0000E+00
 1.0860E+04  3.3735E-04  1.8395E-03  2.5568E-04  2.8180E-03  1.0000E+00
 1.0943E+04  3.3930E-04  1.8359E-03  2.5815E-04  2.8236E-03  1.0000E+00
 1.1027E+04  3.4124E-04  1.8323E-03  2.6063E-04  2.8291E-03  1.0000E+00
 1.1111E+04  3.4320E-04  1.8286E-03  2.6311E-04  2.8343E-03  1.0000E+00
 1.1196E+04  3.4515E-04  1.8249E-03  2.6559E-04  2.8393E-03  1.0000E+00
 1.1282E+04  3.4711E-04  1.8212E-03  2.6807E-04  2.8440E-03  1.0000E+00
 1.1369E+04  3.4907E-04  1.8174E-03  2.7056E-04  2.8486E-03  1.0000E+00
 1.1456E+04  3.5104E-04  1.8136E-03  2.7304E-04  2.8529E-03  1.0000E+00
 1.1543E+04  3.5301E-04  1.8098E-03  2.7553E-04  2.8570E-03  1.0000E+00
 1.1632E+04  3.5498E-04  1.8059E-03  2.7802E-04  2.8609E-03  1.0000E+00
 1.1721E+04  3.5696E-04  1.8020E-03  2.8051E-04  2.8646E-03  1.0000E+00
 1.1811E+04  3.5894E-04  1.7981E-03  2.8301E-04  2.8681E-03  1.0000E+00
 1.1901E+04  3.6092E-04  1.7941E-03  2.8550E-04  2.8714E-03  1.0000E+00
 1.1992E+04  3.6291E-04  1.7901E-03  2.8800E-04  2.8745E-03  1.0000E+00
 1.2084E+04  3.6490E-04  1.7861E-03  2.9050E-04  2.8774E-03  1.0000E+00
 1.2177E+04  3.6689E-04  1.7820E-03  2.9300E-04  2.8801E-03  1.0000E+00
 1.2270E+04  3.6889E-04  1.7779E-03  2.9550E-04  2.8827E-03  1.0000E+00
 1.2364E+04  3.7089E-04  1.7738E-03  2.9801E-04  2.8850E-03  1.0000E+00
 1.2458E+04  3.7289E-04  1.7697E-03  3.0051E-04  2.8872E-03  1.0000E+00
 1.2554E+04  3.7489E-04  1.7655E-03  3.0302E-04  2.8891E-03  1.0000E+00
 1.2650E+04  3.7690E-04  1.7613E-03  3.0553E-04  2.8909E-03  1.0000E+00
 1.2747E+04  3.7891E-04  1.7571E-03  3.0805E-04  2.8926E-03  1.0000E+00
 1.2845E+04  3.8092E-04  1.7528E-03  3.1056E-04  2.8940E-03  1.0000E+00
 1.2943E+04  3.8294E-04  1.7485E-03  3.1308E-04  2.8953E-03  1.0000E+00
 1.3042E+04  3.8496E-04  1.7442E-03  3.1560E-04  2.8964E-03  1.0000E+00
 1.3142E+04  3.8698E-04  1.7399E-03  3.1812E-04  2.8974E-03  1.0000E+00
 1.3243E+04  3.8901E-04  1.7356E-03  3.2064E-04  2.8982E-03  1.0000E+00
 1.3344E+04  3.9104E-04  1.7312E-03  3.2317E-04  2.8988E-03  1.0000E+00
 1.3446E+04  3.9308E-04  1.7268E-03  3.2570E-04  2.8993E-03  1.0000E+00
 1.3549E+04  3.9513E-04  1.7224E-03  3.2823E-04  2.8996E-03  1.0000E+00
 1.3653E+04  3.9717E-04  1.7180E-03  3.3076E-04  2.8998E-03  1.0000E+00
 1.3757E+04  3.9923E-04  1.7136E-03  3.3330E-04  2.8998E-03  1.0000E+00
 1.3863E+04  4.0128E-04  1.7092E-03  3.3583E-04  2.8997E-03  1.0000E+00
 1.3969E+04  4.0334E-04  1.7047E-03  3.3837E-04  2.8994E-03  1.0000E+00
 1.4076E+04  4.0541E-04  1.7003E-03  3.4092E-04  2.8990E-03  1.0000E+00
 1.4184E+04  4.0748E-04  1.6958E-03  3.4346E-04  2.8984E-03  1.0000E+00
 1.4292E+04  4.0956E-04  1.6913E-03  3.4601E-04  2.8977E-03  1.0000E+00
 1.4402E+04  4.1164E-04  1.6868E-03  3.4856E-04  2.8969E-03  1.0000E+00
 1.4512E+04  4.1372E-04  1.6823E-03  3.5111E-04  2.8959E-03  1.0000E+00
 1.4623E+04  4.1582E-04  1.6778E-03  3.5366E-04  2.8948E-03  1.0000E+00
 1.4735E+04  4.1791E-04  1.6732E-03  3.5622E-04  2.8936E-03  1.0000E+00
 1.4848E+04  4.2001E-04  1.6687E-03  3.5878E-04  2.8922E-03  1.0000E+00
 1.4962E+04  4.2212E-04  1.6641E-03  3.6134E-04  2.8907E-03  1.0000E+00
 1.5076E+04  4.2423E-04  1.6595E-03  3.6391E-04  2.8891E-03  1.0000E+00
 1.5192E+04  4.2634E-04  1.6549E-03  3.6648E-04  2.8874E-03  1.0000E+00
 1.5308E+04  4.2847E-04  1.6504E-03  3.6905E-04  2.8856E-03  1.0000E+00
 1.5425E+04  4.3059E-04  1.6458E-03  3.7162E-04  2.8836E-03  1.0000E+00
 1.5544E+04  4.3272E-04  1.6411E-03  3.7420E-04  2.8815E-03  1.0000E+00
 1.5663E+04  4.3486E-04  1.6365E-03  3.7678E-04  2.8793E-03  1.0000E+00
 1.5783E+04  4.3700E-04  1.6319E-03  3.7936E-04  2.8770E-03  1.0000E+00
 1.5903E+04  4.3915E-04  1.6273E-03  3.8194E-04  2.8746E-03  1.0000E+00
 1.6025E+04  4.4130E-04  1.6226E-03  3.8453E-04  2.8721E-03  1.0000E+00
 1.6148E+04  4.4346E-04  1.6180E-03  3.8712E-04  2.8695E-03  1.0000E+00
 1.6272E+04  4.4562E-04  1.6133E-03  3.8971E-04  2.8667E-03  1.0000E+00
 1.6396E+04  4.4779E-04  1.6086E-03  3.9231E-04  2.8639E-03  1.0000E+00
 1.6522E+04  4.4996E-04  1.6040E-03  3.9491E-04  2.8610E-03  1.0000E+00
 1.6648E+04  4.5214E-04  1.5993E-03  3.9751E-04  2.8579E-03  1.0000E+00
 1.6776E+04  4.5432E-04  1.5946E-03  4.0012E-04  2.8548E-03  1.0000E+00
 1.6904E+04  4.5651E-04  1.5899E-03  4.0273E-04  2.8516E-03  1.0000E+00
 1.7034E+04  4.5871E-04  1.5852E-03  4.0534E-04  2.8483E-03  1.0000E+00
 1.7164E+04  4.6091E-04  1.5805E-03  4.0795E-04  2.8448E-03  1.0000E+00
 1.7296E+04  4.6312E-04  1.5758E-03  4.1057E-04  2.8413E-03  1.0000E+00
 1.7428E+04  4.6533E-04  1.5711E-03  4.1319E-04  2.8378E-03  1.0000E+00
 1.7562E+04  4.6754E-04  1.5664E-03  4.1582E-04  2.8341E-03  1.0000E+00
 1.7696E+04  4.6977E-04  1.5617E-03  4.1845E-04  2.8303E-03  1.0000E+00
 1.7832E+04  4.7200E-04  1.5570E-03  4.2108E-04  2.8265E-03  1.0000E+00
 1.7968E+04  4.7423E-04  1.5522E-03  4.2371E-04  2.8225E-03  1.0000E+00
 1.8106E+04  4.7647E-04  1.5475E-03  4.2635E-04  2.8185E-03  1.0000E+00
 1.8244E+04  4.7872E-04  1.5428E-03  4.2899E-04  2.8144E-03  1.0000E+00
 1.8384E+04  4.8097E-04  1.5381E-03  4.3164E-04  2.8103E-03  1.0000E+00
 1.8525E+04  4.8323E-04  1.5333E-03  4.3429E-04  2.8060E-03  1.0000E+00
 1.8667E+04  4.8549E-04  1.5286E-03  4.3694E-04  2.8017E-03  1.0000E+00
 1.8810E+04  4.8777E-04  1.5239E-03  4.3960E-04  2.7973E-03  1.0000E+00
 1.8954E+04  4.9005E-04  1.5192E-03  4.4226E-04  2.7929E-03  1.0000E+00
 1.9099E+04  4.9234E-04  1.5144E-03  4.4492E-04  2.7883E-03  1.0000E+00
 1.9245E+04  4.9464E-04  1.5097E-03  4.4759E-04  2.7837E-03  1.0000E+00
 1.9393E+04  4.9694E-04  1.5050E-03  4.5026E-04  2.7791E-03  1.0000E+00
 1.9541E+04  4.9926E-04  1.5004E-03  4.5294E-04  2.7743E-03  1.0000E+00
 1.9691E+04  5.0158E-04  1.4957E-03  4.5562E-04  2.7695E-03  1.0000E+00
 1.9842E+04  5.0392E-04  1.4910E-03  4.5830E-04  2.7647E-03  1.0000E+00
 1.9994E+04  5.0626E-04  1.4863E-03  4.6099E-04  2.7597E-03  1.0000E+00
 2.0147E+04  5.0861E-04  1.4817E-03  4.6368E-04  2.7548E-03  1.0000E+00
 2.0301E+04  5.1097E-04  1.4770E-03  4.6637E-04  2.7497E-03  1.0000E+00
 2.0456E+04  5.1334E-04  1.4723E-03  4.6907E-04  2.7446E-03  1.0000E+00
 2.0613E+04  5.1572E-04  1.4677E-03  4.7178E-04  2.7395E-03  1.0000E+00
 2.0771E+04  5.1811E-04  1.4631E-03  4.7448E-04  2.7342E-03  1.0000E+00
 2.0930E+04  5.2051E-04  1.4585E-03  4.7720E-04  2.7290E-03  1.0000E+00
 2.1090E+04  5.2291E-04  1.4538E-03  4.7991E-04  2.7236E-03  1.0000E+00
 2.1252E+04  5.2533E-04  1.4492E-03  4.8263E-04  2.7183E-03  1.0000E+00
 2.1415E+04  5.2775E-04  1.4446E-03  4.8536E-04  2.7128E-03  1.0000E+00
 2.1579E+04  5.3019E-04  1.4400E-03  4.8809E-04  2.7074E-03  1.0000E+00
 2.1744E+04  5.3264E-04  1.4355E-03  4.9082E-04  2.7018E-03  1.0000E+00
 2.1910E+04  5.3509E-04  1.4309E-03  4.9356E-04  2.6963E-03  1.0000E+00
 2.2078E+04  5.3756E-04  1.4263E-03  4.9630E-04  2.6907E-03  1.0000E+00
 2.2247E+04  5.4003E-04  1.4218E-03  4.9905E-04  2.6850E-03  1.0000E+00
 2.2418E+04  5.4252E-04  1.4172E-03  5.0181E-04  2.6793E-03  1.0000E+00
 2.2589E+04  5.4502E-04  1.4127E-03  5.0456E-04  2.6735E-03  1.0000E+00
 2.2762E+04  5.4752E-04  1.4082E-03  5.0733E-04  2.6677E-03  1.0000E+00
 2.2937E+04  5.5004E-04  1.4037E-03  5.1009E-04  2.6619E-03  1.0000E+00
 2.3112E+04  5.5257E-04  1.3992E-03  5.1287E-04  2.6560E-03  1.0000E+00
 2.3289E+04  5.5510E-04  1.3947E-03  5.1564E-04  2.6501E-03  1.0000E+00
 2.3468E+04  5.5765E-04  1.3902E-03  5.1842E-04  2.6442E-03  1.0000E+00
 2.3647E+04  5.6021E-04  1.3857E-03  5.2121E-04  2.6382E-03  1.0000E+00
 2.3829E+04  5.6278E-04  1.3813E-03  5.2400E-04  2.6322E-03  1.0000E+00
 2.4011E+04  5.6536E-04  1.3768E-03  5.2680E-04  2.6261E-03  1.0000E+00
 2.4195E+04  5.6796E-04  1.3724E-03  5.2960E-04  2.6200E-03  1.0000E+00
 2.4380E+04  5.7056E-04  1.3679E-03  5.3241E-04  2.6139E-03  1.0000E+00
 2.4567E+04  5.7318E-04  1.3635E-03  5.3523E-04  2.6077E-03  1.0000E+00
 2.4755E+04  5.7580E-04  1.3591E-03  5.3805E-04  2.6015E-03  1.0000E+00
 2.4945E+04  5.7844E-04  1.3547E-03  5.4087E-04  2.5953E-03  1.0000E+00
 2.5136E+04  5.8106E-04  1.3503E-03  5.4370E-04  2.5891E-03  1.0000E+00
 2.5328E+04  5.8364E-04  1.3457E-03  5.4654E-04  2.5828E-03  1.0000E+00
 2.5522E+04  5.8622E-04  1.3411E-03  5.4938E-04  2.5765E-03  1.0000E+00
 2.5718E+04  5.8880E-04  1.3366E-03  5.5222E-04  2.5701E-03  1.0000E+00
 2.5915E+04  5.9140E-04  1.3320E-03  5.5508E-04  2.5638E-03  1.0000E+00
 2.6113E+04  5.9400E-04  1.3274E-03  5.5794E-04  2.5574E-03  1.0000E+00
 2.6313E+04  5.9661E-04  1.3229E-03  5.6080E-04  2.5510E-03  1.0000E+00
 2.6515E+04  5.9923E-04  1.3184E-03  5.6367E-04  2.5446E-03  1.0000E+00
 2.6718E+04  6.0186E-04  1.3138E-03  5.6655E-04  2.5381E-03  1.0000E+00
 2.6922E+04  6.0450E-04  1.3093E-03  5.6943E-04  2.5317E-03  1.0000E+00
 2.7128E+04  6.0714E-04  1.3048E-03  5.7232E-04  2.5252E-03  1.0000E+00
 2.7336E+04  6.0979E-04  1.3002E-03  5.7522E-04  2.5186E-03  1.0000E+00
 2.7545E+04  6.1245E-04  1.2957E-03  5.7812E-04  2.5121E-03  1.0000E+00
 2.7756E+04  6.1512E-04  1.2912E-03  5.8103E-04  2.5056E-03  1.0000E+00
 2.7969E+04  6.1780E-04  1.2867E-03  5.8394E-04  2.4990E-03  1.0000E+00
 2.8183E+04  6.2048E-04  1.2822E-03  5.8686E-04  2.4924E-03  1.0000E+00
 2.8399E+04  6.2318E-04  1.2778E-03  5.8979E-04  2.4858E-03  1.0000E+00
 2.8617E+04  6.2588E-04  1.2733E-03  5.9272E-04  2.4792E-03  1.0000E+00
 2.8836E+04  6.2859E-04  1.2688E-03  5.9566E-04  2.4725E-03  1.0000E+00
 2.9056E+04  6.3131E-04  1.2643E-03  5.9861E-04  2.4659E-03  1.0000E+00
 2.9279E+04  6.3404E-04  1.2599E-03  6.0157E-04  2.4592E-03  1.0000E+00
 2.9503E+04  6.3677E-04  1.2554E-03  6.0453E-04  2.4526E-03  1.0000E+00
 2.9729E+04  6.3952E-04  1.2510E-03  6.0750E-04  2.4459E-03  1.0000E+00
 2.9957E+04  6.4227E-04  1.2466E-03  6.1047E-04  2.4392E-03  1.0000E+00
 3.0186E+04  6.4504E-04  1.2422E-03  6.1346E-04  2.4325E-03  1.0000E+00
 3.0417E+04  6.4781E-04  1.2377E-03  6.1645E-04  2.4258E-03  1.0000E+00
 3.0650E+04  6.5059E-04  1.2333E-03  6.1945E-04  2.4190E-03  1.0000E+00
 3.0885E+04  6.5338E-04  1.2289E-03  6.2245E-04  2.4123E-03  1.0000E+00
 3.1122E+04  6.5618E-04  1.2246E-03  6.2546E-04  2.4055E-03  1.0000E+00
 3.1360E+04  6.5899E-04  1.2202E-03  6.2848E-04  2.3988E-03  1.0000E+00
 3.1600E+04  6.6181E-04  1.2158E-03  6.3151E-04  2.3920E-03  1.0000E+00
 3.1842E+04  6.6464E-04  1.2114E-03  6.3455E-04  2.3853E-03  1.0000E+00
 3.2086E+04  6.6748E-04  1.2071E-03  6.3759E-04  2.3785E-03  1.0000E+00
 3.2332E+04  6.7033E-04  1.2027E-03  6.4064E-04  2.3717E-03  1.0000E+00
 3.2579E+04  6.7318E-04  1.1984E-03  6.4370E-04  2.3649E-03  1.0000E+00
 3.2829E+04  6.7605E-04  1.1941E-03  6.4677E-04  2.3581E-03  1.0000E+00
 3.3080E+04  6.7893E-04  1.1898E-03  6.4985E-04  2.3513E-03  1.0000E+00
 3.3334E+04  6.8181E-04  1.1855E-03  6.5293E-04  2.3445E-03  1.0000E+00
 3.3589E+04  6.8471E-04  1.1812E-03  6.5603E-04  2.3377E-03  1.0000E+00
 3.3846E+04  6.8762E-04  1.1769E-03  6.5913E-04  2.3309E-03  1.0000E+00
 3.4105E+04  6.9053E-04  1.1726E-03  6.6224E-04  2.3241E-03  1.0000E+00
 3.4367E+04  6.9346E-04  1.1683E-03  6.6536E-04  2.3173E-03  1.0000E+00
 3.4630E+04  6.9640E-04  1.1641E-03  6.6848E-04  2.3105E-03  1.0000E+00
 3.4895E+04  6.9935E-04  1.1598E-03  6.7162E-04  2.3037E-03  1.0000E+00
 3.5162E+04  7.0230E-04  1.1556E-03  6.7476E-04  2.2969E-03  1.0000E+00
 3.5431E+04  7.0527E-04  1.1514E-03  6.7792E-04  2.2901E-03  1.0000E+00
 3.5703E+04  7.0825E-04  1.1471E-03  6.8108E-04  2.2833E-03  1.0000E+00
 3.5976E+04  7.1124E-04  1.1429E-03  6.8425E-04  2.2765E-03  1.0000E+00
 3.6252E+04  7.1424E-04  1.1387E-03  6.8744E-04  2.2697E-03  1.0000E+00
 3.6529E+04  7.1725E-04  1.1345E-03  6.9063E-04  2.2629E-03  1.0000E+00
 3.6809E+04  7.2028E-04  1.1304E-03  6.9383E-04  2.2562E-03  1.0000E+00
 3.7091E+04  7.2331E-04  1.1262E-03  6.9704E-04  2.2494E-03  1.0000E+00
 3.7375E+04  7.2635E-04  1.1220E-03  7.0026E-04  2.2426E-03  1.0000E+00
 3.7661E+04  7.2941E-04  1.1179E-03  7.0349E-04  2.2358E-03  1.0000E+00
 3.7950E+04  7.3248E-04  1.1138E-03  7.0673E-04  2.2290E-03  1.0000E+00
 3.8240E+04  7.3556E-04  1.1096E-03  7.0998E-04  2.2223E-03  1.0000E+00
 3.8533E+04  7.3865E-04  1.1055E-03  7.1324E-04  2.2155E-03  1.0000E+00
 3.8828E+04  7.4175E-04  1.1014E-03  7.1651E-04  2.2088E-03  1.0000E+00
 3.9126E+04  7.4486E-04  1.0973E-03  7.1979E-04  2.2020E-03  1.0000E+00
 3.9425E+04  7.4799E-04  1.0933E-03  7.2309E-04  2.1953E-03  1.0000E+00
 3.9727E+04  7.5113E-04  1.0892E-03  7.2639E-04  2.1885E-03  1.0000E+00
 4.0032E+04  7.5428E-04  1.0851E-03  7.2970E-04  2.1818E-03  1.0000E+00
 4.0338E+04  7.5744E-04  1.0811E-03  7.3303E-04  2.1751E-03  1.0000E+00
 4.0647E+04  7.6061E-04  1.0771E-03  7.3636E-04  2.1684E-03  1.0000E+00
 4.0958E+04  7.6380E-04  1.0730E-03  7.3971E-04  2.1617E-03  1.0000E+00
 4.1272E+04  7.6700E-04  1.0690E-03  7.4307E-04  2.1550E-03  1.0000E+00
 4.1588E+04  7.7021E-04  1.0650E-03  7.4643E-04  2.1483E-03  1.0000E+00
 4.1907E+04  7.7344E-04  1.0610E-03  7.4982E-04  2.1416E-03  1.0000E+00
 4.2228E+04  7.7667E-04  1.0571E-03  7.5321E-04  2.1350E-03  1.0000E+00
 4.2551E+04  7.7992E-04  1.0531E-03  7.5661E-04  2.1283E-03  1.0000E+00
 4.2877E+04  7.8319E-04  1.0492E-03  7.6003E-04  2.1217E-03  1.0000E+00
 4.3205E+04  7.8646E-04  1.0452E-03  7.6345E-04  2.1151E-03  1.0000E+00
 4.3536E+04  7.8975E-04  1.0413E-03  7.6689E-04  2.1084E-03  1.0000E+00
 4.3869E+04  7.9306E-04  1.0374E-03  7.7035E-04  2.1018E-03  1.0000E+00
 4.4205E+04  7.9637E-04  1.0335E-03  7.7381E-04  2.0952E-03  1.0000E+00
 4.4544E+04  7.9971E-04  1.0296E-03  7.7729E-04  2.0887E-03  1.0000E+00
 4.4885E+04  8.0305E-04  1.0257E-03  7.8078E-04  2.0821E-03  1.0000E+00
 4.5229E+04  8.0641E-04  1.0218E-03  7.8428E-04  2.0755E-03  1.0000E+00
 4.5575E+04  8.0978E-04  1.0180E-03  7.8780E-04  2.0690E-03  1.0000E+00
 4.5924E+04  8.1317E-04  1.0141E-03  7.9133E-04  2.0625E-03  1.0000E+00
 4.6276E+04  8.1657E-04  1.0103E-03  7.9487E-04  2.0560E-03  1.0000E+00
 4.6630E+04  8.1999E-04  1.0065E-03  7.9842E-04  2.0495E-03  1.0000E+00
 4.6987E+04  8.2342E-04  1.0027E-03  8.0199E-04  2.0430E-03  1.0000E+00
 4.7347E+04  8.2686E-04  9.9888E-04  8.0558E-04  2.0365E-03  1.0000E+00
 4.7710E+04  8.3032E-04  9.9510E-04  8.0917E-04  2.0300E-03  1.0000E+00
 4.8075E+04  8.3380E-04  9.9133E-04  8.1278E-04  2.0236E-03  1.0000E+00
 4.8443E+04  8.3729E-04  9.8758E-04  8.1641E-04  2.0172E-03  1.0000E+00
 4.8814E+04  8.4080E-04  9.8383E-04  8.2005E-04  2.0108E-03  1.0000E+00
 4.9188E+04  8.4432E-04  9.8010E-04  8.2370E-04  2.0044E-03  1.0000E+00
 4.9565E+04  8.4785E-04  9.7638E-04  8.2737E-04  1.9980E-03  1.0000E+00
 4.9945E+04  8.5141E-04  9.7268E-04  8.3105E-04  1.9916E-03  1.0000E+00
 5.0327E+04  8.5498E-04  9.6899E-04  8.3475E-04  1.9853E-03  1.0000E+00
 5.0713E+04  8.5856E-04  9.6531E-04  8.3846E-04  1.9790E-03  1.0000E+00
 5.1101E+04  8.6216E-04  9.6164E-04  8.4219E-04  1.9727E-03  1.0000E+00
 5.1492E+04  8.6578E-04  9.5799E-04  8.4593E-04  1.9664E-03  1.0000E+00
 5.1887E+04  8.6941E-04  9.5435E-04  8.4969E-04  1.9601E-03  1.0000E+00
 5.2284E+04  8.7307E-04  9.5072E-04  8.5347E-04  1.9539E-03  1.0000E+00
 5.2684E+04  8.7673E-04  9.4711E-04  8.5726E-04  1.9476E-03  1.0000E+00
 5.3088E+04  8.8042E-04  9.4351E-04  8.6107E-04  1.9414E-03  1.0000E+00
 5.3494E+04  8.8412E-04  9.3992E-04  8.6489E-04  1.9352E-03  1.0000E+00
 5.3904E+04  8.8784E-04  9.3634E-04  8.6873E-04  1.9290E-03  1.0000E+00
 5.4317E+04  8.9158E-04  9.3278E-04  8.7259E-04  1.9229E-03  1.0000E+00
 5.4733E+04  8.9534E-04  9.2923E-04  8.7646E-04  1.9167E-03  1.0000E+00
 5.5152E+04  8.9911E-04  9.2569E-04  8.8035E-04  1.9106E-03  1.0000E+00
 5.5574E+04  9.0290E-04  9.2217E-04  8.8426E-04  1.9045E-03  1.0000E+00
 5.6000E+04  9.0671E-04  9.1866E-04  8.8819E-04  1.8984E-03  1.0000E+00
 5.6429E+04  9.1054E-04  9.1517E-04  8.9213E-04  1.8923E-03  1.0000E+00
 5.6861E+04  9.1439E-04  9.1168E-04  8.9609E-04  1.8863E-03  1.0000E+00
 5.7297E+04  9.1825E-04  9.0821E-04  9.0007E-04  1.8803E-03  1.0000E+00
 5.7735E+04  9.2214E-04  9.0476E-04  9.0407E-04  1.8743E-03  1.0000E+00
 5.8177E+04  9.2604E-04  9.0131E-04  9.0808E-04  1.8683E-03  1.0000E+00
 5.8623E+04  9.2997E-04  8.9788E-04  9.1211E-04  1.8623E-03  1.0000E+00
 5.9072E+04  9.3391E-04  8.9447E-04  9.1617E-04  1.8564E-03  1.0000E+00
 5.9524E+04  9.3788E-04  8.9106E-04  9.2024E-04  1.8505E-03  1.0000E+00
 5.9980E+04  9.4186E-04  8.8767E-04  9.2433E-04  1.8446E-03  1.0000E+00
 6.0440E+04  9.4586E-04  8.8430E-04  9.2844E-04  1.8387E-03  1.0000E+00
 6.0902E+04  9.4989E-04  8.8093E-04  9.3257E-04  1.8328E-03  1.0000E+00
 6.1369E+04  9.5393E-04  8.7758E-04  9.3672E-04  1.8270E-03  1.0000E+00
 6.1839E+04  9.5800E-04  8.7425E-04  9.4089E-04  1.8212E-03  1.0000E+00
 6.2312E+04  9.6209E-04  8.7092E-04  9.4508E-04  1.8154E-03  1.0000E+00
 6.2790E+04  9.6620E-04  8.6761E-04  9.4930E-04  1.8096E-03  1.0000E+00
 6.3270E+04  9.7033E-04  8.6432E-04  9.5353E-04  1.8039E-03  1.0000E+00
 6.3755E+04  9.7448E-04  8.6104E-04  9.5778E-04  1.7981E-03  1.0000E+00
 6.4243E+04  9.7866E-04  8.5777E-04  9.6206E-04  1.7924E-03  1.0000E+00
 6.4735E+04  9.8285E-04  8.5451E-04  9.6635E-04  1.7868E-03  1.0000E+00
 6.5231E+04  9.8707E-04  8.5127E-04  9.7067E-04  1.7811E-03  1.0000E+00
 6.5731E+04  9.9131E-04  8.4804E-04  9.7501E-04  1.7755E-03  1.0000E+00
 6.6234E+04  9.9558E-04  8.4482E-04  9.7937E-04  1.7699E-03  1.0000E+00
 6.6741E+04  9.9987E-04  8.4162E-04  9.8376E-04  1.7643E-03  1.0000E+00
 6.7252E+04  1.0042E-03  8.3844E-04  9.8816E-04  1.7587E-03  1.0000E+00
 6.7767E+04  1.0085E-03  8.3526E-04  9.9259E-04  1.7532E-03  1.0000E+00
 6.8286E+04  1.0129E-03  8.3210E-04  9.9705E-04  1.7476E-03  1.0000E+00
 6.8809E+04  1.0173E-03  8.2895E-04  1.0015E-03  1.7422E-03  1.0000E+00
 6.9336E+04  1.0217E-03  8.2582E-04  1.0060E-03  1.7367E-03  1.0000E+00
 6.9867E+04  1.0261E-03  8.2270E-04  1.0105E-03  1.7312E-03  1.0000E+00
 7.0402E+04  1.0306E-03  8.1959E-04  1.0151E-03  1.7258E-03  1.0000E+00
 7.0942E+04  1.0350E-03  8.1650E-04  1.0197E-03  1.7204E-03  1.0000E+00
 7.1485E+04  1.0396E-03  8.1342E-04  1.0243E-03  1.7150E-03  1.0000E+00
 7.2032E+04  1.0441E-03  8.1035E-04  1.0289E-03  1.7097E-03  1.0000E+00
 7.2584E+04  1.0487E-03  8.0730E-04  1.0335E-03  1.7044E-03  1.0000E+00
 7.3140E+04  1.0532E-03  8.0426E-04  1.0382E-03  1.6991E-03  1.0000E+00
 7.3700E+04  1.0579E-03  8.0124E-04  1.0429E-03  1.6938E-03  1.0000E+00
 7.4264E+04  1.0625E-03  7.9822E-04  1.0476E-03  1.6885E-03  1.0000E+00
 7.4833E+04  1.0672E-03  7.9523E-04  1.0524E-03  1.6833E-03  1.0000E+00
 7.5406E+04  1.0719E-03  7.9224E-04  1.0572E-03  1.6781E-03  1.0000E+00
 7.5984E+04  1.0766E-03  7.8927E-04  1.0620E-03  1.6729E-03  1.0000E+00
 7.6566E+04  1.0813E-03  7.8631E-04  1.0668E-03  1.6678E-03  1.0000E+00
 7.7152E+04  1.0861E-03  7.8337E-04  1.0717E-03  1.6626E-03  1.0000E+00
 7.7743E+04  1.0909E-03  7.8044E-04  1.0766E-03  1.6575E-03  1.0000E+00
 7.8338E+04  1.0958E-03  7.7752E-04  1.0815E-03  1.6524E-03  1.0000E+00
 7.8938E+04  1.1006E-03  7.7462E-04  1.0864E-03  1.6474E-03  1.0000E+00
 7.9543E+04  1.1055E-03  7.7173E-04  1.0914E-03  1.6424E-03  1.0000E+00
 8.0152E+04  1.1105E-03  7.6885E-04  1.0964E-03  1.6374E-03  1.0000E+00
 8.0766E+04  1.1154E-03  7.6599E-04  1.1015E-03  1.6324E-03  1.0000E+00
 8.1384E+04  1.1204E-03  7.6314E-04  1.1065E-03  1.6274E-03  1.0000E+00
 8.2008E+04  1.1254E-03  7.6030E-04  1.1116E-03  1.6225E-03  1.0000E+00
 8.2636E+04  1.1305E-03  7.5748E-04  1.1168E-03  1.6176E-03  1.0000E+00
 8.3268E+04  1.1356E-03  7.5467E-04  1.1219E-03  1.6127E-03  1.0000E+00
 8.3906E+04  1.1407E-03  7.5188E-04  1.1271E-03  1.6079E-03  1.0000E+00
 8.4549E+04  1.1458E-03  7.4909E-04  1.1323E-03  1.6030E-03  1.0000E+00
 8.5196E+04  1.1510E-03  7.4633E-04  1.1376E-03  1.5982E-03  1.0000E+00
 8.5849E+04  1.1562E-03  7.4357E-04  1.1429E-03  1.5935E-03  1.0000E+00
 8.6506E+04  1.1615E-03  7.4083E-04  1.1482E-03  1.5887E-03  1.0000E+00
 8.7169E+04  1.1668E-03  7.3810E-04  1.1536E-03  1.5840E-03  1.0000E+00
 8.7836E+04  1.1721E-03  7.3539E-04  1.1589E-03  1.5793E-03  1.0000E+00
 8.8509E+04  1.1774E-03  7.3268E-04  1.1644E-03  1.5746E-03  1.0000E+00
 8.9187E+04  1.1828E-03  7.3000E-04  1.1698E-03  1.5700E-03  1.0000E+00
 8.9870E+04  1.1882E-03  7.2732E-04  1.1753E-03  1.5654E-03  1.0000E+00
 9.0558E+04  1.1937E-03  7.2466E-04  1.1808E-03  1.5608E-03  1.0000E+00
 9.1252E+04  1.1992E-03  7.2201E-04  1.1864E-03  1.5562E-03  1.0000E+00
 9.1950E+04  1.2047E-03  7.1938E-04  1.1920E-03  1.5517E-03  1.0000E+00
 9.2655E+04  1.2103E-03  7.1676E-04  1.1976E-03  1.5471E-03  1.0000E+00
 9.3364E+04  1.2159E-03  7.1415E-04  1.2033E-03  1.5427E-03  1.0000E+00
 9.4079E+04  1.2215E-03  7.1155E-04  1.2090E-03  1.5382E-03  1.0000E+00
 9.4800E+04  1.2272E-03  7.0897E-04  1.2148E-03  1.5338E-03  1.0000E+00
 9.5526E+04  1.2329E-03  7.0640E-04  1.2205E-03  1.5294E-03  1.0000E+00
 9.6257E+04  1.2387E-03  7.0385E-04  1.2264E-03  1.5250E-03  1.0000E+00
 9.6994E+04  1.2445E-03  7.0131E-04  1.2322E-03  1.5206E-03  1.0000E+00
 9.7737E+04  1.2503E-03  6.9878E-04  1.2381E-03  1.5163E-03  1.0000E+00
 9.8486E+04  1.2562E-03  6.9626E-04  1.2441E-03  1.5120E-03  1.0000E+00
 9.9240E+04  1.2621E-03  6.9376E-04  1.2501E-03  1.5077E-03  1.0000E+00
 1.0000E+05  1.2681E-03  6.9127E-04  1.2561E-03  1.5035E-03  1.0000E+00


