#     0	 1	    4	 5	 3.3237E+02	 1000	1
 4.8978E+01  0.0000E+00  0.0000E+00  0.0000E+00  0.0000E+00  0.0000E+00
 4.9353E+01  0.0000E+00  0.0000E+00  0.0000E+00  0.0000E+00  0.0000E+00
 4.9731E+01  0.0000E+00  0.0000E+00  0.0000E+00  0.0000E+00  0.0000E+00
 5.0112E+01  0.0000E+00  0.0000E+00  0.0000E+00  0.0000E+00  0.0000E+00
 5.0496E+01  0.0000E+00  0.0000E+00  0.0000E+00  0.0000E+00  0.0000E+00
 5.0882E+01  0.0000E+00  0.0000E+00  0.0000E+00  0.0000E+00  0.0000E+00
 5.1272E+01  0.0000E+00  0.0000E+00  0.0000E+00  0.0000E+00  0.0000E+00
 5.1665E+01  0.0000E+00  0.0000E+00  0.0000E+00  0.0000E+00  0.0000E+00
 5.2060E+01  0.0000E+00  0.0000E+00  0.0000E+00  0.0000E+00  0.0000E+00
 5.2459E+01  0.0000E+00  0.0000E+00  0.0000E+00  0.0000E+00  0.0000E+00
 5.2861E+01  0.0000E+00  0.0000E+00  0.0000E+00  0.0000E+00  0.0000E+00
 5.3266E+01  0.0000E+00  0.0000E+00  0.0000E+00  0.0000E+00  0.0000E+00
 5.3673E+01  0.0000E+00  0.0000E+00  0.0000E+00  0.0000E+00  0.0000E+00
 5.4085E+01  0.0000E+00  0.0000E+00  0.0000E+00  0.0000E+00  0.0000E+00
 5.4499E+01  0.0000E+00  0.0000E+00  0.0000E+00  0.0000E+00  0.0000E+00
 5.4916E+01  0.0000E+00  0.0000E+00  0.0000E+00  0.0000E+00  0.0000E+00
 5.5337E+01  0.0000E+00  0.0000E+00  0.0000E+00  0.0000E+00  0.0000E+00
 5.5760E+01  0.0000E+00  0.0000E+00  0.0000E+00  0.0000E+00  0.0000E+00
 5.6187E+01  0.0000E+00  0.0000E+00  0.0000E+00  0.0000E+00  0.0000E+00
 5.6618E+01  0.0000E+00  0.0000E+00  0.0000E+00  0.0000E+00  0.0000E+00
 5.7051E+01  0.0000E+00  0.0000E+00  0.0000E+00  0.0000E+00  0.0000E+00
 5.7488E+01  0.0000E+00  0.0000E+00  0.0000E+00  0.0000E+00  0.0000E+00
 5.7929E+01  0.0000E+00  0.0000E+00  0.0000E+00  0.0000E+00  0.0000E+00
 5.8372E+01  0.0000E+00  0.0000E+00  0.0000E+00  0.0000E+00  0.0000E+00
 5.8819E+01  0.0000E+00  0.0000E+00  0.0000E+00  0.0000E+00  0.0000E+00
 5.9270E+01  0.0000E+00  0.0000E+00  0.0000E+00  0.0000E+00  0.0000E+00
 5.9724E+01  0.0000E+00  0.0000E+00  0.0000E+00  0.0000E+00  0.0000E+00
 6.0181E+01  0.0000E+00  0.0000E+00  0.0000E+00  0.0000E+00  0.0000E+00
 6.0642E+01  0.0000E+00  0.0000E+00  0.0000E+00  0.0000E+00  0.0000E+00
 6.1106E+01  0.0000E+00  0.0000E+00  0.0000E+00  0.0000E+00  0.0000E+00
 6.1574E+01  0.0000E+00  0.0000E+00  0.0000E+00  0.0000E+00  0.0000E+00
 6.2046E+01  0.0000E+00  0.0000E+00  0.0000E+00  0.0000E+00  0.0000E+00
 6.2521E+01  0.0000E+00  0.0000E+00  0.0000E+00  0.0000E+00  0.0000E+00
 6.3000E+01  0.0000E+00  0.0000E+00  0.0000E+00  0.0000E+00  0.0000E+00
 6.3482E+01  0.0000E+00  0.0000E+00  0.0000E+00  0.0000E+00  0.0000E+00
 6.3968E+01  0.0000E+00  0.0000E+00  0.0000E+00  0.0000E+00  0.0000E+00
 6.4458E+01  0.0000E+00  0.0000E+00  0.0000E+00  0.0000E+00  0.0000E+00
 6.4952E+01  0.0000E+00  0.0000E+00  0.0000E+00  0.0000E+00  0.0000E+00
 6.5449E+01  0.0000E+00  0.0000E+00  0.0000E+00  0.0000E+00  0.0000E+00
 6.5951E+01  0.0000E+00  0.0000E+00  0.0000E+00  0.0000E+00  0.0000E+00
 6.6456E+01  0.0000E+00  0.0000E+00  0.0000E+00  0.0000E+00  0.0000E+00
 6.6965E+01  0.0000E+00  0.0000E+00  0.0000E+00  0.0000E+00  0.0000E+00
 6.7478E+01  0.0000E+00  0.0000E+00  0.0000E+00  0.0000E+00  0.0000E+00
 6.7994E+01  0.0000E+00  0.0000E+00  0.0000E+00  0.0000E+00  0.0000E+00
 6.8515E+01  0.0000E+00  0.0000E+00  0.0000E+00  0.0000E+00  0.0000E+00
 6.9040E+01  0.0000E+00  0.0000E+00  0.0000E+00  0.0000E+00  0.0000E+00
 6.9568E+01  0.0000E+00  0.0000E+00  0.0000E+00  0.0000E+00  0.0000E+00
 7.0101E+01  0.0000E+00  0.0000E+00  0.0000E+00  0.0000E+00  0.0000E+00
 7.0638E+01  0.0000E+00  0.0000E+00  0.0000E+00  0.0000E+00  0.0000E+00
 7.1179E+01  0.0000E+00  0.0000E+00  0.0000E+00  0.0000E+00  0.0000E+00
 7.1724E+01  0.0000E+00  0.0000E+00  0.0000E+00  0.0000E+00  0.0000E+00
 7.2273E+01  0.0000E+00  0.0000E+00  0.0000E+00  0.0000E+00  0.0000E+00
 7.2827E+01  0.0000E+00  0.0000E+00  0.0000E+00  0.0000E+00  0.0000E+00
 7.3385E+01  0.0000E+00  0.0000E+00  0.0000E+00  0.0000E+00  0.0000E+00
 7.3947E+01  0.0000E+00  0.0000E+00  0.0000E+00  0.0000E+00  0.0000E+00
 7.4513E+01  0.0000E+00  0.0000E+00  0.0000E+00  0.0000E+00  0.0000E+00
 7.5084E+01  0.0000E+00  0.0000E+00  0.0000E+00  0.0000E+00  0.0000E+00
 7.5659E+01  0.0000E+00  0.0000E+00  0.0000E+00  0.0000E+00  0.0000E+00
 7.6238E+01  0.0000E+00  0.0000E+00  0.0000E+00  0.0000E+00  0.0000E+00
 7.6822E+01  0.0000E+00  0.0000E+00  0.0000E+00  0.0000E+00  0.0000E+00
 7.7410E+01  0.0000E+00  0.0000E+00  0.0000E+00  0.0000E+00  0.0000E+00
 7.8003E+01  0.0000E+00  0.0000E+00  0.0000E+00  0.0000E+00  0.0000E+00
 7.8601E+01  0.0000E+00  0.0000E+00  0.0000E+00  0.0000E+00  0.0000E+00
 7.9202E+01  0.0000E+00  0.0000E+00  0.0000E+00  0.0000E+00  0.0000E+00
 7.9809E+01  0.0000E+00  0.0000E+00  0.0000E+00  0.0000E+00  0.0000E+00
 8.0420E+01  0.0000E+00  0.0000E+00  0.0000E+00  0.0000E+00  0.0000E+00
 8.1036E+01  0.0000E+00  0.0000E+00  0.0000E+00  0.0000E+00  0.0000E+00
 8.1657E+01  0.0000E+00  0.0000E+00  0.0000E+00  0.0000E+00  0.0000E+00
 8.2282E+01  0.0000E+00  0.0000E+00  0.0000E+00  0.0000E+00  0.0000E+00
 8.2912E+01  0.0000E+00  0.0000E+00  0.0000E+00  0.0000E+00  0.0000E+00
 8.3547E+01  0.0000E+00  0.0000E+00  0.0000E+00  0.0000E+00  0.0000E+00
 8.4187E+01  0.0000E+00  0.0000E+00  0.0000E+00  0.0000E+00  0.0000E+00
 8.4832E+01  0.0000E+00  0.0000E+00  0.0000E+00  0.0000E+00  0.0000E+00
 8.5481E+01  0.0000E+00  0.0000E+00  0.0000E+00  0.0000E+00  0.0000E+00
 8.6136E+01  0.0000E+00  0.0000E+00  0.0000E+00  0.0000E+00  0.0000E+00
 8.6796E+01  0.0000E+00  0.0000E+00  0.0000E+00  0.0000E+00  0.0000E+00
 8.7460E+01  0.0000E+00  0.0000E+00  0.0000E+00  0.0000E+00  0.0000E+00
 8.8130E+01  0.0000E+00  0.0000E+00  0.0000E+00  0.0000E+00  0.0000E+00
 8.8805E+01  0.0000E+00  0.0000E+00  0.0000E+00  0.0000E+00  0.0000E+00
 8.9485E+01  0.0000E+00  0.0000E+00  0.0000E+00  0.0000E+00  0.0000E+00
 9.0171E+01  0.0000E+00  0.0000E+00  0.0000E+00  0.0000E+00  0.0000E+00
 9.0861E+01  0.0000E+00  0.0000E+00  0.0000E+00  0.0000E+00  0.0000E+00
 9.1557E+01  0.0000E+00  0.0000E+00  0.0000E+00  0.0000E+00  0.0000E+00
 9.2258E+01  0.0000E+00  0.0000E+00  0.0000E+00  0.0000E+00  0.0000E+00
 9.2965E+01  0.0000E+00  0.0000E+00  0.0000E+00  0.0000E+00  0.0000E+00
 9.3677E+01  0.0000E+00  0.0000E+00  0.0000E+00  0.0000E+00  0.0000E+00
 9.4394E+01  0.0000E+00  0.0000E+00  0.0000E+00  0.0000E+00  0.0000E+00
 9.5117E+01  0.0000E+00  0.0000E+00  0.0000E+00  0.0000E+00  0.0000E+00
 9.5845E+01  0.0000E+00  0.0000E+00  0.0000E+00  0.0000E+00  0.0000E+00
 9.6579E+01  0.0000E+00  0.0000E+00  0.0000E+00  0.0000E+00  0.0000E+00
 9.7319E+01  0.0000E+00  0.0000E+00  0.0000E+00  0.0000E+00  0.0000E+00
 9.8064E+01  0.0000E+00  0.0000E+00  0.0000E+00  0.0000E+00  0.0000E+00
 9.8815E+01  0.0000E+00  0.0000E+00  0.0000E+00  0.0000E+00  0.0000E+00
 9.9572E+01  0.0000E+00  0.0000E+00  0.0000E+00  0.0000E+00  0.0000E+00
 1.0033E+02  0.0000E+00  0.0000E+00  0.0000E+00  0.0000E+00  0.0000E+00
 1.0110E+02  0.0000E+00  0.0000E+00  0.0000E+00  0.0000E+00  0.0000E+00
 1.0188E+02  0.0000E+00  0.0000E+00  0.0000E+00  0.0000E+00  0.0000E+00
 1.0266E+02  0.0000E+00  0.0000E+00  0.0000E+00  0.0000E+00  0.0000E+00
 1.0344E+02  0.0000E+00  0.0000E+00  0.0000E+00  0.0000E+00  0.0000E+00
 1.0424E+02  0.0000E+00  0.0000E+00  0.0000E+00  0.0000E+00  0.0000E+00
 1.0503E+02  0.0000E+00  0.0000E+00  0.0000E+00  0.0000E+00  0.0000E+00
 1.0584E+02  0.0000E+00  0.0000E+00  0.0000E+00  0.0000E+00  0.0000E+00
 1.0665E+02  0.0000E+00  0.0000E+00  0.0000E+00  0.0000E+00  0.0000E+00
 1.0747E+02  0.0000E+00  0.0000E+00  0.0000E+00  0.0000E+00  0.0000E+00
 1.0829E+02  0.0000E+00  0.0000E+00  0.0000E+00  0.0000E+00  0.0000E+00
 1.0912E+02  0.0000E+00  0.0000E+00  0.0000E+00  0.0000E+00  0.0000E+00
 1.0995E+02  0.0000E+00  0.0000E+00  0.0000E+00  0.0000E+00  0.0000E+00
 1.1080E+02  0.0000E+00  0.0000E+00  0.0000E+00  0.0000E+00  0.0000E+00
 1.1164E+02  0.0000E+00  0.0000E+00  0.0000E+00  0.0000E+00  0.0000E+00
 1.1250E+02  0.0000E+00  0.0000E+00  0.0000E+00  0.0000E+00  0.0000E+00
 1.1336E+02  0.0000E+00  0.0000E+00  0.0000E+00  0.0000E+00  0.0000E+00
 1.1423E+02  0.0000E+00  0.0000E+00  0.0000E+00  0.0000E+00  0.0000E+00
 1.1510E+02  0.0000E+00  0.0000E+00  0.0000E+00  0.0000E+00  0.0000E+00
 1.1599E+02  0.0000E+00  0.0000E+00  0.0000E+00  0.0000E+00  0.0000E+00
 1.1687E+02  0.0000E+00  0.0000E+00  0.0000E+00  0.0000E+00  0.0000E+00
 1.1777E+02  0.0000E+00  0.0000E+00  0.0000E+00  0.0000E+00  0.0000E+00
 1.1867E+02  0.0000E+00  0.0000E+00  0.0000E+00  0.0000E+00  0.0000E+00
 1.1958E+02  0.0000E+00  0.0000E+00  0.0000E+00  0.0000E+00  0.0000E+00
 1.2050E+02  0.0000E+00  0.0000E+00  0.0000E+00  0.0000E+00  0.0000E+00
 1.2142E+02  0.0000E+00  0.0000E+00  0.0000E+00  0.0000E+00  0.0000E+00
 1.2235E+02  0.0000E+00  0.0000E+00  0.0000E+00  0.0000E+00  0.0000E+00
 1.2329E+02  0.0000E+00  0.0000E+00  0.0000E+00  0.0000E+00  0.0000E+00
 1.2423E+02  0.0000E+00  0.0000E+00  0.0000E+00  0.0000E+00  0.0000E+00
 1.2518E+02  0.0000E+00  0.0000E+00  0.0000E+00  0.0000E+00  0.0000E+00
 1.2614E+02  0.0000E+00  0.0000E+00  0.0000E+00  0.0000E+00  0.0000E+00
 1.2711E+02  0.0000E+00  0.0000E+00  0.0000E+00  0.0000E+00  0.0000E+00
 1.2808E+02  0.0000E+00  0.0000E+00  0.0000E+00  0.0000E+00  0.0000E+00
 1.2906E+02  0.0000E+00  0.0000E+00  0.0000E+00  0.0000E+00  0.0000E+00
 1.3005E+02  0.0000E+00  0.0000E+00  0.0000E+00  0.0000E+00  0.0000E+00
 1.3104E+02  0.0000E+00  0.0000E+00  0.0000E+00  0.0000E+00  0.0000E+00
 1.3205E+02  0.0000E+00  0.0000E+00  0.0000E+00  0.0000E+00  0.0000E+00
 1.3306E+02  0.0000E+00  0.0000E+00  0.0000E+00  0.0000E+00  0.0000E+00
 1.3408E+02  0.0000E+00  0.0000E+00  0.0000E+00  0.0000E+00  0.0000E+00
 1.3510E+02  0.0000E+00  0.0000E+00  0.0000E+00  0.0000E+00  0.0000E+00
 1.3614E+02  0.0000E+00  0.0000E+00  0.0000E+00  0.0000E+00  0.0000E+00
 1.3718E+02  0.0000E+00  0.0000E+00  0.0000E+00  0.0000E+00  0.0000E+00
 1.3823E+02  0.0000E+00  0.0000E+00  0.0000E+00  0.0000E+00  0.0000E+00
 1.3929E+02  0.0000E+00  0.0000E+00  0.0000E+00  0.0000E+00  0.0000E+00
 1.4036E+02  0.0000E+00  0.0000E+00  0.0000E+00  0.0000E+00  0.0000E+00
 1.4143E+02  0.0000E+00  0.0000E+00  0.0000E+00  0.0000E+00  0.0000E+00
 1.4252E+02  0.0000E+00  0.0000E+00  0.0000E+00  0.0000E+00  0.0000E+00
 1.4361E+02  0.0000E+00  0.0000E+00  0.0000E+00  0.0000E+00  0.0000E+00
 1.4471E+02  0.0000E+00  0.0000E+00  0.0000E+00  0.0000E+00  0.0000E+00
 1.4582E+02  0.0000E+00  0.0000E+00  0.0000E+00  0.0000E+00  0.0000E+00
 1.4693E+02  0.0000E+00  0.0000E+00  0.0000E+00  0.0000E+00  0.0000E+00
 1.4806E+02  0.0000E+00  0.0000E+00  0.0000E+00  0.0000E+00  0.0000E+00
 1.4919E+02  0.0000E+00  0.0000E+00  0.0000E+00  0.0000E+00  0.0000E+00
 1.5033E+02  0.0000E+00  0.0000E+00  0.0000E+00  0.0000E+00  0.0000E+00
 1.5149E+02  0.0000E+00  0.0000E+00  0.0000E+00  0.0000E+00  0.0000E+00
 1.5265E+02  0.0000E+00  0.0000E+00  0.0000E+00  0.0000E+00  0.0000E+00
 1.5381E+02  0.0000E+00  0.0000E+00  0.0000E+00  0.0000E+00  0.0000E+00
 1.5499E+02  0.0000E+00  0.0000E+00  0.0000E+00  0.0000E+00  0.0000E+00
 1.5618E+02  0.0000E+00  0.0000E+00  0.0000E+00  0.0000E+00  0.0000E+00
 1.5738E+02  0.0000E+00  0.0000E+00  0.0000E+00  0.0000E+00  0.0000E+00
 1.5858E+02  0.0000E+00  0.0000E+00  0.0000E+00  0.0000E+00  0.0000E+00
 1.5980E+02  0.0000E+00  0.0000E+00  0.0000E+00  0.0000E+00  0.0000E+00
 1.6102E+02  0.0000E+00  0.0000E+00  0.0000E+00  0.0000E+00  0.0000E+00
 1.6225E+02  0.0000E+00  0.0000E+00  0.0000E+00  0.0000E+00  0.0000E+00
 1.6349E+02  0.0000E+00  0.0000E+00  0.0000E+00  0.0000E+00  0.0000E+00
 1.6475E+02  0.0000E+00  0.0000E+00  0.0000E+00  0.0000E+00  0.0000E+00
 1.6601E+02  0.0000E+00  0.0000E+00  0.0000E+00  0.0000E+00  0.0000E+00
 1.6728E+02  0.0000E+00  0.0000E+00  0.0000E+00  0.0000E+00  0.0000E+00
 1.6856E+02  0.0000E+00  0.0000E+00  0.0000E+00  0.0000E+00  0.0000E+00
 1.6985E+02  0.0000E+00  0.0000E+00  0.0000E+00  0.0000E+00  0.0000E+00
 1.7115E+02  0.0000E+00  0.0000E+00  0.0000E+00  0.0000E+00  0.0000E+00
 1.7246E+02  0.0000E+00  0.0000E+00  0.0000E+00  0.0000E+00  0.0000E+00
 1.7378E+02  0.0000E+00  0.0000E+00  0.0000E+00  0.0000E+00  0.0000E+00
 1.7511E+02  0.0000E+00  0.0000E+00  0.0000E+00  0.0000E+00  0.0000E+00
 1.7646E+02  0.0000E+00  0.0000E+00  0.0000E+00  0.0000E+00  0.0000E+00
 1.7781E+02  0.0000E+00  0.0000E+00  0.0000E+00  0.0000E+00  0.0000E+00
 1.7917E+02  0.0000E+00  0.0000E+00  0.0000E+00  0.0000E+00  0.0000E+00
 1.8054E+02  0.0000E+00  0.0000E+00  0.0000E+00  0.0000E+00  0.0000E+00
 1.8192E+02  0.0000E+00  0.0000E+00  0.0000E+00  0.0000E+00  0.0000E+00
 1.8332E+02  0.0000E+00  0.0000E+00  0.0000E+00  0.0000E+00  0.0000E+00
 1.8472E+02  0.0000E+00  0.0000E+00  0.0000E+00  0.0000E+00  0.0000E+00
 1.8614E+02  0.0000E+00  0.0000E+00  0.0000E+00  0.0000E+00  0.0000E+00
 1.8756E+02  0.0000E+00  0.0000E+00  0.0000E+00  0.0000E+00  0.0000E+00
 1.8900E+02  0.0000E+00  0.0000E+00  0.0000E+00  0.0000E+00  0.0000E+00
 1.9045E+02  0.0000E+00  0.0000E+00  0.0000E+00  0.0000E+00  0.0000E+00
 1.9190E+02  0.0000E+00  0.0000E+00  0.0000E+00  0.0000E+00  0.0000E+00
 1.9337E+02  0.0000E+00  0.0000E+00  0.0000E+00  0.0000E+00  0.0000E+00
 1.9485E+02  0.0000E+00  0.0000E+00  0.0000E+00  0.0000E+00  0.0000E+00
 1.9635E+02  0.0000E+00  0.0000E+00  0.0000E+00  0.0000E+00  0.0000E+00
 1.9785E+02  0.0000E+00  0.0000E+00  0.0000E+00  0.0000E+00  0.0000E+00
 1.9937E+02  0.0000E+00  0.0000E+00  0.0000E+00  0.0000E+00  0.0000E+00
 2.0089E+02  0.0000E+00  0.0000E+00  0.0000E+00  0.0000E+00  0.0000E+00
 2.0243E+02  0.0000E+00  0.0000E+00  0.0000E+00  0.0000E+00  0.0000E+00
 2.0398E+02  0.0000E+00  0.0000E+00  0.0000E+00  0.0000E+00  0.0000E+00
 2.0554E+02  0.0000E+00  0.0000E+00  0.0000E+00  0.0000E+00  0.0000E+00
 2.0712E+02  0.0000E+00  0.0000E+00  0.0000E+00  0.0000E+00  0.0000E+00
 2.0870E+02  0.0000E+00  0.0000E+00  0.0000E+00  0.0000E+00  0.0000E+00
 2.1030E+02  0.0000E+00  0.0000E+00  0.0000E+00  0.0000E+00  0.0000E+00
 2.1191E+02  0.0000E+00  0.0000E+00  0.0000E+00  0.0000E+00  0.0000E+00
 2.1354E+02  0.0000E+00  0.0000E+00  0.0000E+00  0.0000E+00  0.0000E+00
 2.1517E+02  0.0000E+00  0.0000E+00  0.0000E+00  0.0000E+00  0.0000E+00
 2.1682E+02  0.0000E+00  0.0000E+00  0.0000E+00  0.0000E+00  0.0000E+00
 2.1848E+02  0.0000E+00  0.0000E+00  0.0000E+00  0.0000E+00  0.0000E+00
 2.2015E+02  0.0000E+00  0.0000E+00  0.0000E+00  0.0000E+00  0.0000E+00
 2.2184E+02  0.0000E+00  0.0000E+00  0.0000E+00  0.0000E+00  0.0000E+00
 2.2354E+02  0.0000E+00  0.0000E+00  0.0000E+00  0.0000E+00  0.0000E+00
 2.2525E+02  0.0000E+00  0.0000E+00  0.0000E+00  0.0000E+00  0.0000E+00
 2.2697E+02  0.0000E+00  0.0000E+00  0.0000E+00  0.0000E+00  0.0000E+00
 2.2871E+02  0.0000E+00  0.0000E+00  0.0000E+00  0.0000E+00  0.0000E+00
 2.3046E+02  0.0000E+00  0.0000E+00  0.0000E+00  0.0000E+00  0.0000E+00
 2.3223E+02  0.0000E+00  0.0000E+00  0.0000E+00  0.0000E+00  0.0000E+00
 2.3401E+02  0.0000E+00  0.0000E+00  0.0000E+00  0.0000E+00  0.0000E+00
 2.3580E+02  0.0000E+00  0.0000E+00  0.0000E+00  0.0000E+00  0.0000E+00
 2.3761E+02  0.0000E+00  0.0000E+00  0.0000E+00  0.0000E+00  0.0000E+00
 2.3942E+02  0.0000E+00  0.0000E+00  0.0000E+00  0.0000E+00  0.0000E+00
 2.4126E+02  0.0000E+00  0.0000E+00  0.0000E+00  0.0000E+00  0.0000E+00
 2.4311E+02  0.0000E+00  0.0000E+00  0.0000E+00  0.0000E+00  0.0000E+00
 2.4497E+02  0.0000E+00  0.0000E+00  0.0000E+00  0.0000E+00  0.0000E+00
 2.4684E+02  0.0000E+00  0.0000E+00  0.0000E+00  0.0000E+00  0.0000E+00
 2.4873E+02  0.0000E+00  0.0000E+00  0.0000E+00  0.0000E+00  0.0000E+00
 2.5064E+02  0.0000E+00  0.0000E+00  0.0000E+00  0.0000E+00  0.0000E+00
 2.5256E+02  0.0000E+00  0.0000E+00  0.0000E+00  0.0000E+00  0.0000E+00
 2.5449E+02  0.0000E+00  0.0000E+00  0.0000E+00  0.0000E+00  0.0000E+00
 2.5644E+02  0.0000E+00  0.0000E+00  0.0000E+00  0.0000E+00  0.0000E+00
 2.5841E+02  0.0000E+00  0.0000E+00  0.0000E+00  0.0000E+00  0.0000E+00
 2.6038E+02  0.0000E+00  0.0000E+00  0.0000E+00  0.0000E+00  0.0000E+00
 2.6238E+02  0.0000E+00  0.0000E+00  0.0000E+00  0.0000E+00  0.0000E+00
 2.6439E+02  0.0000E+00  0.0000E+00  0.0000E+00  0.0000E+00  0.0000E+00
 2.6641E+02  0.0000E+00  0.0000E+00  0.0000E+00  0.0000E+00  0.0000E+00
 2.6845E+02  0.0000E+00  0.0000E+00  0.0000E+00  0.0000E+00  0.0000E+00
 2.7051E+02  0.0000E+00  0.0000E+00  0.0000E+00  0.0000E+00  0.0000E+00
 2.7258E+02  0.0000E+00  0.0000E+00  0.0000E+00  0.0000E+00  0.0000E+00
 2.7467E+02  0.0000E+00  0.0000E+00  0.0000E+00  0.0000E+00  0.0000E+00
 2.7677E+02  0.0000E+00  0.0000E+00  0.0000E+00  0.0000E+00  0.0000E+00
 2.7889E+02  0.0000E+00  0.0000E+00  0.0000E+00  0.0000E+00  0.0000E+00
 2.8103E+02  0.0000E+00  0.0000E+00  0.0000E+00  0.0000E+00  0.0000E+00
 2.8318E+02  0.0000E+00  0.0000E+00  0.0000E+00  0.0000E+00  0.0000E+00
 2.8535E+02  0.0000E+00  0.0000E+00  0.0000E+00  0.0000E+00  0.0000E+00
 2.8753E+02  0.0000E+00  0.0000E+00  0.0000E+00  0.0000E+00  0.0000E+00
 2.8974E+02  0.0000E+00  0.0000E+00  0.0000E+00  0.0000E+00  0.0000E+00
 2.9195E+02  0.0000E+00  0.0000E+00  0.0000E+00  0.0000E+00  0.0000E+00
 2.9419E+02  0.0000E+00  0.0000E+00  0.0000E+00  0.0000E+00  0.0000E+00
 2.9644E+02  0.0000E+00  0.0000E+00  0.0000E+00  0.0000E+00  0.0000E+00
 2.9871E+02  0.0000E+00  0.0000E+00  0.0000E+00  0.0000E+00  0.0000E+00
 3.0100E+02  0.0000E+00  0.0000E+00  0.0000E+00  0.0000E+00  0.0000E+00
 3.0331E+02  0.0000E+00  0.0000E+00  0.0000E+00  0.0000E+00  0.0000E+00
 3.0563E+02  0.0000E+00  0.0000E+00  0.0000E+00  0.0000E+00  0.0000E+00
 3.0797E+02  0.0000E+00  0.0000E+00  0.0000E+00  0.0000E+00  0.0000E+00
 3.1033E+02  0.0000E+00  0.0000E+00  0.0000E+00  0.0000E+00  0.0000E+00
 3.1271E+02  0.0000E+00  0.0000E+00  0.0000E+00  0.0000E+00  0.0000E+00
 3.1510E+02  0.0000E+00  0.0000E+00  0.0000E+00  0.0000E+00  0.0000E+00
 3.1751E+02  0.0000E+00  0.0000E+00  0.0000E+00  0.0000E+00  0.0000E+00
 3.1994E+02  0.0000E+00  0.0000E+00  0.0000E+00  0.0000E+00  0.0000E+00
 3.2240E+02  0.0000E+00  0.0000E+00  0.0000E+00  0.0000E+00  0.0000E+00
 3.2486E+02  0.0000E+00  0.0000E+00  0.0000E+00  0.0000E+00  0.0000E+00
 3.2735E+02  0.0000E+00  0.0000E+00  0.0000E+00  0.0000E+00  0.0000E+00
 3.2986E+02  0.0000E+00  0.0000E+00  0.0000E+00  0.0000E+00  0.0000E+00
 3.3239E+02  2.8937E-02  5.2086E+00  2.9948E-02  1.0783E+01  1.0000E+00
 3.3493E+02  2.8942E-02  5.1697E+00  2.9948E-02  1.0701E+01  1.0000E+00
 3.3750E+02  2.8946E-02  5.1312E+00  2.9949E-02  1.0620E+01  1.0000E+00
 3.4008E+02  2.8950E-02  5.0929E+00  2.9949E-02  1.0539E+01  1.0000E+00
 3.4268E+02  2.8954E-02  5.0549E+00  2.9949E-02  1.0459E+01  1.0000E+00
 3.4531E+02  2.8959E-02  5.0172E+00  2.9950E-02  1.0380E+01  1.0000E+00
 3.4795E+02  2.8963E-02  4.9798E+00  2.9950E-02  1.0301E+01  1.0000E+00
 3.5062E+02  2.8967E-02  4.9427E+00  2.9950E-02  1.0223E+01  1.0000E+00
 3.5330E+02  2.8971E-02  4.9058E+00  2.9951E-02  1.0145E+01  1.0000E+00
 3.5601E+02  2.8976E-02  4.8693E+00  2.9951E-02  1.0068E+01  1.0000E+00
 3.5874E+02  2.8980E-02  4.8330E+00  2.9951E-02  9.9921E+00  1.0000E+00
 3.6148E+02  2.8984E-02  4.7969E+00  2.9952E-02  9.9163E+00  1.0000E+00
 3.6425E+02  2.8989E-02  4.7612E+00  2.9952E-02  9.8410E+00  1.0000E+00
 3.6704E+02  2.8993E-02  4.7257E+00  2.9952E-02  9.7663E+00  1.0000E+00
 3.6985E+02  2.8997E-02  4.6904E+00  2.9953E-02  9.6922E+00  1.0000E+00
 3.7268E+02  2.9001E-02  4.6555E+00  2.9953E-02  9.6187E+00  1.0000E+00
 3.7554E+02  2.9006E-02  4.6208E+00  2.9953E-02  9.5457E+00  1.0000E+00
 3.7841E+02  2.9010E-02  4.5863E+00  2.9954E-02  9.4733E+00  1.0000E+00
 3.8131E+02  2.9014E-02  4.5521E+00  2.9954E-02  9.4014E+00  1.0000E+00
 3.8423E+02  2.9019E-02  4.5182E+00  2.9954E-02  9.3300E+00  1.0000E+00
 3.8718E+02  2.9023E-02  4.4845E+00  2.9955E-02  9.2592E+00  1.0000E+00
 3.9014E+02  2.9028E-02  4.4511E+00  2.9955E-02  9.1890E+00  1.0000E+00
 3.9313E+02  2.9032E-02  4.4179E+00  2.9955E-02  9.1193E+00  1.0000E+00
 3.9614E+02  2.9036E-02  4.3850E+00  2.9956E-02  9.0501E+00  1.0000E+00
 3.9917E+02  2.9041E-02  4.3523E+00  2.9956E-02  8.9814E+00  1.0000E+00
 4.0223E+02  2.9045E-02  4.3199E+00  2.9956E-02  8.9133E+00  1.0000E+00
 4.0531E+02  2.9049E-02  4.2877E+00  2.9957E-02  8.8456E+00  1.0000E+00
 4.0841E+02  2.9054E-02  4.2557E+00  2.9957E-02  8.7785E+00  1.0000E+00
 4.1154E+02  2.9058E-02  4.2240E+00  2.9957E-02  8.7119E+00  1.0000E+00
 4.1469E+02  2.9063E-02  4.1925E+00  2.9958E-02  8.6458E+00  1.0000E+00
 4.1787E+02  2.9067E-02  4.1613E+00  2.9958E-02  8.5802E+00  1.0000E+00
 4.2107E+02  2.9072E-02  4.1303E+00  2.9959E-02  8.5151E+00  1.0000E+00
 4.2429E+02  2.9076E-02  4.0995E+00  2.9959E-02  8.4505E+00  1.0000E+00
 4.2754E+02  2.9080E-02  4.0689E+00  2.9959E-02  8.3864E+00  1.0000E+00
 4.3082E+02  2.9085E-02  4.0386E+00  2.9960E-02  8.3228E+00  1.0000E+00
 4.3412E+02  2.9089E-02  4.0085E+00  2.9960E-02  8.2596E+00  1.0000E+00
 4.3744E+02  2.9094E-02  3.9787E+00  2.9960E-02  8.1970E+00  1.0000E+00
 4.4079E+02  2.9098E-02  3.9490E+00  2.9961E-02  8.1348E+00  1.0000E+00
 4.4417E+02  2.9103E-02  3.9196E+00  2.9961E-02  8.0731E+00  1.0000E+00
 4.4757E+02  2.9107E-02  3.8904E+00  2.9962E-02  8.0118E+00  1.0000E+00
 4.5100E+02  2.9112E-02  3.8614E+00  2.9962E-02  7.9511E+00  1.0000E+00
 4.5445E+02  2.9116E-02  3.8326E+00  2.9962E-02  7.8907E+00  1.0000E+00
 4.5793E+02  2.9121E-02  3.8041E+00  2.9963E-02  7.8309E+00  1.0000E+00
 4.6144E+02  2.9125E-02  3.7757E+00  2.9963E-02  7.7715E+00  1.0000E+00
 4.6497E+02  2.9130E-02  3.7476E+00  2.9964E-02  7.7125E+00  1.0000E+00
 4.6853E+02  2.9134E-02  3.7197E+00  2.9964E-02  7.6540E+00  1.0000E+00
 4.7212E+02  2.9139E-02  3.6920E+00  2.9964E-02  7.5960E+00  1.0000E+00
 4.7574E+02  2.9143E-02  3.6645E+00  2.9965E-02  7.5383E+00  1.0000E+00
 4.7938E+02  2.9148E-02  3.6372E+00  2.9965E-02  7.4812E+00  1.0000E+00
 4.8305E+02  2.9153E-02  3.6101E+00  2.9966E-02  7.4244E+00  1.0000E+00
 4.8675E+02  2.9157E-02  3.5832E+00  2.9966E-02  7.3681E+00  1.0000E+00
 4.9048E+02  2.9162E-02  3.5565E+00  2.9967E-02  7.3122E+00  1.0000E+00
 4.9424E+02  2.9166E-02  3.5300E+00  2.9967E-02  7.2568E+00  1.0000E+00
 4.9802E+02  2.9171E-02  3.5038E+00  2.9968E-02  7.2017E+00  1.0000E+00
 5.0183E+02  2.9175E-02  3.4777E+00  2.9968E-02  7.1471E+00  1.0000E+00
 5.0568E+02  2.9180E-02  3.4518E+00  2.9968E-02  7.0929E+00  1.0000E+00
 5.0955E+02  2.9185E-02  3.4261E+00  2.9969E-02  7.0391E+00  1.0000E+00
 5.1345E+02  2.9189E-02  3.4005E+00  2.9969E-02  6.9857E+00  1.0000E+00
 5.1738E+02  2.9194E-02  3.3752E+00  2.9970E-02  6.9327E+00  1.0000E+00
 5.2135E+02  2.9199E-02  3.3501E+00  2.9970E-02  6.8801E+00  1.0000E+00
 5.2534E+02  2.9203E-02  3.3251E+00  2.9971E-02  6.8280E+00  1.0000E+00
 5.2936E+02  2.9208E-02  3.3004E+00  2.9971E-02  6.7762E+00  1.0000E+00
 5.3342E+02  2.9213E-02  3.2758E+00  2.9972E-02  6.7248E+00  1.0000E+00
 5.3750E+02  2.9217E-02  3.2514E+00  2.9972E-02  6.6738E+00  1.0000E+00
 5.4162E+02  2.9222E-02  3.2272E+00  2.9973E-02  6.6232E+00  1.0000E+00
 5.4577E+02  2.9227E-02  3.2032E+00  2.9973E-02  6.5730E+00  1.0000E+00
 5.4995E+02  2.9231E-02  3.1793E+00  2.9974E-02  6.5231E+00  1.0000E+00
 5.5416E+02  2.9236E-02  3.1557E+00  2.9974E-02  6.4736E+00  1.0000E+00
 5.5840E+02  2.9241E-02  3.1322E+00  2.9975E-02  6.4246E+00  1.0000E+00
 5.6268E+02  2.9245E-02  3.1089E+00  2.9975E-02  6.3758E+00  1.0000E+00
 5.6699E+02  2.9250E-02  3.0857E+00  2.9976E-02  6.3275E+00  1.0000E+00
 5.7133E+02  2.9255E-02  3.0627E+00  2.9976E-02  6.2795E+00  1.0000E+00
 5.7571E+02  2.9260E-02  3.0399E+00  2.9977E-02  6.2319E+00  1.0000E+00
 5.8011E+02  2.9264E-02  3.0173E+00  2.9977E-02  6.1846E+00  1.0000E+00
 5.8456E+02  2.9269E-02  2.9949E+00  2.9978E-02  6.1378E+00  1.0000E+00
 5.8903E+02  2.9274E-02  2.9726E+00  2.9978E-02  6.0912E+00  1.0000E+00
 5.9354E+02  2.9279E-02  2.9504E+00  2.9979E-02  6.0450E+00  1.0000E+00
 5.9809E+02  2.9283E-02  2.9285E+00  2.9979E-02  5.9992E+00  1.0000E+00
 6.0267E+02  2.9288E-02  2.9067E+00  2.9980E-02  5.9537E+00  1.0000E+00
 6.0729E+02  2.9293E-02  2.8850E+00  2.9980E-02  5.9086E+00  1.0000E+00
 6.1194E+02  2.9298E-02  2.8636E+00  2.9981E-02  5.8638E+00  1.0000E+00
 6.1662E+02  2.9302E-02  2.8423E+00  2.9981E-02  5.8193E+00  1.0000E+00
 6.2135E+02  2.9307E-02  2.8211E+00  2.9982E-02  5.7752E+00  1.0000E+00
 6.2610E+02  2.9312E-02  2.8001E+00  2.9983E-02  5.7314E+00  1.0000E+00
 6.3090E+02  2.9317E-02  2.7793E+00  2.9983E-02  5.6880E+00  1.0000E+00
 6.3573E+02  2.9322E-02  2.7586E+00  2.9984E-02  5.6448E+00  1.0000E+00
 6.4060E+02  2.9327E-02  2.7381E+00  2.9984E-02  5.6021E+00  1.0000E+00
 6.4551E+02  2.9331E-02  2.7177E+00  2.9985E-02  5.5596E+00  1.0000E+00
 6.5045E+02  2.9336E-02  2.6975E+00  2.9985E-02  5.5174E+00  1.0000E+00
 6.5543E+02  2.9341E-02  2.6774E+00  2.9986E-02  5.4756E+00  1.0000E+00
 6.6045E+02  2.9346E-02  2.6575E+00  2.9987E-02  5.4341E+00  1.0000E+00
 6.6551E+02  2.9351E-02  2.6377E+00  2.9987E-02  5.3929E+00  1.0000E+00
 6.7060E+02  2.9356E-02  2.6181E+00  2.9988E-02  5.3520E+00  1.0000E+00
 6.7574E+02  2.9361E-02  2.5986E+00  2.9988E-02  5.3115E+00  1.0000E+00
 6.8092E+02  2.9365E-02  2.5793E+00  2.9989E-02  5.2712E+00  1.0000E+00
 6.8613E+02  2.9370E-02  2.5601E+00  2.9990E-02  5.2313E+00  1.0000E+00
 6.9138E+02  2.9375E-02  2.5410E+00  2.9990E-02  5.1916E+00  1.0000E+00
 6.9668E+02  2.9380E-02  2.5221E+00  2.9991E-02  5.1523E+00  1.0000E+00
 7.0201E+02  2.9385E-02  2.5034E+00  2.9991E-02  5.1132E+00  1.0000E+00
 7.0739E+02  2.9390E-02  2.4848E+00  2.9992E-02  5.0745E+00  1.0000E+00
 7.1281E+02  2.9395E-02  2.4663E+00  2.9993E-02  5.0360E+00  1.0000E+00
 7.1827E+02  2.9400E-02  2.4479E+00  2.9993E-02  4.9978E+00  1.0000E+00
 7.2377E+02  2.9405E-02  2.4297E+00  2.9994E-02  4.9600E+00  1.0000E+00
 7.2931E+02  2.9410E-02  2.4116E+00  2.9995E-02  4.9224E+00  1.0000E+00
 7.3490E+02  2.9415E-02  2.3937E+00  2.9995E-02  4.8851E+00  1.0000E+00
 7.4052E+02  2.9420E-02  2.3759E+00  2.9996E-02  4.8481E+00  1.0000E+00
 7.4620E+02  2.9425E-02  2.3582E+00  2.9997E-02  4.8113E+00  1.0000E+00
 7.5191E+02  2.9430E-02  2.3407E+00  2.9997E-02  4.7749E+00  1.0000E+00
 7.5767E+02  2.9435E-02  2.3233E+00  2.9998E-02  4.7387E+00  1.0000E+00
 7.6347E+02  2.9440E-02  2.3060E+00  2.9999E-02  4.7028E+00  1.0000E+00
 7.6932E+02  2.9445E-02  2.2888E+00  2.9999E-02  4.6671E+00  1.0000E+00
 7.7521E+02  2.9450E-02  2.2718E+00  3.0000E-02  4.6318E+00  1.0000E+00
 7.8115E+02  2.9455E-02  2.2549E+00  3.0001E-02  4.5967E+00  1.0000E+00
 7.8713E+02  2.9460E-02  2.2382E+00  3.0001E-02  4.5619E+00  1.0000E+00
 7.9316E+02  2.9465E-02  2.2215E+00  3.0002E-02  4.5273E+00  1.0000E+00
 7.9923E+02  2.9470E-02  2.2050E+00  3.0003E-02  4.4930E+00  1.0000E+00
 8.0535E+02  2.9475E-02  2.1886E+00  3.0004E-02  4.4590E+00  1.0000E+00
 8.1152E+02  2.9480E-02  2.1723E+00  3.0004E-02  4.4252E+00  1.0000E+00
 8.1774E+02  2.9485E-02  2.1561E+00  3.0005E-02  4.3917E+00  1.0000E+00
 8.2400E+02  2.9490E-02  2.1401E+00  3.0006E-02  4.3584E+00  1.0000E+00
 8.3031E+02  2.9495E-02  2.1242E+00  3.0006E-02  4.3254E+00  1.0000E+00
 8.3667E+02  2.9500E-02  2.1084E+00  3.0007E-02  4.2926E+00  1.0000E+00
 8.4307E+02  2.9505E-02  2.0927E+00  3.0008E-02  4.2601E+00  1.0000E+00
 8.4953E+02  2.9510E-02  2.0772E+00  3.0009E-02  4.2278E+00  1.0000E+00
 8.5604E+02  2.9515E-02  2.0617E+00  3.0009E-02  4.1958E+00  1.0000E+00
 8.6259E+02  2.9520E-02  2.0464E+00  3.0010E-02  4.1640E+00  1.0000E+00
 8.6920E+02  2.9525E-02  2.0311E+00  3.0011E-02  4.1325E+00  1.0000E+00
 8.7586E+02  2.9530E-02  2.0160E+00  3.0012E-02  4.1012E+00  1.0000E+00
 8.8256E+02  2.9535E-02  2.0010E+00  3.0013E-02  4.0701E+00  1.0000E+00
 8.8932E+02  2.9540E-02  1.9862E+00  3.0013E-02  4.0393E+00  1.0000E+00
 8.9613E+02  2.9545E-02  1.9714E+00  3.0014E-02  4.0087E+00  1.0000E+00
 9.0300E+02  2.9550E-02  1.9567E+00  3.0015E-02  3.9783E+00  1.0000E+00
 9.0991E+02  2.9555E-02  1.9422E+00  3.0016E-02  3.9482E+00  1.0000E+00
 9.1688E+02  2.9560E-02  1.9277E+00  3.0017E-02  3.9183E+00  1.0000E+00
 9.2390E+02  2.9565E-02  1.9134E+00  3.0017E-02  3.8887E+00  1.0000E+00
 9.3098E+02  2.9570E-02  1.8992E+00  3.0018E-02  3.8592E+00  1.0000E+00
 9.3811E+02  2.9575E-02  1.8850E+00  3.0019E-02  3.8300E+00  1.0000E+00
 9.4529E+02  2.9580E-02  1.8710E+00  3.0020E-02  3.8010E+00  1.0000E+00
 9.5253E+02  2.9585E-02  1.8571E+00  3.0021E-02  3.7722E+00  1.0000E+00
 9.5983E+02  2.9591E-02  1.8433E+00  3.0022E-02  3.7436E+00  1.0000E+00
 9.6718E+02  2.9596E-02  1.8296E+00  3.0023E-02  3.7153E+00  1.0000E+00
 9.7458E+02  2.9601E-02  1.8160E+00  3.0023E-02  3.6872E+00  1.0000E+00
 9.8205E+02  2.9606E-02  1.8025E+00  3.0024E-02  3.6593E+00  1.0000E+00
 9.8957E+02  2.9611E-02  1.7891E+00  3.0025E-02  3.6315E+00  1.0000E+00
 9.9715E+02  2.9616E-02  1.7758E+00  3.0026E-02  3.6041E+00  1.0000E+00
 1.0048E+03  2.9621E-02  1.7626E+00  3.0027E-02  3.5768E+00  1.0000E+00
 1.0125E+03  2.9626E-02  1.7495E+00  3.0028E-02  3.5497E+00  1.0000E+00
 1.0202E+03  2.9631E-02  1.7364E+00  3.0029E-02  3.5228E+00  1.0000E+00
 1.0280E+03  2.9636E-02  1.7235E+00  3.0030E-02  3.4962E+00  1.0000E+00
 1.0359E+03  2.9641E-02  1.7107E+00  3.0031E-02  3.4697E+00  1.0000E+00
 1.0439E+03  2.9647E-02  1.6980E+00  3.0032E-02  3.4434E+00  1.0000E+00
 1.0518E+03  2.9652E-02  1.6854E+00  3.0032E-02  3.4174E+00  1.0000E+00
 1.0599E+03  2.9657E-02  1.6728E+00  3.0033E-02  3.3915E+00  1.0000E+00
 1.0680E+03  2.9662E-02  1.6604E+00  3.0034E-02  3.3658E+00  1.0000E+00
 1.0762E+03  2.9667E-02  1.6480E+00  3.0035E-02  3.3404E+00  1.0000E+00
 1.0844E+03  2.9672E-02  1.6358E+00  3.0036E-02  3.3151E+00  1.0000E+00
 1.0927E+03  2.9677E-02  1.6236E+00  3.0037E-02  3.2900E+00  1.0000E+00
 1.1011E+03  2.9682E-02  1.6115E+00  3.0038E-02  3.2651E+00  1.0000E+00
 1.1095E+03  2.9687E-02  1.5996E+00  3.0039E-02  3.2404E+00  1.0000E+00
 1.1180E+03  2.9693E-02  1.5877E+00  3.0040E-02  3.2159E+00  1.0000E+00
 1.1266E+03  2.9698E-02  1.5759E+00  3.0041E-02  3.1915E+00  1.0000E+00
 1.1352E+03  2.9703E-02  1.5641E+00  3.0042E-02  3.1674E+00  1.0000E+00
 1.1439E+03  2.9708E-02  1.5525E+00  3.0043E-02  3.1434E+00  1.0000E+00
 1.1527E+03  2.9713E-02  1.5410E+00  3.0044E-02  3.1196E+00  1.0000E+00
 1.1615E+03  2.9718E-02  1.5295E+00  3.0045E-02  3.0960E+00  1.0000E+00
 1.1704E+03  2.9723E-02  1.5181E+00  3.0046E-02  3.0726E+00  1.0000E+00
 1.1794E+03  2.9729E-02  1.5068E+00  3.0047E-02  3.0494E+00  1.0000E+00
 1.1884E+03  2.9734E-02  1.4956E+00  3.0048E-02  3.0263E+00  1.0000E+00
 1.1975E+03  2.9739E-02  1.4845E+00  3.0050E-02  3.0034E+00  1.0000E+00
 1.2067E+03  2.9744E-02  1.4735E+00  3.0051E-02  2.9807E+00  1.0000E+00
 1.2159E+03  2.9749E-02  1.4625E+00  3.0052E-02  2.9581E+00  1.0000E+00
 1.2252E+03  2.9754E-02  1.4516E+00  3.0053E-02  2.9358E+00  1.0000E+00
 1.2346E+03  2.9760E-02  1.4408E+00  3.0054E-02  2.9136E+00  1.0000E+00
 1.2441E+03  2.9765E-02  1.4301E+00  3.0055E-02  2.8915E+00  1.0000E+00
 1.2536E+03  2.9770E-02  1.4195E+00  3.0056E-02  2.8697E+00  1.0000E+00
 1.2632E+03  2.9775E-02  1.4089E+00  3.0057E-02  2.8480E+00  1.0000E+00
 1.2729E+03  2.9780E-02  1.3984E+00  3.0058E-02  2.8264E+00  1.0000E+00
 1.2826E+03  2.9785E-02  1.3880E+00  3.0060E-02  2.8051E+00  1.0000E+00
 1.2924E+03  2.9791E-02  1.3777E+00  3.0061E-02  2.7838E+00  1.0000E+00
 1.3023E+03  2.9796E-02  1.3675E+00  3.0062E-02  2.7628E+00  1.0000E+00
 1.3123E+03  2.9801E-02  1.3573E+00  3.0063E-02  2.7419E+00  1.0000E+00
 1.3224E+03  2.9806E-02  1.3472E+00  3.0064E-02  2.7212E+00  1.0000E+00
 1.3325E+03  2.9811E-02  1.3372E+00  3.0065E-02  2.7006E+00  1.0000E+00
 1.3427E+03  2.9817E-02  1.3272E+00  3.0067E-02  2.6802E+00  1.0000E+00
 1.3530E+03  2.9822E-02  1.3174E+00  3.0068E-02  2.6599E+00  1.0000E+00
 1.3633E+03  2.9827E-02  1.3076E+00  3.0069E-02  2.6398E+00  1.0000E+00
 1.3738E+03  2.9832E-02  1.2979E+00  3.0070E-02  2.6199E+00  1.0000E+00
 1.3843E+03  2.9837E-02  1.2882E+00  3.0071E-02  2.6000E+00  1.0000E+00
 1.3949E+03  2.9843E-02  1.2786E+00  3.0073E-02  2.5804E+00  1.0000E+00
 1.4056E+03  2.9848E-02  1.2691E+00  3.0074E-02  2.5609E+00  1.0000E+00
 1.4164E+03  2.9853E-02  1.2597E+00  3.0075E-02  2.5415E+00  1.0000E+00
 1.4272E+03  2.9858E-02  1.2503E+00  3.0076E-02  2.5223E+00  1.0000E+00
 1.4381E+03  2.9863E-02  1.2410E+00  3.0078E-02  2.5033E+00  1.0000E+00
 1.4491E+03  2.9869E-02  1.2318E+00  3.0079E-02  2.4843E+00  1.0000E+00
 1.4602E+03  2.9874E-02  1.2226E+00  3.0080E-02  2.4656E+00  1.0000E+00
 1.4714E+03  2.9879E-02  1.2135E+00  3.0082E-02  2.4469E+00  1.0000E+00
 1.4827E+03  2.9884E-02  1.2045E+00  3.0083E-02  2.4285E+00  1.0000E+00
 1.4940E+03  2.9890E-02  1.1955E+00  3.0084E-02  2.4101E+00  1.0000E+00
 1.5055E+03  2.9895E-02  1.1866E+00  3.0086E-02  2.3919E+00  1.0000E+00
 1.5170E+03  2.9900E-02  1.1778E+00  3.0087E-02  2.3738E+00  1.0000E+00
 1.5286E+03  2.9905E-02  1.1691E+00  3.0088E-02  2.3559E+00  1.0000E+00
 1.5403E+03  2.9911E-02  1.1604E+00  3.0090E-02  2.3381E+00  1.0000E+00
 1.5521E+03  2.9916E-02  1.1517E+00  3.0091E-02  2.3204E+00  1.0000E+00
 1.5640E+03  2.9921E-02  1.1432E+00  3.0093E-02  2.3029E+00  1.0000E+00
 1.5760E+03  2.9926E-02  1.1347E+00  3.0094E-02  2.2855E+00  1.0000E+00
 1.5881E+03  2.9932E-02  1.1262E+00  3.0095E-02  2.2682E+00  1.0000E+00
 1.6002E+03  2.9937E-02  1.1179E+00  3.0097E-02  2.2511E+00  1.0000E+00
 1.6125E+03  2.9942E-02  1.1095E+00  3.0098E-02  2.2341E+00  1.0000E+00
 1.6248E+03  2.9947E-02  1.1013E+00  3.0100E-02  2.2172E+00  1.0000E+00
 1.6373E+03  2.9953E-02  1.0931E+00  3.0101E-02  2.2005E+00  1.0000E+00
 1.6498E+03  2.9958E-02  1.0850E+00  3.0103E-02  2.1839E+00  1.0000E+00
 1.6625E+03  2.9963E-02  1.0769E+00  3.0104E-02  2.1674E+00  1.0000E+00
 1.6752E+03  2.9968E-02  1.0689E+00  3.0106E-02  2.1510E+00  1.0000E+00
 1.6880E+03  2.9974E-02  1.0609E+00  3.0107E-02  2.1348E+00  1.0000E+00
 1.7009E+03  2.9979E-02  1.0530E+00  3.0109E-02  2.1187E+00  1.0000E+00
 1.7140E+03  2.9984E-02  1.0452E+00  3.0110E-02  2.1027E+00  1.0000E+00
 1.7271E+03  2.9989E-02  1.0374E+00  3.0112E-02  2.0868E+00  1.0000E+00
 1.7403E+03  2.9995E-02  1.0297E+00  3.0113E-02  2.0710E+00  1.0000E+00
 1.7537E+03  3.0000E-02  1.0221E+00  3.0115E-02  2.0554E+00  1.0000E+00
 1.7671E+03  3.0005E-02  1.0145E+00  3.0116E-02  2.0399E+00  1.0000E+00
 1.7806E+03  3.0011E-02  1.0069E+00  3.0118E-02  2.0245E+00  1.0000E+00
 1.7943E+03  3.0016E-02  9.9942E-01  3.0120E-02  2.0092E+00  1.0000E+00
 1.8080E+03  3.0021E-02  9.9199E-01  3.0121E-02  1.9941E+00  1.0000E+00
 1.8218E+03  3.0026E-02  9.8461E-01  3.0123E-02  1.9790E+00  1.0000E+00
 1.8358E+03  3.0032E-02  9.7728E-01  3.0124E-02  1.9641E+00  1.0000E+00
 1.8499E+03  3.0037E-02  9.7001E-01  3.0126E-02  1.9493E+00  1.0000E+00
 1.8640E+03  3.0042E-02  9.6280E-01  3.0128E-02  1.9345E+00  1.0000E+00
 1.8783E+03  3.0048E-02  9.5563E-01  3.0129E-02  1.9199E+00  1.0000E+00
 1.8927E+03  3.0053E-02  9.4852E-01  3.0131E-02  1.9055E+00  1.0000E+00
 1.9072E+03  3.0058E-02  9.4147E-01  3.0133E-02  1.8911E+00  1.0000E+00
 1.9218E+03  3.0063E-02  9.3446E-01  3.0135E-02  1.8768E+00  1.0000E+00
 1.9365E+03  3.0069E-02  9.2751E-01  3.0136E-02  1.8627E+00  1.0000E+00
 1.9513E+03  3.0074E-02  9.2061E-01  3.0138E-02  1.8486E+00  1.0000E+00
 1.9663E+03  3.0079E-02  9.1376E-01  3.0140E-02  1.8347E+00  1.0000E+00
 1.9813E+03  3.0085E-02  9.0697E-01  3.0142E-02  1.8208E+00  1.0000E+00
 1.9965E+03  3.0090E-02  9.0022E-01  3.0143E-02  1.8071E+00  1.0000E+00
 2.0118E+03  3.0095E-02  8.9352E-01  3.0145E-02  1.7935E+00  1.0000E+00
 2.0272E+03  3.0101E-02  8.8687E-01  3.0147E-02  1.7800E+00  1.0000E+00
 2.0427E+03  3.0106E-02  8.8027E-01  3.0149E-02  1.7665E+00  1.0000E+00
 2.0584E+03  3.0111E-02  8.7373E-01  3.0151E-02  1.7532E+00  1.0000E+00
 2.0741E+03  3.0117E-02  8.6722E-01  3.0152E-02  1.7400E+00  1.0000E+00
 2.0900E+03  3.0122E-02  8.6077E-01  3.0154E-02  1.7269E+00  1.0000E+00
 2.1060E+03  3.0127E-02  8.5437E-01  3.0156E-02  1.7139E+00  1.0000E+00
 2.1222E+03  3.0133E-02  8.4801E-01  3.0158E-02  1.7009E+00  1.0000E+00
 2.1384E+03  3.0138E-02  8.4170E-01  3.0160E-02  1.6881E+00  1.0000E+00
 2.1548E+03  3.0143E-02  8.3544E-01  3.0162E-02  1.6754E+00  1.0000E+00
 2.1713E+03  3.0149E-02  8.2922E-01  3.0164E-02  1.6628E+00  1.0000E+00
 2.1879E+03  3.0154E-02  8.2305E-01  3.0166E-02  1.6502E+00  1.0000E+00
 2.2047E+03  3.0159E-02  8.1693E-01  3.0168E-02  1.6378E+00  1.0000E+00
 2.2216E+03  3.0165E-02  8.1085E-01  3.0170E-02  1.6255E+00  1.0000E+00
 2.2386E+03  3.0170E-02  8.0482E-01  3.0172E-02  1.6132E+00  1.0000E+00
 2.2557E+03  3.0175E-02  7.9883E-01  3.0174E-02  1.6011E+00  1.0000E+00
 2.2730E+03  3.0181E-02  7.9288E-01  3.0176E-02  1.5890E+00  1.0000E+00
 2.2904E+03  3.0186E-02  7.8698E-01  3.0178E-02  1.5770E+00  1.0000E+00
 2.3079E+03  3.0191E-02  7.8113E-01  3.0180E-02  1.5652E+00  1.0000E+00
 2.3256E+03  3.0197E-02  7.7531E-01  3.0182E-02  1.5534E+00  1.0000E+00
 2.3434E+03  3.0202E-02  7.6954E-01  3.0184E-02  1.5417E+00  1.0000E+00
 2.3614E+03  3.0207E-02  7.6382E-01  3.0186E-02  1.5301E+00  1.0000E+00
 2.3794E+03  3.0213E-02  7.5813E-01  3.0188E-02  1.5185E+00  1.0000E+00
 2.3977E+03  3.0218E-02  7.5249E-01  3.0191E-02  1.5071E+00  1.0000E+00
 2.4160E+03  3.0223E-02  7.4689E-01  3.0193E-02  1.4958E+00  1.0000E+00
 2.4345E+03  3.0229E-02  7.4133E-01  3.0195E-02  1.4845E+00  1.0000E+00
 2.4532E+03  3.0234E-02  7.3581E-01  3.0197E-02  1.4733E+00  1.0000E+00
 2.4720E+03  3.0239E-02  7.3034E-01  3.0199E-02  1.4622E+00  1.0000E+00
 2.4909E+03  3.0245E-02  7.2490E-01  3.0201E-02  1.4512E+00  1.0000E+00
 2.5100E+03  3.0250E-02  7.1951E-01  3.0204E-02  1.4403E+00  1.0000E+00
 2.5292E+03  3.0256E-02  7.1415E-01  3.0206E-02  1.4295E+00  1.0000E+00
 2.5486E+03  3.0261E-02  7.0884E-01  3.0208E-02  1.4187E+00  1.0000E+00
 2.5681E+03  3.0266E-02  7.0356E-01  3.0211E-02  1.4080E+00  1.0000E+00
 2.5878E+03  3.0272E-02  6.9832E-01  3.0213E-02  1.3974E+00  1.0000E+00
 2.6076E+03  3.0277E-02  6.9313E-01  3.0215E-02  1.3869E+00  1.0000E+00
 2.6275E+03  3.0282E-02  6.8797E-01  3.0218E-02  1.3765E+00  1.0000E+00
 2.6477E+03  3.0288E-02  6.8285E-01  3.0220E-02  1.3661E+00  1.0000E+00
 2.6679E+03  3.0293E-02  6.7776E-01  3.0222E-02  1.3559E+00  1.0000E+00
 2.6884E+03  3.0298E-02  6.7272E-01  3.0225E-02  1.3457E+00  1.0000E+00
 2.7090E+03  3.0304E-02  6.6771E-01  3.0227E-02  1.3355E+00  1.0000E+00
 2.7297E+03  3.0309E-02  6.6274E-01  3.0230E-02  1.3255E+00  1.0000E+00
 2.7506E+03  3.0315E-02  6.5781E-01  3.0232E-02  1.3155E+00  1.0000E+00
 2.7717E+03  3.0320E-02  6.5291E-01  3.0235E-02  1.3056E+00  1.0000E+00
 2.7929E+03  3.0325E-02  6.4805E-01  3.0237E-02  1.2958E+00  1.0000E+00
 2.8143E+03  3.0331E-02  6.4322E-01  3.0240E-02  1.2861E+00  1.0000E+00
 2.8358E+03  3.0336E-02  6.3844E-01  3.0242E-02  1.2764E+00  1.0000E+00
 2.8576E+03  3.0342E-02  6.3368E-01  3.0245E-02  1.2668E+00  1.0000E+00
 2.8794E+03  3.0347E-02  6.2896E-01  3.0247E-02  1.2573E+00  1.0000E+00
 2.9015E+03  3.0352E-02  6.2428E-01  3.0250E-02  1.2479E+00  1.0000E+00
 2.9237E+03  3.0358E-02  6.1963E-01  3.0252E-02  1.2385E+00  1.0000E+00
 2.9461E+03  3.0363E-02  6.1502E-01  3.0255E-02  1.2292E+00  1.0000E+00
 2.9687E+03  3.0368E-02  6.1044E-01  3.0258E-02  1.2199E+00  1.0000E+00
 2.9914E+03  3.0374E-02  6.0590E-01  3.0260E-02  1.2108E+00  1.0000E+00
 3.0143E+03  3.0379E-02  6.0138E-01  3.0263E-02  1.2017E+00  1.0000E+00
 3.0374E+03  3.0385E-02  5.9691E-01  3.0266E-02  1.1927E+00  1.0000E+00
 3.0607E+03  3.0390E-02  5.9246E-01  3.0269E-02  1.1837E+00  1.0000E+00
 3.0841E+03  3.0395E-02  5.8805E-01  3.0271E-02  1.1748E+00  1.0000E+00
 3.1077E+03  3.0401E-02  5.8367E-01  3.0274E-02  1.1660E+00  1.0000E+00
 3.1315E+03  3.0406E-02  5.7932E-01  3.0277E-02  1.1572E+00  1.0000E+00
 3.1555E+03  3.0412E-02  5.7501E-01  3.0280E-02  1.1485E+00  1.0000E+00
 3.1797E+03  3.0417E-02  5.7073E-01  3.0283E-02  1.1399E+00  1.0000E+00
 3.2040E+03  3.0423E-02  5.6648E-01  3.0285E-02  1.1314E+00  1.0000E+00
 3.2286E+03  3.0428E-02  5.6226E-01  3.0288E-02  1.1229E+00  1.0000E+00
 3.2533E+03  3.0433E-02  5.5807E-01  3.0291E-02  1.1145E+00  1.0000E+00
 3.2782E+03  3.0439E-02  5.5392E-01  3.0294E-02  1.1061E+00  1.0000E+00
 3.3033E+03  3.0444E-02  5.4979E-01  3.0297E-02  1.0978E+00  1.0000E+00
 3.3286E+03  3.0450E-02  5.4570E-01  3.0300E-02  1.0896E+00  1.0000E+00
 3.3541E+03  3.0455E-02  5.4163E-01  3.0303E-02  1.0814E+00  1.0000E+00
 3.3798E+03  3.0460E-02  5.3760E-01  3.0306E-02  1.0733E+00  1.0000E+00
 3.4057E+03  3.0466E-02  5.3359E-01  3.0309E-02  1.0652E+00  1.0000E+00
 3.4317E+03  3.0471E-02  5.2962E-01  3.0312E-02  1.0572E+00  1.0000E+00
 3.4580E+03  3.0477E-02  5.2567E-01  3.0315E-02  1.0493E+00  1.0000E+00
 3.4845E+03  3.0482E-02  5.2176E-01  3.0318E-02  1.0414E+00  1.0000E+00
 3.5112E+03  3.0488E-02  5.1787E-01  3.0322E-02  1.0336E+00  1.0000E+00
 3.5381E+03  3.0493E-02  5.1401E-01  3.0325E-02  1.0259E+00  1.0000E+00
 3.5652E+03  3.0498E-02  5.1018E-01  3.0328E-02  1.0182E+00  1.0000E+00
 3.5925E+03  3.0504E-02  5.0638E-01  3.0331E-02  1.0106E+00  1.0000E+00
 3.6200E+03  3.0509E-02  5.0261E-01  3.0334E-02  1.0030E+00  1.0000E+00
 3.6477E+03  3.0515E-02  4.9887E-01  3.0338E-02  9.9547E-01  1.0000E+00
 3.6757E+03  3.0520E-02  4.9515E-01  3.0341E-02  9.8801E-01  1.0000E+00
 3.7038E+03  3.0526E-02  4.9146E-01  3.0344E-02  9.8061E-01  1.0000E+00
 3.7322E+03  3.0531E-02  4.8780E-01  3.0348E-02  9.7326E-01  1.0000E+00
 3.7608E+03  3.0537E-02  4.8416E-01  3.0351E-02  9.6597E-01  1.0000E+00
 3.7896E+03  3.0542E-02  4.8056E-01  3.0354E-02  9.5874E-01  1.0000E+00
 3.8186E+03  3.0548E-02  4.7698E-01  3.0358E-02  9.5156E-01  1.0000E+00
 3.8478E+03  3.0553E-02  4.7342E-01  3.0361E-02  9.4444E-01  1.0000E+00
 3.8773E+03  3.0558E-02  4.6990E-01  3.0365E-02  9.3737E-01  1.0000E+00
 3.9070E+03  3.0564E-02  4.6639E-01  3.0368E-02  9.3035E-01  1.0000E+00
 3.9369E+03  3.0569E-02  4.6292E-01  3.0372E-02  9.2339E-01  1.0000E+00
 3.9671E+03  3.0575E-02  4.5947E-01  3.0375E-02  9.1648E-01  1.0000E+00
 3.9974E+03  3.0580E-02  4.5605E-01  3.0379E-02  9.0962E-01  1.0000E+00
 4.0281E+03  3.0586E-02  4.5265E-01  3.0383E-02  9.0281E-01  1.0000E+00
 4.0589E+03  3.0591E-02  4.4927E-01  3.0386E-02  8.9606E-01  1.0000E+00
 4.0900E+03  3.0597E-02  4.4593E-01  3.0390E-02  8.8935E-01  1.0000E+00
 4.1213E+03  3.0602E-02  4.4260E-01  3.0394E-02  8.8270E-01  1.0000E+00
 4.1529E+03  3.0608E-02  4.3930E-01  3.0397E-02  8.7610E-01  1.0000E+00
 4.1847E+03  3.0613E-02  4.3603E-01  3.0401E-02  8.6955E-01  1.0000E+00
 4.2167E+03  3.0619E-02  4.3278E-01  3.0405E-02  8.6305E-01  1.0000E+00
 4.2490E+03  3.0624E-02  4.2955E-01  3.0409E-02  8.5660E-01  1.0000E+00
 4.2816E+03  3.0630E-02  4.2635E-01  3.0413E-02  8.5019E-01  1.0000E+00
 4.3143E+03  3.0635E-02  4.2317E-01  3.0416E-02  8.4384E-01  1.0000E+00
 4.3474E+03  3.0641E-02  4.2002E-01  3.0420E-02  8.3753E-01  1.0000E+00
 4.3807E+03  3.0646E-02  4.1689E-01  3.0424E-02  8.3128E-01  1.0000E+00
 4.4142E+03  3.0652E-02  4.1378E-01  3.0428E-02  8.2507E-01  1.0000E+00
 4.4480E+03  3.0657E-02  4.1070E-01  3.0432E-02  8.1890E-01  1.0000E+00
 4.4821E+03  3.0663E-02  4.0763E-01  3.0436E-02  8.1279E-01  1.0000E+00
 4.5164E+03  3.0668E-02  4.0460E-01  3.0440E-02  8.0672E-01  1.0000E+00
 4.5510E+03  3.0674E-02  4.0158E-01  3.0444E-02  8.0069E-01  1.0000E+00
 4.5859E+03  3.0679E-02  3.9859E-01  3.0448E-02  7.9472E-01  1.0000E+00
 4.6210E+03  3.0685E-02  3.9561E-01  3.0453E-02  7.8878E-01  1.0000E+00
 4.6564E+03  3.0690E-02  3.9266E-01  3.0457E-02  7.8290E-01  1.0000E+00
 4.6920E+03  3.0696E-02  3.8974E-01  3.0461E-02  7.7705E-01  1.0000E+00
 4.7280E+03  3.0701E-02  3.8683E-01  3.0465E-02  7.7126E-01  1.0000E+00
 4.7642E+03  3.0707E-02  3.8395E-01  3.0469E-02  7.6550E-01  1.0000E+00
 4.8007E+03  3.0712E-02  3.8108E-01  3.0474E-02  7.5979E-01  1.0000E+00
 4.8374E+03  3.0718E-02  3.7824E-01  3.0478E-02  7.5412E-01  1.0000E+00
 4.8745E+03  3.0723E-02  3.7542E-01  3.0483E-02  7.4850E-01  1.0000E+00
 4.9118E+03  3.0729E-02  3.7262E-01  3.0487E-02  7.4292E-01  1.0000E+00
 4.9494E+03  3.0735E-02  3.6984E-01  3.0491E-02  7.3738E-01  1.0000E+00
 4.9873E+03  3.0740E-02  3.6708E-01  3.0496E-02  7.3188E-01  1.0000E+00
 5.0255E+03  3.0746E-02  3.6435E-01  3.0500E-02  7.2643E-01  1.0000E+00
 5.0640E+03  3.0751E-02  3.6163E-01  3.0505E-02  7.2101E-01  1.0000E+00
 5.1028E+03  3.0757E-02  3.5893E-01  3.0510E-02  7.1564E-01  1.0000E+00
 5.1419E+03  3.0763E-02  3.5626E-01  3.0514E-02  7.1031E-01  1.0000E+00
 5.1812E+03  3.0768E-02  3.5360E-01  3.0519E-02  7.0502E-01  1.0000E+00
 5.2209E+03  3.0774E-02  3.5097E-01  3.0523E-02  6.9977E-01  1.0000E+00
 5.2609E+03  3.0780E-02  3.4835E-01  3.0528E-02  6.9456E-01  1.0000E+00
 5.3012E+03  3.0786E-02  3.4576E-01  3.0533E-02  6.8939E-01  1.0000E+00
 5.3418E+03  3.0792E-02  3.4319E-01  3.0538E-02  6.8426E-01  1.0000E+00
 5.3827E+03  3.0798E-02  3.4063E-01  3.0543E-02  6.7916E-01  1.0000E+00
 5.4239E+03  3.0804E-02  3.3810E-01  3.0547E-02  6.7411E-01  1.0000E+00
 5.4655E+03  3.0810E-02  3.3558E-01  3.0552E-02  6.6909E-01  1.0000E+00
 5.5073E+03  3.0817E-02  3.3308E-01  3.0557E-02  6.6412E-01  1.0000E+00
 5.5495E+03  3.0823E-02  3.3061E-01  3.0562E-02  6.5918E-01  1.0000E+00
 5.5920E+03  3.0829E-02  3.2815E-01  3.0567E-02  6.5427E-01  1.0000E+00
 5.6348E+03  3.0836E-02  3.2571E-01  3.0572E-02  6.4941E-01  1.0000E+00
 5.6780E+03  3.0842E-02  3.2329E-01  3.0578E-02  6.4458E-01  1.0000E+00
 5.7215E+03  3.0849E-02  3.2089E-01  3.0583E-02  6.3979E-01  1.0000E+00
 5.7653E+03  3.0855E-02  3.1850E-01  3.0588E-02  6.3504E-01  1.0000E+00
 5.8094E+03  3.0862E-02  3.1614E-01  3.0593E-02  6.3032E-01  1.0000E+00
 5.8539E+03  3.0869E-02  3.1379E-01  3.0598E-02  6.2563E-01  1.0000E+00
 5.8988E+03  3.0876E-02  3.1146E-01  3.0604E-02  6.2099E-01  1.0000E+00
 5.9439E+03  3.0882E-02  3.0914E-01  3.0609E-02  6.1638E-01  1.0000E+00
 5.9895E+03  3.0889E-02  3.0685E-01  3.0614E-02  6.1180E-01  1.0000E+00
 6.0353E+03  3.0896E-02  3.0457E-01  3.0620E-02  6.0726E-01  1.0000E+00
 6.0815E+03  3.0903E-02  3.0231E-01  3.0625E-02  6.0275E-01  1.0000E+00
 6.1281E+03  3.0910E-02  3.0007E-01  3.0631E-02  5.9828E-01  1.0000E+00
 6.1751E+03  3.0917E-02  2.9784E-01  3.0636E-02  5.9384E-01  1.0000E+00
 6.2223E+03  3.0924E-02  2.9563E-01  3.0642E-02  5.8943E-01  1.0000E+00
 6.2700E+03  3.0932E-02  2.9344E-01  3.0648E-02  5.8506E-01  1.0000E+00
 6.3180E+03  3.0939E-02  2.9127E-01  3.0653E-02  5.8072E-01  1.0000E+00
 6.3664E+03  3.0946E-02  2.8911E-01  3.0659E-02  5.7641E-01  1.0000E+00
 6.4152E+03  3.0954E-02  2.8696E-01  3.0665E-02  5.7214E-01  1.0000E+00
 6.4643E+03  3.0961E-02  2.8484E-01  3.0671E-02  5.6790E-01  1.0000E+00
 6.5138E+03  3.0968E-02  2.8273E-01  3.0677E-02  5.6369E-01  1.0000E+00
 6.5637E+03  3.0976E-02  2.8063E-01  3.0682E-02  5.5952E-01  1.0000E+00
 6.6139E+03  3.0983E-02  2.7855E-01  3.0688E-02  5.5537E-01  1.0000E+00
 6.6646E+03  3.0991E-02  2.7649E-01  3.0694E-02  5.5126E-01  1.0000E+00
 6.7156E+03  3.0998E-02  2.7444E-01  3.0701E-02  5.4718E-01  1.0000E+00
 6.7671E+03  3.1006E-02  2.7241E-01  3.0707E-02  5.4313E-01  1.0000E+00
 6.8189E+03  3.1014E-02  2.7039E-01  3.0713E-02  5.3911E-01  1.0000E+00
 6.8711E+03  3.1022E-02  2.6839E-01  3.0719E-02  5.3512E-01  1.0000E+00
 6.9237E+03  3.1029E-02  2.6641E-01  3.0725E-02  5.3116E-01  1.0000E+00
 6.9768E+03  3.1037E-02  2.6443E-01  3.0731E-02  5.2723E-01  1.0000E+00
 7.0302E+03  3.1045E-02  2.6248E-01  3.0738E-02  5.2333E-01  1.0000E+00
 7.0840E+03  3.1053E-02  2.6053E-01  3.0744E-02  5.1946E-01  1.0000E+00
 7.1383E+03  3.1061E-02  2.5861E-01  3.0751E-02  5.1562E-01  1.0000E+00
 7.1929E+03  3.1069E-02  2.5669E-01  3.0757E-02  5.1181E-01  1.0000E+00
 7.2480E+03  3.1077E-02  2.5480E-01  3.0764E-02  5.0803E-01  1.0000E+00
 7.3035E+03  3.1085E-02  2.5291E-01  3.0770E-02  5.0428E-01  1.0000E+00
 7.3595E+03  3.1093E-02  2.5104E-01  3.0777E-02  5.0055E-01  1.0000E+00
 7.4158E+03  3.1101E-02  2.4918E-01  3.0784E-02  4.9685E-01  1.0000E+00
 7.4726E+03  3.1109E-02  2.4734E-01  3.0790E-02  4.9319E-01  1.0000E+00
 7.5299E+03  3.1118E-02  2.4551E-01  3.0797E-02  4.8955E-01  1.0000E+00
 7.5875E+03  3.1126E-02  2.4370E-01  3.0804E-02  4.8593E-01  1.0000E+00
 7.6456E+03  3.1134E-02  2.4190E-01  3.0811E-02  4.8235E-01  1.0000E+00
 7.7042E+03  3.1143E-02  2.4011E-01  3.0818E-02  4.7879E-01  1.0000E+00
 7.7632E+03  3.1151E-02  2.3834E-01  3.0825E-02  4.7526E-01  1.0000E+00
 7.8226E+03  3.1159E-02  2.3657E-01  3.0832E-02  4.7176E-01  1.0000E+00
 7.8825E+03  3.1168E-02  2.3483E-01  3.0839E-02  4.6828E-01  1.0000E+00
 7.9429E+03  3.1176E-02  2.3309E-01  3.0846E-02  4.6483E-01  1.0000E+00
 8.0037E+03  3.1185E-02  2.3137E-01  3.0853E-02  4.6140E-01  1.0000E+00
 8.0650E+03  3.1193E-02  2.2966E-01  3.0861E-02  4.5800E-01  1.0000E+00
 8.1268E+03  3.1202E-02  2.2796E-01  3.0868E-02  4.5463E-01  1.0000E+00
 8.1890E+03  3.1211E-02  2.2628E-01  3.0875E-02  4.5129E-01  1.0000E+00
 8.2518E+03  3.1219E-02  2.2461E-01  3.0883E-02  4.4796E-01  1.0000E+00
 8.3150E+03  3.1227E-02  2.2295E-01  3.0890E-02  4.4467E-01  1.0000E+00
 8.3786E+03  3.1233E-02  2.2127E-01  3.0898E-02  4.4140E-01  1.0000E+00
 8.4428E+03  3.1238E-02  2.1962E-01  3.0906E-02  4.3815E-01  1.0000E+00
 8.5075E+03  3.1243E-02  2.1797E-01  3.0913E-02  4.3493E-01  1.0000E+00
 8.5726E+03  3.1248E-02  2.1634E-01  3.0921E-02  4.3173E-01  1.0000E+00
 8.6383E+03  3.1254E-02  2.1472E-01  3.0929E-02  4.2856E-01  1.0000E+00
 8.7044E+03  3.1259E-02  2.1311E-01  3.0937E-02  4.2541E-01  1.0000E+00
 8.7711E+03  3.1265E-02  2.1151E-01  3.0945E-02  4.2228E-01  1.0000E+00
 8.8383E+03  3.1270E-02  2.0993E-01  3.0953E-02  4.1918E-01  1.0000E+00
 8.9059E+03  3.1276E-02  2.0836E-01  3.0961E-02  4.1611E-01  1.0000E+00
 8.9741E+03  3.1282E-02  2.0680E-01  3.0969E-02  4.1305E-01  1.0000E+00
 9.0429E+03  3.1288E-02  2.0525E-01  3.0977E-02  4.1002E-01  1.0000E+00
 9.1121E+03  3.1294E-02  2.0372E-01  3.0985E-02  4.0701E-01  1.0000E+00
 9.1819E+03  3.1300E-02  2.0219E-01  3.0994E-02  4.0403E-01  1.0000E+00
 9.2522E+03  3.1306E-02  2.0068E-01  3.1002E-02  4.0107E-01  1.0000E+00
 9.3231E+03  3.1312E-02  1.9918E-01  3.1011E-02  3.9813E-01  1.0000E+00
 9.3945E+03  3.1319E-02  1.9770E-01  3.1019E-02  3.9521E-01  1.0000E+00
 9.4664E+03  3.1325E-02  1.9622E-01  3.1028E-02  3.9231E-01  1.0000E+00
 9.5389E+03  3.1331E-02  1.9475E-01  3.1036E-02  3.8944E-01  1.0000E+00
 9.6120E+03  3.1338E-02  1.9330E-01  3.1045E-02  3.8659E-01  1.0000E+00
 9.6856E+03  3.1345E-02  1.9186E-01  3.1054E-02  3.8376E-01  1.0000E+00
 9.7598E+03  3.1351E-02  1.9043E-01  3.1063E-02  3.8095E-01  1.0000E+00
 9.8345E+03  3.1358E-02  1.8901E-01  3.1072E-02  3.7816E-01  1.0000E+00
 9.9098E+03  3.1365E-02  1.8760E-01  3.1081E-02  3.7540E-01  1.0000E+00
 9.9857E+03  3.1372E-02  1.8620E-01  3.1090E-02  3.7265E-01  1.0000E+00
 1.0062E+04  3.1379E-02  1.8481E-01  3.1099E-02  3.6993E-01  1.0000E+00
 1.0139E+04  3.1386E-02  1.8344E-01  3.1108E-02  3.6723E-01  1.0000E+00
 1.0217E+04  3.1393E-02  1.8207E-01  3.1117E-02  3.6455E-01  1.0000E+00
 1.0295E+04  3.1401E-02  1.8072E-01  3.1127E-02  3.6188E-01  1.0000E+00
 1.0374E+04  3.1408E-02  1.7937E-01  3.1136E-02  3.5924E-01  1.0000E+00
 1.0453E+04  3.1416E-02  1.7804E-01  3.1145E-02  3.5662E-01  1.0000E+00
 1.0533E+04  3.1423E-02  1.7671E-01  3.1155E-02  3.5402E-01  1.0000E+00
 1.0614E+04  3.1431E-02  1.7540E-01  3.1165E-02  3.5144E-01  1.0000E+00
 1.0695E+04  3.1439E-02  1.7409E-01  3.1174E-02  3.4887E-01  1.0000E+00
 1.0777E+04  3.1447E-02  1.7280E-01  3.1184E-02  3.4633E-01  1.0000E+00
 1.0860E+04  3.1454E-02  1.7152E-01  3.1194E-02  3.4381E-01  1.0000E+00
 1.0943E+04  3.1463E-02  1.7024E-01  3.1204E-02  3.4130E-01  1.0000E+00
 1.1027E+04  3.1471E-02  1.6898E-01  3.1214E-02  3.3882E-01  1.0000E+00
 1.1111E+04  3.1479E-02  1.6773E-01  3.1224E-02  3.3635E-01  1.0000E+00
 1.1196E+04  3.1487E-02  1.6648E-01  3.1234E-02  3.3390E-01  1.0000E+00
 1.1282E+04  3.1496E-02  1.6525E-01  3.1244E-02  3.3148E-01  1.0000E+00
 1.1369E+04  3.1504E-02  1.6402E-01  3.1255E-02  3.2907E-01  1.0000E+00
 1.1456E+04  3.1513E-02  1.6281E-01  3.1265E-02  3.2667E-01  1.0000E+00
 1.1543E+04  3.1521E-02  1.6160E-01  3.1276E-02  3.2430E-01  1.0000E+00
 1.1632E+04  3.1530E-02  1.6040E-01  3.1286E-02  3.2194E-01  1.0000E+00
 1.1721E+04  3.1539E-02  1.5921E-01  3.1297E-02  3.1961E-01  1.0000E+00
 1.1811E+04  3.1548E-02  1.5804E-01  3.1308E-02  3.1729E-01  1.0000E+00
 1.1901E+04  3.1557E-02  1.5687E-01  3.1319E-02  3.1498E-01  1.0000E+00
 1.1992E+04  3.1566E-02  1.5570E-01  3.1329E-02  3.1270E-01  1.0000E+00
 1.2084E+04  3.1576E-02  1.5455E-01  3.1340E-02  3.1043E-01  1.0000E+00
 1.2177E+04  3.1585E-02  1.5341E-01  3.1352E-02  3.0818E-01  1.0000E+00
 1.2270E+04  3.1595E-02  1.5228E-01  3.1363E-02  3.0595E-01  1.0000E+00
 1.2364E+04  3.1604E-02  1.5115E-01  3.1374E-02  3.0373E-01  1.0000E+00
 1.2458E+04  3.1614E-02  1.5003E-01  3.1385E-02  3.0153E-01  1.0000E+00
 1.2554E+04  3.1624E-02  1.4893E-01  3.1397E-02  2.9935E-01  1.0000E+00
 1.2650E+04  3.1633E-02  1.4783E-01  3.1408E-02  2.9718E-01  1.0000E+00
 1.2747E+04  3.1643E-02  1.4674E-01  3.1420E-02  2.9503E-01  1.0000E+00
 1.2845E+04  3.1654E-02  1.4565E-01  3.1432E-02  2.9290E-01  1.0000E+00
 1.2943E+04  3.1664E-02  1.4458E-01  3.1444E-02  2.9078E-01  1.0000E+00
 1.3042E+04  3.1674E-02  1.4351E-01  3.1455E-02  2.8868E-01  1.0000E+00
 1.3142E+04  3.1684E-02  1.4246E-01  3.1467E-02  2.8660E-01  1.0000E+00
 1.3243E+04  3.1695E-02  1.4141E-01  3.1479E-02  2.8453E-01  1.0000E+00
 1.3344E+04  3.1706E-02  1.4037E-01  3.1492E-02  2.8248E-01  1.0000E+00
 1.3446E+04  3.1716E-02  1.3933E-01  3.1504E-02  2.8044E-01  1.0000E+00
 1.3549E+04  3.1727E-02  1.3831E-01  3.1516E-02  2.7842E-01  1.0000E+00
 1.3653E+04  3.1738E-02  1.3729E-01  3.1529E-02  2.7641E-01  1.0000E+00
 1.3757E+04  3.1749E-02  1.3628E-01  3.1541E-02  2.7442E-01  1.0000E+00
 1.3863E+04  3.1760E-02  1.3528E-01  3.1554E-02  2.7244E-01  1.0000E+00
 1.3969E+04  3.1772E-02  1.3428E-01  3.1567E-02  2.7048E-01  1.0000E+00
 1.4076E+04  3.1783E-02  1.3330E-01  3.1580E-02  2.6853E-01  1.0000E+00
 1.4184E+04  3.1795E-02  1.3232E-01  3.1593E-02  2.6660E-01  1.0000E+00
 1.4292E+04  3.1806E-02  1.3135E-01  3.1606E-02  2.6469E-01  1.0000E+00
 1.4402E+04  3.1818E-02  1.3038E-01  3.1619E-02  2.6278E-01  1.0000E+00
 1.4512E+04  3.1830E-02  1.2943E-01  3.1632E-02  2.6090E-01  1.0000E+00
 1.4623E+04  3.1842E-02  1.2848E-01  3.1646E-02  2.5902E-01  1.0000E+00
 1.4735E+04  3.1854E-02  1.2753E-01  3.1659E-02  2.5716E-01  1.0000E+00
 1.4848E+04  3.1866E-02  1.2660E-01  3.1673E-02  2.5532E-01  1.0000E+00
 1.4962E+04  3.1878E-02  1.2567E-01  3.1686E-02  2.5349E-01  1.0000E+00
 1.5076E+04  3.1891E-02  1.2475E-01  3.1700E-02  2.5167E-01  1.0000E+00
 1.5192E+04  3.1903E-02  1.2384E-01  3.1714E-02  2.4987E-01  1.0000E+00
 1.5308E+04  3.1916E-02  1.2293E-01  3.1728E-02  2.4808E-01  1.0000E+00
 1.5425E+04  3.1929E-02  1.2203E-01  3.1742E-02  2.4630E-01  1.0000E+00
 1.5544E+04  3.1942E-02  1.2114E-01  3.1756E-02  2.4454E-01  1.0000E+00
 1.5663E+04  3.1955E-02  1.2026E-01  3.1771E-02  2.4279E-01  1.0000E+00
 1.5783E+04  3.1968E-02  1.1938E-01  3.1785E-02  2.4106E-01  1.0000E+00
 1.5903E+04  3.1981E-02  1.1851E-01  3.1800E-02  2.3933E-01  1.0000E+00
 1.6025E+04  3.1995E-02  1.1764E-01  3.1815E-02  2.3763E-01  1.0000E+00
 1.6148E+04  3.2008E-02  1.1678E-01  3.1829E-02  2.3593E-01  1.0000E+00
 1.6272E+04  3.2022E-02  1.1593E-01  3.1844E-02  2.3425E-01  1.0000E+00
 1.6396E+04  3.2036E-02  1.1508E-01  3.1859E-02  2.3258E-01  1.0000E+00
 1.6522E+04  3.2049E-02  1.1425E-01  3.1875E-02  2.3092E-01  1.0000E+00
 1.6648E+04  3.2063E-02  1.1341E-01  3.1890E-02  2.2927E-01  1.0000E+00
 1.6776E+04  3.2078E-02  1.1259E-01  3.1905E-02  2.2764E-01  1.0000E+00
 1.6904E+04  3.2092E-02  1.1177E-01  3.1921E-02  2.2602E-01  1.0000E+00
 1.7034E+04  3.2106E-02  1.1095E-01  3.1936E-02  2.2441E-01  1.0000E+00
 1.7164E+04  3.2121E-02  1.1015E-01  3.1952E-02  2.2282E-01  1.0000E+00
 1.7296E+04  3.2136E-02  1.0935E-01  3.1968E-02  2.2123E-01  1.0000E+00
 1.7428E+04  3.2151E-02  1.0855E-01  3.1984E-02  2.1966E-01  1.0000E+00
 1.7562E+04  3.2166E-02  1.0776E-01  3.2000E-02  2.1810E-01  1.0000E+00
 1.7696E+04  3.2181E-02  1.0698E-01  3.2017E-02  2.1656E-01  1.0000E+00
 1.7832E+04  3.2196E-02  1.0620E-01  3.2033E-02  2.1502E-01  1.0000E+00
 1.7968E+04  3.2211E-02  1.0543E-01  3.2050E-02  2.1350E-01  1.0000E+00
 1.8106E+04  3.2227E-02  1.0467E-01  3.2066E-02  2.1198E-01  1.0000E+00
 1.8244E+04  3.2242E-02  1.0391E-01  3.2083E-02  2.1048E-01  1.0000E+00
 1.8384E+04  3.2258E-02  1.0316E-01  3.2100E-02  2.0899E-01  1.0000E+00
 1.8525E+04  3.2274E-02  1.0241E-01  3.2117E-02  2.0752E-01  1.0000E+00
 1.8667E+04  3.2290E-02  1.0167E-01  3.2134E-02  2.0605E-01  1.0000E+00
 1.8810E+04  3.2307E-02  1.0093E-01  3.2152E-02  2.0459E-01  1.0000E+00
 1.8954E+04  3.2323E-02  1.0020E-01  3.2169E-02  2.0315E-01  1.0000E+00
 1.9099E+04  3.2340E-02  9.9477E-02  3.2187E-02  2.0171E-01  1.0000E+00
 1.9245E+04  3.2356E-02  9.8758E-02  3.2205E-02  2.0029E-01  1.0000E+00
 1.9393E+04  3.2373E-02  9.8045E-02  3.2222E-02  1.9888E-01  1.0000E+00
 1.9541E+04  3.2390E-02  9.7337E-02  3.2240E-02  1.9748E-01  1.0000E+00
 1.9691E+04  3.2407E-02  9.6634E-02  3.2259E-02  1.9609E-01  1.0000E+00
 1.9842E+04  3.2424E-02  9.5937E-02  3.2277E-02  1.9471E-01  1.0000E+00
 1.9994E+04  3.2442E-02  9.5245E-02  3.2295E-02  1.9334E-01  1.0000E+00
 2.0147E+04  3.2459E-02  9.4559E-02  3.2314E-02  1.9198E-01  1.0000E+00
 2.0301E+04  3.2477E-02  9.3878E-02  3.2333E-02  1.9063E-01  1.0000E+00
 2.0456E+04  3.2495E-02  9.3202E-02  3.2352E-02  1.8930E-01  1.0000E+00
 2.0613E+04  3.2513E-02  9.2531E-02  3.2371E-02  1.8797E-01  1.0000E+00
 2.0771E+04  3.2531E-02  9.1865E-02  3.2390E-02  1.8665E-01  1.0000E+00
 2.0930E+04  3.2550E-02  9.1205E-02  3.2409E-02  1.8534E-01  1.0000E+00
 2.1090E+04  3.2568E-02  9.0549E-02  3.2429E-02  1.8404E-01  1.0000E+00
 2.1252E+04  3.2587E-02  8.9899E-02  3.2449E-02  1.8276E-01  1.0000E+00
 2.1415E+04  3.2606E-02  8.9253E-02  3.2469E-02  1.8148E-01  1.0000E+00
 2.1579E+04  3.2625E-02  8.8613E-02  3.2489E-02  1.8021E-01  1.0000E+00
 2.1744E+04  3.2644E-02  8.7977E-02  3.2509E-02  1.7895E-01  1.0000E+00
 2.1910E+04  3.2664E-02  8.7346E-02  3.2529E-02  1.7770E-01  1.0000E+00
 2.2078E+04  3.2683E-02  8.6720E-02  3.2550E-02  1.7646E-01  1.0000E+00
 2.2247E+04  3.2703E-02  8.6099E-02  3.2570E-02  1.7523E-01  1.0000E+00
 2.2418E+04  3.2723E-02  8.5483E-02  3.2591E-02  1.7401E-01  1.0000E+00
 2.2589E+04  3.2743E-02  8.4871E-02  3.2612E-02  1.7280E-01  1.0000E+00
 2.2762E+04  3.2763E-02  8.4264E-02  3.2633E-02  1.7160E-01  1.0000E+00
 2.2937E+04  3.2784E-02  8.3662E-02  3.2654E-02  1.7041E-01  1.0000E+00
 2.3112E+04  3.2804E-02  8.3064E-02  3.2676E-02  1.6922E-01  1.0000E+00
 2.3289E+04  3.2825E-02  8.2471E-02  3.2698E-02  1.6805E-01  1.0000E+00
 2.3468E+04  3.2846E-02  8.1883E-02  3.2719E-02  1.6688E-01  1.0000E+00
 2.3647E+04  3.2867E-02  8.1299E-02  3.2741E-02  1.6572E-01  1.0000E+00
 2.3829E+04  3.2888E-02  8.0719E-02  3.2764E-02  1.6458E-01  1.0000E+00
 2.4011E+04  3.2910E-02  8.0144E-02  3.2786E-02  1.6344E-01  1.0000E+00
 2.4195E+04  3.2931E-02  7.9573E-02  3.2809E-02  1.6231E-01  1.0000E+00
 2.4380E+04  3.2953E-02  7.9007E-02  3.2831E-02  1.6118E-01  1.0000E+00
 2.4567E+04  3.2975E-02  7.8445E-02  3.2854E-02  1.6007E-01  1.0000E+00
 2.4755E+04  3.2998E-02  7.7888E-02  3.2877E-02  1.5897E-01  1.0000E+00
 2.4945E+04  3.3020E-02  7.7334E-02  3.2901E-02  1.5787E-01  1.0000E+00
 2.5136E+04  3.3043E-02  7.6785E-02  3.2924E-02  1.5678E-01  1.0000E+00
 2.5328E+04  3.3066E-02  7.6240E-02  3.2948E-02  1.5570E-01  1.0000E+00
 2.5522E+04  3.3089E-02  7.5699E-02  3.2971E-02  1.5463E-01  1.0000E+00
 2.5718E+04  3.3112E-02  7.5163E-02  3.2995E-02  1.5357E-01  1.0000E+00
 2.5915E+04  3.3135E-02  7.4630E-02  3.3020E-02  1.5251E-01  1.0000E+00
 2.6113E+04  3.3159E-02  7.4102E-02  3.3044E-02  1.5146E-01  1.0000E+00
 2.6313E+04  3.3183E-02  7.3577E-02  3.3069E-02  1.5042E-01  1.0000E+00
 2.6515E+04  3.3207E-02  7.3057E-02  3.3094E-02  1.4939E-01  1.0000E+00
 2.6718E+04  3.3231E-02  7.2541E-02  3.3119E-02  1.4837E-01  1.0000E+00
 2.6922E+04  3.3255E-02  7.2028E-02  3.3144E-02  1.4735E-01  1.0000E+00
 2.7128E+04  3.3280E-02  7.1520E-02  3.3169E-02  1.4635E-01  1.0000E+00
 2.7336E+04  3.3305E-02  7.1015E-02  3.3195E-02  1.4535E-01  1.0000E+00
 2.7545E+04  3.3330E-02  7.0514E-02  3.3221E-02  1.4435E-01  1.0000E+00
 2.7756E+04  3.3355E-02  7.0017E-02  3.3247E-02  1.4337E-01  1.0000E+00
 2.7969E+04  3.3381E-02  6.9524E-02  3.3273E-02  1.4239E-01  1.0000E+00
 2.8183E+04  3.3406E-02  6.9035E-02  3.3299E-02  1.4142E-01  1.0000E+00
 2.8399E+04  3.3432E-02  6.8549E-02  3.3326E-02  1.4046E-01  1.0000E+00
 2.8617E+04  3.3459E-02  6.8067E-02  3.3353E-02  1.3950E-01  1.0000E+00
 2.8836E+04  3.3485E-02  6.7589E-02  3.3380E-02  1.3856E-01  1.0000E+00
 2.9056E+04  3.3512E-02  6.7115E-02  3.3407E-02  1.3762E-01  1.0000E+00
 2.9279E+04  3.3538E-02  6.6644E-02  3.3435E-02  1.3668E-01  1.0000E+00
 2.9503E+04  3.3565E-02  6.6177E-02  3.3463E-02  1.3576E-01  1.0000E+00
 2.9729E+04  3.3593E-02  6.5713E-02  3.3491E-02  1.3484E-01  1.0000E+00
 2.9957E+04  3.3620E-02  6.5253E-02  3.3519E-02  1.3393E-01  1.0000E+00
 3.0186E+04  3.3648E-02  6.4796E-02  3.3547E-02  1.3302E-01  1.0000E+00
 3.0417E+04  3.3676E-02  6.4343E-02  3.3576E-02  1.3212E-01  1.0000E+00
 3.0650E+04  3.3704E-02  6.3893E-02  3.3605E-02  1.3123E-01  1.0000E+00
 3.0885E+04  3.3733E-02  6.3447E-02  3.3634E-02  1.3035E-01  1.0000E+00
 3.1122E+04  3.3761E-02  6.3005E-02  3.3663E-02  1.2947E-01  1.0000E+00
 3.1360E+04  3.3790E-02  6.2565E-02  3.3693E-02  1.2860E-01  1.0000E+00
 3.1600E+04  3.3819E-02  6.2129E-02  3.3723E-02  1.2773E-01  1.0000E+00
 3.1842E+04  3.3849E-02  6.1696E-02  3.3753E-02  1.2688E-01  1.0000E+00
 3.2086E+04  3.3879E-02  6.1267E-02  3.3783E-02  1.2602E-01  1.0000E+00
 3.2332E+04  3.3909E-02  6.0841E-02  3.3814E-02  1.2518E-01  1.0000E+00
 3.2579E+04  3.3939E-02  6.0418E-02  3.3845E-02  1.2434E-01  1.0000E+00
 3.2829E+04  3.3969E-02  5.9998E-02  3.3876E-02  1.2351E-01  1.0000E+00
 3.3080E+04  3.4000E-02  5.9582E-02  3.3907E-02  1.2269E-01  1.0000E+00
 3.3334E+04  3.4031E-02  5.9169E-02  3.3939E-02  1.2187E-01  1.0000E+00
 3.3589E+04  3.4062E-02  5.8759E-02  3.3970E-02  1.2105E-01  1.0000E+00
 3.3846E+04  3.4094E-02  5.8352E-02  3.4002E-02  1.2025E-01  1.0000E+00
 3.4105E+04  3.4125E-02  5.7948E-02  3.4035E-02  1.1945E-01  1.0000E+00
 3.4367E+04  3.4157E-02  5.7548E-02  3.4067E-02  1.1865E-01  1.0000E+00
 3.4630E+04  3.4190E-02  5.7150E-02  3.4100E-02  1.1786E-01  1.0000E+00
 3.4895E+04  3.4222E-02  5.6755E-02  3.4134E-02  1.1708E-01  1.0000E+00
 3.5162E+04  3.4255E-02  5.6364E-02  3.4167E-02  1.1631E-01  1.0000E+00
 3.5431E+04  3.4288E-02  5.5975E-02  3.4201E-02  1.1554E-01  1.0000E+00
 3.5703E+04  3.4322E-02  5.5590E-02  3.4235E-02  1.1477E-01  1.0000E+00
 3.5976E+04  3.4355E-02  5.5207E-02  3.4269E-02  1.1401E-01  1.0000E+00
 3.6252E+04  3.4389E-02  5.4827E-02  3.4303E-02  1.1326E-01  1.0000E+00
 3.6529E+04  3.4423E-02  5.4451E-02  3.4338E-02  1.1251E-01  1.0000E+00
 3.6809E+04  3.4458E-02  5.4077E-02  3.4373E-02  1.1177E-01  1.0000E+00
 3.7091E+04  3.4493E-02  5.3706E-02  3.4409E-02  1.1104E-01  1.0000E+00
 3.7375E+04  3.4528E-02  5.3337E-02  3.4444E-02  1.1031E-01  1.0000E+00
 3.7661E+04  3.4563E-02  5.2972E-02  3.4480E-02  1.0958E-01  1.0000E+00
 3.7950E+04  3.4599E-02  5.2609E-02  3.4517E-02  1.0887E-01  1.0000E+00
 3.8240E+04  3.4635E-02  5.2250E-02  3.4553E-02  1.0815E-01  1.0000E+00
 3.8533E+04  3.4671E-02  5.1893E-02  3.4590E-02  1.0745E-01  1.0000E+00
 3.8828E+04  3.4708E-02  5.1538E-02  3.4627E-02  1.0674E-01  1.0000E+00
 3.9126E+04  3.4745E-02  5.1187E-02  3.4665E-02  1.0605E-01  1.0000E+00
 3.9425E+04  3.4782E-02  5.0838E-02  3.4702E-02  1.0536E-01  1.0000E+00
 3.9727E+04  3.4820E-02  5.0491E-02  3.4741E-02  1.0467E-01  1.0000E+00
 4.0032E+04  3.4858E-02  5.0148E-02  3.4779E-02  1.0399E-01  1.0000E+00
 4.0338E+04  3.4896E-02  4.9807E-02  3.4818E-02  1.0331E-01  1.0000E+00
 4.0647E+04  3.4934E-02  4.9468E-02  3.4857E-02  1.0264E-01  1.0000E+00
 4.0958E+04  3.4973E-02  4.9133E-02  3.4896E-02  1.0198E-01  1.0000E+00
 4.1272E+04  3.5012E-02  4.8800E-02  3.4936E-02  1.0132E-01  1.0000E+00
 4.1588E+04  3.5052E-02  4.8469E-02  3.4976E-02  1.0066E-01  1.0000E+00
 4.1907E+04  3.5092E-02  4.8141E-02  3.5016E-02  1.0001E-01  1.0000E+00
 4.2228E+04  3.5132E-02  4.7815E-02  3.5057E-02  9.9368E-02  1.0000E+00
 4.2551E+04  3.5172E-02  4.7492E-02  3.5098E-02  9.8728E-02  1.0000E+00
 4.2877E+04  3.5213E-02  4.7171E-02  3.5139E-02  9.8093E-02  1.0000E+00
 4.3205E+04  3.5254E-02  4.6853E-02  3.5181E-02  9.7463E-02  1.0000E+00
 4.3536E+04  3.5296E-02  4.6537E-02  3.5223E-02  9.6838E-02  1.0000E+00
 4.3869E+04  3.5338E-02  4.6224E-02  3.5265E-02  9.6218E-02  1.0000E+00
 4.4205E+04  3.5380E-02  4.5913E-02  3.5308E-02  9.5602E-02  1.0000E+00
 4.4544E+04  3.5423E-02  4.5605E-02  3.5351E-02  9.4991E-02  1.0000E+00
 4.4885E+04  3.5466E-02  4.5298E-02  3.5394E-02  9.4385E-02  1.0000E+00
 4.5229E+04  3.5509E-02  4.4995E-02  3.5438E-02  9.3784E-02  1.0000E+00
 4.5575E+04  3.5553E-02  4.4693E-02  3.5482E-02  9.3187E-02  1.0000E+00
 4.5924E+04  3.5597E-02  4.4394E-02  3.5527E-02  9.2595E-02  1.0000E+00
 4.6276E+04  3.5641E-02  4.4097E-02  3.5572E-02  9.2007E-02  1.0000E+00
 4.6630E+04  3.5686E-02  4.3802E-02  3.5617E-02  9.1424E-02  1.0000E+00
 4.6987E+04  3.5731E-02  4.3510E-02  3.5663E-02  9.0845E-02  1.0000E+00
 4.7347E+04  3.5777E-02  4.3220E-02  3.5709E-02  9.0271E-02  1.0000E+00
 4.7710E+04  3.5823E-02  4.2932E-02  3.5755E-02  8.9701E-02  1.0000E+00
 4.8075E+04  3.5869E-02  4.2646E-02  3.5802E-02  8.9136E-02  1.0000E+00
 4.8443E+04  3.5916E-02  4.2363E-02  3.5849E-02  8.8575E-02  1.0000E+00
 4.8814E+04  3.5963E-02  4.2081E-02  3.5896E-02  8.8019E-02  1.0000E+00
 4.9188E+04  3.6011E-02  4.1802E-02  3.5944E-02  8.7466E-02  1.0000E+00
 4.9565E+04  3.6059E-02  4.1525E-02  3.5993E-02  8.6919E-02  1.0000E+00
 4.9945E+04  3.6107E-02  4.1250E-02  3.6042E-02  8.6375E-02  1.0000E+00
 5.0327E+04  3.6156E-02  4.0977E-02  3.6091E-02  8.5835E-02  1.0000E+00
 5.0713E+04  3.6205E-02  4.0706E-02  3.6140E-02  8.5300E-02  1.0000E+00
 5.1101E+04  3.6254E-02  4.0438E-02  3.6190E-02  8.4769E-02  1.0000E+00
 5.1492E+04  3.6304E-02  4.0171E-02  3.6241E-02  8.4242E-02  1.0000E+00
 5.1887E+04  3.6355E-02  3.9906E-02  3.6291E-02  8.3719E-02  1.0000E+00
 5.2284E+04  3.6406E-02  3.9644E-02  3.6343E-02  8.3200E-02  1.0000E+00
 5.2684E+04  3.6457E-02  3.9383E-02  3.6394E-02  8.2685E-02  1.0000E+00
 5.3088E+04  3.6509E-02  3.9125E-02  3.6447E-02  8.2174E-02  1.0000E+00
 5.3494E+04  3.6561E-02  3.8868E-02  3.6499E-02  8.1667E-02  1.0000E+00
 5.3904E+04  3.6614E-02  3.8614E-02  3.6552E-02  8.1164E-02  1.0000E+00
 5.4317E+04  3.6667E-02  3.8361E-02  3.6606E-02  8.0665E-02  1.0000E+00
 5.4733E+04  3.6720E-02  3.8110E-02  3.6659E-02  8.0170E-02  1.0000E+00
 5.5152E+04  3.6774E-02  3.7861E-02  3.6714E-02  7.9678E-02  1.0000E+00
 5.5574E+04  3.6829E-02  3.7615E-02  3.6769E-02  7.9191E-02  1.0000E+00
 5.6000E+04  3.6883E-02  3.7370E-02  3.6824E-02  7.8707E-02  1.0000E+00
 5.6429E+04  3.6939E-02  3.7126E-02  3.6880E-02  7.8227E-02  1.0000E+00
 5.6861E+04  3.6995E-02  3.6885E-02  3.6936E-02  7.7751E-02  1.0000E+00
 5.7297E+04  3.7051E-02  3.6646E-02  3.6992E-02  7.7278E-02  1.0000E+00
 5.7735E+04  3.7108E-02  3.6408E-02  3.7050E-02  7.6809E-02  1.0000E+00
 5.8177E+04  3.7165E-02  3.6172E-02  3.7107E-02  7.6344E-02  1.0000E+00
 5.8623E+04  3.7223E-02  3.5939E-02  3.7165E-02  7.5883E-02  1.0000E+00
 5.9072E+04  3.7281E-02  3.5706E-02  3.7224E-02  7.5425E-02  1.0000E+00
 5.9524E+04  3.7340E-02  3.5476E-02  3.7283E-02  7.4970E-02  1.0000E+00
 5.9980E+04  3.7399E-02  3.5247E-02  3.7343E-02  7.4519E-02  1.0000E+00
 6.0440E+04  3.7459E-02  3.5021E-02  3.7403E-02  7.4072E-02  1.0000E+00
 6.0902E+04  3.7519E-02  3.4795E-02  3.7463E-02  7.3628E-02  1.0000E+00
 6.1369E+04  3.7580E-02  3.4572E-02  3.7525E-02  7.3188E-02  1.0000E+00
 6.1839E+04  3.7641E-02  3.4350E-02  3.7586E-02  7.2751E-02  1.0000E+00
 6.2312E+04  3.7703E-02  3.4130E-02  3.7648E-02  7.2318E-02  1.0000E+00
 6.2790E+04  3.7765E-02  3.3912E-02  3.7711E-02  7.1887E-02  1.0000E+00
 6.3270E+04  3.7828E-02  3.3696E-02  3.7774E-02  7.1461E-02  1.0000E+00
 6.3755E+04  3.7892E-02  3.3481E-02  3.7838E-02  7.1037E-02  1.0000E+00
 6.4243E+04  3.7956E-02  3.3267E-02  3.7902E-02  7.0617E-02  1.0000E+00
 6.4735E+04  3.8020E-02  3.3056E-02  3.7967E-02  7.0200E-02  1.0000E+00
 6.5231E+04  3.8085E-02  3.2846E-02  3.8033E-02  6.9787E-02  1.0000E+00
 6.5731E+04  3.8151E-02  3.2637E-02  3.8099E-02  6.9377E-02  1.0000E+00
 6.6234E+04  3.8217E-02  3.2430E-02  3.8165E-02  6.8970E-02  1.0000E+00
 6.6741E+04  3.8284E-02  3.2225E-02  3.8232E-02  6.8566E-02  1.0000E+00
 6.7252E+04  3.8352E-02  3.2021E-02  3.8300E-02  6.8165E-02  1.0000E+00
 6.7767E+04  3.8419E-02  3.1819E-02  3.8368E-02  6.7768E-02  1.0000E+00
 6.8286E+04  3.8488E-02  3.1619E-02  3.8437E-02  6.7373E-02  1.0000E+00
 6.8809E+04  3.8557E-02  3.1420E-02  3.8506E-02  6.6982E-02  1.0000E+00
 6.9336E+04  3.8627E-02  3.1222E-02  3.8576E-02  6.6594E-02  1.0000E+00
 6.9867E+04  3.8697E-02  3.1026E-02  3.8647E-02  6.6209E-02  1.0000E+00
 7.0402E+04  3.8768E-02  3.0832E-02  3.8718E-02  6.5827E-02  1.0000E+00
 7.0942E+04  3.8840E-02  3.0639E-02  3.8790E-02  6.5448E-02  1.0000E+00
 7.1485E+04  3.8912E-02  3.0447E-02  3.8863E-02  6.5071E-02  1.0000E+00
 7.2032E+04  3.8985E-02  3.0257E-02  3.8936E-02  6.4698E-02  1.0000E+00
 7.2584E+04  3.9058E-02  3.0069E-02  3.9009E-02  6.4328E-02  1.0000E+00
 7.3140E+04  3.9132E-02  2.9882E-02  3.9084E-02  6.3961E-02  1.0000E+00
 7.3700E+04  3.9207E-02  2.9696E-02  3.9159E-02  6.3597E-02  1.0000E+00
 7.4264E+04  3.9282E-02  2.9512E-02  3.9234E-02  6.3235E-02  1.0000E+00
 7.4833E+04  3.9358E-02  2.9329E-02  3.9311E-02  6.2877E-02  1.0000E+00
 7.5406E+04  3.9435E-02  2.9147E-02  3.9388E-02  6.2521E-02  1.0000E+00
 7.5984E+04  3.9512E-02  2.8967E-02  3.9465E-02  6.2168E-02  1.0000E+00
 7.6566E+04  3.9590E-02  2.8789E-02  3.9544E-02  6.1818E-02  1.0000E+00
 7.7152E+04  3.9669E-02  2.8612E-02  3.9623E-02  6.1471E-02  1.0000E+00
 7.7743E+04  3.9748E-02  2.8436E-02  3.9702E-02  6.1126E-02  1.0000E+00
 7.8338E+04  3.9829E-02  2.8261E-02  3.9783E-02  6.0784E-02  1.0000E+00
 7.8938E+04  3.9909E-02  2.8088E-02  3.9864E-02  6.0445E-02  1.0000E+00
 7.9543E+04  3.9991E-02  2.7916E-02  3.9945E-02  6.0109E-02  1.0000E+00
 8.0152E+04  4.0073E-02  2.7745E-02  4.0028E-02  5.9775E-02  1.0000E+00
 8.0766E+04  4.0156E-02  2.7576E-02  4.0111E-02  5.9444E-02  1.0000E+00
 8.1384E+04  4.0240E-02  2.7408E-02  4.0195E-02  5.9116E-02  1.0000E+00
 8.2008E+04  4.0324E-02  2.7242E-02  4.0279E-02  5.8790E-02  1.0000E+00
 8.2636E+04  4.0409E-02  2.7076E-02  4.0365E-02  5.8467E-02  1.0000E+00
 8.3268E+04  4.0495E-02  2.6912E-02  4.0451E-02  5.8146E-02  1.0000E+00
 8.3906E+04  4.0582E-02  2.6749E-02  4.0538E-02  5.7828E-02  1.0000E+00
 8.4549E+04  4.0669E-02  2.6588E-02  4.0625E-02  5.7513E-02  1.0000E+00
 8.5196E+04  4.0757E-02  2.6427E-02  4.0714E-02  5.7200E-02  1.0000E+00
 8.5849E+04  4.0846E-02  2.6268E-02  4.0803E-02  5.6889E-02  1.0000E+00
 8.6506E+04  4.0936E-02  2.6110E-02  4.0893E-02  5.6581E-02  1.0000E+00
 8.7169E+04  4.1026E-02  2.5954E-02  4.0984E-02  5.6276E-02  1.0000E+00
 8.7836E+04  4.1118E-02  2.5798E-02  4.1075E-02  5.5973E-02  1.0000E+00
 8.8509E+04  4.1210E-02  2.5644E-02  4.1167E-02  5.5672E-02  1.0000E+00
 8.9187E+04  4.1303E-02  2.5491E-02  4.1261E-02  5.5374E-02  1.0000E+00
 8.9870E+04  4.1396E-02  2.5339E-02  4.1355E-02  5.5079E-02  1.0000E+00
 9.0558E+04  4.1491E-02  2.5188E-02  4.1449E-02  5.4785E-02  1.0000E+00
 9.1252E+04  4.1586E-02  2.5039E-02  4.1545E-02  5.4494E-02  1.0000E+00
 9.1950E+04  4.1683E-02  2.4890E-02  4.1641E-02  5.4206E-02  1.0000E+00
 9.2655E+04  4.1780E-02  2.4743E-02  4.1739E-02  5.3920E-02  1.0000E+00
 9.3364E+04  4.1878E-02  2.4597E-02  4.1837E-02  5.3636E-02  1.0000E+00
 9.4079E+04  4.1976E-02  2.4452E-02  4.1936E-02  5.3354E-02  1.0000E+00
 9.4800E+04  4.2076E-02  2.4308E-02  4.2036E-02  5.3075E-02  1.0000E+00
 9.5526E+04  4.2177E-02  2.4165E-02  4.2137E-02  5.2798E-02  1.0000E+00
 9.6257E+04  4.2278E-02  2.4023E-02  4.2239E-02  5.2523E-02  1.0000E+00
 9.6994E+04  4.2381E-02  2.3883E-02  4.2341E-02  5.2250E-02  1.0000E+00
 9.7737E+04  4.2484E-02  2.3743E-02  4.2445E-02  5.1980E-02  1.0000E+00
 9.8486E+04  4.2588E-02  2.3605E-02  4.2549E-02  5.1712E-02  1.0000E+00
 9.9240E+04  4.2693E-02  2.3468E-02  4.2654E-02  5.1446E-02  1.0000E+00
 1.0000E+05  4.2800E-02  2.3331E-02  4.2761E-02  5.1182E-02  1.0000E+00


