#     0	 1	   11	 1	 2.2155E+03	 1000	1
 4.8978E+01  0.0000E+00  0.0000E+00  0.0000E+00  0.0000E+00  0.0000E+00
 4.9353E+01  0.0000E+00  0.0000E+00  0.0000E+00  0.0000E+00  0.0000E+00
 4.9731E+01  0.0000E+00  0.0000E+00  0.0000E+00  0.0000E+00  0.0000E+00
 5.0112E+01  0.0000E+00  0.0000E+00  0.0000E+00  0.0000E+00  0.0000E+00
 5.0496E+01  0.0000E+00  0.0000E+00  0.0000E+00  0.0000E+00  0.0000E+00
 5.0882E+01  0.0000E+00  0.0000E+00  0.0000E+00  0.0000E+00  0.0000E+00
 5.1272E+01  0.0000E+00  0.0000E+00  0.0000E+00  0.0000E+00  0.0000E+00
 5.1665E+01  0.0000E+00  0.0000E+00  0.0000E+00  0.0000E+00  0.0000E+00
 5.2060E+01  0.0000E+00  0.0000E+00  0.0000E+00  0.0000E+00  0.0000E+00
 5.2459E+01  0.0000E+00  0.0000E+00  0.0000E+00  0.0000E+00  0.0000E+00
 5.2861E+01  0.0000E+00  0.0000E+00  0.0000E+00  0.0000E+00  0.0000E+00
 5.3266E+01  0.0000E+00  0.0000E+00  0.0000E+00  0.0000E+00  0.0000E+00
 5.3673E+01  0.0000E+00  0.0000E+00  0.0000E+00  0.0000E+00  0.0000E+00
 5.4085E+01  0.0000E+00  0.0000E+00  0.0000E+00  0.0000E+00  0.0000E+00
 5.4499E+01  0.0000E+00  0.0000E+00  0.0000E+00  0.0000E+00  0.0000E+00
 5.4916E+01  0.0000E+00  0.0000E+00  0.0000E+00  0.0000E+00  0.0000E+00
 5.5337E+01  0.0000E+00  0.0000E+00  0.0000E+00  0.0000E+00  0.0000E+00
 5.5760E+01  0.0000E+00  0.0000E+00  0.0000E+00  0.0000E+00  0.0000E+00
 5.6187E+01  0.0000E+00  0.0000E+00  0.0000E+00  0.0000E+00  0.0000E+00
 5.6618E+01  0.0000E+00  0.0000E+00  0.0000E+00  0.0000E+00  0.0000E+00
 5.7051E+01  0.0000E+00  0.0000E+00  0.0000E+00  0.0000E+00  0.0000E+00
 5.7488E+01  0.0000E+00  0.0000E+00  0.0000E+00  0.0000E+00  0.0000E+00
 5.7929E+01  0.0000E+00  0.0000E+00  0.0000E+00  0.0000E+00  0.0000E+00
 5.8372E+01  0.0000E+00  0.0000E+00  0.0000E+00  0.0000E+00  0.0000E+00
 5.8819E+01  0.0000E+00  0.0000E+00  0.0000E+00  0.0000E+00  0.0000E+00
 5.9270E+01  0.0000E+00  0.0000E+00  0.0000E+00  0.0000E+00  0.0000E+00
 5.9724E+01  0.0000E+00  0.0000E+00  0.0000E+00  0.0000E+00  0.0000E+00
 6.0181E+01  0.0000E+00  0.0000E+00  0.0000E+00  0.0000E+00  0.0000E+00
 6.0642E+01  0.0000E+00  0.0000E+00  0.0000E+00  0.0000E+00  0.0000E+00
 6.1106E+01  0.0000E+00  0.0000E+00  0.0000E+00  0.0000E+00  0.0000E+00
 6.1574E+01  0.0000E+00  0.0000E+00  0.0000E+00  0.0000E+00  0.0000E+00
 6.2046E+01  0.0000E+00  0.0000E+00  0.0000E+00  0.0000E+00  0.0000E+00
 6.2521E+01  0.0000E+00  0.0000E+00  0.0000E+00  0.0000E+00  0.0000E+00
 6.3000E+01  0.0000E+00  0.0000E+00  0.0000E+00  0.0000E+00  0.0000E+00
 6.3482E+01  0.0000E+00  0.0000E+00  0.0000E+00  0.0000E+00  0.0000E+00
 6.3968E+01  0.0000E+00  0.0000E+00  0.0000E+00  0.0000E+00  0.0000E+00
 6.4458E+01  0.0000E+00  0.0000E+00  0.0000E+00  0.0000E+00  0.0000E+00
 6.4952E+01  0.0000E+00  0.0000E+00  0.0000E+00  0.0000E+00  0.0000E+00
 6.5449E+01  0.0000E+00  0.0000E+00  0.0000E+00  0.0000E+00  0.0000E+00
 6.5951E+01  0.0000E+00  0.0000E+00  0.0000E+00  0.0000E+00  0.0000E+00
 6.6456E+01  0.0000E+00  0.0000E+00  0.0000E+00  0.0000E+00  0.0000E+00
 6.6965E+01  0.0000E+00  0.0000E+00  0.0000E+00  0.0000E+00  0.0000E+00
 6.7478E+01  0.0000E+00  0.0000E+00  0.0000E+00  0.0000E+00  0.0000E+00
 6.7994E+01  0.0000E+00  0.0000E+00  0.0000E+00  0.0000E+00  0.0000E+00
 6.8515E+01  0.0000E+00  0.0000E+00  0.0000E+00  0.0000E+00  0.0000E+00
 6.9040E+01  0.0000E+00  0.0000E+00  0.0000E+00  0.0000E+00  0.0000E+00
 6.9568E+01  0.0000E+00  0.0000E+00  0.0000E+00  0.0000E+00  0.0000E+00
 7.0101E+01  0.0000E+00  0.0000E+00  0.0000E+00  0.0000E+00  0.0000E+00
 7.0638E+01  0.0000E+00  0.0000E+00  0.0000E+00  0.0000E+00  0.0000E+00
 7.1179E+01  0.0000E+00  0.0000E+00  0.0000E+00  0.0000E+00  0.0000E+00
 7.1724E+01  0.0000E+00  0.0000E+00  0.0000E+00  0.0000E+00  0.0000E+00
 7.2273E+01  0.0000E+00  0.0000E+00  0.0000E+00  0.0000E+00  0.0000E+00
 7.2827E+01  0.0000E+00  0.0000E+00  0.0000E+00  0.0000E+00  0.0000E+00
 7.3385E+01  0.0000E+00  0.0000E+00  0.0000E+00  0.0000E+00  0.0000E+00
 7.3947E+01  0.0000E+00  0.0000E+00  0.0000E+00  0.0000E+00  0.0000E+00
 7.4513E+01  0.0000E+00  0.0000E+00  0.0000E+00  0.0000E+00  0.0000E+00
 7.5084E+01  0.0000E+00  0.0000E+00  0.0000E+00  0.0000E+00  0.0000E+00
 7.5659E+01  0.0000E+00  0.0000E+00  0.0000E+00  0.0000E+00  0.0000E+00
 7.6238E+01  0.0000E+00  0.0000E+00  0.0000E+00  0.0000E+00  0.0000E+00
 7.6822E+01  0.0000E+00  0.0000E+00  0.0000E+00  0.0000E+00  0.0000E+00
 7.7410E+01  0.0000E+00  0.0000E+00  0.0000E+00  0.0000E+00  0.0000E+00
 7.8003E+01  0.0000E+00  0.0000E+00  0.0000E+00  0.0000E+00  0.0000E+00
 7.8601E+01  0.0000E+00  0.0000E+00  0.0000E+00  0.0000E+00  0.0000E+00
 7.9202E+01  0.0000E+00  0.0000E+00  0.0000E+00  0.0000E+00  0.0000E+00
 7.9809E+01  0.0000E+00  0.0000E+00  0.0000E+00  0.0000E+00  0.0000E+00
 8.0420E+01  0.0000E+00  0.0000E+00  0.0000E+00  0.0000E+00  0.0000E+00
 8.1036E+01  0.0000E+00  0.0000E+00  0.0000E+00  0.0000E+00  0.0000E+00
 8.1657E+01  0.0000E+00  0.0000E+00  0.0000E+00  0.0000E+00  0.0000E+00
 8.2282E+01  0.0000E+00  0.0000E+00  0.0000E+00  0.0000E+00  0.0000E+00
 8.2912E+01  0.0000E+00  0.0000E+00  0.0000E+00  0.0000E+00  0.0000E+00
 8.3547E+01  0.0000E+00  0.0000E+00  0.0000E+00  0.0000E+00  0.0000E+00
 8.4187E+01  0.0000E+00  0.0000E+00  0.0000E+00  0.0000E+00  0.0000E+00
 8.4832E+01  0.0000E+00  0.0000E+00  0.0000E+00  0.0000E+00  0.0000E+00
 8.5481E+01  0.0000E+00  0.0000E+00  0.0000E+00  0.0000E+00  0.0000E+00
 8.6136E+01  0.0000E+00  0.0000E+00  0.0000E+00  0.0000E+00  0.0000E+00
 8.6796E+01  0.0000E+00  0.0000E+00  0.0000E+00  0.0000E+00  0.0000E+00
 8.7460E+01  0.0000E+00  0.0000E+00  0.0000E+00  0.0000E+00  0.0000E+00
 8.8130E+01  0.0000E+00  0.0000E+00  0.0000E+00  0.0000E+00  0.0000E+00
 8.8805E+01  0.0000E+00  0.0000E+00  0.0000E+00  0.0000E+00  0.0000E+00
 8.9485E+01  0.0000E+00  0.0000E+00  0.0000E+00  0.0000E+00  0.0000E+00
 9.0171E+01  0.0000E+00  0.0000E+00  0.0000E+00  0.0000E+00  0.0000E+00
 9.0861E+01  0.0000E+00  0.0000E+00  0.0000E+00  0.0000E+00  0.0000E+00
 9.1557E+01  0.0000E+00  0.0000E+00  0.0000E+00  0.0000E+00  0.0000E+00
 9.2258E+01  0.0000E+00  0.0000E+00  0.0000E+00  0.0000E+00  0.0000E+00
 9.2965E+01  0.0000E+00  0.0000E+00  0.0000E+00  0.0000E+00  0.0000E+00
 9.3677E+01  0.0000E+00  0.0000E+00  0.0000E+00  0.0000E+00  0.0000E+00
 9.4394E+01  0.0000E+00  0.0000E+00  0.0000E+00  0.0000E+00  0.0000E+00
 9.5117E+01  0.0000E+00  0.0000E+00  0.0000E+00  0.0000E+00  0.0000E+00
 9.5845E+01  0.0000E+00  0.0000E+00  0.0000E+00  0.0000E+00  0.0000E+00
 9.6579E+01  0.0000E+00  0.0000E+00  0.0000E+00  0.0000E+00  0.0000E+00
 9.7319E+01  0.0000E+00  0.0000E+00  0.0000E+00  0.0000E+00  0.0000E+00
 9.8064E+01  0.0000E+00  0.0000E+00  0.0000E+00  0.0000E+00  0.0000E+00
 9.8815E+01  0.0000E+00  0.0000E+00  0.0000E+00  0.0000E+00  0.0000E+00
 9.9572E+01  0.0000E+00  0.0000E+00  0.0000E+00  0.0000E+00  0.0000E+00
 1.0033E+02  0.0000E+00  0.0000E+00  0.0000E+00  0.0000E+00  0.0000E+00
 1.0110E+02  0.0000E+00  0.0000E+00  0.0000E+00  0.0000E+00  0.0000E+00
 1.0188E+02  0.0000E+00  0.0000E+00  0.0000E+00  0.0000E+00  0.0000E+00
 1.0266E+02  0.0000E+00  0.0000E+00  0.0000E+00  0.0000E+00  0.0000E+00
 1.0344E+02  0.0000E+00  0.0000E+00  0.0000E+00  0.0000E+00  0.0000E+00
 1.0424E+02  0.0000E+00  0.0000E+00  0.0000E+00  0.0000E+00  0.0000E+00
 1.0503E+02  0.0000E+00  0.0000E+00  0.0000E+00  0.0000E+00  0.0000E+00
 1.0584E+02  0.0000E+00  0.0000E+00  0.0000E+00  0.0000E+00  0.0000E+00
 1.0665E+02  0.0000E+00  0.0000E+00  0.0000E+00  0.0000E+00  0.0000E+00
 1.0747E+02  0.0000E+00  0.0000E+00  0.0000E+00  0.0000E+00  0.0000E+00
 1.0829E+02  0.0000E+00  0.0000E+00  0.0000E+00  0.0000E+00  0.0000E+00
 1.0912E+02  0.0000E+00  0.0000E+00  0.0000E+00  0.0000E+00  0.0000E+00
 1.0995E+02  0.0000E+00  0.0000E+00  0.0000E+00  0.0000E+00  0.0000E+00
 1.1080E+02  0.0000E+00  0.0000E+00  0.0000E+00  0.0000E+00  0.0000E+00
 1.1164E+02  0.0000E+00  0.0000E+00  0.0000E+00  0.0000E+00  0.0000E+00
 1.1250E+02  0.0000E+00  0.0000E+00  0.0000E+00  0.0000E+00  0.0000E+00
 1.1336E+02  0.0000E+00  0.0000E+00  0.0000E+00  0.0000E+00  0.0000E+00
 1.1423E+02  0.0000E+00  0.0000E+00  0.0000E+00  0.0000E+00  0.0000E+00
 1.1510E+02  0.0000E+00  0.0000E+00  0.0000E+00  0.0000E+00  0.0000E+00
 1.1599E+02  0.0000E+00  0.0000E+00  0.0000E+00  0.0000E+00  0.0000E+00
 1.1687E+02  0.0000E+00  0.0000E+00  0.0000E+00  0.0000E+00  0.0000E+00
 1.1777E+02  0.0000E+00  0.0000E+00  0.0000E+00  0.0000E+00  0.0000E+00
 1.1867E+02  0.0000E+00  0.0000E+00  0.0000E+00  0.0000E+00  0.0000E+00
 1.1958E+02  0.0000E+00  0.0000E+00  0.0000E+00  0.0000E+00  0.0000E+00
 1.2050E+02  0.0000E+00  0.0000E+00  0.0000E+00  0.0000E+00  0.0000E+00
 1.2142E+02  0.0000E+00  0.0000E+00  0.0000E+00  0.0000E+00  0.0000E+00
 1.2235E+02  0.0000E+00  0.0000E+00  0.0000E+00  0.0000E+00  0.0000E+00
 1.2329E+02  0.0000E+00  0.0000E+00  0.0000E+00  0.0000E+00  0.0000E+00
 1.2423E+02  0.0000E+00  0.0000E+00  0.0000E+00  0.0000E+00  0.0000E+00
 1.2518E+02  0.0000E+00  0.0000E+00  0.0000E+00  0.0000E+00  0.0000E+00
 1.2614E+02  0.0000E+00  0.0000E+00  0.0000E+00  0.0000E+00  0.0000E+00
 1.2711E+02  0.0000E+00  0.0000E+00  0.0000E+00  0.0000E+00  0.0000E+00
 1.2808E+02  0.0000E+00  0.0000E+00  0.0000E+00  0.0000E+00  0.0000E+00
 1.2906E+02  0.0000E+00  0.0000E+00  0.0000E+00  0.0000E+00  0.0000E+00
 1.3005E+02  0.0000E+00  0.0000E+00  0.0000E+00  0.0000E+00  0.0000E+00
 1.3104E+02  0.0000E+00  0.0000E+00  0.0000E+00  0.0000E+00  0.0000E+00
 1.3205E+02  0.0000E+00  0.0000E+00  0.0000E+00  0.0000E+00  0.0000E+00
 1.3306E+02  0.0000E+00  0.0000E+00  0.0000E+00  0.0000E+00  0.0000E+00
 1.3408E+02  0.0000E+00  0.0000E+00  0.0000E+00  0.0000E+00  0.0000E+00
 1.3510E+02  0.0000E+00  0.0000E+00  0.0000E+00  0.0000E+00  0.0000E+00
 1.3614E+02  0.0000E+00  0.0000E+00  0.0000E+00  0.0000E+00  0.0000E+00
 1.3718E+02  0.0000E+00  0.0000E+00  0.0000E+00  0.0000E+00  0.0000E+00
 1.3823E+02  0.0000E+00  0.0000E+00  0.0000E+00  0.0000E+00  0.0000E+00
 1.3929E+02  0.0000E+00  0.0000E+00  0.0000E+00  0.0000E+00  0.0000E+00
 1.4036E+02  0.0000E+00  0.0000E+00  0.0000E+00  0.0000E+00  0.0000E+00
 1.4143E+02  0.0000E+00  0.0000E+00  0.0000E+00  0.0000E+00  0.0000E+00
 1.4252E+02  0.0000E+00  0.0000E+00  0.0000E+00  0.0000E+00  0.0000E+00
 1.4361E+02  0.0000E+00  0.0000E+00  0.0000E+00  0.0000E+00  0.0000E+00
 1.4471E+02  0.0000E+00  0.0000E+00  0.0000E+00  0.0000E+00  0.0000E+00
 1.4582E+02  0.0000E+00  0.0000E+00  0.0000E+00  0.0000E+00  0.0000E+00
 1.4693E+02  0.0000E+00  0.0000E+00  0.0000E+00  0.0000E+00  0.0000E+00
 1.4806E+02  0.0000E+00  0.0000E+00  0.0000E+00  0.0000E+00  0.0000E+00
 1.4919E+02  0.0000E+00  0.0000E+00  0.0000E+00  0.0000E+00  0.0000E+00
 1.5033E+02  0.0000E+00  0.0000E+00  0.0000E+00  0.0000E+00  0.0000E+00
 1.5149E+02  0.0000E+00  0.0000E+00  0.0000E+00  0.0000E+00  0.0000E+00
 1.5265E+02  0.0000E+00  0.0000E+00  0.0000E+00  0.0000E+00  0.0000E+00
 1.5381E+02  0.0000E+00  0.0000E+00  0.0000E+00  0.0000E+00  0.0000E+00
 1.5499E+02  0.0000E+00  0.0000E+00  0.0000E+00  0.0000E+00  0.0000E+00
 1.5618E+02  0.0000E+00  0.0000E+00  0.0000E+00  0.0000E+00  0.0000E+00
 1.5738E+02  0.0000E+00  0.0000E+00  0.0000E+00  0.0000E+00  0.0000E+00
 1.5858E+02  0.0000E+00  0.0000E+00  0.0000E+00  0.0000E+00  0.0000E+00
 1.5980E+02  0.0000E+00  0.0000E+00  0.0000E+00  0.0000E+00  0.0000E+00
 1.6102E+02  0.0000E+00  0.0000E+00  0.0000E+00  0.0000E+00  0.0000E+00
 1.6225E+02  0.0000E+00  0.0000E+00  0.0000E+00  0.0000E+00  0.0000E+00
 1.6349E+02  0.0000E+00  0.0000E+00  0.0000E+00  0.0000E+00  0.0000E+00
 1.6475E+02  0.0000E+00  0.0000E+00  0.0000E+00  0.0000E+00  0.0000E+00
 1.6601E+02  0.0000E+00  0.0000E+00  0.0000E+00  0.0000E+00  0.0000E+00
 1.6728E+02  0.0000E+00  0.0000E+00  0.0000E+00  0.0000E+00  0.0000E+00
 1.6856E+02  0.0000E+00  0.0000E+00  0.0000E+00  0.0000E+00  0.0000E+00
 1.6985E+02  0.0000E+00  0.0000E+00  0.0000E+00  0.0000E+00  0.0000E+00
 1.7115E+02  0.0000E+00  0.0000E+00  0.0000E+00  0.0000E+00  0.0000E+00
 1.7246E+02  0.0000E+00  0.0000E+00  0.0000E+00  0.0000E+00  0.0000E+00
 1.7378E+02  0.0000E+00  0.0000E+00  0.0000E+00  0.0000E+00  0.0000E+00
 1.7511E+02  0.0000E+00  0.0000E+00  0.0000E+00  0.0000E+00  0.0000E+00
 1.7646E+02  0.0000E+00  0.0000E+00  0.0000E+00  0.0000E+00  0.0000E+00
 1.7781E+02  0.0000E+00  0.0000E+00  0.0000E+00  0.0000E+00  0.0000E+00
 1.7917E+02  0.0000E+00  0.0000E+00  0.0000E+00  0.0000E+00  0.0000E+00
 1.8054E+02  0.0000E+00  0.0000E+00  0.0000E+00  0.0000E+00  0.0000E+00
 1.8192E+02  0.0000E+00  0.0000E+00  0.0000E+00  0.0000E+00  0.0000E+00
 1.8332E+02  0.0000E+00  0.0000E+00  0.0000E+00  0.0000E+00  0.0000E+00
 1.8472E+02  0.0000E+00  0.0000E+00  0.0000E+00  0.0000E+00  0.0000E+00
 1.8614E+02  0.0000E+00  0.0000E+00  0.0000E+00  0.0000E+00  0.0000E+00
 1.8756E+02  0.0000E+00  0.0000E+00  0.0000E+00  0.0000E+00  0.0000E+00
 1.8900E+02  0.0000E+00  0.0000E+00  0.0000E+00  0.0000E+00  0.0000E+00
 1.9045E+02  0.0000E+00  0.0000E+00  0.0000E+00  0.0000E+00  0.0000E+00
 1.9190E+02  0.0000E+00  0.0000E+00  0.0000E+00  0.0000E+00  0.0000E+00
 1.9337E+02  0.0000E+00  0.0000E+00  0.0000E+00  0.0000E+00  0.0000E+00
 1.9485E+02  0.0000E+00  0.0000E+00  0.0000E+00  0.0000E+00  0.0000E+00
 1.9635E+02  0.0000E+00  0.0000E+00  0.0000E+00  0.0000E+00  0.0000E+00
 1.9785E+02  0.0000E+00  0.0000E+00  0.0000E+00  0.0000E+00  0.0000E+00
 1.9937E+02  0.0000E+00  0.0000E+00  0.0000E+00  0.0000E+00  0.0000E+00
 2.0089E+02  0.0000E+00  0.0000E+00  0.0000E+00  0.0000E+00  0.0000E+00
 2.0243E+02  0.0000E+00  0.0000E+00  0.0000E+00  0.0000E+00  0.0000E+00
 2.0398E+02  0.0000E+00  0.0000E+00  0.0000E+00  0.0000E+00  0.0000E+00
 2.0554E+02  0.0000E+00  0.0000E+00  0.0000E+00  0.0000E+00  0.0000E+00
 2.0712E+02  0.0000E+00  0.0000E+00  0.0000E+00  0.0000E+00  0.0000E+00
 2.0870E+02  0.0000E+00  0.0000E+00  0.0000E+00  0.0000E+00  0.0000E+00
 2.1030E+02  0.0000E+00  0.0000E+00  0.0000E+00  0.0000E+00  0.0000E+00
 2.1191E+02  0.0000E+00  0.0000E+00  0.0000E+00  0.0000E+00  0.0000E+00
 2.1354E+02  0.0000E+00  0.0000E+00  0.0000E+00  0.0000E+00  0.0000E+00
 2.1517E+02  0.0000E+00  0.0000E+00  0.0000E+00  0.0000E+00  0.0000E+00
 2.1682E+02  0.0000E+00  0.0000E+00  0.0000E+00  0.0000E+00  0.0000E+00
 2.1848E+02  0.0000E+00  0.0000E+00  0.0000E+00  0.0000E+00  0.0000E+00
 2.2015E+02  0.0000E+00  0.0000E+00  0.0000E+00  0.0000E+00  0.0000E+00
 2.2184E+02  0.0000E+00  0.0000E+00  0.0000E+00  0.0000E+00  0.0000E+00
 2.2354E+02  0.0000E+00  0.0000E+00  0.0000E+00  0.0000E+00  0.0000E+00
 2.2525E+02  0.0000E+00  0.0000E+00  0.0000E+00  0.0000E+00  0.0000E+00
 2.2697E+02  0.0000E+00  0.0000E+00  0.0000E+00  0.0000E+00  0.0000E+00
 2.2871E+02  0.0000E+00  0.0000E+00  0.0000E+00  0.0000E+00  0.0000E+00
 2.3046E+02  0.0000E+00  0.0000E+00  0.0000E+00  0.0000E+00  0.0000E+00
 2.3223E+02  0.0000E+00  0.0000E+00  0.0000E+00  0.0000E+00  0.0000E+00
 2.3401E+02  0.0000E+00  0.0000E+00  0.0000E+00  0.0000E+00  0.0000E+00
 2.3580E+02  0.0000E+00  0.0000E+00  0.0000E+00  0.0000E+00  0.0000E+00
 2.3761E+02  0.0000E+00  0.0000E+00  0.0000E+00  0.0000E+00  0.0000E+00
 2.3942E+02  0.0000E+00  0.0000E+00  0.0000E+00  0.0000E+00  0.0000E+00
 2.4126E+02  0.0000E+00  0.0000E+00  0.0000E+00  0.0000E+00  0.0000E+00
 2.4311E+02  0.0000E+00  0.0000E+00  0.0000E+00  0.0000E+00  0.0000E+00
 2.4497E+02  0.0000E+00  0.0000E+00  0.0000E+00  0.0000E+00  0.0000E+00
 2.4684E+02  0.0000E+00  0.0000E+00  0.0000E+00  0.0000E+00  0.0000E+00
 2.4873E+02  0.0000E+00  0.0000E+00  0.0000E+00  0.0000E+00  0.0000E+00
 2.5064E+02  0.0000E+00  0.0000E+00  0.0000E+00  0.0000E+00  0.0000E+00
 2.5256E+02  0.0000E+00  0.0000E+00  0.0000E+00  0.0000E+00  0.0000E+00
 2.5449E+02  0.0000E+00  0.0000E+00  0.0000E+00  0.0000E+00  0.0000E+00
 2.5644E+02  0.0000E+00  0.0000E+00  0.0000E+00  0.0000E+00  0.0000E+00
 2.5841E+02  0.0000E+00  0.0000E+00  0.0000E+00  0.0000E+00  0.0000E+00
 2.6038E+02  0.0000E+00  0.0000E+00  0.0000E+00  0.0000E+00  0.0000E+00
 2.6238E+02  0.0000E+00  0.0000E+00  0.0000E+00  0.0000E+00  0.0000E+00
 2.6439E+02  0.0000E+00  0.0000E+00  0.0000E+00  0.0000E+00  0.0000E+00
 2.6641E+02  0.0000E+00  0.0000E+00  0.0000E+00  0.0000E+00  0.0000E+00
 2.6845E+02  0.0000E+00  0.0000E+00  0.0000E+00  0.0000E+00  0.0000E+00
 2.7051E+02  0.0000E+00  0.0000E+00  0.0000E+00  0.0000E+00  0.0000E+00
 2.7258E+02  0.0000E+00  0.0000E+00  0.0000E+00  0.0000E+00  0.0000E+00
 2.7467E+02  0.0000E+00  0.0000E+00  0.0000E+00  0.0000E+00  0.0000E+00
 2.7677E+02  0.0000E+00  0.0000E+00  0.0000E+00  0.0000E+00  0.0000E+00
 2.7889E+02  0.0000E+00  0.0000E+00  0.0000E+00  0.0000E+00  0.0000E+00
 2.8103E+02  0.0000E+00  0.0000E+00  0.0000E+00  0.0000E+00  0.0000E+00
 2.8318E+02  0.0000E+00  0.0000E+00  0.0000E+00  0.0000E+00  0.0000E+00
 2.8535E+02  0.0000E+00  0.0000E+00  0.0000E+00  0.0000E+00  0.0000E+00
 2.8753E+02  0.0000E+00  0.0000E+00  0.0000E+00  0.0000E+00  0.0000E+00
 2.8974E+02  0.0000E+00  0.0000E+00  0.0000E+00  0.0000E+00  0.0000E+00
 2.9195E+02  0.0000E+00  0.0000E+00  0.0000E+00  0.0000E+00  0.0000E+00
 2.9419E+02  0.0000E+00  0.0000E+00  0.0000E+00  0.0000E+00  0.0000E+00
 2.9644E+02  0.0000E+00  0.0000E+00  0.0000E+00  0.0000E+00  0.0000E+00
 2.9871E+02  0.0000E+00  0.0000E+00  0.0000E+00  0.0000E+00  0.0000E+00
 3.0100E+02  0.0000E+00  0.0000E+00  0.0000E+00  0.0000E+00  0.0000E+00
 3.0331E+02  0.0000E+00  0.0000E+00  0.0000E+00  0.0000E+00  0.0000E+00
 3.0563E+02  0.0000E+00  0.0000E+00  0.0000E+00  0.0000E+00  0.0000E+00
 3.0797E+02  0.0000E+00  0.0000E+00  0.0000E+00  0.0000E+00  0.0000E+00
 3.1033E+02  0.0000E+00  0.0000E+00  0.0000E+00  0.0000E+00  0.0000E+00
 3.1271E+02  0.0000E+00  0.0000E+00  0.0000E+00  0.0000E+00  0.0000E+00
 3.1510E+02  0.0000E+00  0.0000E+00  0.0000E+00  0.0000E+00  0.0000E+00
 3.1751E+02  0.0000E+00  0.0000E+00  0.0000E+00  0.0000E+00  0.0000E+00
 3.1994E+02  0.0000E+00  0.0000E+00  0.0000E+00  0.0000E+00  0.0000E+00
 3.2240E+02  0.0000E+00  0.0000E+00  0.0000E+00  0.0000E+00  0.0000E+00
 3.2486E+02  0.0000E+00  0.0000E+00  0.0000E+00  0.0000E+00  0.0000E+00
 3.2735E+02  0.0000E+00  0.0000E+00  0.0000E+00  0.0000E+00  0.0000E+00
 3.2986E+02  0.0000E+00  0.0000E+00  0.0000E+00  0.0000E+00  0.0000E+00
 3.3239E+02  0.0000E+00  0.0000E+00  0.0000E+00  0.0000E+00  0.0000E+00
 3.3493E+02  0.0000E+00  0.0000E+00  0.0000E+00  0.0000E+00  0.0000E+00
 3.3750E+02  0.0000E+00  0.0000E+00  0.0000E+00  0.0000E+00  0.0000E+00
 3.4008E+02  0.0000E+00  0.0000E+00  0.0000E+00  0.0000E+00  0.0000E+00
 3.4268E+02  0.0000E+00  0.0000E+00  0.0000E+00  0.0000E+00  0.0000E+00
 3.4531E+02  0.0000E+00  0.0000E+00  0.0000E+00  0.0000E+00  0.0000E+00
 3.4795E+02  0.0000E+00  0.0000E+00  0.0000E+00  0.0000E+00  0.0000E+00
 3.5062E+02  0.0000E+00  0.0000E+00  0.0000E+00  0.0000E+00  0.0000E+00
 3.5330E+02  0.0000E+00  0.0000E+00  0.0000E+00  0.0000E+00  0.0000E+00
 3.5601E+02  0.0000E+00  0.0000E+00  0.0000E+00  0.0000E+00  0.0000E+00
 3.5874E+02  0.0000E+00  0.0000E+00  0.0000E+00  0.0000E+00  0.0000E+00
 3.6148E+02  0.0000E+00  0.0000E+00  0.0000E+00  0.0000E+00  0.0000E+00
 3.6425E+02  0.0000E+00  0.0000E+00  0.0000E+00  0.0000E+00  0.0000E+00
 3.6704E+02  0.0000E+00  0.0000E+00  0.0000E+00  0.0000E+00  0.0000E+00
 3.6985E+02  0.0000E+00  0.0000E+00  0.0000E+00  0.0000E+00  0.0000E+00
 3.7268E+02  0.0000E+00  0.0000E+00  0.0000E+00  0.0000E+00  0.0000E+00
 3.7554E+02  0.0000E+00  0.0000E+00  0.0000E+00  0.0000E+00  0.0000E+00
 3.7841E+02  0.0000E+00  0.0000E+00  0.0000E+00  0.0000E+00  0.0000E+00
 3.8131E+02  0.0000E+00  0.0000E+00  0.0000E+00  0.0000E+00  0.0000E+00
 3.8423E+02  0.0000E+00  0.0000E+00  0.0000E+00  0.0000E+00  0.0000E+00
 3.8718E+02  0.0000E+00  0.0000E+00  0.0000E+00  0.0000E+00  0.0000E+00
 3.9014E+02  0.0000E+00  0.0000E+00  0.0000E+00  0.0000E+00  0.0000E+00
 3.9313E+02  0.0000E+00  0.0000E+00  0.0000E+00  0.0000E+00  0.0000E+00
 3.9614E+02  0.0000E+00  0.0000E+00  0.0000E+00  0.0000E+00  0.0000E+00
 3.9917E+02  0.0000E+00  0.0000E+00  0.0000E+00  0.0000E+00  0.0000E+00
 4.0223E+02  0.0000E+00  0.0000E+00  0.0000E+00  0.0000E+00  0.0000E+00
 4.0531E+02  0.0000E+00  0.0000E+00  0.0000E+00  0.0000E+00  0.0000E+00
 4.0841E+02  0.0000E+00  0.0000E+00  0.0000E+00  0.0000E+00  0.0000E+00
 4.1154E+02  0.0000E+00  0.0000E+00  0.0000E+00  0.0000E+00  0.0000E+00
 4.1469E+02  0.0000E+00  0.0000E+00  0.0000E+00  0.0000E+00  0.0000E+00
 4.1787E+02  0.0000E+00  0.0000E+00  0.0000E+00  0.0000E+00  0.0000E+00
 4.2107E+02  0.0000E+00  0.0000E+00  0.0000E+00  0.0000E+00  0.0000E+00
 4.2429E+02  0.0000E+00  0.0000E+00  0.0000E+00  0.0000E+00  0.0000E+00
 4.2754E+02  0.0000E+00  0.0000E+00  0.0000E+00  0.0000E+00  0.0000E+00
 4.3082E+02  0.0000E+00  0.0000E+00  0.0000E+00  0.0000E+00  0.0000E+00
 4.3412E+02  0.0000E+00  0.0000E+00  0.0000E+00  0.0000E+00  0.0000E+00
 4.3744E+02  0.0000E+00  0.0000E+00  0.0000E+00  0.0000E+00  0.0000E+00
 4.4079E+02  0.0000E+00  0.0000E+00  0.0000E+00  0.0000E+00  0.0000E+00
 4.4417E+02  0.0000E+00  0.0000E+00  0.0000E+00  0.0000E+00  0.0000E+00
 4.4757E+02  0.0000E+00  0.0000E+00  0.0000E+00  0.0000E+00  0.0000E+00
 4.5100E+02  0.0000E+00  0.0000E+00  0.0000E+00  0.0000E+00  0.0000E+00
 4.5445E+02  0.0000E+00  0.0000E+00  0.0000E+00  0.0000E+00  0.0000E+00
 4.5793E+02  0.0000E+00  0.0000E+00  0.0000E+00  0.0000E+00  0.0000E+00
 4.6144E+02  0.0000E+00  0.0000E+00  0.0000E+00  0.0000E+00  0.0000E+00
 4.6497E+02  0.0000E+00  0.0000E+00  0.0000E+00  0.0000E+00  0.0000E+00
 4.6853E+02  0.0000E+00  0.0000E+00  0.0000E+00  0.0000E+00  0.0000E+00
 4.7212E+02  0.0000E+00  0.0000E+00  0.0000E+00  0.0000E+00  0.0000E+00
 4.7574E+02  0.0000E+00  0.0000E+00  0.0000E+00  0.0000E+00  0.0000E+00
 4.7938E+02  0.0000E+00  0.0000E+00  0.0000E+00  0.0000E+00  0.0000E+00
 4.8305E+02  0.0000E+00  0.0000E+00  0.0000E+00  0.0000E+00  0.0000E+00
 4.8675E+02  0.0000E+00  0.0000E+00  0.0000E+00  0.0000E+00  0.0000E+00
 4.9048E+02  0.0000E+00  0.0000E+00  0.0000E+00  0.0000E+00  0.0000E+00
 4.9424E+02  0.0000E+00  0.0000E+00  0.0000E+00  0.0000E+00  0.0000E+00
 4.9802E+02  0.0000E+00  0.0000E+00  0.0000E+00  0.0000E+00  0.0000E+00
 5.0183E+02  0.0000E+00  0.0000E+00  0.0000E+00  0.0000E+00  0.0000E+00
 5.0568E+02  0.0000E+00  0.0000E+00  0.0000E+00  0.0000E+00  0.0000E+00
 5.0955E+02  0.0000E+00  0.0000E+00  0.0000E+00  0.0000E+00  0.0000E+00
 5.1345E+02  0.0000E+00  0.0000E+00  0.0000E+00  0.0000E+00  0.0000E+00
 5.1738E+02  0.0000E+00  0.0000E+00  0.0000E+00  0.0000E+00  0.0000E+00
 5.2135E+02  0.0000E+00  0.0000E+00  0.0000E+00  0.0000E+00  0.0000E+00
 5.2534E+02  0.0000E+00  0.0000E+00  0.0000E+00  0.0000E+00  0.0000E+00
 5.2936E+02  0.0000E+00  0.0000E+00  0.0000E+00  0.0000E+00  0.0000E+00
 5.3342E+02  0.0000E+00  0.0000E+00  0.0000E+00  0.0000E+00  0.0000E+00
 5.3750E+02  0.0000E+00  0.0000E+00  0.0000E+00  0.0000E+00  0.0000E+00
 5.4162E+02  0.0000E+00  0.0000E+00  0.0000E+00  0.0000E+00  0.0000E+00
 5.4577E+02  0.0000E+00  0.0000E+00  0.0000E+00  0.0000E+00  0.0000E+00
 5.4995E+02  0.0000E+00  0.0000E+00  0.0000E+00  0.0000E+00  0.0000E+00
 5.5416E+02  0.0000E+00  0.0000E+00  0.0000E+00  0.0000E+00  0.0000E+00
 5.5840E+02  0.0000E+00  0.0000E+00  0.0000E+00  0.0000E+00  0.0000E+00
 5.6268E+02  0.0000E+00  0.0000E+00  0.0000E+00  0.0000E+00  0.0000E+00
 5.6699E+02  0.0000E+00  0.0000E+00  0.0000E+00  0.0000E+00  0.0000E+00
 5.7133E+02  0.0000E+00  0.0000E+00  0.0000E+00  0.0000E+00  0.0000E+00
 5.7571E+02  0.0000E+00  0.0000E+00  0.0000E+00  0.0000E+00  0.0000E+00
 5.8011E+02  0.0000E+00  0.0000E+00  0.0000E+00  0.0000E+00  0.0000E+00
 5.8456E+02  0.0000E+00  0.0000E+00  0.0000E+00  0.0000E+00  0.0000E+00
 5.8903E+02  0.0000E+00  0.0000E+00  0.0000E+00  0.0000E+00  0.0000E+00
 5.9354E+02  0.0000E+00  0.0000E+00  0.0000E+00  0.0000E+00  0.0000E+00
 5.9809E+02  0.0000E+00  0.0000E+00  0.0000E+00  0.0000E+00  0.0000E+00
 6.0267E+02  0.0000E+00  0.0000E+00  0.0000E+00  0.0000E+00  0.0000E+00
 6.0729E+02  0.0000E+00  0.0000E+00  0.0000E+00  0.0000E+00  0.0000E+00
 6.1194E+02  0.0000E+00  0.0000E+00  0.0000E+00  0.0000E+00  0.0000E+00
 6.1662E+02  0.0000E+00  0.0000E+00  0.0000E+00  0.0000E+00  0.0000E+00
 6.2135E+02  0.0000E+00  0.0000E+00  0.0000E+00  0.0000E+00  0.0000E+00
 6.2610E+02  0.0000E+00  0.0000E+00  0.0000E+00  0.0000E+00  0.0000E+00
 6.3090E+02  0.0000E+00  0.0000E+00  0.0000E+00  0.0000E+00  0.0000E+00
 6.3573E+02  0.0000E+00  0.0000E+00  0.0000E+00  0.0000E+00  0.0000E+00
 6.4060E+02  0.0000E+00  0.0000E+00  0.0000E+00  0.0000E+00  0.0000E+00
 6.4551E+02  0.0000E+00  0.0000E+00  0.0000E+00  0.0000E+00  0.0000E+00
 6.5045E+02  0.0000E+00  0.0000E+00  0.0000E+00  0.0000E+00  0.0000E+00
 6.5543E+02  0.0000E+00  0.0000E+00  0.0000E+00  0.0000E+00  0.0000E+00
 6.6045E+02  0.0000E+00  0.0000E+00  0.0000E+00  0.0000E+00  0.0000E+00
 6.6551E+02  0.0000E+00  0.0000E+00  0.0000E+00  0.0000E+00  0.0000E+00
 6.7060E+02  0.0000E+00  0.0000E+00  0.0000E+00  0.0000E+00  0.0000E+00
 6.7574E+02  0.0000E+00  0.0000E+00  0.0000E+00  0.0000E+00  0.0000E+00
 6.8092E+02  0.0000E+00  0.0000E+00  0.0000E+00  0.0000E+00  0.0000E+00
 6.8613E+02  0.0000E+00  0.0000E+00  0.0000E+00  0.0000E+00  0.0000E+00
 6.9138E+02  0.0000E+00  0.0000E+00  0.0000E+00  0.0000E+00  0.0000E+00
 6.9668E+02  0.0000E+00  0.0000E+00  0.0000E+00  0.0000E+00  0.0000E+00
 7.0201E+02  0.0000E+00  0.0000E+00  0.0000E+00  0.0000E+00  0.0000E+00
 7.0739E+02  0.0000E+00  0.0000E+00  0.0000E+00  0.0000E+00  0.0000E+00
 7.1281E+02  0.0000E+00  0.0000E+00  0.0000E+00  0.0000E+00  0.0000E+00
 7.1827E+02  0.0000E+00  0.0000E+00  0.0000E+00  0.0000E+00  0.0000E+00
 7.2377E+02  0.0000E+00  0.0000E+00  0.0000E+00  0.0000E+00  0.0000E+00
 7.2931E+02  0.0000E+00  0.0000E+00  0.0000E+00  0.0000E+00  0.0000E+00
 7.3490E+02  0.0000E+00  0.0000E+00  0.0000E+00  0.0000E+00  0.0000E+00
 7.4052E+02  0.0000E+00  0.0000E+00  0.0000E+00  0.0000E+00  0.0000E+00
 7.4620E+02  0.0000E+00  0.0000E+00  0.0000E+00  0.0000E+00  0.0000E+00
 7.5191E+02  0.0000E+00  0.0000E+00  0.0000E+00  0.0000E+00  0.0000E+00
 7.5767E+02  0.0000E+00  0.0000E+00  0.0000E+00  0.0000E+00  0.0000E+00
 7.6347E+02  0.0000E+00  0.0000E+00  0.0000E+00  0.0000E+00  0.0000E+00
 7.6932E+02  0.0000E+00  0.0000E+00  0.0000E+00  0.0000E+00  0.0000E+00
 7.7521E+02  0.0000E+00  0.0000E+00  0.0000E+00  0.0000E+00  0.0000E+00
 7.8115E+02  0.0000E+00  0.0000E+00  0.0000E+00  0.0000E+00  0.0000E+00
 7.8713E+02  0.0000E+00  0.0000E+00  0.0000E+00  0.0000E+00  0.0000E+00
 7.9316E+02  0.0000E+00  0.0000E+00  0.0000E+00  0.0000E+00  0.0000E+00
 7.9923E+02  0.0000E+00  0.0000E+00  0.0000E+00  0.0000E+00  0.0000E+00
 8.0535E+02  0.0000E+00  0.0000E+00  0.0000E+00  0.0000E+00  0.0000E+00
 8.1152E+02  0.0000E+00  0.0000E+00  0.0000E+00  0.0000E+00  0.0000E+00
 8.1774E+02  0.0000E+00  0.0000E+00  0.0000E+00  0.0000E+00  0.0000E+00
 8.2400E+02  0.0000E+00  0.0000E+00  0.0000E+00  0.0000E+00  0.0000E+00
 8.3031E+02  0.0000E+00  0.0000E+00  0.0000E+00  0.0000E+00  0.0000E+00
 8.3667E+02  0.0000E+00  0.0000E+00  0.0000E+00  0.0000E+00  0.0000E+00
 8.4307E+02  0.0000E+00  0.0000E+00  0.0000E+00  0.0000E+00  0.0000E+00
 8.4953E+02  0.0000E+00  0.0000E+00  0.0000E+00  0.0000E+00  0.0000E+00
 8.5604E+02  0.0000E+00  0.0000E+00  0.0000E+00  0.0000E+00  0.0000E+00
 8.6259E+02  0.0000E+00  0.0000E+00  0.0000E+00  0.0000E+00  0.0000E+00
 8.6920E+02  0.0000E+00  0.0000E+00  0.0000E+00  0.0000E+00  0.0000E+00
 8.7586E+02  0.0000E+00  0.0000E+00  0.0000E+00  0.0000E+00  0.0000E+00
 8.8256E+02  0.0000E+00  0.0000E+00  0.0000E+00  0.0000E+00  0.0000E+00
 8.8932E+02  0.0000E+00  0.0000E+00  0.0000E+00  0.0000E+00  0.0000E+00
 8.9613E+02  0.0000E+00  0.0000E+00  0.0000E+00  0.0000E+00  0.0000E+00
 9.0300E+02  0.0000E+00  0.0000E+00  0.0000E+00  0.0000E+00  0.0000E+00
 9.0991E+02  0.0000E+00  0.0000E+00  0.0000E+00  0.0000E+00  0.0000E+00
 9.1688E+02  0.0000E+00  0.0000E+00  0.0000E+00  0.0000E+00  0.0000E+00
 9.2390E+02  0.0000E+00  0.0000E+00  0.0000E+00  0.0000E+00  0.0000E+00
 9.3098E+02  0.0000E+00  0.0000E+00  0.0000E+00  0.0000E+00  0.0000E+00
 9.3811E+02  0.0000E+00  0.0000E+00  0.0000E+00  0.0000E+00  0.0000E+00
 9.4529E+02  0.0000E+00  0.0000E+00  0.0000E+00  0.0000E+00  0.0000E+00
 9.5253E+02  0.0000E+00  0.0000E+00  0.0000E+00  0.0000E+00  0.0000E+00
 9.5983E+02  0.0000E+00  0.0000E+00  0.0000E+00  0.0000E+00  0.0000E+00
 9.6718E+02  0.0000E+00  0.0000E+00  0.0000E+00  0.0000E+00  0.0000E+00
 9.7458E+02  0.0000E+00  0.0000E+00  0.0000E+00  0.0000E+00  0.0000E+00
 9.8205E+02  0.0000E+00  0.0000E+00  0.0000E+00  0.0000E+00  0.0000E+00
 9.8957E+02  0.0000E+00  0.0000E+00  0.0000E+00  0.0000E+00  0.0000E+00
 9.9715E+02  0.0000E+00  0.0000E+00  0.0000E+00  0.0000E+00  0.0000E+00
 1.0048E+03  0.0000E+00  0.0000E+00  0.0000E+00  0.0000E+00  0.0000E+00
 1.0125E+03  0.0000E+00  0.0000E+00  0.0000E+00  0.0000E+00  0.0000E+00
 1.0202E+03  0.0000E+00  0.0000E+00  0.0000E+00  0.0000E+00  0.0000E+00
 1.0280E+03  0.0000E+00  0.0000E+00  0.0000E+00  0.0000E+00  0.0000E+00
 1.0359E+03  0.0000E+00  0.0000E+00  0.0000E+00  0.0000E+00  0.0000E+00
 1.0439E+03  0.0000E+00  0.0000E+00  0.0000E+00  0.0000E+00  0.0000E+00
 1.0518E+03  0.0000E+00  0.0000E+00  0.0000E+00  0.0000E+00  0.0000E+00
 1.0599E+03  0.0000E+00  0.0000E+00  0.0000E+00  0.0000E+00  0.0000E+00
 1.0680E+03  0.0000E+00  0.0000E+00  0.0000E+00  0.0000E+00  0.0000E+00
 1.0762E+03  0.0000E+00  0.0000E+00  0.0000E+00  0.0000E+00  0.0000E+00
 1.0844E+03  0.0000E+00  0.0000E+00  0.0000E+00  0.0000E+00  0.0000E+00
 1.0927E+03  0.0000E+00  0.0000E+00  0.0000E+00  0.0000E+00  0.0000E+00
 1.1011E+03  0.0000E+00  0.0000E+00  0.0000E+00  0.0000E+00  0.0000E+00
 1.1095E+03  0.0000E+00  0.0000E+00  0.0000E+00  0.0000E+00  0.0000E+00
 1.1180E+03  0.0000E+00  0.0000E+00  0.0000E+00  0.0000E+00  0.0000E+00
 1.1266E+03  0.0000E+00  0.0000E+00  0.0000E+00  0.0000E+00  0.0000E+00
 1.1352E+03  0.0000E+00  0.0000E+00  0.0000E+00  0.0000E+00  0.0000E+00
 1.1439E+03  0.0000E+00  0.0000E+00  0.0000E+00  0.0000E+00  0.0000E+00
 1.1527E+03  0.0000E+00  0.0000E+00  0.0000E+00  0.0000E+00  0.0000E+00
 1.1615E+03  0.0000E+00  0.0000E+00  0.0000E+00  0.0000E+00  0.0000E+00
 1.1704E+03  0.0000E+00  0.0000E+00  0.0000E+00  0.0000E+00  0.0000E+00
 1.1794E+03  0.0000E+00  0.0000E+00  0.0000E+00  0.0000E+00  0.0000E+00
 1.1884E+03  0.0000E+00  0.0000E+00  0.0000E+00  0.0000E+00  0.0000E+00
 1.1975E+03  0.0000E+00  0.0000E+00  0.0000E+00  0.0000E+00  0.0000E+00
 1.2067E+03  0.0000E+00  0.0000E+00  0.0000E+00  0.0000E+00  0.0000E+00
 1.2159E+03  0.0000E+00  0.0000E+00  0.0000E+00  0.0000E+00  0.0000E+00
 1.2252E+03  0.0000E+00  0.0000E+00  0.0000E+00  0.0000E+00  0.0000E+00
 1.2346E+03  0.0000E+00  0.0000E+00  0.0000E+00  0.0000E+00  0.0000E+00
 1.2441E+03  0.0000E+00  0.0000E+00  0.0000E+00  0.0000E+00  0.0000E+00
 1.2536E+03  0.0000E+00  0.0000E+00  0.0000E+00  0.0000E+00  0.0000E+00
 1.2632E+03  0.0000E+00  0.0000E+00  0.0000E+00  0.0000E+00  0.0000E+00
 1.2729E+03  0.0000E+00  0.0000E+00  0.0000E+00  0.0000E+00  0.0000E+00
 1.2826E+03  0.0000E+00  0.0000E+00  0.0000E+00  0.0000E+00  0.0000E+00
 1.2924E+03  0.0000E+00  0.0000E+00  0.0000E+00  0.0000E+00  0.0000E+00
 1.3023E+03  0.0000E+00  0.0000E+00  0.0000E+00  0.0000E+00  0.0000E+00
 1.3123E+03  0.0000E+00  0.0000E+00  0.0000E+00  0.0000E+00  0.0000E+00
 1.3224E+03  0.0000E+00  0.0000E+00  0.0000E+00  0.0000E+00  0.0000E+00
 1.3325E+03  0.0000E+00  0.0000E+00  0.0000E+00  0.0000E+00  0.0000E+00
 1.3427E+03  0.0000E+00  0.0000E+00  0.0000E+00  0.0000E+00  0.0000E+00
 1.3530E+03  0.0000E+00  0.0000E+00  0.0000E+00  0.0000E+00  0.0000E+00
 1.3633E+03  0.0000E+00  0.0000E+00  0.0000E+00  0.0000E+00  0.0000E+00
 1.3738E+03  0.0000E+00  0.0000E+00  0.0000E+00  0.0000E+00  0.0000E+00
 1.3843E+03  0.0000E+00  0.0000E+00  0.0000E+00  0.0000E+00  0.0000E+00
 1.3949E+03  0.0000E+00  0.0000E+00  0.0000E+00  0.0000E+00  0.0000E+00
 1.4056E+03  0.0000E+00  0.0000E+00  0.0000E+00  0.0000E+00  0.0000E+00
 1.4164E+03  0.0000E+00  0.0000E+00  0.0000E+00  0.0000E+00  0.0000E+00
 1.4272E+03  0.0000E+00  0.0000E+00  0.0000E+00  0.0000E+00  0.0000E+00
 1.4381E+03  0.0000E+00  0.0000E+00  0.0000E+00  0.0000E+00  0.0000E+00
 1.4491E+03  0.0000E+00  0.0000E+00  0.0000E+00  0.0000E+00  0.0000E+00
 1.4602E+03  0.0000E+00  0.0000E+00  0.0000E+00  0.0000E+00  0.0000E+00
 1.4714E+03  0.0000E+00  0.0000E+00  0.0000E+00  0.0000E+00  0.0000E+00
 1.4827E+03  0.0000E+00  0.0000E+00  0.0000E+00  0.0000E+00  0.0000E+00
 1.4940E+03  0.0000E+00  0.0000E+00  0.0000E+00  0.0000E+00  0.0000E+00
 1.5055E+03  0.0000E+00  0.0000E+00  0.0000E+00  0.0000E+00  0.0000E+00
 1.5170E+03  0.0000E+00  0.0000E+00  0.0000E+00  0.0000E+00  0.0000E+00
 1.5286E+03  0.0000E+00  0.0000E+00  0.0000E+00  0.0000E+00  0.0000E+00
 1.5403E+03  0.0000E+00  0.0000E+00  0.0000E+00  0.0000E+00  0.0000E+00
 1.5521E+03  0.0000E+00  0.0000E+00  0.0000E+00  0.0000E+00  0.0000E+00
 1.5640E+03  0.0000E+00  0.0000E+00  0.0000E+00  0.0000E+00  0.0000E+00
 1.5760E+03  0.0000E+00  0.0000E+00  0.0000E+00  0.0000E+00  0.0000E+00
 1.5881E+03  0.0000E+00  0.0000E+00  0.0000E+00  0.0000E+00  0.0000E+00
 1.6002E+03  0.0000E+00  0.0000E+00  0.0000E+00  0.0000E+00  0.0000E+00
 1.6125E+03  0.0000E+00  0.0000E+00  0.0000E+00  0.0000E+00  0.0000E+00
 1.6248E+03  0.0000E+00  0.0000E+00  0.0000E+00  0.0000E+00  0.0000E+00
 1.6373E+03  0.0000E+00  0.0000E+00  0.0000E+00  0.0000E+00  0.0000E+00
 1.6498E+03  0.0000E+00  0.0000E+00  0.0000E+00  0.0000E+00  0.0000E+00
 1.6625E+03  0.0000E+00  0.0000E+00  0.0000E+00  0.0000E+00  0.0000E+00
 1.6752E+03  0.0000E+00  0.0000E+00  0.0000E+00  0.0000E+00  0.0000E+00
 1.6880E+03  0.0000E+00  0.0000E+00  0.0000E+00  0.0000E+00  0.0000E+00
 1.7009E+03  0.0000E+00  0.0000E+00  0.0000E+00  0.0000E+00  0.0000E+00
 1.7140E+03  0.0000E+00  0.0000E+00  0.0000E+00  0.0000E+00  0.0000E+00
 1.7271E+03  0.0000E+00  0.0000E+00  0.0000E+00  0.0000E+00  0.0000E+00
 1.7403E+03  0.0000E+00  0.0000E+00  0.0000E+00  0.0000E+00  0.0000E+00
 1.7537E+03  0.0000E+00  0.0000E+00  0.0000E+00  0.0000E+00  0.0000E+00
 1.7671E+03  0.0000E+00  0.0000E+00  0.0000E+00  0.0000E+00  0.0000E+00
 1.7806E+03  0.0000E+00  0.0000E+00  0.0000E+00  0.0000E+00  0.0000E+00
 1.7943E+03  0.0000E+00  0.0000E+00  0.0000E+00  0.0000E+00  0.0000E+00
 1.8080E+03  0.0000E+00  0.0000E+00  0.0000E+00  0.0000E+00  0.0000E+00
 1.8218E+03  0.0000E+00  0.0000E+00  0.0000E+00  0.0000E+00  0.0000E+00
 1.8358E+03  0.0000E+00  0.0000E+00  0.0000E+00  0.0000E+00  0.0000E+00
 1.8499E+03  0.0000E+00  0.0000E+00  0.0000E+00  0.0000E+00  0.0000E+00
 1.8640E+03  0.0000E+00  0.0000E+00  0.0000E+00  0.0000E+00  0.0000E+00
 1.8783E+03  0.0000E+00  0.0000E+00  0.0000E+00  0.0000E+00  0.0000E+00
 1.8927E+03  0.0000E+00  0.0000E+00  0.0000E+00  0.0000E+00  0.0000E+00
 1.9072E+03  0.0000E+00  0.0000E+00  0.0000E+00  0.0000E+00  0.0000E+00
 1.9218E+03  0.0000E+00  0.0000E+00  0.0000E+00  0.0000E+00  0.0000E+00
 1.9365E+03  0.0000E+00  0.0000E+00  0.0000E+00  0.0000E+00  0.0000E+00
 1.9513E+03  0.0000E+00  0.0000E+00  0.0000E+00  0.0000E+00  0.0000E+00
 1.9663E+03  0.0000E+00  0.0000E+00  0.0000E+00  0.0000E+00  0.0000E+00
 1.9813E+03  0.0000E+00  0.0000E+00  0.0000E+00  0.0000E+00  0.0000E+00
 1.9965E+03  0.0000E+00  0.0000E+00  0.0000E+00  0.0000E+00  0.0000E+00
 2.0118E+03  0.0000E+00  0.0000E+00  0.0000E+00  0.0000E+00  0.0000E+00
 2.0272E+03  0.0000E+00  0.0000E+00  0.0000E+00  0.0000E+00  0.0000E+00
 2.0427E+03  0.0000E+00  0.0000E+00  0.0000E+00  0.0000E+00  0.0000E+00
 2.0584E+03  0.0000E+00  0.0000E+00  0.0000E+00  0.0000E+00  0.0000E+00
 2.0741E+03  0.0000E+00  0.0000E+00  0.0000E+00  0.0000E+00  0.0000E+00
 2.0900E+03  0.0000E+00  0.0000E+00  0.0000E+00  0.0000E+00  0.0000E+00
 2.1060E+03  0.0000E+00  0.0000E+00  0.0000E+00  0.0000E+00  0.0000E+00
 2.1222E+03  0.0000E+00  0.0000E+00  0.0000E+00  0.0000E+00  0.0000E+00
 2.1384E+03  0.0000E+00  0.0000E+00  0.0000E+00  0.0000E+00  0.0000E+00
 2.1548E+03  0.0000E+00  0.0000E+00  0.0000E+00  0.0000E+00  0.0000E+00
 2.1713E+03  0.0000E+00  0.0000E+00  0.0000E+00  0.0000E+00  0.0000E+00
 2.1879E+03  0.0000E+00  0.0000E+00  0.0000E+00  0.0000E+00  0.0000E+00
 2.2047E+03  0.0000E+00  0.0000E+00  0.0000E+00  0.0000E+00  0.0000E+00
 2.2216E+03  4.3564E-04  1.1710E-02 -1.2429E-03 -6.6967E-02  1.0000E+00
 2.2386E+03  4.3857E-04  1.1699E-02 -1.2307E-03 -6.5805E-02  1.0000E+00
 2.2557E+03  4.4151E-04  1.1688E-02 -1.2185E-03 -6.4658E-02  1.0000E+00
 2.2730E+03  4.4447E-04  1.1677E-02 -1.2063E-03 -6.3524E-02  1.0000E+00
 2.2904E+03  4.4746E-04  1.1666E-02 -1.1941E-03 -6.2403E-02  1.0000E+00
 2.3079E+03  4.5046E-04  1.1655E-02 -1.1819E-03 -6.1296E-02  1.0000E+00
 2.3256E+03  4.5348E-04  1.1643E-02 -1.1697E-03 -6.0202E-02  1.0000E+00
 2.3434E+03  4.5653E-04  1.1632E-02 -1.1575E-03 -5.9121E-02  1.0000E+00
 2.3614E+03  4.5960E-04  1.1621E-02 -1.1453E-03 -5.8052E-02  1.0000E+00
 2.3794E+03  4.6270E-04  1.1611E-02 -1.1331E-03 -5.6997E-02  1.0000E+00
 2.3977E+03  4.6582E-04  1.1600E-02 -1.1209E-03 -5.5954E-02  1.0000E+00
 2.4160E+03  4.6898E-04  1.1590E-02 -1.1087E-03 -5.4924E-02  1.0000E+00
 2.4345E+03  4.7216E-04  1.1579E-02 -1.0964E-03 -5.3907E-02  1.0000E+00
 2.4532E+03  4.7536E-04  1.1569E-02 -1.0842E-03 -5.2901E-02  1.0000E+00
 2.4720E+03  4.7860E-04  1.1559E-02 -1.0720E-03 -5.1908E-02  1.0000E+00
 2.4909E+03  4.8186E-04  1.1549E-02 -1.0598E-03 -5.0927E-02  1.0000E+00
 2.5100E+03  4.8515E-04  1.1539E-02 -1.0476E-03 -4.9957E-02  1.0000E+00
 2.5292E+03  4.8846E-04  1.1530E-02 -1.0354E-03 -4.9000E-02  1.0000E+00
 2.5486E+03  4.9181E-04  1.1520E-02 -1.0232E-03 -4.8054E-02  1.0000E+00
 2.5681E+03  4.9518E-04  1.1511E-02 -1.0110E-03 -4.7119E-02  1.0000E+00
 2.5878E+03  4.9859E-04  1.1502E-02 -9.9875E-04 -4.6196E-02  1.0000E+00
 2.6076E+03  5.0202E-04  1.1493E-02 -9.8654E-04 -4.5285E-02  1.0000E+00
 2.6275E+03  5.0548E-04  1.1484E-02 -9.7432E-04 -4.4384E-02  1.0000E+00
 2.6477E+03  5.0897E-04  1.1475E-02 -9.6211E-04 -4.3494E-02  1.0000E+00
 2.6679E+03  5.1249E-04  1.1466E-02 -9.4989E-04 -4.2616E-02  1.0000E+00
 2.6884E+03  5.1604E-04  1.1458E-02 -9.3767E-04 -4.1748E-02  1.0000E+00
 2.7090E+03  5.1962E-04  1.1449E-02 -9.2546E-04 -4.0891E-02  1.0000E+00
 2.7297E+03  5.2323E-04  1.1441E-02 -9.1324E-04 -4.0044E-02  1.0000E+00
 2.7506E+03  5.2687E-04  1.1433E-02 -9.0102E-04 -3.9208E-02  1.0000E+00
 2.7717E+03  5.3054E-04  1.1425E-02 -8.8880E-04 -3.8383E-02  1.0000E+00
 2.7929E+03  5.3424E-04  1.1417E-02 -8.7658E-04 -3.7567E-02  1.0000E+00
 2.8143E+03  5.3797E-04  1.1409E-02 -8.6436E-04 -3.6762E-02  1.0000E+00
 2.8358E+03  5.4173E-04  1.1401E-02 -8.5214E-04 -3.5967E-02  1.0000E+00
 2.8576E+03  5.4553E-04  1.1393E-02 -8.3992E-04 -3.5181E-02  1.0000E+00
 2.8794E+03  5.4936E-04  1.1386E-02 -8.2769E-04 -3.4406E-02  1.0000E+00
 2.9015E+03  5.5322E-04  1.1378E-02 -8.1547E-04 -3.3640E-02  1.0000E+00
 2.9237E+03  5.5711E-04  1.1371E-02 -8.0324E-04 -3.2884E-02  1.0000E+00
 2.9461E+03  5.6103E-04  1.1364E-02 -7.9102E-04 -3.2137E-02  1.0000E+00
 2.9687E+03  5.6499E-04  1.1357E-02 -7.7879E-04 -3.1400E-02  1.0000E+00
 2.9914E+03  5.6898E-04  1.1350E-02 -7.6656E-04 -3.0672E-02  1.0000E+00
 3.0143E+03  5.7300E-04  1.1343E-02 -7.5434E-04 -2.9954E-02  1.0000E+00
 3.0374E+03  5.7706E-04  1.1336E-02 -7.4211E-04 -2.9244E-02  1.0000E+00
 3.0607E+03  5.8115E-04  1.1330E-02 -7.2988E-04 -2.8543E-02  1.0000E+00
 3.0841E+03  5.8527E-04  1.1323E-02 -7.1765E-04 -2.7852E-02  1.0000E+00
 3.1077E+03  5.8943E-04  1.1317E-02 -7.0541E-04 -2.7169E-02  1.0000E+00
 3.1315E+03  5.9363E-04  1.1310E-02 -6.9318E-04 -2.6495E-02  1.0000E+00
 3.1555E+03  5.9785E-04  1.1304E-02 -6.8095E-04 -2.5830E-02  1.0000E+00
 3.1797E+03  6.0212E-04  1.1298E-02 -6.6871E-04 -2.5173E-02  1.0000E+00
 3.2040E+03  6.0641E-04  1.1292E-02 -6.5648E-04 -2.4524E-02  1.0000E+00
 3.2286E+03  6.1075E-04  1.1286E-02 -6.4424E-04 -2.3884E-02  1.0000E+00
 3.2533E+03  6.1512E-04  1.1280E-02 -6.3200E-04 -2.3252E-02  1.0000E+00
 3.2782E+03  6.1952E-04  1.1274E-02 -6.1976E-04 -2.2629E-02  1.0000E+00
 3.3033E+03  6.2396E-04  1.1268E-02 -6.0752E-04 -2.2013E-02  1.0000E+00
 3.3286E+03  6.2844E-04  1.1262E-02 -5.9528E-04 -2.1406E-02  1.0000E+00
 3.3541E+03  6.3295E-04  1.1257E-02 -5.8304E-04 -2.0806E-02  1.0000E+00
 3.3798E+03  6.3751E-04  1.1251E-02 -5.7080E-04 -2.0215E-02  1.0000E+00
 3.4057E+03  6.4209E-04  1.1246E-02 -5.5855E-04 -1.9631E-02  1.0000E+00
 3.4317E+03  6.4672E-04  1.1241E-02 -5.4631E-04 -1.9054E-02  1.0000E+00
 3.4580E+03  6.5138E-04  1.1235E-02 -5.3406E-04 -1.8486E-02  1.0000E+00
 3.4845E+03  6.5608E-04  1.1230E-02 -5.2181E-04 -1.7924E-02  1.0000E+00
 3.5112E+03  6.6082E-04  1.1225E-02 -5.0956E-04 -1.7371E-02  1.0000E+00
 3.5381E+03  6.6560E-04  1.1220E-02 -4.9731E-04 -1.6824E-02  1.0000E+00
 3.5652E+03  6.7042E-04  1.1215E-02 -4.8506E-04 -1.6285E-02  1.0000E+00
 3.5925E+03  6.7528E-04  1.1210E-02 -4.7281E-04 -1.5753E-02  1.0000E+00
 3.6200E+03  6.8017E-04  1.1205E-02 -4.6055E-04 -1.5228E-02  1.0000E+00
 3.6477E+03  6.8511E-04  1.1200E-02 -4.4830E-04 -1.4710E-02  1.0000E+00
 3.6757E+03  6.9008E-04  1.1196E-02 -4.3604E-04 -1.4199E-02  1.0000E+00
 3.7038E+03  6.9510E-04  1.1191E-02 -4.2378E-04 -1.3695E-02  1.0000E+00
 3.7322E+03  7.0015E-04  1.1186E-02 -4.1153E-04 -1.3198E-02  1.0000E+00
 3.7608E+03  7.0525E-04  1.1182E-02 -3.9926E-04 -1.2707E-02  1.0000E+00
 3.7896E+03  7.1038E-04  1.1177E-02 -3.8700E-04 -1.2224E-02  1.0000E+00
 3.8186E+03  7.1556E-04  1.1173E-02 -3.7474E-04 -1.1746E-02  1.0000E+00
 3.8478E+03  7.2078E-04  1.1169E-02 -3.6247E-04 -1.1275E-02  1.0000E+00
 3.8773E+03  7.2604E-04  1.1164E-02 -3.5021E-04 -1.0811E-02  1.0000E+00
 3.9070E+03  7.3134E-04  1.1160E-02 -3.3794E-04 -1.0353E-02  1.0000E+00
 3.9369E+03  7.3669E-04  1.1156E-02 -3.2567E-04 -9.9014E-03  1.0000E+00
 3.9671E+03  7.4208E-04  1.1152E-02 -3.1340E-04 -9.4559E-03  1.0000E+00
 3.9974E+03  7.4751E-04  1.1148E-02 -3.0113E-04 -9.0165E-03  1.0000E+00
 4.0281E+03  7.5298E-04  1.1144E-02 -2.8885E-04 -8.5833E-03  1.0000E+00
 4.0589E+03  7.5850E-04  1.1140E-02 -2.7658E-04 -8.1560E-03  1.0000E+00
 4.0900E+03  7.6406E-04  1.1136E-02 -2.6430E-04 -7.7347E-03  1.0000E+00
 4.1213E+03  7.6966E-04  1.1132E-02 -2.5202E-04 -7.3193E-03  1.0000E+00
 4.1529E+03  7.7531E-04  1.1128E-02 -2.3974E-04 -6.9097E-03  1.0000E+00
 4.1847E+03  7.8101E-04  1.1124E-02 -2.2745E-04 -6.5059E-03  1.0000E+00
 4.2167E+03  7.8675E-04  1.1120E-02 -2.1517E-04 -6.1077E-03  1.0000E+00
 4.2490E+03  7.9253E-04  1.1116E-02 -2.0288E-04 -5.7152E-03  1.0000E+00
 4.2816E+03  7.9836E-04  1.1113E-02 -1.9060E-04 -5.3283E-03  1.0000E+00
 4.3143E+03  8.0423E-04  1.1109E-02 -1.7831E-04 -4.9468E-03  1.0000E+00
 4.3474E+03  8.1015E-04  1.1105E-02 -1.6602E-04 -4.5708E-03  1.0000E+00
 4.3807E+03  8.1612E-04  1.1102E-02 -1.5372E-04 -4.2002E-03  1.0000E+00
 4.4142E+03  8.2213E-04  1.1098E-02 -1.4143E-04 -3.8348E-03  1.0000E+00
 4.4480E+03  8.2819E-04  1.1095E-02 -1.2913E-04 -3.4748E-03  1.0000E+00
 4.4821E+03  8.3430E-04  1.1091E-02 -1.1683E-04 -3.1199E-03  1.0000E+00
 4.5164E+03  8.4045E-04  1.1088E-02 -1.0453E-04 -2.7702E-03  1.0000E+00
 4.5510E+03  8.4664E-04  1.1084E-02 -9.2225E-05 -2.4256E-03  1.0000E+00
 4.5859E+03  8.5287E-04  1.1080E-02 -7.9920E-05 -2.0860E-03  1.0000E+00
 4.6210E+03  8.5914E-04  1.1077E-02 -6.7613E-05 -1.7513E-03  1.0000E+00
 4.6564E+03  8.6544E-04  1.1073E-02 -5.5303E-05 -1.4216E-03  1.0000E+00
 4.6920E+03  8.7179E-04  1.1069E-02 -4.2992E-05 -1.0967E-03  1.0000E+00
 4.7280E+03  8.7818E-04  1.1065E-02 -3.0678E-05 -7.7665E-04  1.0000E+00
 4.7642E+03  8.8461E-04  1.1061E-02 -1.8362E-05 -4.6133E-04  1.0000E+00
 4.8007E+03  8.9108E-04  1.1057E-02 -6.0442E-06 -1.5070E-04  1.0000E+00
 4.8374E+03  8.9759E-04  1.1052E-02  6.2761E-06  1.5529E-04  1.0000E+00
 4.8745E+03  9.0414E-04  1.1048E-02  1.8599E-05  4.5670E-04  1.0000E+00
 4.9118E+03  9.1073E-04  1.1044E-02  3.0924E-05  7.5357E-04  1.0000E+00
 4.9494E+03  9.1736E-04  1.1039E-02  4.3251E-05  1.0460E-03  1.0000E+00
 4.9873E+03  9.2402E-04  1.1034E-02  5.5580E-05  1.3339E-03  1.0000E+00
 5.0255E+03  9.3073E-04  1.1029E-02  6.7912E-05  1.6175E-03  1.0000E+00
 5.0640E+03  9.3748E-04  1.1025E-02  8.0247E-05  1.8967E-03  1.0000E+00
 5.1028E+03  9.4426E-04  1.1020E-02  9.2584E-05  2.1717E-03  1.0000E+00
 5.1419E+03  9.5109E-04  1.1014E-02  1.0492E-04  2.4424E-03  1.0000E+00
 5.1812E+03  9.5796E-04  1.1009E-02  1.1727E-04  2.7090E-03  1.0000E+00
 5.2209E+03  9.6486E-04  1.1004E-02  1.2961E-04  2.9714E-03  1.0000E+00
 5.2609E+03  9.7180E-04  1.0998E-02  1.4196E-04  3.2297E-03  1.0000E+00
 5.3012E+03  9.7879E-04  1.0993E-02  1.5431E-04  3.4840E-03  1.0000E+00
 5.3418E+03  9.8581E-04  1.0987E-02  1.6666E-04  3.7343E-03  1.0000E+00
 5.3827E+03  9.9287E-04  1.0981E-02  1.7901E-04  3.9807E-03  1.0000E+00
 5.4239E+03  9.9997E-04  1.0975E-02  1.9137E-04  4.2232E-03  1.0000E+00
 5.4655E+03  1.0071E-03  1.0969E-02  2.0373E-04  4.4618E-03  1.0000E+00
 5.5073E+03  1.0143E-03  1.0963E-02  2.1610E-04  4.6966E-03  1.0000E+00
 5.5495E+03  1.0215E-03  1.0957E-02  2.2846E-04  4.9276E-03  1.0000E+00
 5.5920E+03  1.0287E-03  1.0950E-02  2.4083E-04  5.1549E-03  1.0000E+00
 5.6348E+03  1.0360E-03  1.0943E-02  2.5320E-04  5.3785E-03  1.0000E+00
 5.6780E+03  1.0434E-03  1.0937E-02  2.6558E-04  5.5985E-03  1.0000E+00
 5.7215E+03  1.0507E-03  1.0930E-02  2.7796E-04  5.8149E-03  1.0000E+00
 5.7653E+03  1.0581E-03  1.0922E-02  2.9034E-04  6.0278E-03  1.0000E+00
 5.8094E+03  1.0656E-03  1.0915E-02  3.0272E-04  6.2371E-03  1.0000E+00
 5.8539E+03  1.0731E-03  1.0908E-02  3.1511E-04  6.4430E-03  1.0000E+00
 5.8988E+03  1.0806E-03  1.0900E-02  3.2750E-04  6.6455E-03  1.0000E+00
 5.9439E+03  1.0881E-03  1.0892E-02  3.3990E-04  6.8445E-03  1.0000E+00
 5.9895E+03  1.0957E-03  1.0885E-02  3.5229E-04  7.0403E-03  1.0000E+00
 6.0353E+03  1.1033E-03  1.0877E-02  3.6469E-04  7.2327E-03  1.0000E+00
 6.0815E+03  1.1110E-03  1.0868E-02  3.7710E-04  7.4218E-03  1.0000E+00
 6.1281E+03  1.1187E-03  1.0860E-02  3.8950E-04  7.6078E-03  1.0000E+00
 6.1751E+03  1.1264E-03  1.0851E-02  4.0191E-04  7.7905E-03  1.0000E+00
 6.2223E+03  1.1342E-03  1.0843E-02  4.1433E-04  7.9701E-03  1.0000E+00
 6.2700E+03  1.1420E-03  1.0834E-02  4.2675E-04  8.1466E-03  1.0000E+00
 6.3180E+03  1.1498E-03  1.0825E-02  4.3917E-04  8.3200E-03  1.0000E+00
 6.3664E+03  1.1577E-03  1.0815E-02  4.5159E-04  8.4904E-03  1.0000E+00
 6.4152E+03  1.1656E-03  1.0806E-02  4.6402E-04  8.6577E-03  1.0000E+00
 6.4643E+03  1.1735E-03  1.0796E-02  4.7645E-04  8.8221E-03  1.0000E+00
 6.5138E+03  1.1815E-03  1.0786E-02  4.8889E-04  8.9836E-03  1.0000E+00
 6.5637E+03  1.1895E-03  1.0776E-02  5.0133E-04  9.1422E-03  1.0000E+00
 6.6139E+03  1.1975E-03  1.0766E-02  5.1377E-04  9.2979E-03  1.0000E+00
 6.6646E+03  1.2056E-03  1.0756E-02  5.2622E-04  9.4508E-03  1.0000E+00
 6.7156E+03  1.2137E-03  1.0745E-02  5.3867E-04  9.6009E-03  1.0000E+00
 6.7671E+03  1.2218E-03  1.0735E-02  5.5113E-04  9.7482E-03  1.0000E+00
 6.8189E+03  1.2300E-03  1.0724E-02  5.6359E-04  9.8928E-03  1.0000E+00
 6.8711E+03  1.2382E-03  1.0712E-02  5.7605E-04  1.0035E-02  1.0000E+00
 6.9237E+03  1.2464E-03  1.0701E-02  5.8852E-04  1.0174E-02  1.0000E+00
 6.9768E+03  1.2546E-03  1.0689E-02  6.0099E-04  1.0311E-02  1.0000E+00
 7.0302E+03  1.2629E-03  1.0678E-02  6.1347E-04  1.0445E-02  1.0000E+00
 7.0840E+03  1.2712E-03  1.0666E-02  6.2595E-04  1.0576E-02  1.0000E+00
 7.1383E+03  1.2796E-03  1.0653E-02  6.3843E-04  1.0705E-02  1.0000E+00
 7.1929E+03  1.2879E-03  1.0641E-02  6.5092E-04  1.0832E-02  1.0000E+00
 7.2480E+03  1.2963E-03  1.0628E-02  6.6342E-04  1.0956E-02  1.0000E+00
 7.3035E+03  1.3047E-03  1.0616E-02  6.7591E-04  1.1077E-02  1.0000E+00
 7.3595E+03  1.3132E-03  1.0603E-02  6.8842E-04  1.1196E-02  1.0000E+00
 7.4158E+03  1.3217E-03  1.0589E-02  7.0092E-04  1.1313E-02  1.0000E+00
 7.4726E+03  1.3302E-03  1.0576E-02  7.1344E-04  1.1428E-02  1.0000E+00
 7.5299E+03  1.3387E-03  1.0562E-02  7.2595E-04  1.1540E-02  1.0000E+00
 7.5875E+03  1.3472E-03  1.0548E-02  7.3848E-04  1.1650E-02  1.0000E+00
 7.6456E+03  1.3558E-03  1.0534E-02  7.5100E-04  1.1757E-02  1.0000E+00
 7.7042E+03  1.3644E-03  1.0520E-02  7.6353E-04  1.1862E-02  1.0000E+00
 7.7632E+03  1.3730E-03  1.0505E-02  7.7607E-04  1.1966E-02  1.0000E+00
 7.8226E+03  1.3817E-03  1.0490E-02  7.8861E-04  1.2067E-02  1.0000E+00
 7.8825E+03  1.3903E-03  1.0475E-02  8.0116E-04  1.2165E-02  1.0000E+00
 7.9429E+03  1.3990E-03  1.0460E-02  8.1371E-04  1.2262E-02  1.0000E+00
 8.0037E+03  1.4077E-03  1.0444E-02  8.2627E-04  1.2357E-02  1.0000E+00
 8.0650E+03  1.4165E-03  1.0429E-02  8.3883E-04  1.2449E-02  1.0000E+00
 8.1268E+03  1.4252E-03  1.0413E-02  8.5140E-04  1.2540E-02  1.0000E+00
 8.1890E+03  1.4340E-03  1.0397E-02  8.6397E-04  1.2628E-02  1.0000E+00
 8.2518E+03  1.4428E-03  1.0380E-02  8.7655E-04  1.2715E-02  1.0000E+00
 8.3150E+03  1.4517E-03  1.0364E-02  8.8914E-04  1.2799E-02  1.0000E+00
 8.3786E+03  1.4605E-03  1.0347E-02  9.0173E-04  1.2882E-02  1.0000E+00
 8.4428E+03  1.4694E-03  1.0331E-02  9.1432E-04  1.2962E-02  1.0000E+00
 8.5075E+03  1.4783E-03  1.0313E-02  9.2693E-04  1.3041E-02  1.0000E+00
 8.5726E+03  1.4872E-03  1.0296E-02  9.3953E-04  1.3118E-02  1.0000E+00
 8.6383E+03  1.4962E-03  1.0279E-02  9.5215E-04  1.3193E-02  1.0000E+00
 8.7044E+03  1.5052E-03  1.0261E-02  9.6477E-04  1.3266E-02  1.0000E+00
 8.7711E+03  1.5142E-03  1.0244E-02  9.7739E-04  1.3338E-02  1.0000E+00
 8.8383E+03  1.5232E-03  1.0226E-02  9.9002E-04  1.3408E-02  1.0000E+00
 8.9059E+03  1.5323E-03  1.0208E-02  1.0027E-03  1.3476E-02  1.0000E+00
 8.9741E+03  1.5413E-03  1.0189E-02  1.0153E-03  1.3542E-02  1.0000E+00
 9.0429E+03  1.5504E-03  1.0171E-02  1.0280E-03  1.3606E-02  1.0000E+00
 9.1121E+03  1.5596E-03  1.0152E-02  1.0406E-03  1.3669E-02  1.0000E+00
 9.1819E+03  1.5687E-03  1.0134E-02  1.0533E-03  1.3730E-02  1.0000E+00
 9.2522E+03  1.5779E-03  1.0115E-02  1.0659E-03  1.3790E-02  1.0000E+00
 9.3231E+03  1.5871E-03  1.0096E-02  1.0786E-03  1.3848E-02  1.0000E+00
 9.3945E+03  1.5963E-03  1.0077E-02  1.0913E-03  1.3904E-02  1.0000E+00
 9.4664E+03  1.6056E-03  1.0057E-02  1.1040E-03  1.3959E-02  1.0000E+00
 9.5389E+03  1.6148E-03  1.0038E-02  1.1167E-03  1.4012E-02  1.0000E+00
 9.6120E+03  1.6241E-03  1.0018E-02  1.1294E-03  1.4064E-02  1.0000E+00
 9.6856E+03  1.6335E-03  9.9984E-03  1.1421E-03  1.4114E-02  1.0000E+00
 9.7598E+03  1.6428E-03  9.9784E-03  1.1548E-03  1.4163E-02  1.0000E+00
 9.8345E+03  1.6522E-03  9.9584E-03  1.1676E-03  1.4210E-02  1.0000E+00
 9.9098E+03  1.6616E-03  9.9381E-03  1.1803E-03  1.4256E-02  1.0000E+00
 9.9857E+03  1.6710E-03  9.9178E-03  1.1930E-03  1.4300E-02  1.0000E+00
 1.0062E+04  1.6804E-03  9.8973E-03  1.2058E-03  1.4343E-02  1.0000E+00
 1.0139E+04  1.6899E-03  9.8767E-03  1.2185E-03  1.4385E-02  1.0000E+00
 1.0217E+04  1.6994E-03  9.8560E-03  1.2313E-03  1.4425E-02  1.0000E+00
 1.0295E+04  1.7089E-03  9.8351E-03  1.2441E-03  1.4464E-02  1.0000E+00
 1.0374E+04  1.7185E-03  9.8141E-03  1.2569E-03  1.4501E-02  1.0000E+00
 1.0453E+04  1.7280E-03  9.7930E-03  1.2696E-03  1.4538E-02  1.0000E+00
 1.0533E+04  1.7376E-03  9.7718E-03  1.2824E-03  1.4573E-02  1.0000E+00
 1.0614E+04  1.7472E-03  9.7504E-03  1.2952E-03  1.4606E-02  1.0000E+00
 1.0695E+04  1.7569E-03  9.7290E-03  1.3080E-03  1.4639E-02  1.0000E+00
 1.0777E+04  1.7666E-03  9.7074E-03  1.3209E-03  1.4670E-02  1.0000E+00
 1.0860E+04  1.7763E-03  9.6857E-03  1.3337E-03  1.4700E-02  1.0000E+00
 1.0943E+04  1.7860E-03  9.6639E-03  1.3465E-03  1.4728E-02  1.0000E+00
 1.1027E+04  1.7957E-03  9.6420E-03  1.3594E-03  1.4756E-02  1.0000E+00
 1.1111E+04  1.8055E-03  9.6200E-03  1.3722E-03  1.4782E-02  1.0000E+00
 1.1196E+04  1.8153E-03  9.5979E-03  1.3851E-03  1.4807E-02  1.0000E+00
 1.1282E+04  1.8251E-03  9.5757E-03  1.3980E-03  1.4831E-02  1.0000E+00
 1.1369E+04  1.8349E-03  9.5533E-03  1.4109E-03  1.4854E-02  1.0000E+00
 1.1456E+04  1.8448E-03  9.5309E-03  1.4237E-03  1.4876E-02  1.0000E+00
 1.1543E+04  1.8547E-03  9.5084E-03  1.4366E-03  1.4897E-02  1.0000E+00
 1.1632E+04  1.8646E-03  9.4858E-03  1.4495E-03  1.4916E-02  1.0000E+00
 1.1721E+04  1.8746E-03  9.4632E-03  1.4625E-03  1.4935E-02  1.0000E+00
 1.1811E+04  1.8846E-03  9.4404E-03  1.4754E-03  1.4952E-02  1.0000E+00
 1.1901E+04  1.8946E-03  9.4175E-03  1.4883E-03  1.4969E-02  1.0000E+00
 1.1992E+04  1.9046E-03  9.3946E-03  1.5013E-03  1.4984E-02  1.0000E+00
 1.2084E+04  1.9146E-03  9.3716E-03  1.5142E-03  1.4999E-02  1.0000E+00
 1.2177E+04  1.9247E-03  9.3485E-03  1.5272E-03  1.5012E-02  1.0000E+00
 1.2270E+04  1.9348E-03  9.3253E-03  1.5402E-03  1.5025E-02  1.0000E+00
 1.2364E+04  1.9450E-03  9.3021E-03  1.5532E-03  1.5036E-02  1.0000E+00
 1.2458E+04  1.9551E-03  9.2787E-03  1.5662E-03  1.5047E-02  1.0000E+00
 1.2554E+04  1.9653E-03  9.2554E-03  1.5792E-03  1.5057E-02  1.0000E+00
 1.2650E+04  1.9755E-03  9.2319E-03  1.5922E-03  1.5065E-02  1.0000E+00
 1.2747E+04  1.9858E-03  9.2085E-03  1.6052E-03  1.5073E-02  1.0000E+00
 1.2845E+04  1.9961E-03  9.1849E-03  1.6183E-03  1.5080E-02  1.0000E+00
 1.2943E+04  2.0064E-03  9.1614E-03  1.6313E-03  1.5086E-02  1.0000E+00
 1.3042E+04  2.0167E-03  9.1377E-03  1.6444E-03  1.5091E-02  1.0000E+00
 1.3142E+04  2.0271E-03  9.1141E-03  1.6575E-03  1.5096E-02  1.0000E+00
 1.3243E+04  2.0375E-03  9.0904E-03  1.6705E-03  1.5099E-02  1.0000E+00
 1.3344E+04  2.0480E-03  9.0666E-03  1.6836E-03  1.5102E-02  1.0000E+00
 1.3446E+04  2.0584E-03  9.0428E-03  1.6968E-03  1.5104E-02  1.0000E+00
 1.3549E+04  2.0689E-03  9.0190E-03  1.7099E-03  1.5105E-02  1.0000E+00
 1.3653E+04  2.0795E-03  8.9951E-03  1.7230E-03  1.5105E-02  1.0000E+00
 1.3757E+04  2.0900E-03  8.9712E-03  1.7362E-03  1.5105E-02  1.0000E+00
 1.3863E+04  2.1006E-03  8.9472E-03  1.7493E-03  1.5104E-02  1.0000E+00
 1.3969E+04  2.1113E-03  8.9233E-03  1.7625E-03  1.5102E-02  1.0000E+00
 1.4076E+04  2.1219E-03  8.8992E-03  1.7757E-03  1.5099E-02  1.0000E+00
 1.4184E+04  2.1326E-03  8.8752E-03  1.7889E-03  1.5096E-02  1.0000E+00
 1.4292E+04  2.1433E-03  8.8511E-03  1.8021E-03  1.5092E-02  1.0000E+00
 1.4402E+04  2.1541E-03  8.8270E-03  1.8153E-03  1.5087E-02  1.0000E+00
 1.4512E+04  2.1649E-03  8.8028E-03  1.8285E-03  1.5081E-02  1.0000E+00
 1.4623E+04  2.1757E-03  8.7787E-03  1.8418E-03  1.5075E-02  1.0000E+00
 1.4735E+04  2.1866E-03  8.7545E-03  1.8550E-03  1.5068E-02  1.0000E+00
 1.4848E+04  2.1975E-03  8.7302E-03  1.8683E-03  1.5061E-02  1.0000E+00
 1.4962E+04  2.2084E-03  8.7060E-03  1.8816E-03  1.5053E-02  1.0000E+00
 1.5076E+04  2.2193E-03  8.6817E-03  1.8949E-03  1.5044E-02  1.0000E+00
 1.5192E+04  2.2303E-03  8.6574E-03  1.9082E-03  1.5034E-02  1.0000E+00
 1.5308E+04  2.2413E-03  8.6331E-03  1.9215E-03  1.5024E-02  1.0000E+00
 1.5425E+04  2.2524E-03  8.6088E-03  1.9349E-03  1.5014E-02  1.0000E+00
 1.5544E+04  2.2635E-03  8.5844E-03  1.9482E-03  1.5002E-02  1.0000E+00
 1.5663E+04  2.2746E-03  8.5600E-03  1.9616E-03  1.4991E-02  1.0000E+00
 1.5783E+04  2.2857E-03  8.5356E-03  1.9750E-03  1.4978E-02  1.0000E+00
 1.5903E+04  2.2969E-03  8.5112E-03  1.9884E-03  1.4965E-02  1.0000E+00
 1.6025E+04  2.3081E-03  8.4868E-03  2.0018E-03  1.4952E-02  1.0000E+00
 1.6148E+04  2.3194E-03  8.4624E-03  2.0152E-03  1.4938E-02  1.0000E+00
 1.6272E+04  2.3307E-03  8.4379E-03  2.0287E-03  1.4923E-02  1.0000E+00
 1.6396E+04  2.3420E-03  8.4135E-03  2.0421E-03  1.4908E-02  1.0000E+00
 1.6522E+04  2.3534E-03  8.3890E-03  2.0556E-03  1.4892E-02  1.0000E+00
 1.6648E+04  2.3648E-03  8.3645E-03  2.0691E-03  1.4876E-02  1.0000E+00
 1.6776E+04  2.3762E-03  8.3400E-03  2.0826E-03  1.4859E-02  1.0000E+00
 1.6904E+04  2.3876E-03  8.3155E-03  2.0961E-03  1.4842E-02  1.0000E+00
 1.7034E+04  2.3991E-03  8.2910E-03  2.1097E-03  1.4825E-02  1.0000E+00
 1.7164E+04  2.4107E-03  8.2665E-03  2.1233E-03  1.4806E-02  1.0000E+00
 1.7296E+04  2.4222E-03  8.2420E-03  2.1368E-03  1.4788E-02  1.0000E+00
 1.7428E+04  2.4338E-03  8.2175E-03  2.1504E-03  1.4769E-02  1.0000E+00
 1.7562E+04  2.4455E-03  8.1930E-03  2.1640E-03  1.4749E-02  1.0000E+00
 1.7696E+04  2.4571E-03  8.1685E-03  2.1777E-03  1.4729E-02  1.0000E+00
 1.7832E+04  2.4689E-03  8.1439E-03  2.1913E-03  1.4709E-02  1.0000E+00
 1.7968E+04  2.4806E-03  8.1194E-03  2.2050E-03  1.4688E-02  1.0000E+00
 1.8106E+04  2.4924E-03  8.0949E-03  2.2187E-03  1.4667E-02  1.0000E+00
 1.8244E+04  2.5042E-03  8.0704E-03  2.2324E-03  1.4645E-02  1.0000E+00
 1.8384E+04  2.5160E-03  8.0459E-03  2.2461E-03  1.4624E-02  1.0000E+00
 1.8525E+04  2.5279E-03  8.0214E-03  2.2598E-03  1.4601E-02  1.0000E+00
 1.8667E+04  2.5399E-03  7.9970E-03  2.2736E-03  1.4578E-02  1.0000E+00
 1.8810E+04  2.5519E-03  7.9725E-03  2.2873E-03  1.4555E-02  1.0000E+00
 1.8954E+04  2.5639E-03  7.9481E-03  2.3011E-03  1.4532E-02  1.0000E+00
 1.9099E+04  2.5759E-03  7.9237E-03  2.3149E-03  1.4508E-02  1.0000E+00
 1.9245E+04  2.5880E-03  7.8993E-03  2.3288E-03  1.4484E-02  1.0000E+00
 1.9393E+04  2.6002E-03  7.8749E-03  2.3426E-03  1.4459E-02  1.0000E+00
 1.9541E+04  2.6124E-03  7.8506E-03  2.3565E-03  1.4434E-02  1.0000E+00
 1.9691E+04  2.6246E-03  7.8263E-03  2.3704E-03  1.4409E-02  1.0000E+00
 1.9842E+04  2.6369E-03  7.8020E-03  2.3843E-03  1.4383E-02  1.0000E+00
 1.9994E+04  2.6492E-03  7.7777E-03  2.3982E-03  1.4357E-02  1.0000E+00
 2.0147E+04  2.6616E-03  7.7535E-03  2.4122E-03  1.4331E-02  1.0000E+00
 2.0301E+04  2.6740E-03  7.7292E-03  2.4262E-03  1.4305E-02  1.0000E+00
 2.0456E+04  2.6864E-03  7.7051E-03  2.4402E-03  1.4278E-02  1.0000E+00
 2.0613E+04  2.6989E-03  7.6809E-03  2.4542E-03  1.4251E-02  1.0000E+00
 2.0771E+04  2.7114E-03  7.6568E-03  2.4682E-03  1.4223E-02  1.0000E+00
 2.0930E+04  2.7240E-03  7.6327E-03  2.4823E-03  1.4196E-02  1.0000E+00
 2.1090E+04  2.7366E-03  7.6086E-03  2.4964E-03  1.4168E-02  1.0000E+00
 2.1252E+04  2.7493E-03  7.5846E-03  2.5105E-03  1.4140E-02  1.0000E+00
 2.1415E+04  2.7620E-03  7.5606E-03  2.5246E-03  1.4111E-02  1.0000E+00
 2.1579E+04  2.7748E-03  7.5366E-03  2.5388E-03  1.4082E-02  1.0000E+00
 2.1744E+04  2.7876E-03  7.5127E-03  2.5530E-03  1.4053E-02  1.0000E+00
 2.1910E+04  2.8005E-03  7.4888E-03  2.5672E-03  1.4024E-02  1.0000E+00
 2.2078E+04  2.8134E-03  7.4650E-03  2.5814E-03  1.3995E-02  1.0000E+00
 2.2247E+04  2.8264E-03  7.4412E-03  2.5956E-03  1.3965E-02  1.0000E+00
 2.2418E+04  2.8394E-03  7.4174E-03  2.6099E-03  1.3935E-02  1.0000E+00
 2.2589E+04  2.8524E-03  7.3937E-03  2.6242E-03  1.3905E-02  1.0000E+00
 2.2762E+04  2.8656E-03  7.3700E-03  2.6385E-03  1.3875E-02  1.0000E+00
 2.2937E+04  2.8787E-03  7.3464E-03  2.6529E-03  1.3844E-02  1.0000E+00
 2.3112E+04  2.8919E-03  7.3228E-03  2.6673E-03  1.3813E-02  1.0000E+00
 2.3289E+04  2.9052E-03  7.2992E-03  2.6817E-03  1.3782E-02  1.0000E+00
 2.3468E+04  2.9185E-03  7.2757E-03  2.6961E-03  1.3751E-02  1.0000E+00
 2.3647E+04  2.9319E-03  7.2523E-03  2.7106E-03  1.3720E-02  1.0000E+00
 2.3829E+04  2.9453E-03  7.2289E-03  2.7250E-03  1.3688E-02  1.0000E+00
 2.4011E+04  2.9588E-03  7.2055E-03  2.7395E-03  1.3657E-02  1.0000E+00
 2.4195E+04  2.9723E-03  7.1822E-03  2.7541E-03  1.3625E-02  1.0000E+00
 2.4380E+04  2.9859E-03  7.1589E-03  2.7686E-03  1.3593E-02  1.0000E+00
 2.4567E+04  2.9994E-03  7.1354E-03  2.7832E-03  1.3560E-02  1.0000E+00
 2.4755E+04  3.0126E-03  7.1108E-03  2.7979E-03  1.3528E-02  1.0000E+00
 2.4945E+04  3.0257E-03  7.0864E-03  2.8125E-03  1.3495E-02  1.0000E+00
 2.5136E+04  3.0389E-03  7.0619E-03  2.8272E-03  1.3463E-02  1.0000E+00
 2.5328E+04  3.0522E-03  7.0375E-03  2.8419E-03  1.3430E-02  1.0000E+00
 2.5522E+04  3.0655E-03  7.0131E-03  2.8566E-03  1.3397E-02  1.0000E+00
 2.5718E+04  3.0788E-03  6.9888E-03  2.8714E-03  1.3364E-02  1.0000E+00
 2.5915E+04  3.0922E-03  6.9645E-03  2.8862E-03  1.3331E-02  1.0000E+00
 2.6113E+04  3.1056E-03  6.9402E-03  2.9010E-03  1.3297E-02  1.0000E+00
 2.6313E+04  3.1190E-03  6.9160E-03  2.9159E-03  1.3264E-02  1.0000E+00
 2.6515E+04  3.1325E-03  6.8918E-03  2.9307E-03  1.3230E-02  1.0000E+00
 2.6718E+04  3.1461E-03  6.8676E-03  2.9457E-03  1.3197E-02  1.0000E+00
 2.6922E+04  3.1596E-03  6.8435E-03  2.9606E-03  1.3163E-02  1.0000E+00
 2.7128E+04  3.1733E-03  6.8194E-03  2.9756E-03  1.3129E-02  1.0000E+00
 2.7336E+04  3.1869E-03  6.7954E-03  2.9906E-03  1.3095E-02  1.0000E+00
 2.7545E+04  3.2006E-03  6.7714E-03  3.0057E-03  1.3061E-02  1.0000E+00
 2.7756E+04  3.2144E-03  6.7475E-03  3.0207E-03  1.3026E-02  1.0000E+00
 2.7969E+04  3.2282E-03  6.7236E-03  3.0359E-03  1.2992E-02  1.0000E+00
 2.8183E+04  3.2420E-03  6.6997E-03  3.0510E-03  1.2958E-02  1.0000E+00
 2.8399E+04  3.2559E-03  6.6759E-03  3.0662E-03  1.2923E-02  1.0000E+00
 2.8617E+04  3.2698E-03  6.6521E-03  3.0814E-03  1.2889E-02  1.0000E+00
 2.8836E+04  3.2838E-03  6.6284E-03  3.0967E-03  1.2854E-02  1.0000E+00
 2.9056E+04  3.2978E-03  6.6047E-03  3.1120E-03  1.2819E-02  1.0000E+00
 2.9279E+04  3.3119E-03  6.5810E-03  3.1273E-03  1.2784E-02  1.0000E+00
 2.9503E+04  3.3260E-03  6.5575E-03  3.1426E-03  1.2750E-02  1.0000E+00
 2.9729E+04  3.3402E-03  6.5339E-03  3.1580E-03  1.2715E-02  1.0000E+00
 2.9957E+04  3.3544E-03  6.5104E-03  3.1735E-03  1.2680E-02  1.0000E+00
 3.0186E+04  3.3686E-03  6.4870E-03  3.1889E-03  1.2645E-02  1.0000E+00
 3.0417E+04  3.3829E-03  6.4636E-03  3.2044E-03  1.2610E-02  1.0000E+00
 3.0650E+04  3.3972E-03  6.4402E-03  3.2200E-03  1.2575E-02  1.0000E+00
 3.0885E+04  3.4116E-03  6.4169E-03  3.2356E-03  1.2539E-02  1.0000E+00
 3.1122E+04  3.4261E-03  6.3937E-03  3.2512E-03  1.2504E-02  1.0000E+00
 3.1360E+04  3.4406E-03  6.3705E-03  3.2669E-03  1.2469E-02  1.0000E+00
 3.1600E+04  3.4551E-03  6.3473E-03  3.2826E-03  1.2434E-02  1.0000E+00
 3.1842E+04  3.4697E-03  6.3242E-03  3.2983E-03  1.2398E-02  1.0000E+00
 3.2086E+04  3.4843E-03  6.3012E-03  3.3141E-03  1.2363E-02  1.0000E+00
 3.2332E+04  3.4990E-03  6.2782E-03  3.3299E-03  1.2328E-02  1.0000E+00
 3.2579E+04  3.5138E-03  6.2552E-03  3.3458E-03  1.2292E-02  1.0000E+00
 3.2829E+04  3.5285E-03  6.2323E-03  3.3617E-03  1.2257E-02  1.0000E+00
 3.3080E+04  3.5434E-03  6.2095E-03  3.3777E-03  1.2221E-02  1.0000E+00
 3.3334E+04  3.5583E-03  6.1867E-03  3.3937E-03  1.2186E-02  1.0000E+00
 3.3589E+04  3.5732E-03  6.1640E-03  3.4097E-03  1.2150E-02  1.0000E+00
 3.3846E+04  3.5882E-03  6.1413E-03  3.4258E-03  1.2115E-02  1.0000E+00
 3.4105E+04  3.6033E-03  6.1187E-03  3.4419E-03  1.2080E-02  1.0000E+00
 3.4367E+04  3.6184E-03  6.0961E-03  3.4581E-03  1.2044E-02  1.0000E+00
 3.4630E+04  3.6335E-03  6.0736E-03  3.4743E-03  1.2009E-02  1.0000E+00
 3.4895E+04  3.6487E-03  6.0512E-03  3.4906E-03  1.1973E-02  1.0000E+00
 3.5162E+04  3.6640E-03  6.0288E-03  3.5069E-03  1.1938E-02  1.0000E+00
 3.5431E+04  3.6793E-03  6.0065E-03  3.5233E-03  1.1902E-02  1.0000E+00
 3.5703E+04  3.6947E-03  5.9842E-03  3.5397E-03  1.1867E-02  1.0000E+00
 3.5976E+04  3.7101E-03  5.9620E-03  3.5561E-03  1.1831E-02  1.0000E+00
 3.6252E+04  3.7256E-03  5.9398E-03  3.5726E-03  1.1796E-02  1.0000E+00
 3.6529E+04  3.7411E-03  5.9177E-03  3.5892E-03  1.1760E-02  1.0000E+00
 3.6809E+04  3.7567E-03  5.8957E-03  3.6058E-03  1.1725E-02  1.0000E+00
 3.7091E+04  3.7724E-03  5.8737E-03  3.6224E-03  1.1690E-02  1.0000E+00
 3.7375E+04  3.7881E-03  5.8517E-03  3.6391E-03  1.1654E-02  1.0000E+00
 3.7661E+04  3.8039E-03  5.8299E-03  3.6559E-03  1.1619E-02  1.0000E+00
 3.7950E+04  3.8197E-03  5.8081E-03  3.6727E-03  1.1584E-02  1.0000E+00
 3.8240E+04  3.8356E-03  5.7863E-03  3.6896E-03  1.1548E-02  1.0000E+00
 3.8533E+04  3.8516E-03  5.7647E-03  3.7065E-03  1.1513E-02  1.0000E+00
 3.8828E+04  3.8676E-03  5.7430E-03  3.7234E-03  1.1478E-02  1.0000E+00
 3.9126E+04  3.8837E-03  5.7215E-03  3.7404E-03  1.1443E-02  1.0000E+00
 3.9425E+04  3.8998E-03  5.7000E-03  3.7575E-03  1.1408E-02  1.0000E+00
 3.9727E+04  3.9160E-03  5.6785E-03  3.7747E-03  1.1373E-02  1.0000E+00
 4.0032E+04  3.9323E-03  5.6572E-03  3.7918E-03  1.1338E-02  1.0000E+00
 4.0338E+04  3.9486E-03  5.6359E-03  3.8091E-03  1.1303E-02  1.0000E+00
 4.0647E+04  3.9650E-03  5.6146E-03  3.8264E-03  1.1268E-02  1.0000E+00
 4.0958E+04  3.9815E-03  5.5934E-03  3.8437E-03  1.1233E-02  1.0000E+00
 4.1272E+04  3.9980E-03  5.5723E-03  3.8612E-03  1.1198E-02  1.0000E+00
 4.1588E+04  4.0146E-03  5.5513E-03  3.8786E-03  1.1163E-02  1.0000E+00
 4.1907E+04  4.0312E-03  5.5303E-03  3.8962E-03  1.1128E-02  1.0000E+00
 4.2228E+04  4.0480E-03  5.5094E-03  3.9138E-03  1.1094E-02  1.0000E+00
 4.2551E+04  4.0648E-03  5.4885E-03  3.9314E-03  1.1059E-02  1.0000E+00
 4.2877E+04  4.0816E-03  5.4677E-03  3.9491E-03  1.1024E-02  1.0000E+00
 4.3205E+04  4.0986E-03  5.4470E-03  3.9669E-03  1.0990E-02  1.0000E+00
 4.3536E+04  4.1155E-03  5.4263E-03  3.9848E-03  1.0955E-02  1.0000E+00
 4.3869E+04  4.1326E-03  5.4057E-03  4.0027E-03  1.0921E-02  1.0000E+00
 4.4205E+04  4.1498E-03  5.3852E-03  4.0206E-03  1.0887E-02  1.0000E+00
 4.4544E+04  4.1670E-03  5.3647E-03  4.0387E-03  1.0852E-02  1.0000E+00
 4.4885E+04  4.1843E-03  5.3443E-03  4.0568E-03  1.0818E-02  1.0000E+00
 4.5229E+04  4.2016E-03  5.3240E-03  4.0749E-03  1.0784E-02  1.0000E+00
 4.5575E+04  4.2190E-03  5.3037E-03  4.0932E-03  1.0750E-02  1.0000E+00
 4.5924E+04  4.2365E-03  5.2835E-03  4.1115E-03  1.0716E-02  1.0000E+00
 4.6276E+04  4.2541E-03  5.2634E-03  4.1298E-03  1.0682E-02  1.0000E+00
 4.6630E+04  4.2718E-03  5.2433E-03  4.1483E-03  1.0648E-02  1.0000E+00
 4.6987E+04  4.2895E-03  5.2233E-03  4.1668E-03  1.0614E-02  1.0000E+00
 4.7347E+04  4.3073E-03  5.2034E-03  4.1854E-03  1.0581E-02  1.0000E+00
 4.7710E+04  4.3252E-03  5.1835E-03  4.2040E-03  1.0547E-02  1.0000E+00
 4.8075E+04  4.3432E-03  5.1637E-03  4.2228E-03  1.0514E-02  1.0000E+00
 4.8443E+04  4.3612E-03  5.1440E-03  4.2416E-03  1.0480E-02  1.0000E+00
 4.8814E+04  4.3793E-03  5.1244E-03  4.2605E-03  1.0447E-02  1.0000E+00
 4.9188E+04  4.3975E-03  5.1048E-03  4.2794E-03  1.0413E-02  1.0000E+00
 4.9565E+04  4.4158E-03  5.0853E-03  4.2984E-03  1.0380E-02  1.0000E+00
 4.9945E+04  4.4342E-03  5.0658E-03  4.3175E-03  1.0347E-02  1.0000E+00
 5.0327E+04  4.4527E-03  5.0464E-03  4.3367E-03  1.0314E-02  1.0000E+00
 5.0713E+04  4.4712E-03  5.0271E-03  4.3560E-03  1.0281E-02  1.0000E+00
 5.1101E+04  4.4898E-03  5.0079E-03  4.3753E-03  1.0248E-02  1.0000E+00
 5.1492E+04  4.5085E-03  4.9887E-03  4.3947E-03  1.0216E-02  1.0000E+00
 5.1887E+04  4.5273E-03  4.9696E-03  4.4142E-03  1.0183E-02  1.0000E+00
 5.2284E+04  4.5462E-03  4.9506E-03  4.4338E-03  1.0150E-02  1.0000E+00
 5.2684E+04  4.5652E-03  4.9316E-03  4.4535E-03  1.0118E-02  1.0000E+00
 5.3088E+04  4.5842E-03  4.9127E-03  4.4732E-03  1.0086E-02  1.0000E+00
 5.3494E+04  4.6034E-03  4.8939E-03  4.4931E-03  1.0053E-02  1.0000E+00
 5.3904E+04  4.6226E-03  4.8751E-03  4.5130E-03  1.0021E-02  1.0000E+00
 5.4317E+04  4.6419E-03  4.8564E-03  4.5330E-03  9.9890E-03  1.0000E+00
 5.4733E+04  4.6614E-03  4.8378E-03  4.5531E-03  9.9570E-03  1.0000E+00
 5.5152E+04  4.6809E-03  4.8193E-03  4.5733E-03  9.9252E-03  1.0000E+00
 5.5574E+04  4.7005E-03  4.8008E-03  4.5935E-03  9.8934E-03  1.0000E+00
 5.6000E+04  4.7202E-03  4.7824E-03  4.6139E-03  9.8617E-03  1.0000E+00
 5.6429E+04  4.7400E-03  4.7641E-03  4.6344E-03  9.8302E-03  1.0000E+00
 5.6861E+04  4.7599E-03  4.7458E-03  4.6549E-03  9.7987E-03  1.0000E+00
 5.7297E+04  4.7799E-03  4.7277E-03  4.6755E-03  9.7674E-03  1.0000E+00
 5.7735E+04  4.8000E-03  4.7095E-03  4.6963E-03  9.7361E-03  1.0000E+00
 5.8177E+04  4.8202E-03  4.6915E-03  4.7171E-03  9.7050E-03  1.0000E+00
 5.8623E+04  4.8405E-03  4.6735E-03  4.7380E-03  9.6739E-03  1.0000E+00
 5.9072E+04  4.8609E-03  4.6556E-03  4.7591E-03  9.6430E-03  1.0000E+00
 5.9524E+04  4.8814E-03  4.6378E-03  4.7802E-03  9.6122E-03  1.0000E+00
 5.9980E+04  4.9021E-03  4.6200E-03  4.8014E-03  9.5815E-03  1.0000E+00
 6.0440E+04  4.9228E-03  4.6023E-03  4.8227E-03  9.5509E-03  1.0000E+00
 6.0902E+04  4.9436E-03  4.5847E-03  4.8442E-03  9.5204E-03  1.0000E+00
 6.1369E+04  4.9645E-03  4.5672E-03  4.8657E-03  9.4901E-03  1.0000E+00
 6.1839E+04  4.9856E-03  4.5497E-03  4.8873E-03  9.4598E-03  1.0000E+00
 6.2312E+04  5.0067E-03  4.5323E-03  4.9091E-03  9.4297E-03  1.0000E+00
 6.2790E+04  5.0280E-03  4.5150E-03  4.9309E-03  9.3997E-03  1.0000E+00
 6.3270E+04  5.0494E-03  4.4977E-03  4.9529E-03  9.3698E-03  1.0000E+00
 6.3755E+04  5.0709E-03  4.4805E-03  4.9749E-03  9.3400E-03  1.0000E+00
 6.4243E+04  5.0925E-03  4.4634E-03  4.9971E-03  9.3103E-03  1.0000E+00
 6.4735E+04  5.1142E-03  4.4464E-03  5.0194E-03  9.2808E-03  1.0000E+00
 6.5231E+04  5.1361E-03  4.4294E-03  5.0418E-03  9.2513E-03  1.0000E+00
 6.5731E+04  5.1580E-03  4.4125E-03  5.0643E-03  9.2220E-03  1.0000E+00
 6.6234E+04  5.1801E-03  4.3957E-03  5.0869E-03  9.1928E-03  1.0000E+00
 6.6741E+04  5.2023E-03  4.3789E-03  5.1097E-03  9.1637E-03  1.0000E+00
 6.7252E+04  5.2246E-03  4.3623E-03  5.1325E-03  9.1348E-03  1.0000E+00
 6.7767E+04  5.2471E-03  4.3457E-03  5.1555E-03  9.1060E-03  1.0000E+00
 6.8286E+04  5.2696E-03  4.3291E-03  5.1786E-03  9.0772E-03  1.0000E+00
 6.8809E+04  5.2923E-03  4.3127E-03  5.2019E-03  9.0487E-03  1.0000E+00
 6.9336E+04  5.3152E-03  4.2963E-03  5.2252E-03  9.0202E-03  1.0000E+00
 6.9867E+04  5.3381E-03  4.2799E-03  5.2487E-03  8.9919E-03  1.0000E+00
 7.0402E+04  5.3612E-03  4.2637E-03  5.2723E-03  8.9636E-03  1.0000E+00
 7.0942E+04  5.3844E-03  4.2475E-03  5.2960E-03  8.9355E-03  1.0000E+00
 7.1485E+04  5.4078E-03  4.2314E-03  5.3199E-03  8.9076E-03  1.0000E+00
 7.2032E+04  5.4312E-03  4.2154E-03  5.3439E-03  8.8797E-03  1.0000E+00
 7.2584E+04  5.4549E-03  4.1994E-03  5.3680E-03  8.8520E-03  1.0000E+00
 7.3140E+04  5.4786E-03  4.1835E-03  5.3922E-03  8.8244E-03  1.0000E+00
 7.3700E+04  5.5025E-03  4.1677E-03  5.4166E-03  8.7970E-03  1.0000E+00
 7.4264E+04  5.5266E-03  4.1520E-03  5.4411E-03  8.7697E-03  1.0000E+00
 7.4833E+04  5.5507E-03  4.1363E-03  5.4658E-03  8.7425E-03  1.0000E+00
 7.5406E+04  5.5751E-03  4.1207E-03  5.4906E-03  8.7154E-03  1.0000E+00
 7.5984E+04  5.5995E-03  4.1051E-03  5.5156E-03  8.6884E-03  1.0000E+00
 7.6566E+04  5.6241E-03  4.0897E-03  5.5406E-03  8.6616E-03  1.0000E+00
 7.7152E+04  5.6489E-03  4.0743E-03  5.5659E-03  8.6349E-03  1.0000E+00
 7.7743E+04  5.6738E-03  4.0590E-03  5.5913E-03  8.6084E-03  1.0000E+00
 7.8338E+04  5.6989E-03  4.0437E-03  5.6168E-03  8.5819E-03  1.0000E+00
 7.8938E+04  5.7241E-03  4.0286E-03  5.6425E-03  8.5557E-03  1.0000E+00
 7.9543E+04  5.7495E-03  4.0135E-03  5.6683E-03  8.5295E-03  1.0000E+00
 8.0152E+04  5.7750E-03  3.9984E-03  5.6943E-03  8.5035E-03  1.0000E+00
 8.0766E+04  5.8007E-03  3.9835E-03  5.7204E-03  8.4776E-03  1.0000E+00
 8.1384E+04  5.8265E-03  3.9686E-03  5.7467E-03  8.4518E-03  1.0000E+00
 8.2008E+04  5.8525E-03  3.9538E-03  5.7731E-03  8.4262E-03  1.0000E+00
 8.2636E+04  5.8787E-03  3.9390E-03  5.7997E-03  8.4007E-03  1.0000E+00
 8.3268E+04  5.9050E-03  3.9244E-03  5.8265E-03  8.3753E-03  1.0000E+00
 8.3906E+04  5.9315E-03  3.9097E-03  5.8534E-03  8.3501E-03  1.0000E+00
 8.4549E+04  5.9582E-03  3.8952E-03  5.8805E-03  8.3250E-03  1.0000E+00
 8.5196E+04  5.9850E-03  3.8808E-03  5.9078E-03  8.3000E-03  1.0000E+00
 8.5849E+04  6.0121E-03  3.8664E-03  5.9352E-03  8.2752E-03  1.0000E+00
 8.6506E+04  6.0393E-03  3.8520E-03  5.9628E-03  8.2505E-03  1.0000E+00
 8.7169E+04  6.0666E-03  3.8378E-03  5.9906E-03  8.2259E-03  1.0000E+00
 8.7836E+04  6.0942E-03  3.8236E-03  6.0186E-03  8.2015E-03  1.0000E+00
 8.8509E+04  6.1219E-03  3.8095E-03  6.0467E-03  8.1772E-03  1.0000E+00
 8.9187E+04  6.1498E-03  3.7955E-03  6.0750E-03  8.1530E-03  1.0000E+00
 8.9870E+04  6.1779E-03  3.7815E-03  6.1035E-03  8.1290E-03  1.0000E+00
 9.0558E+04  6.2062E-03  3.7676E-03  6.1322E-03  8.1051E-03  1.0000E+00
 9.1252E+04  6.2346E-03  3.7538E-03  6.1610E-03  8.0814E-03  1.0000E+00
 9.1950E+04  6.2633E-03  3.7400E-03  6.1901E-03  8.0578E-03  1.0000E+00
 9.2655E+04  6.2921E-03  3.7264E-03  6.2193E-03  8.0343E-03  1.0000E+00
 9.3364E+04  6.3212E-03  3.7127E-03  6.2487E-03  8.0110E-03  1.0000E+00
 9.4079E+04  6.3504E-03  3.6992E-03  6.2784E-03  7.9878E-03  1.0000E+00
 9.4800E+04  6.3799E-03  3.6857E-03  6.3082E-03  7.9647E-03  1.0000E+00
 9.5526E+04  6.4095E-03  3.6723E-03  6.3382E-03  7.9418E-03  1.0000E+00
 9.6257E+04  6.4393E-03  3.6590E-03  6.3684E-03  7.9190E-03  1.0000E+00
 9.6994E+04  6.4694E-03  3.6457E-03  6.3988E-03  7.8963E-03  1.0000E+00
 9.7737E+04  6.4997E-03  3.6325E-03  6.4294E-03  7.8738E-03  1.0000E+00
 9.8486E+04  6.5301E-03  3.6194E-03  6.4603E-03  7.8515E-03  1.0000E+00
 9.9240E+04  6.5608E-03  3.6063E-03  6.4913E-03  7.8292E-03  1.0000E+00
 1.0000E+05  6.5917E-03  3.5933E-03  6.5226E-03  7.8072E-03  1.0000E+00


