#     0	 1	    4	 5	 4.1253E+01	 1000	1
 4.8978E+01  5.4781E-01  6.6935E+02  7.5737E-01  1.8185E+03  1.0000E+00
 4.9353E+01  5.4835E-01  6.6491E+02  7.5737E-01  1.8049E+03  1.0000E+00
 4.9731E+01  5.4889E-01  6.6051E+02  7.5737E-01  1.7914E+03  1.0000E+00
 5.0112E+01  5.4943E-01  6.5614E+02  7.5737E-01  1.7779E+03  1.0000E+00
 5.0496E+01  5.4998E-01  6.5180E+02  7.5737E-01  1.7646E+03  1.0000E+00
 5.0882E+01  5.5052E-01  6.4749E+02  7.5737E-01  1.7514E+03  1.0000E+00
 5.1272E+01  5.5107E-01  6.4320E+02  7.5737E-01  1.7383E+03  1.0000E+00
 5.1665E+01  5.5162E-01  6.3895E+02  7.5737E-01  1.7253E+03  1.0000E+00
 5.2060E+01  5.5218E-01  6.3473E+02  7.5738E-01  1.7124E+03  1.0000E+00
 5.2459E+01  5.5273E-01  6.3054E+02  7.5738E-01  1.6996E+03  1.0000E+00
 5.2861E+01  5.5329E-01  6.2638E+02  7.5738E-01  1.6868E+03  1.0000E+00
 5.3266E+01  5.5385E-01  6.2225E+02  7.5738E-01  1.6742E+03  1.0000E+00
 5.3673E+01  5.5441E-01  6.1814E+02  7.5738E-01  1.6616E+03  1.0000E+00
 5.4085E+01  5.5497E-01  6.1407E+02  7.5738E-01  1.6492E+03  1.0000E+00
 5.4499E+01  5.5554E-01  6.1002E+02  7.5738E-01  1.6368E+03  1.0000E+00
 5.4916E+01  5.5610E-01  6.0600E+02  7.5738E-01  1.6246E+03  1.0000E+00
 5.5337E+01  5.5667E-01  6.0201E+02  7.5739E-01  1.6124E+03  1.0000E+00
 5.5760E+01  5.5724E-01  5.9805E+02  7.5739E-01  1.6003E+03  1.0000E+00
 5.6187E+01  5.5781E-01  5.9411E+02  7.5739E-01  1.5883E+03  1.0000E+00
 5.6618E+01  5.5839E-01  5.9020E+02  7.5739E-01  1.5764E+03  1.0000E+00
 5.7051E+01  5.5896E-01  5.8632E+02  7.5739E-01  1.5646E+03  1.0000E+00
 5.7488E+01  5.5954E-01  5.8247E+02  7.5739E-01  1.5529E+03  1.0000E+00
 5.7929E+01  5.6012E-01  5.7864E+02  7.5739E-01  1.5412E+03  1.0000E+00
 5.8372E+01  5.6070E-01  5.7484E+02  7.5739E-01  1.5296E+03  1.0000E+00
 5.8819E+01  5.6129E-01  5.7106E+02  7.5740E-01  1.5182E+03  1.0000E+00
 5.9270E+01  5.6187E-01  5.6731E+02  7.5740E-01  1.5068E+03  1.0000E+00
 5.9724E+01  5.6246E-01  5.6359E+02  7.5740E-01  1.4955E+03  1.0000E+00
 6.0181E+01  5.6305E-01  5.5989E+02  7.5740E-01  1.4843E+03  1.0000E+00
 6.0642E+01  5.6364E-01  5.5622E+02  7.5740E-01  1.4731E+03  1.0000E+00
 6.1106E+01  5.6423E-01  5.5257E+02  7.5740E-01  1.4621E+03  1.0000E+00
 6.1574E+01  5.6483E-01  5.4895E+02  7.5740E-01  1.4511E+03  1.0000E+00
 6.2046E+01  5.6542E-01  5.4535E+02  7.5741E-01  1.4402E+03  1.0000E+00
 6.2521E+01  5.6602E-01  5.4178E+02  7.5741E-01  1.4294E+03  1.0000E+00
 6.3000E+01  5.6662E-01  5.3823E+02  7.5741E-01  1.4187E+03  1.0000E+00
 6.3482E+01  5.6722E-01  5.3470E+02  7.5741E-01  1.4080E+03  1.0000E+00
 6.3968E+01  5.6782E-01  5.3120E+02  7.5741E-01  1.3975E+03  1.0000E+00
 6.4458E+01  5.6842E-01  5.2772E+02  7.5741E-01  1.3870E+03  1.0000E+00
 6.4952E+01  5.6903E-01  5.2427E+02  7.5741E-01  1.3766E+03  1.0000E+00
 6.5449E+01  5.6963E-01  5.2084E+02  7.5742E-01  1.3662E+03  1.0000E+00
 6.5951E+01  5.7024E-01  5.1743E+02  7.5742E-01  1.3560E+03  1.0000E+00
 6.6456E+01  5.7085E-01  5.1405E+02  7.5742E-01  1.3458E+03  1.0000E+00
 6.6965E+01  5.7146E-01  5.1069E+02  7.5742E-01  1.3357E+03  1.0000E+00
 6.7478E+01  5.7208E-01  5.0735E+02  7.5742E-01  1.3256E+03  1.0000E+00
 6.7994E+01  5.7269E-01  5.0404E+02  7.5742E-01  1.3157E+03  1.0000E+00
 6.8515E+01  5.7331E-01  5.0074E+02  7.5742E-01  1.3058E+03  1.0000E+00
 6.9040E+01  5.7392E-01  4.9747E+02  7.5743E-01  1.2960E+03  1.0000E+00
 6.9568E+01  5.7454E-01  4.9422E+02  7.5743E-01  1.2862E+03  1.0000E+00
 7.0101E+01  5.7516E-01  4.9100E+02  7.5743E-01  1.2766E+03  1.0000E+00
 7.0638E+01  5.7578E-01  4.8779E+02  7.5743E-01  1.2670E+03  1.0000E+00
 7.1179E+01  5.7641E-01  4.8461E+02  7.5743E-01  1.2575E+03  1.0000E+00
 7.1724E+01  5.7703E-01  4.8144E+02  7.5743E-01  1.2480E+03  1.0000E+00
 7.2273E+01  5.7765E-01  4.7830E+02  7.5744E-01  1.2386E+03  1.0000E+00
 7.2827E+01  5.7828E-01  4.7518E+02  7.5744E-01  1.2293E+03  1.0000E+00
 7.3385E+01  5.7891E-01  4.7208E+02  7.5744E-01  1.2201E+03  1.0000E+00
 7.3947E+01  5.7954E-01  4.6900E+02  7.5744E-01  1.2109E+03  1.0000E+00
 7.4513E+01  5.8017E-01  4.6594E+02  7.5744E-01  1.2018E+03  1.0000E+00
 7.5084E+01  5.8080E-01  4.6290E+02  7.5744E-01  1.1928E+03  1.0000E+00
 7.5659E+01  5.8143E-01  4.5989E+02  7.5745E-01  1.1838E+03  1.0000E+00
 7.6238E+01  5.8207E-01  4.5689E+02  7.5745E-01  1.1749E+03  1.0000E+00
 7.6822E+01  5.8270E-01  4.5391E+02  7.5745E-01  1.1661E+03  1.0000E+00
 7.7410E+01  5.8334E-01  4.5095E+02  7.5745E-01  1.1573E+03  1.0000E+00
 7.8003E+01  5.8397E-01  4.4801E+02  7.5745E-01  1.1486E+03  1.0000E+00
 7.8601E+01  5.8461E-01  4.4509E+02  7.5745E-01  1.1400E+03  1.0000E+00
 7.9202E+01  5.8525E-01  4.4219E+02  7.5746E-01  1.1314E+03  1.0000E+00
 7.9809E+01  5.8589E-01  4.3931E+02  7.5746E-01  1.1229E+03  1.0000E+00
 8.0420E+01  5.8653E-01  4.3645E+02  7.5746E-01  1.1144E+03  1.0000E+00
 8.1036E+01  5.8718E-01  4.3361E+02  7.5746E-01  1.1060E+03  1.0000E+00
 8.1657E+01  5.8782E-01  4.3079E+02  7.5746E-01  1.0977E+03  1.0000E+00
 8.2282E+01  5.8847E-01  4.2798E+02  7.5747E-01  1.0895E+03  1.0000E+00
 8.2912E+01  5.8911E-01  4.2519E+02  7.5747E-01  1.0813E+03  1.0000E+00
 8.3547E+01  5.8976E-01  4.2242E+02  7.5747E-01  1.0731E+03  1.0000E+00
 8.4187E+01  5.9041E-01  4.1967E+02  7.5747E-01  1.0650E+03  1.0000E+00
 8.4832E+01  5.9105E-01  4.1694E+02  7.5747E-01  1.0570E+03  1.0000E+00
 8.5481E+01  5.9170E-01  4.1423E+02  7.5747E-01  1.0491E+03  1.0000E+00
 8.6136E+01  5.9235E-01  4.1153E+02  7.5748E-01  1.0412E+03  1.0000E+00
 8.6796E+01  5.9300E-01  4.0885E+02  7.5748E-01  1.0333E+03  1.0000E+00
 8.7460E+01  5.9366E-01  4.0619E+02  7.5748E-01  1.0256E+03  1.0000E+00
 8.8130E+01  5.9431E-01  4.0355E+02  7.5748E-01  1.0178E+03  1.0000E+00
 8.8805E+01  5.9496E-01  4.0092E+02  7.5748E-01  1.0102E+03  1.0000E+00
 8.9485E+01  5.9562E-01  3.9831E+02  7.5749E-01  1.0026E+03  1.0000E+00
 9.0171E+01  5.9627E-01  3.9572E+02  7.5749E-01  9.9502E+02  1.0000E+00
 9.0861E+01  5.9693E-01  3.9314E+02  7.5749E-01  9.8753E+02  1.0000E+00
 9.1557E+01  5.9759E-01  3.9058E+02  7.5749E-01  9.8009E+02  1.0000E+00
 9.2258E+01  5.9824E-01  3.8804E+02  7.5749E-01  9.7271E+02  1.0000E+00
 9.2965E+01  5.9890E-01  3.8551E+02  7.5750E-01  9.6538E+02  1.0000E+00
 9.3677E+01  5.9956E-01  3.8300E+02  7.5750E-01  9.5811E+02  1.0000E+00
 9.4394E+01  6.0022E-01  3.8051E+02  7.5750E-01  9.5090E+02  1.0000E+00
 9.5117E+01  6.0088E-01  3.7803E+02  7.5750E-01  9.4373E+02  1.0000E+00
 9.5845E+01  6.0154E-01  3.7557E+02  7.5751E-01  9.3663E+02  1.0000E+00
 9.6579E+01  6.0220E-01  3.7313E+02  7.5751E-01  9.2957E+02  1.0000E+00
 9.7319E+01  6.0286E-01  3.7070E+02  7.5751E-01  9.2257E+02  1.0000E+00
 9.8064E+01  6.0353E-01  3.6829E+02  7.5751E-01  9.1562E+02  1.0000E+00
 9.8815E+01  6.0419E-01  3.6589E+02  7.5751E-01  9.0872E+02  1.0000E+00
 9.9572E+01  6.0485E-01  3.6351E+02  7.5752E-01  9.0187E+02  1.0000E+00
 1.0033E+02  6.0552E-01  3.6114E+02  7.5752E-01  8.9507E+02  1.0000E+00
 1.0110E+02  6.0618E-01  3.5879E+02  7.5752E-01  8.8833E+02  1.0000E+00
 1.0188E+02  6.0684E-01  3.5645E+02  7.5752E-01  8.8163E+02  1.0000E+00
 1.0266E+02  6.0751E-01  3.5413E+02  7.5753E-01  8.7499E+02  1.0000E+00
 1.0344E+02  6.0818E-01  3.5182E+02  7.5753E-01  8.6840E+02  1.0000E+00
 1.0424E+02  6.0884E-01  3.4953E+02  7.5753E-01  8.6185E+02  1.0000E+00
 1.0503E+02  6.0951E-01  3.4725E+02  7.5753E-01  8.5535E+02  1.0000E+00
 1.0584E+02  6.1017E-01  3.4499E+02  7.5754E-01  8.4891E+02  1.0000E+00
 1.0665E+02  6.1084E-01  3.4274E+02  7.5754E-01  8.4251E+02  1.0000E+00
 1.0747E+02  6.1151E-01  3.4051E+02  7.5754E-01  8.3616E+02  1.0000E+00
 1.0829E+02  6.1218E-01  3.3829E+02  7.5754E-01  8.2985E+02  1.0000E+00
 1.0912E+02  6.1284E-01  3.3608E+02  7.5754E-01  8.2360E+02  1.0000E+00
 1.0995E+02  6.1351E-01  3.3389E+02  7.5755E-01  8.1739E+02  1.0000E+00
 1.1080E+02  6.1418E-01  3.3172E+02  7.5755E-01  8.1122E+02  1.0000E+00
 1.1164E+02  6.1485E-01  3.2955E+02  7.5755E-01  8.0511E+02  1.0000E+00
 1.1250E+02  6.1551E-01  3.2740E+02  7.5755E-01  7.9904E+02  1.0000E+00
 1.1336E+02  6.1618E-01  3.2527E+02  7.5756E-01  7.9301E+02  1.0000E+00
 1.1423E+02  6.1685E-01  3.2314E+02  7.5756E-01  7.8703E+02  1.0000E+00
 1.1510E+02  6.1752E-01  3.2104E+02  7.5756E-01  7.8109E+02  1.0000E+00
 1.1599E+02  6.1819E-01  3.1894E+02  7.5757E-01  7.7520E+02  1.0000E+00
 1.1687E+02  6.1886E-01  3.1686E+02  7.5757E-01  7.6936E+02  1.0000E+00
 1.1777E+02  6.1952E-01  3.1479E+02  7.5757E-01  7.6355E+02  1.0000E+00
 1.1867E+02  6.2019E-01  3.1273E+02  7.5757E-01  7.5780E+02  1.0000E+00
 1.1958E+02  6.2086E-01  3.1069E+02  7.5758E-01  7.5208E+02  1.0000E+00
 1.2050E+02  6.2153E-01  3.0866E+02  7.5758E-01  7.4641E+02  1.0000E+00
 1.2142E+02  6.2220E-01  3.0664E+02  7.5758E-01  7.4078E+02  1.0000E+00
 1.2235E+02  6.2286E-01  3.0464E+02  7.5758E-01  7.3519E+02  1.0000E+00
 1.2329E+02  6.2353E-01  3.0265E+02  7.5759E-01  7.2964E+02  1.0000E+00
 1.2423E+02  6.2420E-01  3.0067E+02  7.5759E-01  7.2414E+02  1.0000E+00
 1.2518E+02  6.2486E-01  2.9870E+02  7.5759E-01  7.1867E+02  1.0000E+00
 1.2614E+02  6.2553E-01  2.9675E+02  7.5760E-01  7.1325E+02  1.0000E+00
 1.2711E+02  6.2620E-01  2.9481E+02  7.5760E-01  7.0787E+02  1.0000E+00
 1.2808E+02  6.2686E-01  2.9288E+02  7.5760E-01  7.0253E+02  1.0000E+00
 1.2906E+02  6.2753E-01  2.9096E+02  7.5760E-01  6.9722E+02  1.0000E+00
 1.3005E+02  6.2820E-01  2.8905E+02  7.5761E-01  6.9196E+02  1.0000E+00
 1.3104E+02  6.2886E-01  2.8716E+02  7.5761E-01  6.8674E+02  1.0000E+00
 1.3205E+02  6.2953E-01  2.8528E+02  7.5761E-01  6.8156E+02  1.0000E+00
 1.3306E+02  6.3019E-01  2.8341E+02  7.5762E-01  6.7641E+02  1.0000E+00
 1.3408E+02  6.3085E-01  2.8155E+02  7.5762E-01  6.7131E+02  1.0000E+00
 1.3510E+02  6.3152E-01  2.7970E+02  7.5762E-01  6.6624E+02  1.0000E+00
 1.3614E+02  6.3218E-01  2.7787E+02  7.5762E-01  6.6121E+02  1.0000E+00
 1.3718E+02  6.3284E-01  2.7605E+02  7.5763E-01  6.5622E+02  1.0000E+00
 1.3823E+02  6.3350E-01  2.7423E+02  7.5763E-01  6.5127E+02  1.0000E+00
 1.3929E+02  6.3416E-01  2.7243E+02  7.5763E-01  6.4635E+02  1.0000E+00
 1.4036E+02  6.3483E-01  2.7065E+02  7.5764E-01  6.4147E+02  1.0000E+00
 1.4143E+02  6.3549E-01  2.6887E+02  7.5764E-01  6.3663E+02  1.0000E+00
 1.4252E+02  6.3614E-01  2.6710E+02  7.5764E-01  6.3182E+02  1.0000E+00
 1.4361E+02  6.3680E-01  2.6534E+02  7.5765E-01  6.2705E+02  1.0000E+00
 1.4471E+02  6.3746E-01  2.6360E+02  7.5765E-01  6.2232E+02  1.0000E+00
 1.4582E+02  6.3812E-01  2.6187E+02  7.5765E-01  6.1762E+02  1.0000E+00
 1.4693E+02  6.3877E-01  2.6014E+02  7.5766E-01  6.1296E+02  1.0000E+00
 1.4806E+02  6.3943E-01  2.5843E+02  7.5766E-01  6.0833E+02  1.0000E+00
 1.4919E+02  6.4008E-01  2.5673E+02  7.5766E-01  6.0374E+02  1.0000E+00
 1.5033E+02  6.4074E-01  2.5504E+02  7.5767E-01  5.9918E+02  1.0000E+00
 1.5149E+02  6.4139E-01  2.5336E+02  7.5767E-01  5.9465E+02  1.0000E+00
 1.5265E+02  6.4204E-01  2.5169E+02  7.5767E-01  5.9016E+02  1.0000E+00
 1.5381E+02  6.4269E-01  2.5003E+02  7.5768E-01  5.8570E+02  1.0000E+00
 1.5499E+02  6.4334E-01  2.4838E+02  7.5768E-01  5.8128E+02  1.0000E+00
 1.5618E+02  6.4399E-01  2.4674E+02  7.5768E-01  5.7689E+02  1.0000E+00
 1.5738E+02  6.4464E-01  2.4511E+02  7.5769E-01  5.7253E+02  1.0000E+00
 1.5858E+02  6.4529E-01  2.4349E+02  7.5769E-01  5.6821E+02  1.0000E+00
 1.5980E+02  6.4593E-01  2.4188E+02  7.5770E-01  5.6392E+02  1.0000E+00
 1.6102E+02  6.4658E-01  2.4028E+02  7.5770E-01  5.5966E+02  1.0000E+00
 1.6225E+02  6.4722E-01  2.3869E+02  7.5770E-01  5.5543E+02  1.0000E+00
 1.6349E+02  6.4786E-01  2.3711E+02  7.5771E-01  5.5124E+02  1.0000E+00
 1.6475E+02  6.4850E-01  2.3554E+02  7.5771E-01  5.4707E+02  1.0000E+00
 1.6601E+02  6.4914E-01  2.3398E+02  7.5771E-01  5.4294E+02  1.0000E+00
 1.6728E+02  6.4978E-01  2.3243E+02  7.5772E-01  5.3884E+02  1.0000E+00
 1.6856E+02  6.5042E-01  2.3089E+02  7.5772E-01  5.3477E+02  1.0000E+00
 1.6985E+02  6.5106E-01  2.2936E+02  7.5772E-01  5.3073E+02  1.0000E+00
 1.7115E+02  6.5169E-01  2.2784E+02  7.5773E-01  5.2672E+02  1.0000E+00
 1.7246E+02  6.5233E-01  2.2633E+02  7.5773E-01  5.2274E+02  1.0000E+00
 1.7378E+02  6.5296E-01  2.2482E+02  7.5774E-01  5.1879E+02  1.0000E+00
 1.7511E+02  6.5359E-01  2.2333E+02  7.5774E-01  5.1487E+02  1.0000E+00
 1.7646E+02  6.5422E-01  2.2185E+02  7.5774E-01  5.1098E+02  1.0000E+00
 1.7781E+02  6.5485E-01  2.2037E+02  7.5775E-01  5.0712E+02  1.0000E+00
 1.7917E+02  6.5547E-01  2.1891E+02  7.5775E-01  5.0328E+02  1.0000E+00
 1.8054E+02  6.5610E-01  2.1745E+02  7.5776E-01  4.9948E+02  1.0000E+00
 1.8192E+02  6.5672E-01  2.1600E+02  7.5776E-01  4.9571E+02  1.0000E+00
 1.8332E+02  6.5735E-01  2.1456E+02  7.5776E-01  4.9196E+02  1.0000E+00
 1.8472E+02  6.5797E-01  2.1313E+02  7.5777E-01  4.8824E+02  1.0000E+00
 1.8614E+02  6.5859E-01  2.1171E+02  7.5777E-01  4.8455E+02  1.0000E+00
 1.8756E+02  6.5921E-01  2.1030E+02  7.5778E-01  4.8089E+02  1.0000E+00
 1.8900E+02  6.5982E-01  2.0890E+02  7.5778E-01  4.7726E+02  1.0000E+00
 1.9045E+02  6.6044E-01  2.0750E+02  7.5779E-01  4.7365E+02  1.0000E+00
 1.9190E+02  6.6106E-01  2.0612E+02  7.5779E-01  4.7007E+02  1.0000E+00
 1.9337E+02  6.6167E-01  2.0474E+02  7.5779E-01  4.6652E+02  1.0000E+00
 1.9485E+02  6.6228E-01  2.0337E+02  7.5780E-01  4.6299E+02  1.0000E+00
 1.9635E+02  6.6289E-01  2.0201E+02  7.5780E-01  4.5949E+02  1.0000E+00
 1.9785E+02  6.6350E-01  2.0066E+02  7.5781E-01  4.5602E+02  1.0000E+00
 1.9937E+02  6.6411E-01  1.9932E+02  7.5781E-01  4.5257E+02  1.0000E+00
 2.0089E+02  6.6471E-01  1.9798E+02  7.5782E-01  4.4915E+02  1.0000E+00
 2.0243E+02  6.6532E-01  1.9666E+02  7.5782E-01  4.4575E+02  1.0000E+00
 2.0398E+02  6.6592E-01  1.9534E+02  7.5783E-01  4.4238E+02  1.0000E+00
 2.0554E+02  6.6652E-01  1.9403E+02  7.5783E-01  4.3904E+02  1.0000E+00
 2.0712E+02  6.6712E-01  1.9273E+02  7.5784E-01  4.3572E+02  1.0000E+00
 2.0870E+02  6.6772E-01  1.9143E+02  7.5784E-01  4.3243E+02  1.0000E+00
 2.1030E+02  6.6831E-01  1.9015E+02  7.5784E-01  4.2916E+02  1.0000E+00
 2.1191E+02  6.6891E-01  1.8887E+02  7.5785E-01  4.2591E+02  1.0000E+00
 2.1354E+02  6.6950E-01  1.8760E+02  7.5785E-01  4.2269E+02  1.0000E+00
 2.1517E+02  6.7009E-01  1.8634E+02  7.5786E-01  4.1950E+02  1.0000E+00
 2.1682E+02  6.7068E-01  1.8508E+02  7.5786E-01  4.1633E+02  1.0000E+00
 2.1848E+02  6.7127E-01  1.8384E+02  7.5787E-01  4.1318E+02  1.0000E+00
 2.2015E+02  6.7186E-01  1.8260E+02  7.5787E-01  4.1005E+02  1.0000E+00
 2.2184E+02  6.7244E-01  1.8137E+02  7.5788E-01  4.0695E+02  1.0000E+00
 2.2354E+02  6.7302E-01  1.8015E+02  7.5788E-01  4.0388E+02  1.0000E+00
 2.2525E+02  6.7361E-01  1.7893E+02  7.5789E-01  4.0082E+02  1.0000E+00
 2.2697E+02  6.7419E-01  1.7773E+02  7.5789E-01  3.9779E+02  1.0000E+00
 2.2871E+02  6.7476E-01  1.7653E+02  7.5790E-01  3.9478E+02  1.0000E+00
 2.3046E+02  6.7534E-01  1.7533E+02  7.5790E-01  3.9180E+02  1.0000E+00
 2.3223E+02  6.7591E-01  1.7415E+02  7.5791E-01  3.8884E+02  1.0000E+00
 2.3401E+02  6.7649E-01  1.7297E+02  7.5792E-01  3.8589E+02  1.0000E+00
 2.3580E+02  6.7706E-01  1.7180E+02  7.5792E-01  3.8298E+02  1.0000E+00
 2.3761E+02  6.7763E-01  1.7064E+02  7.5793E-01  3.8008E+02  1.0000E+00
 2.3942E+02  6.7819E-01  1.6948E+02  7.5793E-01  3.7721E+02  1.0000E+00
 2.4126E+02  6.7876E-01  1.6833E+02  7.5794E-01  3.7435E+02  1.0000E+00
 2.4311E+02  6.7932E-01  1.6719E+02  7.5794E-01  3.7152E+02  1.0000E+00
 2.4497E+02  6.7989E-01  1.6606E+02  7.5795E-01  3.6871E+02  1.0000E+00
 2.4684E+02  6.8045E-01  1.6493E+02  7.5795E-01  3.6592E+02  1.0000E+00
 2.4873E+02  6.8101E-01  1.6382E+02  7.5796E-01  3.6316E+02  1.0000E+00
 2.5064E+02  6.8157E-01  1.6270E+02  7.5796E-01  3.6041E+02  1.0000E+00
 2.5256E+02  6.8213E-01  1.6160E+02  7.5797E-01  3.5768E+02  1.0000E+00
 2.5449E+02  6.8269E-01  1.6050E+02  7.5798E-01  3.5498E+02  1.0000E+00
 2.5644E+02  6.8325E-01  1.5941E+02  7.5798E-01  3.5229E+02  1.0000E+00
 2.5841E+02  6.8381E-01  1.5833E+02  7.5799E-01  3.4963E+02  1.0000E+00
 2.6038E+02  6.8437E-01  1.5726E+02  7.5799E-01  3.4698E+02  1.0000E+00
 2.6238E+02  6.8492E-01  1.5619E+02  7.5800E-01  3.4436E+02  1.0000E+00
 2.6439E+02  6.8548E-01  1.5513E+02  7.5801E-01  3.4175E+02  1.0000E+00
 2.6641E+02  6.8604E-01  1.5407E+02  7.5801E-01  3.3917E+02  1.0000E+00
 2.6845E+02  6.8659E-01  1.5302E+02  7.5802E-01  3.3660E+02  1.0000E+00
 2.7051E+02  6.8714E-01  1.5198E+02  7.5802E-01  3.3406E+02  1.0000E+00
 2.7258E+02  6.8770E-01  1.5095E+02  7.5803E-01  3.3153E+02  1.0000E+00
 2.7467E+02  6.8825E-01  1.4992E+02  7.5804E-01  3.2902E+02  1.0000E+00
 2.7677E+02  6.8880E-01  1.4890E+02  7.5804E-01  3.2653E+02  1.0000E+00
 2.7889E+02  6.8935E-01  1.4789E+02  7.5805E-01  3.2406E+02  1.0000E+00
 2.8103E+02  6.8990E-01  1.4688E+02  7.5805E-01  3.2161E+02  1.0000E+00
 2.8318E+02  6.9045E-01  1.4588E+02  7.5806E-01  3.1918E+02  1.0000E+00
 2.8535E+02  6.9099E-01  1.4488E+02  7.5807E-01  3.1676E+02  1.0000E+00
 2.8753E+02  6.9154E-01  1.4390E+02  7.5807E-01  3.1437E+02  1.0000E+00
 2.8974E+02  6.9209E-01  1.4291E+02  7.5808E-01  3.1199E+02  1.0000E+00
 2.9195E+02  6.9263E-01  1.4194E+02  7.5809E-01  3.0963E+02  1.0000E+00
 2.9419E+02  6.9317E-01  1.4097E+02  7.5809E-01  3.0728E+02  1.0000E+00
 2.9644E+02  6.9371E-01  1.4001E+02  7.5810E-01  3.0496E+02  1.0000E+00
 2.9871E+02  6.9425E-01  1.3905E+02  7.5811E-01  3.0265E+02  1.0000E+00
 3.0100E+02  6.9479E-01  1.3810E+02  7.5811E-01  3.0036E+02  1.0000E+00
 3.0331E+02  6.9533E-01  1.3716E+02  7.5812E-01  2.9809E+02  1.0000E+00
 3.0563E+02  6.9587E-01  1.3622E+02  7.5813E-01  2.9583E+02  1.0000E+00
 3.0797E+02  6.9640E-01  1.3529E+02  7.5813E-01  2.9360E+02  1.0000E+00
 3.1033E+02  6.9694E-01  1.3436E+02  7.5814E-01  2.9137E+02  1.0000E+00
 3.1271E+02  6.9747E-01  1.3344E+02  7.5815E-01  2.8917E+02  1.0000E+00
 3.1510E+02  6.9800E-01  1.3253E+02  7.5816E-01  2.8698E+02  1.0000E+00
 3.1751E+02  6.9853E-01  1.3162E+02  7.5816E-01  2.8481E+02  1.0000E+00
 3.1994E+02  6.9906E-01  1.3072E+02  7.5817E-01  2.8265E+02  1.0000E+00
 3.2240E+02  6.9958E-01  1.2982E+02  7.5818E-01  2.8052E+02  1.0000E+00
 3.2486E+02  7.0011E-01  1.2893E+02  7.5818E-01  2.7839E+02  1.0000E+00
 3.2735E+02  7.0063E-01  1.2805E+02  7.5819E-01  2.7629E+02  1.0000E+00
 3.2986E+02  7.0115E-01  1.2717E+02  7.5820E-01  2.7420E+02  1.0000E+00
 3.3239E+02  7.0167E-01  1.2630E+02  7.5821E-01  2.7212E+02  1.0000E+00
 3.3493E+02  7.0219E-01  1.2543E+02  7.5821E-01  2.7006E+02  1.0000E+00
 3.3750E+02  7.0271E-01  1.2457E+02  7.5822E-01  2.6802E+02  1.0000E+00
 3.4008E+02  7.0322E-01  1.2371E+02  7.5823E-01  2.6599E+02  1.0000E+00
 3.4268E+02  7.0374E-01  1.2286E+02  7.5824E-01  2.6398E+02  1.0000E+00
 3.4531E+02  7.0425E-01  1.2202E+02  7.5825E-01  2.6198E+02  1.0000E+00
 3.4795E+02  7.0476E-01  1.2118E+02  7.5825E-01  2.6000E+02  1.0000E+00
 3.5062E+02  7.0527E-01  1.2034E+02  7.5826E-01  2.5803E+02  1.0000E+00
 3.5330E+02  7.0577E-01  1.1951E+02  7.5827E-01  2.5608E+02  1.0000E+00
 3.5601E+02  7.0628E-01  1.1869E+02  7.5828E-01  2.5414E+02  1.0000E+00
 3.5874E+02  7.0678E-01  1.1787E+02  7.5828E-01  2.5221E+02  1.0000E+00
 3.6148E+02  7.0728E-01  1.1706E+02  7.5829E-01  2.5031E+02  1.0000E+00
 3.6425E+02  7.0778E-01  1.1625E+02  7.5830E-01  2.4841E+02  1.0000E+00
 3.6704E+02  7.0828E-01  1.1544E+02  7.5831E-01  2.4653E+02  1.0000E+00
 3.6985E+02  7.0877E-01  1.1465E+02  7.5832E-01  2.4467E+02  1.0000E+00
 3.7268E+02  7.0921E-01  1.1385E+02  7.5833E-01  2.4281E+02  1.0000E+00
 3.7554E+02  7.0959E-01  1.1304E+02  7.5833E-01  2.4098E+02  1.0000E+00
 3.7841E+02  7.0997E-01  1.1224E+02  7.5834E-01  2.3915E+02  1.0000E+00
 3.8131E+02  7.1034E-01  1.1145E+02  7.5835E-01  2.3734E+02  1.0000E+00
 3.8423E+02  7.1072E-01  1.1066E+02  7.5836E-01  2.3555E+02  1.0000E+00
 3.8718E+02  7.1109E-01  1.0987E+02  7.5837E-01  2.3376E+02  1.0000E+00
 3.9014E+02  7.1146E-01  1.0909E+02  7.5838E-01  2.3199E+02  1.0000E+00
 3.9313E+02  7.1182E-01  1.0832E+02  7.5839E-01  2.3024E+02  1.0000E+00
 3.9614E+02  7.1218E-01  1.0755E+02  7.5840E-01  2.2850E+02  1.0000E+00
 3.9917E+02  7.1254E-01  1.0679E+02  7.5840E-01  2.2677E+02  1.0000E+00
 4.0223E+02  7.1290E-01  1.0603E+02  7.5841E-01  2.2505E+02  1.0000E+00
 4.0531E+02  7.1325E-01  1.0528E+02  7.5842E-01  2.2335E+02  1.0000E+00
 4.0841E+02  7.1361E-01  1.0453E+02  7.5843E-01  2.2166E+02  1.0000E+00
 4.1154E+02  7.1396E-01  1.0378E+02  7.5844E-01  2.1998E+02  1.0000E+00
 4.1469E+02  7.1430E-01  1.0304E+02  7.5845E-01  2.1831E+02  1.0000E+00
 4.1787E+02  7.1465E-01  1.0231E+02  7.5846E-01  2.1666E+02  1.0000E+00
 4.2107E+02  7.1499E-01  1.0158E+02  7.5847E-01  2.1502E+02  1.0000E+00
 4.2429E+02  7.1533E-01  1.0086E+02  7.5848E-01  2.1340E+02  1.0000E+00
 4.2754E+02  7.1567E-01  1.0014E+02  7.5849E-01  2.1178E+02  1.0000E+00
 4.3082E+02  7.1600E-01  9.9421E+01  7.5850E-01  2.1018E+02  1.0000E+00
 4.3412E+02  7.1633E-01  9.8711E+01  7.5851E-01  2.0859E+02  1.0000E+00
 4.3744E+02  7.1666E-01  9.8006E+01  7.5852E-01  2.0701E+02  1.0000E+00
 4.4079E+02  7.1699E-01  9.7305E+01  7.5853E-01  2.0544E+02  1.0000E+00
 4.4417E+02  7.1731E-01  9.6609E+01  7.5854E-01  2.0389E+02  1.0000E+00
 4.4757E+02  7.1764E-01  9.5917E+01  7.5855E-01  2.0234E+02  1.0000E+00
 4.5100E+02  7.1796E-01  9.5231E+01  7.5856E-01  2.0081E+02  1.0000E+00
 4.5445E+02  7.1828E-01  9.4548E+01  7.5857E-01  1.9929E+02  1.0000E+00
 4.5793E+02  7.1859E-01  9.3871E+01  7.5858E-01  1.9778E+02  1.0000E+00
 4.6144E+02  7.1891E-01  9.3198E+01  7.5859E-01  1.9629E+02  1.0000E+00
 4.6497E+02  7.1922E-01  9.2529E+01  7.5860E-01  1.9480E+02  1.0000E+00
 4.6853E+02  7.1953E-01  9.1865E+01  7.5861E-01  1.9333E+02  1.0000E+00
 4.7212E+02  7.1983E-01  9.1205E+01  7.5862E-01  1.9186E+02  1.0000E+00
 4.7574E+02  7.2014E-01  9.0550E+01  7.5863E-01  1.9041E+02  1.0000E+00
 4.7938E+02  7.2044E-01  8.9900E+01  7.5864E-01  1.8897E+02  1.0000E+00
 4.8305E+02  7.2074E-01  8.9253E+01  7.5865E-01  1.8754E+02  1.0000E+00
 4.8675E+02  7.2104E-01  8.8611E+01  7.5866E-01  1.8612E+02  1.0000E+00
 4.9048E+02  7.2134E-01  8.7974E+01  7.5868E-01  1.8471E+02  1.0000E+00
 4.9424E+02  7.2163E-01  8.7340E+01  7.5869E-01  1.8331E+02  1.0000E+00
 4.9802E+02  7.2192E-01  8.6711E+01  7.5870E-01  1.8193E+02  1.0000E+00
 5.0183E+02  7.2221E-01  8.6087E+01  7.5871E-01  1.8055E+02  1.0000E+00
 5.0568E+02  7.2250E-01  8.5466E+01  7.5872E-01  1.7918E+02  1.0000E+00
 5.0955E+02  7.2279E-01  8.4850E+01  7.5873E-01  1.7783E+02  1.0000E+00
 5.1345E+02  7.2307E-01  8.4238E+01  7.5874E-01  1.7648E+02  1.0000E+00
 5.1738E+02  7.2336E-01  8.3630E+01  7.5876E-01  1.7514E+02  1.0000E+00
 5.2135E+02  7.2364E-01  8.3026E+01  7.5877E-01  1.7382E+02  1.0000E+00
 5.2534E+02  7.2391E-01  8.2426E+01  7.5878E-01  1.7250E+02  1.0000E+00
 5.2936E+02  7.2419E-01  8.1831E+01  7.5879E-01  1.7120E+02  1.0000E+00
 5.3342E+02  7.2446E-01  8.1239E+01  7.5880E-01  1.6990E+02  1.0000E+00
 5.3750E+02  7.2474E-01  8.0652E+01  7.5882E-01  1.6862E+02  1.0000E+00
 5.4162E+02  7.2501E-01  8.0069E+01  7.5883E-01  1.6734E+02  1.0000E+00
 5.4577E+02  7.2528E-01  7.9489E+01  7.5884E-01  1.6607E+02  1.0000E+00
 5.4995E+02  7.2554E-01  7.8914E+01  7.5885E-01  1.6482E+02  1.0000E+00
 5.5416E+02  7.2581E-01  7.8342E+01  7.5886E-01  1.6357E+02  1.0000E+00
 5.5840E+02  7.2607E-01  7.7775E+01  7.5888E-01  1.6233E+02  1.0000E+00
 5.6268E+02  7.2633E-01  7.7211E+01  7.5889E-01  1.6110E+02  1.0000E+00
 5.6699E+02  7.2659E-01  7.6651E+01  7.5890E-01  1.5988E+02  1.0000E+00
 5.7133E+02  7.2685E-01  7.6095E+01  7.5892E-01  1.5867E+02  1.0000E+00
 5.7571E+02  7.2711E-01  7.5543E+01  7.5893E-01  1.5747E+02  1.0000E+00
 5.8011E+02  7.2736E-01  7.4995E+01  7.5894E-01  1.5628E+02  1.0000E+00
 5.8456E+02  7.2761E-01  7.4451E+01  7.5895E-01  1.5510E+02  1.0000E+00
 5.8903E+02  7.2787E-01  7.3910E+01  7.5897E-01  1.5392E+02  1.0000E+00
 5.9354E+02  7.2811E-01  7.3373E+01  7.5898E-01  1.5276E+02  1.0000E+00
 5.9809E+02  7.2836E-01  7.2840E+01  7.5899E-01  1.5160E+02  1.0000E+00
 6.0267E+02  7.2861E-01  7.2310E+01  7.5901E-01  1.5045E+02  1.0000E+00
 6.0729E+02  7.2885E-01  7.1785E+01  7.5902E-01  1.4932E+02  1.0000E+00
 6.1194E+02  7.2909E-01  7.1262E+01  7.5904E-01  1.4819E+02  1.0000E+00
 6.1662E+02  7.2934E-01  7.0744E+01  7.5905E-01  1.4706E+02  1.0000E+00
 6.2135E+02  7.2958E-01  7.0229E+01  7.5906E-01  1.4595E+02  1.0000E+00
 6.2610E+02  7.2981E-01  6.9717E+01  7.5908E-01  1.4485E+02  1.0000E+00
 6.3090E+02  7.3005E-01  6.9210E+01  7.5909E-01  1.4375E+02  1.0000E+00
 6.3573E+02  7.3028E-01  6.8705E+01  7.5911E-01  1.4266E+02  1.0000E+00
 6.4060E+02  7.3052E-01  6.8205E+01  7.5912E-01  1.4158E+02  1.0000E+00
 6.4551E+02  7.3075E-01  6.7707E+01  7.5914E-01  1.4051E+02  1.0000E+00
 6.5045E+02  7.3098E-01  6.7214E+01  7.5915E-01  1.3945E+02  1.0000E+00
 6.5543E+02  7.3121E-01  6.6723E+01  7.5917E-01  1.3839E+02  1.0000E+00
 6.6045E+02  7.3143E-01  6.6236E+01  7.5918E-01  1.3734E+02  1.0000E+00
 6.6551E+02  7.3166E-01  6.5753E+01  7.5920E-01  1.3631E+02  1.0000E+00
 6.7060E+02  7.3188E-01  6.5273E+01  7.5921E-01  1.3527E+02  1.0000E+00
 6.7574E+02  7.3210E-01  6.4796E+01  7.5923E-01  1.3425E+02  1.0000E+00
 6.8092E+02  7.3233E-01  6.4323E+01  7.5924E-01  1.3323E+02  1.0000E+00
 6.8613E+02  7.3254E-01  6.3853E+01  7.5926E-01  1.3223E+02  1.0000E+00
 6.9138E+02  7.3276E-01  6.3386E+01  7.5927E-01  1.3123E+02  1.0000E+00
 6.9668E+02  7.3298E-01  6.2922E+01  7.5929E-01  1.3023E+02  1.0000E+00
 7.0201E+02  7.3319E-01  6.2462E+01  7.5930E-01  1.2925E+02  1.0000E+00
 7.0739E+02  7.3341E-01  6.2005E+01  7.5932E-01  1.2827E+02  1.0000E+00
 7.1281E+02  7.3362E-01  6.1552E+01  7.5934E-01  1.2730E+02  1.0000E+00
 7.1827E+02  7.3383E-01  6.1101E+01  7.5935E-01  1.2633E+02  1.0000E+00
 7.2377E+02  7.3404E-01  6.0654E+01  7.5937E-01  1.2538E+02  1.0000E+00
 7.2931E+02  7.3425E-01  6.0209E+01  7.5938E-01  1.2443E+02  1.0000E+00
 7.3490E+02  7.3446E-01  5.9768E+01  7.5940E-01  1.2349E+02  1.0000E+00
 7.4052E+02  7.3466E-01  5.9330E+01  7.5942E-01  1.2255E+02  1.0000E+00
 7.4620E+02  7.3487E-01  5.8896E+01  7.5943E-01  1.2163E+02  1.0000E+00
 7.5191E+02  7.3507E-01  5.8464E+01  7.5945E-01  1.2071E+02  1.0000E+00
 7.5767E+02  7.3527E-01  5.8035E+01  7.5947E-01  1.1979E+02  1.0000E+00
 7.6347E+02  7.3547E-01  5.7609E+01  7.5949E-01  1.1889E+02  1.0000E+00
 7.6932E+02  7.3567E-01  5.7187E+01  7.5950E-01  1.1799E+02  1.0000E+00
 7.7521E+02  7.3587E-01  5.6767E+01  7.5952E-01  1.1709E+02  1.0000E+00
 7.8115E+02  7.3607E-01  5.6350E+01  7.5954E-01  1.1621E+02  1.0000E+00
 7.8713E+02  7.3626E-01  5.5937E+01  7.5956E-01  1.1533E+02  1.0000E+00
 7.9316E+02  7.3646E-01  5.5526E+01  7.5957E-01  1.1446E+02  1.0000E+00
 7.9923E+02  7.3665E-01  5.5118E+01  7.5959E-01  1.1359E+02  1.0000E+00
 8.0535E+02  7.3684E-01  5.4713E+01  7.5961E-01  1.1273E+02  1.0000E+00
 8.1152E+02  7.3703E-01  5.4311E+01  7.5963E-01  1.1188E+02  1.0000E+00
 8.1774E+02  7.3722E-01  5.3912E+01  7.5965E-01  1.1103E+02  1.0000E+00
 8.2400E+02  7.3741E-01  5.3515E+01  7.5967E-01  1.1019E+02  1.0000E+00
 8.3031E+02  7.3760E-01  5.3122E+01  7.5968E-01  1.0936E+02  1.0000E+00
 8.3667E+02  7.3778E-01  5.2731E+01  7.5970E-01  1.0853E+02  1.0000E+00
 8.4307E+02  7.3797E-01  5.2343E+01  7.5972E-01  1.0771E+02  1.0000E+00
 8.4953E+02  7.3815E-01  5.1958E+01  7.5974E-01  1.0690E+02  1.0000E+00
 8.5604E+02  7.3834E-01  5.1575E+01  7.5976E-01  1.0609E+02  1.0000E+00
 8.6259E+02  7.3852E-01  5.1196E+01  7.5978E-01  1.0528E+02  1.0000E+00
 8.6920E+02  7.3870E-01  5.0819E+01  7.5980E-01  1.0449E+02  1.0000E+00
 8.7586E+02  7.3888E-01  5.0444E+01  7.5982E-01  1.0370E+02  1.0000E+00
 8.8256E+02  7.3906E-01  5.0073E+01  7.5984E-01  1.0291E+02  1.0000E+00
 8.8932E+02  7.3923E-01  4.9704E+01  7.5986E-01  1.0213E+02  1.0000E+00
 8.9613E+02  7.3941E-01  4.9337E+01  7.5988E-01  1.0136E+02  1.0000E+00
 9.0300E+02  7.3959E-01  4.8974E+01  7.5990E-01  1.0060E+02  1.0000E+00
 9.0991E+02  7.3976E-01  4.8613E+01  7.5992E-01  9.9834E+01  1.0000E+00
 9.1688E+02  7.3993E-01  4.8254E+01  7.5994E-01  9.9079E+01  1.0000E+00
 9.2390E+02  7.4011E-01  4.7898E+01  7.5996E-01  9.8330E+01  1.0000E+00
 9.3098E+02  7.4028E-01  4.7545E+01  7.5998E-01  9.7586E+01  1.0000E+00
 9.3811E+02  7.4045E-01  4.7194E+01  7.6000E-01  9.6848E+01  1.0000E+00
 9.4529E+02  7.4062E-01  4.6846E+01  7.6003E-01  9.6116E+01  1.0000E+00
 9.5253E+02  7.4079E-01  4.6500E+01  7.6005E-01  9.5389E+01  1.0000E+00
 9.5983E+02  7.4095E-01  4.6157E+01  7.6007E-01  9.4667E+01  1.0000E+00
 9.6718E+02  7.4112E-01  4.5816E+01  7.6009E-01  9.3951E+01  1.0000E+00
 9.7458E+02  7.4129E-01  4.5477E+01  7.6011E-01  9.3241E+01  1.0000E+00
 9.8205E+02  7.4145E-01  4.5141E+01  7.6013E-01  9.2536E+01  1.0000E+00
 9.8957E+02  7.4161E-01  4.4808E+01  7.6016E-01  9.1836E+01  1.0000E+00
 9.9715E+02  7.4178E-01  4.4477E+01  7.6018E-01  9.1142E+01  1.0000E+00
 1.0048E+03  7.4194E-01  4.4148E+01  7.6020E-01  9.0452E+01  1.0000E+00
 1.0125E+03  7.4210E-01  4.3822E+01  7.6023E-01  8.9768E+01  1.0000E+00
 1.0202E+03  7.4226E-01  4.3498E+01  7.6025E-01  8.9090E+01  1.0000E+00
 1.0280E+03  7.4242E-01  4.3176E+01  7.6027E-01  8.8416E+01  1.0000E+00
 1.0359E+03  7.4258E-01  4.2857E+01  7.6029E-01  8.7747E+01  1.0000E+00
 1.0439E+03  7.4274E-01  4.2540E+01  7.6032E-01  8.7084E+01  1.0000E+00
 1.0518E+03  7.4289E-01  4.2225E+01  7.6034E-01  8.6425E+01  1.0000E+00
 1.0599E+03  7.4305E-01  4.1913E+01  7.6037E-01  8.5772E+01  1.0000E+00
 1.0680E+03  7.4320E-01  4.1602E+01  7.6039E-01  8.5124E+01  1.0000E+00
 1.0762E+03  7.4336E-01  4.1295E+01  7.6041E-01  8.4480E+01  1.0000E+00
 1.0844E+03  7.4351E-01  4.0989E+01  7.6044E-01  8.3841E+01  1.0000E+00
 1.0927E+03  7.4366E-01  4.0685E+01  7.6046E-01  8.3207E+01  1.0000E+00
 1.1011E+03  7.4382E-01  4.0384E+01  7.6049E-01  8.2578E+01  1.0000E+00
 1.1095E+03  7.4397E-01  4.0085E+01  7.6051E-01  8.1954E+01  1.0000E+00
 1.1180E+03  7.4412E-01  3.9788E+01  7.6054E-01  8.1335E+01  1.0000E+00
 1.1266E+03  7.4427E-01  3.9493E+01  7.6056E-01  8.0720E+01  1.0000E+00
 1.1352E+03  7.4442E-01  3.9201E+01  7.6059E-01  8.0110E+01  1.0000E+00
 1.1439E+03  7.4457E-01  3.8910E+01  7.6062E-01  7.9504E+01  1.0000E+00
 1.1527E+03  7.4471E-01  3.8622E+01  7.6064E-01  7.8903E+01  1.0000E+00
 1.1615E+03  7.4486E-01  3.8335E+01  7.6067E-01  7.8307E+01  1.0000E+00
 1.1704E+03  7.4501E-01  3.8051E+01  7.6069E-01  7.7715E+01  1.0000E+00
 1.1794E+03  7.4515E-01  3.7769E+01  7.6072E-01  7.7128E+01  1.0000E+00
 1.1884E+03  7.4530E-01  3.7489E+01  7.6075E-01  7.6545E+01  1.0000E+00
 1.1975E+03  7.4544E-01  3.7211E+01  7.6077E-01  7.5966E+01  1.0000E+00
 1.2067E+03  7.4558E-01  3.6935E+01  7.6080E-01  7.5392E+01  1.0000E+00
 1.2159E+03  7.4573E-01  3.6661E+01  7.6083E-01  7.4822E+01  1.0000E+00
 1.2252E+03  7.4587E-01  3.6389E+01  7.6086E-01  7.4257E+01  1.0000E+00
 1.2346E+03  7.4601E-01  3.6119E+01  7.6088E-01  7.3696E+01  1.0000E+00
 1.2441E+03  7.4615E-01  3.5851E+01  7.6091E-01  7.3139E+01  1.0000E+00
 1.2536E+03  7.4629E-01  3.5584E+01  7.6094E-01  7.2586E+01  1.0000E+00
 1.2632E+03  7.4643E-01  3.5320E+01  7.6097E-01  7.2038E+01  1.0000E+00
 1.2729E+03  7.4657E-01  3.5058E+01  7.6100E-01  7.1494E+01  1.0000E+00
 1.2826E+03  7.4671E-01  3.4798E+01  7.6103E-01  7.0953E+01  1.0000E+00
 1.2924E+03  7.4684E-01  3.4539E+01  7.6106E-01  7.0417E+01  1.0000E+00
 1.3023E+03  7.4698E-01  3.4283E+01  7.6109E-01  6.9885E+01  1.0000E+00
 1.3123E+03  7.4712E-01  3.4028E+01  7.6112E-01  6.9357E+01  1.0000E+00
 1.3224E+03  7.4725E-01  3.3775E+01  7.6115E-01  6.8833E+01  1.0000E+00
 1.3325E+03  7.4739E-01  3.3524E+01  7.6118E-01  6.8313E+01  1.0000E+00
 1.3427E+03  7.4752E-01  3.3275E+01  7.6121E-01  6.7797E+01  1.0000E+00
 1.3530E+03  7.4766E-01  3.3028E+01  7.6124E-01  6.7285E+01  1.0000E+00
 1.3633E+03  7.4779E-01  3.2782E+01  7.6127E-01  6.6777E+01  1.0000E+00
 1.3738E+03  7.4792E-01  3.2539E+01  7.6130E-01  6.6273E+01  1.0000E+00
 1.3843E+03  7.4805E-01  3.2297E+01  7.6133E-01  6.5772E+01  1.0000E+00
 1.3949E+03  7.4819E-01  3.2056E+01  7.6136E-01  6.5275E+01  1.0000E+00
 1.4056E+03  7.4832E-01  3.1818E+01  7.6139E-01  6.4782E+01  1.0000E+00
 1.4164E+03  7.4845E-01  3.1581E+01  7.6142E-01  6.4293E+01  1.0000E+00
 1.4272E+03  7.4858E-01  3.1347E+01  7.6146E-01  6.3807E+01  1.0000E+00
 1.4381E+03  7.4871E-01  3.1113E+01  7.6149E-01  6.3326E+01  1.0000E+00
 1.4491E+03  7.4884E-01  3.0882E+01  7.6152E-01  6.2847E+01  1.0000E+00
 1.4602E+03  7.4897E-01  3.0652E+01  7.6156E-01  6.2373E+01  1.0000E+00
 1.4714E+03  7.4909E-01  3.0424E+01  7.6159E-01  6.1902E+01  1.0000E+00
 1.4827E+03  7.4922E-01  3.0198E+01  7.6162E-01  6.1434E+01  1.0000E+00
 1.4940E+03  7.4935E-01  2.9973E+01  7.6166E-01  6.0971E+01  1.0000E+00
 1.5055E+03  7.4948E-01  2.9750E+01  7.6169E-01  6.0510E+01  1.0000E+00
 1.5170E+03  7.4960E-01  2.9528E+01  7.6172E-01  6.0053E+01  1.0000E+00
 1.5286E+03  7.4973E-01  2.9309E+01  7.6176E-01  5.9600E+01  1.0000E+00
 1.5403E+03  7.4986E-01  2.9090E+01  7.6179E-01  5.9150E+01  1.0000E+00
 1.5521E+03  7.4998E-01  2.8874E+01  7.6183E-01  5.8704E+01  1.0000E+00
 1.5640E+03  7.5011E-01  2.8659E+01  7.6186E-01  5.8261E+01  1.0000E+00
 1.5760E+03  7.5023E-01  2.8445E+01  7.6190E-01  5.7821E+01  1.0000E+00
 1.5881E+03  7.5035E-01  2.8233E+01  7.6194E-01  5.7384E+01  1.0000E+00
 1.6002E+03  7.5048E-01  2.8023E+01  7.6197E-01  5.6951E+01  1.0000E+00
 1.6125E+03  7.5060E-01  2.7814E+01  7.6201E-01  5.6521E+01  1.0000E+00
 1.6248E+03  7.5072E-01  2.7607E+01  7.6204E-01  5.6095E+01  1.0000E+00
 1.6373E+03  7.5085E-01  2.7402E+01  7.6208E-01  5.5672E+01  1.0000E+00
 1.6498E+03  7.5097E-01  2.7197E+01  7.6212E-01  5.5251E+01  1.0000E+00
 1.6625E+03  7.5109E-01  2.6995E+01  7.6216E-01  5.4835E+01  1.0000E+00
 1.6752E+03  7.5121E-01  2.6794E+01  7.6219E-01  5.4421E+01  1.0000E+00
 1.6880E+03  7.5133E-01  2.6594E+01  7.6223E-01  5.4010E+01  1.0000E+00
 1.7009E+03  7.5145E-01  2.6396E+01  7.6227E-01  5.3603E+01  1.0000E+00
 1.7140E+03  7.5157E-01  2.6199E+01  7.6231E-01  5.3198E+01  1.0000E+00
 1.7271E+03  7.5169E-01  2.6004E+01  7.6235E-01  5.2797E+01  1.0000E+00
 1.7403E+03  7.5181E-01  2.5810E+01  7.6239E-01  5.2399E+01  1.0000E+00
 1.7537E+03  7.5193E-01  2.5617E+01  7.6243E-01  5.2003E+01  1.0000E+00
 1.7671E+03  7.5205E-01  2.5426E+01  7.6247E-01  5.1611E+01  1.0000E+00
 1.7806E+03  7.5217E-01  2.5237E+01  7.6251E-01  5.1222E+01  1.0000E+00
 1.7943E+03  7.5229E-01  2.5049E+01  7.6255E-01  5.0835E+01  1.0000E+00
 1.8080E+03  7.5241E-01  2.4862E+01  7.6259E-01  5.0452E+01  1.0000E+00
 1.8218E+03  7.5253E-01  2.4676E+01  7.6263E-01  5.0072E+01  1.0000E+00
 1.8358E+03  7.5264E-01  2.4492E+01  7.6267E-01  4.9694E+01  1.0000E+00
 1.8499E+03  7.5276E-01  2.4310E+01  7.6271E-01  4.9319E+01  1.0000E+00
 1.8640E+03  7.5288E-01  2.4128E+01  7.6276E-01  4.8947E+01  1.0000E+00
 1.8783E+03  7.5300E-01  2.3948E+01  7.6280E-01  4.8578E+01  1.0000E+00
 1.8927E+03  7.5311E-01  2.3770E+01  7.6284E-01  4.8212E+01  1.0000E+00
 1.9072E+03  7.5323E-01  2.3592E+01  7.6288E-01  4.7849E+01  1.0000E+00
 1.9218E+03  7.5334E-01  2.3416E+01  7.6293E-01  4.7488E+01  1.0000E+00
 1.9365E+03  7.5346E-01  2.3242E+01  7.6297E-01  4.7130E+01  1.0000E+00
 1.9513E+03  7.5358E-01  2.3068E+01  7.6302E-01  4.6775E+01  1.0000E+00
 1.9663E+03  7.5369E-01  2.2896E+01  7.6306E-01  4.6422E+01  1.0000E+00
 1.9813E+03  7.5381E-01  2.2725E+01  7.6310E-01  4.6072E+01  1.0000E+00
 1.9965E+03  7.5392E-01  2.2555E+01  7.6315E-01  4.5725E+01  1.0000E+00
 2.0118E+03  7.5404E-01  2.2387E+01  7.6320E-01  4.5380E+01  1.0000E+00
 2.0272E+03  7.5415E-01  2.2220E+01  7.6324E-01  4.5038E+01  1.0000E+00
 2.0427E+03  7.5427E-01  2.2054E+01  7.6329E-01  4.4699E+01  1.0000E+00
 2.0584E+03  7.5438E-01  2.1890E+01  7.6333E-01  4.4362E+01  1.0000E+00
 2.0741E+03  7.5450E-01  2.1726E+01  7.6338E-01  4.4028E+01  1.0000E+00
 2.0900E+03  7.5461E-01  2.1564E+01  7.6343E-01  4.3696E+01  1.0000E+00
 2.1060E+03  7.5473E-01  2.1403E+01  7.6348E-01  4.3367E+01  1.0000E+00
 2.1222E+03  7.5484E-01  2.1243E+01  7.6352E-01  4.3040E+01  1.0000E+00
 2.1384E+03  7.5495E-01  2.1085E+01  7.6357E-01  4.2716E+01  1.0000E+00
 2.1548E+03  7.5507E-01  2.0927E+01  7.6362E-01  4.2394E+01  1.0000E+00
 2.1713E+03  7.5518E-01  2.0771E+01  7.6367E-01  4.2075E+01  1.0000E+00
 2.1879E+03  7.5529E-01  2.0616E+01  7.6372E-01  4.1758E+01  1.0000E+00
 2.2047E+03  7.5541E-01  2.0462E+01  7.6377E-01  4.1443E+01  1.0000E+00
 2.2216E+03  7.5552E-01  2.0309E+01  7.6382E-01  4.1131E+01  1.0000E+00
 2.2386E+03  7.5563E-01  2.0157E+01  7.6387E-01  4.0822E+01  1.0000E+00
 2.2557E+03  7.5575E-01  2.0007E+01  7.6392E-01  4.0514E+01  1.0000E+00
 2.2730E+03  7.5586E-01  1.9857E+01  7.6397E-01  4.0209E+01  1.0000E+00
 2.2904E+03  7.5597E-01  1.9709E+01  7.6402E-01  3.9906E+01  1.0000E+00
 2.3079E+03  7.5609E-01  1.9562E+01  7.6408E-01  3.9606E+01  1.0000E+00
 2.3256E+03  7.5620E-01  1.9416E+01  7.6413E-01  3.9308E+01  1.0000E+00
 2.3434E+03  7.5631E-01  1.9271E+01  7.6418E-01  3.9012E+01  1.0000E+00
 2.3614E+03  7.5642E-01  1.9127E+01  7.6424E-01  3.8718E+01  1.0000E+00
 2.3794E+03  7.5654E-01  1.8984E+01  7.6429E-01  3.8427E+01  1.0000E+00
 2.3977E+03  7.5665E-01  1.8842E+01  7.6434E-01  3.8138E+01  1.0000E+00
 2.4160E+03  7.5676E-01  1.8701E+01  7.6440E-01  3.7851E+01  1.0000E+00
 2.4345E+03  7.5687E-01  1.8562E+01  7.6445E-01  3.7566E+01  1.0000E+00
 2.4532E+03  7.5699E-01  1.8423E+01  7.6451E-01  3.7283E+01  1.0000E+00
 2.4720E+03  7.5710E-01  1.8285E+01  7.6457E-01  3.7003E+01  1.0000E+00
 2.4909E+03  7.5721E-01  1.8149E+01  7.6462E-01  3.6724E+01  1.0000E+00
 2.5100E+03  7.5732E-01  1.8013E+01  7.6468E-01  3.6448E+01  1.0000E+00
 2.5292E+03  7.5744E-01  1.7879E+01  7.6474E-01  3.6174E+01  1.0000E+00
 2.5486E+03  7.5755E-01  1.7745E+01  7.6479E-01  3.5902E+01  1.0000E+00
 2.5681E+03  7.5766E-01  1.7612E+01  7.6485E-01  3.5632E+01  1.0000E+00
 2.5878E+03  7.5778E-01  1.7481E+01  7.6491E-01  3.5364E+01  1.0000E+00
 2.6076E+03  7.5789E-01  1.7350E+01  7.6497E-01  3.5098E+01  1.0000E+00
 2.6275E+03  7.5800E-01  1.7221E+01  7.6503E-01  3.4834E+01  1.0000E+00
 2.6477E+03  7.5811E-01  1.7092E+01  7.6509E-01  3.4572E+01  1.0000E+00
 2.6679E+03  7.5823E-01  1.6964E+01  7.6515E-01  3.4312E+01  1.0000E+00
 2.6884E+03  7.5834E-01  1.6837E+01  7.6521E-01  3.4054E+01  1.0000E+00
 2.7090E+03  7.5845E-01  1.6712E+01  7.6527E-01  3.3798E+01  1.0000E+00
 2.7297E+03  7.5857E-01  1.6587E+01  7.6533E-01  3.3544E+01  1.0000E+00
 2.7506E+03  7.5868E-01  1.6463E+01  7.6540E-01  3.3292E+01  1.0000E+00
 2.7717E+03  7.5879E-01  1.6340E+01  7.6546E-01  3.3042E+01  1.0000E+00
 2.7929E+03  7.5891E-01  1.6218E+01  7.6552E-01  3.2793E+01  1.0000E+00
 2.8143E+03  7.5902E-01  1.6097E+01  7.6559E-01  3.2547E+01  1.0000E+00
 2.8358E+03  7.5913E-01  1.5976E+01  7.6565E-01  3.2302E+01  1.0000E+00
 2.8576E+03  7.5925E-01  1.5857E+01  7.6571E-01  3.2060E+01  1.0000E+00
 2.8794E+03  7.5936E-01  1.5738E+01  7.6578E-01  3.1819E+01  1.0000E+00
 2.9015E+03  7.5947E-01  1.5621E+01  7.6584E-01  3.1580E+01  1.0000E+00
 2.9237E+03  7.5959E-01  1.5504E+01  7.6591E-01  3.1343E+01  1.0000E+00
 2.9461E+03  7.5970E-01  1.5388E+01  7.6598E-01  3.1107E+01  1.0000E+00
 2.9687E+03  7.5982E-01  1.5273E+01  7.6605E-01  3.0874E+01  1.0000E+00
 2.9914E+03  7.5993E-01  1.5159E+01  7.6611E-01  3.0642E+01  1.0000E+00
 3.0143E+03  7.6005E-01  1.5046E+01  7.6618E-01  3.0412E+01  1.0000E+00
 3.0374E+03  7.6016E-01  1.4933E+01  7.6625E-01  3.0183E+01  1.0000E+00
 3.0607E+03  7.6028E-01  1.4822E+01  7.6632E-01  2.9957E+01  1.0000E+00
 3.0841E+03  7.6039E-01  1.4711E+01  7.6639E-01  2.9732E+01  1.0000E+00
 3.1077E+03  7.6051E-01  1.4601E+01  7.6646E-01  2.9509E+01  1.0000E+00
 3.1315E+03  7.6062E-01  1.4492E+01  7.6653E-01  2.9287E+01  1.0000E+00
 3.1555E+03  7.6074E-01  1.4384E+01  7.6660E-01  2.9067E+01  1.0000E+00
 3.1797E+03  7.6085E-01  1.4276E+01  7.6667E-01  2.8849E+01  1.0000E+00
 3.2040E+03  7.6097E-01  1.4170E+01  7.6675E-01  2.8633E+01  1.0000E+00
 3.2286E+03  7.6109E-01  1.4064E+01  7.6682E-01  2.8418E+01  1.0000E+00
 3.2533E+03  7.6120E-01  1.3959E+01  7.6689E-01  2.8205E+01  1.0000E+00
 3.2782E+03  7.6132E-01  1.3854E+01  7.6697E-01  2.7993E+01  1.0000E+00
 3.3033E+03  7.6144E-01  1.3751E+01  7.6704E-01  2.7783E+01  1.0000E+00
 3.3286E+03  7.6156E-01  1.3648E+01  7.6712E-01  2.7575E+01  1.0000E+00
 3.3541E+03  7.6167E-01  1.3546E+01  7.6719E-01  2.7368E+01  1.0000E+00
 3.3798E+03  7.6179E-01  1.3445E+01  7.6727E-01  2.7163E+01  1.0000E+00
 3.4057E+03  7.6191E-01  1.3344E+01  7.6735E-01  2.6959E+01  1.0000E+00
 3.4317E+03  7.6203E-01  1.3245E+01  7.6743E-01  2.6757E+01  1.0000E+00
 3.4580E+03  7.6215E-01  1.3146E+01  7.6750E-01  2.6557E+01  1.0000E+00
 3.4845E+03  7.6227E-01  1.3048E+01  7.6758E-01  2.6358E+01  1.0000E+00
 3.5112E+03  7.6239E-01  1.2950E+01  7.6766E-01  2.6160E+01  1.0000E+00
 3.5381E+03  7.6251E-01  1.2853E+01  7.6774E-01  2.5964E+01  1.0000E+00
 3.5652E+03  7.6263E-01  1.2757E+01  7.6782E-01  2.5769E+01  1.0000E+00
 3.5925E+03  7.6275E-01  1.2662E+01  7.6791E-01  2.5576E+01  1.0000E+00
 3.6200E+03  7.6287E-01  1.2567E+01  7.6799E-01  2.5385E+01  1.0000E+00
 3.6477E+03  7.6299E-01  1.2474E+01  7.6807E-01  2.5195E+01  1.0000E+00
 3.6757E+03  7.6311E-01  1.2380E+01  7.6815E-01  2.5006E+01  1.0000E+00
 3.7038E+03  7.6323E-01  1.2288E+01  7.6824E-01  2.4819E+01  1.0000E+00
 3.7322E+03  7.6335E-01  1.2196E+01  7.6832E-01  2.4633E+01  1.0000E+00
 3.7608E+03  7.6348E-01  1.2105E+01  7.6841E-01  2.4448E+01  1.0000E+00
 3.7896E+03  7.6360E-01  1.2015E+01  7.6849E-01  2.4265E+01  1.0000E+00
 3.8186E+03  7.6372E-01  1.1925E+01  7.6858E-01  2.4084E+01  1.0000E+00
 3.8478E+03  7.6385E-01  1.1836E+01  7.6867E-01  2.3903E+01  1.0000E+00
 3.8773E+03  7.6397E-01  1.1748E+01  7.6876E-01  2.3725E+01  1.0000E+00
 3.9070E+03  7.6409E-01  1.1660E+01  7.6884E-01  2.3547E+01  1.0000E+00
 3.9369E+03  7.6422E-01  1.1573E+01  7.6893E-01  2.3371E+01  1.0000E+00
 3.9671E+03  7.6434E-01  1.1486E+01  7.6902E-01  2.3196E+01  1.0000E+00
 3.9974E+03  7.6447E-01  1.1401E+01  7.6911E-01  2.3022E+01  1.0000E+00
 4.0281E+03  7.6460E-01  1.1315E+01  7.6921E-01  2.2850E+01  1.0000E+00
 4.0589E+03  7.6472E-01  1.1231E+01  7.6930E-01  2.2679E+01  1.0000E+00
 4.0900E+03  7.6485E-01  1.1147E+01  7.6939E-01  2.2510E+01  1.0000E+00
 4.1213E+03  7.6498E-01  1.1064E+01  7.6948E-01  2.2341E+01  1.0000E+00
 4.1529E+03  7.6511E-01  1.0981E+01  7.6958E-01  2.2174E+01  1.0000E+00
 4.1847E+03  7.6523E-01  1.0899E+01  7.6967E-01  2.2009E+01  1.0000E+00
 4.2167E+03  7.6536E-01  1.0818E+01  7.6977E-01  2.1844E+01  1.0000E+00
 4.2490E+03  7.6549E-01  1.0737E+01  7.6987E-01  2.1681E+01  1.0000E+00
 4.2816E+03  7.6562E-01  1.0657E+01  7.6996E-01  2.1519E+01  1.0000E+00
 4.3143E+03  7.6575E-01  1.0578E+01  7.7006E-01  2.1358E+01  1.0000E+00
 4.3474E+03  7.6588E-01  1.0499E+01  7.7016E-01  2.1198E+01  1.0000E+00
 4.3807E+03  7.6602E-01  1.0420E+01  7.7026E-01  2.1040E+01  1.0000E+00
 4.4142E+03  7.6615E-01  1.0343E+01  7.7036E-01  2.0883E+01  1.0000E+00
 4.4480E+03  7.6628E-01  1.0265E+01  7.7046E-01  2.0727E+01  1.0000E+00
 4.4821E+03  7.6641E-01  1.0189E+01  7.7056E-01  2.0572E+01  1.0000E+00
 4.5164E+03  7.6655E-01  1.0113E+01  7.7067E-01  2.0419E+01  1.0000E+00
 4.5510E+03  7.6668E-01  1.0037E+01  7.7077E-01  2.0266E+01  1.0000E+00
 4.5859E+03  7.6682E-01  9.9625E+00  7.7087E-01  2.0115E+01  1.0000E+00
 4.6210E+03  7.6695E-01  9.8882E+00  7.7098E-01  1.9965E+01  1.0000E+00
 4.6564E+03  7.6709E-01  9.8144E+00  7.7108E-01  1.9816E+01  1.0000E+00
 4.6920E+03  7.6722E-01  9.7412E+00  7.7119E-01  1.9668E+01  1.0000E+00
 4.7280E+03  7.6736E-01  9.6686E+00  7.7130E-01  1.9521E+01  1.0000E+00
 4.7642E+03  7.6750E-01  9.5965E+00  7.7141E-01  1.9376E+01  1.0000E+00
 4.8007E+03  7.6764E-01  9.5249E+00  7.7152E-01  1.9231E+01  1.0000E+00
 4.8374E+03  7.6778E-01  9.4539E+00  7.7163E-01  1.9088E+01  1.0000E+00
 4.8745E+03  7.6792E-01  9.3834E+00  7.7174E-01  1.8945E+01  1.0000E+00
 4.9118E+03  7.6806E-01  9.3135E+00  7.7185E-01  1.8804E+01  1.0000E+00
 4.9494E+03  7.6820E-01  9.2440E+00  7.7196E-01  1.8664E+01  1.0000E+00
 4.9873E+03  7.6834E-01  9.1751E+00  7.7207E-01  1.8525E+01  1.0000E+00
 5.0255E+03  7.6848E-01  9.1068E+00  7.7219E-01  1.8387E+01  1.0000E+00
 5.0640E+03  7.6862E-01  9.0389E+00  7.7230E-01  1.8250E+01  1.0000E+00
 5.1028E+03  7.6877E-01  8.9715E+00  7.7242E-01  1.8114E+01  1.0000E+00
 5.1419E+03  7.6891E-01  8.9047E+00  7.7254E-01  1.7979E+01  1.0000E+00
 5.1812E+03  7.6906E-01  8.8383E+00  7.7265E-01  1.7845E+01  1.0000E+00
 5.2209E+03  7.6920E-01  8.7725E+00  7.7277E-01  1.7712E+01  1.0000E+00
 5.2609E+03  7.6935E-01  8.7071E+00  7.7289E-01  1.7580E+01  1.0000E+00
 5.3012E+03  7.6949E-01  8.6423E+00  7.7301E-01  1.7450E+01  1.0000E+00
 5.3418E+03  7.6964E-01  8.5779E+00  7.7314E-01  1.7320E+01  1.0000E+00
 5.3827E+03  7.6979E-01  8.5140E+00  7.7326E-01  1.7191E+01  1.0000E+00
 5.4239E+03  7.6994E-01  8.4506E+00  7.7338E-01  1.7063E+01  1.0000E+00
 5.4655E+03  7.7009E-01  8.3876E+00  7.7351E-01  1.6936E+01  1.0000E+00
 5.5073E+03  7.7024E-01  8.3252E+00  7.7363E-01  1.6810E+01  1.0000E+00
 5.5495E+03  7.7039E-01  8.2632E+00  7.7376E-01  1.6685E+01  1.0000E+00
 5.5920E+03  7.7054E-01  8.2017E+00  7.7389E-01  1.6561E+01  1.0000E+00
 5.6348E+03  7.7070E-01  8.1406E+00  7.7401E-01  1.6438E+01  1.0000E+00
 5.6780E+03  7.7085E-01  8.0800E+00  7.7414E-01  1.6316E+01  1.0000E+00
 5.7215E+03  7.7101E-01  8.0199E+00  7.7427E-01  1.6194E+01  1.0000E+00
 5.7653E+03  7.7116E-01  7.9602E+00  7.7440E-01  1.6074E+01  1.0000E+00
 5.8094E+03  7.7132E-01  7.9010E+00  7.7454E-01  1.5955E+01  1.0000E+00
 5.8539E+03  7.7148E-01  7.8422E+00  7.7467E-01  1.5836E+01  1.0000E+00
 5.8988E+03  7.7163E-01  7.7838E+00  7.7480E-01  1.5719E+01  1.0000E+00
 5.9439E+03  7.7179E-01  7.7259E+00  7.7494E-01  1.5602E+01  1.0000E+00
 5.9895E+03  7.7195E-01  7.6685E+00  7.7508E-01  1.5486E+01  1.0000E+00
 6.0353E+03  7.7211E-01  7.6114E+00  7.7521E-01  1.5371E+01  1.0000E+00
 6.0815E+03  7.7228E-01  7.5548E+00  7.7535E-01  1.5257E+01  1.0000E+00
 6.1281E+03  7.7244E-01  7.4986E+00  7.7549E-01  1.5144E+01  1.0000E+00
 6.1751E+03  7.7260E-01  7.4429E+00  7.7563E-01  1.5032E+01  1.0000E+00
 6.2223E+03  7.7277E-01  7.3875E+00  7.7577E-01  1.4920E+01  1.0000E+00
 6.2700E+03  7.7293E-01  7.3326E+00  7.7592E-01  1.4809E+01  1.0000E+00
 6.3180E+03  7.7310E-01  7.2781E+00  7.7606E-01  1.4700E+01  1.0000E+00
 6.3664E+03  7.7326E-01  7.2240E+00  7.7621E-01  1.4591E+01  1.0000E+00
 6.4152E+03  7.7343E-01  7.1703E+00  7.7635E-01  1.4482E+01  1.0000E+00
 6.4643E+03  7.7360E-01  7.1171E+00  7.7650E-01  1.4375E+01  1.0000E+00
 6.5138E+03  7.7377E-01  7.0642E+00  7.7665E-01  1.4269E+01  1.0000E+00
 6.5637E+03  7.7394E-01  7.0117E+00  7.7680E-01  1.4163E+01  1.0000E+00
 6.6139E+03  7.7411E-01  6.9596E+00  7.7695E-01  1.4058E+01  1.0000E+00
 6.6646E+03  7.7429E-01  6.9079E+00  7.7710E-01  1.3954E+01  1.0000E+00
 6.7156E+03  7.7446E-01  6.8566E+00  7.7726E-01  1.3851E+01  1.0000E+00
 6.7671E+03  7.7464E-01  6.8057E+00  7.7741E-01  1.3748E+01  1.0000E+00
 6.8189E+03  7.7481E-01  6.7552E+00  7.7757E-01  1.3646E+01  1.0000E+00
 6.8711E+03  7.7499E-01  6.7050E+00  7.7772E-01  1.3545E+01  1.0000E+00
 6.9237E+03  7.7517E-01  6.6553E+00  7.7788E-01  1.3445E+01  1.0000E+00
 6.9768E+03  7.7535E-01  6.6059E+00  7.7804E-01  1.3346E+01  1.0000E+00
 7.0302E+03  7.7553E-01  6.5569E+00  7.7820E-01  1.3247E+01  1.0000E+00
 7.0840E+03  7.7571E-01  6.5082E+00  7.7836E-01  1.3149E+01  1.0000E+00
 7.1383E+03  7.7589E-01  6.4599E+00  7.7852E-01  1.3052E+01  1.0000E+00
 7.1929E+03  7.7608E-01  6.4120E+00  7.7869E-01  1.2956E+01  1.0000E+00
 7.2480E+03  7.7626E-01  6.3645E+00  7.7885E-01  1.2860E+01  1.0000E+00
 7.3035E+03  7.7645E-01  6.3173E+00  7.7902E-01  1.2765E+01  1.0000E+00
 7.3595E+03  7.7663E-01  6.2704E+00  7.7919E-01  1.2671E+01  1.0000E+00
 7.4158E+03  7.7682E-01  6.2239E+00  7.7936E-01  1.2577E+01  1.0000E+00
 7.4726E+03  7.7701E-01  6.1778E+00  7.7953E-01  1.2484E+01  1.0000E+00
 7.5299E+03  7.7720E-01  6.1320E+00  7.7970E-01  1.2392E+01  1.0000E+00
 7.5875E+03  7.7739E-01  6.0866E+00  7.7988E-01  1.2301E+01  1.0000E+00
 7.6456E+03  7.7759E-01  6.0415E+00  7.8005E-01  1.2210E+01  1.0000E+00
 7.7042E+03  7.7778E-01  5.9967E+00  7.8023E-01  1.2120E+01  1.0000E+00
 7.7632E+03  7.7798E-01  5.9523E+00  7.8040E-01  1.2030E+01  1.0000E+00
 7.8226E+03  7.7817E-01  5.9082E+00  7.8058E-01  1.1942E+01  1.0000E+00
 7.8825E+03  7.7837E-01  5.8644E+00  7.8076E-01  1.1854E+01  1.0000E+00
 7.9429E+03  7.7857E-01  5.8210E+00  7.8094E-01  1.1766E+01  1.0000E+00
 8.0037E+03  7.7877E-01  5.7779E+00  7.8113E-01  1.1680E+01  1.0000E+00
 8.0650E+03  7.7897E-01  5.7352E+00  7.8131E-01  1.1594E+01  1.0000E+00
 8.1268E+03  7.7918E-01  5.6927E+00  7.8150E-01  1.1508E+01  1.0000E+00
 8.1890E+03  7.7938E-01  5.6506E+00  7.8169E-01  1.1424E+01  1.0000E+00
 8.2518E+03  7.7959E-01  5.6088E+00  7.8187E-01  1.1340E+01  1.0000E+00
 8.3150E+03  7.7979E-01  5.5673E+00  7.8206E-01  1.1256E+01  1.0000E+00
 8.3786E+03  7.8000E-01  5.5261E+00  7.8226E-01  1.1173E+01  1.0000E+00
 8.4428E+03  7.8021E-01  5.4853E+00  7.8245E-01  1.1091E+01  1.0000E+00
 8.5075E+03  7.8042E-01  5.4447E+00  7.8264E-01  1.1010E+01  1.0000E+00
 8.5726E+03  7.8064E-01  5.4044E+00  7.8284E-01  1.0929E+01  1.0000E+00
 8.6383E+03  7.8085E-01  5.3645E+00  7.8304E-01  1.0848E+01  1.0000E+00
 8.7044E+03  7.8107E-01  5.3249E+00  7.8324E-01  1.0769E+01  1.0000E+00
 8.7711E+03  7.8128E-01  5.2855E+00  7.8344E-01  1.0690E+01  1.0000E+00
 8.8383E+03  7.8150E-01  5.2465E+00  7.8364E-01  1.0611E+01  1.0000E+00
 8.9059E+03  7.8172E-01  5.2077E+00  7.8385E-01  1.0533E+01  1.0000E+00
 8.9741E+03  7.8194E-01  5.1693E+00  7.8405E-01  1.0456E+01  1.0000E+00
 9.0429E+03  7.8217E-01  5.1311E+00  7.8426E-01  1.0379E+01  1.0000E+00
 9.1121E+03  7.8239E-01  5.0932E+00  7.8447E-01  1.0303E+01  1.0000E+00
 9.1819E+03  7.8262E-01  5.0556E+00  7.8468E-01  1.0228E+01  1.0000E+00
 9.2522E+03  7.8284E-01  5.0183E+00  7.8489E-01  1.0153E+01  1.0000E+00
 9.3231E+03  7.8307E-01  4.9813E+00  7.8510E-01  1.0078E+01  1.0000E+00
 9.3945E+03  7.8330E-01  4.9445E+00  7.8532E-01  1.0004E+01  1.0000E+00
 9.4664E+03  7.8353E-01  4.9081E+00  7.8554E-01  9.9311E+00  1.0000E+00
 9.5389E+03  7.8377E-01  4.8719E+00  7.8576E-01  9.8584E+00  1.0000E+00
 9.6120E+03  7.8400E-01  4.8360E+00  7.8598E-01  9.7862E+00  1.0000E+00
 9.6856E+03  7.8424E-01  4.8003E+00  7.8620E-01  9.7146E+00  1.0000E+00
 9.7598E+03  7.8448E-01  4.7649E+00  7.8642E-01  9.6435E+00  1.0000E+00
 9.8345E+03  7.8472E-01  4.7298E+00  7.8665E-01  9.5730E+00  1.0000E+00
 9.9098E+03  7.8496E-01  4.6950E+00  7.8688E-01  9.5030E+00  1.0000E+00
 9.9857E+03  7.8520E-01  4.6604E+00  7.8711E-01  9.4335E+00  1.0000E+00
 1.0062E+04  7.8545E-01  4.6261E+00  7.8734E-01  9.3646E+00  1.0000E+00
 1.0139E+04  7.8569E-01  4.5920E+00  7.8757E-01  9.2961E+00  1.0000E+00
 1.0217E+04  7.8594E-01  4.5582E+00  7.8780E-01  9.2282E+00  1.0000E+00
 1.0295E+04  7.8619E-01  4.5247E+00  7.8804E-01  9.1609E+00  1.0000E+00
 1.0374E+04  7.8644E-01  4.4914E+00  7.8828E-01  9.0940E+00  1.0000E+00
 1.0453E+04  7.8670E-01  4.4583E+00  7.8852E-01  9.0276E+00  1.0000E+00
 1.0533E+04  7.8695E-01  4.4255E+00  7.8876E-01  8.9618E+00  1.0000E+00
 1.0614E+04  7.8721E-01  4.3930E+00  7.8901E-01  8.8964E+00  1.0000E+00
 1.0695E+04  7.8747E-01  4.3607E+00  7.8925E-01  8.8316E+00  1.0000E+00
 1.0777E+04  7.8773E-01  4.3286E+00  7.8950E-01  8.7672E+00  1.0000E+00
 1.0860E+04  7.8799E-01  4.2968E+00  7.8975E-01  8.7033E+00  1.0000E+00
 1.0943E+04  7.8826E-01  4.2653E+00  7.9000E-01  8.6400E+00  1.0000E+00
 1.1027E+04  7.8852E-01  4.2339E+00  7.9025E-01  8.5771E+00  1.0000E+00
 1.1111E+04  7.8879E-01  4.2028E+00  7.9051E-01  8.5146E+00  1.0000E+00
 1.1196E+04  7.8906E-01  4.1720E+00  7.9077E-01  8.4527E+00  1.0000E+00
 1.1282E+04  7.8933E-01  4.1414E+00  7.9103E-01  8.3912E+00  1.0000E+00
 1.1369E+04  7.8961E-01  4.1110E+00  7.9129E-01  8.3302E+00  1.0000E+00
 1.1456E+04  7.8989E-01  4.0808E+00  7.9155E-01  8.2696E+00  1.0000E+00
 1.1543E+04  7.9016E-01  4.0509E+00  7.9182E-01  8.2096E+00  1.0000E+00
 1.1632E+04  7.9044E-01  4.0212E+00  7.9209E-01  8.1499E+00  1.0000E+00
 1.1721E+04  7.9072E-01  3.9917E+00  7.9236E-01  8.0907E+00  1.0000E+00
 1.1811E+04  7.9101E-01  3.9624E+00  7.9263E-01  8.0320E+00  1.0000E+00
 1.1901E+04  7.9129E-01  3.9334E+00  7.9290E-01  7.9737E+00  1.0000E+00
 1.1992E+04  7.9158E-01  3.9046E+00  7.9318E-01  7.9159E+00  1.0000E+00
 1.2084E+04  7.9187E-01  3.8760E+00  7.9346E-01  7.8585E+00  1.0000E+00
 1.2177E+04  7.9217E-01  3.8476E+00  7.9374E-01  7.8015E+00  1.0000E+00
 1.2270E+04  7.9246E-01  3.8194E+00  7.9402E-01  7.7450E+00  1.0000E+00
 1.2364E+04  7.9276E-01  3.7915E+00  7.9431E-01  7.6889E+00  1.0000E+00
 1.2458E+04  7.9306E-01  3.7637E+00  7.9459E-01  7.6333E+00  1.0000E+00
 1.2554E+04  7.9336E-01  3.7362E+00  7.9488E-01  7.5780E+00  1.0000E+00
 1.2650E+04  7.9366E-01  3.7089E+00  7.9518E-01  7.5232E+00  1.0000E+00
 1.2747E+04  7.9396E-01  3.6818E+00  7.9547E-01  7.4688E+00  1.0000E+00
 1.2845E+04  7.9427E-01  3.6548E+00  7.9577E-01  7.4148E+00  1.0000E+00
 1.2943E+04  7.9458E-01  3.6281E+00  7.9607E-01  7.3612E+00  1.0000E+00
 1.3042E+04  7.9489E-01  3.6016E+00  7.9637E-01  7.3080E+00  1.0000E+00
 1.3142E+04  7.9521E-01  3.5753E+00  7.9667E-01  7.2552E+00  1.0000E+00
 1.3243E+04  7.9552E-01  3.5492E+00  7.9698E-01  7.2029E+00  1.0000E+00
 1.3344E+04  7.9584E-01  3.5233E+00  7.9729E-01  7.1509E+00  1.0000E+00
 1.3446E+04  7.9616E-01  3.4976E+00  7.9760E-01  7.0993E+00  1.0000E+00
 1.3549E+04  7.9649E-01  3.4721E+00  7.9791E-01  7.0481E+00  1.0000E+00
 1.3653E+04  7.9681E-01  3.4468E+00  7.9822E-01  6.9973E+00  1.0000E+00
 1.3757E+04  7.9714E-01  3.4216E+00  7.9854E-01  6.9469E+00  1.0000E+00
 1.3863E+04  7.9747E-01  3.3967E+00  7.9886E-01  6.8969E+00  1.0000E+00
 1.3969E+04  7.9781E-01  3.3719E+00  7.9919E-01  6.8473E+00  1.0000E+00
 1.4076E+04  7.9814E-01  3.3474E+00  7.9951E-01  6.7980E+00  1.0000E+00
 1.4184E+04  7.9848E-01  3.3230E+00  7.9984E-01  6.7491E+00  1.0000E+00
 1.4292E+04  7.9882E-01  3.2988E+00  8.0017E-01  6.7006E+00  1.0000E+00
 1.4402E+04  7.9916E-01  3.2748E+00  8.0051E-01  6.6524E+00  1.0000E+00
 1.4512E+04  7.9951E-01  3.2510E+00  8.0084E-01  6.6047E+00  1.0000E+00
 1.4623E+04  7.9986E-01  3.2273E+00  8.0118E-01  6.5572E+00  1.0000E+00
 1.4735E+04  8.0021E-01  3.2038E+00  8.0152E-01  6.5102E+00  1.0000E+00
 1.4848E+04  8.0056E-01  3.1805E+00  8.0187E-01  6.4635E+00  1.0000E+00
 1.4962E+04  8.0092E-01  3.1574E+00  8.0221E-01  6.4171E+00  1.0000E+00
 1.5076E+04  8.0128E-01  3.1345E+00  8.0256E-01  6.3711E+00  1.0000E+00
 1.5192E+04  8.0164E-01  3.1117E+00  8.0291E-01  6.3255E+00  1.0000E+00
 1.5308E+04  8.0200E-01  3.0891E+00  8.0327E-01  6.2802E+00  1.0000E+00
 1.5425E+04  8.0237E-01  3.0667E+00  8.0363E-01  6.2353E+00  1.0000E+00
 1.5544E+04  8.0274E-01  3.0445E+00  8.0399E-01  6.1906E+00  1.0000E+00
 1.5663E+04  8.0311E-01  3.0224E+00  8.0435E-01  6.1464E+00  1.0000E+00
 1.5783E+04  8.0349E-01  3.0005E+00  8.0472E-01  6.1024E+00  1.0000E+00
 1.5903E+04  8.0387E-01  2.9787E+00  8.0509E-01  6.0588E+00  1.0000E+00
 1.6025E+04  8.0425E-01  2.9571E+00  8.0546E-01  6.0156E+00  1.0000E+00
 1.6148E+04  8.0463E-01  2.9357E+00  8.0584E-01  5.9726E+00  1.0000E+00
 1.6272E+04  8.0502E-01  2.9144E+00  8.0621E-01  5.9300E+00  1.0000E+00
 1.6396E+04  8.0541E-01  2.8934E+00  8.0659E-01  5.8878E+00  1.0000E+00
 1.6522E+04  8.0580E-01  2.8724E+00  8.0698E-01  5.8458E+00  1.0000E+00
 1.6648E+04  8.0620E-01  2.8516E+00  8.0737E-01  5.8042E+00  1.0000E+00
 1.6776E+04  8.0659E-01  2.8310E+00  8.0776E-01  5.7628E+00  1.0000E+00
 1.6904E+04  8.0700E-01  2.8105E+00  8.0815E-01  5.7218E+00  1.0000E+00
 1.7034E+04  8.0740E-01  2.7902E+00  8.0855E-01  5.6811E+00  1.0000E+00
 1.7164E+04  8.0781E-01  2.7701E+00  8.0895E-01  5.6407E+00  1.0000E+00
 1.7296E+04  8.0822E-01  2.7501E+00  8.0935E-01  5.6006E+00  1.0000E+00
 1.7428E+04  8.0863E-01  2.7302E+00  8.0975E-01  5.5609E+00  1.0000E+00
 1.7562E+04  8.0905E-01  2.7105E+00  8.1016E-01  5.5214E+00  1.0000E+00
 1.7696E+04  8.0947E-01  2.6910E+00  8.1058E-01  5.4822E+00  1.0000E+00
 1.7832E+04  8.0989E-01  2.6716E+00  8.1099E-01  5.4434E+00  1.0000E+00
 1.7968E+04  8.1032E-01  2.6523E+00  8.1141E-01  5.4048E+00  1.0000E+00
 1.8106E+04  8.1075E-01  2.6332E+00  8.1183E-01  5.3665E+00  1.0000E+00
 1.8244E+04  8.1118E-01  2.6142E+00  8.1226E-01  5.3285E+00  1.0000E+00
 1.8384E+04  8.1162E-01  2.5954E+00  8.1269E-01  5.2908E+00  1.0000E+00
 1.8525E+04  8.1206E-01  2.5767E+00  8.1312E-01  5.2534E+00  1.0000E+00
 1.8667E+04  8.1250E-01  2.5582E+00  8.1355E-01  5.2163E+00  1.0000E+00
 1.8810E+04  8.1295E-01  2.5398E+00  8.1399E-01  5.1794E+00  1.0000E+00
 1.8954E+04  8.1340E-01  2.5216E+00  8.1444E-01  5.1428E+00  1.0000E+00
 1.9099E+04  8.1385E-01  2.5034E+00  8.1488E-01  5.1066E+00  1.0000E+00
 1.9245E+04  8.1431E-01  2.4855E+00  8.1533E-01  5.0705E+00  1.0000E+00
 1.9393E+04  8.1477E-01  2.4676E+00  8.1579E-01  5.0348E+00  1.0000E+00
 1.9541E+04  8.1523E-01  2.4499E+00  8.1624E-01  4.9993E+00  1.0000E+00
 1.9691E+04  8.1570E-01  2.4323E+00  8.1670E-01  4.9641E+00  1.0000E+00
 1.9842E+04  8.1617E-01  2.4149E+00  8.1717E-01  4.9292E+00  1.0000E+00
 1.9994E+04  8.1665E-01  2.3976E+00  8.1764E-01  4.8946E+00  1.0000E+00
 2.0147E+04  8.1713E-01  2.3804E+00  8.1811E-01  4.8602E+00  1.0000E+00
 2.0301E+04  8.1761E-01  2.3634E+00  8.1858E-01  4.8260E+00  1.0000E+00
 2.0456E+04  8.1810E-01  2.3464E+00  8.1906E-01  4.7922E+00  1.0000E+00
 2.0613E+04  8.1858E-01  2.3296E+00  8.1954E-01  4.7585E+00  1.0000E+00
 2.0771E+04  8.1908E-01  2.3130E+00  8.2003E-01  4.7252E+00  1.0000E+00
 2.0930E+04  8.1958E-01  2.2964E+00  8.2052E-01  4.6921E+00  1.0000E+00
 2.1090E+04  8.2008E-01  2.2800E+00  8.2102E-01  4.6592E+00  1.0000E+00
 2.1252E+04  8.2058E-01  2.2638E+00  8.2152E-01  4.6266E+00  1.0000E+00
 2.1415E+04  8.2109E-01  2.2476E+00  8.2202E-01  4.5943E+00  1.0000E+00
 2.1579E+04  8.2160E-01  2.2316E+00  8.2252E-01  4.5622E+00  1.0000E+00
 2.1744E+04  8.2212E-01  2.2156E+00  8.2303E-01  4.5303E+00  1.0000E+00
 2.1910E+04  8.2264E-01  2.1998E+00  8.2355E-01  4.4987E+00  1.0000E+00
 2.2078E+04  8.2317E-01  2.1842E+00  8.2407E-01  4.4673E+00  1.0000E+00
 2.2247E+04  8.2370E-01  2.1686E+00  8.2459E-01  4.4362E+00  1.0000E+00
 2.2418E+04  8.2423E-01  2.1532E+00  8.2512E-01  4.4053E+00  1.0000E+00
 2.2589E+04  8.2477E-01  2.1378E+00  8.2565E-01  4.3746E+00  1.0000E+00
 2.2762E+04  8.2531E-01  2.1226E+00  8.2618E-01  4.3442E+00  1.0000E+00
 2.2937E+04  8.2585E-01  2.1075E+00  8.2672E-01  4.3140E+00  1.0000E+00
 2.3112E+04  8.2640E-01  2.0926E+00  8.2727E-01  4.2840E+00  1.0000E+00
 2.3289E+04  8.2696E-01  2.0777E+00  8.2782E-01  4.2543E+00  1.0000E+00
 2.3468E+04  8.2752E-01  2.0630E+00  8.2837E-01  4.2248E+00  1.0000E+00
 2.3647E+04  8.2808E-01  2.0483E+00  8.2893E-01  4.1955E+00  1.0000E+00
 2.3829E+04  8.2865E-01  2.0338E+00  8.2949E-01  4.1664E+00  1.0000E+00
 2.4011E+04  8.2922E-01  2.0194E+00  8.3005E-01  4.1376E+00  1.0000E+00
 2.4195E+04  8.2980E-01  2.0051E+00  8.3063E-01  4.1090E+00  1.0000E+00
 2.4380E+04  8.3038E-01  1.9909E+00  8.3120E-01  4.0805E+00  1.0000E+00
 2.4567E+04  8.3096E-01  1.9768E+00  8.3178E-01  4.0524E+00  1.0000E+00
 2.4755E+04  8.3155E-01  1.9628E+00  8.3236E-01  4.0244E+00  1.0000E+00
 2.4945E+04  8.3215E-01  1.9489E+00  8.3295E-01  3.9966E+00  1.0000E+00
 2.5136E+04  8.3275E-01  1.9351E+00  8.3355E-01  3.9691E+00  1.0000E+00
 2.5328E+04  8.3335E-01  1.9215E+00  8.3415E-01  3.9418E+00  1.0000E+00
 2.5522E+04  8.3396E-01  1.9079E+00  8.3475E-01  3.9146E+00  1.0000E+00
 2.5718E+04  8.3457E-01  1.8945E+00  8.3536E-01  3.8877E+00  1.0000E+00
 2.5915E+04  8.3519E-01  1.8811E+00  8.3597E-01  3.8610E+00  1.0000E+00
 2.6113E+04  8.3582E-01  1.8678E+00  8.3659E-01  3.8345E+00  1.0000E+00
 2.6313E+04  8.3644E-01  1.8547E+00  8.3721E-01  3.8082E+00  1.0000E+00
 2.6515E+04  8.3708E-01  1.8416E+00  8.3784E-01  3.7821E+00  1.0000E+00
 2.6718E+04  8.3772E-01  1.8287E+00  8.3847E-01  3.7562E+00  1.0000E+00
 2.6922E+04  8.3836E-01  1.8158E+00  8.3911E-01  3.7305E+00  1.0000E+00
 2.7128E+04  8.3901E-01  1.8031E+00  8.3976E-01  3.7049E+00  1.0000E+00
 2.7336E+04  8.3966E-01  1.7904E+00  8.4040E-01  3.6796E+00  1.0000E+00
 2.7545E+04  8.4032E-01  1.7778E+00  8.4106E-01  3.6545E+00  1.0000E+00
 2.7756E+04  8.4098E-01  1.7653E+00  8.4172E-01  3.6296E+00  1.0000E+00
 2.7969E+04  8.4165E-01  1.7530E+00  8.4238E-01  3.6048E+00  1.0000E+00
 2.8183E+04  8.4233E-01  1.7407E+00  8.4305E-01  3.5803E+00  1.0000E+00
 2.8399E+04  8.4301E-01  1.7285E+00  8.4373E-01  3.5559E+00  1.0000E+00
 2.8617E+04  8.4369E-01  1.7164E+00  8.4441E-01  3.5317E+00  1.0000E+00
 2.8836E+04  8.4439E-01  1.7044E+00  8.4509E-01  3.5077E+00  1.0000E+00
 2.9056E+04  8.4508E-01  1.6925E+00  8.4578E-01  3.4839E+00  1.0000E+00
 2.9279E+04  8.4578E-01  1.6807E+00  8.4648E-01  3.4603E+00  1.0000E+00
 2.9503E+04  8.4649E-01  1.6689E+00  8.4718E-01  3.4369E+00  1.0000E+00
 2.9729E+04  8.4720E-01  1.6573E+00  8.4789E-01  3.4136E+00  1.0000E+00
 2.9957E+04  8.4792E-01  1.6457E+00  8.4861E-01  3.3905E+00  1.0000E+00
 3.0186E+04  8.4865E-01  1.6343E+00  8.4933E-01  3.3676E+00  1.0000E+00
 3.0417E+04  8.4938E-01  1.6229E+00  8.5005E-01  3.3449E+00  1.0000E+00
 3.0650E+04  8.5011E-01  1.6116E+00  8.5078E-01  3.3223E+00  1.0000E+00
 3.0885E+04  8.5086E-01  1.6004E+00  8.5152E-01  3.2999E+00  1.0000E+00
 3.1122E+04  8.5160E-01  1.5892E+00  8.5227E-01  3.2777E+00  1.0000E+00
 3.1360E+04  8.5236E-01  1.5782E+00  8.5301E-01  3.2556E+00  1.0000E+00
 3.1600E+04  8.5312E-01  1.5672E+00  8.5377E-01  3.2337E+00  1.0000E+00
 3.1842E+04  8.5388E-01  1.5564E+00  8.5453E-01  3.2120E+00  1.0000E+00
 3.2086E+04  8.5466E-01  1.5456E+00  8.5530E-01  3.1905E+00  1.0000E+00
 3.2332E+04  8.5544E-01  1.5349E+00  8.5607E-01  3.1691E+00  1.0000E+00
 3.2579E+04  8.5622E-01  1.5243E+00  8.5685E-01  3.1479E+00  1.0000E+00
 3.2829E+04  8.5701E-01  1.5137E+00  8.5764E-01  3.1268E+00  1.0000E+00
 3.3080E+04  8.5781E-01  1.5032E+00  8.5843E-01  3.1059E+00  1.0000E+00
 3.3334E+04  8.5861E-01  1.4929E+00  8.5923E-01  3.0852E+00  1.0000E+00
 3.3589E+04  8.5942E-01  1.4825E+00  8.6004E-01  3.0646E+00  1.0000E+00
 3.3846E+04  8.6024E-01  1.4723E+00  8.6085E-01  3.0442E+00  1.0000E+00
 3.4105E+04  8.6106E-01  1.4622E+00  8.6167E-01  3.0240E+00  1.0000E+00
 3.4367E+04  8.6189E-01  1.4521E+00  8.6250E-01  3.0038E+00  1.0000E+00
 3.4630E+04  8.6273E-01  1.4421E+00  8.6333E-01  2.9839E+00  1.0000E+00
 3.4895E+04  8.6357E-01  1.4322E+00  8.6417E-01  2.9641E+00  1.0000E+00
 3.5162E+04  8.6442E-01  1.4223E+00  8.6502E-01  2.9445E+00  1.0000E+00
 3.5431E+04  8.6528E-01  1.4126E+00  8.6587E-01  2.9250E+00  1.0000E+00
 3.5703E+04  8.6614E-01  1.4029E+00  8.6673E-01  2.9056E+00  1.0000E+00
 3.5976E+04  8.6702E-01  1.3932E+00  8.6760E-01  2.8864E+00  1.0000E+00
 3.6252E+04  8.6789E-01  1.3837E+00  8.6847E-01  2.8674E+00  1.0000E+00
 3.6529E+04  8.6878E-01  1.3742E+00  8.6935E-01  2.8485E+00  1.0000E+00
 3.6809E+04  8.6967E-01  1.3648E+00  8.7024E-01  2.8297E+00  1.0000E+00
 3.7091E+04  8.7057E-01  1.3555E+00  8.7114E-01  2.8111E+00  1.0000E+00
 3.7375E+04  8.7148E-01  1.3462E+00  8.7204E-01  2.7926E+00  1.0000E+00
 3.7661E+04  8.7239E-01  1.3370E+00  8.7295E-01  2.7743E+00  1.0000E+00
 3.7950E+04  8.7331E-01  1.3279E+00  8.7387E-01  2.7561E+00  1.0000E+00
 3.8240E+04  8.7424E-01  1.3189E+00  8.7479E-01  2.7380E+00  1.0000E+00
 3.8533E+04  8.7518E-01  1.3099E+00  8.7573E-01  2.7201E+00  1.0000E+00
 3.8828E+04  8.7612E-01  1.3010E+00  8.7667E-01  2.7024E+00  1.0000E+00
 3.9126E+04  8.7708E-01  1.2921E+00  8.7762E-01  2.6847E+00  1.0000E+00
 3.9425E+04  8.7804E-01  1.2833E+00  8.7857E-01  2.6672E+00  1.0000E+00
 3.9727E+04  8.7900E-01  1.2746E+00  8.7954E-01  2.6499E+00  1.0000E+00
 4.0032E+04  8.7998E-01  1.2660E+00  8.8051E-01  2.6326E+00  1.0000E+00
 4.0338E+04  8.8096E-01  1.2574E+00  8.8149E-01  2.6155E+00  1.0000E+00
 4.0647E+04  8.8195E-01  1.2489E+00  8.8248E-01  2.5986E+00  1.0000E+00
 4.0958E+04  8.8295E-01  1.2404E+00  8.8347E-01  2.5817E+00  1.0000E+00
 4.1272E+04  8.8396E-01  1.2320E+00  8.8448E-01  2.5650E+00  1.0000E+00
 4.1588E+04  8.8498E-01  1.2237E+00  8.8549E-01  2.5484E+00  1.0000E+00
 4.1907E+04  8.8600E-01  1.2155E+00  8.8651E-01  2.5320E+00  1.0000E+00
 4.2228E+04  8.8703E-01  1.2073E+00  8.8754E-01  2.5157E+00  1.0000E+00
 4.2551E+04  8.8808E-01  1.1991E+00  8.8858E-01  2.4995E+00  1.0000E+00
 4.2877E+04  8.8913E-01  1.1911E+00  8.8963E-01  2.4834E+00  1.0000E+00
 4.3205E+04  8.9018E-01  1.1831E+00  8.9068E-01  2.4674E+00  1.0000E+00
 4.3536E+04  8.9125E-01  1.1751E+00  8.9175E-01  2.4516E+00  1.0000E+00
 4.3869E+04  8.9233E-01  1.1672E+00  8.9282E-01  2.4359E+00  1.0000E+00
 4.4205E+04  8.9341E-01  1.1594E+00  8.9390E-01  2.4203E+00  1.0000E+00
 4.4544E+04  8.9450E-01  1.1516E+00  8.9499E-01  2.4049E+00  1.0000E+00
 4.4885E+04  8.9561E-01  1.1439E+00  8.9609E-01  2.3895E+00  1.0000E+00
 4.5229E+04  8.9672E-01  1.1363E+00  8.9720E-01  2.3743E+00  1.0000E+00
 4.5575E+04  8.9784E-01  1.1287E+00  8.9832E-01  2.3592E+00  1.0000E+00
 4.5924E+04  8.9897E-01  1.1211E+00  8.9944E-01  2.3442E+00  1.0000E+00
 4.6276E+04  9.0011E-01  1.1137E+00  9.0058E-01  2.3293E+00  1.0000E+00
 4.6630E+04  9.0126E-01  1.1062E+00  9.0172E-01  2.3145E+00  1.0000E+00
 4.6987E+04  9.0242E-01  1.0989E+00  9.0288E-01  2.2999E+00  1.0000E+00
 4.7347E+04  9.0358E-01  1.0916E+00  9.0405E-01  2.2854E+00  1.0000E+00
 4.7710E+04  9.0476E-01  1.0843E+00  9.0522E-01  2.2709E+00  1.0000E+00
 4.8075E+04  9.0595E-01  1.0771E+00  9.0640E-01  2.2566E+00  1.0000E+00
 4.8443E+04  9.0715E-01  1.0700E+00  9.0760E-01  2.2424E+00  1.0000E+00
 4.8814E+04  9.0835E-01  1.0629E+00  9.0880E-01  2.2283E+00  1.0000E+00
 4.9188E+04  9.0957E-01  1.0558E+00  9.1002E-01  2.2144E+00  1.0000E+00
 4.9565E+04  9.1080E-01  1.0489E+00  9.1124E-01  2.2005E+00  1.0000E+00
 4.9945E+04  9.1203E-01  1.0419E+00  9.1248E-01  2.1867E+00  1.0000E+00
 5.0327E+04  9.1328E-01  1.0351E+00  9.1372E-01  2.1731E+00  1.0000E+00
 5.0713E+04  9.1454E-01  1.0282E+00  9.1498E-01  2.1595E+00  1.0000E+00
 5.1101E+04  9.1581E-01  1.0215E+00  9.1624E-01  2.1461E+00  1.0000E+00
 5.1492E+04  9.1709E-01  1.0148E+00  9.1752E-01  2.1327E+00  1.0000E+00
 5.1887E+04  9.1838E-01  1.0081E+00  9.1880E-01  2.1195E+00  1.0000E+00
 5.2284E+04  9.1968E-01  1.0015E+00  9.2010E-01  2.1063E+00  1.0000E+00
 5.2684E+04  9.2099E-01  9.9491E-01  9.2141E-01  2.0933E+00  1.0000E+00
 5.3088E+04  9.2231E-01  9.8840E-01  9.2273E-01  2.0804E+00  1.0000E+00
 5.3494E+04  9.2364E-01  9.8193E-01  9.2406E-01  2.0675E+00  1.0000E+00
 5.3904E+04  9.2499E-01  9.7552E-01  9.2540E-01  2.0548E+00  1.0000E+00
 5.4317E+04  9.2634E-01  9.6915E-01  9.2676E-01  2.0422E+00  1.0000E+00
 5.4733E+04  9.2771E-01  9.6283E-01  9.2812E-01  2.0296E+00  1.0000E+00
 5.5152E+04  9.2909E-01  9.5656E-01  9.2950E-01  2.0172E+00  1.0000E+00
 5.5574E+04  9.3048E-01  9.5034E-01  9.3088E-01  2.0049E+00  1.0000E+00
 5.6000E+04  9.3188E-01  9.4416E-01  9.3228E-01  1.9926E+00  1.0000E+00
 5.6429E+04  9.3329E-01  9.3803E-01  9.3369E-01  1.9805E+00  1.0000E+00
 5.6861E+04  9.3472E-01  9.3195E-01  9.3512E-01  1.9684E+00  1.0000E+00
 5.7297E+04  9.3616E-01  9.2592E-01  9.3655E-01  1.9564E+00  1.0000E+00
 5.7735E+04  9.3761E-01  9.1993E-01  9.3800E-01  1.9446E+00  1.0000E+00
 5.8177E+04  9.3907E-01  9.1399E-01  9.3946E-01  1.9328E+00  1.0000E+00
 5.8623E+04  9.4054E-01  9.0809E-01  9.4093E-01  1.9211E+00  1.0000E+00
 5.9072E+04  9.4203E-01  9.0224E-01  9.4241E-01  1.9095E+00  1.0000E+00
 5.9524E+04  9.4353E-01  8.9643E-01  9.4391E-01  1.8980E+00  1.0000E+00
 5.9980E+04  9.4504E-01  8.9067E-01  9.4542E-01  1.8866E+00  1.0000E+00
 6.0440E+04  9.4656E-01  8.8495E-01  9.4694E-01  1.8753E+00  1.0000E+00
 6.0902E+04  9.4810E-01  8.7927E-01  9.4847E-01  1.8640E+00  1.0000E+00
 6.1369E+04  9.4965E-01  8.7364E-01  9.5002E-01  1.8529E+00  1.0000E+00
 6.1839E+04  9.5121E-01  8.6805E-01  9.5158E-01  1.8418E+00  1.0000E+00
 6.2312E+04  9.5279E-01  8.6250E-01  9.5316E-01  1.8308E+00  1.0000E+00
 6.2790E+04  9.5438E-01  8.5700E-01  9.5474E-01  1.8200E+00  1.0000E+00
 6.3270E+04  9.5598E-01  8.5154E-01  9.5634E-01  1.8092E+00  1.0000E+00
 6.3755E+04  9.5760E-01  8.4612E-01  9.5796E-01  1.7984E+00  1.0000E+00
 6.4243E+04  9.5923E-01  8.4074E-01  9.5959E-01  1.7878E+00  1.0000E+00
 6.4735E+04  9.6087E-01  8.3540E-01  9.6123E-01  1.7773E+00  1.0000E+00
 6.5231E+04  9.6253E-01  8.3010E-01  9.6289E-01  1.7668E+00  1.0000E+00
 6.5731E+04  9.6420E-01  8.2485E-01  9.6456E-01  1.7564E+00  1.0000E+00
 6.6234E+04  9.6589E-01  8.1963E-01  9.6624E-01  1.7461E+00  1.0000E+00
 6.6741E+04  9.6759E-01  8.1445E-01  9.6794E-01  1.7359E+00  1.0000E+00
 6.7252E+04  9.6930E-01  8.0932E-01  9.6965E-01  1.7257E+00  1.0000E+00
 6.7767E+04  9.7103E-01  8.0422E-01  9.7138E-01  1.7157E+00  1.0000E+00
 6.8286E+04  9.7278E-01  7.9916E-01  9.7312E-01  1.7057E+00  1.0000E+00
 6.8809E+04  9.7454E-01  7.9414E-01  9.7488E-01  1.6958E+00  1.0000E+00
 6.9336E+04  9.7631E-01  7.8916E-01  9.7665E-01  1.6859E+00  1.0000E+00
 6.9867E+04  9.7810E-01  7.8421E-01  9.7844E-01  1.6762E+00  1.0000E+00
 7.0402E+04  9.7991E-01  7.7931E-01  9.8025E-01  1.6665E+00  1.0000E+00
 7.0942E+04  9.8173E-01  7.7444E-01  9.8206E-01  1.6569E+00  1.0000E+00
 7.1485E+04  9.8357E-01  7.6961E-01  9.8390E-01  1.6474E+00  1.0000E+00
 7.2032E+04  9.8542E-01  7.6482E-01  9.8575E-01  1.6380E+00  1.0000E+00
 7.2584E+04  9.8729E-01  7.6006E-01  9.8762E-01  1.6286E+00  1.0000E+00
 7.3140E+04  9.8917E-01  7.5534E-01  9.8950E-01  1.6193E+00  1.0000E+00
 7.3700E+04  9.9107E-01  7.5065E-01  9.9140E-01  1.6101E+00  1.0000E+00
 7.4264E+04  9.9299E-01  7.4601E-01  9.9331E-01  1.6009E+00  1.0000E+00
 7.4833E+04  9.9492E-01  7.4139E-01  9.9524E-01  1.5918E+00  1.0000E+00
 7.5406E+04  9.9687E-01  7.3681E-01  9.9719E-01  1.5828E+00  1.0000E+00
 7.5984E+04  9.9884E-01  7.3227E-01  9.9916E-01  1.5739E+00  1.0000E+00
 7.6566E+04  1.0008E+00  7.2776E-01  1.0011E+00  1.5650E+00  1.0000E+00
 7.7152E+04  1.0028E+00  7.2329E-01  1.0031E+00  1.5562E+00  1.0000E+00
 7.7743E+04  1.0048E+00  7.1885E-01  1.0052E+00  1.5475E+00  1.0000E+00
 7.8338E+04  1.0069E+00  7.1445E-01  1.0072E+00  1.5389E+00  1.0000E+00
 7.8938E+04  1.0089E+00  7.1008E-01  1.0092E+00  1.5303E+00  1.0000E+00
 7.9543E+04  1.0110E+00  7.0574E-01  1.0113E+00  1.5218E+00  1.0000E+00
 8.0152E+04  1.0131E+00  7.0143E-01  1.0134E+00  1.5133E+00  1.0000E+00
 8.0766E+04  1.0152E+00  6.9716E-01  1.0155E+00  1.5049E+00  1.0000E+00
 8.1384E+04  1.0173E+00  6.9292E-01  1.0176E+00  1.4966E+00  1.0000E+00
 8.2008E+04  1.0195E+00  6.8872E-01  1.0198E+00  1.4884E+00  1.0000E+00
 8.2636E+04  1.0216E+00  6.8454E-01  1.0219E+00  1.4802E+00  1.0000E+00
 8.3268E+04  1.0238E+00  6.8040E-01  1.0241E+00  1.4721E+00  1.0000E+00
 8.3906E+04  1.0260E+00  6.7629E-01  1.0263E+00  1.4640E+00  1.0000E+00
 8.4549E+04  1.0282E+00  6.7221E-01  1.0285E+00  1.4560E+00  1.0000E+00
 8.5196E+04  1.0305E+00  6.6817E-01  1.0308E+00  1.4481E+00  1.0000E+00
 8.5849E+04  1.0327E+00  6.6415E-01  1.0330E+00  1.4403E+00  1.0000E+00
 8.6506E+04  1.0350E+00  6.6017E-01  1.0353E+00  1.4325E+00  1.0000E+00
 8.7169E+04  1.0373E+00  6.5621E-01  1.0376E+00  1.4247E+00  1.0000E+00
 8.7836E+04  1.0396E+00  6.5229E-01  1.0399E+00  1.4171E+00  1.0000E+00
 8.8509E+04  1.0420E+00  6.4839E-01  1.0423E+00  1.4095E+00  1.0000E+00
 8.9187E+04  1.0443E+00  6.4453E-01  1.0446E+00  1.4019E+00  1.0000E+00
 8.9870E+04  1.0467E+00  6.4070E-01  1.0470E+00  1.3944E+00  1.0000E+00
 9.0558E+04  1.0491E+00  6.3689E-01  1.0494E+00  1.3870E+00  1.0000E+00
 9.1252E+04  1.0515E+00  6.3311E-01  1.0518E+00  1.3796E+00  1.0000E+00
 9.1950E+04  1.0540E+00  6.2937E-01  1.0543E+00  1.3723E+00  1.0000E+00
 9.2655E+04  1.0564E+00  6.2565E-01  1.0567E+00  1.3651E+00  1.0000E+00
 9.3364E+04  1.0589E+00  6.2196E-01  1.0592E+00  1.3579E+00  1.0000E+00
 9.4079E+04  1.0614E+00  6.1830E-01  1.0617E+00  1.3508E+00  1.0000E+00
 9.4800E+04  1.0640E+00  6.1467E-01  1.0642E+00  1.3437E+00  1.0000E+00
 9.5526E+04  1.0665E+00  6.1106E-01  1.0668E+00  1.3367E+00  1.0000E+00
 9.6257E+04  1.0691E+00  6.0749E-01  1.0694E+00  1.3297E+00  1.0000E+00
 9.6994E+04  1.0717E+00  6.0394E-01  1.0720E+00  1.3228E+00  1.0000E+00
 9.7737E+04  1.0743E+00  6.0041E-01  1.0746E+00  1.3160E+00  1.0000E+00
 9.8486E+04  1.0770E+00  5.9692E-01  1.0772E+00  1.3092E+00  1.0000E+00
 9.9240E+04  1.0796E+00  5.9345E-01  1.0799E+00  1.3025E+00  1.0000E+00
 1.0000E+05  1.0823E+00  5.9001E-01  1.0826E+00  1.2958E+00  1.0000E+00


