#     0	 1	   21	 1	 1.2334E+02	 1000	1
 4.8978E+01  0.0000E+00  0.0000E+00  0.0000E+00  0.0000E+00  0.0000E+00
 4.9353E+01  0.0000E+00  0.0000E+00  0.0000E+00  0.0000E+00  0.0000E+00
 4.9731E+01  0.0000E+00  0.0000E+00  0.0000E+00  0.0000E+00  0.0000E+00
 5.0112E+01  0.0000E+00  0.0000E+00  0.0000E+00  0.0000E+00  0.0000E+00
 5.0496E+01  0.0000E+00  0.0000E+00  0.0000E+00  0.0000E+00  0.0000E+00
 5.0882E+01  0.0000E+00  0.0000E+00  0.0000E+00  0.0000E+00  0.0000E+00
 5.1272E+01  0.0000E+00  0.0000E+00  0.0000E+00  0.0000E+00  0.0000E+00
 5.1665E+01  0.0000E+00  0.0000E+00  0.0000E+00  0.0000E+00  0.0000E+00
 5.2060E+01  0.0000E+00  0.0000E+00  0.0000E+00  0.0000E+00  0.0000E+00
 5.2459E+01  0.0000E+00  0.0000E+00  0.0000E+00  0.0000E+00  0.0000E+00
 5.2861E+01  0.0000E+00  0.0000E+00  0.0000E+00  0.0000E+00  0.0000E+00
 5.3266E+01  0.0000E+00  0.0000E+00  0.0000E+00  0.0000E+00  0.0000E+00
 5.3673E+01  0.0000E+00  0.0000E+00  0.0000E+00  0.0000E+00  0.0000E+00
 5.4085E+01  0.0000E+00  0.0000E+00  0.0000E+00  0.0000E+00  0.0000E+00
 5.4499E+01  0.0000E+00  0.0000E+00  0.0000E+00  0.0000E+00  0.0000E+00
 5.4916E+01  0.0000E+00  0.0000E+00  0.0000E+00  0.0000E+00  0.0000E+00
 5.5337E+01  0.0000E+00  0.0000E+00  0.0000E+00  0.0000E+00  0.0000E+00
 5.5760E+01  0.0000E+00  0.0000E+00  0.0000E+00  0.0000E+00  0.0000E+00
 5.6187E+01  0.0000E+00  0.0000E+00  0.0000E+00  0.0000E+00  0.0000E+00
 5.6618E+01  0.0000E+00  0.0000E+00  0.0000E+00  0.0000E+00  0.0000E+00
 5.7051E+01  0.0000E+00  0.0000E+00  0.0000E+00  0.0000E+00  0.0000E+00
 5.7488E+01  0.0000E+00  0.0000E+00  0.0000E+00  0.0000E+00  0.0000E+00
 5.7929E+01  0.0000E+00  0.0000E+00  0.0000E+00  0.0000E+00  0.0000E+00
 5.8372E+01  0.0000E+00  0.0000E+00  0.0000E+00  0.0000E+00  0.0000E+00
 5.8819E+01  0.0000E+00  0.0000E+00  0.0000E+00  0.0000E+00  0.0000E+00
 5.9270E+01  0.0000E+00  0.0000E+00  0.0000E+00  0.0000E+00  0.0000E+00
 5.9724E+01  0.0000E+00  0.0000E+00  0.0000E+00  0.0000E+00  0.0000E+00
 6.0181E+01  0.0000E+00  0.0000E+00  0.0000E+00  0.0000E+00  0.0000E+00
 6.0642E+01  0.0000E+00  0.0000E+00  0.0000E+00  0.0000E+00  0.0000E+00
 6.1106E+01  0.0000E+00  0.0000E+00  0.0000E+00  0.0000E+00  0.0000E+00
 6.1574E+01  0.0000E+00  0.0000E+00  0.0000E+00  0.0000E+00  0.0000E+00
 6.2046E+01  0.0000E+00  0.0000E+00  0.0000E+00  0.0000E+00  0.0000E+00
 6.2521E+01  0.0000E+00  0.0000E+00  0.0000E+00  0.0000E+00  0.0000E+00
 6.3000E+01  0.0000E+00  0.0000E+00  0.0000E+00  0.0000E+00  0.0000E+00
 6.3482E+01  0.0000E+00  0.0000E+00  0.0000E+00  0.0000E+00  0.0000E+00
 6.3968E+01  0.0000E+00  0.0000E+00  0.0000E+00  0.0000E+00  0.0000E+00
 6.4458E+01  0.0000E+00  0.0000E+00  0.0000E+00  0.0000E+00  0.0000E+00
 6.4952E+01  0.0000E+00  0.0000E+00  0.0000E+00  0.0000E+00  0.0000E+00
 6.5449E+01  0.0000E+00  0.0000E+00  0.0000E+00  0.0000E+00  0.0000E+00
 6.5951E+01  0.0000E+00  0.0000E+00  0.0000E+00  0.0000E+00  0.0000E+00
 6.6456E+01  0.0000E+00  0.0000E+00  0.0000E+00  0.0000E+00  0.0000E+00
 6.6965E+01  0.0000E+00  0.0000E+00  0.0000E+00  0.0000E+00  0.0000E+00
 6.7478E+01  0.0000E+00  0.0000E+00  0.0000E+00  0.0000E+00  0.0000E+00
 6.7994E+01  0.0000E+00  0.0000E+00  0.0000E+00  0.0000E+00  0.0000E+00
 6.8515E+01  0.0000E+00  0.0000E+00  0.0000E+00  0.0000E+00  0.0000E+00
 6.9040E+01  0.0000E+00  0.0000E+00  0.0000E+00  0.0000E+00  0.0000E+00
 6.9568E+01  0.0000E+00  0.0000E+00  0.0000E+00  0.0000E+00  0.0000E+00
 7.0101E+01  0.0000E+00  0.0000E+00  0.0000E+00  0.0000E+00  0.0000E+00
 7.0638E+01  0.0000E+00  0.0000E+00  0.0000E+00  0.0000E+00  0.0000E+00
 7.1179E+01  0.0000E+00  0.0000E+00  0.0000E+00  0.0000E+00  0.0000E+00
 7.1724E+01  0.0000E+00  0.0000E+00  0.0000E+00  0.0000E+00  0.0000E+00
 7.2273E+01  0.0000E+00  0.0000E+00  0.0000E+00  0.0000E+00  0.0000E+00
 7.2827E+01  0.0000E+00  0.0000E+00  0.0000E+00  0.0000E+00  0.0000E+00
 7.3385E+01  0.0000E+00  0.0000E+00  0.0000E+00  0.0000E+00  0.0000E+00
 7.3947E+01  0.0000E+00  0.0000E+00  0.0000E+00  0.0000E+00  0.0000E+00
 7.4513E+01  0.0000E+00  0.0000E+00  0.0000E+00  0.0000E+00  0.0000E+00
 7.5084E+01  0.0000E+00  0.0000E+00  0.0000E+00  0.0000E+00  0.0000E+00
 7.5659E+01  0.0000E+00  0.0000E+00  0.0000E+00  0.0000E+00  0.0000E+00
 7.6238E+01  0.0000E+00  0.0000E+00  0.0000E+00  0.0000E+00  0.0000E+00
 7.6822E+01  0.0000E+00  0.0000E+00  0.0000E+00  0.0000E+00  0.0000E+00
 7.7410E+01  0.0000E+00  0.0000E+00  0.0000E+00  0.0000E+00  0.0000E+00
 7.8003E+01  0.0000E+00  0.0000E+00  0.0000E+00  0.0000E+00  0.0000E+00
 7.8601E+01  0.0000E+00  0.0000E+00  0.0000E+00  0.0000E+00  0.0000E+00
 7.9202E+01  0.0000E+00  0.0000E+00  0.0000E+00  0.0000E+00  0.0000E+00
 7.9809E+01  0.0000E+00  0.0000E+00  0.0000E+00  0.0000E+00  0.0000E+00
 8.0420E+01  0.0000E+00  0.0000E+00  0.0000E+00  0.0000E+00  0.0000E+00
 8.1036E+01  0.0000E+00  0.0000E+00  0.0000E+00  0.0000E+00  0.0000E+00
 8.1657E+01  0.0000E+00  0.0000E+00  0.0000E+00  0.0000E+00  0.0000E+00
 8.2282E+01  0.0000E+00  0.0000E+00  0.0000E+00  0.0000E+00  0.0000E+00
 8.2912E+01  0.0000E+00  0.0000E+00  0.0000E+00  0.0000E+00  0.0000E+00
 8.3547E+01  0.0000E+00  0.0000E+00  0.0000E+00  0.0000E+00  0.0000E+00
 8.4187E+01  0.0000E+00  0.0000E+00  0.0000E+00  0.0000E+00  0.0000E+00
 8.4832E+01  0.0000E+00  0.0000E+00  0.0000E+00  0.0000E+00  0.0000E+00
 8.5481E+01  0.0000E+00  0.0000E+00  0.0000E+00  0.0000E+00  0.0000E+00
 8.6136E+01  0.0000E+00  0.0000E+00  0.0000E+00  0.0000E+00  0.0000E+00
 8.6796E+01  0.0000E+00  0.0000E+00  0.0000E+00  0.0000E+00  0.0000E+00
 8.7460E+01  0.0000E+00  0.0000E+00  0.0000E+00  0.0000E+00  0.0000E+00
 8.8130E+01  0.0000E+00  0.0000E+00  0.0000E+00  0.0000E+00  0.0000E+00
 8.8805E+01  0.0000E+00  0.0000E+00  0.0000E+00  0.0000E+00  0.0000E+00
 8.9485E+01  0.0000E+00  0.0000E+00  0.0000E+00  0.0000E+00  0.0000E+00
 9.0171E+01  0.0000E+00  0.0000E+00  0.0000E+00  0.0000E+00  0.0000E+00
 9.0861E+01  0.0000E+00  0.0000E+00  0.0000E+00  0.0000E+00  0.0000E+00
 9.1557E+01  0.0000E+00  0.0000E+00  0.0000E+00  0.0000E+00  0.0000E+00
 9.2258E+01  0.0000E+00  0.0000E+00  0.0000E+00  0.0000E+00  0.0000E+00
 9.2965E+01  0.0000E+00  0.0000E+00  0.0000E+00  0.0000E+00  0.0000E+00
 9.3677E+01  0.0000E+00  0.0000E+00  0.0000E+00  0.0000E+00  0.0000E+00
 9.4394E+01  0.0000E+00  0.0000E+00  0.0000E+00  0.0000E+00  0.0000E+00
 9.5117E+01  0.0000E+00  0.0000E+00  0.0000E+00  0.0000E+00  0.0000E+00
 9.5845E+01  0.0000E+00  0.0000E+00  0.0000E+00  0.0000E+00  0.0000E+00
 9.6579E+01  0.0000E+00  0.0000E+00  0.0000E+00  0.0000E+00  0.0000E+00
 9.7319E+01  0.0000E+00  0.0000E+00  0.0000E+00  0.0000E+00  0.0000E+00
 9.8064E+01  0.0000E+00  0.0000E+00  0.0000E+00  0.0000E+00  0.0000E+00
 9.8815E+01  0.0000E+00  0.0000E+00  0.0000E+00  0.0000E+00  0.0000E+00
 9.9572E+01  0.0000E+00  0.0000E+00  0.0000E+00  0.0000E+00  0.0000E+00
 1.0033E+02  0.0000E+00  0.0000E+00  0.0000E+00  0.0000E+00  0.0000E+00
 1.0110E+02  0.0000E+00  0.0000E+00  0.0000E+00  0.0000E+00  0.0000E+00
 1.0188E+02  0.0000E+00  0.0000E+00  0.0000E+00  0.0000E+00  0.0000E+00
 1.0266E+02  0.0000E+00  0.0000E+00  0.0000E+00  0.0000E+00  0.0000E+00
 1.0344E+02  0.0000E+00  0.0000E+00  0.0000E+00  0.0000E+00  0.0000E+00
 1.0424E+02  0.0000E+00  0.0000E+00  0.0000E+00  0.0000E+00  0.0000E+00
 1.0503E+02  0.0000E+00  0.0000E+00  0.0000E+00  0.0000E+00  0.0000E+00
 1.0584E+02  0.0000E+00  0.0000E+00  0.0000E+00  0.0000E+00  0.0000E+00
 1.0665E+02  0.0000E+00  0.0000E+00  0.0000E+00  0.0000E+00  0.0000E+00
 1.0747E+02  0.0000E+00  0.0000E+00  0.0000E+00  0.0000E+00  0.0000E+00
 1.0829E+02  0.0000E+00  0.0000E+00  0.0000E+00  0.0000E+00  0.0000E+00
 1.0912E+02  0.0000E+00  0.0000E+00  0.0000E+00  0.0000E+00  0.0000E+00
 1.0995E+02  0.0000E+00  0.0000E+00  0.0000E+00  0.0000E+00  0.0000E+00
 1.1080E+02  0.0000E+00  0.0000E+00  0.0000E+00  0.0000E+00  0.0000E+00
 1.1164E+02  0.0000E+00  0.0000E+00  0.0000E+00  0.0000E+00  0.0000E+00
 1.1250E+02  0.0000E+00  0.0000E+00  0.0000E+00  0.0000E+00  0.0000E+00
 1.1336E+02  0.0000E+00  0.0000E+00  0.0000E+00  0.0000E+00  0.0000E+00
 1.1423E+02  0.0000E+00  0.0000E+00  0.0000E+00  0.0000E+00  0.0000E+00
 1.1510E+02  0.0000E+00  0.0000E+00  0.0000E+00  0.0000E+00  0.0000E+00
 1.1599E+02  0.0000E+00  0.0000E+00  0.0000E+00  0.0000E+00  0.0000E+00
 1.1687E+02  0.0000E+00  0.0000E+00  0.0000E+00  0.0000E+00  0.0000E+00
 1.1777E+02  0.0000E+00  0.0000E+00  0.0000E+00  0.0000E+00  0.0000E+00
 1.1867E+02  0.0000E+00  0.0000E+00  0.0000E+00  0.0000E+00  0.0000E+00
 1.1958E+02  0.0000E+00  0.0000E+00  0.0000E+00  0.0000E+00  0.0000E+00
 1.2050E+02  0.0000E+00  0.0000E+00  0.0000E+00  0.0000E+00  0.0000E+00
 1.2142E+02  0.0000E+00  0.0000E+00  0.0000E+00  0.0000E+00  0.0000E+00
 1.2235E+02  0.0000E+00  0.0000E+00  0.0000E+00  0.0000E+00  0.0000E+00
 1.2329E+02  0.0000E+00  0.0000E+00  0.0000E+00  0.0000E+00  0.0000E+00
 1.2423E+02  1.4438E-03  6.9546E-01 -6.4327E-03 -6.1978E+00  1.0000E+00
 1.2518E+02  1.4397E-03  6.8819E-01 -6.3974E-03 -6.1169E+00  1.0000E+00
 1.2614E+02  1.4355E-03  6.8100E-01 -6.3620E-03 -6.0368E+00  1.0000E+00
 1.2711E+02  1.4314E-03  6.7389E-01 -6.3267E-03 -5.9576E+00  1.0000E+00
 1.2808E+02  1.4273E-03  6.6686E-01 -6.2913E-03 -5.8793E+00  1.0000E+00
 1.2906E+02  1.4233E-03  6.5994E-01 -6.2559E-03 -5.8018E+00  1.0000E+00
 1.3005E+02  1.4196E-03  6.5321E-01 -6.2206E-03 -5.7252E+00  1.0000E+00
 1.3104E+02  1.4161E-03  6.4664E-01 -6.1852E-03 -5.6494E+00  1.0000E+00
 1.3205E+02  1.4128E-03  6.4025E-01 -6.1498E-03 -5.5744E+00  1.0000E+00
 1.3306E+02  1.4098E-03  6.3402E-01 -6.1145E-03 -5.5002E+00  1.0000E+00
 1.3408E+02  1.4070E-03  6.2796E-01 -6.0791E-03 -5.4269E+00  1.0000E+00
 1.3510E+02  1.4044E-03  6.2204E-01 -6.0438E-03 -5.3543E+00  1.0000E+00
 1.3614E+02  1.4021E-03  6.1628E-01 -6.0084E-03 -5.2825E+00  1.0000E+00
 1.3718E+02  1.4000E-03  6.1067E-01 -5.9730E-03 -5.2115E+00  1.0000E+00
 1.3823E+02  1.3980E-03  6.0519E-01 -5.9377E-03 -5.1413E+00  1.0000E+00
 1.3929E+02  1.3963E-03  5.9986E-01 -5.9023E-03 -5.0718E+00  1.0000E+00
 1.4036E+02  1.3948E-03  5.9466E-01 -5.8670E-03 -5.0031E+00  1.0000E+00
 1.4143E+02  1.3935E-03  5.8959E-01 -5.8316E-03 -4.9352E+00  1.0000E+00
 1.4252E+02  1.3924E-03  5.8465E-01 -5.7962E-03 -4.8680E+00  1.0000E+00
 1.4361E+02  1.3915E-03  5.7983E-01 -5.7609E-03 -4.8015E+00  1.0000E+00
 1.4471E+02  1.3908E-03  5.7513E-01 -5.7255E-03 -4.7358E+00  1.0000E+00
 1.4582E+02  1.3903E-03  5.7054E-01 -5.6902E-03 -4.6708E+00  1.0000E+00
 1.4693E+02  1.3900E-03  5.6607E-01 -5.6548E-03 -4.6065E+00  1.0000E+00
 1.4806E+02  1.3898E-03  5.6171E-01 -5.6194E-03 -4.5429E+00  1.0000E+00
 1.4919E+02  1.3899E-03  5.5746E-01 -5.5841E-03 -4.4800E+00  1.0000E+00
 1.5033E+02  1.3901E-03  5.5331E-01 -5.5487E-03 -4.4178E+00  1.0000E+00
 1.5149E+02  1.3905E-03  5.4926E-01 -5.5134E-03 -4.3562E+00  1.0000E+00
 1.5265E+02  1.3911E-03  5.4531E-01 -5.4780E-03 -4.2954E+00  1.0000E+00
 1.5381E+02  1.3918E-03  5.4146E-01 -5.4426E-03 -4.2353E+00  1.0000E+00
 1.5499E+02  1.3928E-03  5.3770E-01 -5.4073E-03 -4.1758E+00  1.0000E+00
 1.5618E+02  1.3939E-03  5.3404E-01 -5.3719E-03 -4.1169E+00  1.0000E+00
 1.5738E+02  1.3951E-03  5.3046E-01 -5.3366E-03 -4.0587E+00  1.0000E+00
 1.5858E+02  1.3966E-03  5.2697E-01 -5.3012E-03 -4.0012E+00  1.0000E+00
 1.5980E+02  1.3982E-03  5.2356E-01 -5.2658E-03 -3.9443E+00  1.0000E+00
 1.6102E+02  1.3999E-03  5.2024E-01 -5.2305E-03 -3.8880E+00  1.0000E+00
 1.6225E+02  1.4018E-03  5.1699E-01 -5.1951E-03 -3.8324E+00  1.0000E+00
 1.6349E+02  1.4039E-03  5.1382E-01 -5.1598E-03 -3.7774E+00  1.0000E+00
 1.6475E+02  1.4062E-03  5.1073E-01 -5.1244E-03 -3.7230E+00  1.0000E+00
 1.6601E+02  1.4086E-03  5.0772E-01 -5.0890E-03 -3.6692E+00  1.0000E+00
 1.6728E+02  1.4111E-03  5.0477E-01 -5.0537E-03 -3.6160E+00  1.0000E+00
 1.6856E+02  1.4139E-03  5.0190E-01 -5.0183E-03 -3.5634E+00  1.0000E+00
 1.6985E+02  1.4167E-03  4.9910E-01 -4.9830E-03 -3.5114E+00  1.0000E+00
 1.7115E+02  1.4197E-03  4.9636E-01 -4.9476E-03 -3.4600E+00  1.0000E+00
 1.7246E+02  1.4229E-03  4.9369E-01 -4.9122E-03 -3.4092E+00  1.0000E+00
 1.7378E+02  1.4262E-03  4.9108E-01 -4.8769E-03 -3.3589E+00  1.0000E+00
 1.7511E+02  1.4297E-03  4.8854E-01 -4.8415E-03 -3.3092E+00  1.0000E+00
 1.7646E+02  1.4334E-03  4.8605E-01 -4.8062E-03 -3.2601E+00  1.0000E+00
 1.7781E+02  1.4371E-03  4.8363E-01 -4.7708E-03 -3.2115E+00  1.0000E+00
 1.7917E+02  1.4411E-03  4.8126E-01 -4.7354E-03 -3.1635E+00  1.0000E+00
 1.8054E+02  1.4451E-03  4.7895E-01 -4.7001E-03 -3.1160E+00  1.0000E+00
 1.8192E+02  1.4493E-03  4.7670E-01 -4.6647E-03 -3.0690E+00  1.0000E+00
 1.8332E+02  1.4537E-03  4.7450E-01 -4.6293E-03 -3.0226E+00  1.0000E+00
 1.8472E+02  1.4582E-03  4.7235E-01 -4.5940E-03 -2.9767E+00  1.0000E+00
 1.8614E+02  1.4629E-03  4.7026E-01 -4.5586E-03 -2.9314E+00  1.0000E+00
 1.8756E+02  1.4677E-03  4.6821E-01 -4.5233E-03 -2.8865E+00  1.0000E+00
 1.8900E+02  1.4726E-03  4.6622E-01 -4.4879E-03 -2.8422E+00  1.0000E+00
 1.9045E+02  1.4777E-03  4.6427E-01 -4.4525E-03 -2.7984E+00  1.0000E+00
 1.9190E+02  1.4829E-03  4.6237E-01 -4.4172E-03 -2.7550E+00  1.0000E+00
 1.9337E+02  1.4883E-03  4.6051E-01 -4.3818E-03 -2.7122E+00  1.0000E+00
 1.9485E+02  1.4938E-03  4.5870E-01 -4.3465E-03 -2.6699E+00  1.0000E+00
 1.9635E+02  1.4994E-03  4.5693E-01 -4.3111E-03 -2.6280E+00  1.0000E+00
 1.9785E+02  1.5051E-03  4.5519E-01 -4.2757E-03 -2.5867E+00  1.0000E+00
 1.9937E+02  1.5110E-03  4.5349E-01 -4.2404E-03 -2.5458E+00  1.0000E+00
 2.0089E+02  1.5170E-03  4.5183E-01 -4.2050E-03 -2.5054E+00  1.0000E+00
 2.0243E+02  1.5231E-03  4.5021E-01 -4.1696E-03 -2.4654E+00  1.0000E+00
 2.0398E+02  1.5294E-03  4.4863E-01 -4.1343E-03 -2.4259E+00  1.0000E+00
 2.0554E+02  1.5358E-03  4.4708E-01 -4.0989E-03 -2.3869E+00  1.0000E+00
 2.0712E+02  1.5423E-03  4.4557E-01 -4.0636E-03 -2.3483E+00  1.0000E+00
 2.0870E+02  1.5490E-03  4.4409E-01 -4.0282E-03 -2.3102E+00  1.0000E+00
 2.1030E+02  1.5558E-03  4.4264E-01 -3.9928E-03 -2.2725E+00  1.0000E+00
 2.1191E+02  1.5627E-03  4.4123E-01 -3.9575E-03 -2.2353E+00  1.0000E+00
 2.1354E+02  1.5697E-03  4.3985E-01 -3.9221E-03 -2.1985E+00  1.0000E+00
 2.1517E+02  1.5769E-03  4.3851E-01 -3.8867E-03 -2.1621E+00  1.0000E+00
 2.1682E+02  1.5842E-03  4.3719E-01 -3.8514E-03 -2.1261E+00  1.0000E+00
 2.1848E+02  1.5917E-03  4.3591E-01 -3.8160E-03 -2.0906E+00  1.0000E+00
 2.2015E+02  1.5993E-03  4.3466E-01 -3.7807E-03 -2.0555E+00  1.0000E+00
 2.2184E+02  1.6070E-03  4.3344E-01 -3.7453E-03 -2.0208E+00  1.0000E+00
 2.2354E+02  1.6149E-03  4.3225E-01 -3.7099E-03 -1.9865E+00  1.0000E+00
 2.2525E+02  1.6228E-03  4.3108E-01 -3.6746E-03 -1.9526E+00  1.0000E+00
 2.2697E+02  1.6310E-03  4.2995E-01 -3.6392E-03 -1.9191E+00  1.0000E+00
 2.2871E+02  1.6392E-03  4.2885E-01 -3.6038E-03 -1.8860E+00  1.0000E+00
 2.3046E+02  1.6477E-03  4.2777E-01 -3.5685E-03 -1.8533E+00  1.0000E+00
 2.3223E+02  1.6562E-03  4.2672E-01 -3.5331E-03 -1.8210E+00  1.0000E+00
 2.3401E+02  1.6649E-03  4.2570E-01 -3.4978E-03 -1.7891E+00  1.0000E+00
 2.3580E+02  1.6737E-03  4.2470E-01 -3.4624E-03 -1.7575E+00  1.0000E+00
 2.3761E+02  1.6827E-03  4.2373E-01 -3.4270E-03 -1.7264E+00  1.0000E+00
 2.3942E+02  1.6918E-03  4.2279E-01 -3.3917E-03 -1.6956E+00  1.0000E+00
 2.4126E+02  1.7011E-03  4.2187E-01 -3.3563E-03 -1.6651E+00  1.0000E+00
 2.4311E+02  1.7105E-03  4.2098E-01 -3.3209E-03 -1.6351E+00  1.0000E+00
 2.4497E+02  1.7200E-03  4.2011E-01 -3.2856E-03 -1.6053E+00  1.0000E+00
 2.4684E+02  1.7297E-03  4.1926E-01 -3.2502E-03 -1.5760E+00  1.0000E+00
 2.4873E+02  1.7395E-03  4.1844E-01 -3.2148E-03 -1.5470E+00  1.0000E+00
 2.5064E+02  1.7495E-03  4.1765E-01 -3.1795E-03 -1.5184E+00  1.0000E+00
 2.5256E+02  1.7597E-03  4.1687E-01 -3.1441E-03 -1.4901E+00  1.0000E+00
 2.5449E+02  1.7700E-03  4.1612E-01 -3.1087E-03 -1.4621E+00  1.0000E+00
 2.5644E+02  1.7804E-03  4.1540E-01 -3.0734E-03 -1.4345E+00  1.0000E+00
 2.5841E+02  1.7910E-03  4.1469E-01 -3.0380E-03 -1.4072E+00  1.0000E+00
 2.6038E+02  1.8017E-03  4.1401E-01 -3.0026E-03 -1.3802E+00  1.0000E+00
 2.6238E+02  1.8126E-03  4.1334E-01 -2.9673E-03 -1.3536E+00  1.0000E+00
 2.6439E+02  1.8237E-03  4.1270E-01 -2.9319E-03 -1.3273E+00  1.0000E+00
 2.6641E+02  1.8349E-03  4.1208E-01 -2.8966E-03 -1.3013E+00  1.0000E+00
 2.6845E+02  1.8463E-03  4.1148E-01 -2.8612E-03 -1.2757E+00  1.0000E+00
 2.7051E+02  1.8578E-03  4.1090E-01 -2.8258E-03 -1.2503E+00  1.0000E+00
 2.7258E+02  1.8695E-03  4.1034E-01 -2.7905E-03 -1.2253E+00  1.0000E+00
 2.7467E+02  1.8813E-03  4.0980E-01 -2.7551E-03 -1.2006E+00  1.0000E+00
 2.7677E+02  1.8933E-03  4.0928E-01 -2.7197E-03 -1.1762E+00  1.0000E+00
 2.7889E+02  1.9055E-03  4.0878E-01 -2.6843E-03 -1.1521E+00  1.0000E+00
 2.8103E+02  1.9178E-03  4.0830E-01 -2.6490E-03 -1.1282E+00  1.0000E+00
 2.8318E+02  1.9303E-03  4.0784E-01 -2.6136E-03 -1.1047E+00  1.0000E+00
 2.8535E+02  1.9430E-03  4.0739E-01 -2.5782E-03 -1.0815E+00  1.0000E+00
 2.8753E+02  1.9558E-03  4.0697E-01 -2.5429E-03 -1.0585E+00  1.0000E+00
 2.8974E+02  1.9688E-03  4.0656E-01 -2.5075E-03 -1.0359E+00  1.0000E+00
 2.9195E+02  1.9820E-03  4.0617E-01 -2.4721E-03 -1.0135E+00  1.0000E+00
 2.9419E+02  1.9953E-03  4.0580E-01 -2.4368E-03 -9.9141E-01  1.0000E+00
 2.9644E+02  2.0089E-03  4.0544E-01 -2.4014E-03 -9.6960E-01  1.0000E+00
 2.9871E+02  2.0225E-03  4.0509E-01 -2.3660E-03 -9.4806E-01  1.0000E+00
 3.0100E+02  2.0363E-03  4.0475E-01 -2.3307E-03 -9.2679E-01  1.0000E+00
 3.0331E+02  2.0502E-03  4.0441E-01 -2.2953E-03 -9.0578E-01  1.0000E+00
 3.0563E+02  2.0642E-03  4.0408E-01 -2.2599E-03 -8.8505E-01  1.0000E+00
 3.0797E+02  2.0783E-03  4.0376E-01 -2.2246E-03 -8.6458E-01  1.0000E+00
 3.1033E+02  2.0926E-03  4.0344E-01 -2.1892E-03 -8.4436E-01  1.0000E+00
 3.1271E+02  2.1070E-03  4.0312E-01 -2.1538E-03 -8.2441E-01  1.0000E+00
 3.1510E+02  2.1215E-03  4.0281E-01 -2.1184E-03 -8.0470E-01  1.0000E+00
 3.1751E+02  2.1361E-03  4.0250E-01 -2.0831E-03 -7.8525E-01  1.0000E+00
 3.1994E+02  2.1509E-03  4.0220E-01 -2.0477E-03 -7.6605E-01  1.0000E+00
 3.2240E+02  2.1657E-03  4.0190E-01 -2.0123E-03 -7.4710E-01  1.0000E+00
 3.2486E+02  2.1807E-03  4.0161E-01 -1.9770E-03 -7.2839E-01  1.0000E+00
 3.2735E+02  2.1958E-03  4.0132E-01 -1.9416E-03 -7.0992E-01  1.0000E+00
 3.2986E+02  2.2111E-03  4.0103E-01 -1.9062E-03 -6.9169E-01  1.0000E+00
 3.3239E+02  2.2264E-03  4.0074E-01 -1.8708E-03 -6.7369E-01  1.0000E+00
 3.3493E+02  2.2419E-03  4.0046E-01 -1.8355E-03 -6.5593E-01  1.0000E+00
 3.3750E+02  2.2575E-03  4.0017E-01 -1.8001E-03 -6.3840E-01  1.0000E+00
 3.4008E+02  2.2731E-03  3.9989E-01 -1.7647E-03 -6.2110E-01  1.0000E+00
 3.4268E+02  2.2890E-03  3.9961E-01 -1.7293E-03 -6.0402E-01  1.0000E+00
 3.4531E+02  2.3049E-03  3.9933E-01 -1.6940E-03 -5.8717E-01  1.0000E+00
 3.4795E+02  2.3209E-03  3.9906E-01 -1.6586E-03 -5.7054E-01  1.0000E+00
 3.5062E+02  2.3371E-03  3.9878E-01 -1.6232E-03 -5.5413E-01  1.0000E+00
 3.5330E+02  2.3533E-03  3.9850E-01 -1.5878E-03 -5.3793E-01  1.0000E+00
 3.5601E+02  2.3697E-03  3.9822E-01 -1.5525E-03 -5.2195E-01  1.0000E+00
 3.5874E+02  2.3862E-03  3.9794E-01 -1.5171E-03 -5.0618E-01  1.0000E+00
 3.6148E+02  2.4028E-03  3.9767E-01 -1.4817E-03 -4.9062E-01  1.0000E+00
 3.6425E+02  2.4195E-03  3.9739E-01 -1.4463E-03 -4.7527E-01  1.0000E+00
 3.6704E+02  2.4363E-03  3.9710E-01 -1.4110E-03 -4.6012E-01  1.0000E+00
 3.6985E+02  2.4532E-03  3.9682E-01 -1.3756E-03 -4.4517E-01  1.0000E+00
 3.7268E+02  2.4702E-03  3.9654E-01 -1.3402E-03 -4.3043E-01  1.0000E+00
 3.7554E+02  2.4874E-03  3.9625E-01 -1.3048E-03 -4.1588E-01  1.0000E+00
 3.7841E+02  2.5046E-03  3.9596E-01 -1.2694E-03 -4.0153E-01  1.0000E+00
 3.8131E+02  2.5219E-03  3.9567E-01 -1.2341E-03 -3.8737E-01  1.0000E+00
 3.8423E+02  2.5393E-03  3.9537E-01 -1.1987E-03 -3.7341E-01  1.0000E+00
 3.8718E+02  2.5569E-03  3.9507E-01 -1.1633E-03 -3.5963E-01  1.0000E+00
 3.9014E+02  2.5745E-03  3.9477E-01 -1.1279E-03 -3.4604E-01  1.0000E+00
 3.9313E+02  2.5922E-03  3.9447E-01 -1.0925E-03 -3.3264E-01  1.0000E+00
 3.9614E+02  2.6100E-03  3.9416E-01 -1.0572E-03 -3.1942E-01  1.0000E+00
 3.9917E+02  2.6279E-03  3.9384E-01 -1.0218E-03 -3.0638E-01  1.0000E+00
 4.0223E+02  2.6459E-03  3.9353E-01 -9.8640E-04 -2.9353E-01  1.0000E+00
 4.0531E+02  2.6640E-03  3.9320E-01 -9.5102E-04 -2.8085E-01  1.0000E+00
 4.0841E+02  2.6822E-03  3.9288E-01 -9.1564E-04 -2.6834E-01  1.0000E+00
 4.1154E+02  2.7004E-03  3.9254E-01 -8.8026E-04 -2.5601E-01  1.0000E+00
 4.1469E+02  2.7188E-03  3.9220E-01 -8.4487E-04 -2.4385E-01  1.0000E+00
 4.1787E+02  2.7372E-03  3.9186E-01 -8.0949E-04 -2.3187E-01  1.0000E+00
 4.2107E+02  2.7557E-03  3.9151E-01 -7.7410E-04 -2.2005E-01  1.0000E+00
 4.2429E+02  2.7743E-03  3.9115E-01 -7.3872E-04 -2.0839E-01  1.0000E+00
 4.2754E+02  2.7929E-03  3.9079E-01 -7.0333E-04 -1.9690E-01  1.0000E+00
 4.3082E+02  2.8117E-03  3.9042E-01 -6.6795E-04 -1.8557E-01  1.0000E+00
 4.3412E+02  2.8305E-03  3.9004E-01 -6.3256E-04 -1.7441E-01  1.0000E+00
 4.3744E+02  2.8494E-03  3.8966E-01 -5.9717E-04 -1.6340E-01  1.0000E+00
 4.4079E+02  2.8683E-03  3.8927E-01 -5.6178E-04 -1.5255E-01  1.0000E+00
 4.4417E+02  2.8873E-03  3.8887E-01 -5.2640E-04 -1.4185E-01  1.0000E+00
 4.4757E+02  2.9064E-03  3.8846E-01 -4.9101E-04 -1.3131E-01  1.0000E+00
 4.5100E+02  2.9255E-03  3.8804E-01 -4.5562E-04 -1.2092E-01  1.0000E+00
 4.5445E+02  2.9447E-03  3.8762E-01 -4.2023E-04 -1.1068E-01  1.0000E+00
 4.5793E+02  2.9640E-03  3.8719E-01 -3.8484E-04 -1.0059E-01  1.0000E+00
 4.6144E+02  2.9833E-03  3.8675E-01 -3.4945E-04 -9.0643E-02  1.0000E+00
 4.6497E+02  3.0026E-03  3.8630E-01 -3.1405E-04 -8.0844E-02  1.0000E+00
 4.6853E+02  3.0220E-03  3.8584E-01 -2.7866E-04 -7.1188E-02  1.0000E+00
 4.7212E+02  3.0415E-03  3.8537E-01 -2.4327E-04 -6.1674E-02  1.0000E+00
 4.7574E+02  3.0610E-03  3.8489E-01 -2.0788E-04 -5.2300E-02  1.0000E+00
 4.7938E+02  3.0806E-03  3.8440E-01 -1.7248E-04 -4.3066E-02  1.0000E+00
 4.8305E+02  3.1002E-03  3.8391E-01 -1.3709E-04 -3.3968E-02  1.0000E+00
 4.8675E+02  3.1198E-03  3.8340E-01 -1.0169E-04 -2.5006E-02  1.0000E+00
 4.9048E+02  3.1395E-03  3.8289E-01 -6.6296E-05 -1.6178E-02  1.0000E+00
 4.9424E+02  3.1593E-03  3.8237E-01 -3.0899E-05 -7.4832E-03  1.0000E+00
 4.9802E+02  3.1791E-03  3.8184E-01  4.4977E-06  1.0810E-03  1.0000E+00
 5.0183E+02  3.1989E-03  3.8130E-01  3.9896E-05  9.5155E-03  1.0000E+00
 5.0568E+02  3.2188E-03  3.8075E-01  7.5294E-05  1.7822E-02  1.0000E+00
 5.0955E+02  3.2387E-03  3.8020E-01  1.1069E-04  2.6002E-02  1.0000E+00
 5.1345E+02  3.2587E-03  3.7963E-01  1.4609E-04  3.4056E-02  1.0000E+00
 5.1738E+02  3.2787E-03  3.7906E-01  1.8149E-04  4.1987E-02  1.0000E+00
 5.2135E+02  3.2987E-03  3.7848E-01  2.1689E-04  4.9796E-02  1.0000E+00
 5.2534E+02  3.3188E-03  3.7789E-01  2.5230E-04  5.7483E-02  1.0000E+00
 5.2936E+02  3.3389E-03  3.7729E-01  2.8770E-04  6.5051E-02  1.0000E+00
 5.3342E+02  3.3591E-03  3.7668E-01  3.2310E-04  7.2501E-02  1.0000E+00
 5.3750E+02  3.3793E-03  3.7606E-01  3.5851E-04  7.9834E-02  1.0000E+00
 5.4162E+02  3.3995E-03  3.7544E-01  3.9391E-04  8.7051E-02  1.0000E+00
 5.4577E+02  3.4198E-03  3.7480E-01  4.2932E-04  9.4154E-02  1.0000E+00
 5.4995E+02  3.4401E-03  3.7416E-01  4.6472E-04  1.0114E-01  1.0000E+00
 5.5416E+02  3.4604E-03  3.7351E-01  5.0013E-04  1.0802E-01  1.0000E+00
 5.5840E+02  3.4808E-03  3.7286E-01  5.3554E-04  1.1479E-01  1.0000E+00
 5.6268E+02  3.5012E-03  3.7219E-01  5.7095E-04  1.2145E-01  1.0000E+00
 5.6699E+02  3.5217E-03  3.7152E-01  6.0636E-04  1.2800E-01  1.0000E+00
 5.7133E+02  3.5421E-03  3.7083E-01  6.4177E-04  1.3445E-01  1.0000E+00
 5.7571E+02  3.5626E-03  3.7014E-01  6.7718E-04  1.4079E-01  1.0000E+00
 5.8011E+02  3.5832E-03  3.6944E-01  7.1259E-04  1.4703E-01  1.0000E+00
 5.8456E+02  3.6037E-03  3.6874E-01  7.4801E-04  1.5316E-01  1.0000E+00
 5.8903E+02  3.6243E-03  3.6802E-01  7.8342E-04  1.5919E-01  1.0000E+00
 5.9354E+02  3.6449E-03  3.6730E-01  8.1883E-04  1.6512E-01  1.0000E+00
 5.9809E+02  3.6655E-03  3.6657E-01  8.5425E-04  1.7096E-01  1.0000E+00
 6.0267E+02  3.6862E-03  3.6583E-01  8.8967E-04  1.7669E-01  1.0000E+00
 6.0729E+02  3.7068E-03  3.6509E-01  9.2508E-04  1.8233E-01  1.0000E+00
 6.1194E+02  3.7275E-03  3.6433E-01  9.6050E-04  1.8787E-01  1.0000E+00
 6.1662E+02  3.7483E-03  3.6357E-01  9.9592E-04  1.9332E-01  1.0000E+00
 6.2135E+02  3.7690E-03  3.6280E-01  1.0313E-03  1.9867E-01  1.0000E+00
 6.2610E+02  3.7897E-03  3.6203E-01  1.0668E-03  2.0393E-01  1.0000E+00
 6.3090E+02  3.8105E-03  3.6124E-01  1.1022E-03  2.0910E-01  1.0000E+00
 6.3573E+02  3.8313E-03  3.6045E-01  1.1376E-03  2.1418E-01  1.0000E+00
 6.4060E+02  3.8521E-03  3.5965E-01  1.1730E-03  2.1918E-01  1.0000E+00
 6.4551E+02  3.8729E-03  3.5884E-01  1.2085E-03  2.2408E-01  1.0000E+00
 6.5045E+02  3.8937E-03  3.5803E-01  1.2439E-03  2.2889E-01  1.0000E+00
 6.5543E+02  3.9146E-03  3.5721E-01  1.2793E-03  2.3362E-01  1.0000E+00
 6.6045E+02  3.9354E-03  3.5638E-01  1.3147E-03  2.3827E-01  1.0000E+00
 6.6551E+02  3.9563E-03  3.5554E-01  1.3502E-03  2.4283E-01  1.0000E+00
 6.7060E+02  3.9771E-03  3.5470E-01  1.3856E-03  2.4731E-01  1.0000E+00
 6.7574E+02  3.9980E-03  3.5385E-01  1.4210E-03  2.5171E-01  1.0000E+00
 6.8092E+02  4.0189E-03  3.5299E-01  1.4565E-03  2.5602E-01  1.0000E+00
 6.8613E+02  4.0398E-03  3.5213E-01  1.4919E-03  2.6026E-01  1.0000E+00
 6.9138E+02  4.0607E-03  3.5126E-01  1.5273E-03  2.6441E-01  1.0000E+00
 6.9668E+02  4.0816E-03  3.5038E-01  1.5628E-03  2.6849E-01  1.0000E+00
 7.0201E+02  4.1024E-03  3.4949E-01  1.5982E-03  2.7249E-01  1.0000E+00
 7.0739E+02  4.1233E-03  3.4860E-01  1.6336E-03  2.7642E-01  1.0000E+00
 7.1281E+02  4.1442E-03  3.4770E-01  1.6691E-03  2.8027E-01  1.0000E+00
 7.1827E+02  4.1651E-03  3.4680E-01  1.7045E-03  2.8404E-01  1.0000E+00
 7.2377E+02  4.1860E-03  3.4589E-01  1.7400E-03  2.8775E-01  1.0000E+00
 7.2931E+02  4.2071E-03  3.4499E-01  1.7754E-03  2.9138E-01  1.0000E+00
 7.3490E+02  4.2283E-03  3.4409E-01  1.8109E-03  2.9494E-01  1.0000E+00
 7.4052E+02  4.2496E-03  3.4319E-01  1.8463E-03  2.9842E-01  1.0000E+00
 7.4620E+02  4.2711E-03  3.4230E-01  1.8818E-03  3.0184E-01  1.0000E+00
 7.5191E+02  4.2927E-03  3.4142E-01  1.9172E-03  3.0519E-01  1.0000E+00
 7.5767E+02  4.3144E-03  3.4053E-01  1.9527E-03  3.0847E-01  1.0000E+00
 7.6347E+02  4.3362E-03  3.3965E-01  1.9881E-03  3.1168E-01  1.0000E+00
 7.6932E+02  4.3582E-03  3.3878E-01  2.0236E-03  3.1483E-01  1.0000E+00
 7.7521E+02  4.3803E-03  3.3791E-01  2.0590E-03  3.1791E-01  1.0000E+00
 7.8115E+02  4.4025E-03  3.3704E-01  2.0945E-03  3.2093E-01  1.0000E+00
 7.8713E+02  4.4248E-03  3.3617E-01  2.1299E-03  3.2388E-01  1.0000E+00
 7.9316E+02  4.4473E-03  3.3531E-01  2.1654E-03  3.2677E-01  1.0000E+00
 7.9923E+02  4.4699E-03  3.3444E-01  2.2008E-03  3.2960E-01  1.0000E+00
 8.0535E+02  4.4925E-03  3.3359E-01  2.2363E-03  3.3236E-01  1.0000E+00
 8.1152E+02  4.5154E-03  3.3273E-01  2.2718E-03  3.3507E-01  1.0000E+00
 8.1774E+02  4.5383E-03  3.3187E-01  2.3072E-03  3.3771E-01  1.0000E+00
 8.2400E+02  4.5613E-03  3.3102E-01  2.3427E-03  3.4030E-01  1.0000E+00
 8.3031E+02  4.5845E-03  3.3017E-01  2.3782E-03  3.4282E-01  1.0000E+00
 8.3667E+02  4.6077E-03  3.2932E-01  2.4136E-03  3.4529E-01  1.0000E+00
 8.4307E+02  4.6311E-03  3.2847E-01  2.4491E-03  3.4770E-01  1.0000E+00
 8.4953E+02  4.6545E-03  3.2763E-01  2.4846E-03  3.5006E-01  1.0000E+00
 8.5604E+02  4.6781E-03  3.2678E-01  2.5200E-03  3.5236E-01  1.0000E+00
 8.6259E+02  4.7018E-03  3.2594E-01  2.5555E-03  3.5460E-01  1.0000E+00
 8.6920E+02  4.7255E-03  3.2509E-01  2.5910E-03  3.5679E-01  1.0000E+00
 8.7586E+02  4.7494E-03  3.2425E-01  2.6265E-03  3.5893E-01  1.0000E+00
 8.8256E+02  4.7734E-03  3.2340E-01  2.6620E-03  3.6101E-01  1.0000E+00
 8.8932E+02  4.7974E-03  3.2256E-01  2.6974E-03  3.6305E-01  1.0000E+00
 8.9613E+02  4.8215E-03  3.2172E-01  2.7329E-03  3.6503E-01  1.0000E+00
 9.0300E+02  4.8458E-03  3.2088E-01  2.7684E-03  3.6696E-01  1.0000E+00
 9.0991E+02  4.8701E-03  3.2003E-01  2.8039E-03  3.6883E-01  1.0000E+00
 9.1688E+02  4.8945E-03  3.1919E-01  2.8394E-03  3.7066E-01  1.0000E+00
 9.2390E+02  4.9190E-03  3.1835E-01  2.8749E-03  3.7245E-01  1.0000E+00
 9.3098E+02  4.9435E-03  3.1750E-01  2.9104E-03  3.7418E-01  1.0000E+00
 9.3811E+02  4.9682E-03  3.1666E-01  2.9459E-03  3.7586E-01  1.0000E+00
 9.4529E+02  4.9929E-03  3.1581E-01  2.9814E-03  3.7750E-01  1.0000E+00
 9.5253E+02  5.0177E-03  3.1496E-01  3.0169E-03  3.7909E-01  1.0000E+00
 9.5983E+02  5.0425E-03  3.1412E-01  3.0524E-03  3.8064E-01  1.0000E+00
 9.6718E+02  5.0675E-03  3.1327E-01  3.0879E-03  3.8214E-01  1.0000E+00
 9.7458E+02  5.0924E-03  3.1242E-01  3.1234E-03  3.8359E-01  1.0000E+00
 9.8205E+02  5.1175E-03  3.1157E-01  3.1589E-03  3.8501E-01  1.0000E+00
 9.8957E+02  5.1426E-03  3.1071E-01  3.1944E-03  3.8638E-01  1.0000E+00
 9.9715E+02  5.1677E-03  3.0986E-01  3.2299E-03  3.8770E-01  1.0000E+00
 1.0048E+03  5.1930E-03  3.0900E-01  3.2654E-03  3.8899E-01  1.0000E+00
 1.0125E+03  5.2182E-03  3.0814E-01  3.3009E-03  3.9023E-01  1.0000E+00
 1.0202E+03  5.2435E-03  3.0728E-01  3.3364E-03  3.9143E-01  1.0000E+00
 1.0280E+03  5.2689E-03  3.0642E-01  3.3719E-03  3.9259E-01  1.0000E+00
 1.0359E+03  5.2943E-03  3.0555E-01  3.4075E-03  3.9371E-01  1.0000E+00
 1.0439E+03  5.3197E-03  3.0468E-01  3.4430E-03  3.9479E-01  1.0000E+00
 1.0518E+03  5.3452E-03  3.0381E-01  3.4785E-03  3.9583E-01  1.0000E+00
 1.0599E+03  5.3707E-03  3.0294E-01  3.5140E-03  3.9684E-01  1.0000E+00
 1.0680E+03  5.3962E-03  3.0206E-01  3.5496E-03  3.9780E-01  1.0000E+00
 1.0762E+03  5.4217E-03  3.0118E-01  3.5851E-03  3.9873E-01  1.0000E+00
 1.0844E+03  5.4473E-03  3.0030E-01  3.6206E-03  3.9962E-01  1.0000E+00
 1.0927E+03  5.4729E-03  2.9942E-01  3.6562E-03  4.0048E-01  1.0000E+00
 1.1011E+03  5.4985E-03  2.9853E-01  3.6917E-03  4.0130E-01  1.0000E+00
 1.1095E+03  5.5241E-03  2.9764E-01  3.7273E-03  4.0208E-01  1.0000E+00
 1.1180E+03  5.5497E-03  2.9674E-01  3.7628E-03  4.0283E-01  1.0000E+00
 1.1266E+03  5.5729E-03  2.9571E-01  3.7983E-03  4.0355E-01  1.0000E+00
 1.1352E+03  5.5947E-03  2.9461E-01  3.8339E-03  4.0423E-01  1.0000E+00
 1.1439E+03  5.6166E-03  2.9352E-01  3.8694E-03  4.0487E-01  1.0000E+00
 1.1527E+03  5.6386E-03  2.9243E-01  3.9050E-03  4.0549E-01  1.0000E+00
 1.1615E+03  5.6608E-03  2.9134E-01  3.9406E-03  4.0607E-01  1.0000E+00
 1.1704E+03  5.6830E-03  2.9026E-01  3.9761E-03  4.0662E-01  1.0000E+00
 1.1794E+03  5.7054E-03  2.8919E-01  4.0117E-03  4.0714E-01  1.0000E+00
 1.1884E+03  5.7279E-03  2.8812E-01  4.0472E-03  4.0763E-01  1.0000E+00
 1.1975E+03  5.7504E-03  2.8705E-01  4.0828E-03  4.0808E-01  1.0000E+00
 1.2067E+03  5.7731E-03  2.8599E-01  4.1184E-03  4.0851E-01  1.0000E+00
 1.2159E+03  5.7959E-03  2.8493E-01  4.1539E-03  4.0891E-01  1.0000E+00
 1.2252E+03  5.8188E-03  2.8388E-01  4.1895E-03  4.0928E-01  1.0000E+00
 1.2346E+03  5.8418E-03  2.8284E-01  4.2251E-03  4.0961E-01  1.0000E+00
 1.2441E+03  5.8649E-03  2.8179E-01  4.2607E-03  4.0992E-01  1.0000E+00
 1.2536E+03  5.8881E-03  2.8075E-01  4.2963E-03  4.1021E-01  1.0000E+00
 1.2632E+03  5.9114E-03  2.7972E-01  4.3318E-03  4.1046E-01  1.0000E+00
 1.2729E+03  5.9348E-03  2.7869E-01  4.3674E-03  4.1069E-01  1.0000E+00
 1.2826E+03  5.9583E-03  2.7767E-01  4.4030E-03  4.1089E-01  1.0000E+00
 1.2924E+03  5.9819E-03  2.7664E-01  4.4386E-03  4.1106E-01  1.0000E+00
 1.3023E+03  6.0056E-03  2.7563E-01  4.4742E-03  4.1121E-01  1.0000E+00
 1.3123E+03  6.0294E-03  2.7461E-01  4.5098E-03  4.1133E-01  1.0000E+00
 1.3224E+03  6.0533E-03  2.7360E-01  4.5454E-03  4.1143E-01  1.0000E+00
 1.3325E+03  6.0772E-03  2.7260E-01  4.5810E-03  4.1150E-01  1.0000E+00
 1.3427E+03  6.1013E-03  2.7159E-01  4.6166E-03  4.1155E-01  1.0000E+00
 1.3530E+03  6.1255E-03  2.7059E-01  4.6523E-03  4.1157E-01  1.0000E+00
 1.3633E+03  6.1498E-03  2.6960E-01  4.6879E-03  4.1157E-01  1.0000E+00
 1.3738E+03  6.1741E-03  2.6861E-01  4.7235E-03  4.1154E-01  1.0000E+00
 1.3843E+03  6.1986E-03  2.6762E-01  4.7591E-03  4.1150E-01  1.0000E+00
 1.3949E+03  6.2231E-03  2.6663E-01  4.7947E-03  4.1143E-01  1.0000E+00
 1.4056E+03  6.2477E-03  2.6565E-01  4.8304E-03  4.1133E-01  1.0000E+00
 1.4164E+03  6.2725E-03  2.6467E-01  4.8660E-03  4.1122E-01  1.0000E+00
 1.4272E+03  6.2973E-03  2.6370E-01  4.9016E-03  4.1108E-01  1.0000E+00
 1.4381E+03  6.3222E-03  2.6273E-01  4.9373E-03  4.1092E-01  1.0000E+00
 1.4491E+03  6.3472E-03  2.6176E-01  4.9729E-03  4.1074E-01  1.0000E+00
 1.4602E+03  6.3723E-03  2.6079E-01  5.0086E-03  4.1054E-01  1.0000E+00
 1.4714E+03  6.3974E-03  2.5983E-01  5.0442E-03  4.1032E-01  1.0000E+00
 1.4827E+03  6.4227E-03  2.5887E-01  5.0799E-03  4.1008E-01  1.0000E+00
 1.4940E+03  6.4480E-03  2.5791E-01  5.1155E-03  4.0982E-01  1.0000E+00
 1.5055E+03  6.4734E-03  2.5696E-01  5.1512E-03  4.0954E-01  1.0000E+00
 1.5170E+03  6.4989E-03  2.5601E-01  5.1869E-03  4.0925E-01  1.0000E+00
 1.5286E+03  6.5245E-03  2.5506E-01  5.2225E-03  4.0893E-01  1.0000E+00
 1.5403E+03  6.5502E-03  2.5411E-01  5.2582E-03  4.0859E-01  1.0000E+00
 1.5521E+03  6.5759E-03  2.5317E-01  5.2939E-03  4.0824E-01  1.0000E+00
 1.5640E+03  6.6018E-03  2.5223E-01  5.3296E-03  4.0787E-01  1.0000E+00
 1.5760E+03  6.6277E-03  2.5129E-01  5.3653E-03  4.0748E-01  1.0000E+00
 1.5881E+03  6.6537E-03  2.5036E-01  5.4009E-03  4.0707E-01  1.0000E+00
 1.6002E+03  6.6798E-03  2.4943E-01  5.4366E-03  4.0665E-01  1.0000E+00
 1.6125E+03  6.7059E-03  2.4850E-01  5.4723E-03  4.0621E-01  1.0000E+00
 1.6248E+03  6.7322E-03  2.4757E-01  5.5080E-03  4.0575E-01  1.0000E+00
 1.6373E+03  6.7585E-03  2.4665E-01  5.5437E-03  4.0527E-01  1.0000E+00
 1.6498E+03  6.7849E-03  2.4572E-01  5.5795E-03  4.0479E-01  1.0000E+00
 1.6625E+03  6.8113E-03  2.4480E-01  5.6152E-03  4.0428E-01  1.0000E+00
 1.6752E+03  6.8379E-03  2.4389E-01  5.6509E-03  4.0376E-01  1.0000E+00
 1.6880E+03  6.8645E-03  2.4297E-01  5.6866E-03  4.0322E-01  1.0000E+00
 1.7009E+03  6.8912E-03  2.4206E-01  5.7223E-03  4.0267E-01  1.0000E+00
 1.7140E+03  6.9180E-03  2.4115E-01  5.7581E-03  4.0211E-01  1.0000E+00
 1.7271E+03  6.9448E-03  2.4024E-01  5.7938E-03  4.0153E-01  1.0000E+00
 1.7403E+03  6.9718E-03  2.3934E-01  5.8296E-03  4.0094E-01  1.0000E+00
 1.7537E+03  6.9988E-03  2.3844E-01  5.8653E-03  4.0033E-01  1.0000E+00
 1.7671E+03  7.0258E-03  2.3754E-01  5.9011E-03  3.9971E-01  1.0000E+00
 1.7806E+03  7.0530E-03  2.3664E-01  5.9368E-03  3.9907E-01  1.0000E+00
 1.7943E+03  7.0802E-03  2.3574E-01  5.9726E-03  3.9843E-01  1.0000E+00
 1.8080E+03  7.1075E-03  2.3485E-01  6.0083E-03  3.9777E-01  1.0000E+00
 1.8218E+03  7.1348E-03  2.3396E-01  6.0441E-03  3.9709E-01  1.0000E+00
 1.8358E+03  7.1622E-03  2.3307E-01  6.0799E-03  3.9641E-01  1.0000E+00
 1.8499E+03  7.1897E-03  2.3218E-01  6.1157E-03  3.9571E-01  1.0000E+00
 1.8640E+03  7.2173E-03  2.3130E-01  6.1514E-03  3.9500E-01  1.0000E+00
 1.8783E+03  7.2450E-03  2.3042E-01  6.1872E-03  3.9428E-01  1.0000E+00
 1.8927E+03  7.2727E-03  2.2954E-01  6.2230E-03  3.9355E-01  1.0000E+00
 1.9072E+03  7.3004E-03  2.2866E-01  6.2588E-03  3.9280E-01  1.0000E+00
 1.9218E+03  7.3283E-03  2.2778E-01  6.2946E-03  3.9205E-01  1.0000E+00
 1.9365E+03  7.3562E-03  2.2691E-01  6.3304E-03  3.9128E-01  1.0000E+00
 1.9513E+03  7.3842E-03  2.2604E-01  6.3663E-03  3.9050E-01  1.0000E+00
 1.9663E+03  7.4122E-03  2.2517E-01  6.4021E-03  3.8972E-01  1.0000E+00
 1.9813E+03  7.4403E-03  2.2430E-01  6.4379E-03  3.8892E-01  1.0000E+00
 1.9965E+03  7.4685E-03  2.2344E-01  6.4737E-03  3.8811E-01  1.0000E+00
 2.0118E+03  7.4967E-03  2.2258E-01  6.5096E-03  3.8729E-01  1.0000E+00
 2.0272E+03  7.5250E-03  2.2171E-01  6.5454E-03  3.8647E-01  1.0000E+00
 2.0427E+03  7.5534E-03  2.2086E-01  6.5813E-03  3.8563E-01  1.0000E+00
 2.0584E+03  7.5818E-03  2.2000E-01  6.6171E-03  3.8478E-01  1.0000E+00
 2.0741E+03  7.6103E-03  2.1914E-01  6.6530E-03  3.8393E-01  1.0000E+00
 2.0900E+03  7.6389E-03  2.1829E-01  6.6889E-03  3.8306E-01  1.0000E+00
 2.1060E+03  7.6675E-03  2.1744E-01  6.7247E-03  3.8219E-01  1.0000E+00
 2.1222E+03  7.6962E-03  2.1659E-01  6.7606E-03  3.8131E-01  1.0000E+00
 2.1384E+03  7.7250E-03  2.1575E-01  6.7965E-03  3.8042E-01  1.0000E+00
 2.1548E+03  7.7538E-03  2.1490E-01  6.8324E-03  3.7952E-01  1.0000E+00
 2.1713E+03  7.7826E-03  2.1406E-01  6.8683E-03  3.7862E-01  1.0000E+00
 2.1879E+03  7.8116E-03  2.1322E-01  6.9042E-03  3.7771E-01  1.0000E+00
 2.2047E+03  7.8406E-03  2.1238E-01  6.9401E-03  3.7678E-01  1.0000E+00
 2.2216E+03  7.8696E-03  2.1154E-01  6.9760E-03  3.7586E-01  1.0000E+00
 2.2386E+03  7.8987E-03  2.1071E-01  7.0119E-03  3.7492E-01  1.0000E+00
 2.2557E+03  7.9279E-03  2.0987E-01  7.0479E-03  3.7398E-01  1.0000E+00
 2.2730E+03  7.9571E-03  2.0904E-01  7.0838E-03  3.7303E-01  1.0000E+00
 2.2904E+03  7.9864E-03  2.0822E-01  7.1198E-03  3.7207E-01  1.0000E+00
 2.3079E+03  8.0158E-03  2.0739E-01  7.1557E-03  3.7111E-01  1.0000E+00
 2.3256E+03  8.0452E-03  2.0656E-01  7.1917E-03  3.7014E-01  1.0000E+00
 2.3434E+03  8.0746E-03  2.0574E-01  7.2276E-03  3.6916E-01  1.0000E+00
 2.3614E+03  8.1042E-03  2.0492E-01  7.2636E-03  3.6818E-01  1.0000E+00
 2.3794E+03  8.1337E-03  2.0410E-01  7.2996E-03  3.6719E-01  1.0000E+00
 2.3977E+03  8.1634E-03  2.0328E-01  7.3356E-03  3.6620E-01  1.0000E+00
 2.4160E+03  8.1931E-03  2.0247E-01  7.3716E-03  3.6520E-01  1.0000E+00
 2.4345E+03  8.2228E-03  2.0166E-01  7.4076E-03  3.6419E-01  1.0000E+00
 2.4532E+03  8.2526E-03  2.0085E-01  7.4436E-03  3.6318E-01  1.0000E+00
 2.4720E+03  8.2825E-03  2.0004E-01  7.4796E-03  3.6216E-01  1.0000E+00
 2.4909E+03  8.3124E-03  1.9923E-01  7.5156E-03  3.6114E-01  1.0000E+00
 2.5100E+03  8.3424E-03  1.9843E-01  7.5516E-03  3.6012E-01  1.0000E+00
 2.5292E+03  8.3724E-03  1.9762E-01  7.5877E-03  3.5908E-01  1.0000E+00
 2.5486E+03  8.4025E-03  1.9682E-01  7.6237E-03  3.5805E-01  1.0000E+00
 2.5681E+03  8.4326E-03  1.9602E-01  7.6598E-03  3.5701E-01  1.0000E+00
 2.5878E+03  8.4628E-03  1.9523E-01  7.6958E-03  3.5596E-01  1.0000E+00
 2.6076E+03  8.4930E-03  1.9443E-01  7.7319E-03  3.5491E-01  1.0000E+00
 2.6275E+03  8.5233E-03  1.9364E-01  7.7680E-03  3.5386E-01  1.0000E+00
 2.6477E+03  8.5537E-03  1.9285E-01  7.8040E-03  3.5280E-01  1.0000E+00
 2.6679E+03  8.5841E-03  1.9206E-01  7.8401E-03  3.5174E-01  1.0000E+00
 2.6884E+03  8.6145E-03  1.9127E-01  7.8762E-03  3.5067E-01  1.0000E+00
 2.7090E+03  8.6450E-03  1.9048E-01  7.9124E-03  3.4960E-01  1.0000E+00
 2.7297E+03  8.6756E-03  1.8970E-01  7.9485E-03  3.4853E-01  1.0000E+00
 2.7506E+03  8.7062E-03  1.8892E-01  7.9846E-03  3.4745E-01  1.0000E+00
 2.7717E+03  8.7369E-03  1.8814E-01  8.0207E-03  3.4637E-01  1.0000E+00
 2.7929E+03  8.7676E-03  1.8736E-01  8.0569E-03  3.4529E-01  1.0000E+00
 2.8143E+03  8.7983E-03  1.8659E-01  8.0930E-03  3.4420E-01  1.0000E+00
 2.8358E+03  8.8291E-03  1.8581E-01  8.1292E-03  3.4311E-01  1.0000E+00
 2.8576E+03  8.8600E-03  1.8504E-01  8.1654E-03  3.4202E-01  1.0000E+00
 2.8794E+03  8.8909E-03  1.8427E-01  8.2015E-03  3.4092E-01  1.0000E+00
 2.9015E+03  8.9219E-03  1.8350E-01  8.2377E-03  3.3983E-01  1.0000E+00
 2.9237E+03  8.9529E-03  1.8274E-01  8.2739E-03  3.3872E-01  1.0000E+00
 2.9461E+03  8.9840E-03  1.8197E-01  8.3101E-03  3.3762E-01  1.0000E+00
 2.9687E+03  9.0151E-03  1.8121E-01  8.3464E-03  3.3652E-01  1.0000E+00
 2.9914E+03  9.0462E-03  1.8045E-01  8.3826E-03  3.3541E-01  1.0000E+00
 3.0143E+03  9.0774E-03  1.7970E-01  8.4188E-03  3.3430E-01  1.0000E+00
 3.0374E+03  9.1087E-03  1.7894E-01  8.4551E-03  3.3319E-01  1.0000E+00
 3.0607E+03  9.1400E-03  1.7819E-01  8.4913E-03  3.3207E-01  1.0000E+00
 3.0841E+03  9.1714E-03  1.7743E-01  8.5276E-03  3.3095E-01  1.0000E+00
 3.1077E+03  9.2028E-03  1.7669E-01  8.5639E-03  3.2984E-01  1.0000E+00
 3.1315E+03  9.2342E-03  1.7594E-01  8.6002E-03  3.2872E-01  1.0000E+00
 3.1555E+03  9.2657E-03  1.7519E-01  8.6365E-03  3.2760E-01  1.0000E+00
 3.1797E+03  9.2973E-03  1.7445E-01  8.6728E-03  3.2647E-01  1.0000E+00
 3.2040E+03  9.3288E-03  1.7371E-01  8.7091E-03  3.2535E-01  1.0000E+00
 3.2286E+03  9.3605E-03  1.7297E-01  8.7454E-03  3.2422E-01  1.0000E+00
 3.2533E+03  9.3922E-03  1.7223E-01  8.7818E-03  3.2309E-01  1.0000E+00
 3.2782E+03  9.4239E-03  1.7149E-01  8.8181E-03  3.2197E-01  1.0000E+00
 3.3033E+03  9.4557E-03  1.7076E-01  8.8545E-03  3.2084E-01  1.0000E+00
 3.3286E+03  9.4875E-03  1.7003E-01  8.8908E-03  3.1971E-01  1.0000E+00
 3.3541E+03  9.5194E-03  1.6930E-01  8.9272E-03  3.1858E-01  1.0000E+00
 3.3798E+03  9.5513E-03  1.6857E-01  8.9636E-03  3.1744E-01  1.0000E+00
 3.4057E+03  9.5833E-03  1.6785E-01  9.0000E-03  3.1631E-01  1.0000E+00
 3.4317E+03  9.6153E-03  1.6712E-01  9.0365E-03  3.1518E-01  1.0000E+00
 3.4580E+03  9.6473E-03  1.6640E-01  9.0729E-03  3.1404E-01  1.0000E+00
 3.4845E+03  9.6795E-03  1.6568E-01  9.1093E-03  3.1291E-01  1.0000E+00
 3.5112E+03  9.7116E-03  1.6496E-01  9.1458E-03  3.1177E-01  1.0000E+00
 3.5381E+03  9.7438E-03  1.6425E-01  9.1822E-03  3.1064E-01  1.0000E+00
 3.5652E+03  9.7760E-03  1.6354E-01  9.2187E-03  3.0950E-01  1.0000E+00
 3.5925E+03  9.8083E-03  1.6282E-01  9.2552E-03  3.0836E-01  1.0000E+00
 3.6200E+03  9.8406E-03  1.6211E-01  9.2917E-03  3.0723E-01  1.0000E+00
 3.6477E+03  9.8730E-03  1.6141E-01  9.3282E-03  3.0609E-01  1.0000E+00
 3.6757E+03  9.9054E-03  1.6070E-01  9.3648E-03  3.0495E-01  1.0000E+00
 3.7038E+03  9.9379E-03  1.6000E-01  9.4013E-03  3.0382E-01  1.0000E+00
 3.7322E+03  9.9704E-03  1.5930E-01  9.4379E-03  3.0268E-01  1.0000E+00
 3.7608E+03  1.0003E-02  1.5860E-01  9.4744E-03  3.0154E-01  1.0000E+00
 3.7896E+03  1.0036E-02  1.5790E-01  9.5110E-03  3.0041E-01  1.0000E+00
 3.8186E+03  1.0068E-02  1.5721E-01  9.5476E-03  2.9927E-01  1.0000E+00
 3.8478E+03  1.0101E-02  1.5651E-01  9.5842E-03  2.9813E-01  1.0000E+00
 3.8773E+03  1.0134E-02  1.5582E-01  9.6208E-03  2.9700E-01  1.0000E+00
 3.9070E+03  1.0166E-02  1.5513E-01  9.6575E-03  2.9586E-01  1.0000E+00
 3.9369E+03  1.0199E-02  1.5445E-01  9.6941E-03  2.9473E-01  1.0000E+00
 3.9671E+03  1.0232E-02  1.5376E-01  9.7308E-03  2.9360E-01  1.0000E+00
 3.9974E+03  1.0265E-02  1.5308E-01  9.7674E-03  2.9246E-01  1.0000E+00
 4.0281E+03  1.0298E-02  1.5240E-01  9.8041E-03  2.9133E-01  1.0000E+00
 4.0589E+03  1.0331E-02  1.5172E-01  9.8408E-03  2.9020E-01  1.0000E+00
 4.0900E+03  1.0364E-02  1.5105E-01  9.8776E-03  2.8907E-01  1.0000E+00
 4.1213E+03  1.0397E-02  1.5037E-01  9.9143E-03  2.8794E-01  1.0000E+00
 4.1529E+03  1.0430E-02  1.4970E-01  9.9510E-03  2.8681E-01  1.0000E+00
 4.1847E+03  1.0463E-02  1.4903E-01  9.9878E-03  2.8568E-01  1.0000E+00
 4.2167E+03  1.0496E-02  1.4836E-01  1.0025E-02  2.8455E-01  1.0000E+00
 4.2490E+03  1.0530E-02  1.4770E-01  1.0061E-02  2.8343E-01  1.0000E+00
 4.2816E+03  1.0563E-02  1.4703E-01  1.0098E-02  2.8230E-01  1.0000E+00
 4.3143E+03  1.0596E-02  1.4637E-01  1.0135E-02  2.8118E-01  1.0000E+00
 4.3474E+03  1.0630E-02  1.4571E-01  1.0172E-02  2.8005E-01  1.0000E+00
 4.3807E+03  1.0663E-02  1.4505E-01  1.0209E-02  2.7893E-01  1.0000E+00
 4.4142E+03  1.0697E-02  1.4440E-01  1.0246E-02  2.7781E-01  1.0000E+00
 4.4480E+03  1.0730E-02  1.4374E-01  1.0282E-02  2.7669E-01  1.0000E+00
 4.4821E+03  1.0764E-02  1.4309E-01  1.0319E-02  2.7558E-01  1.0000E+00
 4.5164E+03  1.0797E-02  1.4244E-01  1.0356E-02  2.7446E-01  1.0000E+00
 4.5510E+03  1.0831E-02  1.4180E-01  1.0393E-02  2.7335E-01  1.0000E+00
 4.5859E+03  1.0864E-02  1.4115E-01  1.0430E-02  2.7223E-01  1.0000E+00
 4.6210E+03  1.0898E-02  1.4051E-01  1.0467E-02  2.7112E-01  1.0000E+00
 4.6564E+03  1.0932E-02  1.3987E-01  1.0504E-02  2.7001E-01  1.0000E+00
 4.6920E+03  1.0966E-02  1.3923E-01  1.0541E-02  2.6891E-01  1.0000E+00
 4.7280E+03  1.1000E-02  1.3859E-01  1.0578E-02  2.6780E-01  1.0000E+00
 4.7642E+03  1.1033E-02  1.3796E-01  1.0615E-02  2.6669E-01  1.0000E+00
 4.8007E+03  1.1067E-02  1.3733E-01  1.0652E-02  2.6559E-01  1.0000E+00
 4.8374E+03  1.1101E-02  1.3670E-01  1.0689E-02  2.6449E-01  1.0000E+00
 4.8745E+03  1.1135E-02  1.3607E-01  1.0726E-02  2.6339E-01  1.0000E+00
 4.9118E+03  1.1169E-02  1.3544E-01  1.0764E-02  2.6229E-01  1.0000E+00
 4.9494E+03  1.1204E-02  1.3482E-01  1.0801E-02  2.6120E-01  1.0000E+00
 4.9873E+03  1.1238E-02  1.3420E-01  1.0838E-02  2.6010E-01  1.0000E+00
 5.0255E+03  1.1272E-02  1.3358E-01  1.0875E-02  2.5901E-01  1.0000E+00
 5.0640E+03  1.1306E-02  1.3296E-01  1.0912E-02  2.5792E-01  1.0000E+00
 5.1028E+03  1.1340E-02  1.3234E-01  1.0949E-02  2.5684E-01  1.0000E+00
 5.1419E+03  1.1375E-02  1.3173E-01  1.0987E-02  2.5575E-01  1.0000E+00
 5.1812E+03  1.1409E-02  1.3112E-01  1.1024E-02  2.5467E-01  1.0000E+00
 5.2209E+03  1.1443E-02  1.3051E-01  1.1061E-02  2.5359E-01  1.0000E+00
 5.2609E+03  1.1478E-02  1.2990E-01  1.1099E-02  2.5251E-01  1.0000E+00
 5.3012E+03  1.1512E-02  1.2930E-01  1.1136E-02  2.5143E-01  1.0000E+00
 5.3418E+03  1.1547E-02  1.2869E-01  1.1173E-02  2.5036E-01  1.0000E+00
 5.3827E+03  1.1581E-02  1.2809E-01  1.1211E-02  2.4928E-01  1.0000E+00
 5.4239E+03  1.1616E-02  1.2749E-01  1.1248E-02  2.4822E-01  1.0000E+00
 5.4655E+03  1.1651E-02  1.2690E-01  1.1285E-02  2.4715E-01  1.0000E+00
 5.5073E+03  1.1685E-02  1.2630E-01  1.1323E-02  2.4608E-01  1.0000E+00
 5.5495E+03  1.1720E-02  1.2571E-01  1.1360E-02  2.4502E-01  1.0000E+00
 5.5920E+03  1.1755E-02  1.2512E-01  1.1398E-02  2.4396E-01  1.0000E+00
 5.6348E+03  1.1790E-02  1.2453E-01  1.1435E-02  2.4290E-01  1.0000E+00
 5.6780E+03  1.1824E-02  1.2394E-01  1.1473E-02  2.4185E-01  1.0000E+00
 5.7215E+03  1.1859E-02  1.2336E-01  1.1510E-02  2.4079E-01  1.0000E+00
 5.7653E+03  1.1894E-02  1.2278E-01  1.1548E-02  2.3974E-01  1.0000E+00
 5.8094E+03  1.1929E-02  1.2220E-01  1.1585E-02  2.3869E-01  1.0000E+00
 5.8539E+03  1.1964E-02  1.2162E-01  1.1623E-02  2.3765E-01  1.0000E+00
 5.8988E+03  1.1999E-02  1.2104E-01  1.1660E-02  2.3661E-01  1.0000E+00
 5.9439E+03  1.2035E-02  1.2047E-01  1.1698E-02  2.3557E-01  1.0000E+00
 5.9895E+03  1.2070E-02  1.1990E-01  1.1736E-02  2.3453E-01  1.0000E+00
 6.0353E+03  1.2105E-02  1.1933E-01  1.1773E-02  2.3349E-01  1.0000E+00
 6.0815E+03  1.2140E-02  1.1876E-01  1.1811E-02  2.3246E-01  1.0000E+00
 6.1281E+03  1.2175E-02  1.1820E-01  1.1849E-02  2.3143E-01  1.0000E+00
 6.1751E+03  1.2211E-02  1.1763E-01  1.1887E-02  2.3040E-01  1.0000E+00
 6.2223E+03  1.2246E-02  1.1707E-01  1.1924E-02  2.2938E-01  1.0000E+00
 6.2700E+03  1.2282E-02  1.1651E-01  1.1962E-02  2.2836E-01  1.0000E+00
 6.3180E+03  1.2317E-02  1.1596E-01  1.2000E-02  2.2734E-01  1.0000E+00
 6.3664E+03  1.2353E-02  1.1540E-01  1.2038E-02  2.2632E-01  1.0000E+00
 6.4152E+03  1.2388E-02  1.1485E-01  1.2076E-02  2.2531E-01  1.0000E+00
 6.4643E+03  1.2424E-02  1.1430E-01  1.2114E-02  2.2430E-01  1.0000E+00
 6.5138E+03  1.2459E-02  1.1375E-01  1.2152E-02  2.2329E-01  1.0000E+00
 6.5637E+03  1.2495E-02  1.1320E-01  1.2190E-02  2.2229E-01  1.0000E+00
 6.6139E+03  1.2531E-02  1.1266E-01  1.2228E-02  2.2129E-01  1.0000E+00
 6.6646E+03  1.2567E-02  1.1211E-01  1.2266E-02  2.2029E-01  1.0000E+00
 6.7156E+03  1.2602E-02  1.1157E-01  1.2304E-02  2.1929E-01  1.0000E+00
 6.7671E+03  1.2638E-02  1.1104E-01  1.2342E-02  2.1830E-01  1.0000E+00
 6.8189E+03  1.2674E-02  1.1050E-01  1.2380E-02  2.1731E-01  1.0000E+00
 6.8711E+03  1.2710E-02  1.0996E-01  1.2418E-02  2.1632E-01  1.0000E+00
 6.9237E+03  1.2746E-02  1.0943E-01  1.2456E-02  2.1534E-01  1.0000E+00
 6.9768E+03  1.2782E-02  1.0890E-01  1.2495E-02  2.1436E-01  1.0000E+00
 7.0302E+03  1.2818E-02  1.0837E-01  1.2533E-02  2.1338E-01  1.0000E+00
 7.0840E+03  1.2854E-02  1.0785E-01  1.2571E-02  2.1240E-01  1.0000E+00
 7.1383E+03  1.2891E-02  1.0732E-01  1.2609E-02  2.1143E-01  1.0000E+00
 7.1929E+03  1.2927E-02  1.0680E-01  1.2648E-02  2.1046E-01  1.0000E+00
 7.2480E+03  1.2963E-02  1.0628E-01  1.2686E-02  2.0950E-01  1.0000E+00
 7.3035E+03  1.2999E-02  1.0576E-01  1.2724E-02  2.0853E-01  1.0000E+00
 7.3595E+03  1.3036E-02  1.0525E-01  1.2763E-02  2.0757E-01  1.0000E+00
 7.4158E+03  1.3072E-02  1.0473E-01  1.2801E-02  2.0662E-01  1.0000E+00
 7.4726E+03  1.3109E-02  1.0422E-01  1.2840E-02  2.0566E-01  1.0000E+00
 7.5299E+03  1.3145E-02  1.0371E-01  1.2878E-02  2.0471E-01  1.0000E+00
 7.5875E+03  1.3182E-02  1.0321E-01  1.2917E-02  2.0376E-01  1.0000E+00
 7.6456E+03  1.3218E-02  1.0270E-01  1.2955E-02  2.0282E-01  1.0000E+00
 7.7042E+03  1.3255E-02  1.0220E-01  1.2994E-02  2.0188E-01  1.0000E+00
 7.7632E+03  1.3292E-02  1.0169E-01  1.3033E-02  2.0094E-01  1.0000E+00
 7.8226E+03  1.3328E-02  1.0119E-01  1.3071E-02  2.0000E-01  1.0000E+00
 7.8825E+03  1.3365E-02  1.0070E-01  1.3110E-02  1.9907E-01  1.0000E+00
 7.9429E+03  1.3402E-02  1.0020E-01  1.3149E-02  1.9814E-01  1.0000E+00
 8.0037E+03  1.3439E-02  9.9708E-02  1.3187E-02  1.9721E-01  1.0000E+00
 8.0650E+03  1.3476E-02  9.9216E-02  1.3226E-02  1.9629E-01  1.0000E+00
 8.1268E+03  1.3513E-02  9.8726E-02  1.3265E-02  1.9537E-01  1.0000E+00
 8.1890E+03  1.3550E-02  9.8239E-02  1.3304E-02  1.9446E-01  1.0000E+00
 8.2518E+03  1.3587E-02  9.7753E-02  1.3343E-02  1.9354E-01  1.0000E+00
 8.3150E+03  1.3624E-02  9.7269E-02  1.3382E-02  1.9263E-01  1.0000E+00
 8.3786E+03  1.3661E-02  9.6788E-02  1.3421E-02  1.9172E-01  1.0000E+00
 8.4428E+03  1.3699E-02  9.6308E-02  1.3460E-02  1.9082E-01  1.0000E+00
 8.5075E+03  1.3736E-02  9.5830E-02  1.3499E-02  1.8992E-01  1.0000E+00
 8.5726E+03  1.3773E-02  9.5355E-02  1.3538E-02  1.8902E-01  1.0000E+00
 8.6383E+03  1.3811E-02  9.4881E-02  1.3577E-02  1.8813E-01  1.0000E+00
 8.7044E+03  1.3848E-02  9.4409E-02  1.3616E-02  1.8724E-01  1.0000E+00
 8.7711E+03  1.3886E-02  9.3939E-02  1.3656E-02  1.8635E-01  1.0000E+00
 8.8383E+03  1.3923E-02  9.3471E-02  1.3695E-02  1.8547E-01  1.0000E+00
 8.9059E+03  1.3961E-02  9.3006E-02  1.3734E-02  1.8458E-01  1.0000E+00
 8.9741E+03  1.3999E-02  9.2542E-02  1.3773E-02  1.8371E-01  1.0000E+00
 9.0429E+03  1.4036E-02  9.2080E-02  1.3813E-02  1.8283E-01  1.0000E+00
 9.1121E+03  1.4074E-02  9.1620E-02  1.3852E-02  1.8196E-01  1.0000E+00
 9.1819E+03  1.4112E-02  9.1161E-02  1.3892E-02  1.8109E-01  1.0000E+00
 9.2522E+03  1.4150E-02  9.0705E-02  1.3931E-02  1.8023E-01  1.0000E+00
 9.3231E+03  1.4188E-02  9.0251E-02  1.3971E-02  1.7936E-01  1.0000E+00
 9.3945E+03  1.4226E-02  8.9799E-02  1.4010E-02  1.7850E-01  1.0000E+00
 9.4664E+03  1.4264E-02  8.9348E-02  1.4050E-02  1.7765E-01  1.0000E+00
 9.5389E+03  1.4302E-02  8.8900E-02  1.4090E-02  1.7680E-01  1.0000E+00
 9.6120E+03  1.4340E-02  8.8453E-02  1.4129E-02  1.7595E-01  1.0000E+00
 9.6856E+03  1.4378E-02  8.8009E-02  1.4169E-02  1.7510E-01  1.0000E+00
 9.7598E+03  1.4417E-02  8.7566E-02  1.4209E-02  1.7426E-01  1.0000E+00
 9.8345E+03  1.4455E-02  8.7125E-02  1.4249E-02  1.7342E-01  1.0000E+00
 9.9098E+03  1.4493E-02  8.6687E-02  1.4289E-02  1.7258E-01  1.0000E+00
 9.9857E+03  1.4532E-02  8.6250E-02  1.4329E-02  1.7175E-01  1.0000E+00
 1.0062E+04  1.4570E-02  8.5814E-02  1.4369E-02  1.7092E-01  1.0000E+00
 1.0139E+04  1.4609E-02  8.5381E-02  1.4409E-02  1.7009E-01  1.0000E+00
 1.0217E+04  1.4647E-02  8.4950E-02  1.4449E-02  1.6927E-01  1.0000E+00
 1.0295E+04  1.4686E-02  8.4521E-02  1.4489E-02  1.6845E-01  1.0000E+00
 1.0374E+04  1.4725E-02  8.4093E-02  1.4529E-02  1.6763E-01  1.0000E+00
 1.0453E+04  1.4764E-02  8.3667E-02  1.4569E-02  1.6682E-01  1.0000E+00
 1.0533E+04  1.4802E-02  8.3243E-02  1.4610E-02  1.6601E-01  1.0000E+00
 1.0614E+04  1.4841E-02  8.2822E-02  1.4650E-02  1.6520E-01  1.0000E+00
 1.0695E+04  1.4880E-02  8.2401E-02  1.4690E-02  1.6440E-01  1.0000E+00
 1.0777E+04  1.4919E-02  8.1983E-02  1.4731E-02  1.6360E-01  1.0000E+00
 1.0860E+04  1.4958E-02  8.1567E-02  1.4771E-02  1.6280E-01  1.0000E+00
 1.0943E+04  1.4998E-02  8.1152E-02  1.4812E-02  1.6201E-01  1.0000E+00
 1.1027E+04  1.5037E-02  8.0740E-02  1.4852E-02  1.6122E-01  1.0000E+00
 1.1111E+04  1.5076E-02  8.0329E-02  1.4893E-02  1.6043E-01  1.0000E+00
 1.1196E+04  1.5116E-02  7.9920E-02  1.4934E-02  1.5965E-01  1.0000E+00
 1.1282E+04  1.5155E-02  7.9513E-02  1.4974E-02  1.5887E-01  1.0000E+00
 1.1369E+04  1.5194E-02  7.9107E-02  1.5015E-02  1.5809E-01  1.0000E+00
 1.1456E+04  1.5234E-02  7.8704E-02  1.5056E-02  1.5731E-01  1.0000E+00
 1.1543E+04  1.5274E-02  7.8302E-02  1.5097E-02  1.5654E-01  1.0000E+00
 1.1632E+04  1.5313E-02  7.7902E-02  1.5138E-02  1.5577E-01  1.0000E+00
 1.1721E+04  1.5353E-02  7.7504E-02  1.5179E-02  1.5501E-01  1.0000E+00
 1.1811E+04  1.5393E-02  7.7108E-02  1.5220E-02  1.5425E-01  1.0000E+00
 1.1901E+04  1.5433E-02  7.6713E-02  1.5261E-02  1.5349E-01  1.0000E+00
 1.1992E+04  1.5473E-02  7.6321E-02  1.5302E-02  1.5273E-01  1.0000E+00
 1.2084E+04  1.5513E-02  7.5930E-02  1.5344E-02  1.5198E-01  1.0000E+00
 1.2177E+04  1.5553E-02  7.5540E-02  1.5385E-02  1.5123E-01  1.0000E+00
 1.2270E+04  1.5593E-02  7.5153E-02  1.5426E-02  1.5049E-01  1.0000E+00
 1.2364E+04  1.5633E-02  7.4768E-02  1.5468E-02  1.4974E-01  1.0000E+00
 1.2458E+04  1.5673E-02  7.4384E-02  1.5509E-02  1.4900E-01  1.0000E+00
 1.2554E+04  1.5714E-02  7.4002E-02  1.5551E-02  1.4827E-01  1.0000E+00
 1.2650E+04  1.5754E-02  7.3621E-02  1.5592E-02  1.4753E-01  1.0000E+00
 1.2747E+04  1.5795E-02  7.3243E-02  1.5634E-02  1.4680E-01  1.0000E+00
 1.2845E+04  1.5835E-02  7.2866E-02  1.5676E-02  1.4608E-01  1.0000E+00
 1.2943E+04  1.5876E-02  7.2491E-02  1.5718E-02  1.4535E-01  1.0000E+00
 1.3042E+04  1.5917E-02  7.2118E-02  1.5759E-02  1.4463E-01  1.0000E+00
 1.3142E+04  1.5957E-02  7.1746E-02  1.5801E-02  1.4392E-01  1.0000E+00
 1.3243E+04  1.5998E-02  7.1376E-02  1.5843E-02  1.4320E-01  1.0000E+00
 1.3344E+04  1.6039E-02  7.1008E-02  1.5885E-02  1.4249E-01  1.0000E+00
 1.3446E+04  1.6080E-02  7.0642E-02  1.5928E-02  1.4178E-01  1.0000E+00
 1.3549E+04  1.6121E-02  7.0277E-02  1.5970E-02  1.4108E-01  1.0000E+00
 1.3653E+04  1.6163E-02  6.9914E-02  1.6012E-02  1.4038E-01  1.0000E+00
 1.3757E+04  1.6204E-02  6.9553E-02  1.6054E-02  1.3968E-01  1.0000E+00
 1.3863E+04  1.6245E-02  6.9193E-02  1.6097E-02  1.3898E-01  1.0000E+00
 1.3969E+04  1.6287E-02  6.8835E-02  1.6139E-02  1.3829E-01  1.0000E+00
 1.4076E+04  1.6328E-02  6.8479E-02  1.6182E-02  1.3760E-01  1.0000E+00
 1.4184E+04  1.6370E-02  6.8124E-02  1.6224E-02  1.3691E-01  1.0000E+00
 1.4292E+04  1.6411E-02  6.7772E-02  1.6267E-02  1.3623E-01  1.0000E+00
 1.4402E+04  1.6453E-02  6.7420E-02  1.6310E-02  1.3555E-01  1.0000E+00
 1.4512E+04  1.6495E-02  6.7071E-02  1.6353E-02  1.3487E-01  1.0000E+00
 1.4623E+04  1.6537E-02  6.6723E-02  1.6396E-02  1.3420E-01  1.0000E+00
 1.4735E+04  1.6579E-02  6.6377E-02  1.6439E-02  1.3353E-01  1.0000E+00
 1.4848E+04  1.6621E-02  6.6032E-02  1.6482E-02  1.3286E-01  1.0000E+00
 1.4962E+04  1.6663E-02  6.5689E-02  1.6525E-02  1.3220E-01  1.0000E+00
 1.5076E+04  1.6705E-02  6.5348E-02  1.6568E-02  1.3154E-01  1.0000E+00
 1.5192E+04  1.6747E-02  6.5009E-02  1.6611E-02  1.3088E-01  1.0000E+00
 1.5308E+04  1.6790E-02  6.4671E-02  1.6655E-02  1.3022E-01  1.0000E+00
 1.5425E+04  1.6832E-02  6.4334E-02  1.6698E-02  1.2957E-01  1.0000E+00
 1.5544E+04  1.6875E-02  6.3999E-02  1.6742E-02  1.2892E-01  1.0000E+00
 1.5663E+04  1.6918E-02  6.3666E-02  1.6785E-02  1.2827E-01  1.0000E+00
 1.5783E+04  1.6960E-02  6.3335E-02  1.6829E-02  1.2763E-01  1.0000E+00
 1.5903E+04  1.7003E-02  6.3005E-02  1.6873E-02  1.2699E-01  1.0000E+00
 1.6025E+04  1.7046E-02  6.2677E-02  1.6917E-02  1.2635E-01  1.0000E+00
 1.6148E+04  1.7089E-02  6.2350E-02  1.6961E-02  1.2572E-01  1.0000E+00
 1.6272E+04  1.7132E-02  6.2025E-02  1.7005E-02  1.2509E-01  1.0000E+00
 1.6396E+04  1.7175E-02  6.1701E-02  1.7049E-02  1.2446E-01  1.0000E+00
 1.6522E+04  1.7219E-02  6.1379E-02  1.7093E-02  1.2383E-01  1.0000E+00
 1.6648E+04  1.7262E-02  6.1059E-02  1.7137E-02  1.2321E-01  1.0000E+00
 1.6776E+04  1.7306E-02  6.0740E-02  1.7182E-02  1.2259E-01  1.0000E+00
 1.6904E+04  1.7349E-02  6.0423E-02  1.7226E-02  1.2197E-01  1.0000E+00
 1.7034E+04  1.7393E-02  6.0107E-02  1.7271E-02  1.2136E-01  1.0000E+00
 1.7164E+04  1.7437E-02  5.9793E-02  1.7315E-02  1.2075E-01  1.0000E+00
 1.7296E+04  1.7481E-02  5.9480E-02  1.7360E-02  1.2014E-01  1.0000E+00
 1.7428E+04  1.7525E-02  5.9169E-02  1.7405E-02  1.1954E-01  1.0000E+00
 1.7562E+04  1.7569E-02  5.8860E-02  1.7450E-02  1.1893E-01  1.0000E+00
 1.7696E+04  1.7613E-02  5.8552E-02  1.7495E-02  1.1833E-01  1.0000E+00
 1.7832E+04  1.7657E-02  5.8245E-02  1.7540E-02  1.1774E-01  1.0000E+00
 1.7968E+04  1.7702E-02  5.7940E-02  1.7585E-02  1.1714E-01  1.0000E+00
 1.8106E+04  1.7746E-02  5.7637E-02  1.7631E-02  1.1655E-01  1.0000E+00
 1.8244E+04  1.7791E-02  5.7335E-02  1.7676E-02  1.1597E-01  1.0000E+00
 1.8384E+04  1.7835E-02  5.7035E-02  1.7722E-02  1.1538E-01  1.0000E+00
 1.8525E+04  1.7880E-02  5.6736E-02  1.7767E-02  1.1480E-01  1.0000E+00
 1.8667E+04  1.7925E-02  5.6438E-02  1.7813E-02  1.1422E-01  1.0000E+00
 1.8810E+04  1.7970E-02  5.6142E-02  1.7859E-02  1.1364E-01  1.0000E+00
 1.8954E+04  1.8015E-02  5.5848E-02  1.7905E-02  1.1307E-01  1.0000E+00
 1.9099E+04  1.8061E-02  5.5555E-02  1.7951E-02  1.1250E-01  1.0000E+00
 1.9245E+04  1.8106E-02  5.5264E-02  1.7997E-02  1.1193E-01  1.0000E+00
 1.9393E+04  1.8151E-02  5.4973E-02  1.8043E-02  1.1137E-01  1.0000E+00
 1.9541E+04  1.8197E-02  5.4685E-02  1.8090E-02  1.1080E-01  1.0000E+00
 1.9691E+04  1.8243E-02  5.4398E-02  1.8136E-02  1.1024E-01  1.0000E+00
 1.9842E+04  1.8289E-02  5.4112E-02  1.8183E-02  1.0969E-01  1.0000E+00
 1.9994E+04  1.8335E-02  5.3828E-02  1.8229E-02  1.0913E-01  1.0000E+00
 2.0147E+04  1.8381E-02  5.3545E-02  1.8276E-02  1.0858E-01  1.0000E+00
 2.0301E+04  1.8427E-02  5.3264E-02  1.8323E-02  1.0803E-01  1.0000E+00
 2.0456E+04  1.8473E-02  5.2984E-02  1.8370E-02  1.0749E-01  1.0000E+00
 2.0613E+04  1.8520E-02  5.2705E-02  1.8417E-02  1.0694E-01  1.0000E+00
 2.0771E+04  1.8566E-02  5.2428E-02  1.8464E-02  1.0640E-01  1.0000E+00
 2.0930E+04  1.8613E-02  5.2153E-02  1.8512E-02  1.0586E-01  1.0000E+00
 2.1090E+04  1.8660E-02  5.1879E-02  1.8559E-02  1.0533E-01  1.0000E+00
 2.1252E+04  1.8706E-02  5.1606E-02  1.8607E-02  1.0480E-01  1.0000E+00
 2.1415E+04  1.8753E-02  5.1334E-02  1.8655E-02  1.0427E-01  1.0000E+00
 2.1579E+04  1.8801E-02  5.1064E-02  1.8703E-02  1.0374E-01  1.0000E+00
 2.1744E+04  1.8848E-02  5.0796E-02  1.8751E-02  1.0322E-01  1.0000E+00
 2.1910E+04  1.8895E-02  5.0528E-02  1.8799E-02  1.0269E-01  1.0000E+00
 2.2078E+04  1.8943E-02  5.0262E-02  1.8847E-02  1.0218E-01  1.0000E+00
 2.2247E+04  1.8991E-02  4.9998E-02  1.8895E-02  1.0166E-01  1.0000E+00
 2.2418E+04  1.9038E-02  4.9735E-02  1.8944E-02  1.0115E-01  1.0000E+00
 2.2589E+04  1.9086E-02  4.9473E-02  1.8992E-02  1.0063E-01  1.0000E+00
 2.2762E+04  1.9134E-02  4.9213E-02  1.9041E-02  1.0013E-01  1.0000E+00
 2.2937E+04  1.9183E-02  4.8953E-02  1.9090E-02  9.9620E-02  1.0000E+00
 2.3112E+04  1.9231E-02  4.8696E-02  1.9139E-02  9.9117E-02  1.0000E+00
 2.3289E+04  1.9280E-02  4.8439E-02  1.9188E-02  9.8616E-02  1.0000E+00
 2.3468E+04  1.9328E-02  4.8184E-02  1.9237E-02  9.8118E-02  1.0000E+00
 2.3647E+04  1.9377E-02  4.7931E-02  1.9287E-02  9.7623E-02  1.0000E+00
 2.3829E+04  1.9426E-02  4.7678E-02  1.9336E-02  9.7130E-02  1.0000E+00
 2.4011E+04  1.9475E-02  4.7427E-02  1.9386E-02  9.6639E-02  1.0000E+00
 2.4195E+04  1.9524E-02  4.7177E-02  1.9436E-02  9.6151E-02  1.0000E+00
 2.4380E+04  1.9574E-02  4.6929E-02  1.9486E-02  9.5666E-02  1.0000E+00
 2.4567E+04  1.9623E-02  4.6682E-02  1.9536E-02  9.5183E-02  1.0000E+00
 2.4755E+04  1.9673E-02  4.6436E-02  1.9586E-02  9.4703E-02  1.0000E+00
 2.4945E+04  1.9723E-02  4.6191E-02  1.9637E-02  9.4225E-02  1.0000E+00
 2.5136E+04  1.9773E-02  4.5948E-02  1.9687E-02  9.3750E-02  1.0000E+00
 2.5328E+04  1.9823E-02  4.5706E-02  1.9738E-02  9.3277E-02  1.0000E+00
 2.5522E+04  1.9873E-02  4.5465E-02  1.9789E-02  9.2807E-02  1.0000E+00
 2.5718E+04  1.9924E-02  4.5226E-02  1.9840E-02  9.2339E-02  1.0000E+00
 2.5915E+04  1.9974E-02  4.4988E-02  1.9891E-02  9.1873E-02  1.0000E+00
 2.6113E+04  2.0025E-02  4.4751E-02  1.9943E-02  9.1410E-02  1.0000E+00
 2.6313E+04  2.0076E-02  4.4515E-02  1.9994E-02  9.0950E-02  1.0000E+00
 2.6515E+04  2.0127E-02  4.4281E-02  2.0046E-02  9.0492E-02  1.0000E+00
 2.6718E+04  2.0178E-02  4.4047E-02  2.0097E-02  9.0036E-02  1.0000E+00
 2.6922E+04  2.0230E-02  4.3816E-02  2.0149E-02  8.9583E-02  1.0000E+00
 2.7128E+04  2.0281E-02  4.3585E-02  2.0202E-02  8.9132E-02  1.0000E+00
 2.7336E+04  2.0333E-02  4.3355E-02  2.0254E-02  8.8684E-02  1.0000E+00
 2.7545E+04  2.0385E-02  4.3127E-02  2.0306E-02  8.8238E-02  1.0000E+00
 2.7756E+04  2.0437E-02  4.2900E-02  2.0359E-02  8.7794E-02  1.0000E+00
 2.7969E+04  2.0489E-02  4.2674E-02  2.0412E-02  8.7353E-02  1.0000E+00
 2.8183E+04  2.0542E-02  4.2450E-02  2.0465E-02  8.6914E-02  1.0000E+00
 2.8399E+04  2.0594E-02  4.2226E-02  2.0518E-02  8.6478E-02  1.0000E+00
 2.8617E+04  2.0647E-02  4.2004E-02  2.0571E-02  8.6043E-02  1.0000E+00
 2.8836E+04  2.0700E-02  4.1783E-02  2.0625E-02  8.5612E-02  1.0000E+00
 2.9056E+04  2.0753E-02  4.1564E-02  2.0679E-02  8.5182E-02  1.0000E+00
 2.9279E+04  2.0807E-02  4.1345E-02  2.0732E-02  8.4755E-02  1.0000E+00
 2.9503E+04  2.0860E-02  4.1128E-02  2.0786E-02  8.4330E-02  1.0000E+00
 2.9729E+04  2.0914E-02  4.0911E-02  2.0841E-02  8.3908E-02  1.0000E+00
 2.9957E+04  2.0968E-02  4.0696E-02  2.0895E-02  8.3487E-02  1.0000E+00
 3.0186E+04  2.1022E-02  4.0482E-02  2.0950E-02  8.3069E-02  1.0000E+00
 3.0417E+04  2.1076E-02  4.0270E-02  2.1005E-02  8.2654E-02  1.0000E+00
 3.0650E+04  2.1131E-02  4.0058E-02  2.1059E-02  8.2240E-02  1.0000E+00
 3.0885E+04  2.1186E-02  3.9848E-02  2.1115E-02  8.1829E-02  1.0000E+00
 3.1122E+04  2.1240E-02  3.9638E-02  2.1170E-02  8.1420E-02  1.0000E+00
 3.1360E+04  2.1296E-02  3.9430E-02  2.1226E-02  8.1013E-02  1.0000E+00
 3.1600E+04  2.1351E-02  3.9223E-02  2.1281E-02  8.0609E-02  1.0000E+00
 3.1842E+04  2.1406E-02  3.9017E-02  2.1337E-02  8.0207E-02  1.0000E+00
 3.2086E+04  2.1462E-02  3.8813E-02  2.1394E-02  7.9807E-02  1.0000E+00
 3.2332E+04  2.1518E-02  3.8609E-02  2.1450E-02  7.9409E-02  1.0000E+00
 3.2579E+04  2.1574E-02  3.8407E-02  2.1507E-02  7.9013E-02  1.0000E+00
 3.2829E+04  2.1631E-02  3.8205E-02  2.1563E-02  7.8620E-02  1.0000E+00
 3.3080E+04  2.1687E-02  3.8005E-02  2.1620E-02  7.8229E-02  1.0000E+00
 3.3334E+04  2.1744E-02  3.7806E-02  2.1678E-02  7.7840E-02  1.0000E+00
 3.3589E+04  2.1801E-02  3.7608E-02  2.1735E-02  7.7453E-02  1.0000E+00
 3.3846E+04  2.1858E-02  3.7411E-02  2.1793E-02  7.7068E-02  1.0000E+00
 3.4105E+04  2.1916E-02  3.7215E-02  2.1851E-02  7.6685E-02  1.0000E+00
 3.4367E+04  2.1973E-02  3.7020E-02  2.1909E-02  7.6305E-02  1.0000E+00
 3.4630E+04  2.2031E-02  3.6826E-02  2.1967E-02  7.5927E-02  1.0000E+00
 3.4895E+04  2.2089E-02  3.6634E-02  2.2026E-02  7.5550E-02  1.0000E+00
 3.5162E+04  2.2148E-02  3.6442E-02  2.2084E-02  7.5176E-02  1.0000E+00
 3.5431E+04  2.2206E-02  3.6252E-02  2.2143E-02  7.4804E-02  1.0000E+00
 3.5703E+04  2.2265E-02  3.6062E-02  2.2203E-02  7.4435E-02  1.0000E+00
 3.5976E+04  2.2324E-02  3.5874E-02  2.2262E-02  7.4067E-02  1.0000E+00
 3.6252E+04  2.2383E-02  3.5686E-02  2.2322E-02  7.3701E-02  1.0000E+00
 3.6529E+04  2.2443E-02  3.5500E-02  2.2382E-02  7.3337E-02  1.0000E+00
 3.6809E+04  2.2503E-02  3.5315E-02  2.2442E-02  7.2976E-02  1.0000E+00
 3.7091E+04  2.2563E-02  3.5131E-02  2.2502E-02  7.2616E-02  1.0000E+00
 3.7375E+04  2.2623E-02  3.4947E-02  2.2563E-02  7.2259E-02  1.0000E+00
 3.7661E+04  2.2684E-02  3.4765E-02  2.2624E-02  7.1903E-02  1.0000E+00
 3.7950E+04  2.2745E-02  3.4584E-02  2.2685E-02  7.1550E-02  1.0000E+00
 3.8240E+04  2.2806E-02  3.4404E-02  2.2747E-02  7.1198E-02  1.0000E+00
 3.8533E+04  2.2867E-02  3.4225E-02  2.2808E-02  7.0849E-02  1.0000E+00
 3.8828E+04  2.2929E-02  3.4047E-02  2.2870E-02  7.0502E-02  1.0000E+00
 3.9126E+04  2.2990E-02  3.3870E-02  2.2933E-02  7.0156E-02  1.0000E+00
 3.9425E+04  2.3053E-02  3.3694E-02  2.2995E-02  6.9813E-02  1.0000E+00
 3.9727E+04  2.3115E-02  3.3518E-02  2.3058E-02  6.9471E-02  1.0000E+00
 4.0032E+04  2.3178E-02  3.3344E-02  2.3121E-02  6.9132E-02  1.0000E+00
 4.0338E+04  2.3241E-02  3.3171E-02  2.3184E-02  6.8794E-02  1.0000E+00
 4.0647E+04  2.3304E-02  3.2999E-02  2.3248E-02  6.8459E-02  1.0000E+00
 4.0958E+04  2.3367E-02  3.2828E-02  2.3312E-02  6.8125E-02  1.0000E+00
 4.1272E+04  2.3431E-02  3.2658E-02  2.3376E-02  6.7793E-02  1.0000E+00
 4.1588E+04  2.3495E-02  3.2488E-02  2.3440E-02  6.7463E-02  1.0000E+00
 4.1907E+04  2.3560E-02  3.2320E-02  2.3505E-02  6.7136E-02  1.0000E+00
 4.2228E+04  2.3624E-02  3.2153E-02  2.3570E-02  6.6810E-02  1.0000E+00
 4.2551E+04  2.3689E-02  3.1987E-02  2.3635E-02  6.6486E-02  1.0000E+00
 4.2877E+04  2.3754E-02  3.1821E-02  2.3701E-02  6.6163E-02  1.0000E+00
 4.3205E+04  2.3820E-02  3.1657E-02  2.3767E-02  6.5843E-02  1.0000E+00
 4.3536E+04  2.3886E-02  3.1493E-02  2.3833E-02  6.5525E-02  1.0000E+00
 4.3869E+04  2.3952E-02  3.1331E-02  2.3900E-02  6.5208E-02  1.0000E+00
 4.4205E+04  2.4019E-02  3.1169E-02  2.3967E-02  6.4894E-02  1.0000E+00
 4.4544E+04  2.4085E-02  3.1008E-02  2.4034E-02  6.4581E-02  1.0000E+00
 4.4885E+04  2.4152E-02  3.0849E-02  2.4101E-02  6.4270E-02  1.0000E+00
 4.5229E+04  2.4220E-02  3.0690E-02  2.4169E-02  6.3961E-02  1.0000E+00
 4.5575E+04  2.4288E-02  3.0532E-02  2.4237E-02  6.3654E-02  1.0000E+00
 4.5924E+04  2.4356E-02  3.0375E-02  2.4305E-02  6.3348E-02  1.0000E+00
 4.6276E+04  2.4424E-02  3.0219E-02  2.4374E-02  6.3044E-02  1.0000E+00
 4.6630E+04  2.4493E-02  3.0063E-02  2.4443E-02  6.2743E-02  1.0000E+00
 4.6987E+04  2.4562E-02  2.9909E-02  2.4513E-02  6.2443E-02  1.0000E+00
 4.7347E+04  2.4631E-02  2.9756E-02  2.4582E-02  6.2144E-02  1.0000E+00
 4.7710E+04  2.4701E-02  2.9603E-02  2.4652E-02  6.1848E-02  1.0000E+00
 4.8075E+04  2.4771E-02  2.9451E-02  2.4723E-02  6.1553E-02  1.0000E+00
 4.8443E+04  2.4842E-02  2.9301E-02  2.4794E-02  6.1260E-02  1.0000E+00
 4.8814E+04  2.4913E-02  2.9151E-02  2.4865E-02  6.0969E-02  1.0000E+00
 4.9188E+04  2.4984E-02  2.9002E-02  2.4936E-02  6.0680E-02  1.0000E+00
 4.9565E+04  2.5055E-02  2.8854E-02  2.5008E-02  6.0392E-02  1.0000E+00
 4.9945E+04  2.5127E-02  2.8706E-02  2.5080E-02  6.0106E-02  1.0000E+00
 5.0327E+04  2.5200E-02  2.8560E-02  2.5153E-02  5.9822E-02  1.0000E+00
 5.0713E+04  2.5272E-02  2.8414E-02  2.5226E-02  5.9539E-02  1.0000E+00
 5.1101E+04  2.5345E-02  2.8270E-02  2.5299E-02  5.9259E-02  1.0000E+00
 5.1492E+04  2.5419E-02  2.8126E-02  2.5373E-02  5.8979E-02  1.0000E+00
 5.1887E+04  2.5493E-02  2.7983E-02  2.5447E-02  5.8702E-02  1.0000E+00
 5.2284E+04  2.5567E-02  2.7841E-02  2.5521E-02  5.8426E-02  1.0000E+00
 5.2684E+04  2.5641E-02  2.7699E-02  2.5596E-02  5.8152E-02  1.0000E+00
 5.3088E+04  2.5716E-02  2.7559E-02  2.5672E-02  5.7880E-02  1.0000E+00
 5.3494E+04  2.5792E-02  2.7419E-02  2.5747E-02  5.7610E-02  1.0000E+00
 5.3904E+04  2.5867E-02  2.7280E-02  2.5823E-02  5.7341E-02  1.0000E+00
 5.4317E+04  2.5944E-02  2.7142E-02  2.5900E-02  5.7073E-02  1.0000E+00
 5.4733E+04  2.6020E-02  2.7005E-02  2.5977E-02  5.6808E-02  1.0000E+00
 5.5152E+04  2.6097E-02  2.6869E-02  2.6054E-02  5.6544E-02  1.0000E+00
 5.5574E+04  2.6175E-02  2.6733E-02  2.6132E-02  5.6281E-02  1.0000E+00
 5.6000E+04  2.6252E-02  2.6598E-02  2.6210E-02  5.6020E-02  1.0000E+00
 5.6429E+04  2.6331E-02  2.6465E-02  2.6288E-02  5.5761E-02  1.0000E+00
 5.6861E+04  2.6409E-02  2.6331E-02  2.6367E-02  5.5504E-02  1.0000E+00
 5.7297E+04  2.6489E-02  2.6199E-02  2.6447E-02  5.5248E-02  1.0000E+00
 5.7735E+04  2.6568E-02  2.6067E-02  2.6526E-02  5.4993E-02  1.0000E+00
 5.8177E+04  2.6648E-02  2.5937E-02  2.6607E-02  5.4741E-02  1.0000E+00
 5.8623E+04  2.6729E-02  2.5807E-02  2.6687E-02  5.4489E-02  1.0000E+00
 5.9072E+04  2.6810E-02  2.5677E-02  2.6769E-02  5.4240E-02  1.0000E+00
 5.9524E+04  2.6891E-02  2.5549E-02  2.6850E-02  5.3992E-02  1.0000E+00
 5.9980E+04  2.6973E-02  2.5421E-02  2.6932E-02  5.3745E-02  1.0000E+00
 6.0440E+04  2.7055E-02  2.5294E-02  2.7015E-02  5.3500E-02  1.0000E+00
 6.0902E+04  2.7138E-02  2.5168E-02  2.7098E-02  5.3257E-02  1.0000E+00
 6.1369E+04  2.7221E-02  2.5043E-02  2.7182E-02  5.3015E-02  1.0000E+00
 6.1839E+04  2.7305E-02  2.4918E-02  2.7266E-02  5.2775E-02  1.0000E+00
 6.2312E+04  2.7390E-02  2.4794E-02  2.7350E-02  5.2536E-02  1.0000E+00
 6.2790E+04  2.7474E-02  2.4671E-02  2.7435E-02  5.2299E-02  1.0000E+00
 6.3270E+04  2.7560E-02  2.4549E-02  2.7521E-02  5.2063E-02  1.0000E+00
 6.3755E+04  2.7645E-02  2.4427E-02  2.7607E-02  5.1829E-02  1.0000E+00
 6.4243E+04  2.7732E-02  2.4306E-02  2.7693E-02  5.1596E-02  1.0000E+00
 6.4735E+04  2.7818E-02  2.4186E-02  2.7780E-02  5.1365E-02  1.0000E+00
 6.5231E+04  2.7906E-02  2.4066E-02  2.7868E-02  5.1135E-02  1.0000E+00
 6.5731E+04  2.7994E-02  2.3948E-02  2.7956E-02  5.0907E-02  1.0000E+00
 6.6234E+04  2.8082E-02  2.3830E-02  2.8045E-02  5.0680E-02  1.0000E+00
 6.6741E+04  2.8171E-02  2.3712E-02  2.8134E-02  5.0455E-02  1.0000E+00
 6.7252E+04  2.8260E-02  2.3596E-02  2.8223E-02  5.0231E-02  1.0000E+00
 6.7767E+04  2.8350E-02  2.3480E-02  2.8314E-02  5.0009E-02  1.0000E+00
 6.8286E+04  2.8441E-02  2.3365E-02  2.8404E-02  4.9788E-02  1.0000E+00
 6.8809E+04  2.8532E-02  2.3250E-02  2.8496E-02  4.9568E-02  1.0000E+00
 6.9336E+04  2.8624E-02  2.3137E-02  2.8588E-02  4.9350E-02  1.0000E+00
 6.9867E+04  2.8716E-02  2.3024E-02  2.8680E-02  4.9134E-02  1.0000E+00
 7.0402E+04  2.8809E-02  2.2911E-02  2.8773E-02  4.8918E-02  1.0000E+00
 7.0942E+04  2.8902E-02  2.2800E-02  2.8867E-02  4.8705E-02  1.0000E+00
 7.1485E+04  2.8996E-02  2.2689E-02  2.8961E-02  4.8492E-02  1.0000E+00
 7.2032E+04  2.9091E-02  2.2579E-02  2.9056E-02  4.8281E-02  1.0000E+00
 7.2584E+04  2.9186E-02  2.2469E-02  2.9151E-02  4.8072E-02  1.0000E+00
 7.3140E+04  2.9282E-02  2.2360E-02  2.9247E-02  4.7864E-02  1.0000E+00
 7.3700E+04  2.9379E-02  2.2252E-02  2.9344E-02  4.7657E-02  1.0000E+00
 7.4264E+04  2.9476E-02  2.2144E-02  2.9441E-02  4.7451E-02  1.0000E+00
 7.4833E+04  2.9573E-02  2.2037E-02  2.9539E-02  4.7247E-02  1.0000E+00
 7.5406E+04  2.9672E-02  2.1931E-02  2.9638E-02  4.7045E-02  1.0000E+00
 7.5984E+04  2.9771E-02  2.1826E-02  2.9737E-02  4.6843E-02  1.0000E+00
 7.6566E+04  2.9870E-02  2.1721E-02  2.9837E-02  4.6643E-02  1.0000E+00
 7.7152E+04  2.9971E-02  2.1616E-02  2.9937E-02  4.6445E-02  1.0000E+00
 7.7743E+04  3.0071E-02  2.1513E-02  3.0038E-02  4.6247E-02  1.0000E+00
 7.8338E+04  3.0173E-02  2.1410E-02  3.0140E-02  4.6051E-02  1.0000E+00
 7.8938E+04  3.0275E-02  2.1308E-02  3.0243E-02  4.5857E-02  1.0000E+00
 7.9543E+04  3.0378E-02  2.1206E-02  3.0346E-02  4.5663E-02  1.0000E+00
 8.0152E+04  3.0482E-02  2.1105E-02  3.0450E-02  4.5471E-02  1.0000E+00
 8.0766E+04  3.0586E-02  2.1004E-02  3.0554E-02  4.5281E-02  1.0000E+00
 8.1384E+04  3.0691E-02  2.0905E-02  3.0659E-02  4.5091E-02  1.0000E+00
 8.2008E+04  3.0797E-02  2.0806E-02  3.0765E-02  4.4903E-02  1.0000E+00
 8.2636E+04  3.0904E-02  2.0707E-02  3.0872E-02  4.4717E-02  1.0000E+00
 8.3268E+04  3.1011E-02  2.0609E-02  3.0979E-02  4.4531E-02  1.0000E+00
 8.3906E+04  3.1119E-02  2.0512E-02  3.1088E-02  4.4347E-02  1.0000E+00
 8.4549E+04  3.1228E-02  2.0415E-02  3.1196E-02  4.4164E-02  1.0000E+00
 8.5196E+04  3.1337E-02  2.0319E-02  3.1306E-02  4.3983E-02  1.0000E+00
 8.5849E+04  3.1447E-02  2.0224E-02  3.1416E-02  4.3802E-02  1.0000E+00
 8.6506E+04  3.1558E-02  2.0129E-02  3.1528E-02  4.3623E-02  1.0000E+00
 8.7169E+04  3.1670E-02  2.0035E-02  3.1640E-02  4.3445E-02  1.0000E+00
 8.7836E+04  3.1783E-02  1.9941E-02  3.1752E-02  4.3269E-02  1.0000E+00
 8.8509E+04  3.1896E-02  1.9848E-02  3.1866E-02  4.3093E-02  1.0000E+00
 8.9187E+04  3.2010E-02  1.9756E-02  3.1980E-02  4.2919E-02  1.0000E+00
 8.9870E+04  3.2125E-02  1.9664E-02  3.2095E-02  4.2746E-02  1.0000E+00
 9.0558E+04  3.2241E-02  1.9573E-02  3.2211E-02  4.2575E-02  1.0000E+00
 9.1252E+04  3.2358E-02  1.9482E-02  3.2328E-02  4.2404E-02  1.0000E+00
 9.1950E+04  3.2475E-02  1.9392E-02  3.2446E-02  4.2235E-02  1.0000E+00
 9.2655E+04  3.2593E-02  1.9303E-02  3.2564E-02  4.2067E-02  1.0000E+00
 9.3364E+04  3.2712E-02  1.9214E-02  3.2683E-02  4.1900E-02  1.0000E+00
 9.4079E+04  3.2832E-02  1.9125E-02  3.2803E-02  4.1735E-02  1.0000E+00
 9.4800E+04  3.2953E-02  1.9038E-02  3.2925E-02  4.1571E-02  1.0000E+00
 9.5526E+04  3.3075E-02  1.8950E-02  3.3046E-02  4.1407E-02  1.0000E+00
 9.6257E+04  3.3198E-02  1.8864E-02  3.3169E-02  4.1245E-02  1.0000E+00
 9.6994E+04  3.3321E-02  1.8778E-02  3.3293E-02  4.1085E-02  1.0000E+00
 9.7737E+04  3.3446E-02  1.8692E-02  3.3418E-02  4.0925E-02  1.0000E+00
 9.8486E+04  3.3571E-02  1.8607E-02  3.3543E-02  4.0767E-02  1.0000E+00
 9.9240E+04  3.3698E-02  1.8523E-02  3.3670E-02  4.0609E-02  1.0000E+00
 1.0000E+05  3.3825E-02  1.8439E-02  3.3797E-02  4.0453E-02  1.0000E+00


