#     0	 1	   18	 3	 1.1804E+02	 1000	1
 4.8978E+01  0.0000E+00  0.0000E+00  0.0000E+00  0.0000E+00  0.0000E+00
 4.9353E+01  0.0000E+00  0.0000E+00  0.0000E+00  0.0000E+00  0.0000E+00
 4.9731E+01  0.0000E+00  0.0000E+00  0.0000E+00  0.0000E+00  0.0000E+00
 5.0112E+01  0.0000E+00  0.0000E+00  0.0000E+00  0.0000E+00  0.0000E+00
 5.0496E+01  0.0000E+00  0.0000E+00  0.0000E+00  0.0000E+00  0.0000E+00
 5.0882E+01  0.0000E+00  0.0000E+00  0.0000E+00  0.0000E+00  0.0000E+00
 5.1272E+01  0.0000E+00  0.0000E+00  0.0000E+00  0.0000E+00  0.0000E+00
 5.1665E+01  0.0000E+00  0.0000E+00  0.0000E+00  0.0000E+00  0.0000E+00
 5.2060E+01  0.0000E+00  0.0000E+00  0.0000E+00  0.0000E+00  0.0000E+00
 5.2459E+01  0.0000E+00  0.0000E+00  0.0000E+00  0.0000E+00  0.0000E+00
 5.2861E+01  0.0000E+00  0.0000E+00  0.0000E+00  0.0000E+00  0.0000E+00
 5.3266E+01  0.0000E+00  0.0000E+00  0.0000E+00  0.0000E+00  0.0000E+00
 5.3673E+01  0.0000E+00  0.0000E+00  0.0000E+00  0.0000E+00  0.0000E+00
 5.4085E+01  0.0000E+00  0.0000E+00  0.0000E+00  0.0000E+00  0.0000E+00
 5.4499E+01  0.0000E+00  0.0000E+00  0.0000E+00  0.0000E+00  0.0000E+00
 5.4916E+01  0.0000E+00  0.0000E+00  0.0000E+00  0.0000E+00  0.0000E+00
 5.5337E+01  0.0000E+00  0.0000E+00  0.0000E+00  0.0000E+00  0.0000E+00
 5.5760E+01  0.0000E+00  0.0000E+00  0.0000E+00  0.0000E+00  0.0000E+00
 5.6187E+01  0.0000E+00  0.0000E+00  0.0000E+00  0.0000E+00  0.0000E+00
 5.6618E+01  0.0000E+00  0.0000E+00  0.0000E+00  0.0000E+00  0.0000E+00
 5.7051E+01  0.0000E+00  0.0000E+00  0.0000E+00  0.0000E+00  0.0000E+00
 5.7488E+01  0.0000E+00  0.0000E+00  0.0000E+00  0.0000E+00  0.0000E+00
 5.7929E+01  0.0000E+00  0.0000E+00  0.0000E+00  0.0000E+00  0.0000E+00
 5.8372E+01  0.0000E+00  0.0000E+00  0.0000E+00  0.0000E+00  0.0000E+00
 5.8819E+01  0.0000E+00  0.0000E+00  0.0000E+00  0.0000E+00  0.0000E+00
 5.9270E+01  0.0000E+00  0.0000E+00  0.0000E+00  0.0000E+00  0.0000E+00
 5.9724E+01  0.0000E+00  0.0000E+00  0.0000E+00  0.0000E+00  0.0000E+00
 6.0181E+01  0.0000E+00  0.0000E+00  0.0000E+00  0.0000E+00  0.0000E+00
 6.0642E+01  0.0000E+00  0.0000E+00  0.0000E+00  0.0000E+00  0.0000E+00
 6.1106E+01  0.0000E+00  0.0000E+00  0.0000E+00  0.0000E+00  0.0000E+00
 6.1574E+01  0.0000E+00  0.0000E+00  0.0000E+00  0.0000E+00  0.0000E+00
 6.2046E+01  0.0000E+00  0.0000E+00  0.0000E+00  0.0000E+00  0.0000E+00
 6.2521E+01  0.0000E+00  0.0000E+00  0.0000E+00  0.0000E+00  0.0000E+00
 6.3000E+01  0.0000E+00  0.0000E+00  0.0000E+00  0.0000E+00  0.0000E+00
 6.3482E+01  0.0000E+00  0.0000E+00  0.0000E+00  0.0000E+00  0.0000E+00
 6.3968E+01  0.0000E+00  0.0000E+00  0.0000E+00  0.0000E+00  0.0000E+00
 6.4458E+01  0.0000E+00  0.0000E+00  0.0000E+00  0.0000E+00  0.0000E+00
 6.4952E+01  0.0000E+00  0.0000E+00  0.0000E+00  0.0000E+00  0.0000E+00
 6.5449E+01  0.0000E+00  0.0000E+00  0.0000E+00  0.0000E+00  0.0000E+00
 6.5951E+01  0.0000E+00  0.0000E+00  0.0000E+00  0.0000E+00  0.0000E+00
 6.6456E+01  0.0000E+00  0.0000E+00  0.0000E+00  0.0000E+00  0.0000E+00
 6.6965E+01  0.0000E+00  0.0000E+00  0.0000E+00  0.0000E+00  0.0000E+00
 6.7478E+01  0.0000E+00  0.0000E+00  0.0000E+00  0.0000E+00  0.0000E+00
 6.7994E+01  0.0000E+00  0.0000E+00  0.0000E+00  0.0000E+00  0.0000E+00
 6.8515E+01  0.0000E+00  0.0000E+00  0.0000E+00  0.0000E+00  0.0000E+00
 6.9040E+01  0.0000E+00  0.0000E+00  0.0000E+00  0.0000E+00  0.0000E+00
 6.9568E+01  0.0000E+00  0.0000E+00  0.0000E+00  0.0000E+00  0.0000E+00
 7.0101E+01  0.0000E+00  0.0000E+00  0.0000E+00  0.0000E+00  0.0000E+00
 7.0638E+01  0.0000E+00  0.0000E+00  0.0000E+00  0.0000E+00  0.0000E+00
 7.1179E+01  0.0000E+00  0.0000E+00  0.0000E+00  0.0000E+00  0.0000E+00
 7.1724E+01  0.0000E+00  0.0000E+00  0.0000E+00  0.0000E+00  0.0000E+00
 7.2273E+01  0.0000E+00  0.0000E+00  0.0000E+00  0.0000E+00  0.0000E+00
 7.2827E+01  0.0000E+00  0.0000E+00  0.0000E+00  0.0000E+00  0.0000E+00
 7.3385E+01  0.0000E+00  0.0000E+00  0.0000E+00  0.0000E+00  0.0000E+00
 7.3947E+01  0.0000E+00  0.0000E+00  0.0000E+00  0.0000E+00  0.0000E+00
 7.4513E+01  0.0000E+00  0.0000E+00  0.0000E+00  0.0000E+00  0.0000E+00
 7.5084E+01  0.0000E+00  0.0000E+00  0.0000E+00  0.0000E+00  0.0000E+00
 7.5659E+01  0.0000E+00  0.0000E+00  0.0000E+00  0.0000E+00  0.0000E+00
 7.6238E+01  0.0000E+00  0.0000E+00  0.0000E+00  0.0000E+00  0.0000E+00
 7.6822E+01  0.0000E+00  0.0000E+00  0.0000E+00  0.0000E+00  0.0000E+00
 7.7410E+01  0.0000E+00  0.0000E+00  0.0000E+00  0.0000E+00  0.0000E+00
 7.8003E+01  0.0000E+00  0.0000E+00  0.0000E+00  0.0000E+00  0.0000E+00
 7.8601E+01  0.0000E+00  0.0000E+00  0.0000E+00  0.0000E+00  0.0000E+00
 7.9202E+01  0.0000E+00  0.0000E+00  0.0000E+00  0.0000E+00  0.0000E+00
 7.9809E+01  0.0000E+00  0.0000E+00  0.0000E+00  0.0000E+00  0.0000E+00
 8.0420E+01  0.0000E+00  0.0000E+00  0.0000E+00  0.0000E+00  0.0000E+00
 8.1036E+01  0.0000E+00  0.0000E+00  0.0000E+00  0.0000E+00  0.0000E+00
 8.1657E+01  0.0000E+00  0.0000E+00  0.0000E+00  0.0000E+00  0.0000E+00
 8.2282E+01  0.0000E+00  0.0000E+00  0.0000E+00  0.0000E+00  0.0000E+00
 8.2912E+01  0.0000E+00  0.0000E+00  0.0000E+00  0.0000E+00  0.0000E+00
 8.3547E+01  0.0000E+00  0.0000E+00  0.0000E+00  0.0000E+00  0.0000E+00
 8.4187E+01  0.0000E+00  0.0000E+00  0.0000E+00  0.0000E+00  0.0000E+00
 8.4832E+01  0.0000E+00  0.0000E+00  0.0000E+00  0.0000E+00  0.0000E+00
 8.5481E+01  0.0000E+00  0.0000E+00  0.0000E+00  0.0000E+00  0.0000E+00
 8.6136E+01  0.0000E+00  0.0000E+00  0.0000E+00  0.0000E+00  0.0000E+00
 8.6796E+01  0.0000E+00  0.0000E+00  0.0000E+00  0.0000E+00  0.0000E+00
 8.7460E+01  0.0000E+00  0.0000E+00  0.0000E+00  0.0000E+00  0.0000E+00
 8.8130E+01  0.0000E+00  0.0000E+00  0.0000E+00  0.0000E+00  0.0000E+00
 8.8805E+01  0.0000E+00  0.0000E+00  0.0000E+00  0.0000E+00  0.0000E+00
 8.9485E+01  0.0000E+00  0.0000E+00  0.0000E+00  0.0000E+00  0.0000E+00
 9.0171E+01  0.0000E+00  0.0000E+00  0.0000E+00  0.0000E+00  0.0000E+00
 9.0861E+01  0.0000E+00  0.0000E+00  0.0000E+00  0.0000E+00  0.0000E+00
 9.1557E+01  0.0000E+00  0.0000E+00  0.0000E+00  0.0000E+00  0.0000E+00
 9.2258E+01  0.0000E+00  0.0000E+00  0.0000E+00  0.0000E+00  0.0000E+00
 9.2965E+01  0.0000E+00  0.0000E+00  0.0000E+00  0.0000E+00  0.0000E+00
 9.3677E+01  0.0000E+00  0.0000E+00  0.0000E+00  0.0000E+00  0.0000E+00
 9.4394E+01  0.0000E+00  0.0000E+00  0.0000E+00  0.0000E+00  0.0000E+00
 9.5117E+01  0.0000E+00  0.0000E+00  0.0000E+00  0.0000E+00  0.0000E+00
 9.5845E+01  0.0000E+00  0.0000E+00  0.0000E+00  0.0000E+00  0.0000E+00
 9.6579E+01  0.0000E+00  0.0000E+00  0.0000E+00  0.0000E+00  0.0000E+00
 9.7319E+01  0.0000E+00  0.0000E+00  0.0000E+00  0.0000E+00  0.0000E+00
 9.8064E+01  0.0000E+00  0.0000E+00  0.0000E+00  0.0000E+00  0.0000E+00
 9.8815E+01  0.0000E+00  0.0000E+00  0.0000E+00  0.0000E+00  0.0000E+00
 9.9572E+01  0.0000E+00  0.0000E+00  0.0000E+00  0.0000E+00  0.0000E+00
 1.0033E+02  0.0000E+00  0.0000E+00  0.0000E+00  0.0000E+00  0.0000E+00
 1.0110E+02  0.0000E+00  0.0000E+00  0.0000E+00  0.0000E+00  0.0000E+00
 1.0188E+02  0.0000E+00  0.0000E+00  0.0000E+00  0.0000E+00  0.0000E+00
 1.0266E+02  0.0000E+00  0.0000E+00  0.0000E+00  0.0000E+00  0.0000E+00
 1.0344E+02  0.0000E+00  0.0000E+00  0.0000E+00  0.0000E+00  0.0000E+00
 1.0424E+02  0.0000E+00  0.0000E+00  0.0000E+00  0.0000E+00  0.0000E+00
 1.0503E+02  0.0000E+00  0.0000E+00  0.0000E+00  0.0000E+00  0.0000E+00
 1.0584E+02  0.0000E+00  0.0000E+00  0.0000E+00  0.0000E+00  0.0000E+00
 1.0665E+02  0.0000E+00  0.0000E+00  0.0000E+00  0.0000E+00  0.0000E+00
 1.0747E+02  0.0000E+00  0.0000E+00  0.0000E+00  0.0000E+00  0.0000E+00
 1.0829E+02  0.0000E+00  0.0000E+00  0.0000E+00  0.0000E+00  0.0000E+00
 1.0912E+02  0.0000E+00  0.0000E+00  0.0000E+00  0.0000E+00  0.0000E+00
 1.0995E+02  0.0000E+00  0.0000E+00  0.0000E+00  0.0000E+00  0.0000E+00
 1.1080E+02  0.0000E+00  0.0000E+00  0.0000E+00  0.0000E+00  0.0000E+00
 1.1164E+02  0.0000E+00  0.0000E+00  0.0000E+00  0.0000E+00  0.0000E+00
 1.1250E+02  0.0000E+00  0.0000E+00  0.0000E+00  0.0000E+00  0.0000E+00
 1.1336E+02  0.0000E+00  0.0000E+00  0.0000E+00  0.0000E+00  0.0000E+00
 1.1423E+02  0.0000E+00  0.0000E+00  0.0000E+00  0.0000E+00  0.0000E+00
 1.1510E+02  0.0000E+00  0.0000E+00  0.0000E+00  0.0000E+00  0.0000E+00
 1.1599E+02  0.0000E+00  0.0000E+00  0.0000E+00  0.0000E+00  0.0000E+00
 1.1687E+02  0.0000E+00  0.0000E+00  0.0000E+00  0.0000E+00  0.0000E+00
 1.1777E+02  0.0000E+00  0.0000E+00  0.0000E+00  0.0000E+00  0.0000E+00
 1.1867E+02  5.5953E-03  2.8214E+00  1.0022E-02  1.0108E+01  1.0000E+00
 1.1958E+02  5.5781E-03  2.7914E+00  1.0022E-02  1.0031E+01  1.0000E+00
 1.2050E+02  5.5611E-03  2.7617E+00  1.0022E-02  9.9549E+00  1.0000E+00
 1.2142E+02  5.5441E-03  2.7323E+00  1.0022E-02  9.8793E+00  1.0000E+00
 1.2235E+02  5.5271E-03  2.7033E+00  1.0022E-02  9.8043E+00  1.0000E+00
 1.2329E+02  5.5103E-03  2.6746E+00  1.0022E-02  9.7298E+00  1.0000E+00
 1.2423E+02  5.4940E-03  2.6464E+00  1.0022E-02  9.6559E+00  1.0000E+00
 1.2518E+02  5.4782E-03  2.6187E+00  1.0022E-02  9.5825E+00  1.0000E+00
 1.2614E+02  5.4630E-03  2.5916E+00  1.0023E-02  9.5098E+00  1.0000E+00
 1.2711E+02  5.4484E-03  2.5650E+00  1.0023E-02  9.4375E+00  1.0000E+00
 1.2808E+02  5.4343E-03  2.5389E+00  1.0023E-02  9.3658E+00  1.0000E+00
 1.2906E+02  5.4207E-03  2.5134E+00  1.0023E-02  9.2947E+00  1.0000E+00
 1.3005E+02  5.4077E-03  2.4882E+00  1.0023E-02  9.2241E+00  1.0000E+00
 1.3104E+02  5.3952E-03  2.4636E+00  1.0023E-02  9.1540E+00  1.0000E+00
 1.3205E+02  5.3832E-03  2.4395E+00  1.0023E-02  9.0845E+00  1.0000E+00
 1.3306E+02  5.3717E-03  2.4158E+00  1.0023E-02  9.0155E+00  1.0000E+00
 1.3408E+02  5.3607E-03  2.3925E+00  1.0023E-02  8.9470E+00  1.0000E+00
 1.3510E+02  5.3502E-03  2.3697E+00  1.0023E-02  8.8791E+00  1.0000E+00
 1.3614E+02  5.3402E-03  2.3473E+00  1.0023E-02  8.8116E+00  1.0000E+00
 1.3718E+02  5.3307E-03  2.3253E+00  1.0023E-02  8.7447E+00  1.0000E+00
 1.3823E+02  5.3217E-03  2.3037E+00  1.0023E-02  8.6783E+00  1.0000E+00
 1.3929E+02  5.3132E-03  2.2825E+00  1.0023E-02  8.6124E+00  1.0000E+00
 1.4036E+02  5.3051E-03  2.2617E+00  1.0023E-02  8.5470E+00  1.0000E+00
 1.4143E+02  5.2974E-03  2.2413E+00  1.0023E-02  8.4820E+00  1.0000E+00
 1.4252E+02  5.2903E-03  2.2212E+00  1.0023E-02  8.4176E+00  1.0000E+00
 1.4361E+02  5.2836E-03  2.2016E+00  1.0023E-02  8.3537E+00  1.0000E+00
 1.4471E+02  5.2773E-03  2.1822E+00  1.0023E-02  8.2902E+00  1.0000E+00
 1.4582E+02  5.2715E-03  2.1633E+00  1.0023E-02  8.2273E+00  1.0000E+00
 1.4693E+02  5.2661E-03  2.1446E+00  1.0023E-02  8.1648E+00  1.0000E+00
 1.4806E+02  5.2612E-03  2.1263E+00  1.0023E-02  8.1028E+00  1.0000E+00
 1.4919E+02  5.2566E-03  2.1084E+00  1.0023E-02  8.0412E+00  1.0000E+00
 1.5033E+02  5.2525E-03  2.0907E+00  1.0023E-02  7.9801E+00  1.0000E+00
 1.5149E+02  5.2489E-03  2.0734E+00  1.0024E-02  7.9195E+00  1.0000E+00
 1.5265E+02  5.2456E-03  2.0563E+00  1.0024E-02  7.8594E+00  1.0000E+00
 1.5381E+02  5.2428E-03  2.0396E+00  1.0024E-02  7.7997E+00  1.0000E+00
 1.5499E+02  5.2404E-03  2.0232E+00  1.0024E-02  7.7404E+00  1.0000E+00
 1.5618E+02  5.2384E-03  2.0070E+00  1.0024E-02  7.6817E+00  1.0000E+00
 1.5738E+02  5.2368E-03  1.9911E+00  1.0024E-02  7.6233E+00  1.0000E+00
 1.5858E+02  5.2356E-03  1.9756E+00  1.0024E-02  7.5654E+00  1.0000E+00
 1.5980E+02  5.2348E-03  1.9602E+00  1.0024E-02  7.5080E+00  1.0000E+00
 1.6102E+02  5.2344E-03  1.9452E+00  1.0024E-02  7.4509E+00  1.0000E+00
 1.6225E+02  5.2344E-03  1.9304E+00  1.0024E-02  7.3943E+00  1.0000E+00
 1.6349E+02  5.2348E-03  1.9159E+00  1.0024E-02  7.3382E+00  1.0000E+00
 1.6475E+02  5.2355E-03  1.9016E+00  1.0024E-02  7.2824E+00  1.0000E+00
 1.6601E+02  5.2367E-03  1.8876E+00  1.0024E-02  7.2271E+00  1.0000E+00
 1.6728E+02  5.2383E-03  1.8738E+00  1.0024E-02  7.1722E+00  1.0000E+00
 1.6856E+02  5.2402E-03  1.8602E+00  1.0024E-02  7.1178E+00  1.0000E+00
 1.6985E+02  5.2425E-03  1.8469E+00  1.0024E-02  7.0637E+00  1.0000E+00
 1.7115E+02  5.2452E-03  1.8338E+00  1.0024E-02  7.0101E+00  1.0000E+00
 1.7246E+02  5.2483E-03  1.8209E+00  1.0024E-02  6.9568E+00  1.0000E+00
 1.7378E+02  5.2517E-03  1.8083E+00  1.0024E-02  6.9040E+00  1.0000E+00
 1.7511E+02  5.2555E-03  1.7958E+00  1.0024E-02  6.8516E+00  1.0000E+00
 1.7646E+02  5.2597E-03  1.7836E+00  1.0025E-02  6.7995E+00  1.0000E+00
 1.7781E+02  5.2643E-03  1.7716E+00  1.0025E-02  6.7479E+00  1.0000E+00
 1.7917E+02  5.2693E-03  1.7598E+00  1.0025E-02  6.6966E+00  1.0000E+00
 1.8054E+02  5.2746E-03  1.7481E+00  1.0025E-02  6.6458E+00  1.0000E+00
 1.8192E+02  5.2802E-03  1.7367E+00  1.0025E-02  6.5953E+00  1.0000E+00
 1.8332E+02  5.2863E-03  1.7255E+00  1.0025E-02  6.5452E+00  1.0000E+00
 1.8472E+02  5.2927E-03  1.7145E+00  1.0025E-02  6.4955E+00  1.0000E+00
 1.8614E+02  5.2995E-03  1.7036E+00  1.0025E-02  6.4462E+00  1.0000E+00
 1.8756E+02  5.3066E-03  1.6929E+00  1.0025E-02  6.3972E+00  1.0000E+00
 1.8900E+02  5.3139E-03  1.6824E+00  1.0025E-02  6.3487E+00  1.0000E+00
 1.9045E+02  5.3215E-03  1.6719E+00  1.0025E-02  6.3004E+00  1.0000E+00
 1.9190E+02  5.3292E-03  1.6616E+00  1.0025E-02  6.2526E+00  1.0000E+00
 1.9337E+02  5.3370E-03  1.6514E+00  1.0025E-02  6.2051E+00  1.0000E+00
 1.9485E+02  5.3451E-03  1.6414E+00  1.0025E-02  6.1580E+00  1.0000E+00
 1.9635E+02  5.3533E-03  1.6314E+00  1.0025E-02  6.1112E+00  1.0000E+00
 1.9785E+02  5.3617E-03  1.6215E+00  1.0025E-02  6.0648E+00  1.0000E+00
 1.9937E+02  5.3703E-03  1.6118E+00  1.0025E-02  6.0188E+00  1.0000E+00
 2.0089E+02  5.3790E-03  1.6021E+00  1.0025E-02  5.9730E+00  1.0000E+00
 2.0243E+02  5.3879E-03  1.5926E+00  1.0026E-02  5.9277E+00  1.0000E+00
 2.0398E+02  5.3970E-03  1.5831E+00  1.0026E-02  5.8827E+00  1.0000E+00
 2.0554E+02  5.4062E-03  1.5738E+00  1.0026E-02  5.8380E+00  1.0000E+00
 2.0712E+02  5.4156E-03  1.5645E+00  1.0026E-02  5.7937E+00  1.0000E+00
 2.0870E+02  5.4252E-03  1.5554E+00  1.0026E-02  5.7497E+00  1.0000E+00
 2.1030E+02  5.4350E-03  1.5464E+00  1.0026E-02  5.7060E+00  1.0000E+00
 2.1191E+02  5.4449E-03  1.5374E+00  1.0026E-02  5.6627E+00  1.0000E+00
 2.1354E+02  5.4550E-03  1.5285E+00  1.0026E-02  5.6197E+00  1.0000E+00
 2.1517E+02  5.4652E-03  1.5198E+00  1.0026E-02  5.5770E+00  1.0000E+00
 2.1682E+02  5.4756E-03  1.5111E+00  1.0026E-02  5.5347E+00  1.0000E+00
 2.1848E+02  5.4862E-03  1.5025E+00  1.0026E-02  5.4926E+00  1.0000E+00
 2.2015E+02  5.4969E-03  1.4940E+00  1.0026E-02  5.4509E+00  1.0000E+00
 2.2184E+02  5.5078E-03  1.4856E+00  1.0026E-02  5.4095E+00  1.0000E+00
 2.2354E+02  5.5188E-03  1.4772E+00  1.0026E-02  5.3685E+00  1.0000E+00
 2.2525E+02  5.5301E-03  1.4690E+00  1.0026E-02  5.3277E+00  1.0000E+00
 2.2697E+02  5.5414E-03  1.4608E+00  1.0026E-02  5.2872E+00  1.0000E+00
 2.2871E+02  5.5529E-03  1.4527E+00  1.0027E-02  5.2471E+00  1.0000E+00
 2.3046E+02  5.5646E-03  1.4447E+00  1.0027E-02  5.2073E+00  1.0000E+00
 2.3223E+02  5.5765E-03  1.4368E+00  1.0027E-02  5.1677E+00  1.0000E+00
 2.3401E+02  5.5884E-03  1.4289E+00  1.0027E-02  5.1285E+00  1.0000E+00
 2.3580E+02  5.6006E-03  1.4211E+00  1.0027E-02  5.0895E+00  1.0000E+00
 2.3761E+02  5.6129E-03  1.4134E+00  1.0027E-02  5.0509E+00  1.0000E+00
 2.3942E+02  5.6253E-03  1.4058E+00  1.0027E-02  5.0125E+00  1.0000E+00
 2.4126E+02  5.6379E-03  1.3982E+00  1.0027E-02  4.9745E+00  1.0000E+00
 2.4311E+02  5.6507E-03  1.3907E+00  1.0027E-02  4.9367E+00  1.0000E+00
 2.4497E+02  5.6636E-03  1.3833E+00  1.0027E-02  4.8992E+00  1.0000E+00
 2.4684E+02  5.6767E-03  1.3760E+00  1.0027E-02  4.8620E+00  1.0000E+00
 2.4873E+02  5.6899E-03  1.3687E+00  1.0027E-02  4.8251E+00  1.0000E+00
 2.5064E+02  5.7032E-03  1.3615E+00  1.0027E-02  4.7885E+00  1.0000E+00
 2.5256E+02  5.7167E-03  1.3543E+00  1.0027E-02  4.7521E+00  1.0000E+00
 2.5449E+02  5.7304E-03  1.3472E+00  1.0028E-02  4.7160E+00  1.0000E+00
 2.5644E+02  5.7442E-03  1.3402E+00  1.0028E-02  4.6802E+00  1.0000E+00
 2.5841E+02  5.7581E-03  1.3333E+00  1.0028E-02  4.6447E+00  1.0000E+00
 2.6038E+02  5.7722E-03  1.3264E+00  1.0028E-02  4.6094E+00  1.0000E+00
 2.6238E+02  5.7865E-03  1.3195E+00  1.0028E-02  4.5744E+00  1.0000E+00
 2.6439E+02  5.8009E-03  1.3127E+00  1.0028E-02  4.5397E+00  1.0000E+00
 2.6641E+02  5.8154E-03  1.3060E+00  1.0028E-02  4.5052E+00  1.0000E+00
 2.6845E+02  5.8301E-03  1.2994E+00  1.0028E-02  4.4710E+00  1.0000E+00
 2.7051E+02  5.8449E-03  1.2928E+00  1.0028E-02  4.4371E+00  1.0000E+00
 2.7258E+02  5.8598E-03  1.2862E+00  1.0028E-02  4.4034E+00  1.0000E+00
 2.7467E+02  5.8749E-03  1.2797E+00  1.0028E-02  4.3700E+00  1.0000E+00
 2.7677E+02  5.8902E-03  1.2733E+00  1.0028E-02  4.3368E+00  1.0000E+00
 2.7889E+02  5.9055E-03  1.2669E+00  1.0029E-02  4.3039E+00  1.0000E+00
 2.8103E+02  5.9211E-03  1.2606E+00  1.0029E-02  4.2712E+00  1.0000E+00
 2.8318E+02  5.9367E-03  1.2543E+00  1.0029E-02  4.2388E+00  1.0000E+00
 2.8535E+02  5.9525E-03  1.2481E+00  1.0029E-02  4.2066E+00  1.0000E+00
 2.8753E+02  5.9684E-03  1.2419E+00  1.0029E-02  4.1747E+00  1.0000E+00
 2.8974E+02  5.9845E-03  1.2358E+00  1.0029E-02  4.1430E+00  1.0000E+00
 2.9195E+02  6.0007E-03  1.2297E+00  1.0029E-02  4.1115E+00  1.0000E+00
 2.9419E+02  6.0170E-03  1.2237E+00  1.0029E-02  4.0803E+00  1.0000E+00
 2.9644E+02  6.0333E-03  1.2177E+00  1.0029E-02  4.0493E+00  1.0000E+00
 2.9871E+02  6.0497E-03  1.2117E+00  1.0029E-02  4.0186E+00  1.0000E+00
 3.0100E+02  6.0662E-03  1.2058E+00  1.0029E-02  3.9881E+00  1.0000E+00
 3.0331E+02  6.0827E-03  1.1999E+00  1.0029E-02  3.9578E+00  1.0000E+00
 3.0563E+02  6.0993E-03  1.1940E+00  1.0030E-02  3.9278E+00  1.0000E+00
 3.0797E+02  6.1160E-03  1.1881E+00  1.0030E-02  3.8980E+00  1.0000E+00
 3.1033E+02  6.1327E-03  1.1823E+00  1.0030E-02  3.8684E+00  1.0000E+00
 3.1271E+02  6.1495E-03  1.1766E+00  1.0030E-02  3.8390E+00  1.0000E+00
 3.1510E+02  6.1663E-03  1.1708E+00  1.0030E-02  3.8099E+00  1.0000E+00
 3.1751E+02  6.1832E-03  1.1651E+00  1.0030E-02  3.7809E+00  1.0000E+00
 3.1994E+02  6.2002E-03  1.1594E+00  1.0030E-02  3.7522E+00  1.0000E+00
 3.2240E+02  6.2172E-03  1.1537E+00  1.0030E-02  3.7238E+00  1.0000E+00
 3.2486E+02  6.2342E-03  1.1481E+00  1.0030E-02  3.6955E+00  1.0000E+00
 3.2735E+02  6.2513E-03  1.1425E+00  1.0030E-02  3.6674E+00  1.0000E+00
 3.2986E+02  6.2684E-03  1.1369E+00  1.0031E-02  3.6396E+00  1.0000E+00
 3.3239E+02  6.2856E-03  1.1314E+00  1.0031E-02  3.6120E+00  1.0000E+00
 3.3493E+02  6.3028E-03  1.1259E+00  1.0031E-02  3.5846E+00  1.0000E+00
 3.3750E+02  6.3201E-03  1.1203E+00  1.0031E-02  3.5574E+00  1.0000E+00
 3.4008E+02  6.3374E-03  1.1149E+00  1.0031E-02  3.5304E+00  1.0000E+00
 3.4268E+02  6.3547E-03  1.1094E+00  1.0031E-02  3.5036E+00  1.0000E+00
 3.4531E+02  6.3720E-03  1.1040E+00  1.0031E-02  3.4770E+00  1.0000E+00
 3.4795E+02  6.3894E-03  1.0986E+00  1.0031E-02  3.4506E+00  1.0000E+00
 3.5062E+02  6.4068E-03  1.0932E+00  1.0031E-02  3.4244E+00  1.0000E+00
 3.5330E+02  6.4243E-03  1.0878E+00  1.0031E-02  3.3984E+00  1.0000E+00
 3.5601E+02  6.4417E-03  1.0825E+00  1.0032E-02  3.3726E+00  1.0000E+00
 3.5874E+02  6.4592E-03  1.0772E+00  1.0032E-02  3.3470E+00  1.0000E+00
 3.6148E+02  6.4767E-03  1.0719E+00  1.0032E-02  3.3216E+00  1.0000E+00
 3.6425E+02  6.4942E-03  1.0666E+00  1.0032E-02  3.2964E+00  1.0000E+00
 3.6704E+02  6.5117E-03  1.0614E+00  1.0032E-02  3.2714E+00  1.0000E+00
 3.6985E+02  6.5292E-03  1.0561E+00  1.0032E-02  3.2466E+00  1.0000E+00
 3.7268E+02  6.5468E-03  1.0509E+00  1.0032E-02  3.2219E+00  1.0000E+00
 3.7554E+02  6.5643E-03  1.0457E+00  1.0032E-02  3.1975E+00  1.0000E+00
 3.7841E+02  6.5818E-03  1.0405E+00  1.0032E-02  3.1732E+00  1.0000E+00
 3.8131E+02  6.5994E-03  1.0354E+00  1.0033E-02  3.1491E+00  1.0000E+00
 3.8423E+02  6.6169E-03  1.0302E+00  1.0033E-02  3.1252E+00  1.0000E+00
 3.8718E+02  6.6345E-03  1.0251E+00  1.0033E-02  3.1015E+00  1.0000E+00
 3.9014E+02  6.6520E-03  1.0200E+00  1.0033E-02  3.0780E+00  1.0000E+00
 3.9313E+02  6.6695E-03  1.0149E+00  1.0033E-02  3.0546E+00  1.0000E+00
 3.9614E+02  6.6870E-03  1.0099E+00  1.0033E-02  3.0314E+00  1.0000E+00
 3.9917E+02  6.7045E-03  1.0048E+00  1.0033E-02  3.0084E+00  1.0000E+00
 4.0223E+02  6.7220E-03  9.9975E-01  1.0033E-02  2.9856E+00  1.0000E+00
 4.0531E+02  6.7394E-03  9.9473E-01  1.0033E-02  2.9630E+00  1.0000E+00
 4.0841E+02  6.7568E-03  9.8972E-01  1.0034E-02  2.9405E+00  1.0000E+00
 4.1154E+02  6.7742E-03  9.8472E-01  1.0034E-02  2.9182E+00  1.0000E+00
 4.1469E+02  6.7916E-03  9.7974E-01  1.0034E-02  2.8960E+00  1.0000E+00
 4.1787E+02  6.8089E-03  9.7477E-01  1.0034E-02  2.8740E+00  1.0000E+00
 4.2107E+02  6.8262E-03  9.6982E-01  1.0034E-02  2.8522E+00  1.0000E+00
 4.2429E+02  6.8435E-03  9.6488E-01  1.0034E-02  2.8306E+00  1.0000E+00
 4.2754E+02  6.8607E-03  9.5995E-01  1.0034E-02  2.8091E+00  1.0000E+00
 4.3082E+02  6.8779E-03  9.5504E-01  1.0034E-02  2.7878E+00  1.0000E+00
 4.3412E+02  6.8950E-03  9.5014E-01  1.0035E-02  2.7667E+00  1.0000E+00
 4.3744E+02  6.9121E-03  9.4525E-01  1.0035E-02  2.7457E+00  1.0000E+00
 4.4079E+02  6.9292E-03  9.4038E-01  1.0035E-02  2.7248E+00  1.0000E+00
 4.4417E+02  6.9462E-03  9.3552E-01  1.0035E-02  2.7042E+00  1.0000E+00
 4.4757E+02  6.9631E-03  9.3067E-01  1.0035E-02  2.6836E+00  1.0000E+00
 4.5100E+02  6.9800E-03  9.2583E-01  1.0035E-02  2.6633E+00  1.0000E+00
 4.5445E+02  6.9968E-03  9.2100E-01  1.0035E-02  2.6431E+00  1.0000E+00
 4.5793E+02  7.0135E-03  9.1618E-01  1.0036E-02  2.6230E+00  1.0000E+00
 4.6144E+02  7.0302E-03  9.1138E-01  1.0036E-02  2.6031E+00  1.0000E+00
 4.6497E+02  7.0468E-03  9.0658E-01  1.0036E-02  2.5834E+00  1.0000E+00
 4.6853E+02  7.0633E-03  9.0180E-01  1.0036E-02  2.5638E+00  1.0000E+00
 4.7212E+02  7.0797E-03  8.9703E-01  1.0036E-02  2.5443E+00  1.0000E+00
 4.7574E+02  7.0961E-03  8.9226E-01  1.0036E-02  2.5250E+00  1.0000E+00
 4.7938E+02  7.1124E-03  8.8751E-01  1.0036E-02  2.5059E+00  1.0000E+00
 4.8305E+02  7.1286E-03  8.8277E-01  1.0037E-02  2.4869E+00  1.0000E+00
 4.8675E+02  7.1448E-03  8.7805E-01  1.0037E-02  2.4680E+00  1.0000E+00
 4.9048E+02  7.1609E-03  8.7333E-01  1.0037E-02  2.4493E+00  1.0000E+00
 4.9424E+02  7.1769E-03  8.6863E-01  1.0037E-02  2.4307E+00  1.0000E+00
 4.9802E+02  7.1928E-03  8.6394E-01  1.0037E-02  2.4123E+00  1.0000E+00
 5.0183E+02  7.2087E-03  8.5926E-01  1.0037E-02  2.3940E+00  1.0000E+00
 5.0568E+02  7.2244E-03  8.5459E-01  1.0037E-02  2.3758E+00  1.0000E+00
 5.0955E+02  7.2401E-03  8.4993E-01  1.0038E-02  2.3578E+00  1.0000E+00
 5.1345E+02  7.2558E-03  8.4529E-01  1.0038E-02  2.3399E+00  1.0000E+00
 5.1738E+02  7.2713E-03  8.4066E-01  1.0038E-02  2.3222E+00  1.0000E+00
 5.2135E+02  7.2868E-03  8.3604E-01  1.0038E-02  2.3045E+00  1.0000E+00
 5.2534E+02  7.3021E-03  8.3144E-01  1.0038E-02  2.2871E+00  1.0000E+00
 5.2936E+02  7.3174E-03  8.2684E-01  1.0038E-02  2.2697E+00  1.0000E+00
 5.3342E+02  7.3327E-03  8.2226E-01  1.0039E-02  2.2525E+00  1.0000E+00
 5.3750E+02  7.3478E-03  8.1770E-01  1.0039E-02  2.2354E+00  1.0000E+00
 5.4162E+02  7.3629E-03  8.1314E-01  1.0039E-02  2.2185E+00  1.0000E+00
 5.4577E+02  7.3779E-03  8.0860E-01  1.0039E-02  2.2016E+00  1.0000E+00
 5.4995E+02  7.3928E-03  8.0407E-01  1.0039E-02  2.1849E+00  1.0000E+00
 5.5416E+02  7.4076E-03  7.9956E-01  1.0039E-02  2.1684E+00  1.0000E+00
 5.5840E+02  7.4223E-03  7.9506E-01  1.0039E-02  2.1519E+00  1.0000E+00
 5.6268E+02  7.4370E-03  7.9057E-01  1.0040E-02  2.1356E+00  1.0000E+00
 5.6699E+02  7.4515E-03  7.8609E-01  1.0040E-02  2.1194E+00  1.0000E+00
 5.7133E+02  7.4660E-03  7.8163E-01  1.0040E-02  2.1033E+00  1.0000E+00
 5.7571E+02  7.4804E-03  7.7718E-01  1.0040E-02  2.0874E+00  1.0000E+00
 5.8011E+02  7.4947E-03  7.7275E-01  1.0040E-02  2.0716E+00  1.0000E+00
 5.8456E+02  7.5090E-03  7.6833E-01  1.0041E-02  2.0559E+00  1.0000E+00
 5.8903E+02  7.5231E-03  7.6392E-01  1.0041E-02  2.0403E+00  1.0000E+00
 5.9354E+02  7.5372E-03  7.5953E-01  1.0041E-02  2.0248E+00  1.0000E+00
 5.9809E+02  7.5511E-03  7.5515E-01  1.0041E-02  2.0094E+00  1.0000E+00
 6.0267E+02  7.5650E-03  7.5079E-01  1.0041E-02  1.9942E+00  1.0000E+00
 6.0729E+02  7.5788E-03  7.4644E-01  1.0041E-02  1.9791E+00  1.0000E+00
 6.1194E+02  7.5925E-03  7.4210E-01  1.0042E-02  1.9641E+00  1.0000E+00
 6.1662E+02  7.6061E-03  7.3778E-01  1.0042E-02  1.9492E+00  1.0000E+00
 6.2135E+02  7.6197E-03  7.3347E-01  1.0042E-02  1.9344E+00  1.0000E+00
 6.2610E+02  7.6331E-03  7.2918E-01  1.0042E-02  1.9197E+00  1.0000E+00
 6.3090E+02  7.6465E-03  7.2490E-01  1.0042E-02  1.9052E+00  1.0000E+00
 6.3573E+02  7.6597E-03  7.2063E-01  1.0043E-02  1.8908E+00  1.0000E+00
 6.4060E+02  7.6729E-03  7.1638E-01  1.0043E-02  1.8764E+00  1.0000E+00
 6.4551E+02  7.6860E-03  7.1214E-01  1.0043E-02  1.8622E+00  1.0000E+00
 6.5045E+02  7.6990E-03  7.0792E-01  1.0043E-02  1.8481E+00  1.0000E+00
 6.5543E+02  7.7119E-03  7.0372E-01  1.0043E-02  1.8341E+00  1.0000E+00
 6.6045E+02  7.7247E-03  6.9952E-01  1.0044E-02  1.8202E+00  1.0000E+00
 6.6551E+02  7.7374E-03  6.9535E-01  1.0044E-02  1.8064E+00  1.0000E+00
 6.7060E+02  7.7500E-03  6.9118E-01  1.0044E-02  1.7927E+00  1.0000E+00
 6.7574E+02  7.7625E-03  6.8704E-01  1.0044E-02  1.7791E+00  1.0000E+00
 6.8092E+02  7.7750E-03  6.8290E-01  1.0044E-02  1.7656E+00  1.0000E+00
 6.8613E+02  7.7873E-03  6.7879E-01  1.0045E-02  1.7522E+00  1.0000E+00
 6.9138E+02  7.7996E-03  6.7468E-01  1.0045E-02  1.7389E+00  1.0000E+00
 6.9668E+02  7.8117E-03  6.7060E-01  1.0045E-02  1.7258E+00  1.0000E+00
 7.0201E+02  7.8238E-03  6.6652E-01  1.0045E-02  1.7127E+00  1.0000E+00
 7.0739E+02  7.8357E-03  6.6247E-01  1.0045E-02  1.6997E+00  1.0000E+00
 7.1281E+02  7.8476E-03  6.5842E-01  1.0046E-02  1.6868E+00  1.0000E+00
 7.1827E+02  7.8595E-03  6.5440E-01  1.0046E-02  1.6740E+00  1.0000E+00
 7.2377E+02  7.8714E-03  6.5041E-01  1.0046E-02  1.6613E+00  1.0000E+00
 7.2931E+02  7.8835E-03  6.4646E-01  1.0046E-02  1.6487E+00  1.0000E+00
 7.3490E+02  7.8958E-03  6.4254E-01  1.0046E-02  1.6363E+00  1.0000E+00
 7.4052E+02  7.9082E-03  6.3865E-01  1.0047E-02  1.6239E+00  1.0000E+00
 7.4620E+02  7.9207E-03  6.3480E-01  1.0047E-02  1.6115E+00  1.0000E+00
 7.5191E+02  7.9333E-03  6.3098E-01  1.0047E-02  1.5993E+00  1.0000E+00
 7.5767E+02  7.9461E-03  6.2719E-01  1.0047E-02  1.5872E+00  1.0000E+00
 7.6347E+02  7.9590E-03  6.2342E-01  1.0048E-02  1.5752E+00  1.0000E+00
 7.6932E+02  7.9720E-03  6.1969E-01  1.0048E-02  1.5633E+00  1.0000E+00
 7.7521E+02  7.9851E-03  6.1599E-01  1.0048E-02  1.5514E+00  1.0000E+00
 7.8115E+02  7.9984E-03  6.1232E-01  1.0048E-02  1.5397E+00  1.0000E+00
 7.8713E+02  8.0118E-03  6.0868E-01  1.0048E-02  1.5280E+00  1.0000E+00
 7.9316E+02  8.0252E-03  6.0507E-01  1.0049E-02  1.5164E+00  1.0000E+00
 7.9923E+02  8.0388E-03  6.0148E-01  1.0049E-02  1.5049E+00  1.0000E+00
 8.0535E+02  8.0525E-03  5.9793E-01  1.0049E-02  1.4935E+00  1.0000E+00
 8.1152E+02  8.0663E-03  5.9440E-01  1.0049E-02  1.4822E+00  1.0000E+00
 8.1774E+02  8.0803E-03  5.9089E-01  1.0050E-02  1.4710E+00  1.0000E+00
 8.2400E+02  8.0943E-03  5.8741E-01  1.0050E-02  1.4598E+00  1.0000E+00
 8.3031E+02  8.1084E-03  5.8396E-01  1.0050E-02  1.4488E+00  1.0000E+00
 8.3667E+02  8.1226E-03  5.8054E-01  1.0050E-02  1.4378E+00  1.0000E+00
 8.4307E+02  8.1369E-03  5.7714E-01  1.0051E-02  1.4269E+00  1.0000E+00
 8.4953E+02  8.1513E-03  5.7376E-01  1.0051E-02  1.4161E+00  1.0000E+00
 8.5604E+02  8.1658E-03  5.7041E-01  1.0051E-02  1.4054E+00  1.0000E+00
 8.6259E+02  8.1804E-03  5.6708E-01  1.0051E-02  1.3947E+00  1.0000E+00
 8.6920E+02  8.1950E-03  5.6377E-01  1.0052E-02  1.3842E+00  1.0000E+00
 8.7586E+02  8.2098E-03  5.6049E-01  1.0052E-02  1.3737E+00  1.0000E+00
 8.8256E+02  8.2246E-03  5.5723E-01  1.0052E-02  1.3633E+00  1.0000E+00
 8.8932E+02  8.2395E-03  5.5400E-01  1.0052E-02  1.3529E+00  1.0000E+00
 8.9613E+02  8.2545E-03  5.5078E-01  1.0053E-02  1.3427E+00  1.0000E+00
 9.0300E+02  8.2695E-03  5.4759E-01  1.0053E-02  1.3325E+00  1.0000E+00
 9.0991E+02  8.2846E-03  5.4442E-01  1.0053E-02  1.3224E+00  1.0000E+00
 9.1688E+02  8.2998E-03  5.4127E-01  1.0054E-02  1.3124E+00  1.0000E+00
 9.2390E+02  8.3151E-03  5.3814E-01  1.0054E-02  1.3025E+00  1.0000E+00
 9.3098E+02  8.3304E-03  5.3503E-01  1.0054E-02  1.2926E+00  1.0000E+00
 9.3811E+02  8.3458E-03  5.3194E-01  1.0054E-02  1.2828E+00  1.0000E+00
 9.4529E+02  8.3612E-03  5.2887E-01  1.0055E-02  1.2731E+00  1.0000E+00
 9.5253E+02  8.3767E-03  5.2582E-01  1.0055E-02  1.2635E+00  1.0000E+00
 9.5983E+02  8.3923E-03  5.2278E-01  1.0055E-02  1.2539E+00  1.0000E+00
 9.6718E+02  8.4079E-03  5.1977E-01  1.0056E-02  1.2444E+00  1.0000E+00
 9.7458E+02  8.4235E-03  5.1678E-01  1.0056E-02  1.2350E+00  1.0000E+00
 9.8205E+02  8.4392E-03  5.1380E-01  1.0056E-02  1.2256E+00  1.0000E+00
 9.8957E+02  8.4549E-03  5.1084E-01  1.0056E-02  1.2164E+00  1.0000E+00
 9.9715E+02  8.4707E-03  5.0790E-01  1.0057E-02  1.2072E+00  1.0000E+00
 1.0048E+03  8.4865E-03  5.0498E-01  1.0057E-02  1.1980E+00  1.0000E+00
 1.0125E+03  8.5023E-03  5.0207E-01  1.0057E-02  1.1890E+00  1.0000E+00
 1.0202E+03  8.5182E-03  4.9918E-01  1.0058E-02  1.1800E+00  1.0000E+00
 1.0280E+03  8.5341E-03  4.9631E-01  1.0058E-02  1.1710E+00  1.0000E+00
 1.0359E+03  8.5500E-03  4.9345E-01  1.0058E-02  1.1622E+00  1.0000E+00
 1.0439E+03  8.5660E-03  4.9061E-01  1.0059E-02  1.1534E+00  1.0000E+00
 1.0518E+03  8.5820E-03  4.8779E-01  1.0059E-02  1.1446E+00  1.0000E+00
 1.0599E+03  8.5979E-03  4.8498E-01  1.0059E-02  1.1360E+00  1.0000E+00
 1.0680E+03  8.6140E-03  4.8218E-01  1.0060E-02  1.1274E+00  1.0000E+00
 1.0762E+03  8.6300E-03  4.7941E-01  1.0060E-02  1.1188E+00  1.0000E+00
 1.0844E+03  8.6460E-03  4.7664E-01  1.0060E-02  1.1104E+00  1.0000E+00
 1.0927E+03  8.6620E-03  4.7389E-01  1.0060E-02  1.1020E+00  1.0000E+00
 1.1011E+03  8.6781E-03  4.7116E-01  1.0061E-02  1.0936E+00  1.0000E+00
 1.1095E+03  8.6941E-03  4.6844E-01  1.0061E-02  1.0853E+00  1.0000E+00
 1.1180E+03  8.7088E-03  4.6566E-01  1.0061E-02  1.0771E+00  1.0000E+00
 1.1266E+03  8.7195E-03  4.6269E-01  1.0062E-02  1.0690E+00  1.0000E+00
 1.1352E+03  8.7302E-03  4.5973E-01  1.0062E-02  1.0609E+00  1.0000E+00
 1.1439E+03  8.7408E-03  4.5678E-01  1.0062E-02  1.0529E+00  1.0000E+00
 1.1527E+03  8.7513E-03  4.5385E-01  1.0063E-02  1.0449E+00  1.0000E+00
 1.1615E+03  8.7618E-03  4.5094E-01  1.0063E-02  1.0370E+00  1.0000E+00
 1.1704E+03  8.7722E-03  4.4804E-01  1.0064E-02  1.0292E+00  1.0000E+00
 1.1794E+03  8.7825E-03  4.4515E-01  1.0064E-02  1.0214E+00  1.0000E+00
 1.1884E+03  8.7927E-03  4.4228E-01  1.0064E-02  1.0136E+00  1.0000E+00
 1.1975E+03  8.8028E-03  4.3942E-01  1.0065E-02  1.0060E+00  1.0000E+00
 1.2067E+03  8.8129E-03  4.3657E-01  1.0065E-02  9.9836E-01  1.0000E+00
 1.2159E+03  8.8229E-03  4.3374E-01  1.0065E-02  9.9081E-01  1.0000E+00
 1.2252E+03  8.8328E-03  4.3093E-01  1.0066E-02  9.8332E-01  1.0000E+00
 1.2346E+03  8.8426E-03  4.2812E-01  1.0066E-02  9.7588E-01  1.0000E+00
 1.2441E+03  8.8524E-03  4.2534E-01  1.0066E-02  9.6850E-01  1.0000E+00
 1.2536E+03  8.8621E-03  4.2256E-01  1.0067E-02  9.6117E-01  1.0000E+00
 1.2632E+03  8.8718E-03  4.1980E-01  1.0067E-02  9.5390E-01  1.0000E+00
 1.2729E+03  8.8813E-03  4.1706E-01  1.0068E-02  9.4669E-01  1.0000E+00
 1.2826E+03  8.8908E-03  4.1433E-01  1.0068E-02  9.3953E-01  1.0000E+00
 1.2924E+03  8.9003E-03  4.1161E-01  1.0068E-02  9.3243E-01  1.0000E+00
 1.3023E+03  8.9096E-03  4.0891E-01  1.0069E-02  9.2537E-01  1.0000E+00
 1.3123E+03  8.9189E-03  4.0622E-01  1.0069E-02  9.1838E-01  1.0000E+00
 1.3224E+03  8.9281E-03  4.0354E-01  1.0070E-02  9.1143E-01  1.0000E+00
 1.3325E+03  8.9373E-03  4.0088E-01  1.0070E-02  9.0454E-01  1.0000E+00
 1.3427E+03  8.9464E-03  3.9824E-01  1.0070E-02  8.9770E-01  1.0000E+00
 1.3530E+03  8.9554E-03  3.9561E-01  1.0071E-02  8.9092E-01  1.0000E+00
 1.3633E+03  8.9644E-03  3.9299E-01  1.0071E-02  8.8418E-01  1.0000E+00
 1.3738E+03  8.9733E-03  3.9039E-01  1.0072E-02  8.7750E-01  1.0000E+00
 1.3843E+03  8.9821E-03  3.8780E-01  1.0072E-02  8.7086E-01  1.0000E+00
 1.3949E+03  8.9909E-03  3.8522E-01  1.0072E-02  8.6428E-01  1.0000E+00
 1.4056E+03  8.9996E-03  3.8266E-01  1.0073E-02  8.5775E-01  1.0000E+00
 1.4164E+03  9.0083E-03  3.8011E-01  1.0073E-02  8.5126E-01  1.0000E+00
 1.4272E+03  9.0169E-03  3.7758E-01  1.0074E-02  8.4483E-01  1.0000E+00
 1.4381E+03  9.0254E-03  3.7506E-01  1.0074E-02  8.3845E-01  1.0000E+00
 1.4491E+03  9.0339E-03  3.7255E-01  1.0074E-02  8.3211E-01  1.0000E+00
 1.4602E+03  9.0423E-03  3.7006E-01  1.0075E-02  8.2582E-01  1.0000E+00
 1.4714E+03  9.0506E-03  3.6759E-01  1.0075E-02  8.1958E-01  1.0000E+00
 1.4827E+03  9.0589E-03  3.6512E-01  1.0076E-02  8.1339E-01  1.0000E+00
 1.4940E+03  9.0672E-03  3.6267E-01  1.0076E-02  8.0724E-01  1.0000E+00
 1.5055E+03  9.0753E-03  3.6024E-01  1.0077E-02  8.0114E-01  1.0000E+00
 1.5170E+03  9.0835E-03  3.5782E-01  1.0077E-02  7.9509E-01  1.0000E+00
 1.5286E+03  9.0915E-03  3.5541E-01  1.0078E-02  7.8908E-01  1.0000E+00
 1.5403E+03  9.0995E-03  3.5301E-01  1.0078E-02  7.8312E-01  1.0000E+00
 1.5521E+03  9.1075E-03  3.5063E-01  1.0079E-02  7.7720E-01  1.0000E+00
 1.5640E+03  9.1154E-03  3.4826E-01  1.0079E-02  7.7133E-01  1.0000E+00
 1.5760E+03  9.1232E-03  3.4591E-01  1.0079E-02  7.6551E-01  1.0000E+00
 1.5881E+03  9.1310E-03  3.4357E-01  1.0080E-02  7.5973E-01  1.0000E+00
 1.6002E+03  9.1388E-03  3.4125E-01  1.0080E-02  7.5399E-01  1.0000E+00
 1.6125E+03  9.1464E-03  3.3893E-01  1.0081E-02  7.4829E-01  1.0000E+00
 1.6248E+03  9.1541E-03  3.3663E-01  1.0081E-02  7.4264E-01  1.0000E+00
 1.6373E+03  9.1617E-03  3.3435E-01  1.0082E-02  7.3703E-01  1.0000E+00
 1.6498E+03  9.1692E-03  3.3207E-01  1.0082E-02  7.3147E-01  1.0000E+00
 1.6625E+03  9.1767E-03  3.2982E-01  1.0083E-02  7.2594E-01  1.0000E+00
 1.6752E+03  9.1841E-03  3.2757E-01  1.0083E-02  7.2046E-01  1.0000E+00
 1.6880E+03  9.1915E-03  3.2534E-01  1.0084E-02  7.1502E-01  1.0000E+00
 1.7009E+03  9.1988E-03  3.2312E-01  1.0084E-02  7.0962E-01  1.0000E+00
 1.7140E+03  9.2061E-03  3.2091E-01  1.0085E-02  7.0427E-01  1.0000E+00
 1.7271E+03  9.2133E-03  3.1872E-01  1.0085E-02  6.9895E-01  1.0000E+00
 1.7403E+03  9.2205E-03  3.1654E-01  1.0086E-02  6.9367E-01  1.0000E+00
 1.7537E+03  9.2276E-03  3.1437E-01  1.0086E-02  6.8844E-01  1.0000E+00
 1.7671E+03  9.2347E-03  3.1222E-01  1.0087E-02  6.8324E-01  1.0000E+00
 1.7806E+03  9.2417E-03  3.1008E-01  1.0088E-02  6.7808E-01  1.0000E+00
 1.7943E+03  9.2487E-03  3.0795E-01  1.0088E-02  6.7297E-01  1.0000E+00
 1.8080E+03  9.2557E-03  3.0583E-01  1.0089E-02  6.6789E-01  1.0000E+00
 1.8218E+03  9.2626E-03  3.0373E-01  1.0089E-02  6.6285E-01  1.0000E+00
 1.8358E+03  9.2694E-03  3.0164E-01  1.0090E-02  6.5785E-01  1.0000E+00
 1.8499E+03  9.2763E-03  2.9957E-01  1.0090E-02  6.5288E-01  1.0000E+00
 1.8640E+03  9.2830E-03  2.9750E-01  1.0091E-02  6.4796E-01  1.0000E+00
 1.8783E+03  9.2897E-03  2.9545E-01  1.0091E-02  6.4307E-01  1.0000E+00
 1.8927E+03  9.2964E-03  2.9341E-01  1.0092E-02  6.3821E-01  1.0000E+00
 1.9072E+03  9.3031E-03  2.9139E-01  1.0093E-02  6.3340E-01  1.0000E+00
 1.9218E+03  9.3096E-03  2.8937E-01  1.0093E-02  6.2862E-01  1.0000E+00
 1.9365E+03  9.3162E-03  2.8737E-01  1.0094E-02  6.2388E-01  1.0000E+00
 1.9513E+03  9.3227E-03  2.8538E-01  1.0094E-02  6.1917E-01  1.0000E+00
 1.9663E+03  9.3292E-03  2.8341E-01  1.0095E-02  6.1450E-01  1.0000E+00
 1.9813E+03  9.3356E-03  2.8144E-01  1.0095E-02  6.0987E-01  1.0000E+00
 1.9965E+03  9.3420E-03  2.7949E-01  1.0096E-02  6.0527E-01  1.0000E+00
 2.0118E+03  9.3483E-03  2.7755E-01  1.0097E-02  6.0071E-01  1.0000E+00
 2.0272E+03  9.3546E-03  2.7562E-01  1.0097E-02  5.9618E-01  1.0000E+00
 2.0427E+03  9.3609E-03  2.7371E-01  1.0098E-02  5.9168E-01  1.0000E+00
 2.0584E+03  9.3671E-03  2.7180E-01  1.0098E-02  5.8722E-01  1.0000E+00
 2.0741E+03  9.3733E-03  2.6991E-01  1.0099E-02  5.8279E-01  1.0000E+00
 2.0900E+03  9.3795E-03  2.6803E-01  1.0100E-02  5.7840E-01  1.0000E+00
 2.1060E+03  9.3856E-03  2.6616E-01  1.0100E-02  5.7404E-01  1.0000E+00
 2.1222E+03  9.3917E-03  2.6431E-01  1.0101E-02  5.6971E-01  1.0000E+00
 2.1384E+03  9.3977E-03  2.6246E-01  1.0102E-02  5.6542E-01  1.0000E+00
 2.1548E+03  9.4037E-03  2.6063E-01  1.0102E-02  5.6116E-01  1.0000E+00
 2.1713E+03  9.4097E-03  2.5881E-01  1.0103E-02  5.5693E-01  1.0000E+00
 2.1879E+03  9.4156E-03  2.5700E-01  1.0104E-02  5.5273E-01  1.0000E+00
 2.2047E+03  9.4215E-03  2.5520E-01  1.0104E-02  5.4857E-01  1.0000E+00
 2.2216E+03  9.4273E-03  2.5342E-01  1.0105E-02  5.4443E-01  1.0000E+00
 2.2386E+03  9.4332E-03  2.5164E-01  1.0106E-02  5.4033E-01  1.0000E+00
 2.2557E+03  9.4389E-03  2.4988E-01  1.0106E-02  5.3626E-01  1.0000E+00
 2.2730E+03  9.4447E-03  2.4812E-01  1.0107E-02  5.3222E-01  1.0000E+00
 2.2904E+03  9.4504E-03  2.4638E-01  1.0108E-02  5.2821E-01  1.0000E+00
 2.3079E+03  9.4561E-03  2.4465E-01  1.0108E-02  5.2423E-01  1.0000E+00
 2.3256E+03  9.4618E-03  2.4294E-01  1.0109E-02  5.2028E-01  1.0000E+00
 2.3434E+03  9.4674E-03  2.4123E-01  1.0110E-02  5.1637E-01  1.0000E+00
 2.3614E+03  9.4730E-03  2.3953E-01  1.0110E-02  5.1248E-01  1.0000E+00
 2.3794E+03  9.4785E-03  2.3785E-01  1.0111E-02  5.0862E-01  1.0000E+00
 2.3977E+03  9.4840E-03  2.3617E-01  1.0112E-02  5.0479E-01  1.0000E+00
 2.4160E+03  9.4895E-03  2.3451E-01  1.0113E-02  5.0099E-01  1.0000E+00
 2.4345E+03  9.4950E-03  2.3286E-01  1.0113E-02  4.9722E-01  1.0000E+00
 2.4532E+03  9.5004E-03  2.3121E-01  1.0114E-02  4.9347E-01  1.0000E+00
 2.4720E+03  9.5058E-03  2.2958E-01  1.0115E-02  4.8976E-01  1.0000E+00
 2.4909E+03  9.5112E-03  2.2796E-01  1.0115E-02  4.8607E-01  1.0000E+00
 2.5100E+03  9.5165E-03  2.2635E-01  1.0116E-02  4.8241E-01  1.0000E+00
 2.5292E+03  9.5218E-03  2.2475E-01  1.0117E-02  4.7878E-01  1.0000E+00
 2.5486E+03  9.5271E-03  2.2316E-01  1.0118E-02  4.7518E-01  1.0000E+00
 2.5681E+03  9.5323E-03  2.2159E-01  1.0119E-02  4.7160E-01  1.0000E+00
 2.5878E+03  9.5376E-03  2.2002E-01  1.0119E-02  4.6806E-01  1.0000E+00
 2.6076E+03  9.5428E-03  2.1846E-01  1.0120E-02  4.6453E-01  1.0000E+00
 2.6275E+03  9.5479E-03  2.1691E-01  1.0121E-02  4.6104E-01  1.0000E+00
 2.6477E+03  9.5531E-03  2.1538E-01  1.0122E-02  4.5757E-01  1.0000E+00
 2.6679E+03  9.5582E-03  2.1385E-01  1.0122E-02  4.5413E-01  1.0000E+00
 2.6884E+03  9.5633E-03  2.1233E-01  1.0123E-02  4.5071E-01  1.0000E+00
 2.7090E+03  9.5683E-03  2.1083E-01  1.0124E-02  4.4733E-01  1.0000E+00
 2.7297E+03  9.5733E-03  2.0933E-01  1.0125E-02  4.4396E-01  1.0000E+00
 2.7506E+03  9.5783E-03  2.0784E-01  1.0126E-02  4.4062E-01  1.0000E+00
 2.7717E+03  9.5833E-03  2.0637E-01  1.0127E-02  4.3731E-01  1.0000E+00
 2.7929E+03  9.5883E-03  2.0490E-01  1.0127E-02  4.3402E-01  1.0000E+00
 2.8143E+03  9.5932E-03  2.0344E-01  1.0128E-02  4.3076E-01  1.0000E+00
 2.8358E+03  9.5981E-03  2.0200E-01  1.0129E-02  4.2752E-01  1.0000E+00
 2.8576E+03  9.6030E-03  2.0056E-01  1.0130E-02  4.2431E-01  1.0000E+00
 2.8794E+03  9.6078E-03  1.9913E-01  1.0131E-02  4.2112E-01  1.0000E+00
 2.9015E+03  9.6126E-03  1.9771E-01  1.0132E-02  4.1795E-01  1.0000E+00
 2.9237E+03  9.6174E-03  1.9630E-01  1.0133E-02  4.1481E-01  1.0000E+00
 2.9461E+03  9.6222E-03  1.9490E-01  1.0133E-02  4.1170E-01  1.0000E+00
 2.9687E+03  9.6270E-03  1.9351E-01  1.0134E-02  4.0860E-01  1.0000E+00
 2.9914E+03  9.6317E-03  1.9213E-01  1.0135E-02  4.0553E-01  1.0000E+00
 3.0143E+03  9.6364E-03  1.9076E-01  1.0136E-02  4.0249E-01  1.0000E+00
 3.0374E+03  9.6411E-03  1.8940E-01  1.0137E-02  3.9947E-01  1.0000E+00
 3.0607E+03  9.6458E-03  1.8805E-01  1.0138E-02  3.9647E-01  1.0000E+00
 3.0841E+03  9.6504E-03  1.8670E-01  1.0139E-02  3.9349E-01  1.0000E+00
 3.1077E+03  9.6551E-03  1.8537E-01  1.0140E-02  3.9053E-01  1.0000E+00
 3.1315E+03  9.6597E-03  1.8404E-01  1.0141E-02  3.8760E-01  1.0000E+00
 3.1555E+03  9.6642E-03  1.8273E-01  1.0142E-02  3.8469E-01  1.0000E+00
 3.1797E+03  9.6688E-03  1.8142E-01  1.0143E-02  3.8180E-01  1.0000E+00
 3.2040E+03  9.6733E-03  1.8012E-01  1.0144E-02  3.7894E-01  1.0000E+00
 3.2286E+03  9.6779E-03  1.7883E-01  1.0145E-02  3.7609E-01  1.0000E+00
 3.2533E+03  9.6824E-03  1.7755E-01  1.0146E-02  3.7327E-01  1.0000E+00
 3.2782E+03  9.6868E-03  1.7628E-01  1.0147E-02  3.7047E-01  1.0000E+00
 3.3033E+03  9.6913E-03  1.7501E-01  1.0148E-02  3.6769E-01  1.0000E+00
 3.3286E+03  9.6957E-03  1.7376E-01  1.0149E-02  3.6493E-01  1.0000E+00
 3.3541E+03  9.7002E-03  1.7251E-01  1.0150E-02  3.6219E-01  1.0000E+00
 3.3798E+03  9.7046E-03  1.7128E-01  1.0151E-02  3.5948E-01  1.0000E+00
 3.4057E+03  9.7090E-03  1.7005E-01  1.0152E-02  3.5678E-01  1.0000E+00
 3.4317E+03  9.7133E-03  1.6883E-01  1.0153E-02  3.5411E-01  1.0000E+00
 3.4580E+03  9.7177E-03  1.6761E-01  1.0154E-02  3.5145E-01  1.0000E+00
 3.4845E+03  9.7220E-03  1.6641E-01  1.0155E-02  3.4881E-01  1.0000E+00
 3.5112E+03  9.7263E-03  1.6521E-01  1.0156E-02  3.4620E-01  1.0000E+00
 3.5381E+03  9.7306E-03  1.6403E-01  1.0157E-02  3.4360E-01  1.0000E+00
 3.5652E+03  9.7349E-03  1.6285E-01  1.0158E-02  3.4103E-01  1.0000E+00
 3.5925E+03  9.7392E-03  1.6168E-01  1.0159E-02  3.3847E-01  1.0000E+00
 3.6200E+03  9.7434E-03  1.6051E-01  1.0160E-02  3.3594E-01  1.0000E+00
 3.6477E+03  9.7477E-03  1.5936E-01  1.0161E-02  3.3342E-01  1.0000E+00
 3.6757E+03  9.7519E-03  1.5821E-01  1.0162E-02  3.3092E-01  1.0000E+00
 3.7038E+03  9.7561E-03  1.5707E-01  1.0163E-02  3.2844E-01  1.0000E+00
 3.7322E+03  9.7603E-03  1.5594E-01  1.0164E-02  3.2598E-01  1.0000E+00
 3.7608E+03  9.7644E-03  1.5482E-01  1.0166E-02  3.2354E-01  1.0000E+00
 3.7896E+03  9.7686E-03  1.5370E-01  1.0167E-02  3.2112E-01  1.0000E+00
 3.8186E+03  9.7727E-03  1.5259E-01  1.0168E-02  3.1871E-01  1.0000E+00
 3.8478E+03  9.7769E-03  1.5149E-01  1.0169E-02  3.1633E-01  1.0000E+00
 3.8773E+03  9.7810E-03  1.5040E-01  1.0170E-02  3.1396E-01  1.0000E+00
 3.9070E+03  9.7851E-03  1.4932E-01  1.0171E-02  3.1161E-01  1.0000E+00
 3.9369E+03  9.7892E-03  1.4824E-01  1.0173E-02  3.0928E-01  1.0000E+00
 3.9671E+03  9.7933E-03  1.4717E-01  1.0174E-02  3.0696E-01  1.0000E+00
 3.9974E+03  9.7973E-03  1.4611E-01  1.0175E-02  3.0466E-01  1.0000E+00
 4.0281E+03  9.8014E-03  1.4505E-01  1.0176E-02  3.0238E-01  1.0000E+00
 4.0589E+03  9.8054E-03  1.4401E-01  1.0177E-02  3.0012E-01  1.0000E+00
 4.0900E+03  9.8094E-03  1.4297E-01  1.0179E-02  2.9788E-01  1.0000E+00
 4.1213E+03  9.8134E-03  1.4193E-01  1.0180E-02  2.9565E-01  1.0000E+00
 4.1529E+03  9.8174E-03  1.4091E-01  1.0181E-02  2.9344E-01  1.0000E+00
 4.1847E+03  9.8214E-03  1.3989E-01  1.0182E-02  2.9124E-01  1.0000E+00
 4.2167E+03  9.8254E-03  1.3888E-01  1.0184E-02  2.8907E-01  1.0000E+00
 4.2490E+03  9.8294E-03  1.3787E-01  1.0185E-02  2.8691E-01  1.0000E+00
 4.2816E+03  9.8333E-03  1.3688E-01  1.0186E-02  2.8476E-01  1.0000E+00
 4.3143E+03  9.8373E-03  1.3589E-01  1.0187E-02  2.8263E-01  1.0000E+00
 4.3474E+03  9.8412E-03  1.3490E-01  1.0189E-02  2.8052E-01  1.0000E+00
 4.3807E+03  9.8451E-03  1.3393E-01  1.0190E-02  2.7842E-01  1.0000E+00
 4.4142E+03  9.8491E-03  1.3296E-01  1.0191E-02  2.7634E-01  1.0000E+00
 4.4480E+03  9.8530E-03  1.3199E-01  1.0193E-02  2.7428E-01  1.0000E+00
 4.4821E+03  9.8569E-03  1.3104E-01  1.0194E-02  2.7223E-01  1.0000E+00
 4.5164E+03  9.8607E-03  1.3009E-01  1.0195E-02  2.7020E-01  1.0000E+00
 4.5510E+03  9.8646E-03  1.2915E-01  1.0197E-02  2.6818E-01  1.0000E+00
 4.5859E+03  9.8685E-03  1.2821E-01  1.0198E-02  2.6618E-01  1.0000E+00
 4.6210E+03  9.8724E-03  1.2728E-01  1.0200E-02  2.6419E-01  1.0000E+00
 4.6564E+03  9.8762E-03  1.2636E-01  1.0201E-02  2.6222E-01  1.0000E+00
 4.6920E+03  9.8801E-03  1.2544E-01  1.0202E-02  2.6026E-01  1.0000E+00
 4.7280E+03  9.8839E-03  1.2454E-01  1.0204E-02  2.5832E-01  1.0000E+00
 4.7642E+03  9.8877E-03  1.2363E-01  1.0205E-02  2.5639E-01  1.0000E+00
 4.8007E+03  9.8915E-03  1.2274E-01  1.0207E-02  2.5448E-01  1.0000E+00
 4.8374E+03  9.8954E-03  1.2185E-01  1.0208E-02  2.5258E-01  1.0000E+00
 4.8745E+03  9.8992E-03  1.2096E-01  1.0210E-02  2.5070E-01  1.0000E+00
 4.9118E+03  9.9030E-03  1.2008E-01  1.0211E-02  2.4883E-01  1.0000E+00
 4.9494E+03  9.9068E-03  1.1921E-01  1.0213E-02  2.4697E-01  1.0000E+00
 4.9873E+03  9.9106E-03  1.1835E-01  1.0214E-02  2.4513E-01  1.0000E+00
 5.0255E+03  9.9143E-03  1.1749E-01  1.0216E-02  2.4331E-01  1.0000E+00
 5.0640E+03  9.9181E-03  1.1664E-01  1.0217E-02  2.4149E-01  1.0000E+00
 5.1028E+03  9.9219E-03  1.1579E-01  1.0219E-02  2.3969E-01  1.0000E+00
 5.1419E+03  9.9257E-03  1.1495E-01  1.0220E-02  2.3791E-01  1.0000E+00
 5.1812E+03  9.9294E-03  1.1411E-01  1.0222E-02  2.3614E-01  1.0000E+00
 5.2209E+03  9.9332E-03  1.1328E-01  1.0223E-02  2.3438E-01  1.0000E+00
 5.2609E+03  9.9369E-03  1.1246E-01  1.0225E-02  2.3263E-01  1.0000E+00
 5.3012E+03  9.9407E-03  1.1164E-01  1.0227E-02  2.3090E-01  1.0000E+00
 5.3418E+03  9.9444E-03  1.1083E-01  1.0228E-02  2.2918E-01  1.0000E+00
 5.3827E+03  9.9482E-03  1.1003E-01  1.0230E-02  2.2748E-01  1.0000E+00
 5.4239E+03  9.9519E-03  1.0923E-01  1.0231E-02  2.2578E-01  1.0000E+00
 5.4655E+03  9.9556E-03  1.0843E-01  1.0233E-02  2.2410E-01  1.0000E+00
 5.5073E+03  9.9594E-03  1.0765E-01  1.0235E-02  2.2244E-01  1.0000E+00
 5.5495E+03  9.9631E-03  1.0686E-01  1.0236E-02  2.2078E-01  1.0000E+00
 5.5920E+03  9.9668E-03  1.0609E-01  1.0238E-02  2.1914E-01  1.0000E+00
 5.6348E+03  9.9705E-03  1.0532E-01  1.0240E-02  2.1751E-01  1.0000E+00
 5.6780E+03  9.9743E-03  1.0455E-01  1.0241E-02  2.1589E-01  1.0000E+00
 5.7215E+03  9.9780E-03  1.0379E-01  1.0243E-02  2.1429E-01  1.0000E+00
 5.7653E+03  9.9817E-03  1.0303E-01  1.0245E-02  2.1270E-01  1.0000E+00
 5.8094E+03  9.9854E-03  1.0229E-01  1.0247E-02  2.1112E-01  1.0000E+00
 5.8539E+03  9.9891E-03  1.0154E-01  1.0248E-02  2.0955E-01  1.0000E+00
 5.8988E+03  9.9928E-03  1.0080E-01  1.0250E-02  2.0799E-01  1.0000E+00
 5.9439E+03  9.9965E-03  1.0007E-01  1.0252E-02  2.0645E-01  1.0000E+00
 5.9895E+03  1.0000E-02  9.9341E-02  1.0254E-02  2.0491E-01  1.0000E+00
 6.0353E+03  1.0004E-02  9.8618E-02  1.0256E-02  2.0339E-01  1.0000E+00
 6.0815E+03  1.0008E-02  9.7900E-02  1.0257E-02  2.0188E-01  1.0000E+00
 6.1281E+03  1.0011E-02  9.7188E-02  1.0259E-02  2.0038E-01  1.0000E+00
 6.1751E+03  1.0015E-02  9.6481E-02  1.0261E-02  1.9890E-01  1.0000E+00
 6.2223E+03  1.0019E-02  9.5778E-02  1.0263E-02  1.9742E-01  1.0000E+00
 6.2700E+03  1.0022E-02  9.5081E-02  1.0265E-02  1.9596E-01  1.0000E+00
 6.3180E+03  1.0026E-02  9.4389E-02  1.0267E-02  1.9450E-01  1.0000E+00
 6.3664E+03  1.0030E-02  9.3702E-02  1.0269E-02  1.9306E-01  1.0000E+00
 6.4152E+03  1.0034E-02  9.3020E-02  1.0271E-02  1.9163E-01  1.0000E+00
 6.4643E+03  1.0037E-02  9.2343E-02  1.0273E-02  1.9021E-01  1.0000E+00
 6.5138E+03  1.0041E-02  9.1670E-02  1.0275E-02  1.8880E-01  1.0000E+00
 6.5637E+03  1.0045E-02  9.1003E-02  1.0277E-02  1.8740E-01  1.0000E+00
 6.6139E+03  1.0048E-02  9.0340E-02  1.0279E-02  1.8601E-01  1.0000E+00
 6.6646E+03  1.0052E-02  8.9683E-02  1.0281E-02  1.8464E-01  1.0000E+00
 6.7156E+03  1.0056E-02  8.9029E-02  1.0283E-02  1.8327E-01  1.0000E+00
 6.7671E+03  1.0060E-02  8.8381E-02  1.0285E-02  1.8191E-01  1.0000E+00
 6.8189E+03  1.0063E-02  8.7738E-02  1.0287E-02  1.8057E-01  1.0000E+00
 6.8711E+03  1.0067E-02  8.7099E-02  1.0289E-02  1.7923E-01  1.0000E+00
 6.9237E+03  1.0071E-02  8.6464E-02  1.0291E-02  1.7790E-01  1.0000E+00
 6.9768E+03  1.0075E-02  8.5835E-02  1.0293E-02  1.7659E-01  1.0000E+00
 7.0302E+03  1.0078E-02  8.5209E-02  1.0295E-02  1.7528E-01  1.0000E+00
 7.0840E+03  1.0082E-02  8.4589E-02  1.0297E-02  1.7399E-01  1.0000E+00
 7.1383E+03  1.0086E-02  8.3973E-02  1.0299E-02  1.7270E-01  1.0000E+00
 7.1929E+03  1.0090E-02  8.3361E-02  1.0302E-02  1.7142E-01  1.0000E+00
 7.2480E+03  1.0093E-02  8.2754E-02  1.0304E-02  1.7016E-01  1.0000E+00
 7.3035E+03  1.0097E-02  8.2151E-02  1.0306E-02  1.6890E-01  1.0000E+00
 7.3595E+03  1.0101E-02  8.1553E-02  1.0308E-02  1.6765E-01  1.0000E+00
 7.4158E+03  1.0105E-02  8.0959E-02  1.0310E-02  1.6641E-01  1.0000E+00
 7.4726E+03  1.0108E-02  8.0369E-02  1.0313E-02  1.6519E-01  1.0000E+00
 7.5299E+03  1.0112E-02  7.9784E-02  1.0315E-02  1.6397E-01  1.0000E+00
 7.5875E+03  1.0116E-02  7.9203E-02  1.0317E-02  1.6276E-01  1.0000E+00
 7.6456E+03  1.0120E-02  7.8626E-02  1.0320E-02  1.6156E-01  1.0000E+00
 7.7042E+03  1.0124E-02  7.8053E-02  1.0322E-02  1.6036E-01  1.0000E+00
 7.7632E+03  1.0127E-02  7.7485E-02  1.0324E-02  1.5918E-01  1.0000E+00
 7.8226E+03  1.0131E-02  7.6921E-02  1.0327E-02  1.5801E-01  1.0000E+00
 7.8825E+03  1.0135E-02  7.6360E-02  1.0329E-02  1.5684E-01  1.0000E+00
 7.9429E+03  1.0139E-02  7.5804E-02  1.0331E-02  1.5569E-01  1.0000E+00
 8.0037E+03  1.0143E-02  7.5252E-02  1.0334E-02  1.5454E-01  1.0000E+00
 8.0650E+03  1.0147E-02  7.4704E-02  1.0336E-02  1.5340E-01  1.0000E+00
 8.1268E+03  1.0151E-02  7.4160E-02  1.0339E-02  1.5227E-01  1.0000E+00
 8.1890E+03  1.0154E-02  7.3620E-02  1.0341E-02  1.5115E-01  1.0000E+00
 8.2518E+03  1.0158E-02  7.3084E-02  1.0344E-02  1.5004E-01  1.0000E+00
 8.3150E+03  1.0162E-02  7.2552E-02  1.0346E-02  1.4893E-01  1.0000E+00
 8.3786E+03  1.0166E-02  7.2024E-02  1.0349E-02  1.4784E-01  1.0000E+00
 8.4428E+03  1.0170E-02  7.1499E-02  1.0351E-02  1.4675E-01  1.0000E+00
 8.5075E+03  1.0174E-02  7.0979E-02  1.0354E-02  1.4567E-01  1.0000E+00
 8.5726E+03  1.0178E-02  7.0462E-02  1.0357E-02  1.4460E-01  1.0000E+00
 8.6383E+03  1.0182E-02  6.9949E-02  1.0359E-02  1.4354E-01  1.0000E+00
 8.7044E+03  1.0186E-02  6.9440E-02  1.0362E-02  1.4248E-01  1.0000E+00
 8.7711E+03  1.0190E-02  6.8934E-02  1.0364E-02  1.4144E-01  1.0000E+00
 8.8383E+03  1.0194E-02  6.8433E-02  1.0367E-02  1.4040E-01  1.0000E+00
 8.9059E+03  1.0198E-02  6.7935E-02  1.0370E-02  1.3937E-01  1.0000E+00
 8.9741E+03  1.0202E-02  6.7440E-02  1.0373E-02  1.3835E-01  1.0000E+00
 9.0429E+03  1.0206E-02  6.6949E-02  1.0375E-02  1.3733E-01  1.0000E+00
 9.1121E+03  1.0210E-02  6.6462E-02  1.0378E-02  1.3632E-01  1.0000E+00
 9.1819E+03  1.0214E-02  6.5979E-02  1.0381E-02  1.3532E-01  1.0000E+00
 9.2522E+03  1.0218E-02  6.5499E-02  1.0384E-02  1.3433E-01  1.0000E+00
 9.3231E+03  1.0222E-02  6.5022E-02  1.0386E-02  1.3335E-01  1.0000E+00
 9.3945E+03  1.0226E-02  6.4549E-02  1.0389E-02  1.3237E-01  1.0000E+00
 9.4664E+03  1.0230E-02  6.4080E-02  1.0392E-02  1.3140E-01  1.0000E+00
 9.5389E+03  1.0234E-02  6.3613E-02  1.0395E-02  1.3044E-01  1.0000E+00
 9.6120E+03  1.0238E-02  6.3151E-02  1.0398E-02  1.2948E-01  1.0000E+00
 9.6856E+03  1.0242E-02  6.2692E-02  1.0401E-02  1.2853E-01  1.0000E+00
 9.7598E+03  1.0246E-02  6.2236E-02  1.0404E-02  1.2759E-01  1.0000E+00
 9.8345E+03  1.0250E-02  6.1783E-02  1.0407E-02  1.2666E-01  1.0000E+00
 9.9098E+03  1.0255E-02  6.1334E-02  1.0410E-02  1.2573E-01  1.0000E+00
 9.9857E+03  1.0259E-02  6.0888E-02  1.0413E-02  1.2481E-01  1.0000E+00
 1.0062E+04  1.0263E-02  6.0446E-02  1.0416E-02  1.2390E-01  1.0000E+00
 1.0139E+04  1.0267E-02  6.0006E-02  1.0419E-02  1.2300E-01  1.0000E+00
 1.0217E+04  1.0271E-02  5.9570E-02  1.0422E-02  1.2210E-01  1.0000E+00
 1.0295E+04  1.0276E-02  5.9137E-02  1.0425E-02  1.2121E-01  1.0000E+00
 1.0374E+04  1.0280E-02  5.8708E-02  1.0428E-02  1.2032E-01  1.0000E+00
 1.0453E+04  1.0284E-02  5.8281E-02  1.0432E-02  1.1944E-01  1.0000E+00
 1.0533E+04  1.0288E-02  5.7858E-02  1.0435E-02  1.1857E-01  1.0000E+00
 1.0614E+04  1.0293E-02  5.7438E-02  1.0438E-02  1.1771E-01  1.0000E+00
 1.0695E+04  1.0297E-02  5.7020E-02  1.0441E-02  1.1685E-01  1.0000E+00
 1.0777E+04  1.0301E-02  5.6606E-02  1.0445E-02  1.1600E-01  1.0000E+00
 1.0860E+04  1.0306E-02  5.6195E-02  1.0448E-02  1.1515E-01  1.0000E+00
 1.0943E+04  1.0310E-02  5.5788E-02  1.0451E-02  1.1431E-01  1.0000E+00
 1.1027E+04  1.0314E-02  5.5383E-02  1.0455E-02  1.1348E-01  1.0000E+00
 1.1111E+04  1.0319E-02  5.4981E-02  1.0458E-02  1.1266E-01  1.0000E+00
 1.1196E+04  1.0323E-02  5.4582E-02  1.0461E-02  1.1184E-01  1.0000E+00
 1.1282E+04  1.0328E-02  5.4186E-02  1.0465E-02  1.1102E-01  1.0000E+00
 1.1369E+04  1.0332E-02  5.3793E-02  1.0468E-02  1.1022E-01  1.0000E+00
 1.1456E+04  1.0337E-02  5.3402E-02  1.0472E-02  1.0941E-01  1.0000E+00
 1.1543E+04  1.0341E-02  5.3015E-02  1.0475E-02  1.0862E-01  1.0000E+00
 1.1632E+04  1.0346E-02  5.2631E-02  1.0479E-02  1.0783E-01  1.0000E+00
 1.1721E+04  1.0350E-02  5.2249E-02  1.0482E-02  1.0705E-01  1.0000E+00
 1.1811E+04  1.0355E-02  5.1870E-02  1.0486E-02  1.0627E-01  1.0000E+00
 1.1901E+04  1.0359E-02  5.1494E-02  1.0490E-02  1.0550E-01  1.0000E+00
 1.1992E+04  1.0364E-02  5.1121E-02  1.0493E-02  1.0473E-01  1.0000E+00
 1.2084E+04  1.0369E-02  5.0751E-02  1.0497E-02  1.0397E-01  1.0000E+00
 1.2177E+04  1.0373E-02  5.0383E-02  1.0501E-02  1.0322E-01  1.0000E+00
 1.2270E+04  1.0378E-02  5.0018E-02  1.0504E-02  1.0247E-01  1.0000E+00
 1.2364E+04  1.0383E-02  4.9656E-02  1.0508E-02  1.0173E-01  1.0000E+00
 1.2458E+04  1.0387E-02  4.9297E-02  1.0512E-02  1.0099E-01  1.0000E+00
 1.2554E+04  1.0392E-02  4.8940E-02  1.0516E-02  1.0026E-01  1.0000E+00
 1.2650E+04  1.0397E-02  4.8585E-02  1.0520E-02  9.9537E-02  1.0000E+00
 1.2747E+04  1.0402E-02  4.8234E-02  1.0524E-02  9.8817E-02  1.0000E+00
 1.2845E+04  1.0406E-02  4.7885E-02  1.0528E-02  9.8102E-02  1.0000E+00
 1.2943E+04  1.0411E-02  4.7539E-02  1.0531E-02  9.7393E-02  1.0000E+00
 1.3042E+04  1.0416E-02  4.7195E-02  1.0535E-02  9.6690E-02  1.0000E+00
 1.3142E+04  1.0421E-02  4.6853E-02  1.0539E-02  9.5992E-02  1.0000E+00
 1.3243E+04  1.0426E-02  4.6515E-02  1.0544E-02  9.5299E-02  1.0000E+00
 1.3344E+04  1.0431E-02  4.6178E-02  1.0548E-02  9.4611E-02  1.0000E+00
 1.3446E+04  1.0436E-02  4.5845E-02  1.0552E-02  9.3928E-02  1.0000E+00
 1.3549E+04  1.0441E-02  4.5514E-02  1.0556E-02  9.3251E-02  1.0000E+00
 1.3653E+04  1.0446E-02  4.5185E-02  1.0560E-02  9.2579E-02  1.0000E+00
 1.3757E+04  1.0451E-02  4.4858E-02  1.0564E-02  9.1912E-02  1.0000E+00
 1.3863E+04  1.0456E-02  4.4535E-02  1.0568E-02  9.1250E-02  1.0000E+00
 1.3969E+04  1.0461E-02  4.4213E-02  1.0573E-02  9.0593E-02  1.0000E+00
 1.4076E+04  1.0466E-02  4.3894E-02  1.0577E-02  8.9941E-02  1.0000E+00
 1.4184E+04  1.0471E-02  4.3577E-02  1.0581E-02  8.9294E-02  1.0000E+00
 1.4292E+04  1.0476E-02  4.3263E-02  1.0586E-02  8.8653E-02  1.0000E+00
 1.4402E+04  1.0482E-02  4.2951E-02  1.0590E-02  8.8015E-02  1.0000E+00
 1.4512E+04  1.0487E-02  4.2641E-02  1.0595E-02  8.7383E-02  1.0000E+00
 1.4623E+04  1.0492E-02  4.2334E-02  1.0599E-02  8.6756E-02  1.0000E+00
 1.4735E+04  1.0497E-02  4.2029E-02  1.0604E-02  8.6133E-02  1.0000E+00
 1.4848E+04  1.0503E-02  4.1726E-02  1.0608E-02  8.5515E-02  1.0000E+00
 1.4962E+04  1.0508E-02  4.1425E-02  1.0613E-02  8.4902E-02  1.0000E+00
 1.5076E+04  1.0513E-02  4.1127E-02  1.0617E-02  8.4293E-02  1.0000E+00
 1.5192E+04  1.0519E-02  4.0831E-02  1.0622E-02  8.3689E-02  1.0000E+00
 1.5308E+04  1.0524E-02  4.0537E-02  1.0627E-02  8.3090E-02  1.0000E+00
 1.5425E+04  1.0530E-02  4.0245E-02  1.0632E-02  8.2495E-02  1.0000E+00
 1.5544E+04  1.0535E-02  3.9956E-02  1.0636E-02  8.1905E-02  1.0000E+00
 1.5663E+04  1.0541E-02  3.9668E-02  1.0641E-02  8.1319E-02  1.0000E+00
 1.5783E+04  1.0546E-02  3.9383E-02  1.0646E-02  8.0738E-02  1.0000E+00
 1.5903E+04  1.0552E-02  3.9100E-02  1.0651E-02  8.0161E-02  1.0000E+00
 1.6025E+04  1.0557E-02  3.8819E-02  1.0656E-02  7.9589E-02  1.0000E+00
 1.6148E+04  1.0563E-02  3.8540E-02  1.0661E-02  7.9021E-02  1.0000E+00
 1.6272E+04  1.0569E-02  3.8263E-02  1.0666E-02  7.8457E-02  1.0000E+00
 1.6396E+04  1.0575E-02  3.7988E-02  1.0671E-02  7.7897E-02  1.0000E+00
 1.6522E+04  1.0580E-02  3.7716E-02  1.0676E-02  7.7342E-02  1.0000E+00
 1.6648E+04  1.0586E-02  3.7445E-02  1.0681E-02  7.6791E-02  1.0000E+00
 1.6776E+04  1.0592E-02  3.7176E-02  1.0686E-02  7.6244E-02  1.0000E+00
 1.6904E+04  1.0598E-02  3.6910E-02  1.0691E-02  7.5702E-02  1.0000E+00
 1.7034E+04  1.0604E-02  3.6645E-02  1.0697E-02  7.5163E-02  1.0000E+00
 1.7164E+04  1.0610E-02  3.6382E-02  1.0702E-02  7.4629E-02  1.0000E+00
 1.7296E+04  1.0616E-02  3.6121E-02  1.0707E-02  7.4099E-02  1.0000E+00
 1.7428E+04  1.0622E-02  3.5863E-02  1.0713E-02  7.3572E-02  1.0000E+00
 1.7562E+04  1.0628E-02  3.5606E-02  1.0718E-02  7.3050E-02  1.0000E+00
 1.7696E+04  1.0634E-02  3.5351E-02  1.0723E-02  7.2532E-02  1.0000E+00
 1.7832E+04  1.0640E-02  3.5098E-02  1.0729E-02  7.2017E-02  1.0000E+00
 1.7968E+04  1.0646E-02  3.4847E-02  1.0734E-02  7.1507E-02  1.0000E+00
 1.8106E+04  1.0652E-02  3.4598E-02  1.0740E-02  7.1000E-02  1.0000E+00
 1.8244E+04  1.0659E-02  3.4350E-02  1.0746E-02  7.0498E-02  1.0000E+00
 1.8384E+04  1.0665E-02  3.4105E-02  1.0751E-02  6.9999E-02  1.0000E+00
 1.8525E+04  1.0671E-02  3.3861E-02  1.0757E-02  6.9504E-02  1.0000E+00
 1.8667E+04  1.0678E-02  3.3619E-02  1.0763E-02  6.9013E-02  1.0000E+00
 1.8810E+04  1.0684E-02  3.3379E-02  1.0769E-02  6.8525E-02  1.0000E+00
 1.8954E+04  1.0691E-02  3.3141E-02  1.0775E-02  6.8041E-02  1.0000E+00
 1.9099E+04  1.0697E-02  3.2904E-02  1.0780E-02  6.7561E-02  1.0000E+00
 1.9245E+04  1.0704E-02  3.2670E-02  1.0786E-02  6.7085E-02  1.0000E+00
 1.9393E+04  1.0710E-02  3.2437E-02  1.0792E-02  6.6612E-02  1.0000E+00
 1.9541E+04  1.0717E-02  3.2205E-02  1.0798E-02  6.6143E-02  1.0000E+00
 1.9691E+04  1.0723E-02  3.1976E-02  1.0805E-02  6.5677E-02  1.0000E+00
 1.9842E+04  1.0730E-02  3.1748E-02  1.0811E-02  6.5215E-02  1.0000E+00
 1.9994E+04  1.0737E-02  3.1522E-02  1.0817E-02  6.4756E-02  1.0000E+00
 2.0147E+04  1.0744E-02  3.1298E-02  1.0823E-02  6.4301E-02  1.0000E+00
 2.0301E+04  1.0751E-02  3.1075E-02  1.0829E-02  6.3850E-02  1.0000E+00
 2.0456E+04  1.0757E-02  3.0854E-02  1.0836E-02  6.3401E-02  1.0000E+00
 2.0613E+04  1.0764E-02  3.0635E-02  1.0842E-02  6.2957E-02  1.0000E+00
 2.0771E+04  1.0771E-02  3.0417E-02  1.0849E-02  6.2515E-02  1.0000E+00
 2.0930E+04  1.0778E-02  3.0201E-02  1.0855E-02  6.2077E-02  1.0000E+00
 2.1090E+04  1.0785E-02  2.9987E-02  1.0862E-02  6.1643E-02  1.0000E+00
 2.1252E+04  1.0793E-02  2.9774E-02  1.0868E-02  6.1211E-02  1.0000E+00
 2.1415E+04  1.0800E-02  2.9562E-02  1.0875E-02  6.0783E-02  1.0000E+00
 2.1579E+04  1.0807E-02  2.9353E-02  1.0882E-02  6.0358E-02  1.0000E+00
 2.1744E+04  1.0814E-02  2.9145E-02  1.0888E-02  5.9937E-02  1.0000E+00
 2.1910E+04  1.0822E-02  2.8938E-02  1.0895E-02  5.9518E-02  1.0000E+00
 2.2078E+04  1.0829E-02  2.8733E-02  1.0902E-02  5.9103E-02  1.0000E+00
 2.2247E+04  1.0836E-02  2.8530E-02  1.0909E-02  5.8691E-02  1.0000E+00
 2.2418E+04  1.0844E-02  2.8328E-02  1.0916E-02  5.8283E-02  1.0000E+00
 2.2589E+04  1.0851E-02  2.8127E-02  1.0923E-02  5.7877E-02  1.0000E+00
 2.2762E+04  1.0859E-02  2.7929E-02  1.0930E-02  5.7474E-02  1.0000E+00
 2.2937E+04  1.0867E-02  2.7731E-02  1.0937E-02  5.7075E-02  1.0000E+00
 2.3112E+04  1.0874E-02  2.7535E-02  1.0944E-02  5.6678E-02  1.0000E+00
 2.3289E+04  1.0882E-02  2.7341E-02  1.0952E-02  5.6285E-02  1.0000E+00
 2.3468E+04  1.0890E-02  2.7148E-02  1.0959E-02  5.5894E-02  1.0000E+00
 2.3647E+04  1.0898E-02  2.6956E-02  1.0966E-02  5.5507E-02  1.0000E+00
 2.3829E+04  1.0906E-02  2.6766E-02  1.0974E-02  5.5122E-02  1.0000E+00
 2.4011E+04  1.0914E-02  2.6577E-02  1.0981E-02  5.4741E-02  1.0000E+00
 2.4195E+04  1.0922E-02  2.6390E-02  1.0989E-02  5.4362E-02  1.0000E+00
 2.4380E+04  1.0930E-02  2.6204E-02  1.0996E-02  5.3986E-02  1.0000E+00
 2.4567E+04  1.0938E-02  2.6020E-02  1.1004E-02  5.3613E-02  1.0000E+00
 2.4755E+04  1.0946E-02  2.5837E-02  1.1012E-02  5.3243E-02  1.0000E+00
 2.4945E+04  1.0954E-02  2.5655E-02  1.1019E-02  5.2876E-02  1.0000E+00
 2.5136E+04  1.0963E-02  2.5475E-02  1.1027E-02  5.2511E-02  1.0000E+00
 2.5328E+04  1.0971E-02  2.5296E-02  1.1035E-02  5.2150E-02  1.0000E+00
 2.5522E+04  1.0979E-02  2.5118E-02  1.1043E-02  5.1791E-02  1.0000E+00
 2.5718E+04  1.0988E-02  2.4942E-02  1.1051E-02  5.1435E-02  1.0000E+00
 2.5915E+04  1.0996E-02  2.4767E-02  1.1059E-02  5.1081E-02  1.0000E+00
 2.6113E+04  1.1005E-02  2.4593E-02  1.1068E-02  5.0730E-02  1.0000E+00
 2.6313E+04  1.1014E-02  2.4421E-02  1.1076E-02  5.0382E-02  1.0000E+00
 2.6515E+04  1.1022E-02  2.4250E-02  1.1084E-02  5.0037E-02  1.0000E+00
 2.6718E+04  1.1031E-02  2.4080E-02  1.1093E-02  4.9694E-02  1.0000E+00
 2.6922E+04  1.1040E-02  2.3912E-02  1.1101E-02  4.9354E-02  1.0000E+00
 2.7128E+04  1.1049E-02  2.3745E-02  1.1109E-02  4.9017E-02  1.0000E+00
 2.7336E+04  1.1058E-02  2.3579E-02  1.1118E-02  4.8682E-02  1.0000E+00
 2.7545E+04  1.1067E-02  2.3414E-02  1.1127E-02  4.8349E-02  1.0000E+00
 2.7756E+04  1.1076E-02  2.3250E-02  1.1135E-02  4.8019E-02  1.0000E+00
 2.7969E+04  1.1085E-02  2.3088E-02  1.1144E-02  4.7692E-02  1.0000E+00
 2.8183E+04  1.1095E-02  2.2927E-02  1.1153E-02  4.7367E-02  1.0000E+00
 2.8399E+04  1.1104E-02  2.2767E-02  1.1162E-02  4.7045E-02  1.0000E+00
 2.8617E+04  1.1113E-02  2.2609E-02  1.1171E-02  4.6725E-02  1.0000E+00
 2.8836E+04  1.1123E-02  2.2451E-02  1.1180E-02  4.6407E-02  1.0000E+00
 2.9056E+04  1.1132E-02  2.2295E-02  1.1189E-02  4.6092E-02  1.0000E+00
 2.9279E+04  1.1142E-02  2.2140E-02  1.1198E-02  4.5780E-02  1.0000E+00
 2.9503E+04  1.1152E-02  2.1986E-02  1.1208E-02  4.5470E-02  1.0000E+00
 2.9729E+04  1.1161E-02  2.1834E-02  1.1217E-02  4.5162E-02  1.0000E+00
 2.9957E+04  1.1171E-02  2.1682E-02  1.1227E-02  4.4856E-02  1.0000E+00
 3.0186E+04  1.1181E-02  2.1532E-02  1.1236E-02  4.4553E-02  1.0000E+00
 3.0417E+04  1.1191E-02  2.1382E-02  1.1246E-02  4.4252E-02  1.0000E+00
 3.0650E+04  1.1201E-02  2.1234E-02  1.1255E-02  4.3954E-02  1.0000E+00
 3.0885E+04  1.1211E-02  2.1087E-02  1.1265E-02  4.3658E-02  1.0000E+00
 3.1122E+04  1.1221E-02  2.0941E-02  1.1275E-02  4.3364E-02  1.0000E+00
 3.1360E+04  1.1232E-02  2.0796E-02  1.1285E-02  4.3072E-02  1.0000E+00
 3.1600E+04  1.1242E-02  2.0653E-02  1.1295E-02  4.2782E-02  1.0000E+00
 3.1842E+04  1.1253E-02  2.0510E-02  1.1305E-02  4.2495E-02  1.0000E+00
 3.2086E+04  1.1263E-02  2.0368E-02  1.1315E-02  4.2210E-02  1.0000E+00
 3.2332E+04  1.1274E-02  2.0228E-02  1.1325E-02  4.1927E-02  1.0000E+00
 3.2579E+04  1.1284E-02  2.0088E-02  1.1336E-02  4.1646E-02  1.0000E+00
 3.2829E+04  1.1295E-02  1.9950E-02  1.1346E-02  4.1368E-02  1.0000E+00
 3.3080E+04  1.1306E-02  1.9813E-02  1.1357E-02  4.1091E-02  1.0000E+00
 3.3334E+04  1.1317E-02  1.9676E-02  1.1367E-02  4.0817E-02  1.0000E+00
 3.3589E+04  1.1328E-02  1.9541E-02  1.1378E-02  4.0545E-02  1.0000E+00
 3.3846E+04  1.1339E-02  1.9407E-02  1.1389E-02  4.0275E-02  1.0000E+00
 3.4105E+04  1.1350E-02  1.9274E-02  1.1399E-02  4.0007E-02  1.0000E+00
 3.4367E+04  1.1361E-02  1.9141E-02  1.1410E-02  3.9741E-02  1.0000E+00
 3.4630E+04  1.1373E-02  1.9010E-02  1.1421E-02  3.9477E-02  1.0000E+00
 3.4895E+04  1.1384E-02  1.8880E-02  1.1432E-02  3.9215E-02  1.0000E+00
 3.5162E+04  1.1396E-02  1.8751E-02  1.1444E-02  3.8955E-02  1.0000E+00
 3.5431E+04  1.1407E-02  1.8622E-02  1.1455E-02  3.8697E-02  1.0000E+00
 3.5703E+04  1.1419E-02  1.8495E-02  1.1466E-02  3.8441E-02  1.0000E+00
 3.5976E+04  1.1431E-02  1.8369E-02  1.1478E-02  3.8187E-02  1.0000E+00
 3.6252E+04  1.1443E-02  1.8243E-02  1.1489E-02  3.7935E-02  1.0000E+00
 3.6529E+04  1.1455E-02  1.8119E-02  1.1501E-02  3.7685E-02  1.0000E+00
 3.6809E+04  1.1467E-02  1.7995E-02  1.1513E-02  3.7437E-02  1.0000E+00
 3.7091E+04  1.1479E-02  1.7873E-02  1.1525E-02  3.7190E-02  1.0000E+00
 3.7375E+04  1.1491E-02  1.7751E-02  1.1537E-02  3.6946E-02  1.0000E+00
 3.7661E+04  1.1503E-02  1.7630E-02  1.1549E-02  3.6703E-02  1.0000E+00
 3.7950E+04  1.1516E-02  1.7510E-02  1.1561E-02  3.6463E-02  1.0000E+00
 3.8240E+04  1.1528E-02  1.7391E-02  1.1573E-02  3.6224E-02  1.0000E+00
 3.8533E+04  1.1541E-02  1.7273E-02  1.1585E-02  3.5987E-02  1.0000E+00
 3.8828E+04  1.1554E-02  1.7156E-02  1.1598E-02  3.5752E-02  1.0000E+00
 3.9126E+04  1.1567E-02  1.7040E-02  1.1610E-02  3.5519E-02  1.0000E+00
 3.9425E+04  1.1579E-02  1.6925E-02  1.1623E-02  3.5287E-02  1.0000E+00
 3.9727E+04  1.1593E-02  1.6810E-02  1.1636E-02  3.5057E-02  1.0000E+00
 4.0032E+04  1.1606E-02  1.6696E-02  1.1649E-02  3.4829E-02  1.0000E+00
 4.0338E+04  1.1619E-02  1.6584E-02  1.1662E-02  3.4603E-02  1.0000E+00
 4.0647E+04  1.1632E-02  1.6472E-02  1.1675E-02  3.4379E-02  1.0000E+00
 4.0958E+04  1.1646E-02  1.6361E-02  1.1688E-02  3.4156E-02  1.0000E+00
 4.1272E+04  1.1659E-02  1.6250E-02  1.1701E-02  3.3935E-02  1.0000E+00
 4.1588E+04  1.1673E-02  1.6141E-02  1.1715E-02  3.3715E-02  1.0000E+00
 4.1907E+04  1.1687E-02  1.6032E-02  1.1728E-02  3.3498E-02  1.0000E+00
 4.2228E+04  1.1701E-02  1.5925E-02  1.1742E-02  3.3282E-02  1.0000E+00
 4.2551E+04  1.1715E-02  1.5818E-02  1.1755E-02  3.3067E-02  1.0000E+00
 4.2877E+04  1.1729E-02  1.5712E-02  1.1769E-02  3.2855E-02  1.0000E+00
 4.3205E+04  1.1743E-02  1.5606E-02  1.1783E-02  3.2644E-02  1.0000E+00
 4.3536E+04  1.1757E-02  1.5502E-02  1.1797E-02  3.2434E-02  1.0000E+00
 4.3869E+04  1.1772E-02  1.5398E-02  1.1811E-02  3.2227E-02  1.0000E+00
 4.4205E+04  1.1786E-02  1.5295E-02  1.1826E-02  3.2020E-02  1.0000E+00
 4.4544E+04  1.1801E-02  1.5193E-02  1.1840E-02  3.1816E-02  1.0000E+00
 4.4885E+04  1.1816E-02  1.5092E-02  1.1855E-02  3.1613E-02  1.0000E+00
 4.5229E+04  1.1831E-02  1.4991E-02  1.1869E-02  3.1411E-02  1.0000E+00
 4.5575E+04  1.1846E-02  1.4891E-02  1.1884E-02  3.1211E-02  1.0000E+00
 4.5924E+04  1.1861E-02  1.4792E-02  1.1899E-02  3.1013E-02  1.0000E+00
 4.6276E+04  1.1876E-02  1.4694E-02  1.1914E-02  3.0816E-02  1.0000E+00
 4.6630E+04  1.1892E-02  1.4596E-02  1.1929E-02  3.0621E-02  1.0000E+00
 4.6987E+04  1.1907E-02  1.4499E-02  1.1945E-02  3.0427E-02  1.0000E+00
 4.7347E+04  1.1923E-02  1.4403E-02  1.1960E-02  3.0235E-02  1.0000E+00
 4.7710E+04  1.1938E-02  1.4308E-02  1.1976E-02  3.0044E-02  1.0000E+00
 4.8075E+04  1.1954E-02  1.4213E-02  1.1991E-02  2.9855E-02  1.0000E+00
 4.8443E+04  1.1970E-02  1.4119E-02  1.2007E-02  2.9667E-02  1.0000E+00
 4.8814E+04  1.1987E-02  1.4026E-02  1.2023E-02  2.9480E-02  1.0000E+00
 4.9188E+04  1.2003E-02  1.3933E-02  1.2039E-02  2.9295E-02  1.0000E+00
 4.9565E+04  1.2019E-02  1.3841E-02  1.2055E-02  2.9112E-02  1.0000E+00
 4.9945E+04  1.2036E-02  1.3750E-02  1.2072E-02  2.8930E-02  1.0000E+00
 5.0327E+04  1.2053E-02  1.3660E-02  1.2088E-02  2.8749E-02  1.0000E+00
 5.0713E+04  1.2069E-02  1.3570E-02  1.2105E-02  2.8570E-02  1.0000E+00
 5.1101E+04  1.2086E-02  1.3481E-02  1.2121E-02  2.8392E-02  1.0000E+00
 5.1492E+04  1.2103E-02  1.3392E-02  1.2138E-02  2.8215E-02  1.0000E+00
 5.1887E+04  1.2121E-02  1.3305E-02  1.2155E-02  2.8040E-02  1.0000E+00
 5.2284E+04  1.2138E-02  1.3218E-02  1.2172E-02  2.7866E-02  1.0000E+00
 5.2684E+04  1.2156E-02  1.3131E-02  1.2190E-02  2.7694E-02  1.0000E+00
 5.3088E+04  1.2173E-02  1.3045E-02  1.2207E-02  2.7523E-02  1.0000E+00
 5.3494E+04  1.2191E-02  1.2960E-02  1.2225E-02  2.7353E-02  1.0000E+00
 5.3904E+04  1.2209E-02  1.2876E-02  1.2243E-02  2.7185E-02  1.0000E+00
 5.4317E+04  1.2227E-02  1.2792E-02  1.2260E-02  2.7017E-02  1.0000E+00
 5.4733E+04  1.2245E-02  1.2709E-02  1.2278E-02  2.6852E-02  1.0000E+00
 5.5152E+04  1.2264E-02  1.2626E-02  1.2297E-02  2.6687E-02  1.0000E+00
 5.5574E+04  1.2282E-02  1.2544E-02  1.2315E-02  2.6524E-02  1.0000E+00
 5.6000E+04  1.2301E-02  1.2463E-02  1.2334E-02  2.6362E-02  1.0000E+00
 5.6429E+04  1.2320E-02  1.2382E-02  1.2352E-02  2.6201E-02  1.0000E+00
 5.6861E+04  1.2339E-02  1.2302E-02  1.2371E-02  2.6041E-02  1.0000E+00
 5.7297E+04  1.2358E-02  1.2223E-02  1.2390E-02  2.5883E-02  1.0000E+00
 5.7735E+04  1.2377E-02  1.2144E-02  1.2409E-02  2.5726E-02  1.0000E+00
 5.8177E+04  1.2397E-02  1.2066E-02  1.2428E-02  2.5570E-02  1.0000E+00
 5.8623E+04  1.2417E-02  1.1988E-02  1.2448E-02  2.5416E-02  1.0000E+00
 5.9072E+04  1.2436E-02  1.1911E-02  1.2468E-02  2.5262E-02  1.0000E+00
 5.9524E+04  1.2456E-02  1.1835E-02  1.2487E-02  2.5110E-02  1.0000E+00
 5.9980E+04  1.2477E-02  1.1759E-02  1.2507E-02  2.4959E-02  1.0000E+00
 6.0440E+04  1.2497E-02  1.1683E-02  1.2527E-02  2.4809E-02  1.0000E+00
 6.0902E+04  1.2517E-02  1.1609E-02  1.2548E-02  2.4661E-02  1.0000E+00
 6.1369E+04  1.2538E-02  1.1534E-02  1.2568E-02  2.4513E-02  1.0000E+00
 6.1839E+04  1.2559E-02  1.1461E-02  1.2589E-02  2.4367E-02  1.0000E+00
 6.2312E+04  1.2580E-02  1.1388E-02  1.2610E-02  2.4222E-02  1.0000E+00
 6.2790E+04  1.2601E-02  1.1315E-02  1.2631E-02  2.4078E-02  1.0000E+00
 6.3270E+04  1.2622E-02  1.1243E-02  1.2652E-02  2.3935E-02  1.0000E+00
 6.3755E+04  1.2644E-02  1.1172E-02  1.2673E-02  2.3793E-02  1.0000E+00
 6.4243E+04  1.2666E-02  1.1101E-02  1.2695E-02  2.3652E-02  1.0000E+00
 6.4735E+04  1.2687E-02  1.1031E-02  1.2716E-02  2.3513E-02  1.0000E+00
 6.5231E+04  1.2710E-02  1.0961E-02  1.2738E-02  2.3374E-02  1.0000E+00
 6.5731E+04  1.2732E-02  1.0892E-02  1.2761E-02  2.3237E-02  1.0000E+00
 6.6234E+04  1.2754E-02  1.0823E-02  1.2783E-02  2.3100E-02  1.0000E+00
 6.6741E+04  1.2777E-02  1.0755E-02  1.2805E-02  2.2965E-02  1.0000E+00
 6.7252E+04  1.2800E-02  1.0687E-02  1.2828E-02  2.2831E-02  1.0000E+00
 6.7767E+04  1.2823E-02  1.0620E-02  1.2851E-02  2.2698E-02  1.0000E+00
 6.8286E+04  1.2846E-02  1.0553E-02  1.2874E-02  2.2566E-02  1.0000E+00
 6.8809E+04  1.2869E-02  1.0487E-02  1.2897E-02  2.2435E-02  1.0000E+00
 6.9336E+04  1.2893E-02  1.0421E-02  1.2921E-02  2.2305E-02  1.0000E+00
 6.9867E+04  1.2917E-02  1.0356E-02  1.2944E-02  2.2176E-02  1.0000E+00
 7.0402E+04  1.2941E-02  1.0292E-02  1.2968E-02  2.2048E-02  1.0000E+00
 7.0942E+04  1.2965E-02  1.0228E-02  1.2992E-02  2.1921E-02  1.0000E+00
 7.1485E+04  1.2990E-02  1.0164E-02  1.3016E-02  2.1795E-02  1.0000E+00
 7.2032E+04  1.3014E-02  1.0101E-02  1.3041E-02  2.1670E-02  1.0000E+00
 7.2584E+04  1.3039E-02  1.0038E-02  1.3066E-02  2.1546E-02  1.0000E+00
 7.3140E+04  1.3064E-02  9.9758E-03  1.3090E-02  2.1423E-02  1.0000E+00
 7.3700E+04  1.3089E-02  9.9141E-03  1.3116E-02  2.1301E-02  1.0000E+00
 7.4264E+04  1.3115E-02  9.8528E-03  1.3141E-02  2.1180E-02  1.0000E+00
 7.4833E+04  1.3140E-02  9.7920E-03  1.3166E-02  2.1060E-02  1.0000E+00
 7.5406E+04  1.3166E-02  9.7317E-03  1.3192E-02  2.0940E-02  1.0000E+00
 7.5984E+04  1.3193E-02  9.6718E-03  1.3218E-02  2.0822E-02  1.0000E+00
 7.6566E+04  1.3219E-02  9.6124E-03  1.3244E-02  2.0705E-02  1.0000E+00
 7.7152E+04  1.3246E-02  9.5534E-03  1.3271E-02  2.0589E-02  1.0000E+00
 7.7743E+04  1.3272E-02  9.4949E-03  1.3298E-02  2.0473E-02  1.0000E+00
 7.8338E+04  1.3299E-02  9.4368E-03  1.3325E-02  2.0359E-02  1.0000E+00
 7.8938E+04  1.3327E-02  9.3792E-03  1.3352E-02  2.0245E-02  1.0000E+00
 7.9543E+04  1.3354E-02  9.3220E-03  1.3379E-02  2.0132E-02  1.0000E+00
 8.0152E+04  1.3382E-02  9.2653E-03  1.3407E-02  2.0021E-02  1.0000E+00
 8.0766E+04  1.3410E-02  9.2089E-03  1.3434E-02  1.9910E-02  1.0000E+00
 8.1384E+04  1.3438E-02  9.1531E-03  1.3463E-02  1.9800E-02  1.0000E+00
 8.2008E+04  1.3467E-02  9.0976E-03  1.3491E-02  1.9691E-02  1.0000E+00
 8.2636E+04  1.3495E-02  9.0426E-03  1.3520E-02  1.9582E-02  1.0000E+00
 8.3268E+04  1.3524E-02  8.9880E-03  1.3548E-02  1.9475E-02  1.0000E+00
 8.3906E+04  1.3554E-02  8.9338E-03  1.3577E-02  1.9369E-02  1.0000E+00
 8.4549E+04  1.3583E-02  8.8800E-03  1.3607E-02  1.9263E-02  1.0000E+00
 8.5196E+04  1.3613E-02  8.8266E-03  1.3636E-02  1.9158E-02  1.0000E+00
 8.5849E+04  1.3643E-02  8.7737E-03  1.3666E-02  1.9054E-02  1.0000E+00
 8.6506E+04  1.3673E-02  8.7211E-03  1.3696E-02  1.8951E-02  1.0000E+00
 8.7169E+04  1.3704E-02  8.6690E-03  1.3727E-02  1.8849E-02  1.0000E+00
 8.7836E+04  1.3734E-02  8.6172E-03  1.3757E-02  1.8747E-02  1.0000E+00
 8.8509E+04  1.3765E-02  8.5659E-03  1.3788E-02  1.8647E-02  1.0000E+00
 8.9187E+04  1.3797E-02  8.5149E-03  1.3820E-02  1.8547E-02  1.0000E+00
 8.9870E+04  1.3828E-02  8.4644E-03  1.3851E-02  1.8448E-02  1.0000E+00
 9.0558E+04  1.3860E-02  8.4142E-03  1.3883E-02  1.8349E-02  1.0000E+00
 9.1252E+04  1.3892E-02  8.3644E-03  1.3915E-02  1.8252E-02  1.0000E+00
 9.1950E+04  1.3925E-02  8.3150E-03  1.3947E-02  1.8155E-02  1.0000E+00
 9.2655E+04  1.3957E-02  8.2659E-03  1.3980E-02  1.8059E-02  1.0000E+00
 9.3364E+04  1.3990E-02  8.2173E-03  1.4013E-02  1.7964E-02  1.0000E+00
 9.4079E+04  1.4024E-02  8.1690E-03  1.4046E-02  1.7870E-02  1.0000E+00
 9.4800E+04  1.4057E-02  8.1211E-03  1.4079E-02  1.7776E-02  1.0000E+00
 9.5526E+04  1.4091E-02  8.0735E-03  1.4113E-02  1.7684E-02  1.0000E+00
 9.6257E+04  1.4125E-02  8.0264E-03  1.4147E-02  1.7592E-02  1.0000E+00
 9.6994E+04  1.4160E-02  7.9796E-03  1.4181E-02  1.7500E-02  1.0000E+00
 9.7737E+04  1.4195E-02  7.9331E-03  1.4216E-02  1.7410E-02  1.0000E+00
 9.8486E+04  1.4230E-02  7.8870E-03  1.4251E-02  1.7320E-02  1.0000E+00
 9.9240E+04  1.4265E-02  7.8412E-03  1.4286E-02  1.7231E-02  1.0000E+00
 1.0000E+05  1.4301E-02  7.7958E-03  1.4322E-02  1.7143E-02  1.0000E+00


