#     0	 1	    1	 1	 1.7370E+01	 1000	1
 4.8978E+01  3.5510E+00  4.3388E+03  3.0633E+00  6.7110E+03  1.0000E+00
 4.9353E+01  3.5551E+00  4.3109E+03  3.0727E+00  6.6848E+03  1.0000E+00
 4.9731E+01  3.5593E+00  4.2831E+03  3.0820E+00  6.6586E+03  1.0000E+00
 5.0112E+01  3.5634E+00  4.2555E+03  3.0913E+00  6.6323E+03  1.0000E+00
 5.0496E+01  3.5676E+00  4.2281E+03  3.1007E+00  6.6061E+03  1.0000E+00
 5.0882E+01  3.5718E+00  4.2009E+03  3.1100E+00  6.5800E+03  1.0000E+00
 5.1272E+01  3.5761E+00  4.1739E+03  3.1194E+00  6.5538E+03  1.0000E+00
 5.1665E+01  3.5803E+00  4.1471E+03  3.1287E+00  6.5276E+03  1.0000E+00
 5.2060E+01  3.5846E+00  4.1205E+03  3.1380E+00  6.5015E+03  1.0000E+00
 5.2459E+01  3.5889E+00  4.0941E+03  3.1474E+00  6.4754E+03  1.0000E+00
 5.2861E+01  3.5932E+00  4.0678E+03  3.1567E+00  6.4493E+03  1.0000E+00
 5.3266E+01  3.5975E+00  4.0418E+03  3.1660E+00  6.4233E+03  1.0000E+00
 5.3673E+01  3.6018E+00  4.0159E+03  3.1754E+00  6.3972E+03  1.0000E+00
 5.4085E+01  3.6062E+00  3.9902E+03  3.1847E+00  6.3712E+03  1.0000E+00
 5.4499E+01  3.6106E+00  3.9647E+03  3.1941E+00  6.3452E+03  1.0000E+00
 5.4916E+01  3.6150E+00  3.9394E+03  3.2034E+00  6.3193E+03  1.0000E+00
 5.5337E+01  3.6194E+00  3.9142E+03  3.2127E+00  6.2933E+03  1.0000E+00
 5.5760E+01  3.6238E+00  3.8892E+03  3.2221E+00  6.2674E+03  1.0000E+00
 5.6187E+01  3.6283E+00  3.8644E+03  3.2314E+00  6.2415E+03  1.0000E+00
 5.6618E+01  3.6328E+00  3.8398E+03  3.2407E+00  6.2157E+03  1.0000E+00
 5.7051E+01  3.6373E+00  3.8153E+03  3.2501E+00  6.1899E+03  1.0000E+00
 5.7488E+01  3.6418E+00  3.7910E+03  3.2594E+00  6.1641E+03  1.0000E+00
 5.7929E+01  3.6463E+00  3.7669E+03  3.2688E+00  6.1384E+03  1.0000E+00
 5.8372E+01  3.6509E+00  3.7429E+03  3.2781E+00  6.1127E+03  1.0000E+00
 5.8819E+01  3.6555E+00  3.7191E+03  3.2874E+00  6.0870E+03  1.0000E+00
 5.9270E+01  3.6601E+00  3.6955E+03  3.2968E+00  6.0614E+03  1.0000E+00
 5.9724E+01  3.6647E+00  3.6721E+03  3.3061E+00  6.0358E+03  1.0000E+00
 6.0181E+01  3.6693E+00  3.6488E+03  3.3155E+00  6.0102E+03  1.0000E+00
 6.0642E+01  3.6740E+00  3.6256E+03  3.3248E+00  5.9847E+03  1.0000E+00
 6.1106E+01  3.6787E+00  3.6027E+03  3.3341E+00  5.9592E+03  1.0000E+00
 6.1574E+01  3.6834E+00  3.5798E+03  3.3435E+00  5.9338E+03  1.0000E+00
 6.2046E+01  3.6881E+00  3.5572E+03  3.3528E+00  5.9084E+03  1.0000E+00
 6.2521E+01  3.6928E+00  3.5347E+03  3.3621E+00  5.8830E+03  1.0000E+00
 6.3000E+01  3.6976E+00  3.5123E+03  3.3715E+00  5.8577E+03  1.0000E+00
 6.3482E+01  3.7024E+00  3.4901E+03  3.3808E+00  5.8325E+03  1.0000E+00
 6.3968E+01  3.7072E+00  3.4681E+03  3.3902E+00  5.8072E+03  1.0000E+00
 6.4458E+01  3.7120E+00  3.4462E+03  3.3995E+00  5.7821E+03  1.0000E+00
 6.4952E+01  3.7168E+00  3.4245E+03  3.4088E+00  5.7569E+03  1.0000E+00
 6.5449E+01  3.7217E+00  3.4029E+03  3.4182E+00  5.7319E+03  1.0000E+00
 6.5951E+01  3.7266E+00  3.3815E+03  3.4275E+00  5.7068E+03  1.0000E+00
 6.6456E+01  3.7315E+00  3.3602E+03  3.4369E+00  5.6818E+03  1.0000E+00
 6.6965E+01  3.7364E+00  3.3390E+03  3.4462E+00  5.6569E+03  1.0000E+00
 6.7478E+01  3.7413E+00  3.3180E+03  3.4555E+00  5.6320E+03  1.0000E+00
 6.7994E+01  3.7463E+00  3.2972E+03  3.4649E+00  5.6072E+03  1.0000E+00
 6.8515E+01  3.7513E+00  3.2765E+03  3.4742E+00  5.5824E+03  1.0000E+00
 6.9040E+01  3.7563E+00  3.2559E+03  3.4836E+00  5.5576E+03  1.0000E+00
 6.9568E+01  3.7613E+00  3.2355E+03  3.4929E+00  5.5330E+03  1.0000E+00
 7.0101E+01  3.7663E+00  3.2152E+03  3.5022E+00  5.5083E+03  1.0000E+00
 7.0638E+01  3.7714E+00  3.1951E+03  3.5116E+00  5.4838E+03  1.0000E+00
 7.1179E+01  3.7765E+00  3.1750E+03  3.5209E+00  5.4592E+03  1.0000E+00
 7.1724E+01  3.7816E+00  3.1552E+03  3.5303E+00  5.4348E+03  1.0000E+00
 7.2273E+01  3.7868E+00  3.1355E+03  3.5396E+00  5.4104E+03  1.0000E+00
 7.2827E+01  3.7919E+00  3.1159E+03  3.5489E+00  5.3860E+03  1.0000E+00
 7.3385E+01  3.7971E+00  3.0964E+03  3.5583E+00  5.3617E+03  1.0000E+00
 7.3947E+01  3.8023E+00  3.0771E+03  3.5676E+00  5.3374E+03  1.0000E+00
 7.4513E+01  3.8075E+00  3.0579E+03  3.5770E+00  5.3133E+03  1.0000E+00
 7.5084E+01  3.8127E+00  3.0388E+03  3.5863E+00  5.2891E+03  1.0000E+00
 7.5659E+01  3.8180E+00  3.0199E+03  3.5956E+00  5.2651E+03  1.0000E+00
 7.6238E+01  3.8233E+00  3.0011E+03  3.6050E+00  5.2410E+03  1.0000E+00
 7.6822E+01  3.8286E+00  2.9824E+03  3.6143E+00  5.2171E+03  1.0000E+00
 7.7410E+01  3.8339E+00  2.9638E+03  3.6237E+00  5.1932E+03  1.0000E+00
 7.8003E+01  3.8393E+00  2.9454E+03  3.6330E+00  5.1694E+03  1.0000E+00
 7.8601E+01  3.8446E+00  2.9271E+03  3.6423E+00  5.1456E+03  1.0000E+00
 7.9202E+01  3.8500E+00  2.9089E+03  3.6517E+00  5.1219E+03  1.0000E+00
 7.9809E+01  3.8555E+00  2.8909E+03  3.6610E+00  5.0982E+03  1.0000E+00
 8.0420E+01  3.8609E+00  2.8730E+03  3.6704E+00  5.0746E+03  1.0000E+00
 8.1036E+01  3.8663E+00  2.8552E+03  3.6797E+00  5.0511E+03  1.0000E+00
 8.1657E+01  3.8718E+00  2.8375E+03  3.6891E+00  5.0277E+03  1.0000E+00
 8.2282E+01  3.8773E+00  2.8199E+03  3.6984E+00  5.0043E+03  1.0000E+00
 8.2912E+01  3.8828E+00  2.8025E+03  3.7077E+00  4.9809E+03  1.0000E+00
 8.3547E+01  3.8884E+00  2.7851E+03  3.7171E+00  4.9576E+03  1.0000E+00
 8.4187E+01  3.8940E+00  2.7679E+03  3.7264E+00  4.9344E+03  1.0000E+00
 8.4832E+01  3.8995E+00  2.7508E+03  3.7358E+00  4.9113E+03  1.0000E+00
 8.5481E+01  3.9052E+00  2.7338E+03  3.7451E+00  4.8882E+03  1.0000E+00
 8.6136E+01  3.9108E+00  2.7170E+03  3.7544E+00  4.8652E+03  1.0000E+00
 8.6796E+01  3.9164E+00  2.7002E+03  3.7638E+00  4.8423E+03  1.0000E+00
 8.7460E+01  3.9221E+00  2.6836E+03  3.7731E+00  4.8194E+03  1.0000E+00
 8.8130E+01  3.9278E+00  2.6670E+03  3.7825E+00  4.7966E+03  1.0000E+00
 8.8805E+01  3.9335E+00  2.6506E+03  3.7918E+00  4.7738E+03  1.0000E+00
 8.9485E+01  3.9393E+00  2.6343E+03  3.8012E+00  4.7511E+03  1.0000E+00
 9.0171E+01  3.9450E+00  2.6181E+03  3.8105E+00  4.7285E+03  1.0000E+00
 9.0861E+01  3.9508E+00  2.6020E+03  3.8198E+00  4.7060E+03  1.0000E+00
 9.1557E+01  3.9566E+00  2.5860E+03  3.8292E+00  4.6835E+03  1.0000E+00
 9.2258E+01  3.9624E+00  2.5702E+03  3.8385E+00  4.6611E+03  1.0000E+00
 9.2965E+01  3.9683E+00  2.5544E+03  3.8479E+00  4.6387E+03  1.0000E+00
 9.3677E+01  3.9742E+00  2.5387E+03  3.8572E+00  4.6165E+03  1.0000E+00
 9.4394E+01  3.9800E+00  2.5232E+03  3.8666E+00  4.5943E+03  1.0000E+00
 9.5117E+01  3.9860E+00  2.5077E+03  3.8759E+00  4.5721E+03  1.0000E+00
 9.5845E+01  3.9919E+00  2.4924E+03  3.8853E+00  4.5501E+03  1.0000E+00
 9.6579E+01  3.9979E+00  2.4771E+03  3.8946E+00  4.5281E+03  1.0000E+00
 9.7319E+01  4.0038E+00  2.4619E+03  3.9039E+00  4.5061E+03  1.0000E+00
 9.8064E+01  4.0098E+00  2.4469E+03  3.9133E+00  4.4843E+03  1.0000E+00
 9.8815E+01  4.0159E+00  2.4319E+03  3.9226E+00  4.4625E+03  1.0000E+00
 9.9572E+01  4.0219E+00  2.4171E+03  3.9320E+00  4.4408E+03  1.0000E+00
 1.0033E+02  4.0280E+00  2.4023E+03  3.9413E+00  4.4191E+03  1.0000E+00
 1.0110E+02  4.0341E+00  2.3877E+03  3.9507E+00  4.3975E+03  1.0000E+00
 1.0188E+02  4.0402E+00  2.3731E+03  3.9600E+00  4.3760E+03  1.0000E+00
 1.0266E+02  4.0463E+00  2.3587E+03  3.9694E+00  4.3546E+03  1.0000E+00
 1.0344E+02  4.0524E+00  2.3443E+03  3.9787E+00  4.3332E+03  1.0000E+00
 1.0424E+02  4.0586E+00  2.3300E+03  3.9880E+00  4.3120E+03  1.0000E+00
 1.0503E+02  4.0648E+00  2.3158E+03  3.9974E+00  4.2907E+03  1.0000E+00
 1.0584E+02  4.0710E+00  2.3018E+03  4.0067E+00  4.2696E+03  1.0000E+00
 1.0665E+02  4.0773E+00  2.2878E+03  4.0161E+00  4.2485E+03  1.0000E+00
 1.0747E+02  4.0835E+00  2.2739E+03  4.0254E+00  4.2275E+03  1.0000E+00
 1.0829E+02  4.0898E+00  2.2600E+03  4.0348E+00  4.2066E+03  1.0000E+00
 1.0912E+02  4.0961E+00  2.2463E+03  4.0441E+00  4.1857E+03  1.0000E+00
 1.0995E+02  4.1025E+00  2.2327E+03  4.0535E+00  4.1649E+03  1.0000E+00
 1.1080E+02  4.1088E+00  2.2192E+03  4.0628E+00  4.1442E+03  1.0000E+00
 1.1164E+02  4.1152E+00  2.2057E+03  4.0722E+00  4.1236E+03  1.0000E+00
 1.1250E+02  4.1216E+00  2.1923E+03  4.0815E+00  4.1030E+03  1.0000E+00
 1.1336E+02  4.1280E+00  2.1791E+03  4.0908E+00  4.0825E+03  1.0000E+00
 1.1423E+02  4.1344E+00  2.1659E+03  4.1002E+00  4.0621E+03  1.0000E+00
 1.1510E+02  4.1409E+00  2.1528E+03  4.1095E+00  4.0417E+03  1.0000E+00
 1.1599E+02  4.1474E+00  2.1398E+03  4.1189E+00  4.0215E+03  1.0000E+00
 1.1687E+02  4.1539E+00  2.1268E+03  4.1282E+00  4.0013E+03  1.0000E+00
 1.1777E+02  4.1604E+00  2.1140E+03  4.1376E+00  3.9811E+03  1.0000E+00
 1.1867E+02  4.1670E+00  2.1012E+03  4.1469E+00  3.9611E+03  1.0000E+00
 1.1958E+02  4.1735E+00  2.0885E+03  4.1563E+00  3.9411E+03  1.0000E+00
 1.2050E+02  4.1801E+00  2.0759E+03  4.1656E+00  3.9212E+03  1.0000E+00
 1.2142E+02  4.1867E+00  2.0634E+03  4.1750E+00  3.9014E+03  1.0000E+00
 1.2235E+02  4.1934E+00  2.0510E+03  4.1843E+00  3.8816E+03  1.0000E+00
 1.2329E+02  4.2000E+00  2.0386E+03  4.1937E+00  3.8619E+03  1.0000E+00
 1.2423E+02  4.2067E+00  2.0263E+03  4.2030E+00  3.8423E+03  1.0000E+00
 1.2518E+02  4.2134E+00  2.0141E+03  4.2124E+00  3.8227E+03  1.0000E+00
 1.2614E+02  4.2202E+00  2.0020E+03  4.2217E+00  3.8033E+03  1.0000E+00
 1.2711E+02  4.2269E+00  1.9900E+03  4.2311E+00  3.7839E+03  1.0000E+00
 1.2808E+02  4.2337E+00  1.9780E+03  4.2404E+00  3.7646E+03  1.0000E+00
 1.2906E+02  4.2405E+00  1.9661E+03  4.2498E+00  3.7453E+03  1.0000E+00
 1.3005E+02  4.2473E+00  1.9543E+03  4.2591E+00  3.7261E+03  1.0000E+00
 1.3104E+02  4.2541E+00  1.9426E+03  4.2685E+00  3.7070E+03  1.0000E+00
 1.3205E+02  4.2610E+00  1.9309E+03  4.2778E+00  3.6880E+03  1.0000E+00
 1.3306E+02  4.2678E+00  1.9193E+03  4.2872E+00  3.6690E+03  1.0000E+00
 1.3408E+02  4.2747E+00  1.9078E+03  4.2965E+00  3.6502E+03  1.0000E+00
 1.3510E+02  4.2817E+00  1.8964E+03  4.3059E+00  3.6314E+03  1.0000E+00
 1.3614E+02  4.2886E+00  1.8850E+03  4.3152E+00  3.6126E+03  1.0000E+00
 1.3718E+02  4.2956E+00  1.8737E+03  4.3246E+00  3.5940E+03  1.0000E+00
 1.3823E+02  4.3026E+00  1.8625E+03  4.3339E+00  3.5754E+03  1.0000E+00
 1.3929E+02  4.3096E+00  1.8514E+03  4.3433E+00  3.5569E+03  1.0000E+00
 1.4036E+02  4.3166E+00  1.8403E+03  4.3526E+00  3.5384E+03  1.0000E+00
 1.4143E+02  4.3236E+00  1.8293E+03  4.3620E+00  3.5201E+03  1.0000E+00
 1.4252E+02  4.3307E+00  1.8184E+03  4.3713E+00  3.5018E+03  1.0000E+00
 1.4361E+02  4.3378E+00  1.8075E+03  4.3807E+00  3.4836E+03  1.0000E+00
 1.4471E+02  4.3449E+00  1.7967E+03  4.3900E+00  3.4654E+03  1.0000E+00
 1.4582E+02  4.3521E+00  1.7860E+03  4.3994E+00  3.4473E+03  1.0000E+00
 1.4693E+02  4.3592E+00  1.7753E+03  4.4087E+00  3.4293E+03  1.0000E+00
 1.4806E+02  4.3664E+00  1.7647E+03  4.4181E+00  3.4114E+03  1.0000E+00
 1.4919E+02  4.3736E+00  1.7542E+03  4.4274E+00  3.3936E+03  1.0000E+00
 1.5033E+02  4.3808E+00  1.7437E+03  4.4368E+00  3.3758E+03  1.0000E+00
 1.5149E+02  4.3881E+00  1.7333E+03  4.4461E+00  3.3581E+03  1.0000E+00
 1.5265E+02  4.3953E+00  1.7230E+03  4.4555E+00  3.3405E+03  1.0000E+00
 1.5381E+02  4.4026E+00  1.7127E+03  4.4649E+00  3.3229E+03  1.0000E+00
 1.5499E+02  4.4099E+00  1.7025E+03  4.4742E+00  3.3054E+03  1.0000E+00
 1.5618E+02  4.4172E+00  1.6924E+03  4.4836E+00  3.2880E+03  1.0000E+00
 1.5738E+02  4.4246E+00  1.6823E+03  4.4929E+00  3.2706E+03  1.0000E+00
 1.5858E+02  4.4320E+00  1.6723E+03  4.5023E+00  3.2534E+03  1.0000E+00
 1.5980E+02  4.4394E+00  1.6624E+03  4.5116E+00  3.2362E+03  1.0000E+00
 1.6102E+02  4.4468E+00  1.6525E+03  4.5210E+00  3.2191E+03  1.0000E+00
 1.6225E+02  4.4542E+00  1.6427E+03  4.5303E+00  3.2020E+03  1.0000E+00
 1.6349E+02  4.4617E+00  1.6329E+03  4.5397E+00  3.1850E+03  1.0000E+00
 1.6475E+02  4.4691E+00  1.6232E+03  4.5490E+00  3.1681E+03  1.0000E+00
 1.6601E+02  4.4766E+00  1.6136E+03  4.5584E+00  3.1513E+03  1.0000E+00
 1.6728E+02  4.4842E+00  1.6040E+03  4.5678E+00  3.1345E+03  1.0000E+00
 1.6856E+02  4.4917E+00  1.5945E+03  4.5771E+00  3.1178E+03  1.0000E+00
 1.6985E+02  4.4993E+00  1.5850E+03  4.5865E+00  3.1012E+03  1.0000E+00
 1.7115E+02  4.5068E+00  1.5757E+03  4.5958E+00  3.0846E+03  1.0000E+00
 1.7246E+02  4.5145E+00  1.5663E+03  4.6052E+00  3.0682E+03  1.0000E+00
 1.7378E+02  4.5221E+00  1.5570E+03  4.6145E+00  3.0518E+03  1.0000E+00
 1.7511E+02  4.5297E+00  1.5478E+03  4.6239E+00  3.0354E+03  1.0000E+00
 1.7646E+02  4.5374E+00  1.5386E+03  4.6333E+00  3.0192E+03  1.0000E+00
 1.7781E+02  4.5451E+00  1.5295E+03  4.6426E+00  3.0030E+03  1.0000E+00
 1.7917E+02  4.5528E+00  1.5205E+03  4.6520E+00  2.9868E+03  1.0000E+00
 1.8054E+02  4.5605E+00  1.5115E+03  4.6613E+00  2.9708E+03  1.0000E+00
 1.8192E+02  4.5683E+00  1.5025E+03  4.6707E+00  2.9548E+03  1.0000E+00
 1.8332E+02  4.5760E+00  1.4937E+03  4.6801E+00  2.9389E+03  1.0000E+00
 1.8472E+02  4.5838E+00  1.4848E+03  4.6894E+00  2.9230E+03  1.0000E+00
 1.8614E+02  4.5917E+00  1.4761E+03  4.6988E+00  2.9073E+03  1.0000E+00
 1.8756E+02  4.5995E+00  1.4673E+03  4.7081E+00  2.8916E+03  1.0000E+00
 1.8900E+02  4.6073E+00  1.4587E+03  4.7175E+00  2.8759E+03  1.0000E+00
 1.9045E+02  4.6152E+00  1.4501E+03  4.7268E+00  2.8604E+03  1.0000E+00
 1.9190E+02  4.6231E+00  1.4415E+03  4.7362E+00  2.8449E+03  1.0000E+00
 1.9337E+02  4.6310E+00  1.4330E+03  4.7456E+00  2.8295E+03  1.0000E+00
 1.9485E+02  4.6390E+00  1.4245E+03  4.7549E+00  2.8141E+03  1.0000E+00
 1.9635E+02  4.6469E+00  1.4161E+03  4.7643E+00  2.7988E+03  1.0000E+00
 1.9785E+02  4.6549E+00  1.4078E+03  4.7737E+00  2.7836E+03  1.0000E+00
 1.9937E+02  4.6629E+00  1.3995E+03  4.7830E+00  2.7685E+03  1.0000E+00
 2.0089E+02  4.6709E+00  1.3912E+03  4.7924E+00  2.7534E+03  1.0000E+00
 2.0243E+02  4.6790E+00  1.3830E+03  4.8017E+00  2.7384E+03  1.0000E+00
 2.0398E+02  4.6870E+00  1.3749E+03  4.8111E+00  2.7234E+03  1.0000E+00
 2.0554E+02  4.6951E+00  1.3668E+03  4.8205E+00  2.7085E+03  1.0000E+00
 2.0712E+02  4.7032E+00  1.3587E+03  4.8298E+00  2.6937E+03  1.0000E+00
 2.0870E+02  4.7114E+00  1.3507E+03  4.8392E+00  2.6790E+03  1.0000E+00
 2.1030E+02  4.7195E+00  1.3428E+03  4.8486E+00  2.6643E+03  1.0000E+00
 2.1191E+02  4.7277E+00  1.3349E+03  4.8579E+00  2.6497E+03  1.0000E+00
 2.1354E+02  4.7358E+00  1.3270E+03  4.8673E+00  2.6352E+03  1.0000E+00
 2.1517E+02  4.7440E+00  1.3192E+03  4.8767E+00  2.6207E+03  1.0000E+00
 2.1682E+02  4.7523E+00  1.3115E+03  4.8860E+00  2.6063E+03  1.0000E+00
 2.1848E+02  4.7605E+00  1.3038E+03  4.8954E+00  2.5920E+03  1.0000E+00
 2.2015E+02  4.7688E+00  1.2961E+03  4.9048E+00  2.5777E+03  1.0000E+00
 2.2184E+02  4.7771E+00  1.2885E+03  4.9141E+00  2.5635E+03  1.0000E+00
 2.2354E+02  4.7854E+00  1.2809E+03  4.9235E+00  2.5494E+03  1.0000E+00
 2.2525E+02  4.7937E+00  1.2734E+03  4.9329E+00  2.5353E+03  1.0000E+00
 2.2697E+02  4.8020E+00  1.2659E+03  4.9422E+00  2.5213E+03  1.0000E+00
 2.2871E+02  4.8104E+00  1.2585E+03  4.9516E+00  2.5073E+03  1.0000E+00
 2.3046E+02  4.8188E+00  1.2511E+03  4.9610E+00  2.4935E+03  1.0000E+00
 2.3223E+02  4.8272E+00  1.2437E+03  4.9703E+00  2.4797E+03  1.0000E+00
 2.3401E+02  4.8356E+00  1.2364E+03  4.9797E+00  2.4659E+03  1.0000E+00
 2.3580E+02  4.8441E+00  1.2292E+03  4.9891E+00  2.4522E+03  1.0000E+00
 2.3761E+02  4.8525E+00  1.2220E+03  4.9984E+00  2.4386E+03  1.0000E+00
 2.3942E+02  4.8610E+00  1.2148E+03  5.0078E+00  2.4251E+03  1.0000E+00
 2.4126E+02  4.8695E+00  1.2077E+03  5.0172E+00  2.4116E+03  1.0000E+00
 2.4311E+02  4.8781E+00  1.2006E+03  5.0265E+00  2.3982E+03  1.0000E+00
 2.4497E+02  4.8866E+00  1.1935E+03  5.0359E+00  2.3848E+03  1.0000E+00
 2.4684E+02  4.8952E+00  1.1865E+03  5.0453E+00  2.3715E+03  1.0000E+00
 2.4873E+02  4.9037E+00  1.1796E+03  5.0547E+00  2.3583E+03  1.0000E+00
 2.5064E+02  4.9123E+00  1.1727E+03  5.0640E+00  2.3451E+03  1.0000E+00
 2.5256E+02  4.9209E+00  1.1658E+03  5.0734E+00  2.3320E+03  1.0000E+00
 2.5449E+02  4.9296E+00  1.1590E+03  5.0828E+00  2.3190E+03  1.0000E+00
 2.5644E+02  4.9382E+00  1.1522E+03  5.0921E+00  2.3060E+03  1.0000E+00
 2.5841E+02  4.9469E+00  1.1454E+03  5.1015E+00  2.2931E+03  1.0000E+00
 2.6038E+02  4.9556E+00  1.1387E+03  5.1109E+00  2.2802E+03  1.0000E+00
 2.6238E+02  4.9643E+00  1.1320E+03  5.1203E+00  2.2675E+03  1.0000E+00
 2.6439E+02  4.9730E+00  1.1254E+03  5.1296E+00  2.2547E+03  1.0000E+00
 2.6641E+02  4.9818E+00  1.1188E+03  5.1390E+00  2.2421E+03  1.0000E+00
 2.6845E+02  4.9906E+00  1.1123E+03  5.1484E+00  2.2295E+03  1.0000E+00
 2.7051E+02  4.9993E+00  1.1058E+03  5.1578E+00  2.2169E+03  1.0000E+00
 2.7258E+02  5.0081E+00  1.0993E+03  5.1671E+00  2.2044E+03  1.0000E+00
 2.7467E+02  5.0170E+00  1.0928E+03  5.1765E+00  2.1920E+03  1.0000E+00
 2.7677E+02  5.0258E+00  1.0864E+03  5.1859E+00  2.1797E+03  1.0000E+00
 2.7889E+02  5.0347E+00  1.0801E+03  5.1953E+00  2.1674E+03  1.0000E+00
 2.8103E+02  5.0435E+00  1.0738E+03  5.2047E+00  2.1551E+03  1.0000E+00
 2.8318E+02  5.0524E+00  1.0675E+03  5.2140E+00  2.1430E+03  1.0000E+00
 2.8535E+02  5.0614E+00  1.0612E+03  5.2234E+00  2.1308E+03  1.0000E+00
 2.8753E+02  5.0703E+00  1.0550E+03  5.2328E+00  2.1188E+03  1.0000E+00
 2.8974E+02  5.0792E+00  1.0489E+03  5.2422E+00  2.1068E+03  1.0000E+00
 2.9195E+02  5.0882E+00  1.0427E+03  5.2515E+00  2.0948E+03  1.0000E+00
 2.9419E+02  5.0972E+00  1.0366E+03  5.2609E+00  2.0830E+03  1.0000E+00
 2.9644E+02  5.1062E+00  1.0306E+03  5.2703E+00  2.0711E+03  1.0000E+00
 2.9871E+02  5.1152E+00  1.0245E+03  5.2797E+00  2.0594E+03  1.0000E+00
 3.0100E+02  5.1242E+00  1.0185E+03  5.2891E+00  2.0477E+03  1.0000E+00
 3.0331E+02  5.1333E+00  1.0126E+03  5.2985E+00  2.0360E+03  1.0000E+00
 3.0563E+02  5.1424E+00  1.0067E+03  5.3078E+00  2.0245E+03  1.0000E+00
 3.0797E+02  5.1515E+00  1.0008E+03  5.3172E+00  2.0129E+03  1.0000E+00
 3.1033E+02  5.1606E+00  9.9492E+02  5.3266E+00  2.0015E+03  1.0000E+00
 3.1271E+02  5.1697E+00  9.8910E+02  5.3360E+00  1.9900E+03  1.0000E+00
 3.1510E+02  5.1788E+00  9.8332E+02  5.3454E+00  1.9787E+03  1.0000E+00
 3.1751E+02  5.1880E+00  9.7757E+02  5.3548E+00  1.9674E+03  1.0000E+00
 3.1994E+02  5.1972E+00  9.7185E+02  5.3641E+00  1.9562E+03  1.0000E+00
 3.2240E+02  5.2064E+00  9.6617E+02  5.3735E+00  1.9450E+03  1.0000E+00
 3.2486E+02  5.2156E+00  9.6052E+02  5.3829E+00  1.9338E+03  1.0000E+00
 3.2735E+02  5.2248E+00  9.5490E+02  5.3923E+00  1.9228E+03  1.0000E+00
 3.2986E+02  5.2341E+00  9.4932E+02  5.4017E+00  1.9118E+03  1.0000E+00
 3.3239E+02  5.2433E+00  9.4377E+02  5.4111E+00  1.9008E+03  1.0000E+00
 3.3493E+02  5.2526E+00  9.3825E+02  5.4205E+00  1.8899E+03  1.0000E+00
 3.3750E+02  5.2619E+00  9.3277E+02  5.4299E+00  1.8791E+03  1.0000E+00
 3.4008E+02  5.2712E+00  9.2731E+02  5.4393E+00  1.8683E+03  1.0000E+00
 3.4268E+02  5.2805E+00  9.2189E+02  5.4486E+00  1.8575E+03  1.0000E+00
 3.4531E+02  5.2899E+00  9.1650E+02  5.4580E+00  1.8468E+03  1.0000E+00
 3.4795E+02  5.2993E+00  9.1115E+02  5.4674E+00  1.8362E+03  1.0000E+00
 3.5062E+02  5.3086E+00  9.0582E+02  5.4768E+00  1.8256E+03  1.0000E+00
 3.5330E+02  5.3180E+00  9.0052E+02  5.4862E+00  1.8151E+03  1.0000E+00
 3.5601E+02  5.3274E+00  8.9526E+02  5.4956E+00  1.8047E+03  1.0000E+00
 3.5874E+02  5.3369E+00  8.9002E+02  5.5050E+00  1.7943E+03  1.0000E+00
 3.6148E+02  5.3463E+00  8.8482E+02  5.5144E+00  1.7839E+03  1.0000E+00
 3.6425E+02  5.3558E+00  8.7965E+02  5.5238E+00  1.7736E+03  1.0000E+00
 3.6704E+02  5.3653E+00  8.7451E+02  5.5332E+00  1.7633E+03  1.0000E+00
 3.6985E+02  5.3747E+00  8.6939E+02  5.5426E+00  1.7531E+03  1.0000E+00
 3.7268E+02  5.3843E+00  8.6431E+02  5.5520E+00  1.7430E+03  1.0000E+00
 3.7554E+02  5.3938E+00  8.5925E+02  5.5614E+00  1.7329E+03  1.0000E+00
 3.7841E+02  5.4033E+00  8.5423E+02  5.5708E+00  1.7229E+03  1.0000E+00
 3.8131E+02  5.4129E+00  8.4923E+02  5.5802E+00  1.7129E+03  1.0000E+00
 3.8423E+02  5.4224E+00  8.4427E+02  5.5896E+00  1.7030E+03  1.0000E+00
 3.8718E+02  5.4320E+00  8.3933E+02  5.5990E+00  1.6931E+03  1.0000E+00
 3.9014E+02  5.4416E+00  8.3442E+02  5.6084E+00  1.6832E+03  1.0000E+00
 3.9313E+02  5.4513E+00  8.2954E+02  5.6178E+00  1.6735E+03  1.0000E+00
 3.9614E+02  5.4609E+00  8.2469E+02  5.6272E+00  1.6637E+03  1.0000E+00
 3.9917E+02  5.4705E+00  8.1987E+02  5.6366E+00  1.6540E+03  1.0000E+00
 4.0223E+02  5.4802E+00  8.1507E+02  5.6460E+00  1.6444E+03  1.0000E+00
 4.0531E+02  5.4899E+00  8.1030E+02  5.6554E+00  1.6348E+03  1.0000E+00
 4.0841E+02  5.4996E+00  8.0556E+02  5.6648E+00  1.6253E+03  1.0000E+00
 4.1154E+02  5.5093E+00  8.0085E+02  5.6742E+00  1.6158E+03  1.0000E+00
 4.1469E+02  5.5190E+00  7.9616E+02  5.6836E+00  1.6064E+03  1.0000E+00
 4.1787E+02  5.5288E+00  7.9150E+02  5.6930E+00  1.5970E+03  1.0000E+00
 4.2107E+02  5.5385E+00  7.8687E+02  5.7024E+00  1.5877E+03  1.0000E+00
 4.2429E+02  5.5483E+00  7.8226E+02  5.7118E+00  1.5784E+03  1.0000E+00
 4.2754E+02  5.5581E+00  7.7768E+02  5.7212E+00  1.5692E+03  1.0000E+00
 4.3082E+02  5.5679E+00  7.7313E+02  5.7306E+00  1.5600E+03  1.0000E+00
 4.3412E+02  5.5777E+00  7.6860E+02  5.7400E+00  1.5509E+03  1.0000E+00
 4.3744E+02  5.5875E+00  7.6410E+02  5.7495E+00  1.5418E+03  1.0000E+00
 4.4079E+02  5.5973E+00  7.5963E+02  5.7589E+00  1.5328E+03  1.0000E+00
 4.4417E+02  5.6076E+00  7.5524E+02  5.7683E+00  1.5238E+03  1.0000E+00
 4.4757E+02  5.6183E+00  7.5092E+02  5.7777E+00  1.5148E+03  1.0000E+00
 4.5100E+02  5.6289E+00  7.4662E+02  5.7871E+00  1.5060E+03  1.0000E+00
 4.5445E+02  5.6395E+00  7.4234E+02  5.7965E+00  1.4971E+03  1.0000E+00
 4.5793E+02  5.6501E+00  7.3808E+02  5.8059E+00  1.4883E+03  1.0000E+00
 4.6144E+02  5.6607E+00  7.3384E+02  5.8154E+00  1.4796E+03  1.0000E+00
 4.6497E+02  5.6713E+00  7.2963E+02  5.8248E+00  1.4708E+03  1.0000E+00
 4.6853E+02  5.6819E+00  7.2543E+02  5.8342E+00  1.4622E+03  1.0000E+00
 4.7212E+02  5.6924E+00  7.2125E+02  5.8436E+00  1.4536E+03  1.0000E+00
 4.7574E+02  5.7030E+00  7.1710E+02  5.8530E+00  1.4450E+03  1.0000E+00
 4.7938E+02  5.7136E+00  7.1296E+02  5.8624E+00  1.4365E+03  1.0000E+00
 4.8305E+02  5.7241E+00  7.0885E+02  5.8719E+00  1.4280E+03  1.0000E+00
 4.8675E+02  5.7347E+00  7.0475E+02  5.8813E+00  1.4196E+03  1.0000E+00
 4.9048E+02  5.7452E+00  7.0068E+02  5.8907E+00  1.4112E+03  1.0000E+00
 4.9424E+02  5.7557E+00  6.9662E+02  5.9001E+00  1.4029E+03  1.0000E+00
 4.9802E+02  5.7662E+00  6.9259E+02  5.9096E+00  1.3946E+03  1.0000E+00
 5.0183E+02  5.7768E+00  6.8858E+02  5.9190E+00  1.3863E+03  1.0000E+00
 5.0568E+02  5.7873E+00  6.8458E+02  5.9284E+00  1.3781E+03  1.0000E+00
 5.0955E+02  5.7978E+00  6.8061E+02  5.9378E+00  1.3700E+03  1.0000E+00
 5.1345E+02  5.8082E+00  6.7666E+02  5.9473E+00  1.3619E+03  1.0000E+00
 5.1738E+02  5.8187E+00  6.7272E+02  5.9567E+00  1.3538E+03  1.0000E+00
 5.2135E+02  5.8292E+00  6.6881E+02  5.9661E+00  1.3458E+03  1.0000E+00
 5.2534E+02  5.8397E+00  6.6492E+02  5.9755E+00  1.3378E+03  1.0000E+00
 5.2936E+02  5.8501E+00  6.6104E+02  5.9850E+00  1.3299E+03  1.0000E+00
 5.3342E+02  5.8606E+00  6.5719E+02  5.9944E+00  1.3220E+03  1.0000E+00
 5.3750E+02  5.8710E+00  6.5335E+02  6.0038E+00  1.3141E+03  1.0000E+00
 5.4162E+02  5.8815E+00  6.4954E+02  6.0133E+00  1.3063E+03  1.0000E+00
 5.4577E+02  5.8919E+00  6.4574E+02  6.0227E+00  1.2985E+03  1.0000E+00
 5.4995E+02  5.9023E+00  6.4197E+02  6.0321E+00  1.2908E+03  1.0000E+00
 5.5416E+02  5.9128E+00  6.3821E+02  6.0416E+00  1.2831E+03  1.0000E+00
 5.5840E+02  5.9232E+00  6.3447E+02  6.0510E+00  1.2755E+03  1.0000E+00
 5.6268E+02  5.9336E+00  6.3075E+02  6.0605E+00  1.2679E+03  1.0000E+00
 5.6699E+02  5.9440E+00  6.2705E+02  6.0699E+00  1.2603E+03  1.0000E+00
 5.7133E+02  5.9544E+00  6.2337E+02  6.0793E+00  1.2528E+03  1.0000E+00
 5.7571E+02  5.9648E+00  6.1971E+02  6.0888E+00  1.2454E+03  1.0000E+00
 5.8011E+02  5.9751E+00  6.1607E+02  6.0982E+00  1.2379E+03  1.0000E+00
 5.8456E+02  5.9855E+00  6.1245E+02  6.1077E+00  1.2305E+03  1.0000E+00
 5.8903E+02  5.9959E+00  6.0884E+02  6.1171E+00  1.2232E+03  1.0000E+00
 5.9354E+02  6.0063E+00  6.0526E+02  6.1266E+00  1.2159E+03  1.0000E+00
 5.9809E+02  6.0166E+00  6.0169E+02  6.1360E+00  1.2086E+03  1.0000E+00
 6.0267E+02  6.0270E+00  5.9814E+02  6.1454E+00  1.2014E+03  1.0000E+00
 6.0729E+02  6.0373E+00  5.9461E+02  6.1549E+00  1.1942E+03  1.0000E+00
 6.1194E+02  6.0476E+00  5.9110E+02  6.1643E+00  1.1871E+03  1.0000E+00
 6.1662E+02  6.0580E+00  5.8761E+02  6.1738E+00  1.1799E+03  1.0000E+00
 6.2135E+02  6.0683E+00  5.8414E+02  6.1832E+00  1.1729E+03  1.0000E+00
 6.2610E+02  6.0786E+00  5.8068E+02  6.1927E+00  1.1659E+03  1.0000E+00
 6.3090E+02  6.0890E+00  5.7724E+02  6.2022E+00  1.1589E+03  1.0000E+00
 6.3573E+02  6.0993E+00  5.7382E+02  6.2116E+00  1.1519E+03  1.0000E+00
 6.4060E+02  6.1096E+00  5.7042E+02  6.2211E+00  1.1450E+03  1.0000E+00
 6.4551E+02  6.1199E+00  5.6704E+02  6.2305E+00  1.1381E+03  1.0000E+00
 6.5045E+02  6.1302E+00  5.6367E+02  6.2400E+00  1.1313E+03  1.0000E+00
 6.5543E+02  6.1405E+00  5.6032E+02  6.2494E+00  1.1245E+03  1.0000E+00
 6.6045E+02  6.1508E+00  5.5699E+02  6.2589E+00  1.1177E+03  1.0000E+00
 6.6551E+02  6.1610E+00  5.5368E+02  6.2684E+00  1.1110E+03  1.0000E+00
 6.7060E+02  6.1713E+00  5.5039E+02  6.2778E+00  1.1043E+03  1.0000E+00
 6.7574E+02  6.1816E+00  5.4711E+02  6.2873E+00  1.0977E+03  1.0000E+00
 6.8092E+02  6.1918E+00  5.4385E+02  6.2968E+00  1.0911E+03  1.0000E+00
 6.8613E+02  6.2021E+00  5.4061E+02  6.3062E+00  1.0845E+03  1.0000E+00
 6.9138E+02  6.2124E+00  5.3739E+02  6.3157E+00  1.0780E+03  1.0000E+00
 6.9668E+02  6.2226E+00  5.3418E+02  6.3252E+00  1.0715E+03  1.0000E+00
 7.0201E+02  6.2329E+00  5.3099E+02  6.3346E+00  1.0650E+03  1.0000E+00
 7.0739E+02  6.2431E+00  5.2782E+02  6.3441E+00  1.0586E+03  1.0000E+00
 7.1281E+02  6.2533E+00  5.2466E+02  6.3536E+00  1.0522E+03  1.0000E+00
 7.1827E+02  6.2636E+00  5.2152E+02  6.3630E+00  1.0458E+03  1.0000E+00
 7.2377E+02  6.2738E+00  5.1840E+02  6.3725E+00  1.0395E+03  1.0000E+00
 7.2931E+02  6.2840E+00  5.1530E+02  6.3820E+00  1.0332E+03  1.0000E+00
 7.3490E+02  6.2943E+00  5.1221E+02  6.3915E+00  1.0270E+03  1.0000E+00
 7.4052E+02  6.3045E+00  5.0914E+02  6.4010E+00  1.0208E+03  1.0000E+00
 7.4620E+02  6.3147E+00  5.0609E+02  6.4104E+00  1.0146E+03  1.0000E+00
 7.5191E+02  6.3249E+00  5.0305E+02  6.4199E+00  1.0085E+03  1.0000E+00
 7.5767E+02  6.3351E+00  5.0003E+02  6.4294E+00  1.0024E+03  1.0000E+00
 7.6347E+02  6.3453E+00  4.9702E+02  6.4389E+00  9.9628E+02  1.0000E+00
 7.6932E+02  6.3555E+00  4.9404E+02  6.4484E+00  9.9024E+02  1.0000E+00
 7.7521E+02  6.3657E+00  4.9107E+02  6.4579E+00  9.8424E+02  1.0000E+00
 7.8115E+02  6.3759E+00  4.8811E+02  6.4674E+00  9.7827E+02  1.0000E+00
 7.8713E+02  6.3861E+00  4.8517E+02  6.4768E+00  9.7233E+02  1.0000E+00
 7.9316E+02  6.3962E+00  4.8225E+02  6.4863E+00  9.6643E+02  1.0000E+00
 7.9923E+02  6.4064E+00  4.7934E+02  6.4958E+00  9.6057E+02  1.0000E+00
 8.0535E+02  6.4166E+00  4.7645E+02  6.5053E+00  9.5473E+02  1.0000E+00
 8.1152E+02  6.4267E+00  4.7358E+02  6.5148E+00  9.4893E+02  1.0000E+00
 8.1774E+02  6.4369E+00  4.7072E+02  6.5243E+00  9.4316E+02  1.0000E+00
 8.2400E+02  6.4471E+00  4.6787E+02  6.5338E+00  9.3743E+02  1.0000E+00
 8.3031E+02  6.4572E+00  4.6505E+02  6.5433E+00  9.3172E+02  1.0000E+00
 8.3667E+02  6.4674E+00  4.6224E+02  6.5528E+00  9.2605E+02  1.0000E+00
 8.4307E+02  6.4775E+00  4.5944E+02  6.5623E+00  9.2042E+02  1.0000E+00
 8.4953E+02  6.4877E+00  4.5666E+02  6.5718E+00  9.1481E+02  1.0000E+00
 8.5604E+02  6.4978E+00  4.5389E+02  6.5813E+00  9.0924E+02  1.0000E+00
 8.6259E+02  6.5080E+00  4.5115E+02  6.5908E+00  9.0370E+02  1.0000E+00
 8.6920E+02  6.5181E+00  4.4841E+02  6.6004E+00  8.9819E+02  1.0000E+00
 8.7586E+02  6.5282E+00  4.4569E+02  6.6099E+00  8.9271E+02  1.0000E+00
 8.8256E+02  6.5384E+00  4.4299E+02  6.6194E+00  8.8726E+02  1.0000E+00
 8.8932E+02  6.5485E+00  4.4030E+02  6.6289E+00  8.8185E+02  1.0000E+00
 8.9613E+02  6.5586E+00  4.3763E+02  6.6384E+00  8.7646E+02  1.0000E+00
 9.0300E+02  6.5688E+00  4.3497E+02  6.6479E+00  8.7111E+02  1.0000E+00
 9.0991E+02  6.5789E+00  4.3232E+02  6.6574E+00  8.6579E+02  1.0000E+00
 9.1688E+02  6.5890E+00  4.2969E+02  6.6670E+00  8.6050E+02  1.0000E+00
 9.2390E+02  6.5991E+00  4.2708E+02  6.6765E+00  8.5523E+02  1.0000E+00
 9.3098E+02  6.6092E+00  4.2448E+02  6.6860E+00  8.5000E+02  1.0000E+00
 9.3811E+02  6.6193E+00  4.2190E+02  6.6955E+00  8.4480E+02  1.0000E+00
 9.4529E+02  6.6294E+00  4.1933E+02  6.7051E+00  8.3963E+02  1.0000E+00
 9.5253E+02  6.6395E+00  4.1677E+02  6.7146E+00  8.3449E+02  1.0000E+00
 9.5983E+02  6.6496E+00  4.1423E+02  6.7241E+00  8.2938E+02  1.0000E+00
 9.6718E+02  6.6597E+00  4.1170E+02  6.7337E+00  8.2430E+02  1.0000E+00
 9.7458E+02  6.6698E+00  4.0919E+02  6.7432E+00  8.1925E+02  1.0000E+00
 9.8205E+02  6.6799E+00  4.0669E+02  6.7527E+00  8.1422E+02  1.0000E+00
 9.8957E+02  6.6900E+00  4.0421E+02  6.7623E+00  8.0923E+02  1.0000E+00
 9.9715E+02  6.7001E+00  4.0174E+02  6.7718E+00  8.0426E+02  1.0000E+00
 1.0048E+03  6.7102E+00  3.9928E+02  6.7814E+00  7.9933E+02  1.0000E+00
 1.0125E+03  6.7203E+00  3.9684E+02  6.7909E+00  7.9442E+02  1.0000E+00
 1.0202E+03  6.7303E+00  3.9441E+02  6.8005E+00  7.8954E+02  1.0000E+00
 1.0280E+03  6.7404E+00  3.9200E+02  6.8100E+00  7.8469E+02  1.0000E+00
 1.0359E+03  6.7505E+00  3.8960E+02  6.8196E+00  7.7987E+02  1.0000E+00
 1.0439E+03  6.7606E+00  3.8721E+02  6.8291E+00  7.7508E+02  1.0000E+00
 1.0518E+03  6.7707E+00  3.8484E+02  6.8387E+00  7.7031E+02  1.0000E+00
 1.0599E+03  6.7807E+00  3.8248E+02  6.8482E+00  7.6557E+02  1.0000E+00
 1.0680E+03  6.7908E+00  3.8013E+02  6.8578E+00  7.6086E+02  1.0000E+00
 1.0762E+03  6.8009E+00  3.7780E+02  6.8673E+00  7.5618E+02  1.0000E+00
 1.0844E+03  6.8109E+00  3.7548E+02  6.8769E+00  7.5152E+02  1.0000E+00
 1.0927E+03  6.8210E+00  3.7317E+02  6.8865E+00  7.4689E+02  1.0000E+00
 1.1011E+03  6.8311E+00  3.7088E+02  6.8960E+00  7.4229E+02  1.0000E+00
 1.1095E+03  6.8411E+00  3.6860E+02  6.9056E+00  7.3771E+02  1.0000E+00
 1.1180E+03  6.8512E+00  3.6633E+02  6.9152E+00  7.3317E+02  1.0000E+00
 1.1266E+03  6.8612E+00  3.6408E+02  6.9248E+00  7.2864E+02  1.0000E+00
 1.1352E+03  6.8713E+00  3.6184E+02  6.9343E+00  7.2415E+02  1.0000E+00
 1.1439E+03  6.8813E+00  3.5961E+02  6.9439E+00  7.1968E+02  1.0000E+00
 1.1527E+03  6.8914E+00  3.5740E+02  6.9535E+00  7.1524E+02  1.0000E+00
 1.1615E+03  6.9015E+00  3.5519E+02  6.9631E+00  7.1082E+02  1.0000E+00
 1.1704E+03  6.9115E+00  3.5300E+02  6.9727E+00  7.0643E+02  1.0000E+00
 1.1794E+03  6.9216E+00  3.5083E+02  6.9822E+00  7.0207E+02  1.0000E+00
 1.1884E+03  6.9316E+00  3.4866E+02  6.9918E+00  6.9773E+02  1.0000E+00
 1.1975E+03  6.9417E+00  3.4651E+02  7.0014E+00  6.9341E+02  1.0000E+00
 1.2067E+03  6.9517E+00  3.4437E+02  7.0110E+00  6.8913E+02  1.0000E+00
 1.2159E+03  6.9617E+00  3.4225E+02  7.0206E+00  6.8486E+02  1.0000E+00
 1.2252E+03  6.9718E+00  3.4013E+02  7.0302E+00  6.8063E+02  1.0000E+00
 1.2346E+03  6.9818E+00  3.3803E+02  7.0398E+00  6.7641E+02  1.0000E+00
 1.2441E+03  6.9919E+00  3.3594E+02  7.0494E+00  6.7222E+02  1.0000E+00
 1.2536E+03  7.0019E+00  3.3386E+02  7.0590E+00  6.6806E+02  1.0000E+00
 1.2632E+03  7.0120E+00  3.3180E+02  7.0686E+00  6.6392E+02  1.0000E+00
 1.2729E+03  7.0220E+00  3.2974E+02  7.0782E+00  6.5981E+02  1.0000E+00
 1.2826E+03  7.0320E+00  3.2770E+02  7.0879E+00  6.5572E+02  1.0000E+00
 1.2924E+03  7.0421E+00  3.2567E+02  7.0975E+00  6.5165E+02  1.0000E+00
 1.3023E+03  7.0521E+00  3.2366E+02  7.1071E+00  6.4761E+02  1.0000E+00
 1.3123E+03  7.0621E+00  3.2165E+02  7.1167E+00  6.4359E+02  1.0000E+00
 1.3224E+03  7.0722E+00  3.1966E+02  7.1263E+00  6.3960E+02  1.0000E+00
 1.3325E+03  7.0822E+00  3.1767E+02  7.1360E+00  6.3563E+02  1.0000E+00
 1.3427E+03  7.0923E+00  3.1570E+02  7.1456E+00  6.3168E+02  1.0000E+00
 1.3530E+03  7.1023E+00  3.1374E+02  7.1552E+00  6.2776E+02  1.0000E+00
 1.3633E+03  7.1123E+00  3.1180E+02  7.1649E+00  6.2386E+02  1.0000E+00
 1.3738E+03  7.1224E+00  3.0986E+02  7.1745E+00  6.1998E+02  1.0000E+00
 1.3843E+03  7.1324E+00  3.0793E+02  7.1841E+00  6.1613E+02  1.0000E+00
 1.3949E+03  7.1424E+00  3.0602E+02  7.1938E+00  6.1230E+02  1.0000E+00
 1.4056E+03  7.1525E+00  3.0412E+02  7.2034E+00  6.0849E+02  1.0000E+00
 1.4164E+03  7.1625E+00  3.0223E+02  7.2131E+00  6.0470E+02  1.0000E+00
 1.4272E+03  7.1725E+00  3.0035E+02  7.2227E+00  6.0094E+02  1.0000E+00
 1.4381E+03  7.1826E+00  2.9848E+02  7.2324E+00  5.9720E+02  1.0000E+00
 1.4491E+03  7.1926E+00  2.9662E+02  7.2420E+00  5.9348E+02  1.0000E+00
 1.4602E+03  7.2026E+00  2.9477E+02  7.2517E+00  5.8978E+02  1.0000E+00
 1.4714E+03  7.2127E+00  2.9294E+02  7.2614E+00  5.8611E+02  1.0000E+00
 1.4827E+03  7.2227E+00  2.9111E+02  7.2710E+00  5.8246E+02  1.0000E+00
 1.4940E+03  7.2327E+00  2.8930E+02  7.2807E+00  5.7883E+02  1.0000E+00
 1.5055E+03  7.2428E+00  2.8749E+02  7.2904E+00  5.7522E+02  1.0000E+00
 1.5170E+03  7.2528E+00  2.8570E+02  7.3000E+00  5.7163E+02  1.0000E+00
 1.5286E+03  7.2628E+00  2.8392E+02  7.3097E+00  5.6806E+02  1.0000E+00
 1.5403E+03  7.2729E+00  2.8215E+02  7.3194E+00  5.6452E+02  1.0000E+00
 1.5521E+03  7.2829E+00  2.8039E+02  7.3291E+00  5.6100E+02  1.0000E+00
 1.5640E+03  7.2929E+00  2.7864E+02  7.3388E+00  5.5750E+02  1.0000E+00
 1.5760E+03  7.3030E+00  2.7690E+02  7.3485E+00  5.5401E+02  1.0000E+00
 1.5881E+03  7.3130E+00  2.7516E+02  7.3581E+00  5.5055E+02  1.0000E+00
 1.6002E+03  7.3230E+00  2.7345E+02  7.3678E+00  5.4711E+02  1.0000E+00
 1.6125E+03  7.3331E+00  2.7174E+02  7.3775E+00  5.4370E+02  1.0000E+00
 1.6248E+03  7.3431E+00  2.7004E+02  7.3872E+00  5.4030E+02  1.0000E+00
 1.6373E+03  7.3532E+00  2.6835E+02  7.3969E+00  5.3692E+02  1.0000E+00
 1.6498E+03  7.3632E+00  2.6667E+02  7.4067E+00  5.3356E+02  1.0000E+00
 1.6625E+03  7.3732E+00  2.6500E+02  7.4164E+00  5.3022E+02  1.0000E+00
 1.6752E+03  7.3833E+00  2.6334E+02  7.4261E+00  5.2691E+02  1.0000E+00
 1.6880E+03  7.3933E+00  2.6169E+02  7.4358E+00  5.2361E+02  1.0000E+00
 1.7009E+03  7.4034E+00  2.6005E+02  7.4455E+00  5.2033E+02  1.0000E+00
 1.7140E+03  7.4134E+00  2.5842E+02  7.4553E+00  5.1707E+02  1.0000E+00
 1.7271E+03  7.4235E+00  2.5680E+02  7.4650E+00  5.1384E+02  1.0000E+00
 1.7403E+03  7.4335E+00  2.5519E+02  7.4747E+00  5.1062E+02  1.0000E+00
 1.7537E+03  7.4435E+00  2.5359E+02  7.4845E+00  5.0742E+02  1.0000E+00
 1.7671E+03  7.4536E+00  2.5200E+02  7.4942E+00  5.0424E+02  1.0000E+00
 1.7806E+03  7.4636E+00  2.5042E+02  7.5039E+00  5.0108E+02  1.0000E+00
 1.7943E+03  7.4737E+00  2.4885E+02  7.5137E+00  4.9794E+02  1.0000E+00
 1.8080E+03  7.4838E+00  2.4728E+02  7.5234E+00  4.9481E+02  1.0000E+00
 1.8218E+03  7.4938E+00  2.4573E+02  7.5332E+00  4.9171E+02  1.0000E+00
 1.8358E+03  7.5039E+00  2.4419E+02  7.5430E+00  4.8863E+02  1.0000E+00
 1.8499E+03  7.5139E+00  2.4265E+02  7.5527E+00  4.8556E+02  1.0000E+00
 1.8640E+03  7.5240E+00  2.4113E+02  7.5625E+00  4.8251E+02  1.0000E+00
 1.8783E+03  7.5340E+00  2.3961E+02  7.5723E+00  4.7948E+02  1.0000E+00
 1.8927E+03  7.5441E+00  2.3811E+02  7.5820E+00  4.7647E+02  1.0000E+00
 1.9072E+03  7.5542E+00  2.3661E+02  7.5918E+00  4.7348E+02  1.0000E+00
 1.9218E+03  7.5642E+00  2.3512E+02  7.6016E+00  4.7050E+02  1.0000E+00
 1.9365E+03  7.5743E+00  2.3364E+02  7.6114E+00  4.6755E+02  1.0000E+00
 1.9513E+03  7.5844E+00  2.3217E+02  7.6212E+00  4.6461E+02  1.0000E+00
 1.9663E+03  7.5944E+00  2.3071E+02  7.6310E+00  4.6169E+02  1.0000E+00
 1.9813E+03  7.6045E+00  2.2925E+02  7.6408E+00  4.5879E+02  1.0000E+00
 1.9965E+03  7.6146E+00  2.2781E+02  7.6506E+00  4.5590E+02  1.0000E+00
 2.0118E+03  7.6247E+00  2.2637E+02  7.6604E+00  4.5303E+02  1.0000E+00
 2.0272E+03  7.6348E+00  2.2495E+02  7.6702E+00  4.5018E+02  1.0000E+00
 2.0427E+03  7.6448E+00  2.2353E+02  7.6800E+00  4.4735E+02  1.0000E+00
 2.0584E+03  7.6549E+00  2.2212E+02  7.6898E+00  4.4453E+02  1.0000E+00
 2.0741E+03  7.6650E+00  2.2072E+02  7.6996E+00  4.4174E+02  1.0000E+00
 2.0900E+03  7.6751E+00  2.1933E+02  7.7095E+00  4.3895E+02  1.0000E+00
 2.1060E+03  7.6852E+00  2.1794E+02  7.7193E+00  4.3619E+02  1.0000E+00
 2.1222E+03  7.6953E+00  2.1657E+02  7.7291E+00  4.3344E+02  1.0000E+00
 2.1384E+03  7.7054E+00  2.1520E+02  7.7390E+00  4.3071E+02  1.0000E+00
 2.1548E+03  7.7155E+00  2.1384E+02  7.7488E+00  4.2800E+02  1.0000E+00
 2.1713E+03  7.7256E+00  2.1249E+02  7.7587E+00  4.2530E+02  1.0000E+00
 2.1879E+03  7.7357E+00  2.1115E+02  7.7685E+00  4.2262E+02  1.0000E+00
 2.2047E+03  7.7458E+00  2.0981E+02  7.7784E+00  4.1995E+02  1.0000E+00
 2.2216E+03  7.7559E+00  2.0849E+02  7.7883E+00  4.1730E+02  1.0000E+00
 2.2386E+03  7.7660E+00  2.0717E+02  7.7981E+00  4.1467E+02  1.0000E+00
 2.2557E+03  7.7761E+00  2.0586E+02  7.8080E+00  4.1206E+02  1.0000E+00
 2.2730E+03  7.7863E+00  2.0456E+02  7.8179E+00  4.0946E+02  1.0000E+00
 2.2904E+03  7.7964E+00  2.0326E+02  7.8278E+00  4.0687E+02  1.0000E+00
 2.3079E+03  7.8065E+00  2.0197E+02  7.8377E+00  4.0430E+02  1.0000E+00
 2.3256E+03  7.8166E+00  2.0070E+02  7.8476E+00  4.0175E+02  1.0000E+00
 2.3434E+03  7.8268E+00  1.9943E+02  7.8575E+00  3.9921E+02  1.0000E+00
 2.3614E+03  7.8369E+00  1.9816E+02  7.8674E+00  3.9669E+02  1.0000E+00
 2.3794E+03  7.8470E+00  1.9691E+02  7.8773E+00  3.9419E+02  1.0000E+00
 2.3977E+03  7.8572E+00  1.9566E+02  7.8872E+00  3.9170E+02  1.0000E+00
 2.4160E+03  7.8673E+00  1.9442E+02  7.8971E+00  3.8922E+02  1.0000E+00
 2.4345E+03  7.8775E+00  1.9319E+02  7.9070E+00  3.8676E+02  1.0000E+00
 2.4532E+03  7.8876E+00  1.9196E+02  7.9170E+00  3.8431E+02  1.0000E+00
 2.4720E+03  7.8978E+00  1.9075E+02  7.9269E+00  3.8188E+02  1.0000E+00
 2.4909E+03  7.9079E+00  1.8954E+02  7.9368E+00  3.7947E+02  1.0000E+00
 2.5100E+03  7.9181E+00  1.8833E+02  7.9468E+00  3.7707E+02  1.0000E+00
 2.5292E+03  7.9283E+00  1.8714E+02  7.9567E+00  3.7468E+02  1.0000E+00
 2.5486E+03  7.9384E+00  1.8595E+02  7.9667E+00  3.7231E+02  1.0000E+00
 2.5681E+03  7.9486E+00  1.8477E+02  7.9766E+00  3.6996E+02  1.0000E+00
 2.5878E+03  7.9588E+00  1.8360E+02  7.9866E+00  3.6762E+02  1.0000E+00
 2.6076E+03  7.9690E+00  1.8243E+02  7.9966E+00  3.6529E+02  1.0000E+00
 2.6275E+03  7.9792E+00  1.8127E+02  8.0066E+00  3.6298E+02  1.0000E+00
 2.6477E+03  7.9894E+00  1.8012E+02  8.0165E+00  3.6068E+02  1.0000E+00
 2.6679E+03  7.9996E+00  1.7898E+02  8.0265E+00  3.5839E+02  1.0000E+00
 2.6884E+03  8.0098E+00  1.7784E+02  8.0365E+00  3.5612E+02  1.0000E+00
 2.7090E+03  8.0200E+00  1.7671E+02  8.0465E+00  3.5387E+02  1.0000E+00
 2.7297E+03  8.0302E+00  1.7559E+02  8.0565E+00  3.5163E+02  1.0000E+00
 2.7506E+03  8.0404E+00  1.7447E+02  8.0666E+00  3.4940E+02  1.0000E+00
 2.7717E+03  8.0506E+00  1.7336E+02  8.0766E+00  3.4718E+02  1.0000E+00
 2.7929E+03  8.0608E+00  1.7226E+02  8.0866E+00  3.4498E+02  1.0000E+00
 2.8143E+03  8.0710E+00  1.7116E+02  8.0966E+00  3.4279E+02  1.0000E+00
 2.8358E+03  8.0813E+00  1.7007E+02  8.1067E+00  3.4062E+02  1.0000E+00
 2.8576E+03  8.0915E+00  1.6899E+02  8.1167E+00  3.3846E+02  1.0000E+00
 2.8794E+03  8.1017E+00  1.6792E+02  8.1268E+00  3.3631E+02  1.0000E+00
 2.9015E+03  8.1120E+00  1.6685E+02  8.1368E+00  3.3418E+02  1.0000E+00
 2.9237E+03  8.1222E+00  1.6578E+02  8.1469E+00  3.3206E+02  1.0000E+00
 2.9461E+03  8.1325E+00  1.6473E+02  8.1570E+00  3.2995E+02  1.0000E+00
 2.9687E+03  8.1428E+00  1.6368E+02  8.1670E+00  3.2786E+02  1.0000E+00
 2.9914E+03  8.1530E+00  1.6264E+02  8.1771E+00  3.2578E+02  1.0000E+00
 3.0143E+03  8.1633E+00  1.6160E+02  8.1872E+00  3.2371E+02  1.0000E+00
 3.0374E+03  8.1736E+00  1.6057E+02  8.1973E+00  3.2165E+02  1.0000E+00
 3.0607E+03  8.1839E+00  1.5955E+02  8.2074E+00  3.1961E+02  1.0000E+00
 3.0841E+03  8.1941E+00  1.5853E+02  8.2175E+00  3.1758E+02  1.0000E+00
 3.1077E+03  8.2044E+00  1.5752E+02  8.2276E+00  3.1556E+02  1.0000E+00
 3.1315E+03  8.2147E+00  1.5651E+02  8.2378E+00  3.1356E+02  1.0000E+00
 3.1555E+03  8.2250E+00  1.5552E+02  8.2479E+00  3.1157E+02  1.0000E+00
 3.1797E+03  8.2353E+00  1.5452E+02  8.2580E+00  3.0959E+02  1.0000E+00
 3.2040E+03  8.2457E+00  1.5354E+02  8.2682E+00  3.0762E+02  1.0000E+00
 3.2286E+03  8.2560E+00  1.5256E+02  8.2783E+00  3.0567E+02  1.0000E+00
 3.2533E+03  8.2663E+00  1.5158E+02  8.2885E+00  3.0372E+02  1.0000E+00
 3.2782E+03  8.2766E+00  1.5062E+02  8.2987E+00  3.0179E+02  1.0000E+00
 3.3033E+03  8.2870E+00  1.4965E+02  8.3088E+00  2.9987E+02  1.0000E+00
 3.3286E+03  8.2973E+00  1.4870E+02  8.3190E+00  2.9797E+02  1.0000E+00
 3.3541E+03  8.3077E+00  1.4775E+02  8.3292E+00  2.9607E+02  1.0000E+00
 3.3798E+03  8.3180E+00  1.4681E+02  8.3394E+00  2.9419E+02  1.0000E+00
 3.4057E+03  8.3284E+00  1.4587E+02  8.3496E+00  2.9232E+02  1.0000E+00
 3.4317E+03  8.3388E+00  1.4494E+02  8.3598E+00  2.9046E+02  1.0000E+00
 3.4580E+03  8.3491E+00  1.4401E+02  8.3700E+00  2.8861E+02  1.0000E+00
 3.4845E+03  8.3595E+00  1.4309E+02  8.3803E+00  2.8677E+02  1.0000E+00
 3.5112E+03  8.3699E+00  1.4217E+02  8.3905E+00  2.8495E+02  1.0000E+00
 3.5381E+03  8.3803E+00  1.4126E+02  8.4007E+00  2.8313E+02  1.0000E+00
 3.5652E+03  8.3907E+00  1.4036E+02  8.4110E+00  2.8133E+02  1.0000E+00
 3.5925E+03  8.4011E+00  1.3946E+02  8.4213E+00  2.7954E+02  1.0000E+00
 3.6200E+03  8.4116E+00  1.3857E+02  8.4315E+00  2.7776E+02  1.0000E+00
 3.6477E+03  8.4220E+00  1.3769E+02  8.4418E+00  2.7599E+02  1.0000E+00
 3.6757E+03  8.4324E+00  1.3680E+02  8.4521E+00  2.7423E+02  1.0000E+00
 3.7038E+03  8.4429E+00  1.3593E+02  8.4624E+00  2.7249E+02  1.0000E+00
 3.7322E+03  8.4533E+00  1.3506E+02  8.4727E+00  2.7075E+02  1.0000E+00
 3.7608E+03  8.4638E+00  1.3419E+02  8.4830E+00  2.6903E+02  1.0000E+00
 3.7896E+03  8.4742E+00  1.3334E+02  8.4933E+00  2.6731E+02  1.0000E+00
 3.8186E+03  8.4847E+00  1.3248E+02  8.5036E+00  2.6561E+02  1.0000E+00
 3.8478E+03  8.4952E+00  1.3163E+02  8.5140E+00  2.6392E+02  1.0000E+00
 3.8773E+03  8.5056E+00  1.3079E+02  8.5243E+00  2.6224E+02  1.0000E+00
 3.9070E+03  8.5161E+00  1.2995E+02  8.5347E+00  2.6057E+02  1.0000E+00
 3.9369E+03  8.5266E+00  1.2912E+02  8.5450E+00  2.5890E+02  1.0000E+00
 3.9671E+03  8.5372E+00  1.2829E+02  8.5554E+00  2.5725E+02  1.0000E+00
 3.9974E+03  8.5477E+00  1.2747E+02  8.5658E+00  2.5561E+02  1.0000E+00
 4.0281E+03  8.5582E+00  1.2665E+02  8.5762E+00  2.5399E+02  1.0000E+00
 4.0589E+03  8.5687E+00  1.2584E+02  8.5866E+00  2.5237E+02  1.0000E+00
 4.0900E+03  8.5793E+00  1.2504E+02  8.5970E+00  2.5076E+02  1.0000E+00
 4.1213E+03  8.5898E+00  1.2424E+02  8.6074E+00  2.4916E+02  1.0000E+00
 4.1529E+03  8.6004E+00  1.2344E+02  8.6178E+00  2.4757E+02  1.0000E+00
 4.1847E+03  8.6109E+00  1.2265E+02  8.6283E+00  2.4599E+02  1.0000E+00
 4.2167E+03  8.6215E+00  1.2186E+02  8.6387E+00  2.4442E+02  1.0000E+00
 4.2490E+03  8.6321E+00  1.2108E+02  8.6492E+00  2.4286E+02  1.0000E+00
 4.2816E+03  8.6427E+00  1.2030E+02  8.6596E+00  2.4131E+02  1.0000E+00
 4.3143E+03  8.6533E+00  1.1953E+02  8.6701E+00  2.3977E+02  1.0000E+00
 4.3474E+03  8.6639E+00  1.1876E+02  8.6806E+00  2.3824E+02  1.0000E+00
 4.3807E+03  8.6745E+00  1.1800E+02  8.6911E+00  2.3672E+02  1.0000E+00
 4.4142E+03  8.6852E+00  1.1725E+02  8.7016E+00  2.3521E+02  1.0000E+00
 4.4480E+03  8.6958E+00  1.1649E+02  8.7121E+00  2.3371E+02  1.0000E+00
 4.4821E+03  8.7065E+00  1.1575E+02  8.7226E+00  2.3222E+02  1.0000E+00
 4.5164E+03  8.7171E+00  1.1500E+02  8.7332E+00  2.3074E+02  1.0000E+00
 4.5510E+03  8.7278E+00  1.1426E+02  8.7437E+00  2.2927E+02  1.0000E+00
 4.5859E+03  8.7385E+00  1.1353E+02  8.7543E+00  2.2780E+02  1.0000E+00
 4.6210E+03  8.7491E+00  1.1280E+02  8.7648E+00  2.2635E+02  1.0000E+00
 4.6564E+03  8.7598E+00  1.1208E+02  8.7754E+00  2.2491E+02  1.0000E+00
 4.6920E+03  8.7706E+00  1.1136E+02  8.7860E+00  2.2347E+02  1.0000E+00
 4.7280E+03  8.7813E+00  1.1064E+02  8.7966E+00  2.2204E+02  1.0000E+00
 4.7642E+03  8.7920E+00  1.0993E+02  8.8072E+00  2.2063E+02  1.0000E+00
 4.8007E+03  8.8027E+00  1.0923E+02  8.8179E+00  2.1922E+02  1.0000E+00
 4.8374E+03  8.8135E+00  1.0852E+02  8.8285E+00  2.1782E+02  1.0000E+00
 4.8745E+03  8.8243E+00  1.0783E+02  8.8391E+00  2.1643E+02  1.0000E+00
 4.9118E+03  8.8350E+00  1.0713E+02  8.8498E+00  2.1504E+02  1.0000E+00
 4.9494E+03  8.8458E+00  1.0645E+02  8.8605E+00  2.1367E+02  1.0000E+00
 4.9873E+03  8.8566E+00  1.0576E+02  8.8712E+00  2.1231E+02  1.0000E+00
 5.0255E+03  8.8674E+00  1.0508E+02  8.8819E+00  2.1095E+02  1.0000E+00
 5.0640E+03  8.8782E+00  1.0441E+02  8.8926E+00  2.0960E+02  1.0000E+00
 5.1028E+03  8.8890E+00  1.0374E+02  8.9033E+00  2.0827E+02  1.0000E+00
 5.1419E+03  8.8999E+00  1.0307E+02  8.9140E+00  2.0694E+02  1.0000E+00
 5.1812E+03  8.9107E+00  1.0241E+02  8.9248E+00  2.0561E+02  1.0000E+00
 5.2209E+03  8.9216E+00  1.0175E+02  8.9355E+00  2.0430E+02  1.0000E+00
 5.2609E+03  8.9325E+00  1.0109E+02  8.9463E+00  2.0300E+02  1.0000E+00
 5.3012E+03  8.9433E+00  1.0044E+02  8.9571E+00  2.0170E+02  1.0000E+00
 5.3418E+03  8.9542E+00  9.9798E+01  8.9679E+00  2.0041E+02  1.0000E+00
 5.3827E+03  8.9651E+00  9.9156E+01  8.9787E+00  1.9913E+02  1.0000E+00
 5.4239E+03  8.9761E+00  9.8518E+01  8.9895E+00  1.9786E+02  1.0000E+00
 5.4655E+03  8.9870E+00  9.7884E+01  9.0003E+00  1.9660E+02  1.0000E+00
 5.5073E+03  8.9979E+00  9.7255E+01  9.0112E+00  1.9534E+02  1.0000E+00
 5.5495E+03  9.0089E+00  9.6629E+01  9.0220E+00  1.9409E+02  1.0000E+00
 5.5920E+03  9.0199E+00  9.6008E+01  9.0329E+00  1.9285E+02  1.0000E+00
 5.6348E+03  9.0309E+00  9.5390E+01  9.0438E+00  1.9162E+02  1.0000E+00
 5.6780E+03  9.0419E+00  9.4776E+01  9.0547E+00  1.9040E+02  1.0000E+00
 5.7215E+03  9.0529E+00  9.4167E+01  9.0656E+00  1.8918E+02  1.0000E+00
 5.7653E+03  9.0639E+00  9.3561E+01  9.0765E+00  1.8797E+02  1.0000E+00
 5.8094E+03  9.0749E+00  9.2959E+01  9.0875E+00  1.8677E+02  1.0000E+00
 5.8539E+03  9.0860E+00  9.2360E+01  9.0984E+00  1.8558E+02  1.0000E+00
 5.8988E+03  9.0970E+00  9.1766E+01  9.1094E+00  1.8439E+02  1.0000E+00
 5.9439E+03  9.1081E+00  9.1175E+01  9.1204E+00  1.8321E+02  1.0000E+00
 5.9895E+03  9.1192E+00  9.0589E+01  9.1314E+00  1.8204E+02  1.0000E+00
 6.0353E+03  9.1303E+00  9.0006E+01  9.1424E+00  1.8088E+02  1.0000E+00
 6.0815E+03  9.1414E+00  8.9426E+01  9.1534E+00  1.7973E+02  1.0000E+00
 6.1281E+03  9.1525E+00  8.8851E+01  9.1645E+00  1.7858E+02  1.0000E+00
 6.1751E+03  9.1637E+00  8.8279E+01  9.1755E+00  1.7744E+02  1.0000E+00
 6.2223E+03  9.1748E+00  8.7711E+01  9.1866E+00  1.7630E+02  1.0000E+00
 6.2700E+03  9.1860E+00  8.7146E+01  9.1977E+00  1.7518E+02  1.0000E+00
 6.3180E+03  9.1972E+00  8.6585E+01  9.2088E+00  1.7406E+02  1.0000E+00
 6.3664E+03  9.2084E+00  8.6027E+01  9.2199E+00  1.7295E+02  1.0000E+00
 6.4152E+03  9.2196E+00  8.5474E+01  9.2310E+00  1.7184E+02  1.0000E+00
 6.4643E+03  9.2309E+00  8.4923E+01  9.2422E+00  1.7074E+02  1.0000E+00
 6.5138E+03  9.2421E+00  8.4377E+01  9.2533E+00  1.6965E+02  1.0000E+00
 6.5637E+03  9.2534E+00  8.3833E+01  9.2645E+00  1.6857E+02  1.0000E+00
 6.6139E+03  9.2647E+00  8.3293E+01  9.2757E+00  1.6749E+02  1.0000E+00
 6.6646E+03  9.2760E+00  8.2757E+01  9.2869E+00  1.6642E+02  1.0000E+00
 6.7156E+03  9.2873E+00  8.2224E+01  9.2982E+00  1.6536E+02  1.0000E+00
 6.7671E+03  9.2986E+00  8.1695E+01  9.3094E+00  1.6431E+02  1.0000E+00
 6.8189E+03  9.3100E+00  8.1169E+01  9.3207E+00  1.6326E+02  1.0000E+00
 6.8711E+03  9.3213E+00  8.0646E+01  9.3320E+00  1.6221E+02  1.0000E+00
 6.9237E+03  9.3327E+00  8.0127E+01  9.3433E+00  1.6118E+02  1.0000E+00
 6.9768E+03  9.3441E+00  7.9611E+01  9.3546E+00  1.6015E+02  1.0000E+00
 7.0302E+03  9.3555E+00  7.9098E+01  9.3659E+00  1.5913E+02  1.0000E+00
 7.0840E+03  9.3669E+00  7.8589E+01  9.3773E+00  1.5811E+02  1.0000E+00
 7.1383E+03  9.3784E+00  7.8083E+01  9.3886E+00  1.5710E+02  1.0000E+00
 7.1929E+03  9.3898E+00  7.7580E+01  9.4000E+00  1.5610E+02  1.0000E+00
 7.2480E+03  9.4013E+00  7.7080E+01  9.4114E+00  1.5510E+02  1.0000E+00
 7.3035E+03  9.4128E+00  7.6584E+01  9.4228E+00  1.5411E+02  1.0000E+00
 7.3595E+03  9.4243E+00  7.6090E+01  9.4343E+00  1.5313E+02  1.0000E+00
 7.4158E+03  9.4359E+00  7.5600E+01  9.4457E+00  1.5215E+02  1.0000E+00
 7.4726E+03  9.4474E+00  7.5114E+01  9.4572E+00  1.5118E+02  1.0000E+00
 7.5299E+03  9.4590E+00  7.4630E+01  9.4687E+00  1.5022E+02  1.0000E+00
 7.5875E+03  9.4706E+00  7.4149E+01  9.4802E+00  1.4926E+02  1.0000E+00
 7.6456E+03  9.4822E+00  7.3672E+01  9.4918E+00  1.4830E+02  1.0000E+00
 7.7042E+03  9.4938E+00  7.3197E+01  9.5033E+00  1.4736E+02  1.0000E+00
 7.7632E+03  9.5054E+00  7.2726E+01  9.5149E+00  1.4642E+02  1.0000E+00
 7.8226E+03  9.5171E+00  7.2257E+01  9.5265E+00  1.4548E+02  1.0000E+00
 7.8825E+03  9.5288E+00  7.1792E+01  9.5381E+00  1.4456E+02  1.0000E+00
 7.9429E+03  9.5405E+00  7.1330E+01  9.5497E+00  1.4364E+02  1.0000E+00
 8.0037E+03  9.5522E+00  7.0870E+01  9.5614E+00  1.4272E+02  1.0000E+00
 8.0650E+03  9.5639E+00  7.0414E+01  9.5731E+00  1.4181E+02  1.0000E+00
 8.1268E+03  9.5757E+00  6.9961E+01  9.5848E+00  1.4090E+02  1.0000E+00
 8.1890E+03  9.5875E+00  6.9510E+01  9.5965E+00  1.4001E+02  1.0000E+00
 8.2518E+03  9.5993E+00  6.9063E+01  9.6082E+00  1.3911E+02  1.0000E+00
 8.3150E+03  9.6111E+00  6.8618E+01  9.6200E+00  1.3823E+02  1.0000E+00
 8.3786E+03  9.6230E+00  6.8176E+01  9.6317E+00  1.3735E+02  1.0000E+00
 8.4428E+03  9.6348E+00  6.7737E+01  9.6435E+00  1.3647E+02  1.0000E+00
 8.5075E+03  9.6467E+00  6.7301E+01  9.6554E+00  1.3560E+02  1.0000E+00
 8.5726E+03  9.6586E+00  6.6868E+01  9.6672E+00  1.3474E+02  1.0000E+00
 8.6383E+03  9.6705E+00  6.6437E+01  9.6791E+00  1.3388E+02  1.0000E+00
 8.7044E+03  9.6825E+00  6.6010E+01  9.6910E+00  1.3303E+02  1.0000E+00
 8.7711E+03  9.6945E+00  6.5585E+01  9.7029E+00  1.3218E+02  1.0000E+00
 8.8383E+03  9.7065E+00  6.5162E+01  9.7148E+00  1.3134E+02  1.0000E+00
 8.9059E+03  9.7185E+00  6.4743E+01  9.7268E+00  1.3050E+02  1.0000E+00
 8.9741E+03  9.7305E+00  6.4326E+01  9.7387E+00  1.2967E+02  1.0000E+00
 9.0429E+03  9.7426E+00  6.3912E+01  9.7507E+00  1.2884E+02  1.0000E+00
 9.1121E+03  9.7547E+00  6.3501E+01  9.7628E+00  1.2802E+02  1.0000E+00
 9.1819E+03  9.7668E+00  6.3092E+01  9.7748E+00  1.2721E+02  1.0000E+00
 9.2522E+03  9.7789E+00  6.2686E+01  9.7869E+00  1.2640E+02  1.0000E+00
 9.3231E+03  9.7910E+00  6.2283E+01  9.7990E+00  1.2560E+02  1.0000E+00
 9.3945E+03  9.8032E+00  6.1882E+01  9.8111E+00  1.2480E+02  1.0000E+00
 9.4664E+03  9.8154E+00  6.1484E+01  9.8232E+00  1.2400E+02  1.0000E+00
 9.5389E+03  9.8277E+00  6.1088E+01  9.8354E+00  1.2321E+02  1.0000E+00
 9.6120E+03  9.8399E+00  6.0695E+01  9.8476E+00  1.2243E+02  1.0000E+00
 9.6856E+03  9.8522E+00  6.0305E+01  9.8598E+00  1.2165E+02  1.0000E+00
 9.7598E+03  9.8645E+00  5.9917E+01  9.8721E+00  1.2088E+02  1.0000E+00
 9.8345E+03  9.8768E+00  5.9532E+01  9.8843E+00  1.2011E+02  1.0000E+00
 9.9098E+03  9.8892E+00  5.9149E+01  9.8966E+00  1.1935E+02  1.0000E+00
 9.9857E+03  9.9015E+00  5.8768E+01  9.9089E+00  1.1859E+02  1.0000E+00
 1.0062E+04  9.9139E+00  5.8390E+01  9.9213E+00  1.1783E+02  1.0000E+00
 1.0139E+04  9.9264E+00  5.8015E+01  9.9337E+00  1.1709E+02  1.0000E+00
 1.0217E+04  9.9388E+00  5.7642E+01  9.9461E+00  1.1634E+02  1.0000E+00
 1.0295E+04  9.9513E+00  5.7271E+01  9.9585E+00  1.1560E+02  1.0000E+00
 1.0374E+04  9.9638E+00  5.6903E+01  9.9710E+00  1.1487E+02  1.0000E+00
 1.0453E+04  9.9763E+00  5.6537E+01  9.9834E+00  1.1414E+02  1.0000E+00
 1.0533E+04  9.9889E+00  5.6174E+01  9.9959E+00  1.1342E+02  1.0000E+00
 1.0614E+04  1.0001E+01  5.5813E+01  1.0008E+01  1.1270E+02  1.0000E+00
 1.0695E+04  1.0014E+01  5.5454E+01  1.0021E+01  1.1198E+02  1.0000E+00
 1.0777E+04  1.0027E+01  5.5098E+01  1.0034E+01  1.1127E+02  1.0000E+00
 1.0860E+04  1.0039E+01  5.4744E+01  1.0046E+01  1.1057E+02  1.0000E+00
 1.0943E+04  1.0052E+01  5.4392E+01  1.0059E+01  1.0986E+02  1.0000E+00
 1.1027E+04  1.0065E+01  5.4043E+01  1.0072E+01  1.0917E+02  1.0000E+00
 1.1111E+04  1.0078E+01  5.3696E+01  1.0084E+01  1.0848E+02  1.0000E+00
 1.1196E+04  1.0090E+01  5.3351E+01  1.0097E+01  1.0779E+02  1.0000E+00
 1.1282E+04  1.0103E+01  5.3008E+01  1.0110E+01  1.0711E+02  1.0000E+00
 1.1369E+04  1.0116E+01  5.2668E+01  1.0123E+01  1.0643E+02  1.0000E+00
 1.1456E+04  1.0129E+01  5.2330E+01  1.0135E+01  1.0575E+02  1.0000E+00
 1.1543E+04  1.0142E+01  5.1994E+01  1.0148E+01  1.0508E+02  1.0000E+00
 1.1632E+04  1.0155E+01  5.1660E+01  1.0161E+01  1.0442E+02  1.0000E+00
 1.1721E+04  1.0168E+01  5.1328E+01  1.0174E+01  1.0376E+02  1.0000E+00
 1.1811E+04  1.0181E+01  5.0999E+01  1.0187E+01  1.0310E+02  1.0000E+00
 1.1901E+04  1.0194E+01  5.0672E+01  1.0200E+01  1.0245E+02  1.0000E+00
 1.1992E+04  1.0207E+01  5.0346E+01  1.0213E+01  1.0180E+02  1.0000E+00
 1.2084E+04  1.0220E+01  5.0024E+01  1.0226E+01  1.0116E+02  1.0000E+00
 1.2177E+04  1.0233E+01  4.9703E+01  1.0239E+01  1.0052E+02  1.0000E+00
 1.2270E+04  1.0246E+01  4.9384E+01  1.0252E+01  9.9882E+01  1.0000E+00
 1.2364E+04  1.0259E+01  4.9067E+01  1.0265E+01  9.9250E+01  1.0000E+00
 1.2458E+04  1.0273E+01  4.8753E+01  1.0279E+01  9.8623E+01  1.0000E+00
 1.2554E+04  1.0286E+01  4.8440E+01  1.0292E+01  9.8001E+01  1.0000E+00
 1.2650E+04  1.0299E+01  4.8130E+01  1.0305E+01  9.7382E+01  1.0000E+00
 1.2747E+04  1.0313E+01  4.7821E+01  1.0318E+01  9.6767E+01  1.0000E+00
 1.2845E+04  1.0326E+01  4.7515E+01  1.0332E+01  9.6156E+01  1.0000E+00
 1.2943E+04  1.0339E+01  4.7210E+01  1.0345E+01  9.5550E+01  1.0000E+00
 1.3042E+04  1.0353E+01  4.6908E+01  1.0358E+01  9.4947E+01  1.0000E+00
 1.3142E+04  1.0366E+01  4.6607E+01  1.0372E+01  9.4348E+01  1.0000E+00
 1.3243E+04  1.0380E+01  4.6309E+01  1.0385E+01  9.3753E+01  1.0000E+00
 1.3344E+04  1.0393E+01  4.6012E+01  1.0399E+01  9.3162E+01  1.0000E+00
 1.3446E+04  1.0407E+01  4.5718E+01  1.0412E+01  9.2575E+01  1.0000E+00
 1.3549E+04  1.0420E+01  4.5425E+01  1.0426E+01  9.1992E+01  1.0000E+00
 1.3653E+04  1.0434E+01  4.5134E+01  1.0440E+01  9.1413E+01  1.0000E+00
 1.3757E+04  1.0448E+01  4.4846E+01  1.0453E+01  9.0838E+01  1.0000E+00
 1.3863E+04  1.0461E+01  4.4559E+01  1.0467E+01  9.0266E+01  1.0000E+00
 1.3969E+04  1.0475E+01  4.4274E+01  1.0481E+01  8.9698E+01  1.0000E+00
 1.4076E+04  1.0489E+01  4.3990E+01  1.0494E+01  8.9134E+01  1.0000E+00
 1.4184E+04  1.0503E+01  4.3709E+01  1.0508E+01  8.8573E+01  1.0000E+00
 1.4292E+04  1.0517E+01  4.3430E+01  1.0522E+01  8.8017E+01  1.0000E+00
 1.4402E+04  1.0531E+01  4.3152E+01  1.0536E+01  8.7463E+01  1.0000E+00
 1.4512E+04  1.0545E+01  4.2876E+01  1.0550E+01  8.6914E+01  1.0000E+00
 1.4623E+04  1.0559E+01  4.2602E+01  1.0564E+01  8.6368E+01  1.0000E+00
 1.4735E+04  1.0573E+01  4.2330E+01  1.0578E+01  8.5826E+01  1.0000E+00
 1.4848E+04  1.0587E+01  4.2060E+01  1.0592E+01  8.5287E+01  1.0000E+00
 1.4962E+04  1.0601E+01  4.1791E+01  1.0606E+01  8.4752E+01  1.0000E+00
 1.5076E+04  1.0615E+01  4.1524E+01  1.0620E+01  8.4221E+01  1.0000E+00
 1.5192E+04  1.0629E+01  4.1259E+01  1.0634E+01  8.3693E+01  1.0000E+00
 1.5308E+04  1.0643E+01  4.0996E+01  1.0648E+01  8.3168E+01  1.0000E+00
 1.5425E+04  1.0658E+01  4.0735E+01  1.0663E+01  8.2647E+01  1.0000E+00
 1.5544E+04  1.0672E+01  4.0475E+01  1.0677E+01  8.2130E+01  1.0000E+00
 1.5663E+04  1.0686E+01  4.0217E+01  1.0691E+01  8.1615E+01  1.0000E+00
 1.5783E+04  1.0701E+01  3.9960E+01  1.0706E+01  8.1105E+01  1.0000E+00
 1.5903E+04  1.0715E+01  3.9705E+01  1.0720E+01  8.0597E+01  1.0000E+00
 1.6025E+04  1.0730E+01  3.9452E+01  1.0735E+01  8.0093E+01  1.0000E+00
 1.6148E+04  1.0744E+01  3.9201E+01  1.0749E+01  7.9592E+01  1.0000E+00
 1.6272E+04  1.0759E+01  3.8951E+01  1.0764E+01  7.9095E+01  1.0000E+00
 1.6396E+04  1.0774E+01  3.8703E+01  1.0778E+01  7.8601E+01  1.0000E+00
 1.6522E+04  1.0788E+01  3.8457E+01  1.0793E+01  7.8110E+01  1.0000E+00
 1.6648E+04  1.0803E+01  3.8212E+01  1.0808E+01  7.7622E+01  1.0000E+00
 1.6776E+04  1.0818E+01  3.7969E+01  1.0822E+01  7.7138E+01  1.0000E+00
 1.6904E+04  1.0833E+01  3.7727E+01  1.0837E+01  7.6657E+01  1.0000E+00
 1.7034E+04  1.0847E+01  3.7487E+01  1.0852E+01  7.6179E+01  1.0000E+00
 1.7164E+04  1.0862E+01  3.7249E+01  1.0867E+01  7.5704E+01  1.0000E+00
 1.7296E+04  1.0877E+01  3.7012E+01  1.0882E+01  7.5233E+01  1.0000E+00
 1.7428E+04  1.0892E+01  3.6777E+01  1.0897E+01  7.4764E+01  1.0000E+00
 1.7562E+04  1.0907E+01  3.6543E+01  1.0912E+01  7.4299E+01  1.0000E+00
 1.7696E+04  1.0923E+01  3.6311E+01  1.0927E+01  7.3837E+01  1.0000E+00
 1.7832E+04  1.0938E+01  3.6080E+01  1.0942E+01  7.3378E+01  1.0000E+00
 1.7968E+04  1.0953E+01  3.5851E+01  1.0957E+01  7.2921E+01  1.0000E+00
 1.8106E+04  1.0968E+01  3.5623E+01  1.0972E+01  7.2468E+01  1.0000E+00
 1.8244E+04  1.0984E+01  3.5397E+01  1.0988E+01  7.2018E+01  1.0000E+00
 1.8384E+04  1.0999E+01  3.5173E+01  1.1003E+01  7.1571E+01  1.0000E+00
 1.8525E+04  1.1014E+01  3.4950E+01  1.1019E+01  7.1127E+01  1.0000E+00
 1.8667E+04  1.1030E+01  3.4728E+01  1.1034E+01  7.0686E+01  1.0000E+00
 1.8810E+04  1.1045E+01  3.4508E+01  1.1049E+01  7.0248E+01  1.0000E+00
 1.8954E+04  1.1061E+01  3.4289E+01  1.1065E+01  6.9812E+01  1.0000E+00
 1.9099E+04  1.1077E+01  3.4072E+01  1.1081E+01  6.9380E+01  1.0000E+00
 1.9245E+04  1.1092E+01  3.3856E+01  1.1096E+01  6.8950E+01  1.0000E+00
 1.9393E+04  1.1108E+01  3.3642E+01  1.1112E+01  6.8524E+01  1.0000E+00
 1.9541E+04  1.1124E+01  3.3429E+01  1.1128E+01  6.8100E+01  1.0000E+00
 1.9691E+04  1.1140E+01  3.3218E+01  1.1144E+01  6.7679E+01  1.0000E+00
 1.9842E+04  1.1156E+01  3.3007E+01  1.1160E+01  6.7261E+01  1.0000E+00
 1.9994E+04  1.1172E+01  3.2799E+01  1.1176E+01  6.6845E+01  1.0000E+00
 2.0147E+04  1.1188E+01  3.2591E+01  1.1192E+01  6.6433E+01  1.0000E+00
 2.0301E+04  1.1204E+01  3.2385E+01  1.1208E+01  6.6023E+01  1.0000E+00
 2.0456E+04  1.1220E+01  3.2181E+01  1.1224E+01  6.5616E+01  1.0000E+00
 2.0613E+04  1.1236E+01  3.1978E+01  1.1240E+01  6.5212E+01  1.0000E+00
 2.0771E+04  1.1253E+01  3.1776E+01  1.1256E+01  6.4810E+01  1.0000E+00
 2.0930E+04  1.1269E+01  3.1575E+01  1.1273E+01  6.4411E+01  1.0000E+00
 2.1090E+04  1.1285E+01  3.1376E+01  1.1289E+01  6.4015E+01  1.0000E+00
 2.1252E+04  1.1302E+01  3.1178E+01  1.1305E+01  6.3621E+01  1.0000E+00
 2.1415E+04  1.1318E+01  3.0982E+01  1.1322E+01  6.3230E+01  1.0000E+00
 2.1579E+04  1.1335E+01  3.0787E+01  1.1338E+01  6.2842E+01  1.0000E+00
 2.1744E+04  1.1352E+01  3.0593E+01  1.1355E+01  6.2456E+01  1.0000E+00
 2.1910E+04  1.1368E+01  3.0400E+01  1.1372E+01  6.2072E+01  1.0000E+00
 2.2078E+04  1.1385E+01  3.0209E+01  1.1389E+01  6.1692E+01  1.0000E+00
 2.2247E+04  1.1402E+01  3.0019E+01  1.1405E+01  6.1314E+01  1.0000E+00
 2.2418E+04  1.1419E+01  2.9830E+01  1.1422E+01  6.0938E+01  1.0000E+00
 2.2589E+04  1.1436E+01  2.9642E+01  1.1439E+01  6.0565E+01  1.0000E+00
 2.2762E+04  1.1453E+01  2.9456E+01  1.1456E+01  6.0195E+01  1.0000E+00
 2.2937E+04  1.1470E+01  2.9271E+01  1.1473E+01  5.9827E+01  1.0000E+00
 2.3112E+04  1.1487E+01  2.9087E+01  1.1491E+01  5.9461E+01  1.0000E+00
 2.3289E+04  1.1504E+01  2.8904E+01  1.1508E+01  5.9098E+01  1.0000E+00
 2.3468E+04  1.1522E+01  2.8723E+01  1.1525E+01  5.8737E+01  1.0000E+00
 2.3647E+04  1.1539E+01  2.8543E+01  1.1542E+01  5.8379E+01  1.0000E+00
 2.3829E+04  1.1557E+01  2.8364E+01  1.1560E+01  5.8023E+01  1.0000E+00
 2.4011E+04  1.1574E+01  2.8186E+01  1.1577E+01  5.7670E+01  1.0000E+00
 2.4195E+04  1.1592E+01  2.8010E+01  1.1595E+01  5.7319E+01  1.0000E+00
 2.4380E+04  1.1609E+01  2.7834E+01  1.1613E+01  5.6970E+01  1.0000E+00
 2.4567E+04  1.1627E+01  2.7660E+01  1.1630E+01  5.6624E+01  1.0000E+00
 2.4755E+04  1.1645E+01  2.7487E+01  1.1648E+01  5.6280E+01  1.0000E+00
 2.4945E+04  1.1663E+01  2.7315E+01  1.1666E+01  5.5938E+01  1.0000E+00
 2.5136E+04  1.1681E+01  2.7144E+01  1.1684E+01  5.5598E+01  1.0000E+00
 2.5328E+04  1.1699E+01  2.6975E+01  1.1702E+01  5.5261E+01  1.0000E+00
 2.5522E+04  1.1717E+01  2.6806E+01  1.1720E+01  5.4926E+01  1.0000E+00
 2.5718E+04  1.1735E+01  2.6639E+01  1.1738E+01  5.4594E+01  1.0000E+00
 2.5915E+04  1.1754E+01  2.6473E+01  1.1757E+01  5.4264E+01  1.0000E+00
 2.6113E+04  1.1772E+01  2.6308E+01  1.1775E+01  5.3935E+01  1.0000E+00
 2.6313E+04  1.1790E+01  2.6144E+01  1.1793E+01  5.3610E+01  1.0000E+00
 2.6515E+04  1.1809E+01  2.5981E+01  1.1812E+01  5.3286E+01  1.0000E+00
 2.6718E+04  1.1828E+01  2.5819E+01  1.1831E+01  5.2964E+01  1.0000E+00
 2.6922E+04  1.1846E+01  2.5658E+01  1.1849E+01  5.2645E+01  1.0000E+00
 2.7128E+04  1.1865E+01  2.5498E+01  1.1868E+01  5.2328E+01  1.0000E+00
 2.7336E+04  1.1884E+01  2.5340E+01  1.1887E+01  5.2013E+01  1.0000E+00
 2.7545E+04  1.1903E+01  2.5182E+01  1.1906E+01  5.1700E+01  1.0000E+00
 2.7756E+04  1.1922E+01  2.5026E+01  1.1925E+01  5.1389E+01  1.0000E+00
 2.7969E+04  1.1941E+01  2.4871E+01  1.1944E+01  5.1081E+01  1.0000E+00
 2.8183E+04  1.1960E+01  2.4716E+01  1.1963E+01  5.0774E+01  1.0000E+00
 2.8399E+04  1.1980E+01  2.4563E+01  1.1982E+01  5.0470E+01  1.0000E+00
 2.8617E+04  1.1999E+01  2.4411E+01  1.2002E+01  5.0167E+01  1.0000E+00
 2.8836E+04  1.2018E+01  2.4259E+01  1.2021E+01  4.9867E+01  1.0000E+00
 2.9056E+04  1.2038E+01  2.4109E+01  1.2041E+01  4.9568E+01  1.0000E+00
 2.9279E+04  1.2058E+01  2.3960E+01  1.2060E+01  4.9272E+01  1.0000E+00
 2.9503E+04  1.2077E+01  2.3812E+01  1.2080E+01  4.8978E+01  1.0000E+00
 2.9729E+04  1.2097E+01  2.3664E+01  1.2100E+01  4.8686E+01  1.0000E+00
 2.9957E+04  1.2117E+01  2.3518E+01  1.2120E+01  4.8395E+01  1.0000E+00
 3.0186E+04  1.2137E+01  2.3373E+01  1.2140E+01  4.8107E+01  1.0000E+00
 3.0417E+04  1.2157E+01  2.3229E+01  1.2160E+01  4.7821E+01  1.0000E+00
 3.0650E+04  1.2178E+01  2.3085E+01  1.2180E+01  4.7536E+01  1.0000E+00
 3.0885E+04  1.2198E+01  2.2943E+01  1.2200E+01  4.7254E+01  1.0000E+00
 3.1122E+04  1.2218E+01  2.2801E+01  1.2221E+01  4.6973E+01  1.0000E+00
 3.1360E+04  1.2239E+01  2.2661E+01  1.2241E+01  4.6694E+01  1.0000E+00
 3.1600E+04  1.2259E+01  2.2522E+01  1.2262E+01  4.6418E+01  1.0000E+00
 3.1842E+04  1.2280E+01  2.2383E+01  1.2283E+01  4.6143E+01  1.0000E+00
 3.2086E+04  1.2301E+01  2.2245E+01  1.2303E+01  4.5870E+01  1.0000E+00
 3.2332E+04  1.2322E+01  2.2109E+01  1.2324E+01  4.5599E+01  1.0000E+00
 3.2579E+04  1.2343E+01  2.1973E+01  1.2345E+01  4.5329E+01  1.0000E+00
 3.2829E+04  1.2364E+01  2.1838E+01  1.2366E+01  4.5062E+01  1.0000E+00
 3.3080E+04  1.2385E+01  2.1704E+01  1.2388E+01  4.4796E+01  1.0000E+00
 3.3334E+04  1.2407E+01  2.1571E+01  1.2409E+01  4.4533E+01  1.0000E+00
 3.3589E+04  1.2428E+01  2.1439E+01  1.2430E+01  4.4271E+01  1.0000E+00
 3.3846E+04  1.2450E+01  2.1308E+01  1.2452E+01  4.4010E+01  1.0000E+00
 3.4105E+04  1.2471E+01  2.1177E+01  1.2474E+01  4.3752E+01  1.0000E+00
 3.4367E+04  1.2493E+01  2.1048E+01  1.2495E+01  4.3495E+01  1.0000E+00
 3.4630E+04  1.2515E+01  2.0919E+01  1.2517E+01  4.3241E+01  1.0000E+00
 3.4895E+04  1.2537E+01  2.0792E+01  1.2539E+01  4.2987E+01  1.0000E+00
 3.5162E+04  1.2559E+01  2.0665E+01  1.2561E+01  4.2736E+01  1.0000E+00
 3.5431E+04  1.2581E+01  2.0539E+01  1.2584E+01  4.2486E+01  1.0000E+00
 3.5703E+04  1.2604E+01  2.0414E+01  1.2606E+01  4.2238E+01  1.0000E+00
 3.5976E+04  1.2626E+01  2.0289E+01  1.2628E+01  4.1992E+01  1.0000E+00
 3.6252E+04  1.2649E+01  2.0166E+01  1.2651E+01  4.1748E+01  1.0000E+00
 3.6529E+04  1.2671E+01  2.0043E+01  1.2674E+01  4.1505E+01  1.0000E+00
 3.6809E+04  1.2694E+01  1.9922E+01  1.2696E+01  4.1264E+01  1.0000E+00
 3.7091E+04  1.2717E+01  1.9801E+01  1.2719E+01  4.1024E+01  1.0000E+00
 3.7375E+04  1.2740E+01  1.9680E+01  1.2742E+01  4.0786E+01  1.0000E+00
 3.7661E+04  1.2763E+01  1.9561E+01  1.2766E+01  4.0550E+01  1.0000E+00
 3.7950E+04  1.2787E+01  1.9443E+01  1.2789E+01  4.0315E+01  1.0000E+00
 3.8240E+04  1.2810E+01  1.9325E+01  1.2812E+01  4.0082E+01  1.0000E+00
 3.8533E+04  1.2834E+01  1.9208E+01  1.2836E+01  3.9851E+01  1.0000E+00
 3.8828E+04  1.2857E+01  1.9092E+01  1.2859E+01  3.9621E+01  1.0000E+00
 3.9126E+04  1.2881E+01  1.8977E+01  1.2883E+01  3.9393E+01  1.0000E+00
 3.9425E+04  1.2905E+01  1.8862E+01  1.2907E+01  3.9166E+01  1.0000E+00
 3.9727E+04  1.2929E+01  1.8748E+01  1.2931E+01  3.8941E+01  1.0000E+00
 4.0032E+04  1.2953E+01  1.8635E+01  1.2955E+01  3.8717E+01  1.0000E+00
 4.0338E+04  1.2978E+01  1.8523E+01  1.2980E+01  3.8495E+01  1.0000E+00
 4.0647E+04  1.3002E+01  1.8412E+01  1.3004E+01  3.8275E+01  1.0000E+00
 4.0958E+04  1.3027E+01  1.8301E+01  1.3029E+01  3.8056E+01  1.0000E+00
 4.1272E+04  1.3052E+01  1.8191E+01  1.3054E+01  3.7839E+01  1.0000E+00
 4.1588E+04  1.3076E+01  1.8082E+01  1.3078E+01  3.7623E+01  1.0000E+00
 4.1907E+04  1.3102E+01  1.7973E+01  1.3103E+01  3.7408E+01  1.0000E+00
 4.2228E+04  1.3127E+01  1.7866E+01  1.3129E+01  3.7196E+01  1.0000E+00
 4.2551E+04  1.3152E+01  1.7759E+01  1.3154E+01  3.6984E+01  1.0000E+00
 4.2877E+04  1.3177E+01  1.7652E+01  1.3179E+01  3.6774E+01  1.0000E+00
 4.3205E+04  1.3203E+01  1.7547E+01  1.3205E+01  3.6566E+01  1.0000E+00
 4.3536E+04  1.3229E+01  1.7442E+01  1.3231E+01  3.6359E+01  1.0000E+00
 4.3869E+04  1.3255E+01  1.7338E+01  1.3257E+01  3.6153E+01  1.0000E+00
 4.4205E+04  1.3281E+01  1.7235E+01  1.3283E+01  3.5949E+01  1.0000E+00
 4.4544E+04  1.3307E+01  1.7132E+01  1.3309E+01  3.5746E+01  1.0000E+00
 4.4885E+04  1.3333E+01  1.7030E+01  1.3335E+01  3.5545E+01  1.0000E+00
 4.5229E+04  1.3360E+01  1.6929E+01  1.3362E+01  3.5345E+01  1.0000E+00
 4.5575E+04  1.3387E+01  1.6828E+01  1.3388E+01  3.5146E+01  1.0000E+00
 4.5924E+04  1.3413E+01  1.6728E+01  1.3415E+01  3.4949E+01  1.0000E+00
 4.6276E+04  1.3440E+01  1.6629E+01  1.3442E+01  3.4753E+01  1.0000E+00
 4.6630E+04  1.3468E+01  1.6531E+01  1.3469E+01  3.4559E+01  1.0000E+00
 4.6987E+04  1.3495E+01  1.6433E+01  1.3497E+01  3.4366E+01  1.0000E+00
 4.7347E+04  1.3522E+01  1.6335E+01  1.3524E+01  3.4174E+01  1.0000E+00
 4.7710E+04  1.3550E+01  1.6239E+01  1.3552E+01  3.3984E+01  1.0000E+00
 4.8075E+04  1.3578E+01  1.6143E+01  1.3580E+01  3.3795E+01  1.0000E+00
 4.8443E+04  1.3606E+01  1.6048E+01  1.3608E+01  3.3607E+01  1.0000E+00
 4.8814E+04  1.3634E+01  1.5953E+01  1.3636E+01  3.3421E+01  1.0000E+00
 4.9188E+04  1.3662E+01  1.5859E+01  1.3664E+01  3.3236E+01  1.0000E+00
 4.9565E+04  1.3691E+01  1.5766E+01  1.3693E+01  3.3052E+01  1.0000E+00
 4.9945E+04  1.3719E+01  1.5674E+01  1.3721E+01  3.2870E+01  1.0000E+00
 5.0327E+04  1.3748E+01  1.5582E+01  1.3750E+01  3.2688E+01  1.0000E+00
 5.0713E+04  1.3777E+01  1.5490E+01  1.3779E+01  3.2509E+01  1.0000E+00
 5.1101E+04  1.3807E+01  1.5400E+01  1.3808E+01  3.2330E+01  1.0000E+00
 5.1492E+04  1.3836E+01  1.5309E+01  1.3838E+01  3.2152E+01  1.0000E+00
 5.1887E+04  1.3865E+01  1.5220E+01  1.3867E+01  3.1976E+01  1.0000E+00
 5.2284E+04  1.3895E+01  1.5131E+01  1.3897E+01  3.1801E+01  1.0000E+00
 5.2684E+04  1.3925E+01  1.5043E+01  1.3927E+01  3.1628E+01  1.0000E+00
 5.3088E+04  1.3955E+01  1.4955E+01  1.3957E+01  3.1455E+01  1.0000E+00
 5.3494E+04  1.3986E+01  1.4868E+01  1.3987E+01  3.1284E+01  1.0000E+00
 5.3904E+04  1.4016E+01  1.4782E+01  1.4018E+01  3.1114E+01  1.0000E+00
 5.4317E+04  1.4047E+01  1.4696E+01  1.4048E+01  3.0946E+01  1.0000E+00
 5.4733E+04  1.4078E+01  1.4611E+01  1.4079E+01  3.0778E+01  1.0000E+00
 5.5152E+04  1.4109E+01  1.4526E+01  1.4110E+01  3.0612E+01  1.0000E+00
 5.5574E+04  1.4140E+01  1.4442E+01  1.4142E+01  3.0446E+01  1.0000E+00
 5.6000E+04  1.4172E+01  1.4359E+01  1.4173E+01  3.0282E+01  1.0000E+00
 5.6429E+04  1.4203E+01  1.4276E+01  1.4205E+01  3.0119E+01  1.0000E+00
 5.6861E+04  1.4235E+01  1.4193E+01  1.4237E+01  2.9958E+01  1.0000E+00
 5.7297E+04  1.4267E+01  1.4111E+01  1.4269E+01  2.9797E+01  1.0000E+00
 5.7735E+04  1.4300E+01  1.4030E+01  1.4301E+01  2.9638E+01  1.0000E+00
 5.8177E+04  1.4332E+01  1.3950E+01  1.4334E+01  2.9480E+01  1.0000E+00
 5.8623E+04  1.4365E+01  1.3870E+01  1.4367E+01  2.9322E+01  1.0000E+00
 5.9072E+04  1.4398E+01  1.3790E+01  1.4400E+01  2.9166E+01  1.0000E+00
 5.9524E+04  1.4431E+01  1.3711E+01  1.4433E+01  2.9012E+01  1.0000E+00
 5.9980E+04  1.4465E+01  1.3633E+01  1.4466E+01  2.8858E+01  1.0000E+00
 6.0440E+04  1.4498E+01  1.3555E+01  1.4500E+01  2.8705E+01  1.0000E+00
 6.0902E+04  1.4532E+01  1.3477E+01  1.4534E+01  2.8553E+01  1.0000E+00
 6.1369E+04  1.4566E+01  1.3400E+01  1.4568E+01  2.8403E+01  1.0000E+00
 6.1839E+04  1.4601E+01  1.3324E+01  1.4602E+01  2.8254E+01  1.0000E+00
 6.2312E+04  1.4635E+01  1.3248E+01  1.4637E+01  2.8105E+01  1.0000E+00
 6.2790E+04  1.4670E+01  1.3173E+01  1.4671E+01  2.7958E+01  1.0000E+00
 6.3270E+04  1.4705E+01  1.3098E+01  1.4706E+01  2.7812E+01  1.0000E+00
 6.3755E+04  1.4740E+01  1.3024E+01  1.4742E+01  2.7667E+01  1.0000E+00
 6.4243E+04  1.4776E+01  1.2951E+01  1.4777E+01  2.7523E+01  1.0000E+00
 6.4735E+04  1.4812E+01  1.2877E+01  1.4813E+01  2.7379E+01  1.0000E+00
 6.5231E+04  1.4848E+01  1.2805E+01  1.4849E+01  2.7237E+01  1.0000E+00
 6.5731E+04  1.4884E+01  1.2733E+01  1.4885E+01  2.7096E+01  1.0000E+00
 6.6234E+04  1.4920E+01  1.2661E+01  1.4922E+01  2.6957E+01  1.0000E+00
 6.6741E+04  1.4957E+01  1.2590E+01  1.4958E+01  2.6818E+01  1.0000E+00
 6.7252E+04  1.4994E+01  1.2519E+01  1.4995E+01  2.6680E+01  1.0000E+00
 6.7767E+04  1.5031E+01  1.2449E+01  1.5033E+01  2.6543E+01  1.0000E+00
 6.8286E+04  1.5069E+01  1.2379E+01  1.5070E+01  2.6407E+01  1.0000E+00
 6.8809E+04  1.5107E+01  1.2310E+01  1.5108E+01  2.6272E+01  1.0000E+00
 6.9336E+04  1.5145E+01  1.2242E+01  1.5146E+01  2.6138E+01  1.0000E+00
 6.9867E+04  1.5183E+01  1.2173E+01  1.5184E+01  2.6005E+01  1.0000E+00
 7.0402E+04  1.5222E+01  1.2106E+01  1.5223E+01  2.5873E+01  1.0000E+00
 7.0942E+04  1.5261E+01  1.2038E+01  1.5262E+01  2.5742E+01  1.0000E+00
 7.1485E+04  1.5300E+01  1.1972E+01  1.5301E+01  2.5612E+01  1.0000E+00
 7.2032E+04  1.5339E+01  1.1905E+01  1.5340E+01  2.5483E+01  1.0000E+00
 7.2584E+04  1.5379E+01  1.1839E+01  1.5380E+01  2.5354E+01  1.0000E+00
 7.3140E+04  1.5419E+01  1.1774E+01  1.5420E+01  2.5227E+01  1.0000E+00
 7.3700E+04  1.5459E+01  1.1709E+01  1.5460E+01  2.5101E+01  1.0000E+00
 7.4264E+04  1.5500E+01  1.1644E+01  1.5501E+01  2.4976E+01  1.0000E+00
 7.4833E+04  1.5541E+01  1.1580E+01  1.5542E+01  2.4851E+01  1.0000E+00
 7.5406E+04  1.5582E+01  1.1517E+01  1.5583E+01  2.4728E+01  1.0000E+00
 7.5984E+04  1.5623E+01  1.1454E+01  1.5624E+01  2.4605E+01  1.0000E+00
 7.6566E+04  1.5665E+01  1.1391E+01  1.5666E+01  2.4483E+01  1.0000E+00
 7.7152E+04  1.5707E+01  1.1329E+01  1.5708E+01  2.4362E+01  1.0000E+00
 7.7743E+04  1.5749E+01  1.1267E+01  1.5751E+01  2.4243E+01  1.0000E+00
 7.8338E+04  1.5792E+01  1.1206E+01  1.5793E+01  2.4124E+01  1.0000E+00
 7.8938E+04  1.5835E+01  1.1145E+01  1.5836E+01  2.4005E+01  1.0000E+00
 7.9543E+04  1.5878E+01  1.1084E+01  1.5880E+01  2.3888E+01  1.0000E+00
 8.0152E+04  1.5922E+01  1.1024E+01  1.5923E+01  2.3772E+01  1.0000E+00
 8.0766E+04  1.5966E+01  1.0964E+01  1.5967E+01  2.3656E+01  1.0000E+00
 8.1384E+04  1.6010E+01  1.0905E+01  1.6012E+01  2.3542E+01  1.0000E+00
 8.2008E+04  1.6055E+01  1.0846E+01  1.6056E+01  2.3428E+01  1.0000E+00
 8.2636E+04  1.6100E+01  1.0788E+01  1.6101E+01  2.3315E+01  1.0000E+00
 8.3268E+04  1.6145E+01  1.0730E+01  1.6146E+01  2.3203E+01  1.0000E+00
 8.3906E+04  1.6191E+01  1.0672E+01  1.6192E+01  2.3092E+01  1.0000E+00
 8.4549E+04  1.6237E+01  1.0615E+01  1.6238E+01  2.2981E+01  1.0000E+00
 8.5196E+04  1.6283E+01  1.0558E+01  1.6284E+01  2.2872E+01  1.0000E+00
 8.5849E+04  1.6330E+01  1.0502E+01  1.6331E+01  2.2763E+01  1.0000E+00
 8.6506E+04  1.6377E+01  1.0446E+01  1.6378E+01  2.2655E+01  1.0000E+00
 8.7169E+04  1.6424E+01  1.0390E+01  1.6426E+01  2.2548E+01  1.0000E+00
 8.7836E+04  1.6472E+01  1.0335E+01  1.6473E+01  2.2442E+01  1.0000E+00
 8.8509E+04  1.6520E+01  1.0280E+01  1.6522E+01  2.2337E+01  1.0000E+00
 8.9187E+04  1.6569E+01  1.0226E+01  1.6570E+01  2.2232E+01  1.0000E+00
 8.9870E+04  1.6618E+01  1.0172E+01  1.6619E+01  2.2128E+01  1.0000E+00
 9.0558E+04  1.6667E+01  1.0118E+01  1.6668E+01  2.2025E+01  1.0000E+00
 9.1252E+04  1.6717E+01  1.0065E+01  1.6718E+01  2.1923E+01  1.0000E+00
 9.1950E+04  1.6767E+01  1.0012E+01  1.6768E+01  2.1821E+01  1.0000E+00
 9.2655E+04  1.6817E+01  9.9596E+00  1.6818E+01  2.1721E+01  1.0000E+00
 9.3364E+04  1.6868E+01  9.9075E+00  1.6869E+01  2.1621E+01  1.0000E+00
 9.4079E+04  1.6919E+01  9.8557E+00  1.6920E+01  2.1522E+01  1.0000E+00
 9.4800E+04  1.6971E+01  9.8043E+00  1.6972E+01  2.1423E+01  1.0000E+00
 9.5526E+04  1.7023E+01  9.7533E+00  1.7024E+01  2.1326E+01  1.0000E+00
 9.6257E+04  1.7075E+01  9.7027E+00  1.7077E+01  2.1229E+01  1.0000E+00
 9.6994E+04  1.7128E+01  9.6524E+00  1.7129E+01  2.1133E+01  1.0000E+00
 9.7737E+04  1.7182E+01  9.6024E+00  1.7183E+01  2.1037E+01  1.0000E+00
 9.8486E+04  1.7235E+01  9.5529E+00  1.7236E+01  2.0943E+01  1.0000E+00
 9.9240E+04  1.7289E+01  9.5037E+00  1.7291E+01  2.0849E+01  1.0000E+00
 1.0000E+05  1.7344E+01  9.4548E+00  1.7345E+01  2.0756E+01  1.0000E+00


