#     0	 1	   22	 3	 1.2336E+02	 1000	1
 4.8978E+01  0.0000E+00  0.0000E+00  0.0000E+00  0.0000E+00  0.0000E+00
 4.9353E+01  0.0000E+00  0.0000E+00  0.0000E+00  0.0000E+00  0.0000E+00
 4.9731E+01  0.0000E+00  0.0000E+00  0.0000E+00  0.0000E+00  0.0000E+00
 5.0112E+01  0.0000E+00  0.0000E+00  0.0000E+00  0.0000E+00  0.0000E+00
 5.0496E+01  0.0000E+00  0.0000E+00  0.0000E+00  0.0000E+00  0.0000E+00
 5.0882E+01  0.0000E+00  0.0000E+00  0.0000E+00  0.0000E+00  0.0000E+00
 5.1272E+01  0.0000E+00  0.0000E+00  0.0000E+00  0.0000E+00  0.0000E+00
 5.1665E+01  0.0000E+00  0.0000E+00  0.0000E+00  0.0000E+00  0.0000E+00
 5.2060E+01  0.0000E+00  0.0000E+00  0.0000E+00  0.0000E+00  0.0000E+00
 5.2459E+01  0.0000E+00  0.0000E+00  0.0000E+00  0.0000E+00  0.0000E+00
 5.2861E+01  0.0000E+00  0.0000E+00  0.0000E+00  0.0000E+00  0.0000E+00
 5.3266E+01  0.0000E+00  0.0000E+00  0.0000E+00  0.0000E+00  0.0000E+00
 5.3673E+01  0.0000E+00  0.0000E+00  0.0000E+00  0.0000E+00  0.0000E+00
 5.4085E+01  0.0000E+00  0.0000E+00  0.0000E+00  0.0000E+00  0.0000E+00
 5.4499E+01  0.0000E+00  0.0000E+00  0.0000E+00  0.0000E+00  0.0000E+00
 5.4916E+01  0.0000E+00  0.0000E+00  0.0000E+00  0.0000E+00  0.0000E+00
 5.5337E+01  0.0000E+00  0.0000E+00  0.0000E+00  0.0000E+00  0.0000E+00
 5.5760E+01  0.0000E+00  0.0000E+00  0.0000E+00  0.0000E+00  0.0000E+00
 5.6187E+01  0.0000E+00  0.0000E+00  0.0000E+00  0.0000E+00  0.0000E+00
 5.6618E+01  0.0000E+00  0.0000E+00  0.0000E+00  0.0000E+00  0.0000E+00
 5.7051E+01  0.0000E+00  0.0000E+00  0.0000E+00  0.0000E+00  0.0000E+00
 5.7488E+01  0.0000E+00  0.0000E+00  0.0000E+00  0.0000E+00  0.0000E+00
 5.7929E+01  0.0000E+00  0.0000E+00  0.0000E+00  0.0000E+00  0.0000E+00
 5.8372E+01  0.0000E+00  0.0000E+00  0.0000E+00  0.0000E+00  0.0000E+00
 5.8819E+01  0.0000E+00  0.0000E+00  0.0000E+00  0.0000E+00  0.0000E+00
 5.9270E+01  0.0000E+00  0.0000E+00  0.0000E+00  0.0000E+00  0.0000E+00
 5.9724E+01  0.0000E+00  0.0000E+00  0.0000E+00  0.0000E+00  0.0000E+00
 6.0181E+01  0.0000E+00  0.0000E+00  0.0000E+00  0.0000E+00  0.0000E+00
 6.0642E+01  0.0000E+00  0.0000E+00  0.0000E+00  0.0000E+00  0.0000E+00
 6.1106E+01  0.0000E+00  0.0000E+00  0.0000E+00  0.0000E+00  0.0000E+00
 6.1574E+01  0.0000E+00  0.0000E+00  0.0000E+00  0.0000E+00  0.0000E+00
 6.2046E+01  0.0000E+00  0.0000E+00  0.0000E+00  0.0000E+00  0.0000E+00
 6.2521E+01  0.0000E+00  0.0000E+00  0.0000E+00  0.0000E+00  0.0000E+00
 6.3000E+01  0.0000E+00  0.0000E+00  0.0000E+00  0.0000E+00  0.0000E+00
 6.3482E+01  0.0000E+00  0.0000E+00  0.0000E+00  0.0000E+00  0.0000E+00
 6.3968E+01  0.0000E+00  0.0000E+00  0.0000E+00  0.0000E+00  0.0000E+00
 6.4458E+01  0.0000E+00  0.0000E+00  0.0000E+00  0.0000E+00  0.0000E+00
 6.4952E+01  0.0000E+00  0.0000E+00  0.0000E+00  0.0000E+00  0.0000E+00
 6.5449E+01  0.0000E+00  0.0000E+00  0.0000E+00  0.0000E+00  0.0000E+00
 6.5951E+01  0.0000E+00  0.0000E+00  0.0000E+00  0.0000E+00  0.0000E+00
 6.6456E+01  0.0000E+00  0.0000E+00  0.0000E+00  0.0000E+00  0.0000E+00
 6.6965E+01  0.0000E+00  0.0000E+00  0.0000E+00  0.0000E+00  0.0000E+00
 6.7478E+01  0.0000E+00  0.0000E+00  0.0000E+00  0.0000E+00  0.0000E+00
 6.7994E+01  0.0000E+00  0.0000E+00  0.0000E+00  0.0000E+00  0.0000E+00
 6.8515E+01  0.0000E+00  0.0000E+00  0.0000E+00  0.0000E+00  0.0000E+00
 6.9040E+01  0.0000E+00  0.0000E+00  0.0000E+00  0.0000E+00  0.0000E+00
 6.9568E+01  0.0000E+00  0.0000E+00  0.0000E+00  0.0000E+00  0.0000E+00
 7.0101E+01  0.0000E+00  0.0000E+00  0.0000E+00  0.0000E+00  0.0000E+00
 7.0638E+01  0.0000E+00  0.0000E+00  0.0000E+00  0.0000E+00  0.0000E+00
 7.1179E+01  0.0000E+00  0.0000E+00  0.0000E+00  0.0000E+00  0.0000E+00
 7.1724E+01  0.0000E+00  0.0000E+00  0.0000E+00  0.0000E+00  0.0000E+00
 7.2273E+01  0.0000E+00  0.0000E+00  0.0000E+00  0.0000E+00  0.0000E+00
 7.2827E+01  0.0000E+00  0.0000E+00  0.0000E+00  0.0000E+00  0.0000E+00
 7.3385E+01  0.0000E+00  0.0000E+00  0.0000E+00  0.0000E+00  0.0000E+00
 7.3947E+01  0.0000E+00  0.0000E+00  0.0000E+00  0.0000E+00  0.0000E+00
 7.4513E+01  0.0000E+00  0.0000E+00  0.0000E+00  0.0000E+00  0.0000E+00
 7.5084E+01  0.0000E+00  0.0000E+00  0.0000E+00  0.0000E+00  0.0000E+00
 7.5659E+01  0.0000E+00  0.0000E+00  0.0000E+00  0.0000E+00  0.0000E+00
 7.6238E+01  0.0000E+00  0.0000E+00  0.0000E+00  0.0000E+00  0.0000E+00
 7.6822E+01  0.0000E+00  0.0000E+00  0.0000E+00  0.0000E+00  0.0000E+00
 7.7410E+01  0.0000E+00  0.0000E+00  0.0000E+00  0.0000E+00  0.0000E+00
 7.8003E+01  0.0000E+00  0.0000E+00  0.0000E+00  0.0000E+00  0.0000E+00
 7.8601E+01  0.0000E+00  0.0000E+00  0.0000E+00  0.0000E+00  0.0000E+00
 7.9202E+01  0.0000E+00  0.0000E+00  0.0000E+00  0.0000E+00  0.0000E+00
 7.9809E+01  0.0000E+00  0.0000E+00  0.0000E+00  0.0000E+00  0.0000E+00
 8.0420E+01  0.0000E+00  0.0000E+00  0.0000E+00  0.0000E+00  0.0000E+00
 8.1036E+01  0.0000E+00  0.0000E+00  0.0000E+00  0.0000E+00  0.0000E+00
 8.1657E+01  0.0000E+00  0.0000E+00  0.0000E+00  0.0000E+00  0.0000E+00
 8.2282E+01  0.0000E+00  0.0000E+00  0.0000E+00  0.0000E+00  0.0000E+00
 8.2912E+01  0.0000E+00  0.0000E+00  0.0000E+00  0.0000E+00  0.0000E+00
 8.3547E+01  0.0000E+00  0.0000E+00  0.0000E+00  0.0000E+00  0.0000E+00
 8.4187E+01  0.0000E+00  0.0000E+00  0.0000E+00  0.0000E+00  0.0000E+00
 8.4832E+01  0.0000E+00  0.0000E+00  0.0000E+00  0.0000E+00  0.0000E+00
 8.5481E+01  0.0000E+00  0.0000E+00  0.0000E+00  0.0000E+00  0.0000E+00
 8.6136E+01  0.0000E+00  0.0000E+00  0.0000E+00  0.0000E+00  0.0000E+00
 8.6796E+01  0.0000E+00  0.0000E+00  0.0000E+00  0.0000E+00  0.0000E+00
 8.7460E+01  0.0000E+00  0.0000E+00  0.0000E+00  0.0000E+00  0.0000E+00
 8.8130E+01  0.0000E+00  0.0000E+00  0.0000E+00  0.0000E+00  0.0000E+00
 8.8805E+01  0.0000E+00  0.0000E+00  0.0000E+00  0.0000E+00  0.0000E+00
 8.9485E+01  0.0000E+00  0.0000E+00  0.0000E+00  0.0000E+00  0.0000E+00
 9.0171E+01  0.0000E+00  0.0000E+00  0.0000E+00  0.0000E+00  0.0000E+00
 9.0861E+01  0.0000E+00  0.0000E+00  0.0000E+00  0.0000E+00  0.0000E+00
 9.1557E+01  0.0000E+00  0.0000E+00  0.0000E+00  0.0000E+00  0.0000E+00
 9.2258E+01  0.0000E+00  0.0000E+00  0.0000E+00  0.0000E+00  0.0000E+00
 9.2965E+01  0.0000E+00  0.0000E+00  0.0000E+00  0.0000E+00  0.0000E+00
 9.3677E+01  0.0000E+00  0.0000E+00  0.0000E+00  0.0000E+00  0.0000E+00
 9.4394E+01  0.0000E+00  0.0000E+00  0.0000E+00  0.0000E+00  0.0000E+00
 9.5117E+01  0.0000E+00  0.0000E+00  0.0000E+00  0.0000E+00  0.0000E+00
 9.5845E+01  0.0000E+00  0.0000E+00  0.0000E+00  0.0000E+00  0.0000E+00
 9.6579E+01  0.0000E+00  0.0000E+00  0.0000E+00  0.0000E+00  0.0000E+00
 9.7319E+01  0.0000E+00  0.0000E+00  0.0000E+00  0.0000E+00  0.0000E+00
 9.8064E+01  0.0000E+00  0.0000E+00  0.0000E+00  0.0000E+00  0.0000E+00
 9.8815E+01  0.0000E+00  0.0000E+00  0.0000E+00  0.0000E+00  0.0000E+00
 9.9572E+01  0.0000E+00  0.0000E+00  0.0000E+00  0.0000E+00  0.0000E+00
 1.0033E+02  0.0000E+00  0.0000E+00  0.0000E+00  0.0000E+00  0.0000E+00
 1.0110E+02  0.0000E+00  0.0000E+00  0.0000E+00  0.0000E+00  0.0000E+00
 1.0188E+02  0.0000E+00  0.0000E+00  0.0000E+00  0.0000E+00  0.0000E+00
 1.0266E+02  0.0000E+00  0.0000E+00  0.0000E+00  0.0000E+00  0.0000E+00
 1.0344E+02  0.0000E+00  0.0000E+00  0.0000E+00  0.0000E+00  0.0000E+00
 1.0424E+02  0.0000E+00  0.0000E+00  0.0000E+00  0.0000E+00  0.0000E+00
 1.0503E+02  0.0000E+00  0.0000E+00  0.0000E+00  0.0000E+00  0.0000E+00
 1.0584E+02  0.0000E+00  0.0000E+00  0.0000E+00  0.0000E+00  0.0000E+00
 1.0665E+02  0.0000E+00  0.0000E+00  0.0000E+00  0.0000E+00  0.0000E+00
 1.0747E+02  0.0000E+00  0.0000E+00  0.0000E+00  0.0000E+00  0.0000E+00
 1.0829E+02  0.0000E+00  0.0000E+00  0.0000E+00  0.0000E+00  0.0000E+00
 1.0912E+02  0.0000E+00  0.0000E+00  0.0000E+00  0.0000E+00  0.0000E+00
 1.0995E+02  0.0000E+00  0.0000E+00  0.0000E+00  0.0000E+00  0.0000E+00
 1.1080E+02  0.0000E+00  0.0000E+00  0.0000E+00  0.0000E+00  0.0000E+00
 1.1164E+02  0.0000E+00  0.0000E+00  0.0000E+00  0.0000E+00  0.0000E+00
 1.1250E+02  0.0000E+00  0.0000E+00  0.0000E+00  0.0000E+00  0.0000E+00
 1.1336E+02  0.0000E+00  0.0000E+00  0.0000E+00  0.0000E+00  0.0000E+00
 1.1423E+02  0.0000E+00  0.0000E+00  0.0000E+00  0.0000E+00  0.0000E+00
 1.1510E+02  0.0000E+00  0.0000E+00  0.0000E+00  0.0000E+00  0.0000E+00
 1.1599E+02  0.0000E+00  0.0000E+00  0.0000E+00  0.0000E+00  0.0000E+00
 1.1687E+02  0.0000E+00  0.0000E+00  0.0000E+00  0.0000E+00  0.0000E+00
 1.1777E+02  0.0000E+00  0.0000E+00  0.0000E+00  0.0000E+00  0.0000E+00
 1.1867E+02  0.0000E+00  0.0000E+00  0.0000E+00  0.0000E+00  0.0000E+00
 1.1958E+02  0.0000E+00  0.0000E+00  0.0000E+00  0.0000E+00  0.0000E+00
 1.2050E+02  0.0000E+00  0.0000E+00  0.0000E+00  0.0000E+00  0.0000E+00
 1.2142E+02  0.0000E+00  0.0000E+00  0.0000E+00  0.0000E+00  0.0000E+00
 1.2235E+02  0.0000E+00  0.0000E+00  0.0000E+00  0.0000E+00  0.0000E+00
 1.2329E+02  0.0000E+00  0.0000E+00  0.0000E+00  0.0000E+00  0.0000E+00
 1.2423E+02  2.8890E-03  1.3916E+00 -1.2678E-02 -1.2215E+01  1.0000E+00
 1.2518E+02  2.8801E-03  1.3768E+00 -1.2609E-02 -1.2056E+01  1.0000E+00
 1.2614E+02  2.8712E-03  1.3621E+00 -1.2540E-02 -1.1898E+01  1.0000E+00
 1.2711E+02  2.8624E-03  1.3476E+00 -1.2470E-02 -1.1743E+01  1.0000E+00
 1.2808E+02  2.8536E-03  1.3332E+00 -1.2401E-02 -1.1589E+01  1.0000E+00
 1.2906E+02  2.8450E-03  1.3191E+00 -1.2332E-02 -1.1437E+01  1.0000E+00
 1.3005E+02  2.8369E-03  1.3053E+00 -1.2263E-02 -1.1286E+01  1.0000E+00
 1.3104E+02  2.8293E-03  1.2920E+00 -1.2194E-02 -1.1137E+01  1.0000E+00
 1.3205E+02  2.8222E-03  1.2789E+00 -1.2125E-02 -1.0990E+01  1.0000E+00
 1.3306E+02  2.8155E-03  1.2662E+00 -1.2055E-02 -1.0844E+01  1.0000E+00
 1.3408E+02  2.8093E-03  1.2538E+00 -1.1986E-02 -1.0700E+01  1.0000E+00
 1.3510E+02  2.8036E-03  1.2417E+00 -1.1917E-02 -1.0557E+01  1.0000E+00
 1.3614E+02  2.7983E-03  1.2300E+00 -1.1848E-02 -1.0416E+01  1.0000E+00
 1.3718E+02  2.7935E-03  1.2185E+00 -1.1779E-02 -1.0277E+01  1.0000E+00
 1.3823E+02  2.7890E-03  1.2073E+00 -1.1710E-02 -1.0139E+01  1.0000E+00
 1.3929E+02  2.7850E-03  1.1964E+00 -1.1640E-02 -1.0002E+01  1.0000E+00
 1.4036E+02  2.7815E-03  1.1858E+00 -1.1571E-02 -9.8674E+00  1.0000E+00
 1.4143E+02  2.7783E-03  1.1755E+00 -1.1502E-02 -9.7339E+00  1.0000E+00
 1.4252E+02  2.7755E-03  1.1654E+00 -1.1433E-02 -9.6019E+00  1.0000E+00
 1.4361E+02  2.7731E-03  1.1555E+00 -1.1364E-02 -9.4712E+00  1.0000E+00
 1.4471E+02  2.7711E-03  1.1459E+00 -1.1295E-02 -9.3421E+00  1.0000E+00
 1.4582E+02  2.7695E-03  1.1365E+00 -1.1226E-02 -9.2143E+00  1.0000E+00
 1.4693E+02  2.7683E-03  1.1274E+00 -1.1156E-02 -9.0879E+00  1.0000E+00
 1.4806E+02  2.7674E-03  1.1185E+00 -1.1087E-02 -8.9629E+00  1.0000E+00
 1.4919E+02  2.7669E-03  1.1098E+00 -1.1018E-02 -8.8393E+00  1.0000E+00
 1.5033E+02  2.7668E-03  1.1013E+00 -1.0949E-02 -8.7171E+00  1.0000E+00
 1.5149E+02  2.7670E-03  1.0930E+00 -1.0880E-02 -8.5962E+00  1.0000E+00
 1.5265E+02  2.7675E-03  1.0849E+00 -1.0811E-02 -8.4766E+00  1.0000E+00
 1.5381E+02  2.7684E-03  1.0770E+00 -1.0741E-02 -8.3584E+00  1.0000E+00
 1.5499E+02  2.7697E-03  1.0693E+00 -1.0672E-02 -8.2415E+00  1.0000E+00
 1.5618E+02  2.7713E-03  1.0618E+00 -1.0603E-02 -8.1258E+00  1.0000E+00
 1.5738E+02  2.7732E-03  1.0544E+00 -1.0534E-02 -8.0115E+00  1.0000E+00
 1.5858E+02  2.7754E-03  1.0473E+00 -1.0465E-02 -7.8984E+00  1.0000E+00
 1.5980E+02  2.7780E-03  1.0403E+00 -1.0396E-02 -7.7866E+00  1.0000E+00
 1.6102E+02  2.7809E-03  1.0334E+00 -1.0326E-02 -7.6760E+00  1.0000E+00
 1.6225E+02  2.7841E-03  1.0268E+00 -1.0257E-02 -7.5666E+00  1.0000E+00
 1.6349E+02  2.7876E-03  1.0202E+00 -1.0188E-02 -7.4585E+00  1.0000E+00
 1.6475E+02  2.7914E-03  1.0139E+00 -1.0119E-02 -7.3515E+00  1.0000E+00
 1.6601E+02  2.7956E-03  1.0077E+00 -1.0050E-02 -7.2458E+00  1.0000E+00
 1.6728E+02  2.8000E-03  1.0016E+00 -9.9806E-03 -7.1413E+00  1.0000E+00
 1.6856E+02  2.8048E-03  9.9566E-01 -9.9114E-03 -7.0379E+00  1.0000E+00
 1.6985E+02  2.8098E-03  9.8987E-01 -9.8423E-03 -6.9356E+00  1.0000E+00
 1.7115E+02  2.8152E-03  9.8422E-01 -9.7731E-03 -6.8346E+00  1.0000E+00
 1.7246E+02  2.8208E-03  9.7869E-01 -9.7040E-03 -6.7346E+00  1.0000E+00
 1.7378E+02  2.8267E-03  9.7330E-01 -9.6348E-03 -6.6358E+00  1.0000E+00
 1.7511E+02  2.8330E-03  9.6802E-01 -9.5656E-03 -6.5381E+00  1.0000E+00
 1.7646E+02  2.8395E-03  9.6287E-01 -9.4965E-03 -6.4415E+00  1.0000E+00
 1.7781E+02  2.8463E-03  9.5784E-01 -9.4273E-03 -6.3460E+00  1.0000E+00
 1.7917E+02  2.8533E-03  9.5292E-01 -9.3581E-03 -6.2516E+00  1.0000E+00
 1.8054E+02  2.8607E-03  9.4812E-01 -9.2890E-03 -6.1582E+00  1.0000E+00
 1.8192E+02  2.8683E-03  9.4342E-01 -9.2198E-03 -6.0659E+00  1.0000E+00
 1.8332E+02  2.8762E-03  9.3883E-01 -9.1507E-03 -5.9746E+00  1.0000E+00
 1.8472E+02  2.8844E-03  9.3435E-01 -9.0815E-03 -5.8844E+00  1.0000E+00
 1.8614E+02  2.8929E-03  9.2997E-01 -9.0123E-03 -5.7952E+00  1.0000E+00
 1.8756E+02  2.9016E-03  9.2569E-01 -8.9432E-03 -5.7070E+00  1.0000E+00
 1.8900E+02  2.9106E-03  9.2150E-01 -8.8740E-03 -5.6199E+00  1.0000E+00
 1.9045E+02  2.9199E-03  9.1741E-01 -8.8048E-03 -5.5337E+00  1.0000E+00
 1.9190E+02  2.9295E-03  9.1341E-01 -8.7357E-03 -5.4485E+00  1.0000E+00
 1.9337E+02  2.9393E-03  9.0951E-01 -8.6665E-03 -5.3643E+00  1.0000E+00
 1.9485E+02  2.9493E-03  9.0568E-01 -8.5974E-03 -5.2810E+00  1.0000E+00
 1.9635E+02  2.9597E-03  9.0194E-01 -8.5282E-03 -5.1987E+00  1.0000E+00
 1.9785E+02  2.9702E-03  8.9828E-01 -8.4590E-03 -5.1174E+00  1.0000E+00
 1.9937E+02  2.9810E-03  8.9470E-01 -8.3899E-03 -5.0370E+00  1.0000E+00
 2.0089E+02  2.9921E-03  8.9120E-01 -8.3207E-03 -4.9575E+00  1.0000E+00
 2.0243E+02  3.0035E-03  8.8777E-01 -8.2515E-03 -4.8789E+00  1.0000E+00
 2.0398E+02  3.0150E-03  8.8442E-01 -8.1824E-03 -4.8012E+00  1.0000E+00
 2.0554E+02  3.0269E-03  8.8115E-01 -8.1132E-03 -4.7245E+00  1.0000E+00
 2.0712E+02  3.0390E-03  8.7795E-01 -8.0441E-03 -4.6486E+00  1.0000E+00
 2.0870E+02  3.0514E-03  8.7482E-01 -7.9749E-03 -4.5736E+00  1.0000E+00
 2.1030E+02  3.0640E-03  8.7176E-01 -7.9057E-03 -4.4995E+00  1.0000E+00
 2.1191E+02  3.0769E-03  8.6877E-01 -7.8366E-03 -4.4262E+00  1.0000E+00
 2.1354E+02  3.0900E-03  8.6585E-01 -7.7674E-03 -4.3538E+00  1.0000E+00
 2.1517E+02  3.1034E-03  8.6299E-01 -7.6982E-03 -4.2822E+00  1.0000E+00
 2.1682E+02  3.1171E-03  8.6021E-01 -7.6291E-03 -4.2115E+00  1.0000E+00
 2.1848E+02  3.1310E-03  8.5749E-01 -7.5599E-03 -4.1416E+00  1.0000E+00
 2.2015E+02  3.1452E-03  8.5483E-01 -7.4907E-03 -4.0725E+00  1.0000E+00
 2.2184E+02  3.1597E-03  8.5224E-01 -7.4216E-03 -4.0043E+00  1.0000E+00
 2.2354E+02  3.1745E-03  8.4970E-01 -7.3524E-03 -3.9368E+00  1.0000E+00
 2.2525E+02  3.1895E-03  8.4723E-01 -7.2832E-03 -3.8701E+00  1.0000E+00
 2.2697E+02  3.2048E-03  8.4482E-01 -7.2141E-03 -3.8042E+00  1.0000E+00
 2.2871E+02  3.2203E-03  8.4247E-01 -7.1449E-03 -3.7391E+00  1.0000E+00
 2.3046E+02  3.2362E-03  8.4018E-01 -7.0757E-03 -3.6748E+00  1.0000E+00
 2.3223E+02  3.2523E-03  8.3795E-01 -7.0066E-03 -3.6112E+00  1.0000E+00
 2.3401E+02  3.2687E-03  8.3577E-01 -6.9374E-03 -3.5484E+00  1.0000E+00
 2.3580E+02  3.2854E-03  8.3365E-01 -6.8682E-03 -3.4863E+00  1.0000E+00
 2.3761E+02  3.3023E-03  8.3159E-01 -6.7991E-03 -3.4250E+00  1.0000E+00
 2.3942E+02  3.3196E-03  8.2958E-01 -6.7299E-03 -3.3644E+00  1.0000E+00
 2.4126E+02  3.3371E-03  8.2762E-01 -6.6607E-03 -3.3045E+00  1.0000E+00
 2.4311E+02  3.3550E-03  8.2572E-01 -6.5916E-03 -3.2453E+00  1.0000E+00
 2.4497E+02  3.3731E-03  8.2386E-01 -6.5224E-03 -3.1868E+00  1.0000E+00
 2.4684E+02  3.3915E-03  8.2206E-01 -6.4532E-03 -3.1291E+00  1.0000E+00
 2.4873E+02  3.4102E-03  8.2032E-01 -6.3841E-03 -3.0720E+00  1.0000E+00
 2.5064E+02  3.4292E-03  8.1862E-01 -6.3149E-03 -3.0156E+00  1.0000E+00
 2.5256E+02  3.4485E-03  8.1697E-01 -6.2457E-03 -2.9599E+00  1.0000E+00
 2.5449E+02  3.4681E-03  8.1537E-01 -6.1765E-03 -2.9049E+00  1.0000E+00
 2.5644E+02  3.4880E-03  8.1381E-01 -6.1074E-03 -2.8506E+00  1.0000E+00
 2.5841E+02  3.5082E-03  8.1231E-01 -6.0382E-03 -2.7968E+00  1.0000E+00
 2.6038E+02  3.5288E-03  8.1085E-01 -5.9690E-03 -2.7438E+00  1.0000E+00
 2.6238E+02  3.5496E-03  8.0944E-01 -5.8999E-03 -2.6914E+00  1.0000E+00
 2.6439E+02  3.5708E-03  8.0807E-01 -5.8307E-03 -2.6396E+00  1.0000E+00
 2.6641E+02  3.5922E-03  8.0675E-01 -5.7615E-03 -2.5885E+00  1.0000E+00
 2.6845E+02  3.6140E-03  8.0548E-01 -5.6923E-03 -2.5380E+00  1.0000E+00
 2.7051E+02  3.6361E-03  8.0424E-01 -5.6232E-03 -2.4881E+00  1.0000E+00
 2.7258E+02  3.6586E-03  8.0305E-01 -5.5540E-03 -2.4388E+00  1.0000E+00
 2.7467E+02  3.6814E-03  8.0191E-01 -5.4848E-03 -2.3901E+00  1.0000E+00
 2.7677E+02  3.7044E-03  8.0080E-01 -5.4157E-03 -2.3420E+00  1.0000E+00
 2.7889E+02  3.7279E-03  7.9974E-01 -5.3465E-03 -2.2945E+00  1.0000E+00
 2.8103E+02  3.7516E-03  7.9872E-01 -5.2773E-03 -2.2476E+00  1.0000E+00
 2.8318E+02  3.7757E-03  7.9774E-01 -5.2081E-03 -2.2013E+00  1.0000E+00
 2.8535E+02  3.8002E-03  7.9680E-01 -5.1390E-03 -2.1556E+00  1.0000E+00
 2.8753E+02  3.8250E-03  7.9591E-01 -5.0698E-03 -2.1104E+00  1.0000E+00
 2.8974E+02  3.8501E-03  7.9505E-01 -5.0006E-03 -2.0658E+00  1.0000E+00
 2.9195E+02  3.8756E-03  7.9423E-01 -4.9314E-03 -2.0217E+00  1.0000E+00
 2.9419E+02  3.9015E-03  7.9344E-01 -4.8622E-03 -1.9782E+00  1.0000E+00
 2.9644E+02  3.9277E-03  7.9270E-01 -4.7931E-03 -1.9352E+00  1.0000E+00
 2.9871E+02  3.9541E-03  7.9197E-01 -4.7239E-03 -1.8928E+00  1.0000E+00
 3.0100E+02  3.9808E-03  7.9125E-01 -4.6547E-03 -1.8509E+00  1.0000E+00
 3.0331E+02  4.0077E-03  7.9055E-01 -4.5855E-03 -1.8096E+00  1.0000E+00
 3.0563E+02  4.0349E-03  7.8985E-01 -4.5164E-03 -1.7687E+00  1.0000E+00
 3.0797E+02  4.0622E-03  7.8917E-01 -4.4472E-03 -1.7284E+00  1.0000E+00
 3.1033E+02  4.0899E-03  7.8850E-01 -4.3780E-03 -1.6886E+00  1.0000E+00
 3.1271E+02  4.1177E-03  7.8783E-01 -4.3088E-03 -1.6492E+00  1.0000E+00
 3.1510E+02  4.1458E-03  7.8718E-01 -4.2396E-03 -1.6104E+00  1.0000E+00
 3.1751E+02  4.1742E-03  7.8653E-01 -4.1705E-03 -1.5721E+00  1.0000E+00
 3.1994E+02  4.2027E-03  7.8589E-01 -4.1013E-03 -1.5343E+00  1.0000E+00
 3.2240E+02  4.2315E-03  7.8526E-01 -4.0321E-03 -1.4969E+00  1.0000E+00
 3.2486E+02  4.2605E-03  7.8464E-01 -3.9629E-03 -1.4601E+00  1.0000E+00
 3.2735E+02  4.2898E-03  7.8402E-01 -3.8937E-03 -1.4237E+00  1.0000E+00
 3.2986E+02  4.3193E-03  7.8340E-01 -3.8245E-03 -1.3878E+00  1.0000E+00
 3.3239E+02  4.3490E-03  7.8279E-01 -3.7554E-03 -1.3523E+00  1.0000E+00
 3.3493E+02  4.3789E-03  7.8219E-01 -3.6862E-03 -1.3173E+00  1.0000E+00
 3.3750E+02  4.4091E-03  7.8159E-01 -3.6170E-03 -1.2827E+00  1.0000E+00
 3.4008E+02  4.4394E-03  7.8099E-01 -3.5478E-03 -1.2486E+00  1.0000E+00
 3.4268E+02  4.4700E-03  7.8039E-01 -3.4786E-03 -1.2150E+00  1.0000E+00
 3.4531E+02  4.5009E-03  7.7980E-01 -3.4094E-03 -1.1818E+00  1.0000E+00
 3.4795E+02  4.5319E-03  7.7921E-01 -3.3402E-03 -1.1490E+00  1.0000E+00
 3.5062E+02  4.5631E-03  7.7861E-01 -3.2710E-03 -1.1166E+00  1.0000E+00
 3.5330E+02  4.5946E-03  7.7802E-01 -3.2018E-03 -1.0847E+00  1.0000E+00
 3.5601E+02  4.6263E-03  7.7743E-01 -3.1327E-03 -1.0532E+00  1.0000E+00
 3.5874E+02  4.6582E-03  7.7684E-01 -3.0635E-03 -1.0221E+00  1.0000E+00
 3.6148E+02  4.6903E-03  7.7624E-01 -2.9943E-03 -9.9144E-01  1.0000E+00
 3.6425E+02  4.7226E-03  7.7565E-01 -2.9251E-03 -9.6117E-01  1.0000E+00
 3.6704E+02  4.7551E-03  7.7505E-01 -2.8559E-03 -9.3130E-01  1.0000E+00
 3.6985E+02  4.7878E-03  7.7444E-01 -2.7867E-03 -9.0183E-01  1.0000E+00
 3.7268E+02  4.8207E-03  7.7384E-01 -2.7175E-03 -8.7275E-01  1.0000E+00
 3.7554E+02  4.8538E-03  7.7323E-01 -2.6483E-03 -8.4407E-01  1.0000E+00
 3.7841E+02  4.8871E-03  7.7261E-01 -2.5791E-03 -8.1577E-01  1.0000E+00
 3.8131E+02  4.9206E-03  7.7199E-01 -2.5099E-03 -7.8785E-01  1.0000E+00
 3.8423E+02  4.9542E-03  7.7137E-01 -2.4407E-03 -7.6030E-01  1.0000E+00
 3.8718E+02  4.9881E-03  7.7074E-01 -2.3715E-03 -7.3313E-01  1.0000E+00
 3.9014E+02  5.0222E-03  7.7010E-01 -2.3023E-03 -7.0633E-01  1.0000E+00
 3.9313E+02  5.0564E-03  7.6945E-01 -2.2331E-03 -6.7989E-01  1.0000E+00
 3.9614E+02  5.0908E-03  7.6880E-01 -2.1639E-03 -6.5382E-01  1.0000E+00
 3.9917E+02  5.1254E-03  7.6814E-01 -2.0947E-03 -6.2810E-01  1.0000E+00
 4.0223E+02  5.1602E-03  7.6747E-01 -2.0255E-03 -6.0273E-01  1.0000E+00
 4.0531E+02  5.1951E-03  7.6679E-01 -1.9563E-03 -5.7771E-01  1.0000E+00
 4.0841E+02  5.2302E-03  7.6610E-01 -1.8871E-03 -5.5304E-01  1.0000E+00
 4.1154E+02  5.2655E-03  7.6540E-01 -1.8179E-03 -5.2871E-01  1.0000E+00
 4.1469E+02  5.3009E-03  7.6469E-01 -1.7487E-03 -5.0472E-01  1.0000E+00
 4.1787E+02  5.3365E-03  7.6397E-01 -1.6795E-03 -4.8106E-01  1.0000E+00
 4.2107E+02  5.3722E-03  7.6324E-01 -1.6103E-03 -4.5773E-01  1.0000E+00
 4.2429E+02  5.4081E-03  7.6249E-01 -1.5411E-03 -4.3473E-01  1.0000E+00
 4.2754E+02  5.4441E-03  7.6174E-01 -1.4719E-03 -4.1205E-01  1.0000E+00
 4.3082E+02  5.4803E-03  7.6097E-01 -1.4026E-03 -3.8969E-01  1.0000E+00
 4.3412E+02  5.5166E-03  7.6018E-01 -1.3334E-03 -3.6765E-01  1.0000E+00
 4.3744E+02  5.5530E-03  7.5939E-01 -1.2642E-03 -3.4591E-01  1.0000E+00
 4.4079E+02  5.5895E-03  7.5857E-01 -1.1950E-03 -3.2449E-01  1.0000E+00
 4.4417E+02  5.6262E-03  7.5775E-01 -1.1258E-03 -3.0337E-01  1.0000E+00
 4.4757E+02  5.6630E-03  7.5691E-01 -1.0566E-03 -2.8256E-01  1.0000E+00
 4.5100E+02  5.7000E-03  7.5605E-01 -9.8736E-04 -2.6204E-01  1.0000E+00
 4.5445E+02  5.7370E-03  7.5517E-01 -9.1815E-04 -2.4182E-01  1.0000E+00
 4.5793E+02  5.7741E-03  7.5428E-01 -8.4893E-04 -2.2189E-01  1.0000E+00
 4.6144E+02  5.8114E-03  7.5338E-01 -7.7971E-04 -2.0225E-01  1.0000E+00
 4.6497E+02  5.8487E-03  7.5245E-01 -7.1049E-04 -1.8289E-01  1.0000E+00
 4.6853E+02  5.8862E-03  7.5151E-01 -6.4126E-04 -1.6382E-01  1.0000E+00
 4.7212E+02  5.9237E-03  7.5055E-01 -5.7204E-04 -1.4502E-01  1.0000E+00
 4.7574E+02  5.9613E-03  7.4958E-01 -5.0282E-04 -1.2650E-01  1.0000E+00
 4.7938E+02  5.9991E-03  7.4859E-01 -4.3359E-04 -1.0826E-01  1.0000E+00
 4.8305E+02  6.0369E-03  7.4758E-01 -3.6436E-04 -9.0283E-02  1.0000E+00
 4.8675E+02  6.0748E-03  7.4656E-01 -2.9513E-04 -7.2573E-02  1.0000E+00
 4.9048E+02  6.1128E-03  7.4552E-01 -2.2591E-04 -5.5128E-02  1.0000E+00
 4.9424E+02  6.1509E-03  7.4446E-01 -1.5667E-04 -3.7943E-02  1.0000E+00
 4.9802E+02  6.1891E-03  7.4339E-01 -8.7443E-05 -2.1016E-02  1.0000E+00
 5.0183E+02  6.2274E-03  7.4230E-01 -1.8209E-05 -4.3431E-03  1.0000E+00
 5.0568E+02  6.2658E-03  7.4119E-01  5.1025E-05  1.2077E-02  1.0000E+00
 5.0955E+02  6.3043E-03  7.4007E-01  1.2026E-04  2.8249E-02  1.0000E+00
 5.1345E+02  6.3428E-03  7.3893E-01  1.8950E-04  4.4174E-02  1.0000E+00
 5.1738E+02  6.3814E-03  7.3778E-01  2.5874E-04  5.9856E-02  1.0000E+00
 5.2135E+02  6.4201E-03  7.3661E-01  3.2798E-04  7.5297E-02  1.0000E+00
 5.2534E+02  6.4589E-03  7.3543E-01  3.9722E-04  9.0501E-02  1.0000E+00
 5.2936E+02  6.4978E-03  7.3423E-01  4.6646E-04  1.0547E-01  1.0000E+00
 5.3342E+02  6.5368E-03  7.3301E-01  5.3570E-04  1.2021E-01  1.0000E+00
 5.3750E+02  6.5758E-03  7.3178E-01  6.0495E-04  1.3471E-01  1.0000E+00
 5.4162E+02  6.6149E-03  7.3054E-01  6.7420E-04  1.4899E-01  1.0000E+00
 5.4577E+02  6.6541E-03  7.2928E-01  7.4345E-04  1.6304E-01  1.0000E+00
 5.4995E+02  6.6933E-03  7.2800E-01  8.1270E-04  1.7688E-01  1.0000E+00
 5.5416E+02  6.7327E-03  7.2671E-01  8.8195E-04  1.9049E-01  1.0000E+00
 5.5840E+02  6.7721E-03  7.2541E-01  9.5120E-04  2.0389E-01  1.0000E+00
 5.6268E+02  6.8115E-03  7.2408E-01  1.0205E-03  2.1707E-01  1.0000E+00
 5.6699E+02  6.8511E-03  7.2275E-01  1.0897E-03  2.3004E-01  1.0000E+00
 5.7133E+02  6.8907E-03  7.2140E-01  1.1590E-03  2.4280E-01  1.0000E+00
 5.7571E+02  6.9304E-03  7.2004E-01  1.2282E-03  2.5535E-01  1.0000E+00
 5.8011E+02  6.9701E-03  7.1866E-01  1.2975E-03  2.6770E-01  1.0000E+00
 5.8456E+02  7.0099E-03  7.1727E-01  1.3668E-03  2.7985E-01  1.0000E+00
 5.8903E+02  7.0498E-03  7.1586E-01  1.4360E-03  2.9180E-01  1.0000E+00
 5.9354E+02  7.0897E-03  7.1444E-01  1.5053E-03  3.0355E-01  1.0000E+00
 5.9809E+02  7.1297E-03  7.1300E-01  1.5746E-03  3.1510E-01  1.0000E+00
 6.0267E+02  7.1697E-03  7.1155E-01  1.6438E-03  3.2647E-01  1.0000E+00
 6.0729E+02  7.2098E-03  7.1009E-01  1.7131E-03  3.3764E-01  1.0000E+00
 6.1194E+02  7.2499E-03  7.0861E-01  1.7824E-03  3.4862E-01  1.0000E+00
 6.1662E+02  7.2901E-03  7.0712E-01  1.8516E-03  3.5942E-01  1.0000E+00
 6.2135E+02  7.3304E-03  7.0562E-01  1.9209E-03  3.7003E-01  1.0000E+00
 6.2610E+02  7.3707E-03  7.0410E-01  1.9902E-03  3.8046E-01  1.0000E+00
 6.3090E+02  7.4110E-03  7.0257E-01  2.0595E-03  3.9072E-01  1.0000E+00
 6.3573E+02  7.4514E-03  7.0103E-01  2.1288E-03  4.0079E-01  1.0000E+00
 6.4060E+02  7.4918E-03  6.9947E-01  2.1980E-03  4.1069E-01  1.0000E+00
 6.4551E+02  7.5323E-03  6.9790E-01  2.2673E-03  4.2042E-01  1.0000E+00
 6.5045E+02  7.5728E-03  6.9632E-01  2.3366E-03  4.2997E-01  1.0000E+00
 6.5543E+02  7.6134E-03  6.9473E-01  2.4059E-03  4.3936E-01  1.0000E+00
 6.6045E+02  7.6539E-03  6.9312E-01  2.4752E-03  4.4858E-01  1.0000E+00
 6.6551E+02  7.6946E-03  6.9150E-01  2.5445E-03  4.5763E-01  1.0000E+00
 6.7060E+02  7.7352E-03  6.8987E-01  2.6138E-03  4.6652E-01  1.0000E+00
 6.7574E+02  7.7759E-03  6.8822E-01  2.6831E-03  4.7525E-01  1.0000E+00
 6.8092E+02  7.8166E-03  6.8656E-01  2.7524E-03  4.8382E-01  1.0000E+00
 6.8613E+02  7.8574E-03  6.8489E-01  2.8217E-03  4.9223E-01  1.0000E+00
 6.9138E+02  7.8982E-03  6.8321E-01  2.8910E-03  5.0049E-01  1.0000E+00
 6.9668E+02  7.9390E-03  6.8152E-01  2.9603E-03  5.0859E-01  1.0000E+00
 7.0201E+02  7.9798E-03  6.7981E-01  3.0296E-03  5.1654E-01  1.0000E+00
 7.0739E+02  8.0206E-03  6.7810E-01  3.0989E-03  5.2435E-01  1.0000E+00
 7.1281E+02  8.0615E-03  6.7637E-01  3.1682E-03  5.3200E-01  1.0000E+00
 7.1827E+02  8.1024E-03  6.7463E-01  3.2376E-03  5.3951E-01  1.0000E+00
 7.2377E+02  8.1434E-03  6.7288E-01  3.3069E-03  5.4687E-01  1.0000E+00
 7.2931E+02  8.1846E-03  6.7114E-01  3.3762E-03  5.5409E-01  1.0000E+00
 7.3490E+02  8.2260E-03  6.6941E-01  3.4455E-03  5.6117E-01  1.0000E+00
 7.4052E+02  8.2677E-03  6.6769E-01  3.5149E-03  5.6811E-01  1.0000E+00
 7.4620E+02  8.3097E-03  6.6597E-01  3.5842E-03  5.7491E-01  1.0000E+00
 7.5191E+02  8.3519E-03  6.6426E-01  3.6535E-03  5.8158E-01  1.0000E+00
 7.5767E+02  8.3943E-03  6.6256E-01  3.7229E-03  5.8811E-01  1.0000E+00
 7.6347E+02  8.4369E-03  6.6086E-01  3.7922E-03  5.9452E-01  1.0000E+00
 7.6932E+02  8.4798E-03  6.5917E-01  3.8615E-03  6.0078E-01  1.0000E+00
 7.7521E+02  8.5229E-03  6.5748E-01  3.9309E-03  6.0693E-01  1.0000E+00
 7.8115E+02  8.5663E-03  6.5580E-01  4.0002E-03  6.1294E-01  1.0000E+00
 7.8713E+02  8.6098E-03  6.5412E-01  4.0696E-03  6.1882E-01  1.0000E+00
 7.9316E+02  8.6536E-03  6.5245E-01  4.1389E-03  6.2459E-01  1.0000E+00
 7.9923E+02  8.6976E-03  6.5078E-01  4.2083E-03  6.3023E-01  1.0000E+00
 8.0535E+02  8.7419E-03  6.4911E-01  4.2776E-03  6.3574E-01  1.0000E+00
 8.1152E+02  8.7863E-03  6.4745E-01  4.3470E-03  6.4114E-01  1.0000E+00
 8.1774E+02  8.8310E-03  6.4579E-01  4.4164E-03  6.4642E-01  1.0000E+00
 8.2400E+02  8.8758E-03  6.4413E-01  4.4857E-03  6.5159E-01  1.0000E+00
 8.3031E+02  8.9209E-03  6.4248E-01  4.5551E-03  6.5663E-01  1.0000E+00
 8.3667E+02  8.9662E-03  6.4083E-01  4.6245E-03  6.6157E-01  1.0000E+00
 8.4307E+02  9.0116E-03  6.3918E-01  4.6938E-03  6.6639E-01  1.0000E+00
 8.4953E+02  9.0573E-03  6.3753E-01  4.7632E-03  6.7110E-01  1.0000E+00
 8.5604E+02  9.1032E-03  6.3589E-01  4.8326E-03  6.7570E-01  1.0000E+00
 8.6259E+02  9.1492E-03  6.3424E-01  4.9020E-03  6.8019E-01  1.0000E+00
 8.6920E+02  9.1955E-03  6.3260E-01  4.9714E-03  6.8458E-01  1.0000E+00
 8.7586E+02  9.2419E-03  6.3096E-01  5.0407E-03  6.8886E-01  1.0000E+00
 8.8256E+02  9.2885E-03  6.2931E-01  5.1101E-03  6.9303E-01  1.0000E+00
 8.8932E+02  9.3353E-03  6.2767E-01  5.1795E-03  6.9710E-01  1.0000E+00
 8.9613E+02  9.3822E-03  6.2603E-01  5.2489E-03  7.0108E-01  1.0000E+00
 9.0300E+02  9.4294E-03  6.2439E-01  5.3183E-03  7.0495E-01  1.0000E+00
 9.0991E+02  9.4767E-03  6.2275E-01  5.3877E-03  7.0872E-01  1.0000E+00
 9.1688E+02  9.5241E-03  6.2111E-01  5.4572E-03  7.1239E-01  1.0000E+00
 9.2390E+02  9.5717E-03  6.1946E-01  5.5266E-03  7.1597E-01  1.0000E+00
 9.3098E+02  9.6195E-03  6.1782E-01  5.5960E-03  7.1945E-01  1.0000E+00
 9.3811E+02  9.6674E-03  6.1617E-01  5.6654E-03  7.2284E-01  1.0000E+00
 9.4529E+02  9.7155E-03  6.1453E-01  5.7348E-03  7.2614E-01  1.0000E+00
 9.5253E+02  9.7637E-03  6.1288E-01  5.8043E-03  7.2935E-01  1.0000E+00
 9.5983E+02  9.8120E-03  6.1123E-01  5.8737E-03  7.3246E-01  1.0000E+00
 9.6718E+02  9.8605E-03  6.0957E-01  5.9431E-03  7.3549E-01  1.0000E+00
 9.7458E+02  9.9091E-03  6.0792E-01  6.0126E-03  7.3843E-01  1.0000E+00
 9.8205E+02  9.9578E-03  6.0626E-01  6.0820E-03  7.4128E-01  1.0000E+00
 9.8957E+02  1.0007E-02  6.0460E-01  6.1515E-03  7.4404E-01  1.0000E+00
 9.9715E+02  1.0056E-02  6.0294E-01  6.2209E-03  7.4673E-01  1.0000E+00
 1.0048E+03  1.0105E-02  6.0127E-01  6.2904E-03  7.4932E-01  1.0000E+00
 1.0125E+03  1.0154E-02  5.9960E-01  6.3598E-03  7.5184E-01  1.0000E+00
 1.0202E+03  1.0203E-02  5.9793E-01  6.4293E-03  7.5428E-01  1.0000E+00
 1.0280E+03  1.0253E-02  5.9625E-01  6.4988E-03  7.5663E-01  1.0000E+00
 1.0359E+03  1.0302E-02  5.9457E-01  6.5682E-03  7.5891E-01  1.0000E+00
 1.0439E+03  1.0352E-02  5.9288E-01  6.6377E-03  7.6111E-01  1.0000E+00
 1.0518E+03  1.0401E-02  5.9119E-01  6.7072E-03  7.6323E-01  1.0000E+00
 1.0599E+03  1.0451E-02  5.8950E-01  6.7767E-03  7.6527E-01  1.0000E+00
 1.0680E+03  1.0501E-02  5.8780E-01  6.8462E-03  7.6725E-01  1.0000E+00
 1.0762E+03  1.0551E-02  5.8610E-01  6.9156E-03  7.6914E-01  1.0000E+00
 1.0844E+03  1.0600E-02  5.8439E-01  6.9851E-03  7.7097E-01  1.0000E+00
 1.0927E+03  1.0650E-02  5.8267E-01  7.0547E-03  7.7272E-01  1.0000E+00
 1.1011E+03  1.0700E-02  5.8095E-01  7.1242E-03  7.7440E-01  1.0000E+00
 1.1095E+03  1.0750E-02  5.7923E-01  7.1937E-03  7.7602E-01  1.0000E+00
 1.1180E+03  1.0800E-02  5.7750E-01  7.2632E-03  7.7756E-01  1.0000E+00
 1.1266E+03  1.0846E-02  5.7550E-01  7.3327E-03  7.7904E-01  1.0000E+00
 1.1352E+03  1.0888E-02  5.7335E-01  7.4022E-03  7.8045E-01  1.0000E+00
 1.1439E+03  1.0930E-02  5.7121E-01  7.4718E-03  7.8179E-01  1.0000E+00
 1.1527E+03  1.0973E-02  5.6908E-01  7.5413E-03  7.8307E-01  1.0000E+00
 1.1615E+03  1.1016E-02  5.6696E-01  7.6108E-03  7.8428E-01  1.0000E+00
 1.1704E+03  1.1059E-02  5.6486E-01  7.6804E-03  7.8544E-01  1.0000E+00
 1.1794E+03  1.1103E-02  5.6276E-01  7.7499E-03  7.8653E-01  1.0000E+00
 1.1884E+03  1.1146E-02  5.6067E-01  7.8195E-03  7.8755E-01  1.0000E+00
 1.1975E+03  1.1190E-02  5.5860E-01  7.8891E-03  7.8852E-01  1.0000E+00
 1.2067E+03  1.1234E-02  5.5653E-01  7.9586E-03  7.8943E-01  1.0000E+00
 1.2159E+03  1.1279E-02  5.5447E-01  8.0282E-03  7.9028E-01  1.0000E+00
 1.2252E+03  1.1323E-02  5.5242E-01  8.0978E-03  7.9107E-01  1.0000E+00
 1.2346E+03  1.1368E-02  5.5038E-01  8.1674E-03  7.9180E-01  1.0000E+00
 1.2441E+03  1.1413E-02  5.4835E-01  8.2369E-03  7.9248E-01  1.0000E+00
 1.2536E+03  1.1458E-02  5.4632E-01  8.3065E-03  7.9310E-01  1.0000E+00
 1.2632E+03  1.1503E-02  5.4431E-01  8.3761E-03  7.9367E-01  1.0000E+00
 1.2729E+03  1.1548E-02  5.4230E-01  8.4457E-03  7.9418E-01  1.0000E+00
 1.2826E+03  1.1594E-02  5.4030E-01  8.5153E-03  7.9464E-01  1.0000E+00
 1.2924E+03  1.1640E-02  5.3831E-01  8.5850E-03  7.9505E-01  1.0000E+00
 1.3023E+03  1.1686E-02  5.3633E-01  8.6546E-03  7.9541E-01  1.0000E+00
 1.3123E+03  1.1732E-02  5.3436E-01  8.7242E-03  7.9571E-01  1.0000E+00
 1.3224E+03  1.1779E-02  5.3239E-01  8.7939E-03  7.9597E-01  1.0000E+00
 1.3325E+03  1.1825E-02  5.3043E-01  8.8635E-03  7.9617E-01  1.0000E+00
 1.3427E+03  1.1872E-02  5.2848E-01  8.9331E-03  7.9633E-01  1.0000E+00
 1.3530E+03  1.1919E-02  5.2653E-01  9.0028E-03  7.9644E-01  1.0000E+00
 1.3633E+03  1.1966E-02  5.2459E-01  9.0725E-03  7.9650E-01  1.0000E+00
 1.3738E+03  1.2014E-02  5.2266E-01  9.1421E-03  7.9652E-01  1.0000E+00
 1.3843E+03  1.2061E-02  5.2074E-01  9.2118E-03  7.9649E-01  1.0000E+00
 1.3949E+03  1.2109E-02  5.1882E-01  9.2815E-03  7.9641E-01  1.0000E+00
 1.4056E+03  1.2157E-02  5.1691E-01  9.3512E-03  7.9630E-01  1.0000E+00
 1.4164E+03  1.2205E-02  5.1500E-01  9.4208E-03  7.9613E-01  1.0000E+00
 1.4272E+03  1.2253E-02  5.1310E-01  9.4905E-03  7.9593E-01  1.0000E+00
 1.4381E+03  1.2302E-02  5.1121E-01  9.5602E-03  7.9568E-01  1.0000E+00
 1.4491E+03  1.2350E-02  5.0933E-01  9.6300E-03  7.9539E-01  1.0000E+00
 1.4602E+03  1.2399E-02  5.0745E-01  9.6997E-03  7.9506E-01  1.0000E+00
 1.4714E+03  1.2448E-02  5.0557E-01  9.7694E-03  7.9469E-01  1.0000E+00
 1.4827E+03  1.2497E-02  5.0371E-01  9.8391E-03  7.9428E-01  1.0000E+00
 1.4940E+03  1.2547E-02  5.0185E-01  9.9089E-03  7.9383E-01  1.0000E+00
 1.5055E+03  1.2596E-02  4.9999E-01  9.9786E-03  7.9334E-01  1.0000E+00
 1.5170E+03  1.2646E-02  4.9814E-01  1.0048E-02  7.9282E-01  1.0000E+00
 1.5286E+03  1.2696E-02  4.9629E-01  1.0118E-02  7.9225E-01  1.0000E+00
 1.5403E+03  1.2745E-02  4.9446E-01  1.0188E-02  7.9165E-01  1.0000E+00
 1.5521E+03  1.2796E-02  4.9262E-01  1.0258E-02  7.9102E-01  1.0000E+00
 1.5640E+03  1.2846E-02  4.9079E-01  1.0327E-02  7.9035E-01  1.0000E+00
 1.5760E+03  1.2896E-02  4.8897E-01  1.0397E-02  7.8964E-01  1.0000E+00
 1.5881E+03  1.2947E-02  4.8715E-01  1.0467E-02  7.8890E-01  1.0000E+00
 1.6002E+03  1.2998E-02  4.8534E-01  1.0537E-02  7.8812E-01  1.0000E+00
 1.6125E+03  1.3049E-02  4.8353E-01  1.0607E-02  7.8732E-01  1.0000E+00
 1.6248E+03  1.3100E-02  4.8173E-01  1.0677E-02  7.8648E-01  1.0000E+00
 1.6373E+03  1.3151E-02  4.7994E-01  1.0746E-02  7.8561E-01  1.0000E+00
 1.6498E+03  1.3202E-02  4.7814E-01  1.0816E-02  7.8470E-01  1.0000E+00
 1.6625E+03  1.3254E-02  4.7636E-01  1.0886E-02  7.8377E-01  1.0000E+00
 1.6752E+03  1.3306E-02  4.7457E-01  1.0956E-02  7.8280E-01  1.0000E+00
 1.6880E+03  1.3358E-02  4.7280E-01  1.1026E-02  7.8181E-01  1.0000E+00
 1.7009E+03  1.3410E-02  4.7102E-01  1.1096E-02  7.8078E-01  1.0000E+00
 1.7140E+03  1.3462E-02  4.6926E-01  1.1166E-02  7.7973E-01  1.0000E+00
 1.7271E+03  1.3514E-02  4.6749E-01  1.1235E-02  7.7864E-01  1.0000E+00
 1.7403E+03  1.3566E-02  4.6573E-01  1.1305E-02  7.7753E-01  1.0000E+00
 1.7537E+03  1.3619E-02  4.6398E-01  1.1375E-02  7.7640E-01  1.0000E+00
 1.7671E+03  1.3672E-02  4.6223E-01  1.1445E-02  7.7523E-01  1.0000E+00
 1.7806E+03  1.3725E-02  4.6049E-01  1.1515E-02  7.7404E-01  1.0000E+00
 1.7943E+03  1.3778E-02  4.5875E-01  1.1585E-02  7.7282E-01  1.0000E+00
 1.8080E+03  1.3831E-02  4.5701E-01  1.1655E-02  7.7158E-01  1.0000E+00
 1.8218E+03  1.3884E-02  4.5528E-01  1.1725E-02  7.7031E-01  1.0000E+00
 1.8358E+03  1.3938E-02  4.5355E-01  1.1795E-02  7.6902E-01  1.0000E+00
 1.8499E+03  1.3991E-02  4.5183E-01  1.1865E-02  7.6770E-01  1.0000E+00
 1.8640E+03  1.4045E-02  4.5011E-01  1.1935E-02  7.6636E-01  1.0000E+00
 1.8783E+03  1.4099E-02  4.4839E-01  1.2005E-02  7.6500E-01  1.0000E+00
 1.8927E+03  1.4153E-02  4.4668E-01  1.2075E-02  7.6361E-01  1.0000E+00
 1.9072E+03  1.4207E-02  4.4498E-01  1.2145E-02  7.6220E-01  1.0000E+00
 1.9218E+03  1.4261E-02  4.4328E-01  1.2215E-02  7.6077E-01  1.0000E+00
 1.9365E+03  1.4315E-02  4.4158E-01  1.2285E-02  7.5932E-01  1.0000E+00
 1.9513E+03  1.4370E-02  4.3989E-01  1.2355E-02  7.5784E-01  1.0000E+00
 1.9663E+03  1.4425E-02  4.3820E-01  1.2425E-02  7.5635E-01  1.0000E+00
 1.9813E+03  1.4479E-02  4.3651E-01  1.2495E-02  7.5483E-01  1.0000E+00
 1.9965E+03  1.4534E-02  4.3483E-01  1.2565E-02  7.5330E-01  1.0000E+00
 2.0118E+03  1.4589E-02  4.3315E-01  1.2635E-02  7.5174E-01  1.0000E+00
 2.0272E+03  1.4645E-02  4.3148E-01  1.2705E-02  7.5017E-01  1.0000E+00
 2.0427E+03  1.4700E-02  4.2981E-01  1.2775E-02  7.4858E-01  1.0000E+00
 2.0584E+03  1.4755E-02  4.2815E-01  1.2846E-02  7.4696E-01  1.0000E+00
 2.0741E+03  1.4811E-02  4.2649E-01  1.2916E-02  7.4533E-01  1.0000E+00
 2.0900E+03  1.4867E-02  4.2483E-01  1.2986E-02  7.4369E-01  1.0000E+00
 2.1060E+03  1.4922E-02  4.2318E-01  1.3056E-02  7.4202E-01  1.0000E+00
 2.1222E+03  1.4978E-02  4.2153E-01  1.3126E-02  7.4034E-01  1.0000E+00
 2.1384E+03  1.5034E-02  4.1988E-01  1.3196E-02  7.3864E-01  1.0000E+00
 2.1548E+03  1.5091E-02  4.1824E-01  1.3267E-02  7.3693E-01  1.0000E+00
 2.1713E+03  1.5147E-02  4.1661E-01  1.3337E-02  7.3520E-01  1.0000E+00
 2.1879E+03  1.5203E-02  4.1497E-01  1.3407E-02  7.3345E-01  1.0000E+00
 2.2047E+03  1.5260E-02  4.1334E-01  1.3477E-02  7.3169E-01  1.0000E+00
 2.2216E+03  1.5316E-02  4.1172E-01  1.3548E-02  7.2991E-01  1.0000E+00
 2.2386E+03  1.5373E-02  4.1010E-01  1.3618E-02  7.2812E-01  1.0000E+00
 2.2557E+03  1.5430E-02  4.0848E-01  1.3688E-02  7.2632E-01  1.0000E+00
 2.2730E+03  1.5487E-02  4.0687E-01  1.3758E-02  7.2450E-01  1.0000E+00
 2.2904E+03  1.5544E-02  4.0526E-01  1.3829E-02  7.2266E-01  1.0000E+00
 2.3079E+03  1.5601E-02  4.0365E-01  1.3899E-02  7.2082E-01  1.0000E+00
 2.3256E+03  1.5659E-02  4.0205E-01  1.3969E-02  7.1896E-01  1.0000E+00
 2.3434E+03  1.5716E-02  4.0045E-01  1.4040E-02  7.1709E-01  1.0000E+00
 2.3614E+03  1.5774E-02  3.9886E-01  1.4110E-02  7.1520E-01  1.0000E+00
 2.3794E+03  1.5832E-02  3.9727E-01  1.4180E-02  7.1331E-01  1.0000E+00
 2.3977E+03  1.5889E-02  3.9568E-01  1.4251E-02  7.1140E-01  1.0000E+00
 2.4160E+03  1.5947E-02  3.9410E-01  1.4321E-02  7.0948E-01  1.0000E+00
 2.4345E+03  1.6005E-02  3.9252E-01  1.4391E-02  7.0755E-01  1.0000E+00
 2.4532E+03  1.6063E-02  3.9094E-01  1.4462E-02  7.0561E-01  1.0000E+00
 2.4720E+03  1.6122E-02  3.8937E-01  1.4532E-02  7.0366E-01  1.0000E+00
 2.4909E+03  1.6180E-02  3.8780E-01  1.4603E-02  7.0169E-01  1.0000E+00
 2.5100E+03  1.6239E-02  3.8624E-01  1.4673E-02  6.9972E-01  1.0000E+00
 2.5292E+03  1.6297E-02  3.8468E-01  1.4744E-02  6.9774E-01  1.0000E+00
 2.5486E+03  1.6356E-02  3.8312E-01  1.4814E-02  6.9575E-01  1.0000E+00
 2.5681E+03  1.6415E-02  3.8157E-01  1.4885E-02  6.9374E-01  1.0000E+00
 2.5878E+03  1.6474E-02  3.8002E-01  1.4955E-02  6.9173E-01  1.0000E+00
 2.6076E+03  1.6533E-02  3.7848E-01  1.5026E-02  6.8971E-01  1.0000E+00
 2.6275E+03  1.6592E-02  3.7694E-01  1.5096E-02  6.8769E-01  1.0000E+00
 2.6477E+03  1.6651E-02  3.7540E-01  1.5167E-02  6.8565E-01  1.0000E+00
 2.6679E+03  1.6710E-02  3.7387E-01  1.5237E-02  6.8361E-01  1.0000E+00
 2.6884E+03  1.6770E-02  3.7234E-01  1.5308E-02  6.8155E-01  1.0000E+00
 2.7090E+03  1.6829E-02  3.7081E-01  1.5379E-02  6.7949E-01  1.0000E+00
 2.7297E+03  1.6889E-02  3.6929E-01  1.5449E-02  6.7743E-01  1.0000E+00
 2.7506E+03  1.6948E-02  3.6777E-01  1.5520E-02  6.7535E-01  1.0000E+00
 2.7717E+03  1.7008E-02  3.6626E-01  1.5591E-02  6.7327E-01  1.0000E+00
 2.7929E+03  1.7068E-02  3.6475E-01  1.5661E-02  6.7118E-01  1.0000E+00
 2.8143E+03  1.7128E-02  3.6324E-01  1.5732E-02  6.6909E-01  1.0000E+00
 2.8358E+03  1.7188E-02  3.6174E-01  1.5803E-02  6.6699E-01  1.0000E+00
 2.8576E+03  1.7249E-02  3.6024E-01  1.5874E-02  6.6488E-01  1.0000E+00
 2.8794E+03  1.7309E-02  3.5874E-01  1.5944E-02  6.6277E-01  1.0000E+00
 2.9015E+03  1.7369E-02  3.5725E-01  1.6015E-02  6.6065E-01  1.0000E+00
 2.9237E+03  1.7430E-02  3.5576E-01  1.6086E-02  6.5853E-01  1.0000E+00
 2.9461E+03  1.7491E-02  3.5428E-01  1.6157E-02  6.5640E-01  1.0000E+00
 2.9687E+03  1.7551E-02  3.5280E-01  1.6227E-02  6.5427E-01  1.0000E+00
 2.9914E+03  1.7612E-02  3.5132E-01  1.6298E-02  6.5213E-01  1.0000E+00
 3.0143E+03  1.7673E-02  3.4985E-01  1.6369E-02  6.4999E-01  1.0000E+00
 3.0374E+03  1.7734E-02  3.4838E-01  1.6440E-02  6.4784E-01  1.0000E+00
 3.0607E+03  1.7795E-02  3.4692E-01  1.6511E-02  6.4569E-01  1.0000E+00
 3.0841E+03  1.7856E-02  3.4546E-01  1.6582E-02  6.4354E-01  1.0000E+00
 3.1077E+03  1.7918E-02  3.4400E-01  1.6653E-02  6.4138E-01  1.0000E+00
 3.1315E+03  1.7979E-02  3.4255E-01  1.6724E-02  6.3922E-01  1.0000E+00
 3.1555E+03  1.8040E-02  3.4110E-01  1.6795E-02  6.3705E-01  1.0000E+00
 3.1797E+03  1.8102E-02  3.3966E-01  1.6866E-02  6.3488E-01  1.0000E+00
 3.2040E+03  1.8164E-02  3.3821E-01  1.6937E-02  6.3271E-01  1.0000E+00
 3.2286E+03  1.8225E-02  3.3678E-01  1.7008E-02  6.3054E-01  1.0000E+00
 3.2533E+03  1.8287E-02  3.3534E-01  1.7079E-02  6.2836E-01  1.0000E+00
 3.2782E+03  1.8349E-02  3.3391E-01  1.7150E-02  6.2618E-01  1.0000E+00
 3.3033E+03  1.8411E-02  3.3249E-01  1.7221E-02  6.2400E-01  1.0000E+00
 3.3286E+03  1.8473E-02  3.3107E-01  1.7292E-02  6.2181E-01  1.0000E+00
 3.3541E+03  1.8536E-02  3.2965E-01  1.7363E-02  6.1963E-01  1.0000E+00
 3.3798E+03  1.8598E-02  3.2824E-01  1.7435E-02  6.1744E-01  1.0000E+00
 3.4057E+03  1.8660E-02  3.2683E-01  1.7506E-02  6.1525E-01  1.0000E+00
 3.4317E+03  1.8723E-02  3.2542E-01  1.7577E-02  6.1306E-01  1.0000E+00
 3.4580E+03  1.8785E-02  3.2402E-01  1.7648E-02  6.1086E-01  1.0000E+00
 3.4845E+03  1.8848E-02  3.2262E-01  1.7720E-02  6.0867E-01  1.0000E+00
 3.5112E+03  1.8911E-02  3.2123E-01  1.7791E-02  6.0647E-01  1.0000E+00
 3.5381E+03  1.8974E-02  3.1984E-01  1.7862E-02  6.0428E-01  1.0000E+00
 3.5652E+03  1.9037E-02  3.1845E-01  1.7934E-02  6.0208E-01  1.0000E+00
 3.5925E+03  1.9100E-02  3.1707E-01  1.8005E-02  5.9988E-01  1.0000E+00
 3.6200E+03  1.9163E-02  3.1569E-01  1.8076E-02  5.9768E-01  1.0000E+00
 3.6477E+03  1.9226E-02  3.1431E-01  1.8148E-02  5.9548E-01  1.0000E+00
 3.6757E+03  1.9289E-02  3.1294E-01  1.8219E-02  5.9328E-01  1.0000E+00
 3.7038E+03  1.9353E-02  3.1158E-01  1.8291E-02  5.9108E-01  1.0000E+00
 3.7322E+03  1.9416E-02  3.1022E-01  1.8362E-02  5.8888E-01  1.0000E+00
 3.7608E+03  1.9480E-02  3.0886E-01  1.8434E-02  5.8668E-01  1.0000E+00
 3.7896E+03  1.9543E-02  3.0750E-01  1.8505E-02  5.8448E-01  1.0000E+00
 3.8186E+03  1.9607E-02  3.0615E-01  1.8577E-02  5.8228E-01  1.0000E+00
 3.8478E+03  1.9671E-02  3.0481E-01  1.8648E-02  5.8009E-01  1.0000E+00
 3.8773E+03  1.9735E-02  3.0346E-01  1.8720E-02  5.7789E-01  1.0000E+00
 3.9070E+03  1.9799E-02  3.0212E-01  1.8792E-02  5.7569E-01  1.0000E+00
 3.9369E+03  1.9863E-02  3.0079E-01  1.8863E-02  5.7349E-01  1.0000E+00
 3.9671E+03  1.9927E-02  2.9946E-01  1.8935E-02  5.7130E-01  1.0000E+00
 3.9974E+03  1.9991E-02  2.9813E-01  1.9007E-02  5.6910E-01  1.0000E+00
 4.0281E+03  2.0056E-02  2.9681E-01  1.9078E-02  5.6691E-01  1.0000E+00
 4.0589E+03  2.0120E-02  2.9549E-01  1.9150E-02  5.6472E-01  1.0000E+00
 4.0900E+03  2.0185E-02  2.9418E-01  1.9222E-02  5.6253E-01  1.0000E+00
 4.1213E+03  2.0249E-02  2.9287E-01  1.9294E-02  5.6034E-01  1.0000E+00
 4.1529E+03  2.0314E-02  2.9156E-01  1.9366E-02  5.5815E-01  1.0000E+00
 4.1847E+03  2.0379E-02  2.9026E-01  1.9438E-02  5.5597E-01  1.0000E+00
 4.2167E+03  2.0444E-02  2.8896E-01  1.9509E-02  5.5378E-01  1.0000E+00
 4.2490E+03  2.0508E-02  2.8766E-01  1.9581E-02  5.5160E-01  1.0000E+00
 4.2816E+03  2.0573E-02  2.8637E-01  1.9653E-02  5.4942E-01  1.0000E+00
 4.3143E+03  2.0639E-02  2.8509E-01  1.9725E-02  5.4724E-01  1.0000E+00
 4.3474E+03  2.0704E-02  2.8381E-01  1.9797E-02  5.4507E-01  1.0000E+00
 4.3807E+03  2.0769E-02  2.8253E-01  1.9870E-02  5.4289E-01  1.0000E+00
 4.4142E+03  2.0834E-02  2.8125E-01  1.9942E-02  5.4072E-01  1.0000E+00
 4.4480E+03  2.0900E-02  2.7998E-01  2.0014E-02  5.3856E-01  1.0000E+00
 4.4821E+03  2.0965E-02  2.7872E-01  2.0086E-02  5.3639E-01  1.0000E+00
 4.5164E+03  2.1031E-02  2.7745E-01  2.0158E-02  5.3423E-01  1.0000E+00
 4.5510E+03  2.1097E-02  2.7620E-01  2.0230E-02  5.3207E-01  1.0000E+00
 4.5859E+03  2.1162E-02  2.7494E-01  2.0303E-02  5.2991E-01  1.0000E+00
 4.6210E+03  2.1228E-02  2.7369E-01  2.0375E-02  5.2775E-01  1.0000E+00
 4.6564E+03  2.1294E-02  2.7245E-01  2.0447E-02  5.2560E-01  1.0000E+00
 4.6920E+03  2.1360E-02  2.7120E-01  2.0520E-02  5.2345E-01  1.0000E+00
 4.7280E+03  2.1426E-02  2.6997E-01  2.0592E-02  5.2131E-01  1.0000E+00
 4.7642E+03  2.1492E-02  2.6873E-01  2.0665E-02  5.1917E-01  1.0000E+00
 4.8007E+03  2.1559E-02  2.6750E-01  2.0737E-02  5.1703E-01  1.0000E+00
 4.8374E+03  2.1625E-02  2.6628E-01  2.0810E-02  5.1489E-01  1.0000E+00
 4.8745E+03  2.1691E-02  2.6506E-01  2.0882E-02  5.1276E-01  1.0000E+00
 4.9118E+03  2.1758E-02  2.6384E-01  2.0955E-02  5.1063E-01  1.0000E+00
 4.9494E+03  2.1825E-02  2.6263E-01  2.1027E-02  5.0851E-01  1.0000E+00
 4.9873E+03  2.1891E-02  2.6142E-01  2.1100E-02  5.0639E-01  1.0000E+00
 5.0255E+03  2.1958E-02  2.6021E-01  2.1173E-02  5.0427E-01  1.0000E+00
 5.0640E+03  2.2025E-02  2.5901E-01  2.1245E-02  5.0216E-01  1.0000E+00
 5.1028E+03  2.2092E-02  2.5781E-01  2.1318E-02  5.0005E-01  1.0000E+00
 5.1419E+03  2.2159E-02  2.5662E-01  2.1391E-02  4.9794E-01  1.0000E+00
 5.1812E+03  2.2226E-02  2.5543E-01  2.1464E-02  4.9584E-01  1.0000E+00
 5.2209E+03  2.2293E-02  2.5425E-01  2.1537E-02  4.9374E-01  1.0000E+00
 5.2609E+03  2.2360E-02  2.5306E-01  2.1610E-02  4.9165E-01  1.0000E+00
 5.3012E+03  2.2428E-02  2.5189E-01  2.1683E-02  4.8956E-01  1.0000E+00
 5.3418E+03  2.2495E-02  2.5071E-01  2.1756E-02  4.8747E-01  1.0000E+00
 5.3827E+03  2.2563E-02  2.4955E-01  2.1829E-02  4.8539E-01  1.0000E+00
 5.4239E+03  2.2630E-02  2.4838E-01  2.1902E-02  4.8332E-01  1.0000E+00
 5.4655E+03  2.2698E-02  2.4722E-01  2.1975E-02  4.8125E-01  1.0000E+00
 5.5073E+03  2.2766E-02  2.4606E-01  2.2048E-02  4.7918E-01  1.0000E+00
 5.5495E+03  2.2834E-02  2.4491E-01  2.2121E-02  4.7712E-01  1.0000E+00
 5.5920E+03  2.2901E-02  2.4376E-01  2.2194E-02  4.7506E-01  1.0000E+00
 5.6348E+03  2.2970E-02  2.4262E-01  2.2268E-02  4.7300E-01  1.0000E+00
 5.6780E+03  2.3038E-02  2.4148E-01  2.2341E-02  4.7096E-01  1.0000E+00
 5.7215E+03  2.3106E-02  2.4034E-01  2.2414E-02  4.6891E-01  1.0000E+00
 5.7653E+03  2.3174E-02  2.3921E-01  2.2488E-02  4.6687E-01  1.0000E+00
 5.8094E+03  2.3242E-02  2.3808E-01  2.2561E-02  4.6484E-01  1.0000E+00
 5.8539E+03  2.3311E-02  2.3696E-01  2.2635E-02  4.6281E-01  1.0000E+00
 5.8988E+03  2.3379E-02  2.3584E-01  2.2708E-02  4.6078E-01  1.0000E+00
 5.9439E+03  2.3448E-02  2.3472E-01  2.2782E-02  4.5876E-01  1.0000E+00
 5.9895E+03  2.3517E-02  2.3361E-01  2.2856E-02  4.5675E-01  1.0000E+00
 6.0353E+03  2.3585E-02  2.3250E-01  2.2929E-02  4.5474E-01  1.0000E+00
 6.0815E+03  2.3654E-02  2.3140E-01  2.3003E-02  4.5273E-01  1.0000E+00
 6.1281E+03  2.3723E-02  2.3030E-01  2.3077E-02  4.5073E-01  1.0000E+00
 6.1751E+03  2.3792E-02  2.2920E-01  2.3151E-02  4.4874E-01  1.0000E+00
 6.2223E+03  2.3861E-02  2.2811E-01  2.3225E-02  4.4675E-01  1.0000E+00
 6.2700E+03  2.3931E-02  2.2702E-01  2.3299E-02  4.4477E-01  1.0000E+00
 6.3180E+03  2.4000E-02  2.2594E-01  2.3373E-02  4.4279E-01  1.0000E+00
 6.3664E+03  2.4069E-02  2.2486E-01  2.3447E-02  4.4082E-01  1.0000E+00
 6.4152E+03  2.4139E-02  2.2379E-01  2.3521E-02  4.3885E-01  1.0000E+00
 6.4643E+03  2.4208E-02  2.2271E-01  2.3595E-02  4.3689E-01  1.0000E+00
 6.5138E+03  2.4278E-02  2.2165E-01  2.3669E-02  4.3493E-01  1.0000E+00
 6.5637E+03  2.4348E-02  2.2058E-01  2.3743E-02  4.3298E-01  1.0000E+00
 6.6139E+03  2.4417E-02  2.1952E-01  2.3818E-02  4.3103E-01  1.0000E+00
 6.6646E+03  2.4487E-02  2.1847E-01  2.3892E-02  4.2909E-01  1.0000E+00
 6.7156E+03  2.4557E-02  2.1742E-01  2.3966E-02  4.2716E-01  1.0000E+00
 6.7671E+03  2.4627E-02  2.1637E-01  2.4041E-02  4.2523E-01  1.0000E+00
 6.8189E+03  2.4698E-02  2.1533E-01  2.4115E-02  4.2330E-01  1.0000E+00
 6.8711E+03  2.4768E-02  2.1429E-01  2.4190E-02  4.2139E-01  1.0000E+00
 6.9237E+03  2.4838E-02  2.1325E-01  2.4265E-02  4.1947E-01  1.0000E+00
 6.9768E+03  2.4909E-02  2.1222E-01  2.4339E-02  4.1757E-01  1.0000E+00
 7.0302E+03  2.4979E-02  2.1119E-01  2.4414E-02  4.1567E-01  1.0000E+00
 7.0840E+03  2.5050E-02  2.1017E-01  2.4489E-02  4.1377E-01  1.0000E+00
 7.1383E+03  2.5120E-02  2.0915E-01  2.4564E-02  4.1188E-01  1.0000E+00
 7.1929E+03  2.5191E-02  2.0813E-01  2.4639E-02  4.1000E-01  1.0000E+00
 7.2480E+03  2.5262E-02  2.0712E-01  2.4714E-02  4.0812E-01  1.0000E+00
 7.3035E+03  2.5333E-02  2.0611E-01  2.4789E-02  4.0625E-01  1.0000E+00
 7.3595E+03  2.5404E-02  2.0511E-01  2.4864E-02  4.0438E-01  1.0000E+00
 7.4158E+03  2.5475E-02  2.0411E-01  2.4939E-02  4.0252E-01  1.0000E+00
 7.4726E+03  2.5547E-02  2.0311E-01  2.5014E-02  4.0067E-01  1.0000E+00
 7.5299E+03  2.5618E-02  2.0212E-01  2.5090E-02  3.9882E-01  1.0000E+00
 7.5875E+03  2.5689E-02  2.0113E-01  2.5165E-02  3.9698E-01  1.0000E+00
 7.6456E+03  2.5761E-02  2.0015E-01  2.5240E-02  3.9514E-01  1.0000E+00
 7.7042E+03  2.5833E-02  1.9917E-01  2.5316E-02  3.9331E-01  1.0000E+00
 7.7632E+03  2.5904E-02  1.9819E-01  2.5391E-02  3.9149E-01  1.0000E+00
 7.8226E+03  2.5976E-02  1.9722E-01  2.5467E-02  3.8967E-01  1.0000E+00
 7.8825E+03  2.6048E-02  1.9625E-01  2.5543E-02  3.8786E-01  1.0000E+00
 7.9429E+03  2.6120E-02  1.9529E-01  2.5618E-02  3.8605E-01  1.0000E+00
 8.0037E+03  2.6192E-02  1.9433E-01  2.5694E-02  3.8425E-01  1.0000E+00
 8.0650E+03  2.6264E-02  1.9337E-01  2.5770E-02  3.8246E-01  1.0000E+00
 8.1268E+03  2.6337E-02  1.9242E-01  2.5846E-02  3.8067E-01  1.0000E+00
 8.1890E+03  2.6409E-02  1.9147E-01  2.5922E-02  3.7889E-01  1.0000E+00
 8.2518E+03  2.6482E-02  1.9052E-01  2.5998E-02  3.7711E-01  1.0000E+00
 8.3150E+03  2.6554E-02  1.8958E-01  2.6074E-02  3.7534E-01  1.0000E+00
 8.3786E+03  2.6627E-02  1.8864E-01  2.6151E-02  3.7358E-01  1.0000E+00
 8.4428E+03  2.6700E-02  1.8771E-01  2.6227E-02  3.7182E-01  1.0000E+00
 8.5075E+03  2.6773E-02  1.8678E-01  2.6303E-02  3.7007E-01  1.0000E+00
 8.5726E+03  2.6846E-02  1.8586E-01  2.6380E-02  3.6832E-01  1.0000E+00
 8.6383E+03  2.6919E-02  1.8493E-01  2.6456E-02  3.6658E-01  1.0000E+00
 8.7044E+03  2.6992E-02  1.8401E-01  2.6533E-02  3.6485E-01  1.0000E+00
 8.7711E+03  2.7065E-02  1.8310E-01  2.6610E-02  3.6312E-01  1.0000E+00
 8.8383E+03  2.7139E-02  1.8219E-01  2.6686E-02  3.6140E-01  1.0000E+00
 8.9059E+03  2.7212E-02  1.8128E-01  2.6763E-02  3.5969E-01  1.0000E+00
 8.9741E+03  2.7286E-02  1.8038E-01  2.6840E-02  3.5798E-01  1.0000E+00
 9.0429E+03  2.7359E-02  1.7948E-01  2.6917E-02  3.5628E-01  1.0000E+00
 9.1121E+03  2.7433E-02  1.7859E-01  2.6994E-02  3.5459E-01  1.0000E+00
 9.1819E+03  2.7507E-02  1.7769E-01  2.7071E-02  3.5290E-01  1.0000E+00
 9.2522E+03  2.7581E-02  1.7681E-01  2.7149E-02  3.5121E-01  1.0000E+00
 9.3231E+03  2.7655E-02  1.7592E-01  2.7226E-02  3.4954E-01  1.0000E+00
 9.3945E+03  2.7730E-02  1.7504E-01  2.7303E-02  3.4787E-01  1.0000E+00
 9.4664E+03  2.7804E-02  1.7416E-01  2.7381E-02  3.4620E-01  1.0000E+00
 9.5389E+03  2.7878E-02  1.7329E-01  2.7458E-02  3.4454E-01  1.0000E+00
 9.6120E+03  2.7953E-02  1.7242E-01  2.7536E-02  3.4289E-01  1.0000E+00
 9.6856E+03  2.8028E-02  1.7156E-01  2.7614E-02  3.4125E-01  1.0000E+00
 9.7598E+03  2.8102E-02  1.7069E-01  2.7692E-02  3.3961E-01  1.0000E+00
 9.8345E+03  2.8177E-02  1.6984E-01  2.7769E-02  3.3798E-01  1.0000E+00
 9.9098E+03  2.8252E-02  1.6898E-01  2.7847E-02  3.3635E-01  1.0000E+00
 9.9857E+03  2.8327E-02  1.6813E-01  2.7926E-02  3.3473E-01  1.0000E+00
 1.0062E+04  2.8403E-02  1.6728E-01  2.8004E-02  3.3312E-01  1.0000E+00
 1.0139E+04  2.8478E-02  1.6644E-01  2.8082E-02  3.3151E-01  1.0000E+00
 1.0217E+04  2.8554E-02  1.6560E-01  2.8160E-02  3.2991E-01  1.0000E+00
 1.0295E+04  2.8629E-02  1.6477E-01  2.8239E-02  3.2831E-01  1.0000E+00
 1.0374E+04  2.8705E-02  1.6393E-01  2.8317E-02  3.2672E-01  1.0000E+00
 1.0453E+04  2.8781E-02  1.6310E-01  2.8396E-02  3.2514E-01  1.0000E+00
 1.0533E+04  2.8857E-02  1.6228E-01  2.8475E-02  3.2356E-01  1.0000E+00
 1.0614E+04  2.8933E-02  1.6146E-01  2.8554E-02  3.2199E-01  1.0000E+00
 1.0695E+04  2.9009E-02  1.6064E-01  2.8633E-02  3.2043E-01  1.0000E+00
 1.0777E+04  2.9085E-02  1.5983E-01  2.8712E-02  3.1887E-01  1.0000E+00
 1.0860E+04  2.9162E-02  1.5901E-01  2.8791E-02  3.1732E-01  1.0000E+00
 1.0943E+04  2.9238E-02  1.5821E-01  2.8870E-02  3.1578E-01  1.0000E+00
 1.1027E+04  2.9315E-02  1.5740E-01  2.8949E-02  3.1424E-01  1.0000E+00
 1.1111E+04  2.9392E-02  1.5660E-01  2.9029E-02  3.1271E-01  1.0000E+00
 1.1196E+04  2.9468E-02  1.5581E-01  2.9108E-02  3.1118E-01  1.0000E+00
 1.1282E+04  2.9545E-02  1.5501E-01  2.9188E-02  3.0966E-01  1.0000E+00
 1.1369E+04  2.9623E-02  1.5423E-01  2.9268E-02  3.0815E-01  1.0000E+00
 1.1456E+04  2.9700E-02  1.5344E-01  2.9348E-02  3.0664E-01  1.0000E+00
 1.1543E+04  2.9777E-02  1.5266E-01  2.9428E-02  3.0514E-01  1.0000E+00
 1.1632E+04  2.9855E-02  1.5188E-01  2.9508E-02  3.0364E-01  1.0000E+00
 1.1721E+04  2.9933E-02  1.5110E-01  2.9588E-02  3.0215E-01  1.0000E+00
 1.1811E+04  3.0010E-02  1.5033E-01  2.9668E-02  3.0067E-01  1.0000E+00
 1.1901E+04  3.0088E-02  1.4956E-01  2.9749E-02  2.9919E-01  1.0000E+00
 1.1992E+04  3.0166E-02  1.4880E-01  2.9829E-02  2.9772E-01  1.0000E+00
 1.2084E+04  3.0245E-02  1.4804E-01  2.9910E-02  2.9626E-01  1.0000E+00
 1.2177E+04  3.0323E-02  1.4728E-01  2.9991E-02  2.9480E-01  1.0000E+00
 1.2270E+04  3.0401E-02  1.4653E-01  3.0072E-02  2.9335E-01  1.0000E+00
 1.2364E+04  3.0480E-02  1.4577E-01  3.0152E-02  2.9191E-01  1.0000E+00
 1.2458E+04  3.0559E-02  1.4503E-01  3.0234E-02  2.9047E-01  1.0000E+00
 1.2554E+04  3.0638E-02  1.4428E-01  3.0315E-02  2.8903E-01  1.0000E+00
 1.2650E+04  3.0717E-02  1.4354E-01  3.0396E-02  2.8761E-01  1.0000E+00
 1.2747E+04  3.0796E-02  1.4281E-01  3.0478E-02  2.8619E-01  1.0000E+00
 1.2845E+04  3.0875E-02  1.4207E-01  3.0559E-02  2.8477E-01  1.0000E+00
 1.2943E+04  3.0954E-02  1.4134E-01  3.0641E-02  2.8336E-01  1.0000E+00
 1.3042E+04  3.1034E-02  1.4061E-01  3.0723E-02  2.8196E-01  1.0000E+00
 1.3142E+04  3.1114E-02  1.3989E-01  3.0805E-02  2.8056E-01  1.0000E+00
 1.3243E+04  3.1194E-02  1.3917E-01  3.0887E-02  2.7917E-01  1.0000E+00
 1.3344E+04  3.1274E-02  1.3845E-01  3.0969E-02  2.7779E-01  1.0000E+00
 1.3446E+04  3.1354E-02  1.3774E-01  3.1052E-02  2.7641E-01  1.0000E+00
 1.3549E+04  3.1434E-02  1.3703E-01  3.1134E-02  2.7504E-01  1.0000E+00
 1.3653E+04  3.1515E-02  1.3632E-01  3.1217E-02  2.7367E-01  1.0000E+00
 1.3757E+04  3.1595E-02  1.3562E-01  3.1299E-02  2.7231E-01  1.0000E+00
 1.3863E+04  3.1676E-02  1.3492E-01  3.1382E-02  2.7096E-01  1.0000E+00
 1.3969E+04  3.1757E-02  1.3422E-01  3.1465E-02  2.6961E-01  1.0000E+00
 1.4076E+04  3.1838E-02  1.3353E-01  3.1549E-02  2.6827E-01  1.0000E+00
 1.4184E+04  3.1919E-02  1.3284E-01  3.1632E-02  2.6693E-01  1.0000E+00
 1.4292E+04  3.2001E-02  1.3215E-01  3.1715E-02  2.6561E-01  1.0000E+00
 1.4402E+04  3.2082E-02  1.3147E-01  3.1799E-02  2.6428E-01  1.0000E+00
 1.4512E+04  3.2164E-02  1.3078E-01  3.1883E-02  2.6296E-01  1.0000E+00
 1.4623E+04  3.2246E-02  1.3011E-01  3.1967E-02  2.6165E-01  1.0000E+00
 1.4735E+04  3.2328E-02  1.2943E-01  3.2051E-02  2.6035E-01  1.0000E+00
 1.4848E+04  3.2410E-02  1.2876E-01  3.2135E-02  2.5905E-01  1.0000E+00
 1.4962E+04  3.2492E-02  1.2809E-01  3.2219E-02  2.5775E-01  1.0000E+00
 1.5076E+04  3.2575E-02  1.2743E-01  3.2304E-02  2.5646E-01  1.0000E+00
 1.5192E+04  3.2658E-02  1.2677E-01  3.2388E-02  2.5518E-01  1.0000E+00
 1.5308E+04  3.2740E-02  1.2611E-01  3.2473E-02  2.5390E-01  1.0000E+00
 1.5425E+04  3.2824E-02  1.2545E-01  3.2558E-02  2.5263E-01  1.0000E+00
 1.5544E+04  3.2907E-02  1.2480E-01  3.2643E-02  2.5137E-01  1.0000E+00
 1.5663E+04  3.2990E-02  1.2415E-01  3.2728E-02  2.5011E-01  1.0000E+00
 1.5783E+04  3.3074E-02  1.2351E-01  3.2814E-02  2.4886E-01  1.0000E+00
 1.5903E+04  3.3157E-02  1.2286E-01  3.2900E-02  2.4761E-01  1.0000E+00
 1.6025E+04  3.3241E-02  1.2222E-01  3.2985E-02  2.4637E-01  1.0000E+00
 1.6148E+04  3.3325E-02  1.2159E-01  3.3071E-02  2.4513E-01  1.0000E+00
 1.6272E+04  3.3410E-02  1.2095E-01  3.3157E-02  2.4390E-01  1.0000E+00
 1.6396E+04  3.3494E-02  1.2032E-01  3.3244E-02  2.4268E-01  1.0000E+00
 1.6522E+04  3.3579E-02  1.1970E-01  3.3330E-02  2.4146E-01  1.0000E+00
 1.6648E+04  3.3664E-02  1.1907E-01  3.3417E-02  2.4025E-01  1.0000E+00
 1.6776E+04  3.3749E-02  1.1845E-01  3.3503E-02  2.3904E-01  1.0000E+00
 1.6904E+04  3.3834E-02  1.1783E-01  3.3590E-02  2.3784E-01  1.0000E+00
 1.7034E+04  3.3919E-02  1.1722E-01  3.3677E-02  2.3665E-01  1.0000E+00
 1.7164E+04  3.4005E-02  1.1661E-01  3.3765E-02  2.3546E-01  1.0000E+00
 1.7296E+04  3.4091E-02  1.1600E-01  3.3852E-02  2.3427E-01  1.0000E+00
 1.7428E+04  3.4177E-02  1.1539E-01  3.3940E-02  2.3309E-01  1.0000E+00
 1.7562E+04  3.4263E-02  1.1479E-01  3.4028E-02  2.3192E-01  1.0000E+00
 1.7696E+04  3.4349E-02  1.1419E-01  3.4116E-02  2.3075E-01  1.0000E+00
 1.7832E+04  3.4436E-02  1.1359E-01  3.4204E-02  2.2959E-01  1.0000E+00
 1.7968E+04  3.4522E-02  1.1300E-01  3.4292E-02  2.2844E-01  1.0000E+00
 1.8106E+04  3.4609E-02  1.1241E-01  3.4381E-02  2.2729E-01  1.0000E+00
 1.8244E+04  3.4697E-02  1.1182E-01  3.4470E-02  2.2614E-01  1.0000E+00
 1.8384E+04  3.4784E-02  1.1123E-01  3.4559E-02  2.2500E-01  1.0000E+00
 1.8525E+04  3.4872E-02  1.1065E-01  3.4648E-02  2.2387E-01  1.0000E+00
 1.8667E+04  3.4959E-02  1.1007E-01  3.4737E-02  2.2274E-01  1.0000E+00
 1.8810E+04  3.5047E-02  1.0949E-01  3.4827E-02  2.2162E-01  1.0000E+00
 1.8954E+04  3.5136E-02  1.0892E-01  3.4917E-02  2.2050E-01  1.0000E+00
 1.9099E+04  3.5224E-02  1.0835E-01  3.5007E-02  2.1939E-01  1.0000E+00
 1.9245E+04  3.5313E-02  1.0778E-01  3.5097E-02  2.1828E-01  1.0000E+00
 1.9393E+04  3.5402E-02  1.0722E-01  3.5187E-02  2.1718E-01  1.0000E+00
 1.9541E+04  3.5491E-02  1.0665E-01  3.5278E-02  2.1608E-01  1.0000E+00
 1.9691E+04  3.5580E-02  1.0610E-01  3.5369E-02  2.1499E-01  1.0000E+00
 1.9842E+04  3.5670E-02  1.0554E-01  3.5460E-02  2.1391E-01  1.0000E+00
 1.9994E+04  3.5759E-02  1.0498E-01  3.5551E-02  2.1283E-01  1.0000E+00
 2.0147E+04  3.5849E-02  1.0443E-01  3.5643E-02  2.1176E-01  1.0000E+00
 2.0301E+04  3.5940E-02  1.0389E-01  3.5734E-02  2.1069E-01  1.0000E+00
 2.0456E+04  3.6030E-02  1.0334E-01  3.5826E-02  2.0962E-01  1.0000E+00
 2.0613E+04  3.6121E-02  1.0280E-01  3.5918E-02  2.0857E-01  1.0000E+00
 2.0771E+04  3.6212E-02  1.0226E-01  3.6011E-02  2.0751E-01  1.0000E+00
 2.0930E+04  3.6303E-02  1.0172E-01  3.6103E-02  2.0647E-01  1.0000E+00
 2.1090E+04  3.6394E-02  1.0119E-01  3.6196E-02  2.0542E-01  1.0000E+00
 2.1252E+04  3.6486E-02  1.0065E-01  3.6289E-02  2.0439E-01  1.0000E+00
 2.1415E+04  3.6578E-02  1.0013E-01  3.6382E-02  2.0335E-01  1.0000E+00
 2.1579E+04  3.6670E-02  9.9599E-02  3.6476E-02  2.0233E-01  1.0000E+00
 2.1744E+04  3.6763E-02  9.9076E-02  3.6570E-02  2.0131E-01  1.0000E+00
 2.1910E+04  3.6855E-02  9.8555E-02  3.6664E-02  2.0029E-01  1.0000E+00
 2.2078E+04  3.6948E-02  9.8037E-02  3.6758E-02  1.9928E-01  1.0000E+00
 2.2247E+04  3.7041E-02  9.7521E-02  3.6853E-02  1.9827E-01  1.0000E+00
 2.2418E+04  3.7135E-02  9.7009E-02  3.6947E-02  1.9727E-01  1.0000E+00
 2.2589E+04  3.7229E-02  9.6498E-02  3.7042E-02  1.9628E-01  1.0000E+00
 2.2762E+04  3.7323E-02  9.5991E-02  3.7138E-02  1.9529E-01  1.0000E+00
 2.2937E+04  3.7417E-02  9.5486E-02  3.7233E-02  1.9430E-01  1.0000E+00
 2.3112E+04  3.7511E-02  9.4984E-02  3.7329E-02  1.9332E-01  1.0000E+00
 2.3289E+04  3.7606E-02  9.4484E-02  3.7425E-02  1.9234E-01  1.0000E+00
 2.3468E+04  3.7701E-02  9.3987E-02  3.7521E-02  1.9137E-01  1.0000E+00
 2.3647E+04  3.7797E-02  9.3492E-02  3.7618E-02  1.9041E-01  1.0000E+00
 2.3829E+04  3.7892E-02  9.3001E-02  3.7715E-02  1.8945E-01  1.0000E+00
 2.4011E+04  3.7988E-02  9.2511E-02  3.7812E-02  1.8849E-01  1.0000E+00
 2.4195E+04  3.8084E-02  9.2024E-02  3.7909E-02  1.8754E-01  1.0000E+00
 2.4380E+04  3.8181E-02  9.1540E-02  3.8007E-02  1.8660E-01  1.0000E+00
 2.4567E+04  3.8278E-02  9.1059E-02  3.8105E-02  1.8565E-01  1.0000E+00
 2.4755E+04  3.8375E-02  9.0579E-02  3.8203E-02  1.8472E-01  1.0000E+00
 2.4945E+04  3.8472E-02  9.0103E-02  3.8302E-02  1.8379E-01  1.0000E+00
 2.5136E+04  3.8570E-02  8.9629E-02  3.8401E-02  1.8286E-01  1.0000E+00
 2.5328E+04  3.8668E-02  8.9157E-02  3.8500E-02  1.8194E-01  1.0000E+00
 2.5522E+04  3.8766E-02  8.8688E-02  3.8599E-02  1.8102E-01  1.0000E+00
 2.5718E+04  3.8864E-02  8.8221E-02  3.8699E-02  1.8011E-01  1.0000E+00
 2.5915E+04  3.8963E-02  8.7757E-02  3.8799E-02  1.7921E-01  1.0000E+00
 2.6113E+04  3.9063E-02  8.7295E-02  3.8899E-02  1.7830E-01  1.0000E+00
 2.6313E+04  3.9162E-02  8.6836E-02  3.9000E-02  1.7741E-01  1.0000E+00
 2.6515E+04  3.9262E-02  8.6379E-02  3.9101E-02  1.7651E-01  1.0000E+00
 2.6718E+04  3.9362E-02  8.5924E-02  3.9202E-02  1.7563E-01  1.0000E+00
 2.6922E+04  3.9463E-02  8.5472E-02  3.9304E-02  1.7474E-01  1.0000E+00
 2.7128E+04  3.9563E-02  8.5023E-02  3.9406E-02  1.7386E-01  1.0000E+00
 2.7336E+04  3.9665E-02  8.4576E-02  3.9508E-02  1.7299E-01  1.0000E+00
 2.7545E+04  3.9766E-02  8.4131E-02  3.9611E-02  1.7212E-01  1.0000E+00
 2.7756E+04  3.9868E-02  8.3688E-02  3.9713E-02  1.7126E-01  1.0000E+00
 2.7969E+04  3.9970E-02  8.3248E-02  3.9817E-02  1.7040E-01  1.0000E+00
 2.8183E+04  4.0072E-02  8.2810E-02  3.9920E-02  1.6954E-01  1.0000E+00
 2.8399E+04  4.0175E-02  8.2375E-02  4.0024E-02  1.6869E-01  1.0000E+00
 2.8617E+04  4.0279E-02  8.1942E-02  4.0128E-02  1.6784E-01  1.0000E+00
 2.8836E+04  4.0382E-02  8.1511E-02  4.0233E-02  1.6700E-01  1.0000E+00
 2.9056E+04  4.0486E-02  8.1083E-02  4.0338E-02  1.6617E-01  1.0000E+00
 2.9279E+04  4.0590E-02  8.0657E-02  4.0443E-02  1.6533E-01  1.0000E+00
 2.9503E+04  4.0695E-02  8.0233E-02  4.0549E-02  1.6451E-01  1.0000E+00
 2.9729E+04  4.0800E-02  7.9812E-02  4.0655E-02  1.6368E-01  1.0000E+00
 2.9957E+04  4.0905E-02  7.9392E-02  4.0761E-02  1.6286E-01  1.0000E+00
 3.0186E+04  4.1011E-02  7.8975E-02  4.0868E-02  1.6205E-01  1.0000E+00
 3.0417E+04  4.1117E-02  7.8561E-02  4.0975E-02  1.6124E-01  1.0000E+00
 3.0650E+04  4.1224E-02  7.8148E-02  4.1082E-02  1.6043E-01  1.0000E+00
 3.0885E+04  4.1331E-02  7.7738E-02  4.1190E-02  1.5963E-01  1.0000E+00
 3.1122E+04  4.1438E-02  7.7330E-02  4.1298E-02  1.5883E-01  1.0000E+00
 3.1360E+04  4.1545E-02  7.6924E-02  4.1407E-02  1.5804E-01  1.0000E+00
 3.1600E+04  4.1654E-02  7.6521E-02  4.1516E-02  1.5725E-01  1.0000E+00
 3.1842E+04  4.1762E-02  7.6120E-02  4.1625E-02  1.5647E-01  1.0000E+00
 3.2086E+04  4.1871E-02  7.5721E-02  4.1735E-02  1.5569E-01  1.0000E+00
 3.2332E+04  4.1980E-02  7.5324E-02  4.1845E-02  1.5491E-01  1.0000E+00
 3.2579E+04  4.2090E-02  7.4929E-02  4.1956E-02  1.5414E-01  1.0000E+00
 3.2829E+04  4.2200E-02  7.4536E-02  4.2067E-02  1.5338E-01  1.0000E+00
 3.3080E+04  4.2311E-02  7.4146E-02  4.2178E-02  1.5261E-01  1.0000E+00
 3.3334E+04  4.2421E-02  7.3758E-02  4.2290E-02  1.5186E-01  1.0000E+00
 3.3589E+04  4.2533E-02  7.3371E-02  4.2403E-02  1.5110E-01  1.0000E+00
 3.3846E+04  4.2645E-02  7.2987E-02  4.2515E-02  1.5035E-01  1.0000E+00
 3.4105E+04  4.2757E-02  7.2606E-02  4.2628E-02  1.4961E-01  1.0000E+00
 3.4367E+04  4.2870E-02  7.2226E-02  4.2742E-02  1.4886E-01  1.0000E+00
 3.4630E+04  4.2983E-02  7.1848E-02  4.2856E-02  1.4813E-01  1.0000E+00
 3.4895E+04  4.3096E-02  7.1473E-02  4.2970E-02  1.4739E-01  1.0000E+00
 3.5162E+04  4.3210E-02  7.1099E-02  4.3085E-02  1.4666E-01  1.0000E+00
 3.5431E+04  4.3325E-02  7.0728E-02  4.3200E-02  1.4594E-01  1.0000E+00
 3.5703E+04  4.3440E-02  7.0358E-02  4.3316E-02  1.4522E-01  1.0000E+00
 3.5976E+04  4.3555E-02  6.9991E-02  4.3432E-02  1.4450E-01  1.0000E+00
 3.6252E+04  4.3671E-02  6.9626E-02  4.3549E-02  1.4379E-01  1.0000E+00
 3.6529E+04  4.3787E-02  6.9262E-02  4.3666E-02  1.4308E-01  1.0000E+00
 3.6809E+04  4.3904E-02  6.8901E-02  4.3784E-02  1.4237E-01  1.0000E+00
 3.7091E+04  4.4022E-02  6.8542E-02  4.3902E-02  1.4167E-01  1.0000E+00
 3.7375E+04  4.4139E-02  6.8185E-02  4.4021E-02  1.4098E-01  1.0000E+00
 3.7661E+04  4.4258E-02  6.7830E-02  4.4140E-02  1.4028E-01  1.0000E+00
 3.7950E+04  4.4377E-02  6.7477E-02  4.4259E-02  1.3959E-01  1.0000E+00
 3.8240E+04  4.4496E-02  6.7125E-02  4.4379E-02  1.3891E-01  1.0000E+00
 3.8533E+04  4.4616E-02  6.6776E-02  4.4500E-02  1.3823E-01  1.0000E+00
 3.8828E+04  4.4736E-02  6.6429E-02  4.4621E-02  1.3755E-01  1.0000E+00
 3.9126E+04  4.4857E-02  6.6084E-02  4.4743E-02  1.3688E-01  1.0000E+00
 3.9425E+04  4.4978E-02  6.5740E-02  4.4865E-02  1.3621E-01  1.0000E+00
 3.9727E+04  4.5100E-02  6.5399E-02  4.4988E-02  1.3554E-01  1.0000E+00
 4.0032E+04  4.5223E-02  6.5059E-02  4.5111E-02  1.3488E-01  1.0000E+00
 4.0338E+04  4.5346E-02  6.4722E-02  4.5234E-02  1.3422E-01  1.0000E+00
 4.0647E+04  4.5469E-02  6.4386E-02  4.5359E-02  1.3357E-01  1.0000E+00
 4.0958E+04  4.5593E-02  6.4053E-02  4.5484E-02  1.3292E-01  1.0000E+00
 4.1272E+04  4.5718E-02  6.3721E-02  4.5609E-02  1.3227E-01  1.0000E+00
 4.1588E+04  4.5843E-02  6.3391E-02  4.5735E-02  1.3163E-01  1.0000E+00
 4.1907E+04  4.5969E-02  6.3063E-02  4.5861E-02  1.3099E-01  1.0000E+00
 4.2228E+04  4.6095E-02  6.2736E-02  4.5988E-02  1.3035E-01  1.0000E+00
 4.2551E+04  4.6222E-02  6.2412E-02  4.6116E-02  1.2972E-01  1.0000E+00
 4.2877E+04  4.6350E-02  6.2090E-02  4.6244E-02  1.2909E-01  1.0000E+00
 4.3205E+04  4.6478E-02  6.1769E-02  4.6373E-02  1.2847E-01  1.0000E+00
 4.3536E+04  4.6606E-02  6.1450E-02  4.6502E-02  1.2785E-01  1.0000E+00
 4.3869E+04  4.6736E-02  6.1133E-02  4.6632E-02  1.2723E-01  1.0000E+00
 4.4205E+04  4.6866E-02  6.0818E-02  4.6763E-02  1.2662E-01  1.0000E+00
 4.4544E+04  4.6996E-02  6.0505E-02  4.6894E-02  1.2601E-01  1.0000E+00
 4.4885E+04  4.7127E-02  6.0193E-02  4.7026E-02  1.2540E-01  1.0000E+00
 4.5229E+04  4.7259E-02  5.9883E-02  4.7158E-02  1.2480E-01  1.0000E+00
 4.5575E+04  4.7391E-02  5.9575E-02  4.7291E-02  1.2420E-01  1.0000E+00
 4.5924E+04  4.7525E-02  5.9269E-02  4.7425E-02  1.2361E-01  1.0000E+00
 4.6276E+04  4.7658E-02  5.8965E-02  4.7559E-02  1.2301E-01  1.0000E+00
 4.6630E+04  4.7793E-02  5.8662E-02  4.7694E-02  1.2242E-01  1.0000E+00
 4.6987E+04  4.7928E-02  5.8361E-02  4.7830E-02  1.2184E-01  1.0000E+00
 4.7347E+04  4.8063E-02  5.8062E-02  4.7966E-02  1.2126E-01  1.0000E+00
 4.7710E+04  4.8199E-02  5.7765E-02  4.8103E-02  1.2068E-01  1.0000E+00
 4.8075E+04  4.8336E-02  5.7469E-02  4.8241E-02  1.2011E-01  1.0000E+00
 4.8443E+04  4.8474E-02  5.7175E-02  4.8379E-02  1.1953E-01  1.0000E+00
 4.8814E+04  4.8613E-02  5.6883E-02  4.8518E-02  1.1897E-01  1.0000E+00
 4.9188E+04  4.8752E-02  5.6592E-02  4.8657E-02  1.1840E-01  1.0000E+00
 4.9565E+04  4.8891E-02  5.6303E-02  4.8798E-02  1.1784E-01  1.0000E+00
 4.9945E+04  4.9032E-02  5.6016E-02  4.8939E-02  1.1728E-01  1.0000E+00
 5.0327E+04  4.9173E-02  5.5730E-02  4.9081E-02  1.1673E-01  1.0000E+00
 5.0713E+04  4.9315E-02  5.5447E-02  4.9223E-02  1.1618E-01  1.0000E+00
 5.1101E+04  4.9458E-02  5.5164E-02  4.9366E-02  1.1563E-01  1.0000E+00
 5.1492E+04  4.9601E-02  5.4884E-02  4.9510E-02  1.1509E-01  1.0000E+00
 5.1887E+04  4.9745E-02  5.4605E-02  4.9655E-02  1.1455E-01  1.0000E+00
 5.2284E+04  4.9890E-02  5.4328E-02  4.9801E-02  1.1401E-01  1.0000E+00
 5.2684E+04  5.0036E-02  5.4052E-02  4.9947E-02  1.1347E-01  1.0000E+00
 5.3088E+04  5.0182E-02  5.3778E-02  5.0094E-02  1.1294E-01  1.0000E+00
 5.3494E+04  5.0330E-02  5.3506E-02  5.0242E-02  1.1242E-01  1.0000E+00
 5.3904E+04  5.0478E-02  5.3235E-02  5.0390E-02  1.1189E-01  1.0000E+00
 5.4317E+04  5.0627E-02  5.2966E-02  5.0540E-02  1.1137E-01  1.0000E+00
 5.4733E+04  5.0776E-02  5.2698E-02  5.0690E-02  1.1085E-01  1.0000E+00
 5.5152E+04  5.0927E-02  5.2432E-02  5.0841E-02  1.1034E-01  1.0000E+00
 5.5574E+04  5.1078E-02  5.2168E-02  5.0993E-02  1.0983E-01  1.0000E+00
 5.6000E+04  5.1230E-02  5.1905E-02  5.1145E-02  1.0932E-01  1.0000E+00
 5.6429E+04  5.1383E-02  5.1644E-02  5.1299E-02  1.0881E-01  1.0000E+00
 5.6861E+04  5.1537E-02  5.1384E-02  5.1453E-02  1.0831E-01  1.0000E+00
 5.7297E+04  5.1691E-02  5.1126E-02  5.1608E-02  1.0781E-01  1.0000E+00
 5.7735E+04  5.1847E-02  5.0869E-02  5.1764E-02  1.0731E-01  1.0000E+00
 5.8177E+04  5.2003E-02  5.0614E-02  5.1921E-02  1.0682E-01  1.0000E+00
 5.8623E+04  5.2160E-02  5.0361E-02  5.2079E-02  1.0633E-01  1.0000E+00
 5.9072E+04  5.2319E-02  5.0109E-02  5.2237E-02  1.0585E-01  1.0000E+00
 5.9524E+04  5.2478E-02  4.9858E-02  5.2397E-02  1.0536E-01  1.0000E+00
 5.9980E+04  5.2638E-02  4.9609E-02  5.2557E-02  1.0488E-01  1.0000E+00
 6.0440E+04  5.2798E-02  4.9362E-02  5.2719E-02  1.0440E-01  1.0000E+00
 6.0902E+04  5.2960E-02  4.9116E-02  5.2881E-02  1.0393E-01  1.0000E+00
 6.1369E+04  5.3123E-02  4.8871E-02  5.3044E-02  1.0346E-01  1.0000E+00
 6.1839E+04  5.3287E-02  4.8628E-02  5.3208E-02  1.0299E-01  1.0000E+00
 6.2312E+04  5.3451E-02  4.8386E-02  5.3373E-02  1.0252E-01  1.0000E+00
 6.2790E+04  5.3617E-02  4.8146E-02  5.3539E-02  1.0206E-01  1.0000E+00
 6.3270E+04  5.3783E-02  4.7907E-02  5.3707E-02  1.0160E-01  1.0000E+00
 6.3755E+04  5.3951E-02  4.7670E-02  5.3875E-02  1.0114E-01  1.0000E+00
 6.4243E+04  5.4120E-02  4.7434E-02  5.4044E-02  1.0069E-01  1.0000E+00
 6.4735E+04  5.4289E-02  4.7200E-02  5.4214E-02  1.0024E-01  1.0000E+00
 6.5231E+04  5.4460E-02  4.6967E-02  5.4385E-02  9.9792E-02  1.0000E+00
 6.5731E+04  5.4631E-02  4.6735E-02  5.4557E-02  9.9346E-02  1.0000E+00
 6.6234E+04  5.4804E-02  4.6505E-02  5.4730E-02  9.8904E-02  1.0000E+00
 6.6741E+04  5.4978E-02  4.6277E-02  5.4904E-02  9.8465E-02  1.0000E+00
 6.7252E+04  5.5152E-02  4.6049E-02  5.5079E-02  9.8028E-02  1.0000E+00
 6.7767E+04  5.5328E-02  4.5823E-02  5.5255E-02  9.7595E-02  1.0000E+00
 6.8286E+04  5.5505E-02  4.5599E-02  5.5433E-02  9.7164E-02  1.0000E+00
 6.8809E+04  5.5683E-02  4.5376E-02  5.5611E-02  9.6736E-02  1.0000E+00
 6.9336E+04  5.5862E-02  4.5154E-02  5.5791E-02  9.6310E-02  1.0000E+00
 6.9867E+04  5.6043E-02  4.4933E-02  5.5971E-02  9.5888E-02  1.0000E+00
 7.0402E+04  5.6224E-02  4.4714E-02  5.6153E-02  9.5468E-02  1.0000E+00
 7.0942E+04  5.6406E-02  4.4496E-02  5.6336E-02  9.5051E-02  1.0000E+00
 7.1485E+04  5.6590E-02  4.4280E-02  5.6520E-02  9.4637E-02  1.0000E+00
 7.2032E+04  5.6775E-02  4.4065E-02  5.6705E-02  9.4226E-02  1.0000E+00
 7.2584E+04  5.6961E-02  4.3851E-02  5.6892E-02  9.3817E-02  1.0000E+00
 7.3140E+04  5.7148E-02  4.3639E-02  5.7079E-02  9.3411E-02  1.0000E+00
 7.3700E+04  5.7337E-02  4.3428E-02  5.7268E-02  9.3008E-02  1.0000E+00
 7.4264E+04  5.7526E-02  4.3218E-02  5.7458E-02  9.2607E-02  1.0000E+00
 7.4833E+04  5.7717E-02  4.3009E-02  5.7649E-02  9.2209E-02  1.0000E+00
 7.5406E+04  5.7909E-02  4.2802E-02  5.7842E-02  9.1814E-02  1.0000E+00
 7.5984E+04  5.8102E-02  4.2596E-02  5.8036E-02  9.1421E-02  1.0000E+00
 7.6566E+04  5.8297E-02  4.2392E-02  5.8231E-02  9.1031E-02  1.0000E+00
 7.7152E+04  5.8493E-02  4.2188E-02  5.8427E-02  9.0644E-02  1.0000E+00
 7.7743E+04  5.8690E-02  4.1986E-02  5.8624E-02  9.0259E-02  1.0000E+00
 7.8338E+04  5.8889E-02  4.1785E-02  5.8823E-02  8.9877E-02  1.0000E+00
 7.8938E+04  5.9088E-02  4.1586E-02  5.9023E-02  8.9497E-02  1.0000E+00
 7.9543E+04  5.9290E-02  4.1388E-02  5.9225E-02  8.9120E-02  1.0000E+00
 8.0152E+04  5.9492E-02  4.1190E-02  5.9428E-02  8.8746E-02  1.0000E+00
 8.0766E+04  5.9696E-02  4.0995E-02  5.9632E-02  8.8374E-02  1.0000E+00
 8.1384E+04  5.9901E-02  4.0800E-02  5.9837E-02  8.8005E-02  1.0000E+00
 8.2008E+04  6.0108E-02  4.0607E-02  6.0044E-02  8.7638E-02  1.0000E+00
 8.2636E+04  6.0316E-02  4.0415E-02  6.0253E-02  8.7274E-02  1.0000E+00
 8.3268E+04  6.0525E-02  4.0224E-02  6.0463E-02  8.6912E-02  1.0000E+00
 8.3906E+04  6.0736E-02  4.0034E-02  6.0674E-02  8.6553E-02  1.0000E+00
 8.4549E+04  6.0948E-02  3.9845E-02  6.0887E-02  8.6196E-02  1.0000E+00
 8.5196E+04  6.1162E-02  3.9658E-02  6.1101E-02  8.5842E-02  1.0000E+00
 8.5849E+04  6.1378E-02  3.9472E-02  6.1316E-02  8.5490E-02  1.0000E+00
 8.6506E+04  6.1594E-02  3.9287E-02  6.1533E-02  8.5141E-02  1.0000E+00
 8.7169E+04  6.1813E-02  3.9103E-02  6.1752E-02  8.4794E-02  1.0000E+00
 8.7836E+04  6.2033E-02  3.8921E-02  6.1972E-02  8.4449E-02  1.0000E+00
 8.8509E+04  6.2254E-02  3.8739E-02  6.2194E-02  8.4107E-02  1.0000E+00
 8.9187E+04  6.2477E-02  3.8559E-02  6.2417E-02  8.3768E-02  1.0000E+00
 8.9870E+04  6.2702E-02  3.8380E-02  6.2642E-02  8.3431E-02  1.0000E+00
 9.0558E+04  6.2928E-02  3.8202E-02  6.2869E-02  8.3096E-02  1.0000E+00
 9.1252E+04  6.3155E-02  3.8025E-02  6.3097E-02  8.2764E-02  1.0000E+00
 9.1950E+04  6.3385E-02  3.7849E-02  6.3327E-02  8.2434E-02  1.0000E+00
 9.2655E+04  6.3616E-02  3.7675E-02  6.3558E-02  8.2106E-02  1.0000E+00
 9.3364E+04  6.3849E-02  3.7501E-02  6.3791E-02  8.1781E-02  1.0000E+00
 9.4079E+04  6.4083E-02  3.7329E-02  6.4026E-02  8.1458E-02  1.0000E+00
 9.4800E+04  6.4319E-02  3.7158E-02  6.4262E-02  8.1137E-02  1.0000E+00
 9.5526E+04  6.4557E-02  3.6988E-02  6.4500E-02  8.0819E-02  1.0000E+00
 9.6257E+04  6.4797E-02  3.6819E-02  6.4740E-02  8.0503E-02  1.0000E+00
 9.6994E+04  6.5038E-02  3.6651E-02  6.4982E-02  8.0190E-02  1.0000E+00
 9.7737E+04  6.5281E-02  3.6484E-02  6.5225E-02  7.9878E-02  1.0000E+00
 9.8486E+04  6.5526E-02  3.6319E-02  6.5471E-02  7.9569E-02  1.0000E+00
 9.9240E+04  6.5773E-02  3.6154E-02  6.5718E-02  7.9262E-02  1.0000E+00
 1.0000E+05  6.6022E-02  3.5990E-02  6.5967E-02  7.8958E-02  1.0000E+00


