#     0	 1	   23	 3	 1.2473E+02	 1000	1
 4.8978E+01  0.0000E+00  0.0000E+00  0.0000E+00  0.0000E+00  0.0000E+00
 4.9353E+01  0.0000E+00  0.0000E+00  0.0000E+00  0.0000E+00  0.0000E+00
 4.9731E+01  0.0000E+00  0.0000E+00  0.0000E+00  0.0000E+00  0.0000E+00
 5.0112E+01  0.0000E+00  0.0000E+00  0.0000E+00  0.0000E+00  0.0000E+00
 5.0496E+01  0.0000E+00  0.0000E+00  0.0000E+00  0.0000E+00  0.0000E+00
 5.0882E+01  0.0000E+00  0.0000E+00  0.0000E+00  0.0000E+00  0.0000E+00
 5.1272E+01  0.0000E+00  0.0000E+00  0.0000E+00  0.0000E+00  0.0000E+00
 5.1665E+01  0.0000E+00  0.0000E+00  0.0000E+00  0.0000E+00  0.0000E+00
 5.2060E+01  0.0000E+00  0.0000E+00  0.0000E+00  0.0000E+00  0.0000E+00
 5.2459E+01  0.0000E+00  0.0000E+00  0.0000E+00  0.0000E+00  0.0000E+00
 5.2861E+01  0.0000E+00  0.0000E+00  0.0000E+00  0.0000E+00  0.0000E+00
 5.3266E+01  0.0000E+00  0.0000E+00  0.0000E+00  0.0000E+00  0.0000E+00
 5.3673E+01  0.0000E+00  0.0000E+00  0.0000E+00  0.0000E+00  0.0000E+00
 5.4085E+01  0.0000E+00  0.0000E+00  0.0000E+00  0.0000E+00  0.0000E+00
 5.4499E+01  0.0000E+00  0.0000E+00  0.0000E+00  0.0000E+00  0.0000E+00
 5.4916E+01  0.0000E+00  0.0000E+00  0.0000E+00  0.0000E+00  0.0000E+00
 5.5337E+01  0.0000E+00  0.0000E+00  0.0000E+00  0.0000E+00  0.0000E+00
 5.5760E+01  0.0000E+00  0.0000E+00  0.0000E+00  0.0000E+00  0.0000E+00
 5.6187E+01  0.0000E+00  0.0000E+00  0.0000E+00  0.0000E+00  0.0000E+00
 5.6618E+01  0.0000E+00  0.0000E+00  0.0000E+00  0.0000E+00  0.0000E+00
 5.7051E+01  0.0000E+00  0.0000E+00  0.0000E+00  0.0000E+00  0.0000E+00
 5.7488E+01  0.0000E+00  0.0000E+00  0.0000E+00  0.0000E+00  0.0000E+00
 5.7929E+01  0.0000E+00  0.0000E+00  0.0000E+00  0.0000E+00  0.0000E+00
 5.8372E+01  0.0000E+00  0.0000E+00  0.0000E+00  0.0000E+00  0.0000E+00
 5.8819E+01  0.0000E+00  0.0000E+00  0.0000E+00  0.0000E+00  0.0000E+00
 5.9270E+01  0.0000E+00  0.0000E+00  0.0000E+00  0.0000E+00  0.0000E+00
 5.9724E+01  0.0000E+00  0.0000E+00  0.0000E+00  0.0000E+00  0.0000E+00
 6.0181E+01  0.0000E+00  0.0000E+00  0.0000E+00  0.0000E+00  0.0000E+00
 6.0642E+01  0.0000E+00  0.0000E+00  0.0000E+00  0.0000E+00  0.0000E+00
 6.1106E+01  0.0000E+00  0.0000E+00  0.0000E+00  0.0000E+00  0.0000E+00
 6.1574E+01  0.0000E+00  0.0000E+00  0.0000E+00  0.0000E+00  0.0000E+00
 6.2046E+01  0.0000E+00  0.0000E+00  0.0000E+00  0.0000E+00  0.0000E+00
 6.2521E+01  0.0000E+00  0.0000E+00  0.0000E+00  0.0000E+00  0.0000E+00
 6.3000E+01  0.0000E+00  0.0000E+00  0.0000E+00  0.0000E+00  0.0000E+00
 6.3482E+01  0.0000E+00  0.0000E+00  0.0000E+00  0.0000E+00  0.0000E+00
 6.3968E+01  0.0000E+00  0.0000E+00  0.0000E+00  0.0000E+00  0.0000E+00
 6.4458E+01  0.0000E+00  0.0000E+00  0.0000E+00  0.0000E+00  0.0000E+00
 6.4952E+01  0.0000E+00  0.0000E+00  0.0000E+00  0.0000E+00  0.0000E+00
 6.5449E+01  0.0000E+00  0.0000E+00  0.0000E+00  0.0000E+00  0.0000E+00
 6.5951E+01  0.0000E+00  0.0000E+00  0.0000E+00  0.0000E+00  0.0000E+00
 6.6456E+01  0.0000E+00  0.0000E+00  0.0000E+00  0.0000E+00  0.0000E+00
 6.6965E+01  0.0000E+00  0.0000E+00  0.0000E+00  0.0000E+00  0.0000E+00
 6.7478E+01  0.0000E+00  0.0000E+00  0.0000E+00  0.0000E+00  0.0000E+00
 6.7994E+01  0.0000E+00  0.0000E+00  0.0000E+00  0.0000E+00  0.0000E+00
 6.8515E+01  0.0000E+00  0.0000E+00  0.0000E+00  0.0000E+00  0.0000E+00
 6.9040E+01  0.0000E+00  0.0000E+00  0.0000E+00  0.0000E+00  0.0000E+00
 6.9568E+01  0.0000E+00  0.0000E+00  0.0000E+00  0.0000E+00  0.0000E+00
 7.0101E+01  0.0000E+00  0.0000E+00  0.0000E+00  0.0000E+00  0.0000E+00
 7.0638E+01  0.0000E+00  0.0000E+00  0.0000E+00  0.0000E+00  0.0000E+00
 7.1179E+01  0.0000E+00  0.0000E+00  0.0000E+00  0.0000E+00  0.0000E+00
 7.1724E+01  0.0000E+00  0.0000E+00  0.0000E+00  0.0000E+00  0.0000E+00
 7.2273E+01  0.0000E+00  0.0000E+00  0.0000E+00  0.0000E+00  0.0000E+00
 7.2827E+01  0.0000E+00  0.0000E+00  0.0000E+00  0.0000E+00  0.0000E+00
 7.3385E+01  0.0000E+00  0.0000E+00  0.0000E+00  0.0000E+00  0.0000E+00
 7.3947E+01  0.0000E+00  0.0000E+00  0.0000E+00  0.0000E+00  0.0000E+00
 7.4513E+01  0.0000E+00  0.0000E+00  0.0000E+00  0.0000E+00  0.0000E+00
 7.5084E+01  0.0000E+00  0.0000E+00  0.0000E+00  0.0000E+00  0.0000E+00
 7.5659E+01  0.0000E+00  0.0000E+00  0.0000E+00  0.0000E+00  0.0000E+00
 7.6238E+01  0.0000E+00  0.0000E+00  0.0000E+00  0.0000E+00  0.0000E+00
 7.6822E+01  0.0000E+00  0.0000E+00  0.0000E+00  0.0000E+00  0.0000E+00
 7.7410E+01  0.0000E+00  0.0000E+00  0.0000E+00  0.0000E+00  0.0000E+00
 7.8003E+01  0.0000E+00  0.0000E+00  0.0000E+00  0.0000E+00  0.0000E+00
 7.8601E+01  0.0000E+00  0.0000E+00  0.0000E+00  0.0000E+00  0.0000E+00
 7.9202E+01  0.0000E+00  0.0000E+00  0.0000E+00  0.0000E+00  0.0000E+00
 7.9809E+01  0.0000E+00  0.0000E+00  0.0000E+00  0.0000E+00  0.0000E+00
 8.0420E+01  0.0000E+00  0.0000E+00  0.0000E+00  0.0000E+00  0.0000E+00
 8.1036E+01  0.0000E+00  0.0000E+00  0.0000E+00  0.0000E+00  0.0000E+00
 8.1657E+01  0.0000E+00  0.0000E+00  0.0000E+00  0.0000E+00  0.0000E+00
 8.2282E+01  0.0000E+00  0.0000E+00  0.0000E+00  0.0000E+00  0.0000E+00
 8.2912E+01  0.0000E+00  0.0000E+00  0.0000E+00  0.0000E+00  0.0000E+00
 8.3547E+01  0.0000E+00  0.0000E+00  0.0000E+00  0.0000E+00  0.0000E+00
 8.4187E+01  0.0000E+00  0.0000E+00  0.0000E+00  0.0000E+00  0.0000E+00
 8.4832E+01  0.0000E+00  0.0000E+00  0.0000E+00  0.0000E+00  0.0000E+00
 8.5481E+01  0.0000E+00  0.0000E+00  0.0000E+00  0.0000E+00  0.0000E+00
 8.6136E+01  0.0000E+00  0.0000E+00  0.0000E+00  0.0000E+00  0.0000E+00
 8.6796E+01  0.0000E+00  0.0000E+00  0.0000E+00  0.0000E+00  0.0000E+00
 8.7460E+01  0.0000E+00  0.0000E+00  0.0000E+00  0.0000E+00  0.0000E+00
 8.8130E+01  0.0000E+00  0.0000E+00  0.0000E+00  0.0000E+00  0.0000E+00
 8.8805E+01  0.0000E+00  0.0000E+00  0.0000E+00  0.0000E+00  0.0000E+00
 8.9485E+01  0.0000E+00  0.0000E+00  0.0000E+00  0.0000E+00  0.0000E+00
 9.0171E+01  0.0000E+00  0.0000E+00  0.0000E+00  0.0000E+00  0.0000E+00
 9.0861E+01  0.0000E+00  0.0000E+00  0.0000E+00  0.0000E+00  0.0000E+00
 9.1557E+01  0.0000E+00  0.0000E+00  0.0000E+00  0.0000E+00  0.0000E+00
 9.2258E+01  0.0000E+00  0.0000E+00  0.0000E+00  0.0000E+00  0.0000E+00
 9.2965E+01  0.0000E+00  0.0000E+00  0.0000E+00  0.0000E+00  0.0000E+00
 9.3677E+01  0.0000E+00  0.0000E+00  0.0000E+00  0.0000E+00  0.0000E+00
 9.4394E+01  0.0000E+00  0.0000E+00  0.0000E+00  0.0000E+00  0.0000E+00
 9.5117E+01  0.0000E+00  0.0000E+00  0.0000E+00  0.0000E+00  0.0000E+00
 9.5845E+01  0.0000E+00  0.0000E+00  0.0000E+00  0.0000E+00  0.0000E+00
 9.6579E+01  0.0000E+00  0.0000E+00  0.0000E+00  0.0000E+00  0.0000E+00
 9.7319E+01  0.0000E+00  0.0000E+00  0.0000E+00  0.0000E+00  0.0000E+00
 9.8064E+01  0.0000E+00  0.0000E+00  0.0000E+00  0.0000E+00  0.0000E+00
 9.8815E+01  0.0000E+00  0.0000E+00  0.0000E+00  0.0000E+00  0.0000E+00
 9.9572E+01  0.0000E+00  0.0000E+00  0.0000E+00  0.0000E+00  0.0000E+00
 1.0033E+02  0.0000E+00  0.0000E+00  0.0000E+00  0.0000E+00  0.0000E+00
 1.0110E+02  0.0000E+00  0.0000E+00  0.0000E+00  0.0000E+00  0.0000E+00
 1.0188E+02  0.0000E+00  0.0000E+00  0.0000E+00  0.0000E+00  0.0000E+00
 1.0266E+02  0.0000E+00  0.0000E+00  0.0000E+00  0.0000E+00  0.0000E+00
 1.0344E+02  0.0000E+00  0.0000E+00  0.0000E+00  0.0000E+00  0.0000E+00
 1.0424E+02  0.0000E+00  0.0000E+00  0.0000E+00  0.0000E+00  0.0000E+00
 1.0503E+02  0.0000E+00  0.0000E+00  0.0000E+00  0.0000E+00  0.0000E+00
 1.0584E+02  0.0000E+00  0.0000E+00  0.0000E+00  0.0000E+00  0.0000E+00
 1.0665E+02  0.0000E+00  0.0000E+00  0.0000E+00  0.0000E+00  0.0000E+00
 1.0747E+02  0.0000E+00  0.0000E+00  0.0000E+00  0.0000E+00  0.0000E+00
 1.0829E+02  0.0000E+00  0.0000E+00  0.0000E+00  0.0000E+00  0.0000E+00
 1.0912E+02  0.0000E+00  0.0000E+00  0.0000E+00  0.0000E+00  0.0000E+00
 1.0995E+02  0.0000E+00  0.0000E+00  0.0000E+00  0.0000E+00  0.0000E+00
 1.1080E+02  0.0000E+00  0.0000E+00  0.0000E+00  0.0000E+00  0.0000E+00
 1.1164E+02  0.0000E+00  0.0000E+00  0.0000E+00  0.0000E+00  0.0000E+00
 1.1250E+02  0.0000E+00  0.0000E+00  0.0000E+00  0.0000E+00  0.0000E+00
 1.1336E+02  0.0000E+00  0.0000E+00  0.0000E+00  0.0000E+00  0.0000E+00
 1.1423E+02  0.0000E+00  0.0000E+00  0.0000E+00  0.0000E+00  0.0000E+00
 1.1510E+02  0.0000E+00  0.0000E+00  0.0000E+00  0.0000E+00  0.0000E+00
 1.1599E+02  0.0000E+00  0.0000E+00  0.0000E+00  0.0000E+00  0.0000E+00
 1.1687E+02  0.0000E+00  0.0000E+00  0.0000E+00  0.0000E+00  0.0000E+00
 1.1777E+02  0.0000E+00  0.0000E+00  0.0000E+00  0.0000E+00  0.0000E+00
 1.1867E+02  0.0000E+00  0.0000E+00  0.0000E+00  0.0000E+00  0.0000E+00
 1.1958E+02  0.0000E+00  0.0000E+00  0.0000E+00  0.0000E+00  0.0000E+00
 1.2050E+02  0.0000E+00  0.0000E+00  0.0000E+00  0.0000E+00  0.0000E+00
 1.2142E+02  0.0000E+00  0.0000E+00  0.0000E+00  0.0000E+00  0.0000E+00
 1.2235E+02  0.0000E+00  0.0000E+00  0.0000E+00  0.0000E+00  0.0000E+00
 1.2329E+02  0.0000E+00  0.0000E+00  0.0000E+00  0.0000E+00  0.0000E+00
 1.2423E+02  0.0000E+00  0.0000E+00  0.0000E+00  0.0000E+00  0.0000E+00
 1.2518E+02  3.4183E-03  1.6340E+00  5.9817E-03  5.7193E+00  1.0000E+00
 1.2614E+02  3.4055E-03  1.6156E+00  5.9817E-03  5.6758E+00  1.0000E+00
 1.2711E+02  3.3928E-03  1.5973E+00  5.9817E-03  5.6327E+00  1.0000E+00
 1.2808E+02  3.3802E-03  1.5792E+00  5.9817E-03  5.5899E+00  1.0000E+00
 1.2906E+02  3.3676E-03  1.5614E+00  5.9818E-03  5.5475E+00  1.0000E+00
 1.3005E+02  3.3552E-03  1.5438E+00  5.9818E-03  5.5053E+00  1.0000E+00
 1.3104E+02  3.3431E-03  1.5266E+00  5.9818E-03  5.4635E+00  1.0000E+00
 1.3205E+02  3.3314E-03  1.5097E+00  5.9818E-03  5.4220E+00  1.0000E+00
 1.3306E+02  3.3202E-03  1.4931E+00  5.9819E-03  5.3808E+00  1.0000E+00
 1.3408E+02  3.3093E-03  1.4770E+00  5.9819E-03  5.3399E+00  1.0000E+00
 1.3510E+02  3.2989E-03  1.4611E+00  5.9819E-03  5.2994E+00  1.0000E+00
 1.3614E+02  3.2888E-03  1.4456E+00  5.9819E-03  5.2591E+00  1.0000E+00
 1.3718E+02  3.2792E-03  1.4304E+00  5.9820E-03  5.2192E+00  1.0000E+00
 1.3823E+02  3.2699E-03  1.4155E+00  5.9820E-03  5.1795E+00  1.0000E+00
 1.3929E+02  3.2610E-03  1.4009E+00  5.9820E-03  5.1402E+00  1.0000E+00
 1.4036E+02  3.2524E-03  1.3866E+00  5.9820E-03  5.1012E+00  1.0000E+00
 1.4143E+02  3.2442E-03  1.3726E+00  5.9821E-03  5.0624E+00  1.0000E+00
 1.4252E+02  3.2364E-03  1.3589E+00  5.9821E-03  5.0240E+00  1.0000E+00
 1.4361E+02  3.2289E-03  1.3454E+00  5.9821E-03  4.9858E+00  1.0000E+00
 1.4471E+02  3.2217E-03  1.3322E+00  5.9821E-03  4.9479E+00  1.0000E+00
 1.4582E+02  3.2149E-03  1.3193E+00  5.9822E-03  4.9103E+00  1.0000E+00
 1.4693E+02  3.2084E-03  1.3066E+00  5.9822E-03  4.8730E+00  1.0000E+00
 1.4806E+02  3.2022E-03  1.2942E+00  5.9822E-03  4.8360E+00  1.0000E+00
 1.4919E+02  3.1963E-03  1.2820E+00  5.9822E-03  4.7993E+00  1.0000E+00
 1.5033E+02  3.1908E-03  1.2700E+00  5.9823E-03  4.7629E+00  1.0000E+00
 1.5149E+02  3.1855E-03  1.2583E+00  5.9823E-03  4.7267E+00  1.0000E+00
 1.5265E+02  3.1806E-03  1.2468E+00  5.9823E-03  4.6908E+00  1.0000E+00
 1.5381E+02  3.1759E-03  1.2355E+00  5.9823E-03  4.6551E+00  1.0000E+00
 1.5499E+02  3.1716E-03  1.2245E+00  5.9824E-03  4.6198E+00  1.0000E+00
 1.5618E+02  3.1675E-03  1.2136E+00  5.9824E-03  4.5847E+00  1.0000E+00
 1.5738E+02  3.1637E-03  1.2029E+00  5.9824E-03  4.5499E+00  1.0000E+00
 1.5858E+02  3.1602E-03  1.1925E+00  5.9825E-03  4.5153E+00  1.0000E+00
 1.5980E+02  3.1570E-03  1.1822E+00  5.9825E-03  4.4810E+00  1.0000E+00
 1.6102E+02  3.1541E-03  1.1721E+00  5.9825E-03  4.4470E+00  1.0000E+00
 1.6225E+02  3.1514E-03  1.1622E+00  5.9825E-03  4.4132E+00  1.0000E+00
 1.6349E+02  3.1490E-03  1.1525E+00  5.9826E-03  4.3797E+00  1.0000E+00
 1.6475E+02  3.1468E-03  1.1430E+00  5.9826E-03  4.3464E+00  1.0000E+00
 1.6601E+02  3.1449E-03  1.1336E+00  5.9826E-03  4.3134E+00  1.0000E+00
 1.6728E+02  3.1433E-03  1.1244E+00  5.9827E-03  4.2807E+00  1.0000E+00
 1.6856E+02  3.1419E-03  1.1154E+00  5.9827E-03  4.2482E+00  1.0000E+00
 1.6985E+02  3.1408E-03  1.1065E+00  5.9827E-03  4.2159E+00  1.0000E+00
 1.7115E+02  3.1399E-03  1.0978E+00  5.9828E-03  4.1839E+00  1.0000E+00
 1.7246E+02  3.1393E-03  1.0892E+00  5.9828E-03  4.1521E+00  1.0000E+00
 1.7378E+02  3.1389E-03  1.0808E+00  5.9828E-03  4.1206E+00  1.0000E+00
 1.7511E+02  3.1387E-03  1.0725E+00  5.9828E-03  4.0893E+00  1.0000E+00
 1.7646E+02  3.1388E-03  1.0644E+00  5.9829E-03  4.0582E+00  1.0000E+00
 1.7781E+02  3.1391E-03  1.0564E+00  5.9829E-03  4.0274E+00  1.0000E+00
 1.7917E+02  3.1397E-03  1.0486E+00  5.9829E-03  3.9968E+00  1.0000E+00
 1.8054E+02  3.1405E-03  1.0408E+00  5.9830E-03  3.9664E+00  1.0000E+00
 1.8192E+02  3.1415E-03  1.0333E+00  5.9830E-03  3.9363E+00  1.0000E+00
 1.8332E+02  3.1427E-03  1.0258E+00  5.9830E-03  3.9064E+00  1.0000E+00
 1.8472E+02  3.1441E-03  1.0185E+00  5.9831E-03  3.8768E+00  1.0000E+00
 1.8614E+02  3.1458E-03  1.0113E+00  5.9831E-03  3.8473E+00  1.0000E+00
 1.8756E+02  3.1477E-03  1.0042E+00  5.9831E-03  3.8181E+00  1.0000E+00
 1.8900E+02  3.1498E-03  9.9722E-01  5.9832E-03  3.7891E+00  1.0000E+00
 1.9045E+02  3.1521E-03  9.9037E-01  5.9832E-03  3.7603E+00  1.0000E+00
 1.9190E+02  3.1547E-03  9.8364E-01  5.9832E-03  3.7318E+00  1.0000E+00
 1.9337E+02  3.1574E-03  9.7701E-01  5.9833E-03  3.7034E+00  1.0000E+00
 1.9485E+02  3.1604E-03  9.7048E-01  5.9833E-03  3.6753E+00  1.0000E+00
 1.9635E+02  3.1634E-03  9.6404E-01  5.9833E-03  3.6474E+00  1.0000E+00
 1.9785E+02  3.1666E-03  9.5768E-01  5.9834E-03  3.6197E+00  1.0000E+00
 1.9937E+02  3.1700E-03  9.5140E-01  5.9834E-03  3.5922E+00  1.0000E+00
 2.0089E+02  3.1734E-03  9.4520E-01  5.9835E-03  3.5649E+00  1.0000E+00
 2.0243E+02  3.1770E-03  9.3907E-01  5.9835E-03  3.5379E+00  1.0000E+00
 2.0398E+02  3.1807E-03  9.3302E-01  5.9835E-03  3.5110E+00  1.0000E+00
 2.0554E+02  3.1846E-03  9.2705E-01  5.9836E-03  3.4843E+00  1.0000E+00
 2.0712E+02  3.1885E-03  9.2114E-01  5.9836E-03  3.4579E+00  1.0000E+00
 2.0870E+02  3.1926E-03  9.1531E-01  5.9836E-03  3.4316E+00  1.0000E+00
 2.1030E+02  3.1968E-03  9.0956E-01  5.9837E-03  3.4056E+00  1.0000E+00
 2.1191E+02  3.2012E-03  9.0387E-01  5.9837E-03  3.3797E+00  1.0000E+00
 2.1354E+02  3.2056E-03  8.9825E-01  5.9837E-03  3.3540E+00  1.0000E+00
 2.1517E+02  3.2102E-03  8.9269E-01  5.9838E-03  3.3286E+00  1.0000E+00
 2.1682E+02  3.2149E-03  8.8721E-01  5.9838E-03  3.3033E+00  1.0000E+00
 2.1848E+02  3.2198E-03  8.8179E-01  5.9839E-03  3.2782E+00  1.0000E+00
 2.2015E+02  3.2247E-03  8.7643E-01  5.9839E-03  3.2533E+00  1.0000E+00
 2.2184E+02  3.2298E-03  8.7113E-01  5.9839E-03  3.2286E+00  1.0000E+00
 2.2354E+02  3.2350E-03  8.6590E-01  5.9840E-03  3.2041E+00  1.0000E+00
 2.2525E+02  3.2403E-03  8.6073E-01  5.9840E-03  3.1798E+00  1.0000E+00
 2.2697E+02  3.2457E-03  8.5562E-01  5.9841E-03  3.1556E+00  1.0000E+00
 2.2871E+02  3.2513E-03  8.5057E-01  5.9841E-03  3.1316E+00  1.0000E+00
 2.3046E+02  3.2569E-03  8.4558E-01  5.9841E-03  3.1079E+00  1.0000E+00
 2.3223E+02  3.2627E-03  8.4064E-01  5.9842E-03  3.0843E+00  1.0000E+00
 2.3401E+02  3.2686E-03  8.3576E-01  5.9842E-03  3.0608E+00  1.0000E+00
 2.3580E+02  3.2747E-03  8.3093E-01  5.9843E-03  3.0376E+00  1.0000E+00
 2.3761E+02  3.2808E-03  8.2616E-01  5.9843E-03  3.0145E+00  1.0000E+00
 2.3942E+02  3.2871E-03  8.2145E-01  5.9844E-03  2.9917E+00  1.0000E+00
 2.4126E+02  3.2934E-03  8.1678E-01  5.9844E-03  2.9689E+00  1.0000E+00
 2.4311E+02  3.2999E-03  8.1217E-01  5.9844E-03  2.9464E+00  1.0000E+00
 2.4497E+02  3.3065E-03  8.0761E-01  5.9845E-03  2.9240E+00  1.0000E+00
 2.4684E+02  3.3133E-03  8.0310E-01  5.9845E-03  2.9018E+00  1.0000E+00
 2.4873E+02  3.3201E-03  7.9864E-01  5.9846E-03  2.8798E+00  1.0000E+00
 2.5064E+02  3.3270E-03  7.9423E-01  5.9846E-03  2.8579E+00  1.0000E+00
 2.5256E+02  3.3341E-03  7.8987E-01  5.9847E-03  2.8362E+00  1.0000E+00
 2.5449E+02  3.3413E-03  7.8555E-01  5.9847E-03  2.8147E+00  1.0000E+00
 2.5644E+02  3.3486E-03  7.8128E-01  5.9848E-03  2.7933E+00  1.0000E+00
 2.5841E+02  3.3560E-03  7.7705E-01  5.9848E-03  2.7721E+00  1.0000E+00
 2.6038E+02  3.3635E-03  7.7288E-01  5.9848E-03  2.7511E+00  1.0000E+00
 2.6238E+02  3.3711E-03  7.6874E-01  5.9849E-03  2.7302E+00  1.0000E+00
 2.6439E+02  3.3789E-03  7.6465E-01  5.9849E-03  2.7095E+00  1.0000E+00
 2.6641E+02  3.3868E-03  7.6060E-01  5.9850E-03  2.6889E+00  1.0000E+00
 2.6845E+02  3.3947E-03  7.5660E-01  5.9850E-03  2.6685E+00  1.0000E+00
 2.7051E+02  3.4028E-03  7.5263E-01  5.9851E-03  2.6482E+00  1.0000E+00
 2.7258E+02  3.4110E-03  7.4871E-01  5.9851E-03  2.6281E+00  1.0000E+00
 2.7467E+02  3.4193E-03  7.4483E-01  5.9852E-03  2.6082E+00  1.0000E+00
 2.7677E+02  3.4277E-03  7.4099E-01  5.9852E-03  2.5883E+00  1.0000E+00
 2.7889E+02  3.4363E-03  7.3719E-01  5.9853E-03  2.5687E+00  1.0000E+00
 2.8103E+02  3.4449E-03  7.3342E-01  5.9853E-03  2.5492E+00  1.0000E+00
 2.8318E+02  3.4537E-03  7.2970E-01  5.9854E-03  2.5298E+00  1.0000E+00
 2.8535E+02  3.4626E-03  7.2601E-01  5.9854E-03  2.5106E+00  1.0000E+00
 2.8753E+02  3.4715E-03  7.2236E-01  5.9855E-03  2.4916E+00  1.0000E+00
 2.8974E+02  3.4806E-03  7.1874E-01  5.9855E-03  2.4727E+00  1.0000E+00
 2.9195E+02  3.4898E-03  7.1517E-01  5.9856E-03  2.4539E+00  1.0000E+00
 2.9419E+02  3.4991E-03  7.1162E-01  5.9856E-03  2.4353E+00  1.0000E+00
 2.9644E+02  3.5086E-03  7.0812E-01  5.9857E-03  2.4168E+00  1.0000E+00
 2.9871E+02  3.5181E-03  7.0464E-01  5.9857E-03  2.3984E+00  1.0000E+00
 3.0100E+02  3.5276E-03  7.0118E-01  5.9858E-03  2.3802E+00  1.0000E+00
 3.0331E+02  3.5372E-03  6.9774E-01  5.9858E-03  2.3622E+00  1.0000E+00
 3.0563E+02  3.5469E-03  6.9432E-01  5.9859E-03  2.3442E+00  1.0000E+00
 3.0797E+02  3.5565E-03  6.9092E-01  5.9860E-03  2.3264E+00  1.0000E+00
 3.1033E+02  3.5663E-03  6.8755E-01  5.9860E-03  2.3088E+00  1.0000E+00
 3.1271E+02  3.5760E-03  6.8418E-01  5.9861E-03  2.2912E+00  1.0000E+00
 3.1510E+02  3.5858E-03  6.8084E-01  5.9861E-03  2.2739E+00  1.0000E+00
 3.1751E+02  3.5956E-03  6.7752E-01  5.9862E-03  2.2566E+00  1.0000E+00
 3.1994E+02  3.6055E-03  6.7421E-01  5.9862E-03  2.2395E+00  1.0000E+00
 3.2240E+02  3.6154E-03  6.7092E-01  5.9863E-03  2.2225E+00  1.0000E+00
 3.2486E+02  3.6253E-03  6.6764E-01  5.9864E-03  2.2056E+00  1.0000E+00
 3.2735E+02  3.6352E-03  6.6439E-01  5.9864E-03  2.1889E+00  1.0000E+00
 3.2986E+02  3.6452E-03  6.6114E-01  5.9865E-03  2.1722E+00  1.0000E+00
 3.3239E+02  3.6552E-03  6.5792E-01  5.9865E-03  2.1558E+00  1.0000E+00
 3.3493E+02  3.6652E-03  6.5470E-01  5.9866E-03  2.1394E+00  1.0000E+00
 3.3750E+02  3.6753E-03  6.5151E-01  5.9867E-03  2.1232E+00  1.0000E+00
 3.4008E+02  3.6853E-03  6.4832E-01  5.9867E-03  2.1070E+00  1.0000E+00
 3.4268E+02  3.6954E-03  6.4515E-01  5.9868E-03  2.0910E+00  1.0000E+00
 3.4531E+02  3.7055E-03  6.4200E-01  5.9868E-03  2.0752E+00  1.0000E+00
 3.4795E+02  3.7156E-03  6.3886E-01  5.9869E-03  2.0594E+00  1.0000E+00
 3.5062E+02  3.7257E-03  6.3573E-01  5.9870E-03  2.0438E+00  1.0000E+00
 3.5330E+02  3.7359E-03  6.3261E-01  5.9870E-03  2.0283E+00  1.0000E+00
 3.5601E+02  3.7460E-03  6.2951E-01  5.9871E-03  2.0129E+00  1.0000E+00
 3.5874E+02  3.7562E-03  6.2642E-01  5.9871E-03  1.9976E+00  1.0000E+00
 3.6148E+02  3.7663E-03  6.2334E-01  5.9872E-03  1.9824E+00  1.0000E+00
 3.6425E+02  3.7765E-03  6.2027E-01  5.9873E-03  1.9674E+00  1.0000E+00
 3.6704E+02  3.7867E-03  6.1721E-01  5.9873E-03  1.9525E+00  1.0000E+00
 3.6985E+02  3.7969E-03  6.1416E-01  5.9874E-03  1.9377E+00  1.0000E+00
 3.7268E+02  3.8070E-03  6.1113E-01  5.9875E-03  1.9230E+00  1.0000E+00
 3.7554E+02  3.8172E-03  6.0810E-01  5.9875E-03  1.9084E+00  1.0000E+00
 3.7841E+02  3.8274E-03  6.0509E-01  5.9876E-03  1.8939E+00  1.0000E+00
 3.8131E+02  3.8376E-03  6.0208E-01  5.9877E-03  1.8795E+00  1.0000E+00
 3.8423E+02  3.8477E-03  5.9909E-01  5.9877E-03  1.8652E+00  1.0000E+00
 3.8718E+02  3.8579E-03  5.9610E-01  5.9878E-03  1.8511E+00  1.0000E+00
 3.9014E+02  3.8680E-03  5.9312E-01  5.9879E-03  1.8370E+00  1.0000E+00
 3.9313E+02  3.8781E-03  5.9015E-01  5.9880E-03  1.8231E+00  1.0000E+00
 3.9614E+02  3.8883E-03  5.8719E-01  5.9880E-03  1.8093E+00  1.0000E+00
 3.9917E+02  3.8984E-03  5.8424E-01  5.9881E-03  1.7955E+00  1.0000E+00
 4.0223E+02  3.9084E-03  5.8130E-01  5.9882E-03  1.7819E+00  1.0000E+00
 4.0531E+02  3.9185E-03  5.7837E-01  5.9882E-03  1.7684E+00  1.0000E+00
 4.0841E+02  3.9285E-03  5.7544E-01  5.9883E-03  1.7550E+00  1.0000E+00
 4.1154E+02  3.9386E-03  5.7252E-01  5.9884E-03  1.7417E+00  1.0000E+00
 4.1469E+02  3.9485E-03  5.6961E-01  5.9885E-03  1.7284E+00  1.0000E+00
 4.1787E+02  3.9585E-03  5.6670E-01  5.9885E-03  1.7153E+00  1.0000E+00
 4.2107E+02  3.9684E-03  5.6381E-01  5.9886E-03  1.7023E+00  1.0000E+00
 4.2429E+02  3.9784E-03  5.6092E-01  5.9887E-03  1.6894E+00  1.0000E+00
 4.2754E+02  3.9882E-03  5.5803E-01  5.9888E-03  1.6766E+00  1.0000E+00
 4.3082E+02  3.9981E-03  5.5516E-01  5.9888E-03  1.6639E+00  1.0000E+00
 4.3412E+02  4.0079E-03  5.5228E-01  5.9889E-03  1.6512E+00  1.0000E+00
 4.3744E+02  4.0176E-03  5.4942E-01  5.9890E-03  1.6387E+00  1.0000E+00
 4.4079E+02  4.0273E-03  5.4656E-01  5.9891E-03  1.6263E+00  1.0000E+00
 4.4417E+02  4.0370E-03  5.4371E-01  5.9891E-03  1.6139E+00  1.0000E+00
 4.4757E+02  4.0466E-03  5.4086E-01  5.9892E-03  1.6017E+00  1.0000E+00
 4.5100E+02  4.0562E-03  5.3802E-01  5.9893E-03  1.5895E+00  1.0000E+00
 4.5445E+02  4.0658E-03  5.3518E-01  5.9894E-03  1.5775E+00  1.0000E+00
 4.5793E+02  4.0752E-03  5.3235E-01  5.9895E-03  1.5655E+00  1.0000E+00
 4.6144E+02  4.0847E-03  5.2953E-01  5.9896E-03  1.5536E+00  1.0000E+00
 4.6497E+02  4.0940E-03  5.2671E-01  5.9896E-03  1.5418E+00  1.0000E+00
 4.6853E+02  4.1034E-03  5.2389E-01  5.9897E-03  1.5301E+00  1.0000E+00
 4.7212E+02  4.1126E-03  5.2108E-01  5.9898E-03  1.5185E+00  1.0000E+00
 4.7574E+02  4.1218E-03  5.1828E-01  5.9899E-03  1.5070E+00  1.0000E+00
 4.7938E+02  4.1310E-03  5.1548E-01  5.9900E-03  1.4956E+00  1.0000E+00
 4.8305E+02  4.1401E-03  5.1268E-01  5.9901E-03  1.4842E+00  1.0000E+00
 4.8675E+02  4.1491E-03  5.0990E-01  5.9901E-03  1.4730E+00  1.0000E+00
 4.9048E+02  4.1581E-03  5.0711E-01  5.9902E-03  1.4618E+00  1.0000E+00
 4.9424E+02  4.1670E-03  5.0434E-01  5.9903E-03  1.4507E+00  1.0000E+00
 4.9802E+02  4.1758E-03  5.0157E-01  5.9904E-03  1.4397E+00  1.0000E+00
 5.0183E+02  4.1847E-03  4.9880E-01  5.9905E-03  1.4288E+00  1.0000E+00
 5.0568E+02  4.1934E-03  4.9605E-01  5.9906E-03  1.4180E+00  1.0000E+00
 5.0955E+02  4.2021E-03  4.9329E-01  5.9907E-03  1.4072E+00  1.0000E+00
 5.1345E+02  4.2107E-03  4.9055E-01  5.9908E-03  1.3965E+00  1.0000E+00
 5.1738E+02  4.2193E-03  4.8781E-01  5.9909E-03  1.3859E+00  1.0000E+00
 5.2135E+02  4.2279E-03  4.8508E-01  5.9910E-03  1.3754E+00  1.0000E+00
 5.2534E+02  4.2363E-03  4.8236E-01  5.9910E-03  1.3650E+00  1.0000E+00
 5.2936E+02  4.2447E-03  4.7964E-01  5.9911E-03  1.3546E+00  1.0000E+00
 5.3342E+02  4.2531E-03  4.7693E-01  5.9912E-03  1.3444E+00  1.0000E+00
 5.3750E+02  4.2614E-03  4.7423E-01  5.9913E-03  1.3342E+00  1.0000E+00
 5.4162E+02  4.2697E-03  4.7153E-01  5.9914E-03  1.3240E+00  1.0000E+00
 5.4577E+02  4.2779E-03  4.6885E-01  5.9915E-03  1.3140E+00  1.0000E+00
 5.4995E+02  4.2860E-03  4.6617E-01  5.9916E-03  1.3040E+00  1.0000E+00
 5.5416E+02  4.2941E-03  4.6349E-01  5.9917E-03  1.2942E+00  1.0000E+00
 5.5840E+02  4.3021E-03  4.6083E-01  5.9918E-03  1.2843E+00  1.0000E+00
 5.6268E+02  4.3101E-03  4.5817E-01  5.9919E-03  1.2746E+00  1.0000E+00
 5.6699E+02  4.3180E-03  4.5552E-01  5.9920E-03  1.2649E+00  1.0000E+00
 5.7133E+02  4.3259E-03  4.5288E-01  5.9921E-03  1.2553E+00  1.0000E+00
 5.7571E+02  4.3337E-03  4.5025E-01  5.9922E-03  1.2458E+00  1.0000E+00
 5.8011E+02  4.3414E-03  4.4763E-01  5.9923E-03  1.2364E+00  1.0000E+00
 5.8456E+02  4.3491E-03  4.4501E-01  5.9924E-03  1.2270E+00  1.0000E+00
 5.8903E+02  4.3568E-03  4.4240E-01  5.9925E-03  1.2177E+00  1.0000E+00
 5.9354E+02  4.3644E-03  4.3980E-01  5.9926E-03  1.2085E+00  1.0000E+00
 5.9809E+02  4.3719E-03  4.3721E-01  5.9928E-03  1.1993E+00  1.0000E+00
 6.0267E+02  4.3794E-03  4.3463E-01  5.9929E-03  1.1902E+00  1.0000E+00
 6.0729E+02  4.3868E-03  4.3206E-01  5.9930E-03  1.1812E+00  1.0000E+00
 6.1194E+02  4.3942E-03  4.2949E-01  5.9931E-03  1.1722E+00  1.0000E+00
 6.1662E+02  4.4015E-03  4.2694E-01  5.9932E-03  1.1633E+00  1.0000E+00
 6.2135E+02  4.4088E-03  4.2439E-01  5.9933E-03  1.1545E+00  1.0000E+00
 6.2610E+02  4.4160E-03  4.2185E-01  5.9934E-03  1.1458E+00  1.0000E+00
 6.3090E+02  4.4232E-03  4.1933E-01  5.9935E-03  1.1371E+00  1.0000E+00
 6.3573E+02  4.4303E-03  4.1681E-01  5.9936E-03  1.1285E+00  1.0000E+00
 6.4060E+02  4.4374E-03  4.1430E-01  5.9937E-03  1.1199E+00  1.0000E+00
 6.4551E+02  4.4444E-03  4.1179E-01  5.9939E-03  1.1114E+00  1.0000E+00
 6.5045E+02  4.4513E-03  4.0930E-01  5.9940E-03  1.1030E+00  1.0000E+00
 6.5543E+02  4.4583E-03  4.0682E-01  5.9941E-03  1.0946E+00  1.0000E+00
 6.6045E+02  4.4651E-03  4.0435E-01  5.9942E-03  1.0863E+00  1.0000E+00
 6.6551E+02  4.4719E-03  4.0188E-01  5.9943E-03  1.0781E+00  1.0000E+00
 6.7060E+02  4.4787E-03  3.9943E-01  5.9945E-03  1.0699E+00  1.0000E+00
 6.7574E+02  4.4854E-03  3.9699E-01  5.9946E-03  1.0618E+00  1.0000E+00
 6.8092E+02  4.4920E-03  3.9455E-01  5.9947E-03  1.0538E+00  1.0000E+00
 6.8613E+02  4.4986E-03  3.9213E-01  5.9948E-03  1.0458E+00  1.0000E+00
 6.9138E+02  4.5052E-03  3.8971E-01  5.9949E-03  1.0378E+00  1.0000E+00
 6.9668E+02  4.5117E-03  3.8730E-01  5.9951E-03  1.0300E+00  1.0000E+00
 7.0201E+02  4.5181E-03  3.8491E-01  5.9952E-03  1.0222E+00  1.0000E+00
 7.0739E+02  4.5245E-03  3.8252E-01  5.9953E-03  1.0144E+00  1.0000E+00
 7.1281E+02  4.5309E-03  3.8015E-01  5.9954E-03  1.0067E+00  1.0000E+00
 7.1827E+02  4.5372E-03  3.7778E-01  5.9956E-03  9.9911E-01  1.0000E+00
 7.2377E+02  4.5435E-03  3.7542E-01  5.9957E-03  9.9154E-01  1.0000E+00
 7.2931E+02  4.5498E-03  3.7309E-01  5.9958E-03  9.8402E-01  1.0000E+00
 7.3490E+02  4.5563E-03  3.7078E-01  5.9960E-03  9.7656E-01  1.0000E+00
 7.4052E+02  4.5628E-03  3.6848E-01  5.9961E-03  9.6916E-01  1.0000E+00
 7.4620E+02  4.5694E-03  3.6621E-01  5.9962E-03  9.6182E-01  1.0000E+00
 7.5191E+02  4.5761E-03  3.6396E-01  5.9964E-03  9.5453E-01  1.0000E+00
 7.5767E+02  4.5829E-03  3.6173E-01  5.9965E-03  9.4730E-01  1.0000E+00
 7.6347E+02  4.5898E-03  3.5951E-01  5.9966E-03  9.4012E-01  1.0000E+00
 7.6932E+02  4.5967E-03  3.5732E-01  5.9968E-03  9.3300E-01  1.0000E+00
 7.7521E+02  4.6038E-03  3.5515E-01  5.9969E-03  9.2593E-01  1.0000E+00
 7.8115E+02  4.6109E-03  3.5299E-01  5.9970E-03  9.1891E-01  1.0000E+00
 7.8713E+02  4.6181E-03  3.5085E-01  5.9972E-03  9.1195E-01  1.0000E+00
 7.9316E+02  4.6253E-03  3.4873E-01  5.9973E-03  9.0504E-01  1.0000E+00
 7.9923E+02  4.6327E-03  3.4663E-01  5.9975E-03  8.9818E-01  1.0000E+00
 8.0535E+02  4.6401E-03  3.4454E-01  5.9976E-03  8.9138E-01  1.0000E+00
 8.1152E+02  4.6476E-03  3.4248E-01  5.9978E-03  8.8462E-01  1.0000E+00
 8.1774E+02  4.6552E-03  3.4043E-01  5.9979E-03  8.7792E-01  1.0000E+00
 8.2400E+02  4.6629E-03  3.3839E-01  5.9980E-03  8.7127E-01  1.0000E+00
 8.3031E+02  4.6706E-03  3.3637E-01  5.9982E-03  8.6467E-01  1.0000E+00
 8.3667E+02  4.6784E-03  3.3437E-01  5.9983E-03  8.5812E-01  1.0000E+00
 8.4307E+02  4.6862E-03  3.3239E-01  5.9985E-03  8.5162E-01  1.0000E+00
 8.4953E+02  4.6942E-03  3.3042E-01  5.9986E-03  8.4517E-01  1.0000E+00
 8.5604E+02  4.7022E-03  3.2846E-01  5.9988E-03  8.3877E-01  1.0000E+00
 8.6259E+02  4.7102E-03  3.2652E-01  5.9990E-03  8.3241E-01  1.0000E+00
 8.6920E+02  4.7184E-03  3.2460E-01  5.9991E-03  8.2611E-01  1.0000E+00
 8.7586E+02  4.7266E-03  3.2269E-01  5.9993E-03  8.1985E-01  1.0000E+00
 8.8256E+02  4.7348E-03  3.2079E-01  5.9994E-03  8.1364E-01  1.0000E+00
 8.8932E+02  4.7431E-03  3.1891E-01  5.9996E-03  8.0748E-01  1.0000E+00
 8.9613E+02  4.7515E-03  3.1704E-01  5.9997E-03  8.0136E-01  1.0000E+00
 9.0300E+02  4.7599E-03  3.1519E-01  5.9999E-03  7.9529E-01  1.0000E+00
 9.0991E+02  4.7684E-03  3.1335E-01  6.0001E-03  7.8927E-01  1.0000E+00
 9.1688E+02  4.7770E-03  3.1153E-01  6.0002E-03  7.8329E-01  1.0000E+00
 9.2390E+02  4.7856E-03  3.0971E-01  6.0004E-03  7.7736E-01  1.0000E+00
 9.3098E+02  4.7942E-03  3.0791E-01  6.0006E-03  7.7147E-01  1.0000E+00
 9.3811E+02  4.8030E-03  3.0613E-01  6.0007E-03  7.6563E-01  1.0000E+00
 9.4529E+02  4.8117E-03  3.0435E-01  6.0009E-03  7.5984E-01  1.0000E+00
 9.5253E+02  4.8205E-03  3.0259E-01  6.0011E-03  7.5408E-01  1.0000E+00
 9.5983E+02  4.8294E-03  3.0084E-01  6.0012E-03  7.4837E-01  1.0000E+00
 9.6718E+02  4.8383E-03  2.9910E-01  6.0014E-03  7.4271E-01  1.0000E+00
 9.7458E+02  4.8473E-03  2.9738E-01  6.0016E-03  7.3708E-01  1.0000E+00
 9.8205E+02  4.8563E-03  2.9566E-01  6.0018E-03  7.3150E-01  1.0000E+00
 9.8957E+02  4.8653E-03  2.9396E-01  6.0019E-03  7.2596E-01  1.0000E+00
 9.9715E+02  4.8744E-03  2.9227E-01  6.0021E-03  7.2047E-01  1.0000E+00
 1.0048E+03  4.8836E-03  2.9059E-01  6.0023E-03  7.1501E-01  1.0000E+00
 1.0125E+03  4.8927E-03  2.8892E-01  6.0025E-03  7.0960E-01  1.0000E+00
 1.0202E+03  4.9020E-03  2.8726E-01  6.0026E-03  7.0423E-01  1.0000E+00
 1.0280E+03  4.9112E-03  2.8562E-01  6.0028E-03  6.9890E-01  1.0000E+00
 1.0359E+03  4.9205E-03  2.8398E-01  6.0030E-03  6.9361E-01  1.0000E+00
 1.0439E+03  4.9298E-03  2.8235E-01  6.0032E-03  6.8836E-01  1.0000E+00
 1.0518E+03  4.9392E-03  2.8074E-01  6.0034E-03  6.8315E-01  1.0000E+00
 1.0599E+03  4.9486E-03  2.7913E-01  6.0036E-03  6.7798E-01  1.0000E+00
 1.0680E+03  4.9580E-03  2.7753E-01  6.0038E-03  6.7284E-01  1.0000E+00
 1.0762E+03  4.9675E-03  2.7595E-01  6.0040E-03  6.6775E-01  1.0000E+00
 1.0844E+03  4.9769E-03  2.7437E-01  6.0042E-03  6.6270E-01  1.0000E+00
 1.0927E+03  4.9864E-03  2.7280E-01  6.0043E-03  6.5768E-01  1.0000E+00
 1.1011E+03  4.9960E-03  2.7125E-01  6.0045E-03  6.5271E-01  1.0000E+00
 1.1095E+03  5.0055E-03  2.6970E-01  6.0047E-03  6.4777E-01  1.0000E+00
 1.1180E+03  5.0151E-03  2.6816E-01  6.0049E-03  6.4287E-01  1.0000E+00
 1.1266E+03  5.0239E-03  2.6658E-01  6.0051E-03  6.3800E-01  1.0000E+00
 1.1352E+03  5.0317E-03  2.6497E-01  6.0053E-03  6.3317E-01  1.0000E+00
 1.1439E+03  5.0394E-03  2.6336E-01  6.0055E-03  6.2838E-01  1.0000E+00
 1.1527E+03  5.0471E-03  2.6175E-01  6.0058E-03  6.2363E-01  1.0000E+00
 1.1615E+03  5.0548E-03  2.6015E-01  6.0060E-03  6.1891E-01  1.0000E+00
 1.1704E+03  5.0623E-03  2.5856E-01  6.0062E-03  6.1423E-01  1.0000E+00
 1.1794E+03  5.0699E-03  2.5697E-01  6.0064E-03  6.0958E-01  1.0000E+00
 1.1884E+03  5.0773E-03  2.5539E-01  6.0066E-03  6.0497E-01  1.0000E+00
 1.1975E+03  5.0847E-03  2.5382E-01  6.0068E-03  6.0039E-01  1.0000E+00
 1.2067E+03  5.0921E-03  2.5225E-01  6.0070E-03  5.9585E-01  1.0000E+00
 1.2159E+03  5.0994E-03  2.5069E-01  6.0072E-03  5.9134E-01  1.0000E+00
 1.2252E+03  5.1066E-03  2.4914E-01  6.0075E-03  5.8687E-01  1.0000E+00
 1.2346E+03  5.1138E-03  2.4759E-01  6.0077E-03  5.8243E-01  1.0000E+00
 1.2441E+03  5.1209E-03  2.4605E-01  6.0079E-03  5.7803E-01  1.0000E+00
 1.2536E+03  5.1280E-03  2.4451E-01  6.0081E-03  5.7365E-01  1.0000E+00
 1.2632E+03  5.1350E-03  2.4298E-01  6.0083E-03  5.6932E-01  1.0000E+00
 1.2729E+03  5.1420E-03  2.4146E-01  6.0086E-03  5.6501E-01  1.0000E+00
 1.2826E+03  5.1489E-03  2.3995E-01  6.0088E-03  5.6074E-01  1.0000E+00
 1.2924E+03  5.1558E-03  2.3844E-01  6.0090E-03  5.5650E-01  1.0000E+00
 1.3023E+03  5.1626E-03  2.3694E-01  6.0093E-03  5.5229E-01  1.0000E+00
 1.3123E+03  5.1694E-03  2.3544E-01  6.0095E-03  5.4811E-01  1.0000E+00
 1.3224E+03  5.1761E-03  2.3396E-01  6.0097E-03  5.4397E-01  1.0000E+00
 1.3325E+03  5.1828E-03  2.3247E-01  6.0100E-03  5.3986E-01  1.0000E+00
 1.3427E+03  5.1894E-03  2.3100E-01  6.0102E-03  5.3577E-01  1.0000E+00
 1.3530E+03  5.1960E-03  2.2953E-01  6.0105E-03  5.3172E-01  1.0000E+00
 1.3633E+03  5.2025E-03  2.2807E-01  6.0107E-03  5.2770E-01  1.0000E+00
 1.3738E+03  5.2090E-03  2.2662E-01  6.0109E-03  5.2371E-01  1.0000E+00
 1.3843E+03  5.2154E-03  2.2517E-01  6.0112E-03  5.1976E-01  1.0000E+00
 1.3949E+03  5.2218E-03  2.2373E-01  6.0114E-03  5.1583E-01  1.0000E+00
 1.4056E+03  5.2281E-03  2.2230E-01  6.0117E-03  5.1193E-01  1.0000E+00
 1.4164E+03  5.2344E-03  2.2087E-01  6.0119E-03  5.0806E-01  1.0000E+00
 1.4272E+03  5.2407E-03  2.1945E-01  6.0122E-03  5.0422E-01  1.0000E+00
 1.4381E+03  5.2469E-03  2.1804E-01  6.0124E-03  5.0041E-01  1.0000E+00
 1.4491E+03  5.2530E-03  2.1663E-01  6.0127E-03  4.9663E-01  1.0000E+00
 1.4602E+03  5.2591E-03  2.1523E-01  6.0130E-03  4.9287E-01  1.0000E+00
 1.4714E+03  5.2652E-03  2.1384E-01  6.0132E-03  4.8915E-01  1.0000E+00
 1.4827E+03  5.2712E-03  2.1246E-01  6.0135E-03  4.8545E-01  1.0000E+00
 1.4940E+03  5.2772E-03  2.1108E-01  6.0138E-03  4.8178E-01  1.0000E+00
 1.5055E+03  5.2831E-03  2.0971E-01  6.0140E-03  4.7814E-01  1.0000E+00
 1.5170E+03  5.2890E-03  2.0834E-01  6.0143E-03  4.7453E-01  1.0000E+00
 1.5286E+03  5.2949E-03  2.0699E-01  6.0146E-03  4.7095E-01  1.0000E+00
 1.5403E+03  5.3007E-03  2.0564E-01  6.0148E-03  4.6739E-01  1.0000E+00
 1.5521E+03  5.3064E-03  2.0429E-01  6.0151E-03  4.6386E-01  1.0000E+00
 1.5640E+03  5.3122E-03  2.0296E-01  6.0154E-03  4.6035E-01  1.0000E+00
 1.5760E+03  5.3179E-03  2.0163E-01  6.0157E-03  4.5688E-01  1.0000E+00
 1.5881E+03  5.3235E-03  2.0031E-01  6.0160E-03  4.5342E-01  1.0000E+00
 1.6002E+03  5.3291E-03  1.9899E-01  6.0163E-03  4.5000E-01  1.0000E+00
 1.6125E+03  5.3347E-03  1.9768E-01  6.0165E-03  4.4660E-01  1.0000E+00
 1.6248E+03  5.3402E-03  1.9638E-01  6.0168E-03  4.4323E-01  1.0000E+00
 1.6373E+03  5.3457E-03  1.9509E-01  6.0171E-03  4.3988E-01  1.0000E+00
 1.6498E+03  5.3511E-03  1.9380E-01  6.0174E-03  4.3656E-01  1.0000E+00
 1.6625E+03  5.3565E-03  1.9252E-01  6.0177E-03  4.3326E-01  1.0000E+00
 1.6752E+03  5.3619E-03  1.9124E-01  6.0180E-03  4.2999E-01  1.0000E+00
 1.6880E+03  5.3673E-03  1.8998E-01  6.0183E-03  4.2674E-01  1.0000E+00
 1.7009E+03  5.3726E-03  1.8872E-01  6.0186E-03  4.2352E-01  1.0000E+00
 1.7140E+03  5.3778E-03  1.8746E-01  6.0189E-03  4.2033E-01  1.0000E+00
 1.7271E+03  5.3830E-03  1.8622E-01  6.0192E-03  4.1715E-01  1.0000E+00
 1.7403E+03  5.3882E-03  1.8498E-01  6.0195E-03  4.1400E-01  1.0000E+00
 1.7537E+03  5.3934E-03  1.8375E-01  6.0199E-03  4.1088E-01  1.0000E+00
 1.7671E+03  5.3985E-03  1.8252E-01  6.0202E-03  4.0778E-01  1.0000E+00
 1.7806E+03  5.4036E-03  1.8130E-01  6.0205E-03  4.0470E-01  1.0000E+00
 1.7943E+03  5.4086E-03  1.8009E-01  6.0208E-03  4.0164E-01  1.0000E+00
 1.8080E+03  5.4136E-03  1.7888E-01  6.0211E-03  3.9861E-01  1.0000E+00
 1.8218E+03  5.4186E-03  1.7768E-01  6.0215E-03  3.9561E-01  1.0000E+00
 1.8358E+03  5.4236E-03  1.7649E-01  6.0218E-03  3.9262E-01  1.0000E+00
 1.8499E+03  5.4285E-03  1.7531E-01  6.0221E-03  3.8966E-01  1.0000E+00
 1.8640E+03  5.4334E-03  1.7413E-01  6.0224E-03  3.8672E-01  1.0000E+00
 1.8783E+03  5.4382E-03  1.7296E-01  6.0228E-03  3.8380E-01  1.0000E+00
 1.8927E+03  5.4430E-03  1.7179E-01  6.0231E-03  3.8090E-01  1.0000E+00
 1.9072E+03  5.4478E-03  1.7063E-01  6.0235E-03  3.7803E-01  1.0000E+00
 1.9218E+03  5.4525E-03  1.6948E-01  6.0238E-03  3.7518E-01  1.0000E+00
 1.9365E+03  5.4573E-03  1.6834E-01  6.0242E-03  3.7235E-01  1.0000E+00
 1.9513E+03  5.4619E-03  1.6720E-01  6.0245E-03  3.6954E-01  1.0000E+00
 1.9663E+03  5.4666E-03  1.6607E-01  6.0248E-03  3.6675E-01  1.0000E+00
 1.9813E+03  5.4712E-03  1.6494E-01  6.0252E-03  3.6399E-01  1.0000E+00
 1.9965E+03  5.4758E-03  1.6382E-01  6.0256E-03  3.6124E-01  1.0000E+00
 2.0118E+03  5.4804E-03  1.6271E-01  6.0259E-03  3.5852E-01  1.0000E+00
 2.0272E+03  5.4849E-03  1.6160E-01  6.0263E-03  3.5581E-01  1.0000E+00
 2.0427E+03  5.4894E-03  1.6051E-01  6.0266E-03  3.5313E-01  1.0000E+00
 2.0584E+03  5.4939E-03  1.5941E-01  6.0270E-03  3.5047E-01  1.0000E+00
 2.0741E+03  5.4983E-03  1.5833E-01  6.0274E-03  3.4783E-01  1.0000E+00
 2.0900E+03  5.5027E-03  1.5725E-01  6.0278E-03  3.4520E-01  1.0000E+00
 2.1060E+03  5.5071E-03  1.5617E-01  6.0281E-03  3.4260E-01  1.0000E+00
 2.1222E+03  5.5115E-03  1.5511E-01  6.0285E-03  3.4002E-01  1.0000E+00
 2.1384E+03  5.5158E-03  1.5405E-01  6.0289E-03  3.3746E-01  1.0000E+00
 2.1548E+03  5.5201E-03  1.5299E-01  6.0293E-03  3.3491E-01  1.0000E+00
 2.1713E+03  5.5244E-03  1.5195E-01  6.0297E-03  3.3239E-01  1.0000E+00
 2.1879E+03  5.5286E-03  1.5090E-01  6.0301E-03  3.2988E-01  1.0000E+00
 2.2047E+03  5.5328E-03  1.4987E-01  6.0305E-03  3.2740E-01  1.0000E+00
 2.2216E+03  5.5370E-03  1.4884E-01  6.0308E-03  3.2493E-01  1.0000E+00
 2.2386E+03  5.5412E-03  1.4782E-01  6.0312E-03  3.2248E-01  1.0000E+00
 2.2557E+03  5.5453E-03  1.4680E-01  6.0317E-03  3.2005E-01  1.0000E+00
 2.2730E+03  5.5495E-03  1.4579E-01  6.0321E-03  3.1764E-01  1.0000E+00
 2.2904E+03  5.5535E-03  1.4479E-01  6.0325E-03  3.1525E-01  1.0000E+00
 2.3079E+03  5.5576E-03  1.4379E-01  6.0329E-03  3.1288E-01  1.0000E+00
 2.3256E+03  5.5616E-03  1.4280E-01  6.0333E-03  3.1052E-01  1.0000E+00
 2.3434E+03  5.5657E-03  1.4181E-01  6.0337E-03  3.0818E-01  1.0000E+00
 2.3614E+03  5.5696E-03  1.4083E-01  6.0341E-03  3.0586E-01  1.0000E+00
 2.3794E+03  5.5736E-03  1.3986E-01  6.0346E-03  3.0356E-01  1.0000E+00
 2.3977E+03  5.5775E-03  1.3889E-01  6.0350E-03  3.0127E-01  1.0000E+00
 2.4160E+03  5.5815E-03  1.3793E-01  6.0354E-03  2.9900E-01  1.0000E+00
 2.4345E+03  5.5853E-03  1.3698E-01  6.0359E-03  2.9675E-01  1.0000E+00
 2.4532E+03  5.5892E-03  1.3603E-01  6.0363E-03  2.9452E-01  1.0000E+00
 2.4720E+03  5.5931E-03  1.3508E-01  6.0367E-03  2.9230E-01  1.0000E+00
 2.4909E+03  5.5969E-03  1.3415E-01  6.0372E-03  2.9010E-01  1.0000E+00
 2.5100E+03  5.6007E-03  1.3321E-01  6.0376E-03  2.8792E-01  1.0000E+00
 2.5292E+03  5.6045E-03  1.3229E-01  6.0381E-03  2.8575E-01  1.0000E+00
 2.5486E+03  5.6082E-03  1.3137E-01  6.0385E-03  2.8360E-01  1.0000E+00
 2.5681E+03  5.6119E-03  1.3045E-01  6.0390E-03  2.8147E-01  1.0000E+00
 2.5878E+03  5.6156E-03  1.2955E-01  6.0395E-03  2.7935E-01  1.0000E+00
 2.6076E+03  5.6193E-03  1.2864E-01  6.0399E-03  2.7725E-01  1.0000E+00
 2.6275E+03  5.6230E-03  1.2775E-01  6.0404E-03  2.7516E-01  1.0000E+00
 2.6477E+03  5.6267E-03  1.2685E-01  6.0409E-03  2.7309E-01  1.0000E+00
 2.6679E+03  5.6303E-03  1.2597E-01  6.0413E-03  2.7104E-01  1.0000E+00
 2.6884E+03  5.6339E-03  1.2509E-01  6.0418E-03  2.6900E-01  1.0000E+00
 2.7090E+03  5.6375E-03  1.2421E-01  6.0423E-03  2.6698E-01  1.0000E+00
 2.7297E+03  5.6410E-03  1.2335E-01  6.0428E-03  2.6497E-01  1.0000E+00
 2.7506E+03  5.6446E-03  1.2248E-01  6.0433E-03  2.6298E-01  1.0000E+00
 2.7717E+03  5.6481E-03  1.2163E-01  6.0438E-03  2.6100E-01  1.0000E+00
 2.7929E+03  5.6516E-03  1.2077E-01  6.0443E-03  2.5904E-01  1.0000E+00
 2.8143E+03  5.6551E-03  1.1993E-01  6.0448E-03  2.5709E-01  1.0000E+00
 2.8358E+03  5.6585E-03  1.1909E-01  6.0453E-03  2.5516E-01  1.0000E+00
 2.8576E+03  5.6620E-03  1.1825E-01  6.0458E-03  2.5324E-01  1.0000E+00
 2.8794E+03  5.6654E-03  1.1742E-01  6.0463E-03  2.5134E-01  1.0000E+00
 2.9015E+03  5.6688E-03  1.1660E-01  6.0468E-03  2.4945E-01  1.0000E+00
 2.9237E+03  5.6722E-03  1.1578E-01  6.0474E-03  2.4757E-01  1.0000E+00
 2.9461E+03  5.6756E-03  1.1496E-01  6.0479E-03  2.4571E-01  1.0000E+00
 2.9687E+03  5.6789E-03  1.1415E-01  6.0484E-03  2.4387E-01  1.0000E+00
 2.9914E+03  5.6823E-03  1.1335E-01  6.0490E-03  2.4203E-01  1.0000E+00
 3.0143E+03  5.6856E-03  1.1255E-01  6.0495E-03  2.4022E-01  1.0000E+00
 3.0374E+03  5.6889E-03  1.1176E-01  6.0500E-03  2.3841E-01  1.0000E+00
 3.0607E+03  5.6922E-03  1.1097E-01  6.0506E-03  2.3662E-01  1.0000E+00
 3.0841E+03  5.6954E-03  1.1019E-01  6.0511E-03  2.3484E-01  1.0000E+00
 3.1077E+03  5.6987E-03  1.0941E-01  6.0517E-03  2.3308E-01  1.0000E+00
 3.1315E+03  5.7019E-03  1.0864E-01  6.0523E-03  2.3133E-01  1.0000E+00
 3.1555E+03  5.7051E-03  1.0787E-01  6.0528E-03  2.2959E-01  1.0000E+00
 3.1797E+03  5.7084E-03  1.0711E-01  6.0534E-03  2.2787E-01  1.0000E+00
 3.2040E+03  5.7115E-03  1.0635E-01  6.0540E-03  2.2616E-01  1.0000E+00
 3.2286E+03  5.7147E-03  1.0560E-01  6.0545E-03  2.2446E-01  1.0000E+00
 3.2533E+03  5.7179E-03  1.0485E-01  6.0551E-03  2.2278E-01  1.0000E+00
 3.2782E+03  5.7210E-03  1.0411E-01  6.0557E-03  2.2111E-01  1.0000E+00
 3.3033E+03  5.7241E-03  1.0337E-01  6.0563E-03  2.1945E-01  1.0000E+00
 3.3286E+03  5.7272E-03  1.0264E-01  6.0569E-03  2.1780E-01  1.0000E+00
 3.3541E+03  5.7303E-03  1.0191E-01  6.0575E-03  2.1617E-01  1.0000E+00
 3.3798E+03  5.7334E-03  1.0119E-01  6.0581E-03  2.1455E-01  1.0000E+00
 3.4057E+03  5.7365E-03  1.0047E-01  6.0587E-03  2.1294E-01  1.0000E+00
 3.4317E+03  5.7395E-03  9.9758E-02  6.0593E-03  2.1134E-01  1.0000E+00
 3.4580E+03  5.7426E-03  9.9049E-02  6.0599E-03  2.0975E-01  1.0000E+00
 3.4845E+03  5.7456E-03  9.8346E-02  6.0606E-03  2.0818E-01  1.0000E+00
 3.5112E+03  5.7486E-03  9.7647E-02  6.0612E-03  2.0662E-01  1.0000E+00
 3.5381E+03  5.7516E-03  9.6953E-02  6.0618E-03  2.0507E-01  1.0000E+00
 3.5652E+03  5.7546E-03  9.6263E-02  6.0625E-03  2.0353E-01  1.0000E+00
 3.5925E+03  5.7575E-03  9.5578E-02  6.0631E-03  2.0201E-01  1.0000E+00
 3.6200E+03  5.7605E-03  9.4898E-02  6.0638E-03  2.0050E-01  1.0000E+00
 3.6477E+03  5.7634E-03  9.4222E-02  6.0644E-03  1.9899E-01  1.0000E+00
 3.6757E+03  5.7664E-03  9.3551E-02  6.0651E-03  1.9750E-01  1.0000E+00
 3.7038E+03  5.7693E-03  9.2885E-02  6.0657E-03  1.9602E-01  1.0000E+00
 3.7322E+03  5.7722E-03  9.2223E-02  6.0664E-03  1.9455E-01  1.0000E+00
 3.7608E+03  5.7751E-03  9.1565E-02  6.0671E-03  1.9310E-01  1.0000E+00
 3.7896E+03  5.7780E-03  9.0912E-02  6.0678E-03  1.9165E-01  1.0000E+00
 3.8186E+03  5.7808E-03  9.0263E-02  6.0684E-03  1.9022E-01  1.0000E+00
 3.8478E+03  5.7837E-03  8.9619E-02  6.0691E-03  1.8879E-01  1.0000E+00
 3.8773E+03  5.7865E-03  8.8979E-02  6.0698E-03  1.8738E-01  1.0000E+00
 3.9070E+03  5.7894E-03  8.8344E-02  6.0705E-03  1.8598E-01  1.0000E+00
 3.9369E+03  5.7922E-03  8.7712E-02  6.0712E-03  1.8458E-01  1.0000E+00
 3.9671E+03  5.7950E-03  8.7085E-02  6.0719E-03  1.8320E-01  1.0000E+00
 3.9974E+03  5.7978E-03  8.6463E-02  6.0727E-03  1.8183E-01  1.0000E+00
 4.0281E+03  5.8006E-03  8.5845E-02  6.0734E-03  1.8047E-01  1.0000E+00
 4.0589E+03  5.8034E-03  8.5230E-02  6.0741E-03  1.7912E-01  1.0000E+00
 4.0900E+03  5.8062E-03  8.4620E-02  6.0748E-03  1.7778E-01  1.0000E+00
 4.1213E+03  5.8089E-03  8.4015E-02  6.0756E-03  1.7645E-01  1.0000E+00
 4.1529E+03  5.8117E-03  8.3413E-02  6.0763E-03  1.7513E-01  1.0000E+00
 4.1847E+03  5.8144E-03  8.2816E-02  6.0771E-03  1.7382E-01  1.0000E+00
 4.2167E+03  5.8171E-03  8.2222E-02  6.0778E-03  1.7252E-01  1.0000E+00
 4.2490E+03  5.8199E-03  8.1633E-02  6.0786E-03  1.7123E-01  1.0000E+00
 4.2816E+03  5.8226E-03  8.1048E-02  6.0794E-03  1.6995E-01  1.0000E+00
 4.3143E+03  5.8253E-03  8.0467E-02  6.0801E-03  1.6868E-01  1.0000E+00
 4.3474E+03  5.8280E-03  7.9889E-02  6.0809E-03  1.6742E-01  1.0000E+00
 4.3807E+03  5.8307E-03  7.9316E-02  6.0817E-03  1.6617E-01  1.0000E+00
 4.4142E+03  5.8333E-03  7.8747E-02  6.0825E-03  1.6493E-01  1.0000E+00
 4.4480E+03  5.8360E-03  7.8182E-02  6.0833E-03  1.6370E-01  1.0000E+00
 4.4821E+03  5.8387E-03  7.7620E-02  6.0841E-03  1.6247E-01  1.0000E+00
 4.5164E+03  5.8413E-03  7.7063E-02  6.0849E-03  1.6126E-01  1.0000E+00
 4.5510E+03  5.8440E-03  7.6509E-02  6.0857E-03  1.6006E-01  1.0000E+00
 4.5859E+03  5.8466E-03  7.5959E-02  6.0865E-03  1.5886E-01  1.0000E+00
 4.6210E+03  5.8493E-03  7.5414E-02  6.0874E-03  1.5768E-01  1.0000E+00
 4.6564E+03  5.8519E-03  7.4871E-02  6.0882E-03  1.5650E-01  1.0000E+00
 4.6920E+03  5.8545E-03  7.4333E-02  6.0890E-03  1.5533E-01  1.0000E+00
 4.7280E+03  5.8571E-03  7.3798E-02  6.0899E-03  1.5417E-01  1.0000E+00
 4.7642E+03  5.8597E-03  7.3267E-02  6.0908E-03  1.5302E-01  1.0000E+00
 4.8007E+03  5.8623E-03  7.2740E-02  6.0916E-03  1.5188E-01  1.0000E+00
 4.8374E+03  5.8649E-03  7.2217E-02  6.0925E-03  1.5075E-01  1.0000E+00
 4.8745E+03  5.8675E-03  7.1697E-02  6.0934E-03  1.4962E-01  1.0000E+00
 4.9118E+03  5.8700E-03  7.1180E-02  6.0942E-03  1.4851E-01  1.0000E+00
 4.9494E+03  5.8726E-03  7.0668E-02  6.0951E-03  1.4740E-01  1.0000E+00
 4.9873E+03  5.8752E-03  7.0159E-02  6.0960E-03  1.4630E-01  1.0000E+00
 5.0255E+03  5.8777E-03  6.9653E-02  6.0969E-03  1.4521E-01  1.0000E+00
 5.0640E+03  5.8803E-03  6.9151E-02  6.0978E-03  1.4413E-01  1.0000E+00
 5.1028E+03  5.8828E-03  6.8653E-02  6.0988E-03  1.4306E-01  1.0000E+00
 5.1419E+03  5.8854E-03  6.8158E-02  6.0997E-03  1.4199E-01  1.0000E+00
 5.1812E+03  5.8879E-03  6.7666E-02  6.1006E-03  1.4093E-01  1.0000E+00
 5.2209E+03  5.8904E-03  6.7178E-02  6.1015E-03  1.3988E-01  1.0000E+00
 5.2609E+03  5.8930E-03  6.6694E-02  6.1025E-03  1.3884E-01  1.0000E+00
 5.3012E+03  5.8955E-03  6.6213E-02  6.1034E-03  1.3781E-01  1.0000E+00
 5.3418E+03  5.8980E-03  6.5735E-02  6.1044E-03  1.3678E-01  1.0000E+00
 5.3827E+03  5.9005E-03  6.5260E-02  6.1054E-03  1.3576E-01  1.0000E+00
 5.4239E+03  5.9030E-03  6.4789E-02  6.1063E-03  1.3475E-01  1.0000E+00
 5.4655E+03  5.9055E-03  6.4322E-02  6.1073E-03  1.3375E-01  1.0000E+00
 5.5073E+03  5.9080E-03  6.3857E-02  6.1083E-03  1.3276E-01  1.0000E+00
 5.5495E+03  5.9105E-03  6.3396E-02  6.1093E-03  1.3177E-01  1.0000E+00
 5.5920E+03  5.9130E-03  6.2938E-02  6.1103E-03  1.3079E-01  1.0000E+00
 5.6348E+03  5.9155E-03  6.2483E-02  6.1113E-03  1.2982E-01  1.0000E+00
 5.6780E+03  5.9180E-03  6.2032E-02  6.1124E-03  1.2885E-01  1.0000E+00
 5.7215E+03  5.9205E-03  6.1584E-02  6.1134E-03  1.2789E-01  1.0000E+00
 5.7653E+03  5.9229E-03  6.1139E-02  6.1144E-03  1.2694E-01  1.0000E+00
 5.8094E+03  5.9254E-03  6.0697E-02  6.1155E-03  1.2600E-01  1.0000E+00
 5.8539E+03  5.9279E-03  6.0258E-02  6.1165E-03  1.2506E-01  1.0000E+00
 5.8988E+03  5.9304E-03  5.9822E-02  6.1176E-03  1.2413E-01  1.0000E+00
 5.9439E+03  5.9328E-03  5.9390E-02  6.1186E-03  1.2321E-01  1.0000E+00
 5.9895E+03  5.9353E-03  5.8960E-02  6.1197E-03  1.2230E-01  1.0000E+00
 6.0353E+03  5.9377E-03  5.8534E-02  6.1208E-03  1.2139E-01  1.0000E+00
 6.0815E+03  5.9402E-03  5.8110E-02  6.1219E-03  1.2049E-01  1.0000E+00
 6.1281E+03  5.9427E-03  5.7690E-02  6.1230E-03  1.1959E-01  1.0000E+00
 6.1751E+03  5.9451E-03  5.7273E-02  6.1241E-03  1.1871E-01  1.0000E+00
 6.2223E+03  5.9476E-03  5.6858E-02  6.1252E-03  1.1783E-01  1.0000E+00
 6.2700E+03  5.9500E-03  5.6447E-02  6.1264E-03  1.1695E-01  1.0000E+00
 6.3180E+03  5.9525E-03  5.6038E-02  6.1275E-03  1.1608E-01  1.0000E+00
 6.3664E+03  5.9549E-03  5.5632E-02  6.1287E-03  1.1522E-01  1.0000E+00
 6.4152E+03  5.9574E-03  5.5230E-02  6.1298E-03  1.1437E-01  1.0000E+00
 6.4643E+03  5.9598E-03  5.4830E-02  6.1310E-03  1.1352E-01  1.0000E+00
 6.5138E+03  5.9623E-03  5.4433E-02  6.1321E-03  1.1268E-01  1.0000E+00
 6.5637E+03  5.9647E-03  5.4039E-02  6.1333E-03  1.1185E-01  1.0000E+00
 6.6139E+03  5.9672E-03  5.3647E-02  6.1345E-03  1.1102E-01  1.0000E+00
 6.6646E+03  5.9696E-03  5.3259E-02  6.1357E-03  1.1020E-01  1.0000E+00
 6.7156E+03  5.9720E-03  5.2873E-02  6.1369E-03  1.0938E-01  1.0000E+00
 6.7671E+03  5.9745E-03  5.2490E-02  6.1381E-03  1.0857E-01  1.0000E+00
 6.8189E+03  5.9769E-03  5.2110E-02  6.1394E-03  1.0777E-01  1.0000E+00
 6.8711E+03  5.9794E-03  5.1732E-02  6.1406E-03  1.0697E-01  1.0000E+00
 6.9237E+03  5.9818E-03  5.1358E-02  6.1419E-03  1.0618E-01  1.0000E+00
 6.9768E+03  5.9843E-03  5.0985E-02  6.1431E-03  1.0539E-01  1.0000E+00
 7.0302E+03  5.9867E-03  5.0616E-02  6.1444E-03  1.0461E-01  1.0000E+00
 7.0840E+03  5.9892E-03  5.0249E-02  6.1457E-03  1.0384E-01  1.0000E+00
 7.1383E+03  5.9916E-03  4.9885E-02  6.1470E-03  1.0307E-01  1.0000E+00
 7.1929E+03  5.9941E-03  4.9524E-02  6.1483E-03  1.0231E-01  1.0000E+00
 7.2480E+03  5.9965E-03  4.9165E-02  6.1496E-03  1.0155E-01  1.0000E+00
 7.3035E+03  5.9990E-03  4.8808E-02  6.1509E-03  1.0080E-01  1.0000E+00
 7.3595E+03  6.0014E-03  4.8455E-02  6.1522E-03  1.0006E-01  1.0000E+00
 7.4158E+03  6.0039E-03  4.8103E-02  6.1535E-03  9.9320E-02  1.0000E+00
 7.4726E+03  6.0063E-03  4.7755E-02  6.1549E-03  9.8587E-02  1.0000E+00
 7.5299E+03  6.0088E-03  4.7408E-02  6.1562E-03  9.7859E-02  1.0000E+00
 7.5875E+03  6.0113E-03  4.7065E-02  6.1576E-03  9.7137E-02  1.0000E+00
 7.6456E+03  6.0137E-03  4.6724E-02  6.1590E-03  9.6420E-02  1.0000E+00
 7.7042E+03  6.0162E-03  4.6385E-02  6.1604E-03  9.5709E-02  1.0000E+00
 7.7632E+03  6.0187E-03  4.6049E-02  6.1618E-03  9.5003E-02  1.0000E+00
 7.8226E+03  6.0211E-03  4.5715E-02  6.1632E-03  9.4303E-02  1.0000E+00
 7.8825E+03  6.0236E-03  4.5383E-02  6.1646E-03  9.3608E-02  1.0000E+00
 7.9429E+03  6.0261E-03  4.5054E-02  6.1661E-03  9.2918E-02  1.0000E+00
 8.0037E+03  6.0286E-03  4.4728E-02  6.1675E-03  9.2233E-02  1.0000E+00
 8.0650E+03  6.0310E-03  4.4403E-02  6.1690E-03  9.1554E-02  1.0000E+00
 8.1268E+03  6.0335E-03  4.4081E-02  6.1704E-03  9.0880E-02  1.0000E+00
 8.1890E+03  6.0360E-03  4.3762E-02  6.1719E-03  9.0211E-02  1.0000E+00
 8.2518E+03  6.0385E-03  4.3444E-02  6.1734E-03  8.9547E-02  1.0000E+00
 8.3150E+03  6.0410E-03  4.3129E-02  6.1749E-03  8.8888E-02  1.0000E+00
 8.3786E+03  6.0435E-03  4.2817E-02  6.1764E-03  8.8234E-02  1.0000E+00
 8.4428E+03  6.0460E-03  4.2506E-02  6.1779E-03  8.7585E-02  1.0000E+00
 8.5075E+03  6.0485E-03  4.2198E-02  6.1795E-03  8.6941E-02  1.0000E+00
 8.5726E+03  6.0511E-03  4.1892E-02  6.1810E-03  8.6302E-02  1.0000E+00
 8.6383E+03  6.0536E-03  4.1588E-02  6.1826E-03  8.5668E-02  1.0000E+00
 8.7044E+03  6.0561E-03  4.1287E-02  6.1842E-03  8.5038E-02  1.0000E+00
 8.7711E+03  6.0586E-03  4.0988E-02  6.1858E-03  8.4414E-02  1.0000E+00
 8.8383E+03  6.0612E-03  4.0690E-02  6.1874E-03  8.3794E-02  1.0000E+00
 8.9059E+03  6.0637E-03  4.0396E-02  6.1890E-03  8.3178E-02  1.0000E+00
 8.9741E+03  6.0663E-03  4.0103E-02  6.1906E-03  8.2568E-02  1.0000E+00
 9.0429E+03  6.0688E-03  3.9812E-02  6.1922E-03  8.1962E-02  1.0000E+00
 9.1121E+03  6.0714E-03  3.9523E-02  6.1939E-03  8.1361E-02  1.0000E+00
 9.1819E+03  6.0739E-03  3.9237E-02  6.1955E-03  8.0764E-02  1.0000E+00
 9.2522E+03  6.0765E-03  3.8953E-02  6.1972E-03  8.0172E-02  1.0000E+00
 9.3231E+03  6.0791E-03  3.8670E-02  6.1989E-03  7.9584E-02  1.0000E+00
 9.3945E+03  6.0817E-03  3.8390E-02  6.2006E-03  7.9001E-02  1.0000E+00
 9.4664E+03  6.0842E-03  3.8112E-02  6.2023E-03  7.8422E-02  1.0000E+00
 9.5389E+03  6.0868E-03  3.7836E-02  6.2040E-03  7.7848E-02  1.0000E+00
 9.6120E+03  6.0894E-03  3.7561E-02  6.2058E-03  7.7278E-02  1.0000E+00
 9.6856E+03  6.0920E-03  3.7289E-02  6.2075E-03  7.6712E-02  1.0000E+00
 9.7598E+03  6.0947E-03  3.7019E-02  6.2093E-03  7.6151E-02  1.0000E+00
 9.8345E+03  6.0973E-03  3.6751E-02  6.2111E-03  7.5594E-02  1.0000E+00
 9.9098E+03  6.0999E-03  3.6485E-02  6.2129E-03  7.5041E-02  1.0000E+00
 9.9857E+03  6.1026E-03  3.6220E-02  6.2147E-03  7.4493E-02  1.0000E+00
 1.0062E+04  6.1052E-03  3.5958E-02  6.2165E-03  7.3948E-02  1.0000E+00
 1.0139E+04  6.1079E-03  3.5698E-02  6.2184E-03  7.3408E-02  1.0000E+00
 1.0217E+04  6.1105E-03  3.5439E-02  6.2202E-03  7.2872E-02  1.0000E+00
 1.0295E+04  6.1132E-03  3.5182E-02  6.2221E-03  7.2340E-02  1.0000E+00
 1.0374E+04  6.1159E-03  3.4928E-02  6.2240E-03  7.1811E-02  1.0000E+00
 1.0453E+04  6.1186E-03  3.4675E-02  6.2259E-03  7.1287E-02  1.0000E+00
 1.0533E+04  6.1213E-03  3.4424E-02  6.2278E-03  7.0767E-02  1.0000E+00
 1.0614E+04  6.1240E-03  3.4175E-02  6.2297E-03  7.0251E-02  1.0000E+00
 1.0695E+04  6.1267E-03  3.3927E-02  6.2316E-03  6.9739E-02  1.0000E+00
 1.0777E+04  6.1294E-03  3.3682E-02  6.2336E-03  6.9231E-02  1.0000E+00
 1.0860E+04  6.1321E-03  3.3438E-02  6.2356E-03  6.8726E-02  1.0000E+00
 1.0943E+04  6.1349E-03  3.3196E-02  6.2376E-03  6.8226E-02  1.0000E+00
 1.1027E+04  6.1376E-03  3.2956E-02  6.2396E-03  6.7729E-02  1.0000E+00
 1.1111E+04  6.1404E-03  3.2717E-02  6.2416E-03  6.7236E-02  1.0000E+00
 1.1196E+04  6.1432E-03  3.2481E-02  6.2436E-03  6.6747E-02  1.0000E+00
 1.1282E+04  6.1459E-03  3.2246E-02  6.2457E-03  6.6261E-02  1.0000E+00
 1.1369E+04  6.1487E-03  3.2012E-02  6.2477E-03  6.5779E-02  1.0000E+00
 1.1456E+04  6.1515E-03  3.1781E-02  6.2498E-03  6.5301E-02  1.0000E+00
 1.1543E+04  6.1544E-03  3.1551E-02  6.2519E-03  6.4827E-02  1.0000E+00
 1.1632E+04  6.1572E-03  3.1323E-02  6.2540E-03  6.4356E-02  1.0000E+00
 1.1721E+04  6.1600E-03  3.1097E-02  6.2562E-03  6.3888E-02  1.0000E+00
 1.1811E+04  6.1629E-03  3.0872E-02  6.2583E-03  6.3425E-02  1.0000E+00
 1.1901E+04  6.1657E-03  3.0649E-02  6.2605E-03  6.2964E-02  1.0000E+00
 1.1992E+04  6.1686E-03  3.0427E-02  6.2627E-03  6.2508E-02  1.0000E+00
 1.2084E+04  6.1715E-03  3.0208E-02  6.2649E-03  6.2054E-02  1.0000E+00
 1.2177E+04  6.1744E-03  2.9989E-02  6.2671E-03  6.1604E-02  1.0000E+00
 1.2270E+04  6.1773E-03  2.9773E-02  6.2693E-03  6.1158E-02  1.0000E+00
 1.2364E+04  6.1802E-03  2.9558E-02  6.2716E-03  6.0715E-02  1.0000E+00
 1.2458E+04  6.1831E-03  2.9344E-02  6.2738E-03  6.0275E-02  1.0000E+00
 1.2554E+04  6.1861E-03  2.9133E-02  6.2761E-03  5.9839E-02  1.0000E+00
 1.2650E+04  6.1890E-03  2.8922E-02  6.2784E-03  5.9406E-02  1.0000E+00
 1.2747E+04  6.1920E-03  2.8714E-02  6.2808E-03  5.8976E-02  1.0000E+00
 1.2845E+04  6.1950E-03  2.8506E-02  6.2831E-03  5.8550E-02  1.0000E+00
 1.2943E+04  6.1980E-03  2.8301E-02  6.2855E-03  5.8127E-02  1.0000E+00
 1.3042E+04  6.2010E-03  2.8097E-02  6.2878E-03  5.7707E-02  1.0000E+00
 1.3142E+04  6.2040E-03  2.7894E-02  6.2902E-03  5.7290E-02  1.0000E+00
 1.3243E+04  6.2071E-03  2.7693E-02  6.2926E-03  5.6877E-02  1.0000E+00
 1.3344E+04  6.2101E-03  2.7493E-02  6.2951E-03  5.6466E-02  1.0000E+00
 1.3446E+04  6.2132E-03  2.7295E-02  6.2975E-03  5.6059E-02  1.0000E+00
 1.3549E+04  6.2163E-03  2.7098E-02  6.3000E-03  5.5655E-02  1.0000E+00
 1.3653E+04  6.2194E-03  2.6903E-02  6.3025E-03  5.5254E-02  1.0000E+00
 1.3757E+04  6.2225E-03  2.6709E-02  6.3050E-03  5.4855E-02  1.0000E+00
 1.3863E+04  6.2256E-03  2.6517E-02  6.3075E-03  5.4460E-02  1.0000E+00
 1.3969E+04  6.2288E-03  2.6326E-02  6.3101E-03  5.4068E-02  1.0000E+00
 1.4076E+04  6.2319E-03  2.6136E-02  6.3127E-03  5.3679E-02  1.0000E+00
 1.4184E+04  6.2351E-03  2.5948E-02  6.3153E-03  5.3293E-02  1.0000E+00
 1.4292E+04  6.2383E-03  2.5762E-02  6.3179E-03  5.2910E-02  1.0000E+00
 1.4402E+04  6.2415E-03  2.5576E-02  6.3205E-03  5.2530E-02  1.0000E+00
 1.4512E+04  6.2447E-03  2.5392E-02  6.3232E-03  5.2152E-02  1.0000E+00
 1.4623E+04  6.2480E-03  2.5210E-02  6.3258E-03  5.1778E-02  1.0000E+00
 1.4735E+04  6.2512E-03  2.5028E-02  6.3285E-03  5.1406E-02  1.0000E+00
 1.4848E+04  6.2545E-03  2.4848E-02  6.3312E-03  5.1038E-02  1.0000E+00
 1.4962E+04  6.2578E-03  2.4670E-02  6.3340E-03  5.0672E-02  1.0000E+00
 1.5076E+04  6.2611E-03  2.4493E-02  6.3367E-03  5.0308E-02  1.0000E+00
 1.5192E+04  6.2644E-03  2.4317E-02  6.3395E-03  4.9948E-02  1.0000E+00
 1.5308E+04  6.2677E-03  2.4142E-02  6.3423E-03  4.9590E-02  1.0000E+00
 1.5425E+04  6.2711E-03  2.3969E-02  6.3452E-03  4.9235E-02  1.0000E+00
 1.5544E+04  6.2745E-03  2.3797E-02  6.3480E-03  4.8883E-02  1.0000E+00
 1.5663E+04  6.2779E-03  2.3626E-02  6.3509E-03  4.8533E-02  1.0000E+00
 1.5783E+04  6.2813E-03  2.3456E-02  6.3538E-03  4.8187E-02  1.0000E+00
 1.5903E+04  6.2847E-03  2.3288E-02  6.3567E-03  4.7842E-02  1.0000E+00
 1.6025E+04  6.2882E-03  2.3121E-02  6.3596E-03  4.7501E-02  1.0000E+00
 1.6148E+04  6.2917E-03  2.2955E-02  6.3626E-03  4.7162E-02  1.0000E+00
 1.6272E+04  6.2952E-03  2.2791E-02  6.3656E-03  4.6825E-02  1.0000E+00
 1.6396E+04  6.2987E-03  2.2627E-02  6.3686E-03  4.6491E-02  1.0000E+00
 1.6522E+04  6.3022E-03  2.2465E-02  6.3716E-03  4.6160E-02  1.0000E+00
 1.6648E+04  6.3057E-03  2.2304E-02  6.3747E-03  4.5831E-02  1.0000E+00
 1.6776E+04  6.3093E-03  2.2145E-02  6.3778E-03  4.5505E-02  1.0000E+00
 1.6904E+04  6.3129E-03  2.1986E-02  6.3809E-03  4.5181E-02  1.0000E+00
 1.7034E+04  6.3165E-03  2.1829E-02  6.3840E-03  4.4859E-02  1.0000E+00
 1.7164E+04  6.3202E-03  2.1673E-02  6.3871E-03  4.4540E-02  1.0000E+00
 1.7296E+04  6.3238E-03  2.1518E-02  6.3903E-03  4.4224E-02  1.0000E+00
 1.7428E+04  6.3275E-03  2.1364E-02  6.3935E-03  4.3910E-02  1.0000E+00
 1.7562E+04  6.3312E-03  2.1211E-02  6.3968E-03  4.3598E-02  1.0000E+00
 1.7696E+04  6.3349E-03  2.1060E-02  6.4000E-03  4.3289E-02  1.0000E+00
 1.7832E+04  6.3387E-03  2.0909E-02  6.4033E-03  4.2982E-02  1.0000E+00
 1.7968E+04  6.3424E-03  2.0760E-02  6.4066E-03  4.2677E-02  1.0000E+00
 1.8106E+04  6.3462E-03  2.0612E-02  6.4099E-03  4.2375E-02  1.0000E+00
 1.8244E+04  6.3500E-03  2.0465E-02  6.4133E-03  4.2075E-02  1.0000E+00
 1.8384E+04  6.3539E-03  2.0319E-02  6.4167E-03  4.1777E-02  1.0000E+00
 1.8525E+04  6.3577E-03  2.0174E-02  6.4201E-03  4.1482E-02  1.0000E+00
 1.8667E+04  6.3616E-03  2.0030E-02  6.4235E-03  4.1188E-02  1.0000E+00
 1.8810E+04  6.3655E-03  1.9887E-02  6.4270E-03  4.0898E-02  1.0000E+00
 1.8954E+04  6.3694E-03  1.9745E-02  6.4305E-03  4.0609E-02  1.0000E+00
 1.9099E+04  6.3734E-03  1.9605E-02  6.4340E-03  4.0322E-02  1.0000E+00
 1.9245E+04  6.3774E-03  1.9465E-02  6.4376E-03  4.0038E-02  1.0000E+00
 1.9393E+04  6.3814E-03  1.9327E-02  6.4412E-03  3.9756E-02  1.0000E+00
 1.9541E+04  6.3854E-03  1.9189E-02  6.4448E-03  3.9476E-02  1.0000E+00
 1.9691E+04  6.3895E-03  1.9053E-02  6.4484E-03  3.9198E-02  1.0000E+00
 1.9842E+04  6.3935E-03  1.8917E-02  6.4521E-03  3.8922E-02  1.0000E+00
 1.9994E+04  6.3977E-03  1.8783E-02  6.4558E-03  3.8648E-02  1.0000E+00
 2.0147E+04  6.4018E-03  1.8649E-02  6.4595E-03  3.8377E-02  1.0000E+00
 2.0301E+04  6.4059E-03  1.8517E-02  6.4632E-03  3.8107E-02  1.0000E+00
 2.0456E+04  6.4101E-03  1.8385E-02  6.4670E-03  3.7840E-02  1.0000E+00
 2.0613E+04  6.4143E-03  1.8255E-02  6.4708E-03  3.7574E-02  1.0000E+00
 2.0771E+04  6.4186E-03  1.8125E-02  6.4747E-03  3.7311E-02  1.0000E+00
 2.0930E+04  6.4229E-03  1.7997E-02  6.4785E-03  3.7049E-02  1.0000E+00
 2.1090E+04  6.4271E-03  1.7869E-02  6.4825E-03  3.6790E-02  1.0000E+00
 2.1252E+04  6.4315E-03  1.7743E-02  6.4864E-03  3.6532E-02  1.0000E+00
 2.1415E+04  6.4358E-03  1.7617E-02  6.4904E-03  3.6277E-02  1.0000E+00
 2.1579E+04  6.4402E-03  1.7492E-02  6.4944E-03  3.6023E-02  1.0000E+00
 2.1744E+04  6.4446E-03  1.7368E-02  6.4984E-03  3.5772E-02  1.0000E+00
 2.1910E+04  6.4491E-03  1.7245E-02  6.5025E-03  3.5522E-02  1.0000E+00
 2.2078E+04  6.4535E-03  1.7124E-02  6.5065E-03  3.5274E-02  1.0000E+00
 2.2247E+04  6.4580E-03  1.7002E-02  6.5107E-03  3.5028E-02  1.0000E+00
 2.2418E+04  6.4625E-03  1.6882E-02  6.5148E-03  3.4784E-02  1.0000E+00
 2.2589E+04  6.4671E-03  1.6763E-02  6.5190E-03  3.4542E-02  1.0000E+00
 2.2762E+04  6.4717E-03  1.6645E-02  6.5233E-03  3.4302E-02  1.0000E+00
 2.2937E+04  6.4763E-03  1.6527E-02  6.5275E-03  3.4064E-02  1.0000E+00
 2.3112E+04  6.4810E-03  1.6411E-02  6.5318E-03  3.3827E-02  1.0000E+00
 2.3289E+04  6.4857E-03  1.6295E-02  6.5361E-03  3.3592E-02  1.0000E+00
 2.3468E+04  6.4904E-03  1.6180E-02  6.5405E-03  3.3359E-02  1.0000E+00
 2.3647E+04  6.4951E-03  1.6066E-02  6.5449E-03  3.3128E-02  1.0000E+00
 2.3829E+04  6.4999E-03  1.5953E-02  6.5493E-03  3.2898E-02  1.0000E+00
 2.4011E+04  6.5047E-03  1.5841E-02  6.5538E-03  3.2671E-02  1.0000E+00
 2.4195E+04  6.5096E-03  1.5729E-02  6.5583E-03  3.2445E-02  1.0000E+00
 2.4380E+04  6.5144E-03  1.5619E-02  6.5629E-03  3.2220E-02  1.0000E+00
 2.4567E+04  6.5193E-03  1.5509E-02  6.5674E-03  3.1998E-02  1.0000E+00
 2.4755E+04  6.5243E-03  1.5400E-02  6.5721E-03  3.1777E-02  1.0000E+00
 2.4945E+04  6.5293E-03  1.5292E-02  6.5767E-03  3.1558E-02  1.0000E+00
 2.5136E+04  6.5343E-03  1.5184E-02  6.5814E-03  3.1340E-02  1.0000E+00
 2.5328E+04  6.5393E-03  1.5078E-02  6.5861E-03  3.1124E-02  1.0000E+00
 2.5522E+04  6.5444E-03  1.4972E-02  6.5909E-03  3.0910E-02  1.0000E+00
 2.5718E+04  6.5496E-03  1.4867E-02  6.5957E-03  3.0697E-02  1.0000E+00
 2.5915E+04  6.5547E-03  1.4763E-02  6.6005E-03  3.0487E-02  1.0000E+00
 2.6113E+04  6.5599E-03  1.4660E-02  6.6054E-03  3.0277E-02  1.0000E+00
 2.6313E+04  6.5651E-03  1.4557E-02  6.6103E-03  3.0069E-02  1.0000E+00
 2.6515E+04  6.5704E-03  1.4455E-02  6.6153E-03  2.9863E-02  1.0000E+00
 2.6718E+04  6.5757E-03  1.4354E-02  6.6203E-03  2.9659E-02  1.0000E+00
 2.6922E+04  6.5811E-03  1.4254E-02  6.6253E-03  2.9456E-02  1.0000E+00
 2.7128E+04  6.5864E-03  1.4154E-02  6.6304E-03  2.9254E-02  1.0000E+00
 2.7336E+04  6.5919E-03  1.4056E-02  6.6355E-03  2.9054E-02  1.0000E+00
 2.7545E+04  6.5973E-03  1.3958E-02  6.6407E-03  2.8856E-02  1.0000E+00
 2.7756E+04  6.6028E-03  1.3860E-02  6.6459E-03  2.8659E-02  1.0000E+00
 2.7969E+04  6.6084E-03  1.3764E-02  6.6511E-03  2.8464E-02  1.0000E+00
 2.8183E+04  6.6139E-03  1.3668E-02  6.6564E-03  2.8270E-02  1.0000E+00
 2.8399E+04  6.6196E-03  1.3573E-02  6.6618E-03  2.8077E-02  1.0000E+00
 2.8617E+04  6.6252E-03  1.3478E-02  6.6671E-03  2.7887E-02  1.0000E+00
 2.8836E+04  6.6309E-03  1.3385E-02  6.6725E-03  2.7697E-02  1.0000E+00
 2.9056E+04  6.6367E-03  1.3292E-02  6.6780E-03  2.7509E-02  1.0000E+00
 2.9279E+04  6.6425E-03  1.3199E-02  6.6835E-03  2.7323E-02  1.0000E+00
 2.9503E+04  6.6483E-03  1.3108E-02  6.6891E-03  2.7137E-02  1.0000E+00
 2.9729E+04  6.6542E-03  1.3017E-02  6.6947E-03  2.6954E-02  1.0000E+00
 2.9957E+04  6.6601E-03  1.2926E-02  6.7003E-03  2.6771E-02  1.0000E+00
 3.0186E+04  6.6660E-03  1.2837E-02  6.7060E-03  2.6590E-02  1.0000E+00
 3.0417E+04  6.6720E-03  1.2748E-02  6.7117E-03  2.6411E-02  1.0000E+00
 3.0650E+04  6.6781E-03  1.2660E-02  6.7175E-03  2.6233E-02  1.0000E+00
 3.0885E+04  6.6842E-03  1.2572E-02  6.7233E-03  2.6056E-02  1.0000E+00
 3.1122E+04  6.6903E-03  1.2485E-02  6.7292E-03  2.5880E-02  1.0000E+00
 3.1360E+04  6.6965E-03  1.2399E-02  6.7351E-03  2.5706E-02  1.0000E+00
 3.1600E+04  6.7027E-03  1.2313E-02  6.7411E-03  2.5534E-02  1.0000E+00
 3.1842E+04  6.7090E-03  1.2228E-02  6.7471E-03  2.5362E-02  1.0000E+00
 3.2086E+04  6.7153E-03  1.2144E-02  6.7531E-03  2.5192E-02  1.0000E+00
 3.2332E+04  6.7217E-03  1.2060E-02  6.7593E-03  2.5023E-02  1.0000E+00
 3.2579E+04  6.7281E-03  1.1977E-02  6.7654E-03  2.4856E-02  1.0000E+00
 3.2829E+04  6.7345E-03  1.1895E-02  6.7716E-03  2.4689E-02  1.0000E+00
 3.3080E+04  6.7410E-03  1.1813E-02  6.7779E-03  2.4524E-02  1.0000E+00
 3.3334E+04  6.7476E-03  1.1732E-02  6.7842E-03  2.4361E-02  1.0000E+00
 3.3589E+04  6.7542E-03  1.1651E-02  6.7906E-03  2.4198E-02  1.0000E+00
 3.3846E+04  6.7609E-03  1.1571E-02  6.7970E-03  2.4037E-02  1.0000E+00
 3.4105E+04  6.7676E-03  1.1492E-02  6.8035E-03  2.3877E-02  1.0000E+00
 3.4367E+04  6.7743E-03  1.1413E-02  6.8100E-03  2.3718E-02  1.0000E+00
 3.4630E+04  6.7812E-03  1.1335E-02  6.8166E-03  2.3561E-02  1.0000E+00
 3.4895E+04  6.7880E-03  1.1257E-02  6.8232E-03  2.3404E-02  1.0000E+00
 3.5162E+04  6.7949E-03  1.1180E-02  6.8299E-03  2.3249E-02  1.0000E+00
 3.5431E+04  6.8019E-03  1.1104E-02  6.8366E-03  2.3095E-02  1.0000E+00
 3.5703E+04  6.8089E-03  1.1028E-02  6.8434E-03  2.2943E-02  1.0000E+00
 3.5976E+04  6.8160E-03  1.0953E-02  6.8502E-03  2.2791E-02  1.0000E+00
 3.6252E+04  6.8231E-03  1.0878E-02  6.8571E-03  2.2641E-02  1.0000E+00
 3.6529E+04  6.8303E-03  1.0804E-02  6.8641E-03  2.2491E-02  1.0000E+00
 3.6809E+04  6.8375E-03  1.0731E-02  6.8711E-03  2.2343E-02  1.0000E+00
 3.7091E+04  6.8448E-03  1.0657E-02  6.8782E-03  2.2196E-02  1.0000E+00
 3.7375E+04  6.8522E-03  1.0585E-02  6.8853E-03  2.2050E-02  1.0000E+00
 3.7661E+04  6.8596E-03  1.0513E-02  6.8925E-03  2.1906E-02  1.0000E+00
 3.7950E+04  6.8671E-03  1.0442E-02  6.8998E-03  2.1762E-02  1.0000E+00
 3.8240E+04  6.8746E-03  1.0371E-02  6.9071E-03  2.1619E-02  1.0000E+00
 3.8533E+04  6.8822E-03  1.0301E-02  6.9144E-03  2.1478E-02  1.0000E+00
 3.8828E+04  6.8898E-03  1.0231E-02  6.9219E-03  2.1338E-02  1.0000E+00
 3.9126E+04  6.8975E-03  1.0161E-02  6.9294E-03  2.1198E-02  1.0000E+00
 3.9425E+04  6.9053E-03  1.0093E-02  6.9369E-03  2.1060E-02  1.0000E+00
 3.9727E+04  6.9131E-03  1.0025E-02  6.9445E-03  2.0923E-02  1.0000E+00
 4.0032E+04  6.9210E-03  9.9568E-03  6.9522E-03  2.0787E-02  1.0000E+00
 4.0338E+04  6.9289E-03  9.8896E-03  6.9599E-03  2.0652E-02  1.0000E+00
 4.0647E+04  6.9369E-03  9.8229E-03  6.9677E-03  2.0518E-02  1.0000E+00
 4.0958E+04  6.9450E-03  9.7568E-03  6.9756E-03  2.0385E-02  1.0000E+00
 4.1272E+04  6.9531E-03  9.6911E-03  6.9835E-03  2.0253E-02  1.0000E+00
 4.1588E+04  6.9613E-03  9.6259E-03  6.9915E-03  2.0122E-02  1.0000E+00
 4.1907E+04  6.9695E-03  9.5612E-03  6.9996E-03  1.9992E-02  1.0000E+00
 4.2228E+04  6.9779E-03  9.4970E-03  7.0077E-03  1.9863E-02  1.0000E+00
 4.2551E+04  6.9863E-03  9.4333E-03  7.0159E-03  1.9735E-02  1.0000E+00
 4.2877E+04  6.9947E-03  9.3701E-03  7.0242E-03  1.9609E-02  1.0000E+00
 4.3205E+04  7.0032E-03  9.3073E-03  7.0325E-03  1.9483E-02  1.0000E+00
 4.3536E+04  7.0118E-03  9.2450E-03  7.0409E-03  1.9358E-02  1.0000E+00
 4.3869E+04  7.0205E-03  9.1832E-03  7.0494E-03  1.9234E-02  1.0000E+00
 4.4205E+04  7.0292E-03  9.1219E-03  7.0579E-03  1.9111E-02  1.0000E+00
 4.4544E+04  7.0380E-03  9.0610E-03  7.0665E-03  1.8988E-02  1.0000E+00
 4.4885E+04  7.0469E-03  9.0006E-03  7.0752E-03  1.8867E-02  1.0000E+00
 4.5229E+04  7.0558E-03  8.9406E-03  7.0840E-03  1.8747E-02  1.0000E+00
 4.5575E+04  7.0648E-03  8.8811E-03  7.0928E-03  1.8628E-02  1.0000E+00
 4.5924E+04  7.0739E-03  8.8220E-03  7.1017E-03  1.8509E-02  1.0000E+00
 4.6276E+04  7.0830E-03  8.7634E-03  7.1107E-03  1.8392E-02  1.0000E+00
 4.6630E+04  7.0922E-03  8.7052E-03  7.1197E-03  1.8275E-02  1.0000E+00
 4.6987E+04  7.1015E-03  8.6475E-03  7.1288E-03  1.8160E-02  1.0000E+00
 4.7347E+04  7.1109E-03  8.5902E-03  7.1380E-03  1.8045E-02  1.0000E+00
 4.7710E+04  7.1204E-03  8.5334E-03  7.1473E-03  1.7931E-02  1.0000E+00
 4.8075E+04  7.1299E-03  8.4769E-03  7.1566E-03  1.7818E-02  1.0000E+00
 4.8443E+04  7.1395E-03  8.4209E-03  7.1661E-03  1.7706E-02  1.0000E+00
 4.8814E+04  7.1491E-03  8.3654E-03  7.1756E-03  1.7595E-02  1.0000E+00
 4.9188E+04  7.1589E-03  8.3102E-03  7.1852E-03  1.7484E-02  1.0000E+00
 4.9565E+04  7.1687E-03  8.2555E-03  7.1948E-03  1.7375E-02  1.0000E+00
 4.9945E+04  7.1786E-03  8.2012E-03  7.2046E-03  1.7266E-02  1.0000E+00
 5.0327E+04  7.1886E-03  8.1472E-03  7.2144E-03  1.7158E-02  1.0000E+00
 5.0713E+04  7.1987E-03  8.0937E-03  7.2243E-03  1.7051E-02  1.0000E+00
 5.1101E+04  7.2089E-03  8.0407E-03  7.2343E-03  1.6945E-02  1.0000E+00
 5.1492E+04  7.2191E-03  7.9880E-03  7.2444E-03  1.6840E-02  1.0000E+00
 5.1887E+04  7.2294E-03  7.9357E-03  7.2546E-03  1.6735E-02  1.0000E+00
 5.2284E+04  7.2398E-03  7.8838E-03  7.2648E-03  1.6631E-02  1.0000E+00
 5.2684E+04  7.2503E-03  7.8323E-03  7.2751E-03  1.6528E-02  1.0000E+00
 5.3088E+04  7.2609E-03  7.7811E-03  7.2855E-03  1.6426E-02  1.0000E+00
 5.3494E+04  7.2715E-03  7.7304E-03  7.2961E-03  1.6325E-02  1.0000E+00
 5.3904E+04  7.2823E-03  7.6801E-03  7.3066E-03  1.6224E-02  1.0000E+00
 5.4317E+04  7.2931E-03  7.6301E-03  7.3173E-03  1.6125E-02  1.0000E+00
 5.4733E+04  7.3040E-03  7.5805E-03  7.3281E-03  1.6026E-02  1.0000E+00
 5.5152E+04  7.3150E-03  7.5313E-03  7.3390E-03  1.5927E-02  1.0000E+00
 5.5574E+04  7.3261E-03  7.4825E-03  7.3499E-03  1.5830E-02  1.0000E+00
 5.6000E+04  7.3373E-03  7.4340E-03  7.3610E-03  1.5733E-02  1.0000E+00
 5.6429E+04  7.3486E-03  7.3860E-03  7.3721E-03  1.5637E-02  1.0000E+00
 5.6861E+04  7.3600E-03  7.3382E-03  7.3833E-03  1.5542E-02  1.0000E+00
 5.7297E+04  7.3715E-03  7.2909E-03  7.3947E-03  1.5448E-02  1.0000E+00
 5.7735E+04  7.3830E-03  7.2439E-03  7.4061E-03  1.5354E-02  1.0000E+00
 5.8177E+04  7.3947E-03  7.1972E-03  7.4176E-03  1.5261E-02  1.0000E+00
 5.8623E+04  7.4064E-03  7.1509E-03  7.4292E-03  1.5169E-02  1.0000E+00
 5.9072E+04  7.4183E-03  7.1050E-03  7.4409E-03  1.5077E-02  1.0000E+00
 5.9524E+04  7.4302E-03  7.0594E-03  7.4528E-03  1.4986E-02  1.0000E+00
 5.9980E+04  7.4423E-03  7.0141E-03  7.4647E-03  1.4896E-02  1.0000E+00
 6.0440E+04  7.4544E-03  6.9692E-03  7.4767E-03  1.4807E-02  1.0000E+00
 6.0902E+04  7.4667E-03  6.9247E-03  7.4888E-03  1.4718E-02  1.0000E+00
 6.1369E+04  7.4791E-03  6.8804E-03  7.5010E-03  1.4630E-02  1.0000E+00
 6.1839E+04  7.4915E-03  6.8365E-03  7.5134E-03  1.4543E-02  1.0000E+00
 6.2312E+04  7.5041E-03  6.7930E-03  7.5258E-03  1.4456E-02  1.0000E+00
 6.2790E+04  7.5167E-03  6.7498E-03  7.5383E-03  1.4370E-02  1.0000E+00
 6.3270E+04  7.5295E-03  6.7069E-03  7.5510E-03  1.4285E-02  1.0000E+00
 6.3755E+04  7.5424E-03  6.6643E-03  7.5637E-03  1.4200E-02  1.0000E+00
 6.4243E+04  7.5554E-03  6.6221E-03  7.5766E-03  1.4116E-02  1.0000E+00
 6.4735E+04  7.5684E-03  6.5801E-03  7.5895E-03  1.4033E-02  1.0000E+00
 6.5231E+04  7.5816E-03  6.5385E-03  7.6026E-03  1.3950E-02  1.0000E+00
 6.5731E+04  7.5950E-03  6.4973E-03  7.6158E-03  1.3868E-02  1.0000E+00
 6.6234E+04  7.6084E-03  6.4563E-03  7.6291E-03  1.3787E-02  1.0000E+00
 6.6741E+04  7.6219E-03  6.4156E-03  7.6425E-03  1.3706E-02  1.0000E+00
 6.7252E+04  7.6356E-03  6.3753E-03  7.6560E-03  1.3626E-02  1.0000E+00
 6.7767E+04  7.6493E-03  6.3352E-03  7.6697E-03  1.3547E-02  1.0000E+00
 6.8286E+04  7.6632E-03  6.2955E-03  7.6834E-03  1.3468E-02  1.0000E+00
 6.8809E+04  7.6772E-03  6.2561E-03  7.6973E-03  1.3390E-02  1.0000E+00
 6.9336E+04  7.6913E-03  6.2169E-03  7.7113E-03  1.3312E-02  1.0000E+00
 6.9867E+04  7.7056E-03  6.1781E-03  7.7254E-03  1.3235E-02  1.0000E+00
 7.0402E+04  7.7199E-03  6.1395E-03  7.7397E-03  1.3159E-02  1.0000E+00
 7.0942E+04  7.7344E-03  6.1013E-03  7.7540E-03  1.3083E-02  1.0000E+00
 7.1485E+04  7.7490E-03  6.0633E-03  7.7685E-03  1.3008E-02  1.0000E+00
 7.2032E+04  7.7637E-03  6.0257E-03  7.7831E-03  1.2933E-02  1.0000E+00
 7.2584E+04  7.7785E-03  5.9883E-03  7.7979E-03  1.2859E-02  1.0000E+00
 7.3140E+04  7.7935E-03  5.9512E-03  7.8127E-03  1.2786E-02  1.0000E+00
 7.3700E+04  7.8086E-03  5.9144E-03  7.8277E-03  1.2713E-02  1.0000E+00
 7.4264E+04  7.8238E-03  5.8778E-03  7.8428E-03  1.2641E-02  1.0000E+00
 7.4833E+04  7.8392E-03  5.8416E-03  7.8581E-03  1.2569E-02  1.0000E+00
 7.5406E+04  7.8547E-03  5.8056E-03  7.8735E-03  1.2498E-02  1.0000E+00
 7.5984E+04  7.8703E-03  5.7699E-03  7.8890E-03  1.2427E-02  1.0000E+00
 7.6566E+04  7.8861E-03  5.7345E-03  7.9046E-03  1.2357E-02  1.0000E+00
 7.7152E+04  7.9020E-03  5.6993E-03  7.9204E-03  1.2288E-02  1.0000E+00
 7.7743E+04  7.9180E-03  5.6644E-03  7.9363E-03  1.2219E-02  1.0000E+00
 7.8338E+04  7.9341E-03  5.6298E-03  7.9524E-03  1.2151E-02  1.0000E+00
 7.8938E+04  7.9505E-03  5.5955E-03  7.9686E-03  1.2083E-02  1.0000E+00
 7.9543E+04  7.9669E-03  5.5614E-03  7.9849E-03  1.2016E-02  1.0000E+00
 8.0152E+04  7.9835E-03  5.5275E-03  8.0014E-03  1.1949E-02  1.0000E+00
 8.0766E+04  8.0002E-03  5.4939E-03  8.0180E-03  1.1883E-02  1.0000E+00
 8.1384E+04  8.0171E-03  5.4606E-03  8.0348E-03  1.1817E-02  1.0000E+00
 8.2008E+04  8.0341E-03  5.4276E-03  8.0517E-03  1.1752E-02  1.0000E+00
 8.2636E+04  8.0512E-03  5.3947E-03  8.0688E-03  1.1687E-02  1.0000E+00
 8.3268E+04  8.0686E-03  5.3622E-03  8.0860E-03  1.1623E-02  1.0000E+00
 8.3906E+04  8.0860E-03  5.3299E-03  8.1034E-03  1.1560E-02  1.0000E+00
 8.4549E+04  8.1036E-03  5.2978E-03  8.1209E-03  1.1497E-02  1.0000E+00
 8.5196E+04  8.1214E-03  5.2660E-03  8.1386E-03  1.1434E-02  1.0000E+00
 8.5849E+04  8.1393E-03  5.2344E-03  8.1564E-03  1.1372E-02  1.0000E+00
 8.6506E+04  8.1574E-03  5.2031E-03  8.1744E-03  1.1310E-02  1.0000E+00
 8.7169E+04  8.1756E-03  5.1720E-03  8.1925E-03  1.1249E-02  1.0000E+00
 8.7836E+04  8.1940E-03  5.1411E-03  8.2108E-03  1.1189E-02  1.0000E+00
 8.8509E+04  8.2125E-03  5.1105E-03  8.2292E-03  1.1129E-02  1.0000E+00
 8.9187E+04  8.2312E-03  5.0801E-03  8.2479E-03  1.1069E-02  1.0000E+00
 8.9870E+04  8.2501E-03  5.0499E-03  8.2667E-03  1.1010E-02  1.0000E+00
 9.0558E+04  8.2692E-03  5.0200E-03  8.2856E-03  1.0951E-02  1.0000E+00
 9.1252E+04  8.2884E-03  4.9903E-03  8.3047E-03  1.0893E-02  1.0000E+00
 9.1950E+04  8.3077E-03  4.9609E-03  8.3240E-03  1.0836E-02  1.0000E+00
 9.2655E+04  8.3273E-03  4.9316E-03  8.3435E-03  1.0778E-02  1.0000E+00
 9.3364E+04  8.3470E-03  4.9026E-03  8.3631E-03  1.0722E-02  1.0000E+00
 9.4079E+04  8.3669E-03  4.8738E-03  8.3829E-03  1.0665E-02  1.0000E+00
 9.4800E+04  8.3869E-03  4.8452E-03  8.4029E-03  1.0609E-02  1.0000E+00
 9.5526E+04  8.4072E-03  4.8169E-03  8.4230E-03  1.0554E-02  1.0000E+00
 9.6257E+04  8.4276E-03  4.7887E-03  8.4433E-03  1.0499E-02  1.0000E+00
 9.6994E+04  8.4482E-03  4.7608E-03  8.4639E-03  1.0445E-02  1.0000E+00
 9.7737E+04  8.4689E-03  4.7331E-03  8.4845E-03  1.0391E-02  1.0000E+00
 9.8486E+04  8.4899E-03  4.7056E-03  8.5054E-03  1.0337E-02  1.0000E+00
 9.9240E+04  8.5110E-03  4.6783E-03  8.5265E-03  1.0284E-02  1.0000E+00
 1.0000E+05  8.5324E-03  4.6513E-03  8.5477E-03  1.0231E-02  1.0000E+00


