#     0	 1	    2	 3	 1.7703E+01	 1000	1
 4.8978E+01  7.0474E+00  8.6109E+03  6.0441E+00  1.2016E+04  1.0000E+00
 4.9353E+01  7.0556E+00  8.5554E+03  6.0628E+00  1.1976E+04  1.0000E+00
 4.9731E+01  7.0639E+00  8.5004E+03  6.0815E+00  1.1936E+04  1.0000E+00
 5.0112E+01  7.0722E+00  8.4457E+03  6.1003E+00  1.1896E+04  1.0000E+00
 5.0496E+01  7.0805E+00  8.3914E+03  6.1190E+00  1.1856E+04  1.0000E+00
 5.0882E+01  7.0889E+00  8.3374E+03  6.1377E+00  1.1815E+04  1.0000E+00
 5.1272E+01  7.0973E+00  8.2839E+03  6.1564E+00  1.1775E+04  1.0000E+00
 5.1665E+01  7.1058E+00  8.2307E+03  6.1752E+00  1.1735E+04  1.0000E+00
 5.2060E+01  7.1143E+00  8.1780E+03  6.1939E+00  1.1694E+04  1.0000E+00
 5.2459E+01  7.1228E+00  8.1255E+03  6.2126E+00  1.1654E+04  1.0000E+00
 5.2861E+01  7.1314E+00  8.0735E+03  6.2313E+00  1.1613E+04  1.0000E+00
 5.3266E+01  7.1400E+00  8.0218E+03  6.2501E+00  1.1573E+04  1.0000E+00
 5.3673E+01  7.1487E+00  7.9705E+03  6.2688E+00  1.1532E+04  1.0000E+00
 5.4085E+01  7.1574E+00  7.9195E+03  6.2875E+00  1.1492E+04  1.0000E+00
 5.4499E+01  7.1661E+00  7.8689E+03  6.3062E+00  1.1451E+04  1.0000E+00
 5.4916E+01  7.1749E+00  7.8187E+03  6.3249E+00  1.1410E+04  1.0000E+00
 5.5337E+01  7.1837E+00  7.7688E+03  6.3437E+00  1.1370E+04  1.0000E+00
 5.5760E+01  7.1925E+00  7.7192E+03  6.3624E+00  1.1329E+04  1.0000E+00
 5.6187E+01  7.2014E+00  7.6700E+03  6.3811E+00  1.1288E+04  1.0000E+00
 5.6618E+01  7.2104E+00  7.6212E+03  6.3998E+00  1.1247E+04  1.0000E+00
 5.7051E+01  7.2193E+00  7.5727E+03  6.4186E+00  1.1207E+04  1.0000E+00
 5.7488E+01  7.2283E+00  7.5245E+03  6.4373E+00  1.1166E+04  1.0000E+00
 5.7929E+01  7.2374E+00  7.4766E+03  6.4560E+00  1.1125E+04  1.0000E+00
 5.8372E+01  7.2465E+00  7.4291E+03  6.4747E+00  1.1084E+04  1.0000E+00
 5.8819E+01  7.2556E+00  7.3820E+03  6.4935E+00  1.1043E+04  1.0000E+00
 5.9270E+01  7.2648E+00  7.3351E+03  6.5122E+00  1.1002E+04  1.0000E+00
 5.9724E+01  7.2740E+00  7.2886E+03  6.5309E+00  1.0962E+04  1.0000E+00
 6.0181E+01  7.2832E+00  7.2424E+03  6.5496E+00  1.0921E+04  1.0000E+00
 6.0642E+01  7.2925E+00  7.1965E+03  6.5684E+00  1.0880E+04  1.0000E+00
 6.1106E+01  7.3018E+00  7.1509E+03  6.5871E+00  1.0839E+04  1.0000E+00
 6.1574E+01  7.3112E+00  7.1057E+03  6.6058E+00  1.0798E+04  1.0000E+00
 6.2046E+01  7.3206E+00  7.0607E+03  6.6245E+00  1.0757E+04  1.0000E+00
 6.2521E+01  7.3301E+00  7.0161E+03  6.6433E+00  1.0716E+04  1.0000E+00
 6.3000E+01  7.3395E+00  6.9718E+03  6.6620E+00  1.0676E+04  1.0000E+00
 6.3482E+01  7.3491E+00  6.9278E+03  6.6807E+00  1.0635E+04  1.0000E+00
 6.3968E+01  7.3586E+00  6.8841E+03  6.6995E+00  1.0594E+04  1.0000E+00
 6.4458E+01  7.3682E+00  6.8407E+03  6.7182E+00  1.0553E+04  1.0000E+00
 6.4952E+01  7.3779E+00  6.7976E+03  6.7369E+00  1.0512E+04  1.0000E+00
 6.5449E+01  7.3876E+00  6.7548E+03  6.7556E+00  1.0471E+04  1.0000E+00
 6.5951E+01  7.3973E+00  6.7122E+03  6.7744E+00  1.0431E+04  1.0000E+00
 6.6456E+01  7.4070E+00  6.6700E+03  6.7931E+00  1.0390E+04  1.0000E+00
 6.6965E+01  7.4168E+00  6.6281E+03  6.8118E+00  1.0349E+04  1.0000E+00
 6.7478E+01  7.4267E+00  6.5864E+03  6.8305E+00  1.0308E+04  1.0000E+00
 6.7994E+01  7.4366E+00  6.5451E+03  6.8493E+00  1.0268E+04  1.0000E+00
 6.8515E+01  7.4465E+00  6.5040E+03  6.8680E+00  1.0227E+04  1.0000E+00
 6.9040E+01  7.4565E+00  6.4632E+03  6.8867E+00  1.0187E+04  1.0000E+00
 6.9568E+01  7.4665E+00  6.4227E+03  6.9055E+00  1.0146E+04  1.0000E+00
 7.0101E+01  7.4766E+00  6.3825E+03  6.9242E+00  1.0105E+04  1.0000E+00
 7.0638E+01  7.4867E+00  6.3425E+03  6.9429E+00  1.0065E+04  1.0000E+00
 7.1179E+01  7.4968E+00  6.3029E+03  6.9616E+00  1.0024E+04  1.0000E+00
 7.1724E+01  7.5070E+00  6.2635E+03  6.9804E+00  9.9839E+03  1.0000E+00
 7.2273E+01  7.5172E+00  6.2243E+03  6.9991E+00  9.9435E+03  1.0000E+00
 7.2827E+01  7.5275E+00  6.1855E+03  7.0178E+00  9.9031E+03  1.0000E+00
 7.3385E+01  7.5378E+00  6.1469E+03  7.0366E+00  9.8628E+03  1.0000E+00
 7.3947E+01  7.5482E+00  6.1085E+03  7.0553E+00  9.8225E+03  1.0000E+00
 7.4513E+01  7.5586E+00  6.0705E+03  7.0740E+00  9.7823E+03  1.0000E+00
 7.5084E+01  7.5691E+00  6.0326E+03  7.0927E+00  9.7421E+03  1.0000E+00
 7.5659E+01  7.5796E+00  5.9951E+03  7.1115E+00  9.7019E+03  1.0000E+00
 7.6238E+01  7.5901E+00  5.9578E+03  7.1302E+00  9.6618E+03  1.0000E+00
 7.6822E+01  7.6007E+00  5.9207E+03  7.1489E+00  9.6217E+03  1.0000E+00
 7.7410E+01  7.6113E+00  5.8840E+03  7.1677E+00  9.5817E+03  1.0000E+00
 7.8003E+01  7.6219E+00  5.8474E+03  7.1864E+00  9.5418E+03  1.0000E+00
 7.8601E+01  7.6327E+00  5.8111E+03  7.2051E+00  9.5019E+03  1.0000E+00
 7.9202E+01  7.6434E+00  5.7751E+03  7.2239E+00  9.4621E+03  1.0000E+00
 7.9809E+01  7.6542E+00  5.7393E+03  7.2426E+00  9.4223E+03  1.0000E+00
 8.0420E+01  7.6650E+00  5.7037E+03  7.2613E+00  9.3826E+03  1.0000E+00
 8.1036E+01  7.6759E+00  5.6684E+03  7.2801E+00  9.3429E+03  1.0000E+00
 8.1657E+01  7.6868E+00  5.6333E+03  7.2988E+00  9.3033E+03  1.0000E+00
 8.2282E+01  7.6978E+00  5.5985E+03  7.3175E+00  9.2638E+03  1.0000E+00
 8.2912E+01  7.7088E+00  5.5639E+03  7.3362E+00  9.2243E+03  1.0000E+00
 8.3547E+01  7.7199E+00  5.5295E+03  7.3550E+00  9.1849E+03  1.0000E+00
 8.4187E+01  7.7310E+00  5.4953E+03  7.3737E+00  9.1455E+03  1.0000E+00
 8.4832E+01  7.7421E+00  5.4614E+03  7.3924E+00  9.1063E+03  1.0000E+00
 8.5481E+01  7.7533E+00  5.4278E+03  7.4112E+00  9.0670E+03  1.0000E+00
 8.6136E+01  7.7645E+00  5.3943E+03  7.4299E+00  9.0279E+03  1.0000E+00
 8.6796E+01  7.7758E+00  5.3611E+03  7.4486E+00  8.9888E+03  1.0000E+00
 8.7460E+01  7.7871E+00  5.3281E+03  7.4674E+00  8.9498E+03  1.0000E+00
 8.8130E+01  7.7984E+00  5.2953E+03  7.4861E+00  8.9109E+03  1.0000E+00
 8.8805E+01  7.8098E+00  5.2627E+03  7.5048E+00  8.8721E+03  1.0000E+00
 8.9485E+01  7.8213E+00  5.2304E+03  7.5236E+00  8.8333E+03  1.0000E+00
 9.0171E+01  7.8328E+00  5.1982E+03  7.5423E+00  8.7946E+03  1.0000E+00
 9.0861E+01  7.8443E+00  5.1663E+03  7.5611E+00  8.7560E+03  1.0000E+00
 9.1557E+01  7.8559E+00  5.1346E+03  7.5798E+00  8.7174E+03  1.0000E+00
 9.2258E+01  7.8675E+00  5.1031E+03  7.5985E+00  8.6789E+03  1.0000E+00
 9.2965E+01  7.8792E+00  5.0718E+03  7.6173E+00  8.6406E+03  1.0000E+00
 9.3677E+01  7.8909E+00  5.0408E+03  7.6360E+00  8.6022E+03  1.0000E+00
 9.4394E+01  7.9026E+00  5.0099E+03  7.6547E+00  8.5640E+03  1.0000E+00
 9.5117E+01  7.9144E+00  4.9792E+03  7.6735E+00  8.5259E+03  1.0000E+00
 9.5845E+01  7.9262E+00  4.9488E+03  7.6922E+00  8.4878E+03  1.0000E+00
 9.6579E+01  7.9381E+00  4.9185E+03  7.7109E+00  8.4498E+03  1.0000E+00
 9.7319E+01  7.9500E+00  4.8885E+03  7.7297E+00  8.4119E+03  1.0000E+00
 9.8064E+01  7.9620E+00  4.8586E+03  7.7484E+00  8.3741E+03  1.0000E+00
 9.8815E+01  7.9740E+00  4.8290E+03  7.7671E+00  8.3364E+03  1.0000E+00
 9.9572E+01  7.9861E+00  4.7995E+03  7.7859E+00  8.2988E+03  1.0000E+00
 1.0033E+02  7.9982E+00  4.7702E+03  7.8046E+00  8.2612E+03  1.0000E+00
 1.0110E+02  8.0103E+00  4.7412E+03  7.8234E+00  8.2238E+03  1.0000E+00
 1.0188E+02  8.0225E+00  4.7123E+03  7.8421E+00  8.1864E+03  1.0000E+00
 1.0266E+02  8.0347E+00  4.6836E+03  7.8608E+00  8.1491E+03  1.0000E+00
 1.0344E+02  8.0470E+00  4.6551E+03  7.8796E+00  8.1120E+03  1.0000E+00
 1.0424E+02  8.0593E+00  4.6268E+03  7.8983E+00  8.0749E+03  1.0000E+00
 1.0503E+02  8.0717E+00  4.5986E+03  7.9171E+00  8.0379E+03  1.0000E+00
 1.0584E+02  8.0841E+00  4.5707E+03  7.9358E+00  8.0010E+03  1.0000E+00
 1.0665E+02  8.0965E+00  4.5429E+03  7.9545E+00  7.9642E+03  1.0000E+00
 1.0747E+02  8.1090E+00  4.5154E+03  7.9733E+00  7.9274E+03  1.0000E+00
 1.0829E+02  8.1215E+00  4.4880E+03  7.9920E+00  7.8908E+03  1.0000E+00
 1.0912E+02  8.1341E+00  4.4608E+03  8.0108E+00  7.8543E+03  1.0000E+00
 1.0995E+02  8.1467E+00  4.4337E+03  8.0295E+00  7.8179E+03  1.0000E+00
 1.1080E+02  8.1594E+00  4.4069E+03  8.0482E+00  7.7815E+03  1.0000E+00
 1.1164E+02  8.1721E+00  4.3802E+03  8.0670E+00  7.7453E+03  1.0000E+00
 1.1250E+02  8.1849E+00  4.3537E+03  8.0857E+00  7.7092E+03  1.0000E+00
 1.1336E+02  8.1977E+00  4.3273E+03  8.1045E+00  7.6731E+03  1.0000E+00
 1.1423E+02  8.2105E+00  4.3012E+03  8.1232E+00  7.6372E+03  1.0000E+00
 1.1510E+02  8.2234E+00  4.2752E+03  8.1419E+00  7.6014E+03  1.0000E+00
 1.1599E+02  8.2363E+00  4.2494E+03  8.1607E+00  7.5656E+03  1.0000E+00
 1.1687E+02  8.2493E+00  4.2237E+03  8.1794E+00  7.5300E+03  1.0000E+00
 1.1777E+02  8.2623E+00  4.1982E+03  8.1982E+00  7.4945E+03  1.0000E+00
 1.1867E+02  8.2754E+00  4.1729E+03  8.2169E+00  7.4590E+03  1.0000E+00
 1.1958E+02  8.2885E+00  4.1477E+03  8.2357E+00  7.4237E+03  1.0000E+00
 1.2050E+02  8.3016E+00  4.1227E+03  8.2544E+00  7.3885E+03  1.0000E+00
 1.2142E+02  8.3148E+00  4.0979E+03  8.2732E+00  7.3534E+03  1.0000E+00
 1.2235E+02  8.3281E+00  4.0732E+03  8.2919E+00  7.3183E+03  1.0000E+00
 1.2329E+02  8.3414E+00  4.0487E+03  8.3106E+00  7.2834E+03  1.0000E+00
 1.2423E+02  8.3547E+00  4.0244E+03  8.3294E+00  7.2486E+03  1.0000E+00
 1.2518E+02  8.3681E+00  4.0002E+03  8.3481E+00  7.2139E+03  1.0000E+00
 1.2614E+02  8.3815E+00  3.9761E+03  8.3669E+00  7.1793E+03  1.0000E+00
 1.2711E+02  8.3949E+00  3.9522E+03  8.3856E+00  7.1448E+03  1.0000E+00
 1.2808E+02  8.4084E+00  3.9285E+03  8.4044E+00  7.1104E+03  1.0000E+00
 1.2906E+02  8.4220E+00  3.9049E+03  8.4231E+00  7.0762E+03  1.0000E+00
 1.3005E+02  8.4356E+00  3.8815E+03  8.4419E+00  7.0420E+03  1.0000E+00
 1.3104E+02  8.4492E+00  3.8582E+03  8.4606E+00  7.0079E+03  1.0000E+00
 1.3205E+02  8.4629E+00  3.8351E+03  8.4794E+00  6.9740E+03  1.0000E+00
 1.3306E+02  8.4766E+00  3.8121E+03  8.4981E+00  6.9401E+03  1.0000E+00
 1.3408E+02  8.4904E+00  3.7893E+03  8.5169E+00  6.9064E+03  1.0000E+00
 1.3510E+02  8.5042E+00  3.7666E+03  8.5356E+00  6.8728E+03  1.0000E+00
 1.3614E+02  8.5180E+00  3.7440E+03  8.5544E+00  6.8392E+03  1.0000E+00
 1.3718E+02  8.5319E+00  3.7216E+03  8.5731E+00  6.8058E+03  1.0000E+00
 1.3823E+02  8.5458E+00  3.6994E+03  8.5919E+00  6.7725E+03  1.0000E+00
 1.3929E+02  8.5598E+00  3.6773E+03  8.6106E+00  6.7393E+03  1.0000E+00
 1.4036E+02  8.5738E+00  3.6553E+03  8.6294E+00  6.7062E+03  1.0000E+00
 1.4143E+02  8.5879E+00  3.6335E+03  8.6481E+00  6.6733E+03  1.0000E+00
 1.4252E+02  8.6020E+00  3.6118E+03  8.6669E+00  6.6404E+03  1.0000E+00
 1.4361E+02  8.6162E+00  3.5902E+03  8.6856E+00  6.6077E+03  1.0000E+00
 1.4471E+02  8.6304E+00  3.5688E+03  8.7044E+00  6.5750E+03  1.0000E+00
 1.4582E+02  8.6446E+00  3.5475E+03  8.7231E+00  6.5425E+03  1.0000E+00
 1.4693E+02  8.6589E+00  3.5263E+03  8.7419E+00  6.5101E+03  1.0000E+00
 1.4806E+02  8.6732E+00  3.5053E+03  8.7606E+00  6.4778E+03  1.0000E+00
 1.4919E+02  8.6876E+00  3.4844E+03  8.7794E+00  6.4456E+03  1.0000E+00
 1.5033E+02  8.7020E+00  3.4637E+03  8.7981E+00  6.4135E+03  1.0000E+00
 1.5149E+02  8.7164E+00  3.4431E+03  8.8169E+00  6.3815E+03  1.0000E+00
 1.5265E+02  8.7309E+00  3.4226E+03  8.8357E+00  6.3497E+03  1.0000E+00
 1.5381E+02  8.7454E+00  3.4022E+03  8.8544E+00  6.3179E+03  1.0000E+00
 1.5499E+02  8.7600E+00  3.3820E+03  8.8732E+00  6.2863E+03  1.0000E+00
 1.5618E+02  8.7747E+00  3.3619E+03  8.8919E+00  6.2548E+03  1.0000E+00
 1.5738E+02  8.7893E+00  3.3419E+03  8.9107E+00  6.2234E+03  1.0000E+00
 1.5858E+02  8.8040E+00  3.3221E+03  8.9294E+00  6.1921E+03  1.0000E+00
 1.5980E+02  8.8188E+00  3.3023E+03  8.9482E+00  6.1609E+03  1.0000E+00
 1.6102E+02  8.8336E+00  3.2827E+03  8.9670E+00  6.1298E+03  1.0000E+00
 1.6225E+02  8.8484E+00  3.2632E+03  8.9857E+00  6.0989E+03  1.0000E+00
 1.6349E+02  8.8633E+00  3.2439E+03  9.0045E+00  6.0681E+03  1.0000E+00
 1.6475E+02  8.8782E+00  3.2246E+03  9.0232E+00  6.0373E+03  1.0000E+00
 1.6601E+02  8.8932E+00  3.2055E+03  9.0420E+00  6.0067E+03  1.0000E+00
 1.6728E+02  8.9082E+00  3.1865E+03  9.0608E+00  5.9762E+03  1.0000E+00
 1.6856E+02  8.9232E+00  3.1676E+03  9.0795E+00  5.9458E+03  1.0000E+00
 1.6985E+02  8.9383E+00  3.1489E+03  9.0983E+00  5.9156E+03  1.0000E+00
 1.7115E+02  8.9534E+00  3.1302E+03  9.1170E+00  5.8854E+03  1.0000E+00
 1.7246E+02  8.9686E+00  3.1117E+03  9.1358E+00  5.8554E+03  1.0000E+00
 1.7378E+02  8.9838E+00  3.0933E+03  9.1546E+00  5.8254E+03  1.0000E+00
 1.7511E+02  8.9991E+00  3.0750E+03  9.1733E+00  5.7956E+03  1.0000E+00
 1.7646E+02  9.0144E+00  3.0568E+03  9.1921E+00  5.7659E+03  1.0000E+00
 1.7781E+02  9.0297E+00  3.0387E+03  9.2109E+00  5.7363E+03  1.0000E+00
 1.7917E+02  9.0451E+00  3.0208E+03  9.2296E+00  5.7069E+03  1.0000E+00
 1.8054E+02  9.0605E+00  3.0029E+03  9.2484E+00  5.6775E+03  1.0000E+00
 1.8192E+02  9.0760E+00  2.9852E+03  9.2672E+00  5.6482E+03  1.0000E+00
 1.8332E+02  9.0915E+00  2.9675E+03  9.2859E+00  5.6191E+03  1.0000E+00
 1.8472E+02  9.1071E+00  2.9500E+03  9.3047E+00  5.5901E+03  1.0000E+00
 1.8614E+02  9.1227E+00  2.9326E+03  9.3235E+00  5.5612E+03  1.0000E+00
 1.8756E+02  9.1383E+00  2.9153E+03  9.3422E+00  5.5324E+03  1.0000E+00
 1.8900E+02  9.1540E+00  2.8981E+03  9.3610E+00  5.5037E+03  1.0000E+00
 1.9045E+02  9.1697E+00  2.8810E+03  9.3798E+00  5.4752E+03  1.0000E+00
 1.9190E+02  9.1854E+00  2.8640E+03  9.3985E+00  5.4467E+03  1.0000E+00
 1.9337E+02  9.2012E+00  2.8472E+03  9.4173E+00  5.4184E+03  1.0000E+00
 1.9485E+02  9.2171E+00  2.8304E+03  9.4361E+00  5.3901E+03  1.0000E+00
 1.9635E+02  9.2330E+00  2.8137E+03  9.4548E+00  5.3620E+03  1.0000E+00
 1.9785E+02  9.2489E+00  2.7971E+03  9.4736E+00  5.3340E+03  1.0000E+00
 1.9937E+02  9.2649E+00  2.7807E+03  9.4924E+00  5.3061E+03  1.0000E+00
 2.0089E+02  9.2809E+00  2.7643E+03  9.5112E+00  5.2784E+03  1.0000E+00
 2.0243E+02  9.2969E+00  2.7480E+03  9.5299E+00  5.2507E+03  1.0000E+00
 2.0398E+02  9.3130E+00  2.7318E+03  9.5487E+00  5.2232E+03  1.0000E+00
 2.0554E+02  9.3291E+00  2.7158E+03  9.5675E+00  5.1957E+03  1.0000E+00
 2.0712E+02  9.3453E+00  2.6998E+03  9.5863E+00  5.1684E+03  1.0000E+00
 2.0870E+02  9.3615E+00  2.6839E+03  9.6050E+00  5.1412E+03  1.0000E+00
 2.1030E+02  9.3778E+00  2.6682E+03  9.6238E+00  5.1141E+03  1.0000E+00
 2.1191E+02  9.3941E+00  2.6525E+03  9.6426E+00  5.0871E+03  1.0000E+00
 2.1354E+02  9.4104E+00  2.6369E+03  9.6614E+00  5.0603E+03  1.0000E+00
 2.1517E+02  9.4268E+00  2.6214E+03  9.6801E+00  5.0335E+03  1.0000E+00
 2.1682E+02  9.4432E+00  2.6060E+03  9.6989E+00  5.0069E+03  1.0000E+00
 2.1848E+02  9.4596E+00  2.5907E+03  9.7177E+00  4.9803E+03  1.0000E+00
 2.2015E+02  9.4761E+00  2.5755E+03  9.7365E+00  4.9539E+03  1.0000E+00
 2.2184E+02  9.4927E+00  2.5604E+03  9.7553E+00  4.9276E+03  1.0000E+00
 2.2354E+02  9.5092E+00  2.5453E+03  9.7740E+00  4.9014E+03  1.0000E+00
 2.2525E+02  9.5259E+00  2.5304E+03  9.7928E+00  4.8753E+03  1.0000E+00
 2.2697E+02  9.5425E+00  2.5156E+03  9.8116E+00  4.8493E+03  1.0000E+00
 2.2871E+02  9.5592E+00  2.5008E+03  9.8304E+00  4.8235E+03  1.0000E+00
 2.3046E+02  9.5760E+00  2.4861E+03  9.8492E+00  4.7977E+03  1.0000E+00
 2.3223E+02  9.5927E+00  2.4716E+03  9.8680E+00  4.7721E+03  1.0000E+00
 2.3401E+02  9.6095E+00  2.4571E+03  9.8867E+00  4.7465E+03  1.0000E+00
 2.3580E+02  9.6264E+00  2.4427E+03  9.9055E+00  4.7211E+03  1.0000E+00
 2.3761E+02  9.6433E+00  2.4284E+03  9.9243E+00  4.6958E+03  1.0000E+00
 2.3942E+02  9.6602E+00  2.4141E+03  9.9431E+00  4.6706E+03  1.0000E+00
 2.4126E+02  9.6772E+00  2.4000E+03  9.9619E+00  4.6455E+03  1.0000E+00
 2.4311E+02  9.6942E+00  2.3859E+03  9.9807E+00  4.6205E+03  1.0000E+00
 2.4497E+02  9.7113E+00  2.3719E+03  9.9995E+00  4.5956E+03  1.0000E+00
 2.4684E+02  9.7283E+00  2.3581E+03  1.0018E+01  4.5709E+03  1.0000E+00
 2.4873E+02  9.7455E+00  2.3443E+03  1.0037E+01  4.5462E+03  1.0000E+00
 2.5064E+02  9.7626E+00  2.3305E+03  1.0056E+01  4.5216E+03  1.0000E+00
 2.5256E+02  9.7798E+00  2.3169E+03  1.0075E+01  4.4972E+03  1.0000E+00
 2.5449E+02  9.7971E+00  2.3033E+03  1.0093E+01  4.4729E+03  1.0000E+00
 2.5644E+02  9.8143E+00  2.2898E+03  1.0112E+01  4.4486E+03  1.0000E+00
 2.5841E+02  9.8316E+00  2.2764E+03  1.0131E+01  4.4245E+03  1.0000E+00
 2.6038E+02  9.8490E+00  2.2631E+03  1.0150E+01  4.4005E+03  1.0000E+00
 2.6238E+02  9.8664E+00  2.2499E+03  1.0169E+01  4.3766E+03  1.0000E+00
 2.6439E+02  9.8838E+00  2.2367E+03  1.0187E+01  4.3528E+03  1.0000E+00
 2.6641E+02  9.9013E+00  2.2236E+03  1.0206E+01  4.3291E+03  1.0000E+00
 2.6845E+02  9.9188E+00  2.2106E+03  1.0225E+01  4.3056E+03  1.0000E+00
 2.7051E+02  9.9363E+00  2.1977E+03  1.0244E+01  4.2821E+03  1.0000E+00
 2.7258E+02  9.9539E+00  2.1849E+03  1.0263E+01  4.2587E+03  1.0000E+00
 2.7467E+02  9.9715E+00  2.1721E+03  1.0281E+01  4.2355E+03  1.0000E+00
 2.7677E+02  9.9891E+00  2.1594E+03  1.0300E+01  4.2123E+03  1.0000E+00
 2.7889E+02  1.0007E+01  2.1468E+03  1.0319E+01  4.1892E+03  1.0000E+00
 2.8103E+02  1.0025E+01  2.1342E+03  1.0338E+01  4.1663E+03  1.0000E+00
 2.8318E+02  1.0042E+01  2.1217E+03  1.0357E+01  4.1435E+03  1.0000E+00
 2.8535E+02  1.0060E+01  2.1093E+03  1.0375E+01  4.1207E+03  1.0000E+00
 2.8753E+02  1.0078E+01  2.0970E+03  1.0394E+01  4.0981E+03  1.0000E+00
 2.8974E+02  1.0096E+01  2.0848E+03  1.0413E+01  4.0756E+03  1.0000E+00
 2.9195E+02  1.0114E+01  2.0726E+03  1.0432E+01  4.0531E+03  1.0000E+00
 2.9419E+02  1.0132E+01  2.0605E+03  1.0451E+01  4.0308E+03  1.0000E+00
 2.9644E+02  1.0150E+01  2.0484E+03  1.0469E+01  4.0086E+03  1.0000E+00
 2.9871E+02  1.0168E+01  2.0365E+03  1.0488E+01  3.9865E+03  1.0000E+00
 3.0100E+02  1.0186E+01  2.0246E+03  1.0507E+01  3.9645E+03  1.0000E+00
 3.0331E+02  1.0204E+01  2.0127E+03  1.0526E+01  3.9426E+03  1.0000E+00
 3.0563E+02  1.0222E+01  2.0010E+03  1.0545E+01  3.9208E+03  1.0000E+00
 3.0797E+02  1.0240E+01  1.9893E+03  1.0564E+01  3.8991E+03  1.0000E+00
 3.1033E+02  1.0258E+01  1.9777E+03  1.0582E+01  3.8775E+03  1.0000E+00
 3.1271E+02  1.0276E+01  1.9661E+03  1.0601E+01  3.8560E+03  1.0000E+00
 3.1510E+02  1.0295E+01  1.9546E+03  1.0620E+01  3.8346E+03  1.0000E+00
 3.1751E+02  1.0313E+01  1.9432E+03  1.0639E+01  3.8133E+03  1.0000E+00
 3.1994E+02  1.0331E+01  1.9319E+03  1.0658E+01  3.7921E+03  1.0000E+00
 3.2240E+02  1.0350E+01  1.9206E+03  1.0676E+01  3.7710E+03  1.0000E+00
 3.2486E+02  1.0368E+01  1.9094E+03  1.0695E+01  3.7500E+03  1.0000E+00
 3.2735E+02  1.0386E+01  1.8982E+03  1.0714E+01  3.7291E+03  1.0000E+00
 3.2986E+02  1.0405E+01  1.8872E+03  1.0733E+01  3.7083E+03  1.0000E+00
 3.3239E+02  1.0423E+01  1.8761E+03  1.0752E+01  3.6876E+03  1.0000E+00
 3.3493E+02  1.0442E+01  1.8652E+03  1.0771E+01  3.6670E+03  1.0000E+00
 3.3750E+02  1.0460E+01  1.8543E+03  1.0789E+01  3.6465E+03  1.0000E+00
 3.4008E+02  1.0479E+01  1.8435E+03  1.0808E+01  3.6261E+03  1.0000E+00
 3.4268E+02  1.0498E+01  1.8327E+03  1.0827E+01  3.6058E+03  1.0000E+00
 3.4531E+02  1.0516E+01  1.8220E+03  1.0846E+01  3.5856E+03  1.0000E+00
 3.4795E+02  1.0535E+01  1.8114E+03  1.0865E+01  3.5654E+03  1.0000E+00
 3.5062E+02  1.0554E+01  1.8008E+03  1.0884E+01  3.5454E+03  1.0000E+00
 3.5330E+02  1.0572E+01  1.7903E+03  1.0902E+01  3.5255E+03  1.0000E+00
 3.5601E+02  1.0591E+01  1.7798E+03  1.0921E+01  3.5057E+03  1.0000E+00
 3.5874E+02  1.0610E+01  1.7694E+03  1.0940E+01  3.4860E+03  1.0000E+00
 3.6148E+02  1.0629E+01  1.7591E+03  1.0959E+01  3.4663E+03  1.0000E+00
 3.6425E+02  1.0648E+01  1.7488E+03  1.0978E+01  3.4468E+03  1.0000E+00
 3.6704E+02  1.0667E+01  1.7386E+03  1.0997E+01  3.4274E+03  1.0000E+00
 3.6985E+02  1.0686E+01  1.7284E+03  1.1015E+01  3.4080E+03  1.0000E+00
 3.7268E+02  1.0705E+01  1.7184E+03  1.1034E+01  3.3888E+03  1.0000E+00
 3.7554E+02  1.0724E+01  1.7083E+03  1.1053E+01  3.3696E+03  1.0000E+00
 3.7841E+02  1.0743E+01  1.6983E+03  1.1072E+01  3.3506E+03  1.0000E+00
 3.8131E+02  1.0762E+01  1.6884E+03  1.1091E+01  3.3316E+03  1.0000E+00
 3.8423E+02  1.0781E+01  1.6786E+03  1.1110E+01  3.3128E+03  1.0000E+00
 3.8718E+02  1.0800E+01  1.6688E+03  1.1128E+01  3.2940E+03  1.0000E+00
 3.9014E+02  1.0819E+01  1.6590E+03  1.1147E+01  3.2753E+03  1.0000E+00
 3.9313E+02  1.0838E+01  1.6493E+03  1.1166E+01  3.2567E+03  1.0000E+00
 3.9614E+02  1.0858E+01  1.6397E+03  1.1185E+01  3.2382E+03  1.0000E+00
 3.9917E+02  1.0877E+01  1.6301E+03  1.1204E+01  3.2198E+03  1.0000E+00
 4.0223E+02  1.0896E+01  1.6206E+03  1.1223E+01  3.2015E+03  1.0000E+00
 4.0531E+02  1.0915E+01  1.6111E+03  1.1242E+01  3.1833E+03  1.0000E+00
 4.0841E+02  1.0935E+01  1.6017E+03  1.1260E+01  3.1651E+03  1.0000E+00
 4.1154E+02  1.0954E+01  1.5923E+03  1.1279E+01  3.1471E+03  1.0000E+00
 4.1469E+02  1.0974E+01  1.5830E+03  1.1298E+01  3.1291E+03  1.0000E+00
 4.1787E+02  1.0993E+01  1.5738E+03  1.1317E+01  3.1113E+03  1.0000E+00
 4.2107E+02  1.1012E+01  1.5646E+03  1.1336E+01  3.0935E+03  1.0000E+00
 4.2429E+02  1.1032E+01  1.5554E+03  1.1355E+01  3.0758E+03  1.0000E+00
 4.2754E+02  1.1052E+01  1.5463E+03  1.1374E+01  3.0582E+03  1.0000E+00
 4.3082E+02  1.1071E+01  1.5373E+03  1.1392E+01  3.0407E+03  1.0000E+00
 4.3412E+02  1.1091E+01  1.5283E+03  1.1411E+01  3.0233E+03  1.0000E+00
 4.3744E+02  1.1110E+01  1.5194E+03  1.1430E+01  3.0060E+03  1.0000E+00
 4.4079E+02  1.1130E+01  1.5105E+03  1.1449E+01  2.9887E+03  1.0000E+00
 4.4417E+02  1.1150E+01  1.5017E+03  1.1468E+01  2.9716E+03  1.0000E+00
 4.4757E+02  1.1172E+01  1.4932E+03  1.1487E+01  2.9545E+03  1.0000E+00
 4.5100E+02  1.1193E+01  1.4846E+03  1.1506E+01  2.9375E+03  1.0000E+00
 4.5445E+02  1.1214E+01  1.4761E+03  1.1525E+01  2.9206E+03  1.0000E+00
 4.5793E+02  1.1235E+01  1.4677E+03  1.1543E+01  2.9038E+03  1.0000E+00
 4.6144E+02  1.1257E+01  1.4593E+03  1.1562E+01  2.8870E+03  1.0000E+00
 4.6497E+02  1.1278E+01  1.4509E+03  1.1581E+01  2.8704E+03  1.0000E+00
 4.6853E+02  1.1299E+01  1.4426E+03  1.1600E+01  2.8538E+03  1.0000E+00
 4.7212E+02  1.1320E+01  1.4343E+03  1.1619E+01  2.8373E+03  1.0000E+00
 4.7574E+02  1.1341E+01  1.4261E+03  1.1638E+01  2.8209E+03  1.0000E+00
 4.7938E+02  1.1362E+01  1.4178E+03  1.1657E+01  2.8046E+03  1.0000E+00
 4.8305E+02  1.1384E+01  1.4097E+03  1.1676E+01  2.7884E+03  1.0000E+00
 4.8675E+02  1.1405E+01  1.4016E+03  1.1695E+01  2.7723E+03  1.0000E+00
 4.9048E+02  1.1426E+01  1.3935E+03  1.1713E+01  2.7562E+03  1.0000E+00
 4.9424E+02  1.1447E+01  1.3854E+03  1.1732E+01  2.7403E+03  1.0000E+00
 4.9802E+02  1.1468E+01  1.3774E+03  1.1751E+01  2.7244E+03  1.0000E+00
 5.0183E+02  1.1489E+01  1.3695E+03  1.1770E+01  2.7086E+03  1.0000E+00
 5.0568E+02  1.1510E+01  1.3615E+03  1.1789E+01  2.6928E+03  1.0000E+00
 5.0955E+02  1.1531E+01  1.3536E+03  1.1808E+01  2.6772E+03  1.0000E+00
 5.1345E+02  1.1552E+01  1.3458E+03  1.1827E+01  2.6616E+03  1.0000E+00
 5.1738E+02  1.1573E+01  1.3380E+03  1.1846E+01  2.6462E+03  1.0000E+00
 5.2135E+02  1.1594E+01  1.3302E+03  1.1865E+01  2.6308E+03  1.0000E+00
 5.2534E+02  1.1615E+01  1.3225E+03  1.1884E+01  2.6155E+03  1.0000E+00
 5.2936E+02  1.1636E+01  1.3148E+03  1.1902E+01  2.6002E+03  1.0000E+00
 5.3342E+02  1.1657E+01  1.3072E+03  1.1921E+01  2.5851E+03  1.0000E+00
 5.3750E+02  1.1678E+01  1.2995E+03  1.1940E+01  2.5700E+03  1.0000E+00
 5.4162E+02  1.1699E+01  1.2920E+03  1.1959E+01  2.5550E+03  1.0000E+00
 5.4577E+02  1.1720E+01  1.2844E+03  1.1978E+01  2.5401E+03  1.0000E+00
 5.4995E+02  1.1740E+01  1.2769E+03  1.1997E+01  2.5253E+03  1.0000E+00
 5.5416E+02  1.1761E+01  1.2695E+03  1.2016E+01  2.5105E+03  1.0000E+00
 5.5840E+02  1.1782E+01  1.2621E+03  1.2035E+01  2.4958E+03  1.0000E+00
 5.6268E+02  1.1803E+01  1.2547E+03  1.2054E+01  2.4812E+03  1.0000E+00
 5.6699E+02  1.1824E+01  1.2473E+03  1.2073E+01  2.4667E+03  1.0000E+00
 5.7133E+02  1.1845E+01  1.2400E+03  1.2092E+01  2.4522E+03  1.0000E+00
 5.7571E+02  1.1865E+01  1.2328E+03  1.2111E+01  2.4379E+03  1.0000E+00
 5.8011E+02  1.1886E+01  1.2255E+03  1.2130E+01  2.4236E+03  1.0000E+00
 5.8456E+02  1.1907E+01  1.2183E+03  1.2148E+01  2.4094E+03  1.0000E+00
 5.8903E+02  1.1928E+01  1.2112E+03  1.2167E+01  2.3952E+03  1.0000E+00
 5.9354E+02  1.1949E+01  1.2041E+03  1.2186E+01  2.3812E+03  1.0000E+00
 5.9809E+02  1.1969E+01  1.1970E+03  1.2205E+01  2.3672E+03  1.0000E+00
 6.0267E+02  1.1990E+01  1.1899E+03  1.2224E+01  2.3532E+03  1.0000E+00
 6.0729E+02  1.2011E+01  1.1829E+03  1.2243E+01  2.3394E+03  1.0000E+00
 6.1194E+02  1.2031E+01  1.1760E+03  1.2262E+01  2.3256E+03  1.0000E+00
 6.1662E+02  1.2052E+01  1.1690E+03  1.2281E+01  2.3119E+03  1.0000E+00
 6.2135E+02  1.2073E+01  1.1621E+03  1.2300E+01  2.2983E+03  1.0000E+00
 6.2610E+02  1.2093E+01  1.1553E+03  1.2319E+01  2.2848E+03  1.0000E+00
 6.3090E+02  1.2114E+01  1.1484E+03  1.2338E+01  2.2713E+03  1.0000E+00
 6.3573E+02  1.2135E+01  1.1416E+03  1.2357E+01  2.2579E+03  1.0000E+00
 6.4060E+02  1.2155E+01  1.1349E+03  1.2376E+01  2.2446E+03  1.0000E+00
 6.4551E+02  1.2176E+01  1.1282E+03  1.2395E+01  2.2313E+03  1.0000E+00
 6.5045E+02  1.2197E+01  1.1215E+03  1.2414E+01  2.2181E+03  1.0000E+00
 6.5543E+02  1.2217E+01  1.1148E+03  1.2433E+01  2.2050E+03  1.0000E+00
 6.6045E+02  1.2238E+01  1.1082E+03  1.2452E+01  2.1920E+03  1.0000E+00
 6.6551E+02  1.2259E+01  1.1017E+03  1.2471E+01  2.1790E+03  1.0000E+00
 6.7060E+02  1.2279E+01  1.0951E+03  1.2490E+01  2.1661E+03  1.0000E+00
 6.7574E+02  1.2300E+01  1.0886E+03  1.2509E+01  2.1532E+03  1.0000E+00
 6.8092E+02  1.2320E+01  1.0821E+03  1.2528E+01  2.1405E+03  1.0000E+00
 6.8613E+02  1.2341E+01  1.0757E+03  1.2547E+01  2.1278E+03  1.0000E+00
 6.9138E+02  1.2361E+01  1.0693E+03  1.2566E+01  2.1152E+03  1.0000E+00
 6.9668E+02  1.2382E+01  1.0629E+03  1.2585E+01  2.1026E+03  1.0000E+00
 7.0201E+02  1.2402E+01  1.0566E+03  1.2604E+01  2.0901E+03  1.0000E+00
 7.0739E+02  1.2423E+01  1.0503E+03  1.2623E+01  2.0777E+03  1.0000E+00
 7.1281E+02  1.2443E+01  1.0440E+03  1.2641E+01  2.0653E+03  1.0000E+00
 7.1827E+02  1.2464E+01  1.0378E+03  1.2660E+01  2.0531E+03  1.0000E+00
 7.2377E+02  1.2484E+01  1.0316E+03  1.2679E+01  2.0408E+03  1.0000E+00
 7.2931E+02  1.2505E+01  1.0254E+03  1.2698E+01  2.0287E+03  1.0000E+00
 7.3490E+02  1.2525E+01  1.0193E+03  1.2717E+01  2.0166E+03  1.0000E+00
 7.4052E+02  1.2546E+01  1.0132E+03  1.2737E+01  2.0046E+03  1.0000E+00
 7.4620E+02  1.2566E+01  1.0071E+03  1.2756E+01  1.9926E+03  1.0000E+00
 7.5191E+02  1.2587E+01  1.0011E+03  1.2775E+01  1.9807E+03  1.0000E+00
 7.5767E+02  1.2607E+01  9.9508E+02  1.2794E+01  1.9689E+03  1.0000E+00
 7.6347E+02  1.2628E+01  9.8911E+02  1.2813E+01  1.9572E+03  1.0000E+00
 7.6932E+02  1.2648E+01  9.8318E+02  1.2832E+01  1.9455E+03  1.0000E+00
 7.7521E+02  1.2668E+01  9.7727E+02  1.2851E+01  1.9338E+03  1.0000E+00
 7.8115E+02  1.2689E+01  9.7140E+02  1.2870E+01  1.9223E+03  1.0000E+00
 7.8713E+02  1.2709E+01  9.6556E+02  1.2889E+01  1.9108E+03  1.0000E+00
 7.9316E+02  1.2730E+01  9.5976E+02  1.2908E+01  1.8993E+03  1.0000E+00
 7.9923E+02  1.2750E+01  9.5398E+02  1.2927E+01  1.8880E+03  1.0000E+00
 8.0535E+02  1.2770E+01  9.4824E+02  1.2946E+01  1.8767E+03  1.0000E+00
 8.1152E+02  1.2791E+01  9.4253E+02  1.2965E+01  1.8654E+03  1.0000E+00
 8.1774E+02  1.2811E+01  9.3685E+02  1.2984E+01  1.8542E+03  1.0000E+00
 8.2400E+02  1.2831E+01  9.3120E+02  1.3003E+01  1.8431E+03  1.0000E+00
 8.3031E+02  1.2852E+01  9.2558E+02  1.3022E+01  1.8320E+03  1.0000E+00
 8.3667E+02  1.2872E+01  9.2000E+02  1.3041E+01  1.8210E+03  1.0000E+00
 8.4307E+02  1.2892E+01  9.1444E+02  1.3060E+01  1.8101E+03  1.0000E+00
 8.4953E+02  1.2913E+01  9.0891E+02  1.3079E+01  1.7992E+03  1.0000E+00
 8.5604E+02  1.2933E+01  9.0342E+02  1.3098E+01  1.7884E+03  1.0000E+00
 8.6259E+02  1.2953E+01  8.9796E+02  1.3117E+01  1.7777E+03  1.0000E+00
 8.6920E+02  1.2974E+01  8.9252E+02  1.3136E+01  1.7670E+03  1.0000E+00
 8.7586E+02  1.2994E+01  8.8712E+02  1.3155E+01  1.7563E+03  1.0000E+00
 8.8256E+02  1.3014E+01  8.8175E+02  1.3174E+01  1.7457E+03  1.0000E+00
 8.8932E+02  1.3035E+01  8.7640E+02  1.3194E+01  1.7352E+03  1.0000E+00
 8.9613E+02  1.3055E+01  8.7109E+02  1.3213E+01  1.7248E+03  1.0000E+00
 9.0300E+02  1.3075E+01  8.6581E+02  1.3232E+01  1.7144E+03  1.0000E+00
 9.0991E+02  1.3095E+01  8.6055E+02  1.3251E+01  1.7040E+03  1.0000E+00
 9.1688E+02  1.3116E+01  8.5533E+02  1.3270E+01  1.6937E+03  1.0000E+00
 9.2390E+02  1.3136E+01  8.5013E+02  1.3289E+01  1.6835E+03  1.0000E+00
 9.3098E+02  1.3156E+01  8.4497E+02  1.3308E+01  1.6733E+03  1.0000E+00
 9.3811E+02  1.3176E+01  8.3983E+02  1.3327E+01  1.6632E+03  1.0000E+00
 9.4529E+02  1.3197E+01  8.3472E+02  1.3346E+01  1.6532E+03  1.0000E+00
 9.5253E+02  1.3217E+01  8.2964E+02  1.3365E+01  1.6432E+03  1.0000E+00
 9.5983E+02  1.3237E+01  8.2459E+02  1.3384E+01  1.6332E+03  1.0000E+00
 9.6718E+02  1.3257E+01  8.1957E+02  1.3404E+01  1.6234E+03  1.0000E+00
 9.7458E+02  1.3278E+01  8.1458E+02  1.3423E+01  1.6135E+03  1.0000E+00
 9.8205E+02  1.3298E+01  8.0961E+02  1.3442E+01  1.6037E+03  1.0000E+00
 9.8957E+02  1.3318E+01  8.0467E+02  1.3461E+01  1.5940E+03  1.0000E+00
 9.9715E+02  1.3338E+01  7.9976E+02  1.3480E+01  1.5844E+03  1.0000E+00
 1.0048E+03  1.3359E+01  7.9488E+02  1.3499E+01  1.5748E+03  1.0000E+00
 1.0125E+03  1.3379E+01  7.9003E+02  1.3518E+01  1.5652E+03  1.0000E+00
 1.0202E+03  1.3399E+01  7.8520E+02  1.3537E+01  1.5557E+03  1.0000E+00
 1.0280E+03  1.3419E+01  7.8040E+02  1.3557E+01  1.5463E+03  1.0000E+00
 1.0359E+03  1.3439E+01  7.7563E+02  1.3576E+01  1.5369E+03  1.0000E+00
 1.0439E+03  1.3460E+01  7.7089E+02  1.3595E+01  1.5275E+03  1.0000E+00
 1.0518E+03  1.3480E+01  7.6617E+02  1.3614E+01  1.5182E+03  1.0000E+00
 1.0599E+03  1.3500E+01  7.6148E+02  1.3633E+01  1.5090E+03  1.0000E+00
 1.0680E+03  1.3520E+01  7.5681E+02  1.3652E+01  1.4998E+03  1.0000E+00
 1.0762E+03  1.3540E+01  7.5218E+02  1.3672E+01  1.4907E+03  1.0000E+00
 1.0844E+03  1.3560E+01  7.4756E+02  1.3691E+01  1.4816E+03  1.0000E+00
 1.0927E+03  1.3581E+01  7.4298E+02  1.3710E+01  1.4726E+03  1.0000E+00
 1.1011E+03  1.3601E+01  7.3842E+02  1.3729E+01  1.4636E+03  1.0000E+00
 1.1095E+03  1.3621E+01  7.3389E+02  1.3748E+01  1.4547E+03  1.0000E+00
 1.1180E+03  1.3641E+01  7.2938E+02  1.3767E+01  1.4458E+03  1.0000E+00
 1.1266E+03  1.3661E+01  7.2490E+02  1.3787E+01  1.4370E+03  1.0000E+00
 1.1352E+03  1.3681E+01  7.2045E+02  1.3806E+01  1.4282E+03  1.0000E+00
 1.1439E+03  1.3701E+01  7.1602E+02  1.3825E+01  1.4195E+03  1.0000E+00
 1.1527E+03  1.3722E+01  7.1162E+02  1.3844E+01  1.4108E+03  1.0000E+00
 1.1615E+03  1.3742E+01  7.0724E+02  1.3864E+01  1.4022E+03  1.0000E+00
 1.1704E+03  1.3762E+01  7.0289E+02  1.3883E+01  1.3937E+03  1.0000E+00
 1.1794E+03  1.3782E+01  6.9856E+02  1.3902E+01  1.3851E+03  1.0000E+00
 1.1884E+03  1.3802E+01  6.9426E+02  1.3921E+01  1.3767E+03  1.0000E+00
 1.1975E+03  1.3822E+01  6.8998E+02  1.3940E+01  1.3682E+03  1.0000E+00
 1.2067E+03  1.3842E+01  6.8573E+02  1.3960E+01  1.3599E+03  1.0000E+00
 1.2159E+03  1.3863E+01  6.8150E+02  1.3979E+01  1.3515E+03  1.0000E+00
 1.2252E+03  1.3883E+01  6.7729E+02  1.3998E+01  1.3433E+03  1.0000E+00
 1.2346E+03  1.3903E+01  6.7311E+02  1.4017E+01  1.3350E+03  1.0000E+00
 1.2441E+03  1.3923E+01  6.6896E+02  1.4037E+01  1.3269E+03  1.0000E+00
 1.2536E+03  1.3943E+01  6.6483E+02  1.4056E+01  1.3187E+03  1.0000E+00
 1.2632E+03  1.3963E+01  6.6072E+02  1.4075E+01  1.3106E+03  1.0000E+00
 1.2729E+03  1.3983E+01  6.5664E+02  1.4094E+01  1.3026E+03  1.0000E+00
 1.2826E+03  1.4003E+01  6.5258E+02  1.4114E+01  1.2946E+03  1.0000E+00
 1.2924E+03  1.4023E+01  6.4854E+02  1.4133E+01  1.2866E+03  1.0000E+00
 1.3023E+03  1.4044E+01  6.4453E+02  1.4152E+01  1.2787E+03  1.0000E+00
 1.3123E+03  1.4064E+01  6.4054E+02  1.4172E+01  1.2709E+03  1.0000E+00
 1.3224E+03  1.4084E+01  6.3658E+02  1.4191E+01  1.2631E+03  1.0000E+00
 1.3325E+03  1.4104E+01  6.3263E+02  1.4210E+01  1.2553E+03  1.0000E+00
 1.3427E+03  1.4124E+01  6.2871E+02  1.4229E+01  1.2476E+03  1.0000E+00
 1.3530E+03  1.4144E+01  6.2482E+02  1.4249E+01  1.2399E+03  1.0000E+00
 1.3633E+03  1.4164E+01  6.2094E+02  1.4268E+01  1.2323E+03  1.0000E+00
 1.3738E+03  1.4184E+01  6.1709E+02  1.4287E+01  1.2247E+03  1.0000E+00
 1.3843E+03  1.4204E+01  6.1326E+02  1.4307E+01  1.2172E+03  1.0000E+00
 1.3949E+03  1.4225E+01  6.0946E+02  1.4326E+01  1.2097E+03  1.0000E+00
 1.4056E+03  1.4245E+01  6.0568E+02  1.4345E+01  1.2022E+03  1.0000E+00
 1.4164E+03  1.4265E+01  6.0191E+02  1.4365E+01  1.1948E+03  1.0000E+00
 1.4272E+03  1.4285E+01  5.9817E+02  1.4384E+01  1.1874E+03  1.0000E+00
 1.4381E+03  1.4305E+01  5.9446E+02  1.4403E+01  1.1801E+03  1.0000E+00
 1.4491E+03  1.4325E+01  5.9076E+02  1.4423E+01  1.1728E+03  1.0000E+00
 1.4602E+03  1.4345E+01  5.8709E+02  1.4442E+01  1.1656E+03  1.0000E+00
 1.4714E+03  1.4365E+01  5.8344E+02  1.4462E+01  1.1584E+03  1.0000E+00
 1.4827E+03  1.4385E+01  5.7981E+02  1.4481E+01  1.1512E+03  1.0000E+00
 1.4940E+03  1.4405E+01  5.7620E+02  1.4500E+01  1.1441E+03  1.0000E+00
 1.5055E+03  1.4426E+01  5.7261E+02  1.4520E+01  1.1371E+03  1.0000E+00
 1.5170E+03  1.4446E+01  5.6904E+02  1.4539E+01  1.1300E+03  1.0000E+00
 1.5286E+03  1.4466E+01  5.6550E+02  1.4558E+01  1.1230E+03  1.0000E+00
 1.5403E+03  1.4486E+01  5.6197E+02  1.4578E+01  1.1161E+03  1.0000E+00
 1.5521E+03  1.4506E+01  5.5847E+02  1.4597E+01  1.1092E+03  1.0000E+00
 1.5640E+03  1.4526E+01  5.5499E+02  1.4617E+01  1.1023E+03  1.0000E+00
 1.5760E+03  1.4546E+01  5.5153E+02  1.4636E+01  1.0955E+03  1.0000E+00
 1.5881E+03  1.4566E+01  5.4809E+02  1.4656E+01  1.0887E+03  1.0000E+00
 1.6002E+03  1.4586E+01  5.4466E+02  1.4675E+01  1.0820E+03  1.0000E+00
 1.6125E+03  1.4607E+01  5.4126E+02  1.4694E+01  1.0753E+03  1.0000E+00
 1.6248E+03  1.4627E+01  5.3788E+02  1.4714E+01  1.0686E+03  1.0000E+00
 1.6373E+03  1.4647E+01  5.3452E+02  1.4733E+01  1.0620E+03  1.0000E+00
 1.6498E+03  1.4667E+01  5.3118E+02  1.4753E+01  1.0554E+03  1.0000E+00
 1.6625E+03  1.4687E+01  5.2786E+02  1.4772E+01  1.0488E+03  1.0000E+00
 1.6752E+03  1.4707E+01  5.2456E+02  1.4792E+01  1.0423E+03  1.0000E+00
 1.6880E+03  1.4727E+01  5.2128E+02  1.4811E+01  1.0359E+03  1.0000E+00
 1.7009E+03  1.4747E+01  5.1802E+02  1.4831E+01  1.0294E+03  1.0000E+00
 1.7140E+03  1.4768E+01  5.1478E+02  1.4850E+01  1.0230E+03  1.0000E+00
 1.7271E+03  1.4788E+01  5.1155E+02  1.4870E+01  1.0167E+03  1.0000E+00
 1.7403E+03  1.4808E+01  5.0835E+02  1.4889E+01  1.0104E+03  1.0000E+00
 1.7537E+03  1.4828E+01  5.0517E+02  1.4909E+01  1.0041E+03  1.0000E+00
 1.7671E+03  1.4848E+01  5.0200E+02  1.4928E+01  9.9784E+02  1.0000E+00
 1.7806E+03  1.4868E+01  4.9886E+02  1.4948E+01  9.9163E+02  1.0000E+00
 1.7943E+03  1.4888E+01  4.9573E+02  1.4967E+01  9.8546E+02  1.0000E+00
 1.8080E+03  1.4908E+01  4.9262E+02  1.4987E+01  9.7933E+02  1.0000E+00
 1.8218E+03  1.4929E+01  4.8953E+02  1.5006E+01  9.7323E+02  1.0000E+00
 1.8358E+03  1.4949E+01  4.8646E+02  1.5026E+01  9.6717E+02  1.0000E+00
 1.8499E+03  1.4969E+01  4.8341E+02  1.5046E+01  9.6115E+02  1.0000E+00
 1.8640E+03  1.4989E+01  4.8037E+02  1.5065E+01  9.5516E+02  1.0000E+00
 1.8783E+03  1.5009E+01  4.7735E+02  1.5085E+01  9.4921E+02  1.0000E+00
 1.8927E+03  1.5029E+01  4.7436E+02  1.5104E+01  9.4330E+02  1.0000E+00
 1.9072E+03  1.5050E+01  4.7138E+02  1.5124E+01  9.3741E+02  1.0000E+00
 1.9218E+03  1.5070E+01  4.6841E+02  1.5144E+01  9.3157E+02  1.0000E+00
 1.9365E+03  1.5090E+01  4.6547E+02  1.5163E+01  9.2576E+02  1.0000E+00
 1.9513E+03  1.5110E+01  4.6254E+02  1.5183E+01  9.1998E+02  1.0000E+00
 1.9663E+03  1.5130E+01  4.5963E+02  1.5202E+01  9.1424E+02  1.0000E+00
 1.9813E+03  1.5151E+01  4.5674E+02  1.5222E+01  9.0853E+02  1.0000E+00
 1.9965E+03  1.5171E+01  4.5387E+02  1.5242E+01  9.0286E+02  1.0000E+00
 2.0118E+03  1.5191E+01  4.5101E+02  1.5261E+01  8.9722E+02  1.0000E+00
 2.0272E+03  1.5211E+01  4.4817E+02  1.5281E+01  8.9162E+02  1.0000E+00
 2.0427E+03  1.5231E+01  4.4535E+02  1.5301E+01  8.8605E+02  1.0000E+00
 2.0584E+03  1.5251E+01  4.4255E+02  1.5320E+01  8.8051E+02  1.0000E+00
 2.0741E+03  1.5272E+01  4.3976E+02  1.5340E+01  8.7500E+02  1.0000E+00
 2.0900E+03  1.5292E+01  4.3699E+02  1.5360E+01  8.6953E+02  1.0000E+00
 2.1060E+03  1.5312E+01  4.3423E+02  1.5380E+01  8.6409E+02  1.0000E+00
 2.1222E+03  1.5332E+01  4.3149E+02  1.5399E+01  8.5869E+02  1.0000E+00
 2.1384E+03  1.5353E+01  4.2877E+02  1.5419E+01  8.5331E+02  1.0000E+00
 2.1548E+03  1.5373E+01  4.2607E+02  1.5439E+01  8.4797E+02  1.0000E+00
 2.1713E+03  1.5393E+01  4.2338E+02  1.5458E+01  8.4266E+02  1.0000E+00
 2.1879E+03  1.5413E+01  4.2071E+02  1.5478E+01  8.3739E+02  1.0000E+00
 2.2047E+03  1.5434E+01  4.1805E+02  1.5498E+01  8.3214E+02  1.0000E+00
 2.2216E+03  1.5454E+01  4.1541E+02  1.5518E+01  8.2693E+02  1.0000E+00
 2.2386E+03  1.5474E+01  4.1279E+02  1.5538E+01  8.2175E+02  1.0000E+00
 2.2557E+03  1.5494E+01  4.1018E+02  1.5557E+01  8.1660E+02  1.0000E+00
 2.2730E+03  1.5515E+01  4.0759E+02  1.5577E+01  8.1148E+02  1.0000E+00
 2.2904E+03  1.5535E+01  4.0501E+02  1.5597E+01  8.0639E+02  1.0000E+00
 2.3079E+03  1.5555E+01  4.0245E+02  1.5617E+01  8.0133E+02  1.0000E+00
 2.3256E+03  1.5576E+01  3.9991E+02  1.5637E+01  7.9631E+02  1.0000E+00
 2.3434E+03  1.5596E+01  3.9738E+02  1.5656E+01  7.9131E+02  1.0000E+00
 2.3614E+03  1.5616E+01  3.9487E+02  1.5676E+01  7.8634E+02  1.0000E+00
 2.3794E+03  1.5636E+01  3.9237E+02  1.5696E+01  7.8141E+02  1.0000E+00
 2.3977E+03  1.5657E+01  3.8989E+02  1.5716E+01  7.7650E+02  1.0000E+00
 2.4160E+03  1.5677E+01  3.8742E+02  1.5736E+01  7.7162E+02  1.0000E+00
 2.4345E+03  1.5697E+01  3.8497E+02  1.5756E+01  7.6678E+02  1.0000E+00
 2.4532E+03  1.5718E+01  3.8253E+02  1.5776E+01  7.6196E+02  1.0000E+00
 2.4720E+03  1.5738E+01  3.8011E+02  1.5796E+01  7.5717E+02  1.0000E+00
 2.4909E+03  1.5759E+01  3.7770E+02  1.5816E+01  7.5241E+02  1.0000E+00
 2.5100E+03  1.5779E+01  3.7530E+02  1.5836E+01  7.4768E+02  1.0000E+00
 2.5292E+03  1.5799E+01  3.7293E+02  1.5855E+01  7.4298E+02  1.0000E+00
 2.5486E+03  1.5820E+01  3.7056E+02  1.5875E+01  7.3831E+02  1.0000E+00
 2.5681E+03  1.5840E+01  3.6821E+02  1.5895E+01  7.3366E+02  1.0000E+00
 2.5878E+03  1.5860E+01  3.6588E+02  1.5915E+01  7.2905E+02  1.0000E+00
 2.6076E+03  1.5881E+01  3.6356E+02  1.5935E+01  7.2446E+02  1.0000E+00
 2.6275E+03  1.5901E+01  3.6125E+02  1.5955E+01  7.1990E+02  1.0000E+00
 2.6477E+03  1.5922E+01  3.5896E+02  1.5975E+01  7.1537E+02  1.0000E+00
 2.6679E+03  1.5942E+01  3.5668E+02  1.5995E+01  7.1086E+02  1.0000E+00
 2.6884E+03  1.5963E+01  3.5442E+02  1.6015E+01  7.0639E+02  1.0000E+00
 2.7090E+03  1.5983E+01  3.5217E+02  1.6035E+01  7.0194E+02  1.0000E+00
 2.7297E+03  1.6003E+01  3.4993E+02  1.6056E+01  6.9752E+02  1.0000E+00
 2.7506E+03  1.6024E+01  3.4771E+02  1.6076E+01  6.9312E+02  1.0000E+00
 2.7717E+03  1.6044E+01  3.4550E+02  1.6096E+01  6.8875E+02  1.0000E+00
 2.7929E+03  1.6065E+01  3.4330E+02  1.6116E+01  6.8441E+02  1.0000E+00
 2.8143E+03  1.6085E+01  3.4112E+02  1.6136E+01  6.8010E+02  1.0000E+00
 2.8358E+03  1.6106E+01  3.3895E+02  1.6156E+01  6.7581E+02  1.0000E+00
 2.8576E+03  1.6126E+01  3.3680E+02  1.6176E+01  6.7155E+02  1.0000E+00
 2.8794E+03  1.6147E+01  3.3466E+02  1.6196E+01  6.6731E+02  1.0000E+00
 2.9015E+03  1.6167E+01  3.3253E+02  1.6216E+01  6.6310E+02  1.0000E+00
 2.9237E+03  1.6188E+01  3.3041E+02  1.6237E+01  6.5891E+02  1.0000E+00
 2.9461E+03  1.6208E+01  3.2831E+02  1.6257E+01  6.5476E+02  1.0000E+00
 2.9687E+03  1.6229E+01  3.2622E+02  1.6277E+01  6.5062E+02  1.0000E+00
 2.9914E+03  1.6250E+01  3.2415E+02  1.6297E+01  6.4652E+02  1.0000E+00
 3.0143E+03  1.6270E+01  3.2208E+02  1.6317E+01  6.4243E+02  1.0000E+00
 3.0374E+03  1.6291E+01  3.2003E+02  1.6338E+01  6.3838E+02  1.0000E+00
 3.0607E+03  1.6311E+01  3.1799E+02  1.6358E+01  6.3434E+02  1.0000E+00
 3.0841E+03  1.6332E+01  3.1597E+02  1.6378E+01  6.3034E+02  1.0000E+00
 3.1077E+03  1.6353E+01  3.1396E+02  1.6398E+01  6.2635E+02  1.0000E+00
 3.1315E+03  1.6373E+01  3.1196E+02  1.6419E+01  6.2239E+02  1.0000E+00
 3.1555E+03  1.6394E+01  3.0997E+02  1.6439E+01  6.1846E+02  1.0000E+00
 3.1797E+03  1.6415E+01  3.0799E+02  1.6459E+01  6.1455E+02  1.0000E+00
 3.2040E+03  1.6435E+01  3.0603E+02  1.6480E+01  6.1067E+02  1.0000E+00
 3.2286E+03  1.6456E+01  3.0408E+02  1.6500E+01  6.0680E+02  1.0000E+00
 3.2533E+03  1.6477E+01  3.0214E+02  1.6520E+01  6.0297E+02  1.0000E+00
 3.2782E+03  1.6497E+01  3.0021E+02  1.6541E+01  5.9915E+02  1.0000E+00
 3.3033E+03  1.6518E+01  2.9830E+02  1.6561E+01  5.9536E+02  1.0000E+00
 3.3286E+03  1.6539E+01  2.9640E+02  1.6582E+01  5.9159E+02  1.0000E+00
 3.3541E+03  1.6560E+01  2.9450E+02  1.6602E+01  5.8785E+02  1.0000E+00
 3.3798E+03  1.6580E+01  2.9263E+02  1.6622E+01  5.8413E+02  1.0000E+00
 3.4057E+03  1.6601E+01  2.9076E+02  1.6643E+01  5.8043E+02  1.0000E+00
 3.4317E+03  1.6622E+01  2.8890E+02  1.6663E+01  5.7676E+02  1.0000E+00
 3.4580E+03  1.6643E+01  2.8706E+02  1.6684E+01  5.7311E+02  1.0000E+00
 3.4845E+03  1.6663E+01  2.8522E+02  1.6704E+01  5.6948E+02  1.0000E+00
 3.5112E+03  1.6684E+01  2.8340E+02  1.6725E+01  5.6587E+02  1.0000E+00
 3.5381E+03  1.6705E+01  2.8159E+02  1.6745E+01  5.6228E+02  1.0000E+00
 3.5652E+03  1.6726E+01  2.7979E+02  1.6766E+01  5.5872E+02  1.0000E+00
 3.5925E+03  1.6747E+01  2.7801E+02  1.6787E+01  5.5518E+02  1.0000E+00
 3.6200E+03  1.6768E+01  2.7623E+02  1.6807E+01  5.5166E+02  1.0000E+00
 3.6477E+03  1.6789E+01  2.7447E+02  1.6828E+01  5.4817E+02  1.0000E+00
 3.6757E+03  1.6809E+01  2.7271E+02  1.6848E+01  5.4469E+02  1.0000E+00
 3.7038E+03  1.6830E+01  2.7097E+02  1.6869E+01  5.4124E+02  1.0000E+00
 3.7322E+03  1.6851E+01  2.6924E+02  1.6890E+01  5.3781E+02  1.0000E+00
 3.7608E+03  1.6872E+01  2.6751E+02  1.6910E+01  5.3440E+02  1.0000E+00
 3.7896E+03  1.6893E+01  2.6580E+02  1.6931E+01  5.3101E+02  1.0000E+00
 3.8186E+03  1.6914E+01  2.6410E+02  1.6952E+01  5.2764E+02  1.0000E+00
 3.8478E+03  1.6935E+01  2.6241E+02  1.6972E+01  5.2429E+02  1.0000E+00
 3.8773E+03  1.6956E+01  2.6073E+02  1.6993E+01  5.2097E+02  1.0000E+00
 3.9070E+03  1.6977E+01  2.5907E+02  1.7014E+01  5.1766E+02  1.0000E+00
 3.9369E+03  1.6998E+01  2.5741E+02  1.7035E+01  5.1438E+02  1.0000E+00
 3.9671E+03  1.7019E+01  2.5576E+02  1.7055E+01  5.1111E+02  1.0000E+00
 3.9974E+03  1.7040E+01  2.5412E+02  1.7076E+01  5.0787E+02  1.0000E+00
 4.0281E+03  1.7061E+01  2.5250E+02  1.7097E+01  5.0465E+02  1.0000E+00
 4.0589E+03  1.7083E+01  2.5088E+02  1.7118E+01  5.0144E+02  1.0000E+00
 4.0900E+03  1.7104E+01  2.4927E+02  1.7139E+01  4.9826E+02  1.0000E+00
 4.1213E+03  1.7125E+01  2.4768E+02  1.7160E+01  4.9510E+02  1.0000E+00
 4.1529E+03  1.7146E+01  2.4609E+02  1.7180E+01  4.9195E+02  1.0000E+00
 4.1847E+03  1.7167E+01  2.4452E+02  1.7201E+01  4.8883E+02  1.0000E+00
 4.2167E+03  1.7188E+01  2.4295E+02  1.7222E+01  4.8572E+02  1.0000E+00
 4.2490E+03  1.7210E+01  2.4139E+02  1.7243E+01  4.8264E+02  1.0000E+00
 4.2816E+03  1.7231E+01  2.3985E+02  1.7264E+01  4.7957E+02  1.0000E+00
 4.3143E+03  1.7252E+01  2.3831E+02  1.7285E+01  4.7653E+02  1.0000E+00
 4.3474E+03  1.7273E+01  2.3678E+02  1.7306E+01  4.7350E+02  1.0000E+00
 4.3807E+03  1.7295E+01  2.3526E+02  1.7327E+01  4.7049E+02  1.0000E+00
 4.4142E+03  1.7316E+01  2.3376E+02  1.7348E+01  4.6750E+02  1.0000E+00
 4.4480E+03  1.7337E+01  2.3226E+02  1.7369E+01  4.6453E+02  1.0000E+00
 4.4821E+03  1.7359E+01  2.3077E+02  1.7391E+01  4.6158E+02  1.0000E+00
 4.5164E+03  1.7380E+01  2.2929E+02  1.7412E+01  4.5864E+02  1.0000E+00
 4.5510E+03  1.7401E+01  2.2782E+02  1.7433E+01  4.5573E+02  1.0000E+00
 4.5859E+03  1.7423E+01  2.2636E+02  1.7454E+01  4.5283E+02  1.0000E+00
 4.6210E+03  1.7444E+01  2.2490E+02  1.7475E+01  4.4995E+02  1.0000E+00
 4.6564E+03  1.7466E+01  2.2346E+02  1.7496E+01  4.4709E+02  1.0000E+00
 4.6920E+03  1.7487E+01  2.2203E+02  1.7518E+01  4.4425E+02  1.0000E+00
 4.7280E+03  1.7508E+01  2.2060E+02  1.7539E+01  4.4142E+02  1.0000E+00
 4.7642E+03  1.7530E+01  2.1919E+02  1.7560E+01  4.3862E+02  1.0000E+00
 4.8007E+03  1.7551E+01  2.1778E+02  1.7581E+01  4.3583E+02  1.0000E+00
 4.8374E+03  1.7573E+01  2.1638E+02  1.7603E+01  4.3305E+02  1.0000E+00
 4.8745E+03  1.7595E+01  2.1499E+02  1.7624E+01  4.3030E+02  1.0000E+00
 4.9118E+03  1.7616E+01  2.1361E+02  1.7645E+01  4.2756E+02  1.0000E+00
 4.9494E+03  1.7638E+01  2.1224E+02  1.7667E+01  4.2484E+02  1.0000E+00
 4.9873E+03  1.7659E+01  2.1088E+02  1.7688E+01  4.2214E+02  1.0000E+00
 5.0255E+03  1.7681E+01  2.0953E+02  1.7710E+01  4.1945E+02  1.0000E+00
 5.0640E+03  1.7703E+01  2.0818E+02  1.7731E+01  4.1679E+02  1.0000E+00
 5.1028E+03  1.7724E+01  2.0684E+02  1.7753E+01  4.1413E+02  1.0000E+00
 5.1419E+03  1.7746E+01  2.0552E+02  1.7774E+01  4.1150E+02  1.0000E+00
 5.1812E+03  1.7768E+01  2.0420E+02  1.7796E+01  4.0888E+02  1.0000E+00
 5.2209E+03  1.7790E+01  2.0288E+02  1.7817E+01  4.0628E+02  1.0000E+00
 5.2609E+03  1.7811E+01  2.0158E+02  1.7839E+01  4.0369E+02  1.0000E+00
 5.3012E+03  1.7833E+01  2.0029E+02  1.7860E+01  4.0112E+02  1.0000E+00
 5.3418E+03  1.7855E+01  1.9900E+02  1.7882E+01  3.9857E+02  1.0000E+00
 5.3827E+03  1.7877E+01  1.9772E+02  1.7904E+01  3.9603E+02  1.0000E+00
 5.4239E+03  1.7899E+01  1.9645E+02  1.7925E+01  3.9351E+02  1.0000E+00
 5.4655E+03  1.7921E+01  1.9519E+02  1.7947E+01  3.9101E+02  1.0000E+00
 5.5073E+03  1.7943E+01  1.9393E+02  1.7969E+01  3.8852E+02  1.0000E+00
 5.5495E+03  1.7965E+01  1.9269E+02  1.7990E+01  3.8605E+02  1.0000E+00
 5.5920E+03  1.7987E+01  1.9145E+02  1.8012E+01  3.8359E+02  1.0000E+00
 5.6348E+03  1.8009E+01  1.9022E+02  1.8034E+01  3.8115E+02  1.0000E+00
 5.6780E+03  1.8031E+01  1.8900E+02  1.8056E+01  3.7872E+02  1.0000E+00
 5.7215E+03  1.8053E+01  1.8778E+02  1.8078E+01  3.7631E+02  1.0000E+00
 5.7653E+03  1.8075E+01  1.8657E+02  1.8100E+01  3.7391E+02  1.0000E+00
 5.8094E+03  1.8097E+01  1.8537E+02  1.8122E+01  3.7153E+02  1.0000E+00
 5.8539E+03  1.8119E+01  1.8418E+02  1.8144E+01  3.6917E+02  1.0000E+00
 5.8988E+03  1.8141E+01  1.8300E+02  1.8166E+01  3.6682E+02  1.0000E+00
 5.9439E+03  1.8163E+01  1.8182E+02  1.8188E+01  3.6448E+02  1.0000E+00
 5.9895E+03  1.8185E+01  1.8065E+02  1.8210E+01  3.6216E+02  1.0000E+00
 6.0353E+03  1.8208E+01  1.7949E+02  1.8232E+01  3.5985E+02  1.0000E+00
 6.0815E+03  1.8230E+01  1.7834E+02  1.8254E+01  3.5756E+02  1.0000E+00
 6.1281E+03  1.8252E+01  1.7719E+02  1.8276E+01  3.5529E+02  1.0000E+00
 6.1751E+03  1.8275E+01  1.7605E+02  1.8298E+01  3.5302E+02  1.0000E+00
 6.2223E+03  1.8297E+01  1.7492E+02  1.8320E+01  3.5078E+02  1.0000E+00
 6.2700E+03  1.8319E+01  1.7379E+02  1.8342E+01  3.4854E+02  1.0000E+00
 6.3180E+03  1.8342E+01  1.7267E+02  1.8365E+01  3.4632E+02  1.0000E+00
 6.3664E+03  1.8364E+01  1.7156E+02  1.8387E+01  3.4412E+02  1.0000E+00
 6.4152E+03  1.8387E+01  1.7046E+02  1.8409E+01  3.4193E+02  1.0000E+00
 6.4643E+03  1.8409E+01  1.6936E+02  1.8432E+01  3.3975E+02  1.0000E+00
 6.5138E+03  1.8432E+01  1.6827E+02  1.8454E+01  3.3759E+02  1.0000E+00
 6.5637E+03  1.8454E+01  1.6719E+02  1.8476E+01  3.3544E+02  1.0000E+00
 6.6139E+03  1.8477E+01  1.6612E+02  1.8499E+01  3.3330E+02  1.0000E+00
 6.6646E+03  1.8500E+01  1.6505E+02  1.8521E+01  3.3118E+02  1.0000E+00
 6.7156E+03  1.8522E+01  1.6399E+02  1.8544E+01  3.2907E+02  1.0000E+00
 6.7671E+03  1.8545E+01  1.6293E+02  1.8566E+01  3.2698E+02  1.0000E+00
 6.8189E+03  1.8568E+01  1.6188E+02  1.8589E+01  3.2490E+02  1.0000E+00
 6.8711E+03  1.8590E+01  1.6084E+02  1.8611E+01  3.2283E+02  1.0000E+00
 6.9237E+03  1.8613E+01  1.5981E+02  1.8634E+01  3.2077E+02  1.0000E+00
 6.9768E+03  1.8636E+01  1.5878E+02  1.8657E+01  3.1873E+02  1.0000E+00
 7.0302E+03  1.8659E+01  1.5776E+02  1.8679E+01  3.1670E+02  1.0000E+00
 7.0840E+03  1.8682E+01  1.5674E+02  1.8702E+01  3.1469E+02  1.0000E+00
 7.1383E+03  1.8705E+01  1.5573E+02  1.8725E+01  3.1268E+02  1.0000E+00
 7.1929E+03  1.8728E+01  1.5473E+02  1.8748E+01  3.1069E+02  1.0000E+00
 7.2480E+03  1.8751E+01  1.5373E+02  1.8771E+01  3.0871E+02  1.0000E+00
 7.3035E+03  1.8774E+01  1.5274E+02  1.8794E+01  3.0675E+02  1.0000E+00
 7.3595E+03  1.8797E+01  1.5176E+02  1.8816E+01  3.0480E+02  1.0000E+00
 7.4158E+03  1.8820E+01  1.5079E+02  1.8839E+01  3.0286E+02  1.0000E+00
 7.4726E+03  1.8843E+01  1.4981E+02  1.8862E+01  3.0093E+02  1.0000E+00
 7.5299E+03  1.8866E+01  1.4885E+02  1.8885E+01  2.9902E+02  1.0000E+00
 7.5875E+03  1.8889E+01  1.4789E+02  1.8908E+01  2.9711E+02  1.0000E+00
 7.6456E+03  1.8913E+01  1.4694E+02  1.8932E+01  2.9522E+02  1.0000E+00
 7.7042E+03  1.8936E+01  1.4600E+02  1.8955E+01  2.9335E+02  1.0000E+00
 7.7632E+03  1.8959E+01  1.4506E+02  1.8978E+01  2.9148E+02  1.0000E+00
 7.8226E+03  1.8983E+01  1.4412E+02  1.9001E+01  2.8962E+02  1.0000E+00
 7.8825E+03  1.9006E+01  1.4320E+02  1.9024E+01  2.8778E+02  1.0000E+00
 7.9429E+03  1.9029E+01  1.4227E+02  1.9048E+01  2.8595E+02  1.0000E+00
 8.0037E+03  1.9053E+01  1.4136E+02  1.9071E+01  2.8413E+02  1.0000E+00
 8.0650E+03  1.9076E+01  1.4045E+02  1.9094E+01  2.8233E+02  1.0000E+00
 8.1268E+03  1.9100E+01  1.3955E+02  1.9118E+01  2.8053E+02  1.0000E+00
 8.1890E+03  1.9124E+01  1.3865E+02  1.9141E+01  2.7875E+02  1.0000E+00
 8.2518E+03  1.9147E+01  1.3776E+02  1.9165E+01  2.7698E+02  1.0000E+00
 8.3150E+03  1.9171E+01  1.3687E+02  1.9188E+01  2.7521E+02  1.0000E+00
 8.3786E+03  1.9195E+01  1.3599E+02  1.9212E+01  2.7347E+02  1.0000E+00
 8.4428E+03  1.9218E+01  1.3511E+02  1.9236E+01  2.7173E+02  1.0000E+00
 8.5075E+03  1.9242E+01  1.3424E+02  1.9259E+01  2.7000E+02  1.0000E+00
 8.5726E+03  1.9266E+01  1.3338E+02  1.9283E+01  2.6828E+02  1.0000E+00
 8.6383E+03  1.9290E+01  1.3252E+02  1.9307E+01  2.6658E+02  1.0000E+00
 8.7044E+03  1.9314E+01  1.3167E+02  1.9331E+01  2.6489E+02  1.0000E+00
 8.7711E+03  1.9338E+01  1.3082E+02  1.9354E+01  2.6320E+02  1.0000E+00
 8.8383E+03  1.9362E+01  1.2998E+02  1.9378E+01  2.6153E+02  1.0000E+00
 8.9059E+03  1.9386E+01  1.2915E+02  1.9402E+01  2.5987E+02  1.0000E+00
 8.9741E+03  1.9410E+01  1.2832E+02  1.9426E+01  2.5822E+02  1.0000E+00
 9.0429E+03  1.9434E+01  1.2749E+02  1.9450E+01  2.5658E+02  1.0000E+00
 9.1121E+03  1.9458E+01  1.2667E+02  1.9474E+01  2.5495E+02  1.0000E+00
 9.1819E+03  1.9483E+01  1.2586E+02  1.9499E+01  2.5333E+02  1.0000E+00
 9.2522E+03  1.9507E+01  1.2505E+02  1.9523E+01  2.5172E+02  1.0000E+00
 9.3231E+03  1.9531E+01  1.2424E+02  1.9547E+01  2.5013E+02  1.0000E+00
 9.3945E+03  1.9556E+01  1.2344E+02  1.9571E+01  2.4854E+02  1.0000E+00
 9.4664E+03  1.9580E+01  1.2265E+02  1.9596E+01  2.4696E+02  1.0000E+00
 9.5389E+03  1.9605E+01  1.2186E+02  1.9620E+01  2.4539E+02  1.0000E+00
 9.6120E+03  1.9629E+01  1.2108E+02  1.9644E+01  2.4384E+02  1.0000E+00
 9.6856E+03  1.9654E+01  1.2030E+02  1.9669E+01  2.4229E+02  1.0000E+00
 9.7598E+03  1.9678E+01  1.1953E+02  1.9693E+01  2.4075E+02  1.0000E+00
 9.8345E+03  1.9703E+01  1.1876E+02  1.9718E+01  2.3923E+02  1.0000E+00
 9.9098E+03  1.9728E+01  1.1800E+02  1.9743E+01  2.3771E+02  1.0000E+00
 9.9857E+03  1.9753E+01  1.1724E+02  1.9767E+01  2.3620E+02  1.0000E+00
 1.0062E+04  1.9777E+01  1.1648E+02  1.9792E+01  2.3471E+02  1.0000E+00
 1.0139E+04  1.9802E+01  1.1573E+02  1.9817E+01  2.3322E+02  1.0000E+00
 1.0217E+04  1.9827E+01  1.1499E+02  1.9842E+01  2.3174E+02  1.0000E+00
 1.0295E+04  1.9852E+01  1.1425E+02  1.9866E+01  2.3027E+02  1.0000E+00
 1.0374E+04  1.9877E+01  1.1352E+02  1.9891E+01  2.2881E+02  1.0000E+00
 1.0453E+04  1.9902E+01  1.1279E+02  1.9916E+01  2.2736E+02  1.0000E+00
 1.0533E+04  1.9928E+01  1.1207E+02  1.9941E+01  2.2592E+02  1.0000E+00
 1.0614E+04  1.9953E+01  1.1135E+02  1.9967E+01  2.2449E+02  1.0000E+00
 1.0695E+04  1.9978E+01  1.1063E+02  1.9992E+01  2.2307E+02  1.0000E+00
 1.0777E+04  2.0003E+01  1.0992E+02  2.0017E+01  2.2166E+02  1.0000E+00
 1.0860E+04  2.0029E+01  1.0921E+02  2.0042E+01  2.2026E+02  1.0000E+00
 1.0943E+04  2.0054E+01  1.0851E+02  2.0068E+01  2.1886E+02  1.0000E+00
 1.1027E+04  2.0080E+01  1.0782E+02  2.0093E+01  2.1748E+02  1.0000E+00
 1.1111E+04  2.0105E+01  1.0712E+02  2.0118E+01  2.1610E+02  1.0000E+00
 1.1196E+04  2.0131E+01  1.0644E+02  2.0144E+01  2.1474E+02  1.0000E+00
 1.1282E+04  2.0156E+01  1.0575E+02  2.0169E+01  2.1338E+02  1.0000E+00
 1.1369E+04  2.0182E+01  1.0508E+02  2.0195E+01  2.1203E+02  1.0000E+00
 1.1456E+04  2.0208E+01  1.0440E+02  2.0221E+01  2.1069E+02  1.0000E+00
 1.1543E+04  2.0234E+01  1.0373E+02  2.0247E+01  2.0936E+02  1.0000E+00
 1.1632E+04  2.0260E+01  1.0307E+02  2.0272E+01  2.0804E+02  1.0000E+00
 1.1721E+04  2.0286E+01  1.0240E+02  2.0298E+01  2.0672E+02  1.0000E+00
 1.1811E+04  2.0312E+01  1.0175E+02  2.0324E+01  2.0542E+02  1.0000E+00
 1.1901E+04  2.0338E+01  1.0110E+02  2.0350E+01  2.0412E+02  1.0000E+00
 1.1992E+04  2.0364E+01  1.0045E+02  2.0376E+01  2.0283E+02  1.0000E+00
 1.2084E+04  2.0390E+01  9.9804E+01  2.0402E+01  2.0155E+02  1.0000E+00
 1.2177E+04  2.0416E+01  9.9164E+01  2.0429E+01  2.0028E+02  1.0000E+00
 1.2270E+04  2.0443E+01  9.8528E+01  2.0455E+01  1.9902E+02  1.0000E+00
 1.2364E+04  2.0469E+01  9.7897E+01  2.0481E+01  1.9776E+02  1.0000E+00
 1.2458E+04  2.0496E+01  9.7270E+01  2.0508E+01  1.9652E+02  1.0000E+00
 1.2554E+04  2.0522E+01  9.6647E+01  2.0534E+01  1.9528E+02  1.0000E+00
 1.2650E+04  2.0549E+01  9.6028E+01  2.0561E+01  1.9405E+02  1.0000E+00
 1.2747E+04  2.0576E+01  9.5413E+01  2.0587E+01  1.9282E+02  1.0000E+00
 1.2845E+04  2.0602E+01  9.4802E+01  2.0614E+01  1.9161E+02  1.0000E+00
 1.2943E+04  2.0629E+01  9.4195E+01  2.0641E+01  1.9040E+02  1.0000E+00
 1.3042E+04  2.0656E+01  9.3592E+01  2.0667E+01  1.8920E+02  1.0000E+00
 1.3142E+04  2.0683E+01  9.2993E+01  2.0694E+01  1.8801E+02  1.0000E+00
 1.3243E+04  2.0710E+01  9.2397E+01  2.0721E+01  1.8683E+02  1.0000E+00
 1.3344E+04  2.0737E+01  9.1806E+01  2.0748E+01  1.8566E+02  1.0000E+00
 1.3446E+04  2.0764E+01  9.1219E+01  2.0775E+01  1.8449E+02  1.0000E+00
 1.3549E+04  2.0792E+01  9.0635E+01  2.0802E+01  1.8333E+02  1.0000E+00
 1.3653E+04  2.0819E+01  9.0056E+01  2.0830E+01  1.8218E+02  1.0000E+00
 1.3757E+04  2.0846E+01  8.9480E+01  2.0857E+01  1.8103E+02  1.0000E+00
 1.3863E+04  2.0874E+01  8.8908E+01  2.0884E+01  1.7989E+02  1.0000E+00
 1.3969E+04  2.0901E+01  8.8340E+01  2.0912E+01  1.7876E+02  1.0000E+00
 1.4076E+04  2.0929E+01  8.7775E+01  2.0939E+01  1.7764E+02  1.0000E+00
 1.4184E+04  2.0957E+01  8.7214E+01  2.0967E+01  1.7653E+02  1.0000E+00
 1.4292E+04  2.0984E+01  8.6657E+01  2.0995E+01  1.7542E+02  1.0000E+00
 1.4402E+04  2.1012E+01  8.6103E+01  2.1023E+01  1.7432E+02  1.0000E+00
 1.4512E+04  2.1040E+01  8.5553E+01  2.1050E+01  1.7323E+02  1.0000E+00
 1.4623E+04  2.1068E+01  8.5007E+01  2.1078E+01  1.7214E+02  1.0000E+00
 1.4735E+04  2.1096E+01  8.4464E+01  2.1106E+01  1.7106E+02  1.0000E+00
 1.4848E+04  2.1124E+01  8.3925E+01  2.1135E+01  1.6999E+02  1.0000E+00
 1.4962E+04  2.1153E+01  8.3390E+01  2.1163E+01  1.6893E+02  1.0000E+00
 1.5076E+04  2.1181E+01  8.2858E+01  2.1191E+01  1.6787E+02  1.0000E+00
 1.5192E+04  2.1210E+01  8.2329E+01  2.1219E+01  1.6682E+02  1.0000E+00
 1.5308E+04  2.1238E+01  8.1804E+01  2.1248E+01  1.6577E+02  1.0000E+00
 1.5425E+04  2.1267E+01  8.1283E+01  2.1276E+01  1.6474E+02  1.0000E+00
 1.5544E+04  2.1295E+01  8.0764E+01  2.1305E+01  1.6371E+02  1.0000E+00
 1.5663E+04  2.1324E+01  8.0250E+01  2.1334E+01  1.6268E+02  1.0000E+00
 1.5783E+04  2.1353E+01  7.9738E+01  2.1362E+01  1.6167E+02  1.0000E+00
 1.5903E+04  2.1382E+01  7.9230E+01  2.1391E+01  1.6066E+02  1.0000E+00
 1.6025E+04  2.1411E+01  7.8726E+01  2.1420E+01  1.5966E+02  1.0000E+00
 1.6148E+04  2.1440E+01  7.8224E+01  2.1449E+01  1.5866E+02  1.0000E+00
 1.6272E+04  2.1469E+01  7.7726E+01  2.1478E+01  1.5767E+02  1.0000E+00
 1.6396E+04  2.1499E+01  7.7232E+01  2.1508E+01  1.5669E+02  1.0000E+00
 1.6522E+04  2.1528E+01  7.6740E+01  2.1537E+01  1.5571E+02  1.0000E+00
 1.6648E+04  2.1557E+01  7.6252E+01  2.1566E+01  1.5474E+02  1.0000E+00
 1.6776E+04  2.1587E+01  7.5767E+01  2.1596E+01  1.5378E+02  1.0000E+00
 1.6904E+04  2.1617E+01  7.5285E+01  2.1626E+01  1.5282E+02  1.0000E+00
 1.7034E+04  2.1647E+01  7.4807E+01  2.1655E+01  1.5187E+02  1.0000E+00
 1.7164E+04  2.1676E+01  7.4331E+01  2.1685E+01  1.5092E+02  1.0000E+00
 1.7296E+04  2.1706E+01  7.3859E+01  2.1715E+01  1.4998E+02  1.0000E+00
 1.7428E+04  2.1736E+01  7.3390E+01  2.1745E+01  1.4905E+02  1.0000E+00
 1.7562E+04  2.1767E+01  7.2924E+01  2.1775E+01  1.4812E+02  1.0000E+00
 1.7696E+04  2.1797E+01  7.2461E+01  2.1805E+01  1.4720E+02  1.0000E+00
 1.7832E+04  2.1827E+01  7.2001E+01  2.1836E+01  1.4629E+02  1.0000E+00
 1.7968E+04  2.1858E+01  7.1544E+01  2.1866E+01  1.4538E+02  1.0000E+00
 1.8106E+04  2.1888E+01  7.1090E+01  2.1897E+01  1.4448E+02  1.0000E+00
 1.8244E+04  2.1919E+01  7.0639E+01  2.1927E+01  1.4358E+02  1.0000E+00
 1.8384E+04  2.1950E+01  7.0191E+01  2.1958E+01  1.4270E+02  1.0000E+00
 1.8525E+04  2.1981E+01  6.9747E+01  2.1989E+01  1.4181E+02  1.0000E+00
 1.8667E+04  2.2012E+01  6.9305E+01  2.2020E+01  1.4093E+02  1.0000E+00
 1.8810E+04  2.2043E+01  6.8866E+01  2.2051E+01  1.4006E+02  1.0000E+00
 1.8954E+04  2.2074E+01  6.8430E+01  2.2082E+01  1.3919E+02  1.0000E+00
 1.9099E+04  2.2105E+01  6.7996E+01  2.2113E+01  1.3833E+02  1.0000E+00
 1.9245E+04  2.2137E+01  6.7566E+01  2.2145E+01  1.3748E+02  1.0000E+00
 1.9393E+04  2.2168E+01  6.7138E+01  2.2176E+01  1.3663E+02  1.0000E+00
 1.9541E+04  2.2200E+01  6.6714E+01  2.2208E+01  1.3579E+02  1.0000E+00
 1.9691E+04  2.2232E+01  6.6292E+01  2.2239E+01  1.3495E+02  1.0000E+00
 1.9842E+04  2.2263E+01  6.5873E+01  2.2271E+01  1.3411E+02  1.0000E+00
 1.9994E+04  2.2295E+01  6.5457E+01  2.2303E+01  1.3329E+02  1.0000E+00
 2.0147E+04  2.2328E+01  6.5043E+01  2.2335E+01  1.3247E+02  1.0000E+00
 2.0301E+04  2.2360E+01  6.4632E+01  2.2367E+01  1.3165E+02  1.0000E+00
 2.0456E+04  2.2392E+01  6.4224E+01  2.2400E+01  1.3084E+02  1.0000E+00
 2.0613E+04  2.2425E+01  6.3819E+01  2.2432E+01  1.3003E+02  1.0000E+00
 2.0771E+04  2.2457E+01  6.3417E+01  2.2465E+01  1.2923E+02  1.0000E+00
 2.0930E+04  2.2490E+01  6.3017E+01  2.2497E+01  1.2844E+02  1.0000E+00
 2.1090E+04  2.2523E+01  6.2619E+01  2.2530E+01  1.2765E+02  1.0000E+00
 2.1252E+04  2.2556E+01  6.2225E+01  2.2563E+01  1.2687E+02  1.0000E+00
 2.1415E+04  2.2589E+01  6.1833E+01  2.2596E+01  1.2609E+02  1.0000E+00
 2.1579E+04  2.2622E+01  6.1443E+01  2.2629E+01  1.2532E+02  1.0000E+00
 2.1744E+04  2.2655E+01  6.1057E+01  2.2662E+01  1.2455E+02  1.0000E+00
 2.1910E+04  2.2689E+01  6.0672E+01  2.2696E+01  1.2378E+02  1.0000E+00
 2.2078E+04  2.2722E+01  6.0291E+01  2.2729E+01  1.2303E+02  1.0000E+00
 2.2247E+04  2.2756E+01  5.9912E+01  2.2763E+01  1.2227E+02  1.0000E+00
 2.2418E+04  2.2790E+01  5.9535E+01  2.2797E+01  1.2153E+02  1.0000E+00
 2.2589E+04  2.2824E+01  5.9161E+01  2.2831E+01  1.2078E+02  1.0000E+00
 2.2762E+04  2.2858E+01  5.8789E+01  2.2865E+01  1.2004E+02  1.0000E+00
 2.2937E+04  2.2892E+01  5.8420E+01  2.2899E+01  1.1931E+02  1.0000E+00
 2.3112E+04  2.2927E+01  5.8054E+01  2.2933E+01  1.1858E+02  1.0000E+00
 2.3289E+04  2.2961E+01  5.7689E+01  2.2968E+01  1.1786E+02  1.0000E+00
 2.3468E+04  2.2996E+01  5.7328E+01  2.3002E+01  1.1714E+02  1.0000E+00
 2.3647E+04  2.3031E+01  5.6968E+01  2.3037E+01  1.1643E+02  1.0000E+00
 2.3829E+04  2.3066E+01  5.6611E+01  2.3072E+01  1.1572E+02  1.0000E+00
 2.4011E+04  2.3101E+01  5.6257E+01  2.3107E+01  1.1502E+02  1.0000E+00
 2.4195E+04  2.3136E+01  5.5904E+01  2.3142E+01  1.1432E+02  1.0000E+00
 2.4380E+04  2.3171E+01  5.5555E+01  2.3178E+01  1.1362E+02  1.0000E+00
 2.4567E+04  2.3207E+01  5.5207E+01  2.3213E+01  1.1293E+02  1.0000E+00
 2.4755E+04  2.3243E+01  5.4862E+01  2.3249E+01  1.1225E+02  1.0000E+00
 2.4945E+04  2.3278E+01  5.4519E+01  2.3285E+01  1.1157E+02  1.0000E+00
 2.5136E+04  2.3314E+01  5.4178E+01  2.3321E+01  1.1089E+02  1.0000E+00
 2.5328E+04  2.3351E+01  5.3840E+01  2.3357E+01  1.1022E+02  1.0000E+00
 2.5522E+04  2.3387E+01  5.3504E+01  2.3393E+01  1.0955E+02  1.0000E+00
 2.5718E+04  2.3423E+01  5.3170E+01  2.3429E+01  1.0889E+02  1.0000E+00
 2.5915E+04  2.3460E+01  5.2839E+01  2.3466E+01  1.0823E+02  1.0000E+00
 2.6113E+04  2.3497E+01  5.2509E+01  2.3503E+01  1.0758E+02  1.0000E+00
 2.6313E+04  2.3534E+01  5.2182E+01  2.3540E+01  1.0693E+02  1.0000E+00
 2.6515E+04  2.3571E+01  5.1857E+01  2.3577E+01  1.0628E+02  1.0000E+00
 2.6718E+04  2.3608E+01  5.1534E+01  2.3614E+01  1.0564E+02  1.0000E+00
 2.6922E+04  2.3645E+01  5.1214E+01  2.3651E+01  1.0501E+02  1.0000E+00
 2.7128E+04  2.3683E+01  5.0895E+01  2.3689E+01  1.0438E+02  1.0000E+00
 2.7336E+04  2.3721E+01  5.0579E+01  2.3726E+01  1.0375E+02  1.0000E+00
 2.7545E+04  2.3759E+01  5.0265E+01  2.3764E+01  1.0313E+02  1.0000E+00
 2.7756E+04  2.3797E+01  4.9953E+01  2.3802E+01  1.0251E+02  1.0000E+00
 2.7969E+04  2.3835E+01  4.9643E+01  2.3841E+01  1.0189E+02  1.0000E+00
 2.8183E+04  2.3873E+01  4.9335E+01  2.3879E+01  1.0128E+02  1.0000E+00
 2.8399E+04  2.3912E+01  4.9029E+01  2.3918E+01  1.0067E+02  1.0000E+00
 2.8617E+04  2.3951E+01  4.8725E+01  2.3956E+01  1.0007E+02  1.0000E+00
 2.8836E+04  2.3990E+01  4.8423E+01  2.3995E+01  9.9474E+01  1.0000E+00
 2.9056E+04  2.4029E+01  4.8124E+01  2.4034E+01  9.8879E+01  1.0000E+00
 2.9279E+04  2.4068E+01  4.7826E+01  2.4074E+01  9.8289E+01  1.0000E+00
 2.9503E+04  2.4108E+01  4.7530E+01  2.4113E+01  9.7703E+01  1.0000E+00
 2.9729E+04  2.4147E+01  4.7237E+01  2.4153E+01  9.7120E+01  1.0000E+00
 2.9957E+04  2.4187E+01  4.6945E+01  2.4193E+01  9.6542E+01  1.0000E+00
 3.0186E+04  2.4227E+01  4.6655E+01  2.4233E+01  9.5968E+01  1.0000E+00
 3.0417E+04  2.4268E+01  4.6367E+01  2.4273E+01  9.5397E+01  1.0000E+00
 3.0650E+04  2.4308E+01  4.6081E+01  2.4313E+01  9.4830E+01  1.0000E+00
 3.0885E+04  2.4349E+01  4.5797E+01  2.4354E+01  9.4267E+01  1.0000E+00
 3.1122E+04  2.4390E+01  4.5515E+01  2.4395E+01  9.3708E+01  1.0000E+00
 3.1360E+04  2.4431E+01  4.5235E+01  2.4436E+01  9.3153E+01  1.0000E+00
 3.1600E+04  2.4472E+01  4.4957E+01  2.4477E+01  9.2602E+01  1.0000E+00
 3.1842E+04  2.4513E+01  4.4680E+01  2.4518E+01  9.2054E+01  1.0000E+00
 3.2086E+04  2.4555E+01  4.4406E+01  2.4560E+01  9.1510E+01  1.0000E+00
 3.2332E+04  2.4597E+01  4.4133E+01  2.4602E+01  9.0970E+01  1.0000E+00
 3.2579E+04  2.4639E+01  4.3862E+01  2.4644E+01  9.0433E+01  1.0000E+00
 3.2829E+04  2.4681E+01  4.3593E+01  2.4686E+01  8.9901E+01  1.0000E+00
 3.3080E+04  2.4724E+01  4.3326E+01  2.4728E+01  8.9371E+01  1.0000E+00
 3.3334E+04  2.4766E+01  4.3061E+01  2.4771E+01  8.8846E+01  1.0000E+00
 3.3589E+04  2.4809E+01  4.2797E+01  2.4814E+01  8.8324E+01  1.0000E+00
 3.3846E+04  2.4852E+01  4.2535E+01  2.4857E+01  8.7805E+01  1.0000E+00
 3.4105E+04  2.4896E+01  4.2275E+01  2.4900E+01  8.7290E+01  1.0000E+00
 3.4367E+04  2.4939E+01  4.2017E+01  2.4944E+01  8.6779E+01  1.0000E+00
 3.4630E+04  2.4983E+01  4.1760E+01  2.4988E+01  8.6271E+01  1.0000E+00
 3.4895E+04  2.5027E+01  4.1506E+01  2.5032E+01  8.5767E+01  1.0000E+00
 3.5162E+04  2.5071E+01  4.1252E+01  2.5076E+01  8.5266E+01  1.0000E+00
 3.5431E+04  2.5116E+01  4.1001E+01  2.5120E+01  8.4768E+01  1.0000E+00
 3.5703E+04  2.5160E+01  4.0751E+01  2.5165E+01  8.4274E+01  1.0000E+00
 3.5976E+04  2.5205E+01  4.0503E+01  2.5210E+01  8.3783E+01  1.0000E+00
 3.6252E+04  2.5250E+01  4.0257E+01  2.5255E+01  8.3296E+01  1.0000E+00
 3.6529E+04  2.5296E+01  4.0013E+01  2.5300E+01  8.2812E+01  1.0000E+00
 3.6809E+04  2.5341E+01  3.9770E+01  2.5346E+01  8.2331E+01  1.0000E+00
 3.7091E+04  2.5387E+01  3.9528E+01  2.5392E+01  8.1854E+01  1.0000E+00
 3.7375E+04  2.5433E+01  3.9289E+01  2.5438E+01  8.1379E+01  1.0000E+00
 3.7661E+04  2.5480E+01  3.9050E+01  2.5484E+01  8.0909E+01  1.0000E+00
 3.7950E+04  2.5526E+01  3.8814E+01  2.5531E+01  8.0441E+01  1.0000E+00
 3.8240E+04  2.5573E+01  3.8579E+01  2.5577E+01  7.9976E+01  1.0000E+00
 3.8533E+04  2.5620E+01  3.8346E+01  2.5625E+01  7.9515E+01  1.0000E+00
 3.8828E+04  2.5668E+01  3.8114E+01  2.5672E+01  7.9057E+01  1.0000E+00
 3.9126E+04  2.5715E+01  3.7884E+01  2.5720E+01  7.8602E+01  1.0000E+00
 3.9425E+04  2.5763E+01  3.7656E+01  2.5767E+01  7.8151E+01  1.0000E+00
 3.9727E+04  2.5811E+01  3.7429E+01  2.5816E+01  7.7702E+01  1.0000E+00
 4.0032E+04  2.5860E+01  3.7203E+01  2.5864E+01  7.7256E+01  1.0000E+00
 4.0338E+04  2.5909E+01  3.6979E+01  2.5913E+01  7.6814E+01  1.0000E+00
 4.0647E+04  2.5957E+01  3.6757E+01  2.5962E+01  7.6375E+01  1.0000E+00
 4.0958E+04  2.6007E+01  3.6536E+01  2.6011E+01  7.5938E+01  1.0000E+00
 4.1272E+04  2.6056E+01  3.6317E+01  2.6060E+01  7.5505E+01  1.0000E+00
 4.1588E+04  2.6106E+01  3.6099E+01  2.6110E+01  7.5075E+01  1.0000E+00
 4.1907E+04  2.6156E+01  3.5882E+01  2.6160E+01  7.4647E+01  1.0000E+00
 4.2228E+04  2.6206E+01  3.5667E+01  2.6210E+01  7.4223E+01  1.0000E+00
 4.2551E+04  2.6257E+01  3.5454E+01  2.6261E+01  7.3801E+01  1.0000E+00
 4.2877E+04  2.6308E+01  3.5242E+01  2.6312E+01  7.3383E+01  1.0000E+00
 4.3205E+04  2.6359E+01  3.5031E+01  2.6363E+01  7.2967E+01  1.0000E+00
 4.3536E+04  2.6411E+01  3.4822E+01  2.6415E+01  7.2555E+01  1.0000E+00
 4.3869E+04  2.6463E+01  3.4615E+01  2.6466E+01  7.2145E+01  1.0000E+00
 4.4205E+04  2.6515E+01  3.4408E+01  2.6518E+01  7.1738E+01  1.0000E+00
 4.4544E+04  2.6567E+01  3.4204E+01  2.6571E+01  7.1334E+01  1.0000E+00
 4.4885E+04  2.6620E+01  3.4000E+01  2.6624E+01  7.0932E+01  1.0000E+00
 4.5229E+04  2.6673E+01  3.3798E+01  2.6677E+01  7.0534E+01  1.0000E+00
 4.5575E+04  2.6726E+01  3.3597E+01  2.6730E+01  7.0138E+01  1.0000E+00
 4.5924E+04  2.6780E+01  3.3398E+01  2.6784E+01  6.9745E+01  1.0000E+00
 4.6276E+04  2.6834E+01  3.3200E+01  2.6837E+01  6.9355E+01  1.0000E+00
 4.6630E+04  2.6888E+01  3.3003E+01  2.6892E+01  6.8967E+01  1.0000E+00
 4.6987E+04  2.6943E+01  3.2808E+01  2.6946E+01  6.8582E+01  1.0000E+00
 4.7347E+04  2.6998E+01  3.2614E+01  2.7001E+01  6.8200E+01  1.0000E+00
 4.7710E+04  2.7053E+01  3.2422E+01  2.7057E+01  6.7821E+01  1.0000E+00
 4.8075E+04  2.7109E+01  3.2230E+01  2.7112E+01  6.7444E+01  1.0000E+00
 4.8443E+04  2.7165E+01  3.2040E+01  2.7168E+01  6.7070E+01  1.0000E+00
 4.8814E+04  2.7221E+01  3.1852E+01  2.7224E+01  6.6698E+01  1.0000E+00
 4.9188E+04  2.7278E+01  3.1664E+01  2.7281E+01  6.6329E+01  1.0000E+00
 4.9565E+04  2.7335E+01  3.1478E+01  2.7338E+01  6.5963E+01  1.0000E+00
 4.9945E+04  2.7392E+01  3.1293E+01  2.7395E+01  6.5599E+01  1.0000E+00
 5.0327E+04  2.7450E+01  3.1110E+01  2.7453E+01  6.5238E+01  1.0000E+00
 5.0713E+04  2.7508E+01  3.0928E+01  2.7511E+01  6.4879E+01  1.0000E+00
 5.1101E+04  2.7566E+01  3.0747E+01  2.7569E+01  6.4523E+01  1.0000E+00
 5.1492E+04  2.7625E+01  3.0567E+01  2.7628E+01  6.4169E+01  1.0000E+00
 5.1887E+04  2.7684E+01  3.0388E+01  2.7687E+01  6.3818E+01  1.0000E+00
 5.2284E+04  2.7743E+01  3.0211E+01  2.7747E+01  6.3470E+01  1.0000E+00
 5.2684E+04  2.7803E+01  3.0035E+01  2.7806E+01  6.3123E+01  1.0000E+00
 5.3088E+04  2.7863E+01  2.9860E+01  2.7867E+01  6.2780E+01  1.0000E+00
 5.3494E+04  2.7924E+01  2.9686E+01  2.7927E+01  6.2438E+01  1.0000E+00
 5.3904E+04  2.7985E+01  2.9514E+01  2.7988E+01  6.2099E+01  1.0000E+00
 5.4317E+04  2.8047E+01  2.9343E+01  2.8050E+01  6.1763E+01  1.0000E+00
 5.4733E+04  2.8108E+01  2.9172E+01  2.8111E+01  6.1429E+01  1.0000E+00
 5.5152E+04  2.8171E+01  2.9003E+01  2.8174E+01  6.1097E+01  1.0000E+00
 5.5574E+04  2.8233E+01  2.8836E+01  2.8236E+01  6.0768E+01  1.0000E+00
 5.6000E+04  2.8296E+01  2.8669E+01  2.8299E+01  6.0441E+01  1.0000E+00
 5.6429E+04  2.8360E+01  2.8504E+01  2.8363E+01  6.0116E+01  1.0000E+00
 5.6861E+04  2.8423E+01  2.8339E+01  2.8426E+01  5.9793E+01  1.0000E+00
 5.7297E+04  2.8488E+01  2.8176E+01  2.8491E+01  5.9473E+01  1.0000E+00
 5.7735E+04  2.8552E+01  2.8014E+01  2.8555E+01  5.9155E+01  1.0000E+00
 5.8177E+04  2.8617E+01  2.7853E+01  2.8620E+01  5.8840E+01  1.0000E+00
 5.8623E+04  2.8683E+01  2.7693E+01  2.8686E+01  5.8526E+01  1.0000E+00
 5.9072E+04  2.8749E+01  2.7535E+01  2.8752E+01  5.8215E+01  1.0000E+00
 5.9524E+04  2.8815E+01  2.7377E+01  2.8818E+01  5.7907E+01  1.0000E+00
 5.9980E+04  2.8882E+01  2.7220E+01  2.8885E+01  5.7600E+01  1.0000E+00
 6.0440E+04  2.8949E+01  2.7065E+01  2.8952E+01  5.7295E+01  1.0000E+00
 6.0902E+04  2.9017E+01  2.6911E+01  2.9020E+01  5.6993E+01  1.0000E+00
 6.1369E+04  2.9085E+01  2.6757E+01  2.9088E+01  5.6693E+01  1.0000E+00
 6.1839E+04  2.9154E+01  2.6605E+01  2.9157E+01  5.6395E+01  1.0000E+00
 6.2312E+04  2.9223E+01  2.6454E+01  2.9226E+01  5.6099E+01  1.0000E+00
 6.2790E+04  2.9292E+01  2.6304E+01  2.9295E+01  5.5806E+01  1.0000E+00
 6.3270E+04  2.9362E+01  2.6155E+01  2.9365E+01  5.5514E+01  1.0000E+00
 6.3755E+04  2.9433E+01  2.6006E+01  2.9436E+01  5.5225E+01  1.0000E+00
 6.4243E+04  2.9504E+01  2.5859E+01  2.9507E+01  5.4937E+01  1.0000E+00
 6.4735E+04  2.9575E+01  2.5713E+01  2.9578E+01  5.4652E+01  1.0000E+00
 6.5231E+04  2.9647E+01  2.5568E+01  2.9650E+01  5.4369E+01  1.0000E+00
 6.5731E+04  2.9720E+01  2.5424E+01  2.9723E+01  5.4088E+01  1.0000E+00
 6.6234E+04  2.9793E+01  2.5281E+01  2.9796E+01  5.3809E+01  1.0000E+00
 6.6741E+04  2.9866E+01  2.5139E+01  2.9869E+01  5.3531E+01  1.0000E+00
 6.7252E+04  2.9940E+01  2.4998E+01  2.9943E+01  5.3256E+01  1.0000E+00
 6.7767E+04  3.0015E+01  2.4858E+01  3.0017E+01  5.2983E+01  1.0000E+00
 6.8286E+04  3.0090E+01  2.4719E+01  3.0092E+01  5.2712E+01  1.0000E+00
 6.8809E+04  3.0165E+01  2.4581E+01  3.0168E+01  5.2443E+01  1.0000E+00
 6.9336E+04  3.0241E+01  2.4444E+01  3.0244E+01  5.2176E+01  1.0000E+00
 6.9867E+04  3.0318E+01  2.4308E+01  3.0321E+01  5.1911E+01  1.0000E+00
 7.0402E+04  3.0395E+01  2.4173E+01  3.0398E+01  5.1647E+01  1.0000E+00
 7.0942E+04  3.0473E+01  2.4039E+01  3.0476E+01  5.1386E+01  1.0000E+00
 7.1485E+04  3.0551E+01  2.3905E+01  3.0554E+01  5.1127E+01  1.0000E+00
 7.2032E+04  3.0630E+01  2.3773E+01  3.0633E+01  5.0869E+01  1.0000E+00
 7.2584E+04  3.0709E+01  2.3642E+01  3.0712E+01  5.0613E+01  1.0000E+00
 7.3140E+04  3.0789E+01  2.3511E+01  3.0792E+01  5.0360E+01  1.0000E+00
 7.3700E+04  3.0870E+01  2.3381E+01  3.0872E+01  5.0108E+01  1.0000E+00
 7.4264E+04  3.0951E+01  2.3253E+01  3.0954E+01  4.9858E+01  1.0000E+00
 7.4833E+04  3.1033E+01  2.3125E+01  3.1035E+01  4.9610E+01  1.0000E+00
 7.5406E+04  3.1115E+01  2.2998E+01  3.1117E+01  4.9363E+01  1.0000E+00
 7.5984E+04  3.1198E+01  2.2872E+01  3.1200E+01  4.9119E+01  1.0000E+00
 7.6566E+04  3.1281E+01  2.2747E+01  3.1284E+01  4.8876E+01  1.0000E+00
 7.7152E+04  3.1366E+01  2.2623E+01  3.1368E+01  4.8635E+01  1.0000E+00
 7.7743E+04  3.1450E+01  2.2499E+01  3.1453E+01  4.8396E+01  1.0000E+00
 7.8338E+04  3.1536E+01  2.2377E+01  3.1538E+01  4.8159E+01  1.0000E+00
 7.8938E+04  3.1622E+01  2.2255E+01  3.1624E+01  4.7923E+01  1.0000E+00
 7.9543E+04  3.1708E+01  2.2134E+01  3.1711E+01  4.7689E+01  1.0000E+00
 8.0152E+04  3.1795E+01  2.2014E+01  3.1798E+01  4.7457E+01  1.0000E+00
 8.0766E+04  3.1883E+01  2.1895E+01  3.1886E+01  4.7227E+01  1.0000E+00
 8.1384E+04  3.1972E+01  2.1777E+01  3.1974E+01  4.6998E+01  1.0000E+00
 8.2008E+04  3.2061E+01  2.1659E+01  3.2063E+01  4.6771E+01  1.0000E+00
 8.2636E+04  3.2151E+01  2.1543E+01  3.2153E+01  4.6546E+01  1.0000E+00
 8.3268E+04  3.2242E+01  2.1427E+01  3.2244E+01  4.6323E+01  1.0000E+00
 8.3906E+04  3.2333E+01  2.1312E+01  3.2335E+01  4.6101E+01  1.0000E+00
 8.4549E+04  3.2425E+01  2.1198E+01  3.2427E+01  4.5881E+01  1.0000E+00
 8.5196E+04  3.2518E+01  2.1085E+01  3.2520E+01  4.5662E+01  1.0000E+00
 8.5849E+04  3.2611E+01  2.0972E+01  3.2613E+01  4.5445E+01  1.0000E+00
 8.6506E+04  3.2705E+01  2.0860E+01  3.2707E+01  4.5230E+01  1.0000E+00
 8.7169E+04  3.2800E+01  2.0749E+01  3.2802E+01  4.5017E+01  1.0000E+00
 8.7836E+04  3.2895E+01  2.0639E+01  3.2897E+01  4.4805E+01  1.0000E+00
 8.8509E+04  3.2992E+01  2.0530E+01  3.2994E+01  4.4594E+01  1.0000E+00
 8.9187E+04  3.3089E+01  2.0421E+01  3.3091E+01  4.4386E+01  1.0000E+00
 8.9870E+04  3.3186E+01  2.0313E+01  3.3188E+01  4.4178E+01  1.0000E+00
 9.0558E+04  3.3285E+01  2.0206E+01  3.3287E+01  4.3973E+01  1.0000E+00
 9.1252E+04  3.3384E+01  2.0100E+01  3.3386E+01  4.3769E+01  1.0000E+00
 9.1950E+04  3.3484E+01  1.9995E+01  3.3486E+01  4.3567E+01  1.0000E+00
 9.2655E+04  3.3585E+01  1.9890E+01  3.3587E+01  4.3366E+01  1.0000E+00
 9.3364E+04  3.3686E+01  1.9786E+01  3.3689E+01  4.3166E+01  1.0000E+00
 9.4079E+04  3.3789E+01  1.9682E+01  3.3791E+01  4.2969E+01  1.0000E+00
 9.4800E+04  3.3892E+01  1.9580E+01  3.3894E+01  4.2773E+01  1.0000E+00
 9.5526E+04  3.3996E+01  1.9478E+01  3.3998E+01  4.2578E+01  1.0000E+00
 9.6257E+04  3.4101E+01  1.9377E+01  3.4103E+01  4.2385E+01  1.0000E+00
 9.6994E+04  3.4207E+01  1.9277E+01  3.4209E+01  4.2193E+01  1.0000E+00
 9.7737E+04  3.4313E+01  1.9177E+01  3.4315E+01  4.2003E+01  1.0000E+00
 9.8486E+04  3.4421E+01  1.9078E+01  3.4423E+01  4.1814E+01  1.0000E+00
 9.9240E+04  3.4529E+01  1.8980E+01  3.4531E+01  4.1627E+01  1.0000E+00
 1.0000E+05  3.4638E+01  1.8882E+01  3.4640E+01  4.1441E+01  1.0000E+00


