#     0	 1	   20	 1	 1.2229E+02	 1000	1
 4.8978E+01  0.0000E+00  0.0000E+00  0.0000E+00  0.0000E+00  0.0000E+00
 4.9353E+01  0.0000E+00  0.0000E+00  0.0000E+00  0.0000E+00  0.0000E+00
 4.9731E+01  0.0000E+00  0.0000E+00  0.0000E+00  0.0000E+00  0.0000E+00
 5.0112E+01  0.0000E+00  0.0000E+00  0.0000E+00  0.0000E+00  0.0000E+00
 5.0496E+01  0.0000E+00  0.0000E+00  0.0000E+00  0.0000E+00  0.0000E+00
 5.0882E+01  0.0000E+00  0.0000E+00  0.0000E+00  0.0000E+00  0.0000E+00
 5.1272E+01  0.0000E+00  0.0000E+00  0.0000E+00  0.0000E+00  0.0000E+00
 5.1665E+01  0.0000E+00  0.0000E+00  0.0000E+00  0.0000E+00  0.0000E+00
 5.2060E+01  0.0000E+00  0.0000E+00  0.0000E+00  0.0000E+00  0.0000E+00
 5.2459E+01  0.0000E+00  0.0000E+00  0.0000E+00  0.0000E+00  0.0000E+00
 5.2861E+01  0.0000E+00  0.0000E+00  0.0000E+00  0.0000E+00  0.0000E+00
 5.3266E+01  0.0000E+00  0.0000E+00  0.0000E+00  0.0000E+00  0.0000E+00
 5.3673E+01  0.0000E+00  0.0000E+00  0.0000E+00  0.0000E+00  0.0000E+00
 5.4085E+01  0.0000E+00  0.0000E+00  0.0000E+00  0.0000E+00  0.0000E+00
 5.4499E+01  0.0000E+00  0.0000E+00  0.0000E+00  0.0000E+00  0.0000E+00
 5.4916E+01  0.0000E+00  0.0000E+00  0.0000E+00  0.0000E+00  0.0000E+00
 5.5337E+01  0.0000E+00  0.0000E+00  0.0000E+00  0.0000E+00  0.0000E+00
 5.5760E+01  0.0000E+00  0.0000E+00  0.0000E+00  0.0000E+00  0.0000E+00
 5.6187E+01  0.0000E+00  0.0000E+00  0.0000E+00  0.0000E+00  0.0000E+00
 5.6618E+01  0.0000E+00  0.0000E+00  0.0000E+00  0.0000E+00  0.0000E+00
 5.7051E+01  0.0000E+00  0.0000E+00  0.0000E+00  0.0000E+00  0.0000E+00
 5.7488E+01  0.0000E+00  0.0000E+00  0.0000E+00  0.0000E+00  0.0000E+00
 5.7929E+01  0.0000E+00  0.0000E+00  0.0000E+00  0.0000E+00  0.0000E+00
 5.8372E+01  0.0000E+00  0.0000E+00  0.0000E+00  0.0000E+00  0.0000E+00
 5.8819E+01  0.0000E+00  0.0000E+00  0.0000E+00  0.0000E+00  0.0000E+00
 5.9270E+01  0.0000E+00  0.0000E+00  0.0000E+00  0.0000E+00  0.0000E+00
 5.9724E+01  0.0000E+00  0.0000E+00  0.0000E+00  0.0000E+00  0.0000E+00
 6.0181E+01  0.0000E+00  0.0000E+00  0.0000E+00  0.0000E+00  0.0000E+00
 6.0642E+01  0.0000E+00  0.0000E+00  0.0000E+00  0.0000E+00  0.0000E+00
 6.1106E+01  0.0000E+00  0.0000E+00  0.0000E+00  0.0000E+00  0.0000E+00
 6.1574E+01  0.0000E+00  0.0000E+00  0.0000E+00  0.0000E+00  0.0000E+00
 6.2046E+01  0.0000E+00  0.0000E+00  0.0000E+00  0.0000E+00  0.0000E+00
 6.2521E+01  0.0000E+00  0.0000E+00  0.0000E+00  0.0000E+00  0.0000E+00
 6.3000E+01  0.0000E+00  0.0000E+00  0.0000E+00  0.0000E+00  0.0000E+00
 6.3482E+01  0.0000E+00  0.0000E+00  0.0000E+00  0.0000E+00  0.0000E+00
 6.3968E+01  0.0000E+00  0.0000E+00  0.0000E+00  0.0000E+00  0.0000E+00
 6.4458E+01  0.0000E+00  0.0000E+00  0.0000E+00  0.0000E+00  0.0000E+00
 6.4952E+01  0.0000E+00  0.0000E+00  0.0000E+00  0.0000E+00  0.0000E+00
 6.5449E+01  0.0000E+00  0.0000E+00  0.0000E+00  0.0000E+00  0.0000E+00
 6.5951E+01  0.0000E+00  0.0000E+00  0.0000E+00  0.0000E+00  0.0000E+00
 6.6456E+01  0.0000E+00  0.0000E+00  0.0000E+00  0.0000E+00  0.0000E+00
 6.6965E+01  0.0000E+00  0.0000E+00  0.0000E+00  0.0000E+00  0.0000E+00
 6.7478E+01  0.0000E+00  0.0000E+00  0.0000E+00  0.0000E+00  0.0000E+00
 6.7994E+01  0.0000E+00  0.0000E+00  0.0000E+00  0.0000E+00  0.0000E+00
 6.8515E+01  0.0000E+00  0.0000E+00  0.0000E+00  0.0000E+00  0.0000E+00
 6.9040E+01  0.0000E+00  0.0000E+00  0.0000E+00  0.0000E+00  0.0000E+00
 6.9568E+01  0.0000E+00  0.0000E+00  0.0000E+00  0.0000E+00  0.0000E+00
 7.0101E+01  0.0000E+00  0.0000E+00  0.0000E+00  0.0000E+00  0.0000E+00
 7.0638E+01  0.0000E+00  0.0000E+00  0.0000E+00  0.0000E+00  0.0000E+00
 7.1179E+01  0.0000E+00  0.0000E+00  0.0000E+00  0.0000E+00  0.0000E+00
 7.1724E+01  0.0000E+00  0.0000E+00  0.0000E+00  0.0000E+00  0.0000E+00
 7.2273E+01  0.0000E+00  0.0000E+00  0.0000E+00  0.0000E+00  0.0000E+00
 7.2827E+01  0.0000E+00  0.0000E+00  0.0000E+00  0.0000E+00  0.0000E+00
 7.3385E+01  0.0000E+00  0.0000E+00  0.0000E+00  0.0000E+00  0.0000E+00
 7.3947E+01  0.0000E+00  0.0000E+00  0.0000E+00  0.0000E+00  0.0000E+00
 7.4513E+01  0.0000E+00  0.0000E+00  0.0000E+00  0.0000E+00  0.0000E+00
 7.5084E+01  0.0000E+00  0.0000E+00  0.0000E+00  0.0000E+00  0.0000E+00
 7.5659E+01  0.0000E+00  0.0000E+00  0.0000E+00  0.0000E+00  0.0000E+00
 7.6238E+01  0.0000E+00  0.0000E+00  0.0000E+00  0.0000E+00  0.0000E+00
 7.6822E+01  0.0000E+00  0.0000E+00  0.0000E+00  0.0000E+00  0.0000E+00
 7.7410E+01  0.0000E+00  0.0000E+00  0.0000E+00  0.0000E+00  0.0000E+00
 7.8003E+01  0.0000E+00  0.0000E+00  0.0000E+00  0.0000E+00  0.0000E+00
 7.8601E+01  0.0000E+00  0.0000E+00  0.0000E+00  0.0000E+00  0.0000E+00
 7.9202E+01  0.0000E+00  0.0000E+00  0.0000E+00  0.0000E+00  0.0000E+00
 7.9809E+01  0.0000E+00  0.0000E+00  0.0000E+00  0.0000E+00  0.0000E+00
 8.0420E+01  0.0000E+00  0.0000E+00  0.0000E+00  0.0000E+00  0.0000E+00
 8.1036E+01  0.0000E+00  0.0000E+00  0.0000E+00  0.0000E+00  0.0000E+00
 8.1657E+01  0.0000E+00  0.0000E+00  0.0000E+00  0.0000E+00  0.0000E+00
 8.2282E+01  0.0000E+00  0.0000E+00  0.0000E+00  0.0000E+00  0.0000E+00
 8.2912E+01  0.0000E+00  0.0000E+00  0.0000E+00  0.0000E+00  0.0000E+00
 8.3547E+01  0.0000E+00  0.0000E+00  0.0000E+00  0.0000E+00  0.0000E+00
 8.4187E+01  0.0000E+00  0.0000E+00  0.0000E+00  0.0000E+00  0.0000E+00
 8.4832E+01  0.0000E+00  0.0000E+00  0.0000E+00  0.0000E+00  0.0000E+00
 8.5481E+01  0.0000E+00  0.0000E+00  0.0000E+00  0.0000E+00  0.0000E+00
 8.6136E+01  0.0000E+00  0.0000E+00  0.0000E+00  0.0000E+00  0.0000E+00
 8.6796E+01  0.0000E+00  0.0000E+00  0.0000E+00  0.0000E+00  0.0000E+00
 8.7460E+01  0.0000E+00  0.0000E+00  0.0000E+00  0.0000E+00  0.0000E+00
 8.8130E+01  0.0000E+00  0.0000E+00  0.0000E+00  0.0000E+00  0.0000E+00
 8.8805E+01  0.0000E+00  0.0000E+00  0.0000E+00  0.0000E+00  0.0000E+00
 8.9485E+01  0.0000E+00  0.0000E+00  0.0000E+00  0.0000E+00  0.0000E+00
 9.0171E+01  0.0000E+00  0.0000E+00  0.0000E+00  0.0000E+00  0.0000E+00
 9.0861E+01  0.0000E+00  0.0000E+00  0.0000E+00  0.0000E+00  0.0000E+00
 9.1557E+01  0.0000E+00  0.0000E+00  0.0000E+00  0.0000E+00  0.0000E+00
 9.2258E+01  0.0000E+00  0.0000E+00  0.0000E+00  0.0000E+00  0.0000E+00
 9.2965E+01  0.0000E+00  0.0000E+00  0.0000E+00  0.0000E+00  0.0000E+00
 9.3677E+01  0.0000E+00  0.0000E+00  0.0000E+00  0.0000E+00  0.0000E+00
 9.4394E+01  0.0000E+00  0.0000E+00  0.0000E+00  0.0000E+00  0.0000E+00
 9.5117E+01  0.0000E+00  0.0000E+00  0.0000E+00  0.0000E+00  0.0000E+00
 9.5845E+01  0.0000E+00  0.0000E+00  0.0000E+00  0.0000E+00  0.0000E+00
 9.6579E+01  0.0000E+00  0.0000E+00  0.0000E+00  0.0000E+00  0.0000E+00
 9.7319E+01  0.0000E+00  0.0000E+00  0.0000E+00  0.0000E+00  0.0000E+00
 9.8064E+01  0.0000E+00  0.0000E+00  0.0000E+00  0.0000E+00  0.0000E+00
 9.8815E+01  0.0000E+00  0.0000E+00  0.0000E+00  0.0000E+00  0.0000E+00
 9.9572E+01  0.0000E+00  0.0000E+00  0.0000E+00  0.0000E+00  0.0000E+00
 1.0033E+02  0.0000E+00  0.0000E+00  0.0000E+00  0.0000E+00  0.0000E+00
 1.0110E+02  0.0000E+00  0.0000E+00  0.0000E+00  0.0000E+00  0.0000E+00
 1.0188E+02  0.0000E+00  0.0000E+00  0.0000E+00  0.0000E+00  0.0000E+00
 1.0266E+02  0.0000E+00  0.0000E+00  0.0000E+00  0.0000E+00  0.0000E+00
 1.0344E+02  0.0000E+00  0.0000E+00  0.0000E+00  0.0000E+00  0.0000E+00
 1.0424E+02  0.0000E+00  0.0000E+00  0.0000E+00  0.0000E+00  0.0000E+00
 1.0503E+02  0.0000E+00  0.0000E+00  0.0000E+00  0.0000E+00  0.0000E+00
 1.0584E+02  0.0000E+00  0.0000E+00  0.0000E+00  0.0000E+00  0.0000E+00
 1.0665E+02  0.0000E+00  0.0000E+00  0.0000E+00  0.0000E+00  0.0000E+00
 1.0747E+02  0.0000E+00  0.0000E+00  0.0000E+00  0.0000E+00  0.0000E+00
 1.0829E+02  0.0000E+00  0.0000E+00  0.0000E+00  0.0000E+00  0.0000E+00
 1.0912E+02  0.0000E+00  0.0000E+00  0.0000E+00  0.0000E+00  0.0000E+00
 1.0995E+02  0.0000E+00  0.0000E+00  0.0000E+00  0.0000E+00  0.0000E+00
 1.1080E+02  0.0000E+00  0.0000E+00  0.0000E+00  0.0000E+00  0.0000E+00
 1.1164E+02  0.0000E+00  0.0000E+00  0.0000E+00  0.0000E+00  0.0000E+00
 1.1250E+02  0.0000E+00  0.0000E+00  0.0000E+00  0.0000E+00  0.0000E+00
 1.1336E+02  0.0000E+00  0.0000E+00  0.0000E+00  0.0000E+00  0.0000E+00
 1.1423E+02  0.0000E+00  0.0000E+00  0.0000E+00  0.0000E+00  0.0000E+00
 1.1510E+02  0.0000E+00  0.0000E+00  0.0000E+00  0.0000E+00  0.0000E+00
 1.1599E+02  0.0000E+00  0.0000E+00  0.0000E+00  0.0000E+00  0.0000E+00
 1.1687E+02  0.0000E+00  0.0000E+00  0.0000E+00  0.0000E+00  0.0000E+00
 1.1777E+02  0.0000E+00  0.0000E+00  0.0000E+00  0.0000E+00  0.0000E+00
 1.1867E+02  0.0000E+00  0.0000E+00  0.0000E+00  0.0000E+00  0.0000E+00
 1.1958E+02  0.0000E+00  0.0000E+00  0.0000E+00  0.0000E+00  0.0000E+00
 1.2050E+02  0.0000E+00  0.0000E+00  0.0000E+00  0.0000E+00  0.0000E+00
 1.2142E+02  0.0000E+00  0.0000E+00  0.0000E+00  0.0000E+00  0.0000E+00
 1.2235E+02  1.1875E-02  5.8078E+00  1.4270E-02  1.3958E+01  1.0000E+00
 1.2329E+02  1.1885E-02  5.7688E+00  1.4270E-02  1.3852E+01  1.0000E+00
 1.2423E+02  1.1896E-02  5.7301E+00  1.4270E-02  1.3747E+01  1.0000E+00
 1.2518E+02  1.1907E-02  5.6916E+00  1.4270E-02  1.3643E+01  1.0000E+00
 1.2614E+02  1.1917E-02  5.6534E+00  1.4270E-02  1.3539E+01  1.0000E+00
 1.2711E+02  1.1928E-02  5.6155E+00  1.4270E-02  1.3436E+01  1.0000E+00
 1.2808E+02  1.1938E-02  5.5777E+00  1.4271E-02  1.3334E+01  1.0000E+00
 1.2906E+02  1.1949E-02  5.5403E+00  1.4271E-02  1.3233E+01  1.0000E+00
 1.3005E+02  1.1960E-02  5.5031E+00  1.4271E-02  1.3133E+01  1.0000E+00
 1.3104E+02  1.1971E-02  5.4662E+00  1.4271E-02  1.3033E+01  1.0000E+00
 1.3205E+02  1.1981E-02  5.4295E+00  1.4271E-02  1.2934E+01  1.0000E+00
 1.3306E+02  1.1992E-02  5.3930E+00  1.4271E-02  1.2836E+01  1.0000E+00
 1.3408E+02  1.2003E-02  5.3568E+00  1.4271E-02  1.2738E+01  1.0000E+00
 1.3510E+02  1.2014E-02  5.3209E+00  1.4271E-02  1.2641E+01  1.0000E+00
 1.3614E+02  1.2024E-02  5.2852E+00  1.4271E-02  1.2545E+01  1.0000E+00
 1.3718E+02  1.2035E-02  5.2498E+00  1.4271E-02  1.2450E+01  1.0000E+00
 1.3823E+02  1.2046E-02  5.2146E+00  1.4271E-02  1.2355E+01  1.0000E+00
 1.3929E+02  1.2057E-02  5.1796E+00  1.4271E-02  1.2262E+01  1.0000E+00
 1.4036E+02  1.2068E-02  5.1448E+00  1.4271E-02  1.2168E+01  1.0000E+00
 1.4143E+02  1.2079E-02  5.1104E+00  1.4271E-02  1.2076E+01  1.0000E+00
 1.4252E+02  1.2090E-02  5.0761E+00  1.4271E-02  1.1984E+01  1.0000E+00
 1.4361E+02  1.2100E-02  5.0421E+00  1.4271E-02  1.1893E+01  1.0000E+00
 1.4471E+02  1.2111E-02  5.0083E+00  1.4271E-02  1.1803E+01  1.0000E+00
 1.4582E+02  1.2122E-02  4.9747E+00  1.4272E-02  1.1713E+01  1.0000E+00
 1.4693E+02  1.2133E-02  4.9413E+00  1.4272E-02  1.1624E+01  1.0000E+00
 1.4806E+02  1.2144E-02  4.9082E+00  1.4272E-02  1.1536E+01  1.0000E+00
 1.4919E+02  1.2155E-02  4.8753E+00  1.4272E-02  1.1448E+01  1.0000E+00
 1.5033E+02  1.2166E-02  4.8426E+00  1.4272E-02  1.1362E+01  1.0000E+00
 1.5149E+02  1.2177E-02  4.8102E+00  1.4272E-02  1.1275E+01  1.0000E+00
 1.5265E+02  1.2188E-02  4.7779E+00  1.4272E-02  1.1190E+01  1.0000E+00
 1.5381E+02  1.2199E-02  4.7459E+00  1.4272E-02  1.1105E+01  1.0000E+00
 1.5499E+02  1.2210E-02  4.7141E+00  1.4272E-02  1.1020E+01  1.0000E+00
 1.5618E+02  1.2222E-02  4.6825E+00  1.4272E-02  1.0937E+01  1.0000E+00
 1.5738E+02  1.2233E-02  4.6511E+00  1.4272E-02  1.0854E+01  1.0000E+00
 1.5858E+02  1.2244E-02  4.6199E+00  1.4272E-02  1.0771E+01  1.0000E+00
 1.5980E+02  1.2255E-02  4.5890E+00  1.4272E-02  1.0689E+01  1.0000E+00
 1.6102E+02  1.2266E-02  4.5582E+00  1.4272E-02  1.0608E+01  1.0000E+00
 1.6225E+02  1.2277E-02  4.5277E+00  1.4272E-02  1.0528E+01  1.0000E+00
 1.6349E+02  1.2288E-02  4.4973E+00  1.4272E-02  1.0448E+01  1.0000E+00
 1.6475E+02  1.2299E-02  4.4672E+00  1.4273E-02  1.0368E+01  1.0000E+00
 1.6601E+02  1.2310E-02  4.4372E+00  1.4273E-02  1.0290E+01  1.0000E+00
 1.6728E+02  1.2321E-02  4.4074E+00  1.4273E-02  1.0211E+01  1.0000E+00
 1.6856E+02  1.2332E-02  4.3779E+00  1.4273E-02  1.0134E+01  1.0000E+00
 1.6985E+02  1.2344E-02  4.3485E+00  1.4273E-02  1.0057E+01  1.0000E+00
 1.7115E+02  1.2355E-02  4.3194E+00  1.4273E-02  9.9805E+00  1.0000E+00
 1.7246E+02  1.2366E-02  4.2904E+00  1.4273E-02  9.9047E+00  1.0000E+00
 1.7378E+02  1.2377E-02  4.2616E+00  1.4273E-02  9.8295E+00  1.0000E+00
 1.7511E+02  1.2388E-02  4.2330E+00  1.4273E-02  9.7548E+00  1.0000E+00
 1.7646E+02  1.2399E-02  4.2046E+00  1.4273E-02  9.6808E+00  1.0000E+00
 1.7781E+02  1.2410E-02  4.1764E+00  1.4273E-02  9.6072E+00  1.0000E+00
 1.7917E+02  1.2422E-02  4.1484E+00  1.4273E-02  9.5343E+00  1.0000E+00
 1.8054E+02  1.2433E-02  4.1205E+00  1.4273E-02  9.4619E+00  1.0000E+00
 1.8192E+02  1.2444E-02  4.0929E+00  1.4274E-02  9.3900E+00  1.0000E+00
 1.8332E+02  1.2455E-02  4.0654E+00  1.4274E-02  9.3187E+00  1.0000E+00
 1.8472E+02  1.2466E-02  4.0381E+00  1.4274E-02  9.2479E+00  1.0000E+00
 1.8614E+02  1.2477E-02  4.0110E+00  1.4274E-02  9.1777E+00  1.0000E+00
 1.8756E+02  1.2488E-02  3.9840E+00  1.4274E-02  9.1080E+00  1.0000E+00
 1.8900E+02  1.2499E-02  3.9573E+00  1.4274E-02  9.0389E+00  1.0000E+00
 1.9045E+02  1.2510E-02  3.9307E+00  1.4274E-02  8.9702E+00  1.0000E+00
 1.9190E+02  1.2522E-02  3.9042E+00  1.4274E-02  8.9021E+00  1.0000E+00
 1.9337E+02  1.2533E-02  3.8780E+00  1.4274E-02  8.8345E+00  1.0000E+00
 1.9485E+02  1.2544E-02  3.8519E+00  1.4274E-02  8.7674E+00  1.0000E+00
 1.9635E+02  1.2555E-02  3.8260E+00  1.4274E-02  8.7008E+00  1.0000E+00
 1.9785E+02  1.2566E-02  3.8003E+00  1.4274E-02  8.6348E+00  1.0000E+00
 1.9937E+02  1.2577E-02  3.7747E+00  1.4274E-02  8.5692E+00  1.0000E+00
 2.0089E+02  1.2588E-02  3.7493E+00  1.4275E-02  8.5041E+00  1.0000E+00
 2.0243E+02  1.2599E-02  3.7241E+00  1.4275E-02  8.4396E+00  1.0000E+00
 2.0398E+02  1.2610E-02  3.6990E+00  1.4275E-02  8.3755E+00  1.0000E+00
 2.0554E+02  1.2621E-02  3.6741E+00  1.4275E-02  8.3119E+00  1.0000E+00
 2.0712E+02  1.2632E-02  3.6493E+00  1.4275E-02  8.2488E+00  1.0000E+00
 2.0870E+02  1.2643E-02  3.6248E+00  1.4275E-02  8.1861E+00  1.0000E+00
 2.1030E+02  1.2654E-02  3.6003E+00  1.4275E-02  8.1240E+00  1.0000E+00
 2.1191E+02  1.2665E-02  3.5761E+00  1.4275E-02  8.0623E+00  1.0000E+00
 2.1354E+02  1.2676E-02  3.5520E+00  1.4275E-02  8.0011E+00  1.0000E+00
 2.1517E+02  1.2687E-02  3.5280E+00  1.4275E-02  7.9403E+00  1.0000E+00
 2.1682E+02  1.2698E-02  3.5042E+00  1.4275E-02  7.8800E+00  1.0000E+00
 2.1848E+02  1.2709E-02  3.4806E+00  1.4276E-02  7.8202E+00  1.0000E+00
 2.2015E+02  1.2720E-02  3.4571E+00  1.4276E-02  7.7608E+00  1.0000E+00
 2.2184E+02  1.2731E-02  3.4337E+00  1.4276E-02  7.7019E+00  1.0000E+00
 2.2354E+02  1.2742E-02  3.4105E+00  1.4276E-02  7.6434E+00  1.0000E+00
 2.2525E+02  1.2753E-02  3.3875E+00  1.4276E-02  7.5854E+00  1.0000E+00
 2.2697E+02  1.2763E-02  3.3646E+00  1.4276E-02  7.5278E+00  1.0000E+00
 2.2871E+02  1.2774E-02  3.3419E+00  1.4276E-02  7.4706E+00  1.0000E+00
 2.3046E+02  1.2785E-02  3.3193E+00  1.4276E-02  7.4139E+00  1.0000E+00
 2.3223E+02  1.2796E-02  3.2969E+00  1.4276E-02  7.3576E+00  1.0000E+00
 2.3401E+02  1.2807E-02  3.2746E+00  1.4276E-02  7.3017E+00  1.0000E+00
 2.3580E+02  1.2818E-02  3.2524E+00  1.4277E-02  7.2463E+00  1.0000E+00
 2.3761E+02  1.2828E-02  3.2304E+00  1.4277E-02  7.1913E+00  1.0000E+00
 2.3942E+02  1.2839E-02  3.2086E+00  1.4277E-02  7.1367E+00  1.0000E+00
 2.4126E+02  1.2850E-02  3.1868E+00  1.4277E-02  7.0825E+00  1.0000E+00
 2.4311E+02  1.2861E-02  3.1653E+00  1.4277E-02  7.0287E+00  1.0000E+00
 2.4497E+02  1.2872E-02  3.1438E+00  1.4277E-02  6.9753E+00  1.0000E+00
 2.4684E+02  1.2882E-02  3.1225E+00  1.4277E-02  6.9224E+00  1.0000E+00
 2.4873E+02  1.2893E-02  3.1014E+00  1.4277E-02  6.8698E+00  1.0000E+00
 2.5064E+02  1.2904E-02  3.0804E+00  1.4277E-02  6.8177E+00  1.0000E+00
 2.5256E+02  1.2914E-02  3.0595E+00  1.4277E-02  6.7659E+00  1.0000E+00
 2.5449E+02  1.2925E-02  3.0387E+00  1.4278E-02  6.7145E+00  1.0000E+00
 2.5644E+02  1.2936E-02  3.0181E+00  1.4278E-02  6.6636E+00  1.0000E+00
 2.5841E+02  1.2946E-02  2.9976E+00  1.4278E-02  6.6130E+00  1.0000E+00
 2.6038E+02  1.2957E-02  2.9773E+00  1.4278E-02  6.5628E+00  1.0000E+00
 2.6238E+02  1.2968E-02  2.9571E+00  1.4278E-02  6.5129E+00  1.0000E+00
 2.6439E+02  1.2978E-02  2.9370E+00  1.4278E-02  6.4635E+00  1.0000E+00
 2.6641E+02  1.2989E-02  2.9171E+00  1.4278E-02  6.4144E+00  1.0000E+00
 2.6845E+02  1.2999E-02  2.8972E+00  1.4278E-02  6.3657E+00  1.0000E+00
 2.7051E+02  1.3010E-02  2.8776E+00  1.4278E-02  6.3174E+00  1.0000E+00
 2.7258E+02  1.3021E-02  2.8580E+00  1.4279E-02  6.2694E+00  1.0000E+00
 2.7467E+02  1.3031E-02  2.8386E+00  1.4279E-02  6.2219E+00  1.0000E+00
 2.7677E+02  1.3042E-02  2.8193E+00  1.4279E-02  6.1746E+00  1.0000E+00
 2.7889E+02  1.3052E-02  2.8001E+00  1.4279E-02  6.1277E+00  1.0000E+00
 2.8103E+02  1.3063E-02  2.7810E+00  1.4279E-02  6.0812E+00  1.0000E+00
 2.8318E+02  1.3073E-02  2.7621E+00  1.4279E-02  6.0351E+00  1.0000E+00
 2.8535E+02  1.3084E-02  2.7433E+00  1.4279E-02  5.9893E+00  1.0000E+00
 2.8753E+02  1.3094E-02  2.7246E+00  1.4279E-02  5.9438E+00  1.0000E+00
 2.8974E+02  1.3104E-02  2.7060E+00  1.4280E-02  5.8987E+00  1.0000E+00
 2.9195E+02  1.3115E-02  2.6876E+00  1.4280E-02  5.8539E+00  1.0000E+00
 2.9419E+02  1.3125E-02  2.6693E+00  1.4280E-02  5.8095E+00  1.0000E+00
 2.9644E+02  1.3135E-02  2.6511E+00  1.4280E-02  5.7654E+00  1.0000E+00
 2.9871E+02  1.3146E-02  2.6330E+00  1.4280E-02  5.7216E+00  1.0000E+00
 3.0100E+02  1.3156E-02  2.6150E+00  1.4280E-02  5.6782E+00  1.0000E+00
 3.0331E+02  1.3166E-02  2.5972E+00  1.4280E-02  5.6351E+00  1.0000E+00
 3.0563E+02  1.3177E-02  2.5794E+00  1.4280E-02  5.5923E+00  1.0000E+00
 3.0797E+02  1.3187E-02  2.5618E+00  1.4281E-02  5.5498E+00  1.0000E+00
 3.1033E+02  1.3197E-02  2.5443E+00  1.4281E-02  5.5077E+00  1.0000E+00
 3.1271E+02  1.3207E-02  2.5269E+00  1.4281E-02  5.4659E+00  1.0000E+00
 3.1510E+02  1.3217E-02  2.5096E+00  1.4281E-02  5.4244E+00  1.0000E+00
 3.1751E+02  1.3227E-02  2.4924E+00  1.4281E-02  5.3832E+00  1.0000E+00
 3.1994E+02  1.3238E-02  2.4754E+00  1.4281E-02  5.3424E+00  1.0000E+00
 3.2240E+02  1.3248E-02  2.4584E+00  1.4281E-02  5.3018E+00  1.0000E+00
 3.2486E+02  1.3258E-02  2.4416E+00  1.4282E-02  5.2616E+00  1.0000E+00
 3.2735E+02  1.3268E-02  2.4248E+00  1.4282E-02  5.2217E+00  1.0000E+00
 3.2986E+02  1.3277E-02  2.4082E+00  1.4282E-02  5.1820E+00  1.0000E+00
 3.3239E+02  1.3287E-02  2.3916E+00  1.4282E-02  5.1427E+00  1.0000E+00
 3.3493E+02  1.3297E-02  2.3752E+00  1.4282E-02  5.1037E+00  1.0000E+00
 3.3750E+02  1.3307E-02  2.3589E+00  1.4282E-02  5.0649E+00  1.0000E+00
 3.4008E+02  1.3317E-02  2.3427E+00  1.4282E-02  5.0265E+00  1.0000E+00
 3.4268E+02  1.3326E-02  2.3266E+00  1.4282E-02  4.9883E+00  1.0000E+00
 3.4531E+02  1.3336E-02  2.3105E+00  1.4283E-02  4.9505E+00  1.0000E+00
 3.4795E+02  1.3346E-02  2.2946E+00  1.4283E-02  4.9129E+00  1.0000E+00
 3.5062E+02  1.3355E-02  2.2788E+00  1.4283E-02  4.8756E+00  1.0000E+00
 3.5330E+02  1.3365E-02  2.2631E+00  1.4283E-02  4.8386E+00  1.0000E+00
 3.5601E+02  1.3374E-02  2.2475E+00  1.4283E-02  4.8019E+00  1.0000E+00
 3.5874E+02  1.3384E-02  2.2320E+00  1.4283E-02  4.7654E+00  1.0000E+00
 3.6148E+02  1.3393E-02  2.2166E+00  1.4284E-02  4.7293E+00  1.0000E+00
 3.6425E+02  1.3402E-02  2.2012E+00  1.4284E-02  4.6934E+00  1.0000E+00
 3.6704E+02  1.3412E-02  2.1860E+00  1.4284E-02  4.6578E+00  1.0000E+00
 3.6985E+02  1.3421E-02  2.1709E+00  1.4284E-02  4.6224E+00  1.0000E+00
 3.7268E+02  1.3430E-02  2.1558E+00  1.4284E-02  4.5873E+00  1.0000E+00
 3.7554E+02  1.3439E-02  2.1409E+00  1.4284E-02  4.5525E+00  1.0000E+00
 3.7841E+02  1.3448E-02  2.1260E+00  1.4284E-02  4.5180E+00  1.0000E+00
 3.8131E+02  1.3457E-02  2.1113E+00  1.4285E-02  4.4837E+00  1.0000E+00
 3.8423E+02  1.3466E-02  2.0966E+00  1.4285E-02  4.4497E+00  1.0000E+00
 3.8718E+02  1.3475E-02  2.0821E+00  1.4285E-02  4.4159E+00  1.0000E+00
 3.9014E+02  1.3484E-02  2.0676E+00  1.4285E-02  4.3824E+00  1.0000E+00
 3.9313E+02  1.3492E-02  2.0532E+00  1.4285E-02  4.3492E+00  1.0000E+00
 3.9614E+02  1.3501E-02  2.0389E+00  1.4285E-02  4.3161E+00  1.0000E+00
 3.9917E+02  1.3510E-02  2.0247E+00  1.4286E-02  4.2834E+00  1.0000E+00
 4.0223E+02  1.3518E-02  2.0105E+00  1.4286E-02  4.2509E+00  1.0000E+00
 4.0531E+02  1.3527E-02  1.9965E+00  1.4286E-02  4.2186E+00  1.0000E+00
 4.0841E+02  1.3535E-02  1.9826E+00  1.4286E-02  4.1866E+00  1.0000E+00
 4.1154E+02  1.3543E-02  1.9687E+00  1.4286E-02  4.1549E+00  1.0000E+00
 4.1469E+02  1.3552E-02  1.9549E+00  1.4287E-02  4.1233E+00  1.0000E+00
 4.1787E+02  1.3560E-02  1.9412E+00  1.4287E-02  4.0921E+00  1.0000E+00
 4.2107E+02  1.3568E-02  1.9276E+00  1.4287E-02  4.0610E+00  1.0000E+00
 4.2429E+02  1.3576E-02  1.9141E+00  1.4287E-02  4.0302E+00  1.0000E+00
 4.2754E+02  1.3584E-02  1.9007E+00  1.4287E-02  3.9996E+00  1.0000E+00
 4.3082E+02  1.3592E-02  1.8873E+00  1.4287E-02  3.9693E+00  1.0000E+00
 4.3412E+02  1.3600E-02  1.8740E+00  1.4288E-02  3.9392E+00  1.0000E+00
 4.3744E+02  1.3607E-02  1.8608E+00  1.4288E-02  3.9093E+00  1.0000E+00
 4.4079E+02  1.3615E-02  1.8477E+00  1.4288E-02  3.8796E+00  1.0000E+00
 4.4417E+02  1.3623E-02  1.8347E+00  1.4288E-02  3.8502E+00  1.0000E+00
 4.4757E+02  1.3630E-02  1.8218E+00  1.4288E-02  3.8210E+00  1.0000E+00
 4.5100E+02  1.3638E-02  1.8089E+00  1.4289E-02  3.7920E+00  1.0000E+00
 4.5445E+02  1.3645E-02  1.7961E+00  1.4289E-02  3.7632E+00  1.0000E+00
 4.5793E+02  1.3652E-02  1.7834E+00  1.4289E-02  3.7347E+00  1.0000E+00
 4.6144E+02  1.3659E-02  1.7708E+00  1.4289E-02  3.7063E+00  1.0000E+00
 4.6497E+02  1.3666E-02  1.7582E+00  1.4289E-02  3.6782E+00  1.0000E+00
 4.6853E+02  1.3673E-02  1.7457E+00  1.4290E-02  3.6503E+00  1.0000E+00
 4.7212E+02  1.3680E-02  1.7333E+00  1.4290E-02  3.6226E+00  1.0000E+00
 4.7574E+02  1.3686E-02  1.7209E+00  1.4290E-02  3.5951E+00  1.0000E+00
 4.7938E+02  1.3692E-02  1.7086E+00  1.4290E-02  3.5679E+00  1.0000E+00
 4.8305E+02  1.3698E-02  1.6963E+00  1.4290E-02  3.5408E+00  1.0000E+00
 4.8675E+02  1.3704E-02  1.6842E+00  1.4291E-02  3.5139E+00  1.0000E+00
 4.9048E+02  1.3710E-02  1.6721E+00  1.4291E-02  3.4873E+00  1.0000E+00
 4.9424E+02  1.3716E-02  1.6601E+00  1.4291E-02  3.4608E+00  1.0000E+00
 4.9802E+02  1.3721E-02  1.6481E+00  1.4291E-02  3.4346E+00  1.0000E+00
 5.0183E+02  1.3727E-02  1.6362E+00  1.4291E-02  3.4085E+00  1.0000E+00
 5.0568E+02  1.3732E-02  1.6244E+00  1.4292E-02  3.3827E+00  1.0000E+00
 5.0955E+02  1.3737E-02  1.6126E+00  1.4292E-02  3.3570E+00  1.0000E+00
 5.1345E+02  1.3742E-02  1.6009E+00  1.4292E-02  3.3316E+00  1.0000E+00
 5.1738E+02  1.3747E-02  1.5893E+00  1.4292E-02  3.3063E+00  1.0000E+00
 5.2135E+02  1.3751E-02  1.5778E+00  1.4292E-02  3.2812E+00  1.0000E+00
 5.2534E+02  1.3756E-02  1.5663E+00  1.4293E-02  3.2563E+00  1.0000E+00
 5.2936E+02  1.3760E-02  1.5549E+00  1.4293E-02  3.2316E+00  1.0000E+00
 5.3342E+02  1.3765E-02  1.5435E+00  1.4293E-02  3.2071E+00  1.0000E+00
 5.3750E+02  1.3769E-02  1.5323E+00  1.4293E-02  3.1828E+00  1.0000E+00
 5.4162E+02  1.3773E-02  1.5211E+00  1.4294E-02  3.1587E+00  1.0000E+00
 5.4577E+02  1.3777E-02  1.5099E+00  1.4294E-02  3.1347E+00  1.0000E+00
 5.4995E+02  1.3781E-02  1.4989E+00  1.4294E-02  3.1109E+00  1.0000E+00
 5.5416E+02  1.3785E-02  1.4879E+00  1.4294E-02  3.0873E+00  1.0000E+00
 5.5840E+02  1.3788E-02  1.4770E+00  1.4295E-02  3.0639E+00  1.0000E+00
 5.6268E+02  1.3792E-02  1.4661E+00  1.4295E-02  3.0407E+00  1.0000E+00
 5.6699E+02  1.3795E-02  1.4553E+00  1.4295E-02  3.0176E+00  1.0000E+00
 5.7133E+02  1.3799E-02  1.4446E+00  1.4295E-02  2.9948E+00  1.0000E+00
 5.7571E+02  1.3802E-02  1.4340E+00  1.4296E-02  2.9720E+00  1.0000E+00
 5.8011E+02  1.3805E-02  1.4234E+00  1.4296E-02  2.9495E+00  1.0000E+00
 5.8456E+02  1.3808E-02  1.4129E+00  1.4296E-02  2.9271E+00  1.0000E+00
 5.8903E+02  1.3811E-02  1.4025E+00  1.4296E-02  2.9050E+00  1.0000E+00
 5.9354E+02  1.3814E-02  1.3921E+00  1.4297E-02  2.8829E+00  1.0000E+00
 5.9809E+02  1.3817E-02  1.3818E+00  1.4297E-02  2.8611E+00  1.0000E+00
 6.0267E+02  1.3820E-02  1.3716E+00  1.4297E-02  2.8394E+00  1.0000E+00
 6.0729E+02  1.3823E-02  1.3614E+00  1.4297E-02  2.8178E+00  1.0000E+00
 6.1194E+02  1.3826E-02  1.3513E+00  1.4298E-02  2.7965E+00  1.0000E+00
 6.1662E+02  1.3829E-02  1.3413E+00  1.4298E-02  2.7753E+00  1.0000E+00
 6.2135E+02  1.3831E-02  1.3314E+00  1.4298E-02  2.7542E+00  1.0000E+00
 6.2610E+02  1.3834E-02  1.3215E+00  1.4298E-02  2.7334E+00  1.0000E+00
 6.3090E+02  1.3836E-02  1.3117E+00  1.4299E-02  2.7126E+00  1.0000E+00
 6.3573E+02  1.3839E-02  1.3020E+00  1.4299E-02  2.6921E+00  1.0000E+00
 6.4060E+02  1.3841E-02  1.2923E+00  1.4299E-02  2.6717E+00  1.0000E+00
 6.4551E+02  1.3844E-02  1.2827E+00  1.4299E-02  2.6514E+00  1.0000E+00
 6.5045E+02  1.3846E-02  1.2732E+00  1.4300E-02  2.6313E+00  1.0000E+00
 6.5543E+02  1.3849E-02  1.2637E+00  1.4300E-02  2.6114E+00  1.0000E+00
 6.6045E+02  1.3851E-02  1.2543E+00  1.4300E-02  2.5916E+00  1.0000E+00
 6.6551E+02  1.3853E-02  1.2450E+00  1.4301E-02  2.5719E+00  1.0000E+00
 6.7060E+02  1.3856E-02  1.2357E+00  1.4301E-02  2.5524E+00  1.0000E+00
 6.7574E+02  1.3858E-02  1.2265E+00  1.4301E-02  2.5331E+00  1.0000E+00
 6.8092E+02  1.3860E-02  1.2174E+00  1.4301E-02  2.5139E+00  1.0000E+00
 6.8613E+02  1.3862E-02  1.2083E+00  1.4302E-02  2.4948E+00  1.0000E+00
 6.9138E+02  1.3865E-02  1.1993E+00  1.4302E-02  2.4759E+00  1.0000E+00
 6.9668E+02  1.3867E-02  1.1904E+00  1.4302E-02  2.4571E+00  1.0000E+00
 7.0201E+02  1.3869E-02  1.1816E+00  1.4303E-02  2.4385E+00  1.0000E+00
 7.0739E+02  1.3872E-02  1.1728E+00  1.4303E-02  2.4200E+00  1.0000E+00
 7.1281E+02  1.3874E-02  1.1640E+00  1.4303E-02  2.4017E+00  1.0000E+00
 7.1827E+02  1.3876E-02  1.1554E+00  1.4303E-02  2.3835E+00  1.0000E+00
 7.2377E+02  1.3878E-02  1.1468E+00  1.4304E-02  2.3654E+00  1.0000E+00
 7.2931E+02  1.3881E-02  1.1382E+00  1.4304E-02  2.3475E+00  1.0000E+00
 7.3490E+02  1.3883E-02  1.1298E+00  1.4304E-02  2.3297E+00  1.0000E+00
 7.4052E+02  1.3886E-02  1.1214E+00  1.4305E-02  2.3121E+00  1.0000E+00
 7.4620E+02  1.3888E-02  1.1131E+00  1.4305E-02  2.2945E+00  1.0000E+00
 7.5191E+02  1.3891E-02  1.1048E+00  1.4305E-02  2.2772E+00  1.0000E+00
 7.5767E+02  1.3893E-02  1.0966E+00  1.4306E-02  2.2599E+00  1.0000E+00
 7.6347E+02  1.3896E-02  1.0885E+00  1.4306E-02  2.2428E+00  1.0000E+00
 7.6932E+02  1.3899E-02  1.0804E+00  1.4306E-02  2.2258E+00  1.0000E+00
 7.7521E+02  1.3902E-02  1.0724E+00  1.4307E-02  2.2089E+00  1.0000E+00
 7.8115E+02  1.3904E-02  1.0645E+00  1.4307E-02  2.1922E+00  1.0000E+00
 7.8713E+02  1.3907E-02  1.0566E+00  1.4307E-02  2.1756E+00  1.0000E+00
 7.9316E+02  1.3910E-02  1.0488E+00  1.4308E-02  2.1591E+00  1.0000E+00
 7.9923E+02  1.3913E-02  1.0410E+00  1.4308E-02  2.1427E+00  1.0000E+00
 8.0535E+02  1.3916E-02  1.0333E+00  1.4308E-02  2.1265E+00  1.0000E+00
 8.1152E+02  1.3919E-02  1.0257E+00  1.4309E-02  2.1104E+00  1.0000E+00
 8.1774E+02  1.3922E-02  1.0181E+00  1.4309E-02  2.0944E+00  1.0000E+00
 8.2400E+02  1.3925E-02  1.0106E+00  1.4309E-02  2.0785E+00  1.0000E+00
 8.3031E+02  1.3929E-02  1.0031E+00  1.4310E-02  2.0628E+00  1.0000E+00
 8.3667E+02  1.3932E-02  9.9573E-01  1.4310E-02  2.0472E+00  1.0000E+00
 8.4307E+02  1.3935E-02  9.8839E-01  1.4310E-02  2.0317E+00  1.0000E+00
 8.4953E+02  1.3938E-02  9.8111E-01  1.4311E-02  2.0163E+00  1.0000E+00
 8.5604E+02  1.3942E-02  9.7388E-01  1.4311E-02  2.0010E+00  1.0000E+00
 8.6259E+02  1.3945E-02  9.6672E-01  1.4312E-02  1.9858E+00  1.0000E+00
 8.6920E+02  1.3949E-02  9.5960E-01  1.4312E-02  1.9708E+00  1.0000E+00
 8.7586E+02  1.3952E-02  9.5255E-01  1.4312E-02  1.9559E+00  1.0000E+00
 8.8256E+02  1.3956E-02  9.4555E-01  1.4313E-02  1.9411E+00  1.0000E+00
 8.8932E+02  1.3960E-02  9.3860E-01  1.4313E-02  1.9263E+00  1.0000E+00
 8.9613E+02  1.3963E-02  9.3171E-01  1.4313E-02  1.9118E+00  1.0000E+00
 9.0300E+02  1.3967E-02  9.2488E-01  1.4314E-02  1.8973E+00  1.0000E+00
 9.0991E+02  1.3971E-02  9.1809E-01  1.4314E-02  1.8829E+00  1.0000E+00
 9.1688E+02  1.3975E-02  9.1136E-01  1.4315E-02  1.8687E+00  1.0000E+00
 9.2390E+02  1.3979E-02  9.0469E-01  1.4315E-02  1.8545E+00  1.0000E+00
 9.3098E+02  1.3983E-02  8.9806E-01  1.4315E-02  1.8405E+00  1.0000E+00
 9.3811E+02  1.3987E-02  8.9149E-01  1.4316E-02  1.8265E+00  1.0000E+00
 9.4529E+02  1.3991E-02  8.8497E-01  1.4316E-02  1.8127E+00  1.0000E+00
 9.5253E+02  1.3995E-02  8.7850E-01  1.4317E-02  1.7990E+00  1.0000E+00
 9.5983E+02  1.4000E-02  8.7209E-01  1.4317E-02  1.7853E+00  1.0000E+00
 9.6718E+02  1.4004E-02  8.6572E-01  1.4317E-02  1.7718E+00  1.0000E+00
 9.7458E+02  1.4008E-02  8.5940E-01  1.4318E-02  1.7584E+00  1.0000E+00
 9.8205E+02  1.4013E-02  8.5313E-01  1.4318E-02  1.7451E+00  1.0000E+00
 9.8957E+02  1.4017E-02  8.4691E-01  1.4319E-02  1.7319E+00  1.0000E+00
 9.9715E+02  1.4022E-02  8.4074E-01  1.4319E-02  1.7188E+00  1.0000E+00
 1.0048E+03  1.4026E-02  8.3462E-01  1.4320E-02  1.7058E+00  1.0000E+00
 1.0125E+03  1.4031E-02  8.2855E-01  1.4320E-02  1.6929E+00  1.0000E+00
 1.0202E+03  1.4036E-02  8.2252E-01  1.4320E-02  1.6800E+00  1.0000E+00
 1.0280E+03  1.4041E-02  8.1655E-01  1.4321E-02  1.6673E+00  1.0000E+00
 1.0359E+03  1.4045E-02  8.1061E-01  1.4321E-02  1.6547E+00  1.0000E+00
 1.0439E+03  1.4050E-02  8.0473E-01  1.4322E-02  1.6422E+00  1.0000E+00
 1.0518E+03  1.4055E-02  7.9889E-01  1.4322E-02  1.6297E+00  1.0000E+00
 1.0599E+03  1.4060E-02  7.9310E-01  1.4323E-02  1.6174E+00  1.0000E+00
 1.0680E+03  1.4066E-02  7.8735E-01  1.4323E-02  1.6052E+00  1.0000E+00
 1.0762E+03  1.4071E-02  7.8165E-01  1.4324E-02  1.5930E+00  1.0000E+00
 1.0844E+03  1.4076E-02  7.7599E-01  1.4324E-02  1.5810E+00  1.0000E+00
 1.0927E+03  1.4081E-02  7.7038E-01  1.4324E-02  1.5690E+00  1.0000E+00
 1.1011E+03  1.4087E-02  7.6481E-01  1.4325E-02  1.5571E+00  1.0000E+00
 1.1095E+03  1.4092E-02  7.5929E-01  1.4325E-02  1.5453E+00  1.0000E+00
 1.1180E+03  1.4098E-02  7.5380E-01  1.4326E-02  1.5336E+00  1.0000E+00
 1.1266E+03  1.4101E-02  7.4823E-01  1.4326E-02  1.5220E+00  1.0000E+00
 1.1352E+03  1.4103E-02  7.4265E-01  1.4327E-02  1.5105E+00  1.0000E+00
 1.1439E+03  1.4105E-02  7.3712E-01  1.4327E-02  1.4991E+00  1.0000E+00
 1.1527E+03  1.4107E-02  7.3163E-01  1.4328E-02  1.4878E+00  1.0000E+00
 1.1615E+03  1.4110E-02  7.2617E-01  1.4328E-02  1.4765E+00  1.0000E+00
 1.1704E+03  1.4112E-02  7.2076E-01  1.4329E-02  1.4653E+00  1.0000E+00
 1.1794E+03  1.4114E-02  7.1539E-01  1.4329E-02  1.4542E+00  1.0000E+00
 1.1884E+03  1.4116E-02  7.1005E-01  1.4330E-02  1.4432E+00  1.0000E+00
 1.1975E+03  1.4118E-02  7.0476E-01  1.4330E-02  1.4323E+00  1.0000E+00
 1.2067E+03  1.4120E-02  6.9950E-01  1.4331E-02  1.4215E+00  1.0000E+00
 1.2159E+03  1.4123E-02  6.9428E-01  1.4331E-02  1.4107E+00  1.0000E+00
 1.2252E+03  1.4125E-02  6.8910E-01  1.4332E-02  1.4001E+00  1.0000E+00
 1.2346E+03  1.4127E-02  6.8396E-01  1.4332E-02  1.3895E+00  1.0000E+00
 1.2441E+03  1.4129E-02  6.7886E-01  1.4333E-02  1.3790E+00  1.0000E+00
 1.2536E+03  1.4131E-02  6.7379E-01  1.4333E-02  1.3685E+00  1.0000E+00
 1.2632E+03  1.4133E-02  6.6877E-01  1.4334E-02  1.3582E+00  1.0000E+00
 1.2729E+03  1.4135E-02  6.6378E-01  1.4335E-02  1.3479E+00  1.0000E+00
 1.2826E+03  1.4137E-02  6.5882E-01  1.4335E-02  1.3377E+00  1.0000E+00
 1.2924E+03  1.4139E-02  6.5390E-01  1.4336E-02  1.3276E+00  1.0000E+00
 1.3023E+03  1.4141E-02  6.4902E-01  1.4336E-02  1.3176E+00  1.0000E+00
 1.3123E+03  1.4144E-02  6.4418E-01  1.4337E-02  1.3076E+00  1.0000E+00
 1.3224E+03  1.4146E-02  6.3937E-01  1.4337E-02  1.2977E+00  1.0000E+00
 1.3325E+03  1.4148E-02  6.3459E-01  1.4338E-02  1.2879E+00  1.0000E+00
 1.3427E+03  1.4150E-02  6.2986E-01  1.4338E-02  1.2782E+00  1.0000E+00
 1.3530E+03  1.4152E-02  6.2515E-01  1.4339E-02  1.2685E+00  1.0000E+00
 1.3633E+03  1.4154E-02  6.2048E-01  1.4340E-02  1.2589E+00  1.0000E+00
 1.3738E+03  1.4156E-02  6.1585E-01  1.4340E-02  1.2494E+00  1.0000E+00
 1.3843E+03  1.4158E-02  6.1125E-01  1.4341E-02  1.2400E+00  1.0000E+00
 1.3949E+03  1.4160E-02  6.0668E-01  1.4341E-02  1.2306E+00  1.0000E+00
 1.4056E+03  1.4162E-02  6.0215E-01  1.4342E-02  1.2213E+00  1.0000E+00
 1.4164E+03  1.4164E-02  5.9765E-01  1.4343E-02  1.2121E+00  1.0000E+00
 1.4272E+03  1.4166E-02  5.9319E-01  1.4343E-02  1.2029E+00  1.0000E+00
 1.4381E+03  1.4168E-02  5.8875E-01  1.4344E-02  1.1938E+00  1.0000E+00
 1.4491E+03  1.4170E-02  5.8435E-01  1.4344E-02  1.1848E+00  1.0000E+00
 1.4602E+03  1.4172E-02  5.7999E-01  1.4345E-02  1.1758E+00  1.0000E+00
 1.4714E+03  1.4174E-02  5.7565E-01  1.4346E-02  1.1669E+00  1.0000E+00
 1.4827E+03  1.4176E-02  5.7135E-01  1.4346E-02  1.1581E+00  1.0000E+00
 1.4940E+03  1.4177E-02  5.6708E-01  1.4347E-02  1.1494E+00  1.0000E+00
 1.5055E+03  1.4179E-02  5.6284E-01  1.4348E-02  1.1407E+00  1.0000E+00
 1.5170E+03  1.4181E-02  5.5863E-01  1.4348E-02  1.1321E+00  1.0000E+00
 1.5286E+03  1.4183E-02  5.5446E-01  1.4349E-02  1.1235E+00  1.0000E+00
 1.5403E+03  1.4185E-02  5.5031E-01  1.4349E-02  1.1150E+00  1.0000E+00
 1.5521E+03  1.4187E-02  5.4619E-01  1.4350E-02  1.1066E+00  1.0000E+00
 1.5640E+03  1.4189E-02  5.4211E-01  1.4351E-02  1.0982E+00  1.0000E+00
 1.5760E+03  1.4191E-02  5.3806E-01  1.4351E-02  1.0899E+00  1.0000E+00
 1.5881E+03  1.4193E-02  5.3403E-01  1.4352E-02  1.0817E+00  1.0000E+00
 1.6002E+03  1.4195E-02  5.3004E-01  1.4353E-02  1.0735E+00  1.0000E+00
 1.6125E+03  1.4197E-02  5.2607E-01  1.4354E-02  1.0654E+00  1.0000E+00
 1.6248E+03  1.4199E-02  5.2214E-01  1.4354E-02  1.0574E+00  1.0000E+00
 1.6373E+03  1.4200E-02  5.1823E-01  1.4355E-02  1.0494E+00  1.0000E+00
 1.6498E+03  1.4202E-02  5.1436E-01  1.4356E-02  1.0415E+00  1.0000E+00
 1.6625E+03  1.4204E-02  5.1051E-01  1.4356E-02  1.0336E+00  1.0000E+00
 1.6752E+03  1.4206E-02  5.0669E-01  1.4357E-02  1.0258E+00  1.0000E+00
 1.6880E+03  1.4208E-02  5.0290E-01  1.4358E-02  1.0181E+00  1.0000E+00
 1.7009E+03  1.4210E-02  4.9914E-01  1.4358E-02  1.0104E+00  1.0000E+00
 1.7140E+03  1.4212E-02  4.9540E-01  1.4359E-02  1.0028E+00  1.0000E+00
 1.7271E+03  1.4214E-02  4.9170E-01  1.4360E-02  9.9518E-01  1.0000E+00
 1.7403E+03  1.4215E-02  4.8802E-01  1.4361E-02  9.8767E-01  1.0000E+00
 1.7537E+03  1.4217E-02  4.8436E-01  1.4361E-02  9.8021E-01  1.0000E+00
 1.7671E+03  1.4219E-02  4.8074E-01  1.4362E-02  9.7282E-01  1.0000E+00
 1.7806E+03  1.4221E-02  4.7714E-01  1.4363E-02  9.6547E-01  1.0000E+00
 1.7943E+03  1.4223E-02  4.7357E-01  1.4364E-02  9.5819E-01  1.0000E+00
 1.8080E+03  1.4225E-02  4.7003E-01  1.4364E-02  9.5095E-01  1.0000E+00
 1.8218E+03  1.4227E-02  4.6651E-01  1.4365E-02  9.4378E-01  1.0000E+00
 1.8358E+03  1.4228E-02  4.6302E-01  1.4366E-02  9.3666E-01  1.0000E+00
 1.8499E+03  1.4230E-02  4.5955E-01  1.4367E-02  9.2959E-01  1.0000E+00
 1.8640E+03  1.4232E-02  4.5611E-01  1.4368E-02  9.2257E-01  1.0000E+00
 1.8783E+03  1.4234E-02  4.5270E-01  1.4368E-02  9.1561E-01  1.0000E+00
 1.8927E+03  1.4236E-02  4.4931E-01  1.4369E-02  9.0871E-01  1.0000E+00
 1.9072E+03  1.4238E-02  4.4594E-01  1.4370E-02  9.0185E-01  1.0000E+00
 1.9218E+03  1.4239E-02  4.4260E-01  1.4371E-02  8.9505E-01  1.0000E+00
 1.9365E+03  1.4241E-02  4.3929E-01  1.4372E-02  8.8830E-01  1.0000E+00
 1.9513E+03  1.4243E-02  4.3600E-01  1.4373E-02  8.8160E-01  1.0000E+00
 1.9663E+03  1.4245E-02  4.3274E-01  1.4373E-02  8.7495E-01  1.0000E+00
 1.9813E+03  1.4247E-02  4.2950E-01  1.4374E-02  8.6835E-01  1.0000E+00
 1.9965E+03  1.4249E-02  4.2628E-01  1.4375E-02  8.6180E-01  1.0000E+00
 2.0118E+03  1.4250E-02  4.2309E-01  1.4376E-02  8.5530E-01  1.0000E+00
 2.0272E+03  1.4252E-02  4.1992E-01  1.4377E-02  8.4885E-01  1.0000E+00
 2.0427E+03  1.4254E-02  4.1678E-01  1.4378E-02  8.4245E-01  1.0000E+00
 2.0584E+03  1.4256E-02  4.1365E-01  1.4379E-02  8.3610E-01  1.0000E+00
 2.0741E+03  1.4258E-02  4.1056E-01  1.4379E-02  8.2980E-01  1.0000E+00
 2.0900E+03  1.4259E-02  4.0748E-01  1.4380E-02  8.2354E-01  1.0000E+00
 2.1060E+03  1.4261E-02  4.0443E-01  1.4381E-02  8.1733E-01  1.0000E+00
 2.1222E+03  1.4263E-02  4.0140E-01  1.4382E-02  8.1117E-01  1.0000E+00
 2.1384E+03  1.4265E-02  3.9840E-01  1.4383E-02  8.0506E-01  1.0000E+00
 2.1548E+03  1.4267E-02  3.9541E-01  1.4384E-02  7.9899E-01  1.0000E+00
 2.1713E+03  1.4269E-02  3.9245E-01  1.4385E-02  7.9297E-01  1.0000E+00
 2.1879E+03  1.4270E-02  3.8951E-01  1.4386E-02  7.8699E-01  1.0000E+00
 2.2047E+03  1.4272E-02  3.8659E-01  1.4387E-02  7.8106E-01  1.0000E+00
 2.2216E+03  1.4274E-02  3.8370E-01  1.4388E-02  7.7518E-01  1.0000E+00
 2.2386E+03  1.4276E-02  3.8082E-01  1.4389E-02  7.6934E-01  1.0000E+00
 2.2557E+03  1.4278E-02  3.7797E-01  1.4390E-02  7.6354E-01  1.0000E+00
 2.2730E+03  1.4279E-02  3.7514E-01  1.4391E-02  7.5779E-01  1.0000E+00
 2.2904E+03  1.4281E-02  3.7233E-01  1.4392E-02  7.5208E-01  1.0000E+00
 2.3079E+03  1.4283E-02  3.6954E-01  1.4392E-02  7.4642E-01  1.0000E+00
 2.3256E+03  1.4285E-02  3.6677E-01  1.4393E-02  7.4079E-01  1.0000E+00
 2.3434E+03  1.4287E-02  3.6403E-01  1.4394E-02  7.3522E-01  1.0000E+00
 2.3614E+03  1.4289E-02  3.6130E-01  1.4395E-02  7.2968E-01  1.0000E+00
 2.3794E+03  1.4290E-02  3.5859E-01  1.4397E-02  7.2418E-01  1.0000E+00
 2.3977E+03  1.4292E-02  3.5591E-01  1.4398E-02  7.1873E-01  1.0000E+00
 2.4160E+03  1.4294E-02  3.5324E-01  1.4399E-02  7.1332E-01  1.0000E+00
 2.4345E+03  1.4296E-02  3.5059E-01  1.4400E-02  7.0795E-01  1.0000E+00
 2.4532E+03  1.4298E-02  3.4797E-01  1.4401E-02  7.0262E-01  1.0000E+00
 2.4720E+03  1.4300E-02  3.4536E-01  1.4402E-02  6.9733E-01  1.0000E+00
 2.4909E+03  1.4301E-02  3.4277E-01  1.4403E-02  6.9208E-01  1.0000E+00
 2.5100E+03  1.4303E-02  3.4021E-01  1.4404E-02  6.8687E-01  1.0000E+00
 2.5292E+03  1.4305E-02  3.3766E-01  1.4405E-02  6.8170E-01  1.0000E+00
 2.5486E+03  1.4307E-02  3.3513E-01  1.4406E-02  6.7657E-01  1.0000E+00
 2.5681E+03  1.4309E-02  3.3262E-01  1.4407E-02  6.7148E-01  1.0000E+00
 2.5878E+03  1.4311E-02  3.3013E-01  1.4408E-02  6.6643E-01  1.0000E+00
 2.6076E+03  1.4312E-02  3.2765E-01  1.4409E-02  6.6142E-01  1.0000E+00
 2.6275E+03  1.4314E-02  3.2520E-01  1.4410E-02  6.5644E-01  1.0000E+00
 2.6477E+03  1.4316E-02  3.2276E-01  1.4412E-02  6.5150E-01  1.0000E+00
 2.6679E+03  1.4318E-02  3.2035E-01  1.4413E-02  6.4660E-01  1.0000E+00
 2.6884E+03  1.4320E-02  3.1795E-01  1.4414E-02  6.4174E-01  1.0000E+00
 2.7090E+03  1.4322E-02  3.1556E-01  1.4415E-02  6.3691E-01  1.0000E+00
 2.7297E+03  1.4324E-02  3.1320E-01  1.4416E-02  6.3212E-01  1.0000E+00
 2.7506E+03  1.4326E-02  3.1085E-01  1.4417E-02  6.2737E-01  1.0000E+00
 2.7717E+03  1.4327E-02  3.0853E-01  1.4419E-02  6.2265E-01  1.0000E+00
 2.7929E+03  1.4329E-02  3.0622E-01  1.4420E-02  6.1797E-01  1.0000E+00
 2.8143E+03  1.4331E-02  3.0392E-01  1.4421E-02  6.1333E-01  1.0000E+00
 2.8358E+03  1.4333E-02  3.0165E-01  1.4422E-02  6.0872E-01  1.0000E+00
 2.8576E+03  1.4335E-02  2.9939E-01  1.4423E-02  6.0414E-01  1.0000E+00
 2.8794E+03  1.4337E-02  2.9714E-01  1.4425E-02  5.9960E-01  1.0000E+00
 2.9015E+03  1.4339E-02  2.9492E-01  1.4426E-02  5.9510E-01  1.0000E+00
 2.9237E+03  1.4341E-02  2.9271E-01  1.4427E-02  5.9062E-01  1.0000E+00
 2.9461E+03  1.4343E-02  2.9052E-01  1.4428E-02  5.8619E-01  1.0000E+00
 2.9687E+03  1.4345E-02  2.8834E-01  1.4430E-02  5.8178E-01  1.0000E+00
 2.9914E+03  1.4346E-02  2.8618E-01  1.4431E-02  5.7741E-01  1.0000E+00
 3.0143E+03  1.4348E-02  2.8404E-01  1.4432E-02  5.7307E-01  1.0000E+00
 3.0374E+03  1.4350E-02  2.8191E-01  1.4433E-02  5.6877E-01  1.0000E+00
 3.0607E+03  1.4352E-02  2.7980E-01  1.4435E-02  5.6450E-01  1.0000E+00
 3.0841E+03  1.4354E-02  2.7770E-01  1.4436E-02  5.6026E-01  1.0000E+00
 3.1077E+03  1.4356E-02  2.7563E-01  1.4437E-02  5.5605E-01  1.0000E+00
 3.1315E+03  1.4358E-02  2.7356E-01  1.4439E-02  5.5188E-01  1.0000E+00
 3.1555E+03  1.4360E-02  2.7151E-01  1.4440E-02  5.4773E-01  1.0000E+00
 3.1797E+03  1.4362E-02  2.6948E-01  1.4441E-02  5.4362E-01  1.0000E+00
 3.2040E+03  1.4364E-02  2.6746E-01  1.4443E-02  5.3954E-01  1.0000E+00
 3.2286E+03  1.4366E-02  2.6546E-01  1.4444E-02  5.3549E-01  1.0000E+00
 3.2533E+03  1.4368E-02  2.6347E-01  1.4446E-02  5.3147E-01  1.0000E+00
 3.2782E+03  1.4370E-02  2.6150E-01  1.4447E-02  5.2749E-01  1.0000E+00
 3.3033E+03  1.4372E-02  2.5954E-01  1.4448E-02  5.2353E-01  1.0000E+00
 3.3286E+03  1.4374E-02  2.5760E-01  1.4450E-02  5.1960E-01  1.0000E+00
 3.3541E+03  1.4376E-02  2.5567E-01  1.4451E-02  5.1570E-01  1.0000E+00
 3.3798E+03  1.4378E-02  2.5376E-01  1.4453E-02  5.1183E-01  1.0000E+00
 3.4057E+03  1.4380E-02  2.5186E-01  1.4454E-02  5.0799E-01  1.0000E+00
 3.4317E+03  1.4382E-02  2.4997E-01  1.4456E-02  5.0419E-01  1.0000E+00
 3.4580E+03  1.4384E-02  2.4810E-01  1.4457E-02  5.0040E-01  1.0000E+00
 3.4845E+03  1.4386E-02  2.4624E-01  1.4459E-02  4.9665E-01  1.0000E+00
 3.5112E+03  1.4388E-02  2.4440E-01  1.4460E-02  4.9293E-01  1.0000E+00
 3.5381E+03  1.4390E-02  2.4257E-01  1.4462E-02  4.8923E-01  1.0000E+00
 3.5652E+03  1.4392E-02  2.4076E-01  1.4463E-02  4.8557E-01  1.0000E+00
 3.5925E+03  1.4394E-02  2.3895E-01  1.4465E-02  4.8193E-01  1.0000E+00
 3.6200E+03  1.4396E-02  2.3717E-01  1.4466E-02  4.7832E-01  1.0000E+00
 3.6477E+03  1.4398E-02  2.3539E-01  1.4468E-02  4.7473E-01  1.0000E+00
 3.6757E+03  1.4401E-02  2.3363E-01  1.4469E-02  4.7117E-01  1.0000E+00
 3.7038E+03  1.4403E-02  2.3188E-01  1.4471E-02  4.6765E-01  1.0000E+00
 3.7322E+03  1.4405E-02  2.3015E-01  1.4472E-02  4.6414E-01  1.0000E+00
 3.7608E+03  1.4407E-02  2.2842E-01  1.4474E-02  4.6067E-01  1.0000E+00
 3.7896E+03  1.4409E-02  2.2671E-01  1.4476E-02  4.5722E-01  1.0000E+00
 3.8186E+03  1.4411E-02  2.2502E-01  1.4477E-02  4.5379E-01  1.0000E+00
 3.8478E+03  1.4413E-02  2.2334E-01  1.4479E-02  4.5039E-01  1.0000E+00
 3.8773E+03  1.4415E-02  2.2166E-01  1.4481E-02  4.4702E-01  1.0000E+00
 3.9070E+03  1.4418E-02  2.2001E-01  1.4482E-02  4.4368E-01  1.0000E+00
 3.9369E+03  1.4420E-02  2.1836E-01  1.4484E-02  4.4036E-01  1.0000E+00
 3.9671E+03  1.4422E-02  2.1673E-01  1.4486E-02  4.3706E-01  1.0000E+00
 3.9974E+03  1.4424E-02  2.1511E-01  1.4487E-02  4.3379E-01  1.0000E+00
 4.0281E+03  1.4426E-02  2.1350E-01  1.4489E-02  4.3054E-01  1.0000E+00
 4.0589E+03  1.4429E-02  2.1190E-01  1.4491E-02  4.2732E-01  1.0000E+00
 4.0900E+03  1.4431E-02  2.1032E-01  1.4493E-02  4.2413E-01  1.0000E+00
 4.1213E+03  1.4433E-02  2.0874E-01  1.4494E-02  4.2095E-01  1.0000E+00
 4.1529E+03  1.4435E-02  2.0718E-01  1.4496E-02  4.1781E-01  1.0000E+00
 4.1847E+03  1.4437E-02  2.0564E-01  1.4498E-02  4.1468E-01  1.0000E+00
 4.2167E+03  1.4440E-02  2.0410E-01  1.4500E-02  4.1158E-01  1.0000E+00
 4.2490E+03  1.4442E-02  2.0257E-01  1.4502E-02  4.0850E-01  1.0000E+00
 4.2816E+03  1.4444E-02  2.0106E-01  1.4503E-02  4.0545E-01  1.0000E+00
 4.3143E+03  1.4447E-02  1.9955E-01  1.4505E-02  4.0242E-01  1.0000E+00
 4.3474E+03  1.4449E-02  1.9806E-01  1.4507E-02  3.9941E-01  1.0000E+00
 4.3807E+03  1.4451E-02  1.9658E-01  1.4509E-02  3.9643E-01  1.0000E+00
 4.4142E+03  1.4453E-02  1.9511E-01  1.4511E-02  3.9347E-01  1.0000E+00
 4.4480E+03  1.4456E-02  1.9366E-01  1.4513E-02  3.9053E-01  1.0000E+00
 4.4821E+03  1.4458E-02  1.9221E-01  1.4515E-02  3.8761E-01  1.0000E+00
 4.5164E+03  1.4461E-02  1.9077E-01  1.4517E-02  3.8472E-01  1.0000E+00
 4.5510E+03  1.4463E-02  1.8935E-01  1.4519E-02  3.8184E-01  1.0000E+00
 4.5859E+03  1.4465E-02  1.8793E-01  1.4521E-02  3.7899E-01  1.0000E+00
 4.6210E+03  1.4468E-02  1.8653E-01  1.4522E-02  3.7616E-01  1.0000E+00
 4.6564E+03  1.4470E-02  1.8514E-01  1.4524E-02  3.7336E-01  1.0000E+00
 4.6920E+03  1.4472E-02  1.8375E-01  1.4526E-02  3.7057E-01  1.0000E+00
 4.7280E+03  1.4475E-02  1.8238E-01  1.4529E-02  3.6780E-01  1.0000E+00
 4.7642E+03  1.4477E-02  1.8102E-01  1.4531E-02  3.6506E-01  1.0000E+00
 4.8007E+03  1.4480E-02  1.7967E-01  1.4533E-02  3.6234E-01  1.0000E+00
 4.8374E+03  1.4482E-02  1.7833E-01  1.4535E-02  3.5964E-01  1.0000E+00
 4.8745E+03  1.4485E-02  1.7699E-01  1.4537E-02  3.5695E-01  1.0000E+00
 4.9118E+03  1.4487E-02  1.7567E-01  1.4539E-02  3.5429E-01  1.0000E+00
 4.9494E+03  1.4490E-02  1.7436E-01  1.4541E-02  3.5165E-01  1.0000E+00
 4.9873E+03  1.4492E-02  1.7306E-01  1.4543E-02  3.4903E-01  1.0000E+00
 5.0255E+03  1.4495E-02  1.7177E-01  1.4545E-02  3.4643E-01  1.0000E+00
 5.0640E+03  1.4497E-02  1.7049E-01  1.4547E-02  3.4385E-01  1.0000E+00
 5.1028E+03  1.4500E-02  1.6921E-01  1.4550E-02  3.4128E-01  1.0000E+00
 5.1419E+03  1.4503E-02  1.6795E-01  1.4552E-02  3.3874E-01  1.0000E+00
 5.1812E+03  1.4505E-02  1.6670E-01  1.4554E-02  3.3622E-01  1.0000E+00
 5.2209E+03  1.4508E-02  1.6546E-01  1.4556E-02  3.3371E-01  1.0000E+00
 5.2609E+03  1.4510E-02  1.6422E-01  1.4559E-02  3.3123E-01  1.0000E+00
 5.3012E+03  1.4513E-02  1.6300E-01  1.4561E-02  3.2876E-01  1.0000E+00
 5.3418E+03  1.4516E-02  1.6178E-01  1.4563E-02  3.2632E-01  1.0000E+00
 5.3827E+03  1.4518E-02  1.6057E-01  1.4565E-02  3.2389E-01  1.0000E+00
 5.4239E+03  1.4521E-02  1.5938E-01  1.4568E-02  3.2148E-01  1.0000E+00
 5.4655E+03  1.4524E-02  1.5819E-01  1.4570E-02  3.1908E-01  1.0000E+00
 5.5073E+03  1.4526E-02  1.5701E-01  1.4572E-02  3.1671E-01  1.0000E+00
 5.5495E+03  1.4529E-02  1.5584E-01  1.4575E-02  3.1436E-01  1.0000E+00
 5.5920E+03  1.4532E-02  1.5468E-01  1.4577E-02  3.1202E-01  1.0000E+00
 5.6348E+03  1.4535E-02  1.5352E-01  1.4580E-02  3.0970E-01  1.0000E+00
 5.6780E+03  1.4537E-02  1.5238E-01  1.4582E-02  3.0740E-01  1.0000E+00
 5.7215E+03  1.4540E-02  1.5124E-01  1.4585E-02  3.0511E-01  1.0000E+00
 5.7653E+03  1.4543E-02  1.5012E-01  1.4587E-02  3.0284E-01  1.0000E+00
 5.8094E+03  1.4546E-02  1.4900E-01  1.4590E-02  3.0059E-01  1.0000E+00
 5.8539E+03  1.4549E-02  1.4789E-01  1.4592E-02  2.9836E-01  1.0000E+00
 5.8988E+03  1.4551E-02  1.4679E-01  1.4595E-02  2.9614E-01  1.0000E+00
 5.9439E+03  1.4554E-02  1.4569E-01  1.4597E-02  2.9394E-01  1.0000E+00
 5.9895E+03  1.4557E-02  1.4461E-01  1.4600E-02  2.9176E-01  1.0000E+00
 6.0353E+03  1.4560E-02  1.4353E-01  1.4602E-02  2.8959E-01  1.0000E+00
 6.0815E+03  1.4563E-02  1.4246E-01  1.4605E-02  2.8745E-01  1.0000E+00
 6.1281E+03  1.4566E-02  1.4140E-01  1.4608E-02  2.8531E-01  1.0000E+00
 6.1751E+03  1.4569E-02  1.4035E-01  1.4610E-02  2.8320E-01  1.0000E+00
 6.2223E+03  1.4572E-02  1.3931E-01  1.4613E-02  2.8109E-01  1.0000E+00
 6.2700E+03  1.4575E-02  1.3827E-01  1.4616E-02  2.7901E-01  1.0000E+00
 6.3180E+03  1.4578E-02  1.3724E-01  1.4618E-02  2.7694E-01  1.0000E+00
 6.3664E+03  1.4581E-02  1.3622E-01  1.4621E-02  2.7489E-01  1.0000E+00
 6.4152E+03  1.4584E-02  1.3521E-01  1.4624E-02  2.7285E-01  1.0000E+00
 6.4643E+03  1.4587E-02  1.3420E-01  1.4627E-02  2.7083E-01  1.0000E+00
 6.5138E+03  1.4590E-02  1.3320E-01  1.4629E-02  2.6882E-01  1.0000E+00
 6.5637E+03  1.4593E-02  1.3221E-01  1.4632E-02  2.6683E-01  1.0000E+00
 6.6139E+03  1.4596E-02  1.3123E-01  1.4635E-02  2.6485E-01  1.0000E+00
 6.6646E+03  1.4600E-02  1.3025E-01  1.4638E-02  2.6289E-01  1.0000E+00
 6.7156E+03  1.4603E-02  1.2928E-01  1.4641E-02  2.6094E-01  1.0000E+00
 6.7671E+03  1.4606E-02  1.2832E-01  1.4644E-02  2.5901E-01  1.0000E+00
 6.8189E+03  1.4609E-02  1.2737E-01  1.4647E-02  2.5709E-01  1.0000E+00
 6.8711E+03  1.4612E-02  1.2642E-01  1.4650E-02  2.5519E-01  1.0000E+00
 6.9237E+03  1.4616E-02  1.2548E-01  1.4652E-02  2.5330E-01  1.0000E+00
 6.9768E+03  1.4619E-02  1.2455E-01  1.4655E-02  2.5143E-01  1.0000E+00
 7.0302E+03  1.4622E-02  1.2363E-01  1.4659E-02  2.4957E-01  1.0000E+00
 7.0840E+03  1.4626E-02  1.2271E-01  1.4662E-02  2.4773E-01  1.0000E+00
 7.1383E+03  1.4629E-02  1.2180E-01  1.4665E-02  2.4589E-01  1.0000E+00
 7.1929E+03  1.4632E-02  1.2089E-01  1.4668E-02  2.4408E-01  1.0000E+00
 7.2480E+03  1.4636E-02  1.2000E-01  1.4671E-02  2.4227E-01  1.0000E+00
 7.3035E+03  1.4639E-02  1.1910E-01  1.4674E-02  2.4048E-01  1.0000E+00
 7.3595E+03  1.4642E-02  1.1822E-01  1.4677E-02  2.3871E-01  1.0000E+00
 7.4158E+03  1.4646E-02  1.1734E-01  1.4680E-02  2.3695E-01  1.0000E+00
 7.4726E+03  1.4649E-02  1.1647E-01  1.4684E-02  2.3520E-01  1.0000E+00
 7.5299E+03  1.4653E-02  1.1561E-01  1.4687E-02  2.3346E-01  1.0000E+00
 7.5875E+03  1.4656E-02  1.1475E-01  1.4690E-02  2.3174E-01  1.0000E+00
 7.6456E+03  1.4660E-02  1.1390E-01  1.4693E-02  2.3003E-01  1.0000E+00
 7.7042E+03  1.4663E-02  1.1306E-01  1.4697E-02  2.2833E-01  1.0000E+00
 7.7632E+03  1.4667E-02  1.1222E-01  1.4700E-02  2.2665E-01  1.0000E+00
 7.8226E+03  1.4671E-02  1.1139E-01  1.4703E-02  2.2498E-01  1.0000E+00
 7.8825E+03  1.4674E-02  1.1056E-01  1.4707E-02  2.2332E-01  1.0000E+00
 7.9429E+03  1.4678E-02  1.0974E-01  1.4710E-02  2.2167E-01  1.0000E+00
 8.0037E+03  1.4682E-02  1.0893E-01  1.4714E-02  2.2004E-01  1.0000E+00
 8.0650E+03  1.4685E-02  1.0812E-01  1.4717E-02  2.1842E-01  1.0000E+00
 8.1268E+03  1.4689E-02  1.0732E-01  1.4721E-02  2.1681E-01  1.0000E+00
 8.1890E+03  1.4693E-02  1.0652E-01  1.4724E-02  2.1521E-01  1.0000E+00
 8.2518E+03  1.4697E-02  1.0574E-01  1.4728E-02  2.1363E-01  1.0000E+00
 8.3150E+03  1.4700E-02  1.0495E-01  1.4731E-02  2.1206E-01  1.0000E+00
 8.3786E+03  1.4704E-02  1.0418E-01  1.4735E-02  2.1050E-01  1.0000E+00
 8.4428E+03  1.4708E-02  1.0341E-01  1.4739E-02  2.0895E-01  1.0000E+00
 8.5075E+03  1.4712E-02  1.0264E-01  1.4742E-02  2.0741E-01  1.0000E+00
 8.5726E+03  1.4716E-02  1.0188E-01  1.4746E-02  2.0589E-01  1.0000E+00
 8.6383E+03  1.4720E-02  1.0113E-01  1.4750E-02  2.0437E-01  1.0000E+00
 8.7044E+03  1.4724E-02  1.0038E-01  1.4753E-02  2.0287E-01  1.0000E+00
 8.7711E+03  1.4728E-02  9.9637E-02  1.4757E-02  2.0138E-01  1.0000E+00
 8.8383E+03  1.4732E-02  9.8900E-02  1.4761E-02  1.9990E-01  1.0000E+00
 8.9059E+03  1.4736E-02  9.8169E-02  1.4765E-02  1.9844E-01  1.0000E+00
 8.9741E+03  1.4740E-02  9.7444E-02  1.4769E-02  1.9698E-01  1.0000E+00
 9.0429E+03  1.4744E-02  9.6724E-02  1.4773E-02  1.9553E-01  1.0000E+00
 9.1121E+03  1.4748E-02  9.6009E-02  1.4777E-02  1.9410E-01  1.0000E+00
 9.1819E+03  1.4753E-02  9.5300E-02  1.4781E-02  1.9268E-01  1.0000E+00
 9.2522E+03  1.4757E-02  9.4596E-02  1.4785E-02  1.9126E-01  1.0000E+00
 9.3231E+03  1.4761E-02  9.3898E-02  1.4789E-02  1.8986E-01  1.0000E+00
 9.3945E+03  1.4765E-02  9.3204E-02  1.4793E-02  1.8847E-01  1.0000E+00
 9.4664E+03  1.4770E-02  9.2516E-02  1.4797E-02  1.8709E-01  1.0000E+00
 9.5389E+03  1.4774E-02  9.1834E-02  1.4801E-02  1.8572E-01  1.0000E+00
 9.6120E+03  1.4778E-02  9.1156E-02  1.4805E-02  1.8436E-01  1.0000E+00
 9.6856E+03  1.4783E-02  9.0484E-02  1.4809E-02  1.8301E-01  1.0000E+00
 9.7598E+03  1.4787E-02  8.9816E-02  1.4813E-02  1.8167E-01  1.0000E+00
 9.8345E+03  1.4791E-02  8.9154E-02  1.4818E-02  1.8034E-01  1.0000E+00
 9.9098E+03  1.4796E-02  8.8497E-02  1.4822E-02  1.7902E-01  1.0000E+00
 9.9857E+03  1.4800E-02  8.7845E-02  1.4826E-02  1.7772E-01  1.0000E+00
 1.0062E+04  1.4805E-02  8.7197E-02  1.4831E-02  1.7642E-01  1.0000E+00
 1.0139E+04  1.4810E-02  8.6555E-02  1.4835E-02  1.7513E-01  1.0000E+00
 1.0217E+04  1.4814E-02  8.5917E-02  1.4839E-02  1.7385E-01  1.0000E+00
 1.0295E+04  1.4819E-02  8.5285E-02  1.4844E-02  1.7258E-01  1.0000E+00
 1.0374E+04  1.4823E-02  8.4657E-02  1.4848E-02  1.7132E-01  1.0000E+00
 1.0453E+04  1.4828E-02  8.4033E-02  1.4853E-02  1.7007E-01  1.0000E+00
 1.0533E+04  1.4833E-02  8.3415E-02  1.4857E-02  1.6883E-01  1.0000E+00
 1.0614E+04  1.4838E-02  8.2801E-02  1.4862E-02  1.6760E-01  1.0000E+00
 1.0695E+04  1.4843E-02  8.2192E-02  1.4867E-02  1.6637E-01  1.0000E+00
 1.0777E+04  1.4847E-02  8.1588E-02  1.4871E-02  1.6516E-01  1.0000E+00
 1.0860E+04  1.4852E-02  8.0988E-02  1.4876E-02  1.6396E-01  1.0000E+00
 1.0943E+04  1.4857E-02  8.0392E-02  1.4881E-02  1.6276E-01  1.0000E+00
 1.1027E+04  1.4862E-02  7.9801E-02  1.4886E-02  1.6158E-01  1.0000E+00
 1.1111E+04  1.4867E-02  7.9215E-02  1.4890E-02  1.6040E-01  1.0000E+00
 1.1196E+04  1.4872E-02  7.8633E-02  1.4895E-02  1.5924E-01  1.0000E+00
 1.1282E+04  1.4877E-02  7.8055E-02  1.4900E-02  1.5808E-01  1.0000E+00
 1.1369E+04  1.4882E-02  7.7482E-02  1.4905E-02  1.5693E-01  1.0000E+00
 1.1456E+04  1.4887E-02  7.6913E-02  1.4910E-02  1.5579E-01  1.0000E+00
 1.1543E+04  1.4893E-02  7.6349E-02  1.4915E-02  1.5466E-01  1.0000E+00
 1.1632E+04  1.4898E-02  7.5789E-02  1.4920E-02  1.5353E-01  1.0000E+00
 1.1721E+04  1.4903E-02  7.5233E-02  1.4925E-02  1.5242E-01  1.0000E+00
 1.1811E+04  1.4908E-02  7.4681E-02  1.4930E-02  1.5131E-01  1.0000E+00
 1.1901E+04  1.4914E-02  7.4133E-02  1.4935E-02  1.5021E-01  1.0000E+00
 1.1992E+04  1.4919E-02  7.3590E-02  1.4941E-02  1.4912E-01  1.0000E+00
 1.2084E+04  1.4924E-02  7.3051E-02  1.4946E-02  1.4804E-01  1.0000E+00
 1.2177E+04  1.4930E-02  7.2515E-02  1.4951E-02  1.4697E-01  1.0000E+00
 1.2270E+04  1.4935E-02  7.1984E-02  1.4957E-02  1.4590E-01  1.0000E+00
 1.2364E+04  1.4941E-02  7.1457E-02  1.4962E-02  1.4485E-01  1.0000E+00
 1.2458E+04  1.4946E-02  7.0934E-02  1.4967E-02  1.4380E-01  1.0000E+00
 1.2554E+04  1.4952E-02  7.0415E-02  1.4973E-02  1.4276E-01  1.0000E+00
 1.2650E+04  1.4958E-02  6.9899E-02  1.4978E-02  1.4172E-01  1.0000E+00
 1.2747E+04  1.4963E-02  6.9388E-02  1.4984E-02  1.4070E-01  1.0000E+00
 1.2845E+04  1.4969E-02  6.8881E-02  1.4989E-02  1.3968E-01  1.0000E+00
 1.2943E+04  1.4975E-02  6.8377E-02  1.4995E-02  1.3867E-01  1.0000E+00
 1.3042E+04  1.4981E-02  6.7877E-02  1.5001E-02  1.3767E-01  1.0000E+00
 1.3142E+04  1.4987E-02  6.7381E-02  1.5006E-02  1.3668E-01  1.0000E+00
 1.3243E+04  1.4993E-02  6.6889E-02  1.5012E-02  1.3569E-01  1.0000E+00
 1.3344E+04  1.4998E-02  6.6400E-02  1.5018E-02  1.3471E-01  1.0000E+00
 1.3446E+04  1.5004E-02  6.5916E-02  1.5024E-02  1.3374E-01  1.0000E+00
 1.3549E+04  1.5010E-02  6.5434E-02  1.5030E-02  1.3277E-01  1.0000E+00
 1.3653E+04  1.5017E-02  6.4957E-02  1.5036E-02  1.3182E-01  1.0000E+00
 1.3757E+04  1.5023E-02  6.4483E-02  1.5042E-02  1.3087E-01  1.0000E+00
 1.3863E+04  1.5029E-02  6.4013E-02  1.5048E-02  1.2992E-01  1.0000E+00
 1.3969E+04  1.5035E-02  6.3546E-02  1.5054E-02  1.2899E-01  1.0000E+00
 1.4076E+04  1.5041E-02  6.3083E-02  1.5060E-02  1.2806E-01  1.0000E+00
 1.4184E+04  1.5048E-02  6.2623E-02  1.5066E-02  1.2714E-01  1.0000E+00
 1.4292E+04  1.5054E-02  6.2167E-02  1.5072E-02  1.2623E-01  1.0000E+00
 1.4402E+04  1.5060E-02  6.1714E-02  1.5079E-02  1.2532E-01  1.0000E+00
 1.4512E+04  1.5067E-02  6.1265E-02  1.5085E-02  1.2442E-01  1.0000E+00
 1.4623E+04  1.5073E-02  6.0819E-02  1.5091E-02  1.2353E-01  1.0000E+00
 1.4735E+04  1.5080E-02  6.0377E-02  1.5098E-02  1.2264E-01  1.0000E+00
 1.4848E+04  1.5087E-02  5.9938E-02  1.5104E-02  1.2176E-01  1.0000E+00
 1.4962E+04  1.5093E-02  5.9502E-02  1.5111E-02  1.2089E-01  1.0000E+00
 1.5076E+04  1.5100E-02  5.9069E-02  1.5117E-02  1.2002E-01  1.0000E+00
 1.5192E+04  1.5107E-02  5.8640E-02  1.5124E-02  1.1916E-01  1.0000E+00
 1.5308E+04  1.5114E-02  5.8214E-02  1.5131E-02  1.1831E-01  1.0000E+00
 1.5425E+04  1.5120E-02  5.7791E-02  1.5137E-02  1.1746E-01  1.0000E+00
 1.5544E+04  1.5127E-02  5.7372E-02  1.5144E-02  1.1662E-01  1.0000E+00
 1.5663E+04  1.5134E-02  5.6955E-02  1.5151E-02  1.1579E-01  1.0000E+00
 1.5783E+04  1.5141E-02  5.6542E-02  1.5158E-02  1.1496E-01  1.0000E+00
 1.5903E+04  1.5148E-02  5.6132E-02  1.5165E-02  1.1414E-01  1.0000E+00
 1.6025E+04  1.5156E-02  5.5725E-02  1.5172E-02  1.1332E-01  1.0000E+00
 1.6148E+04  1.5163E-02  5.5321E-02  1.5179E-02  1.1251E-01  1.0000E+00
 1.6272E+04  1.5170E-02  5.4921E-02  1.5186E-02  1.1171E-01  1.0000E+00
 1.6396E+04  1.5177E-02  5.4523E-02  1.5193E-02  1.1091E-01  1.0000E+00
 1.6522E+04  1.5185E-02  5.4128E-02  1.5201E-02  1.1012E-01  1.0000E+00
 1.6648E+04  1.5192E-02  5.3737E-02  1.5208E-02  1.0934E-01  1.0000E+00
 1.6776E+04  1.5199E-02  5.3348E-02  1.5215E-02  1.0856E-01  1.0000E+00
 1.6904E+04  1.5207E-02  5.2962E-02  1.5223E-02  1.0779E-01  1.0000E+00
 1.7034E+04  1.5215E-02  5.2579E-02  1.5230E-02  1.0702E-01  1.0000E+00
 1.7164E+04  1.5222E-02  5.2199E-02  1.5238E-02  1.0626E-01  1.0000E+00
 1.7296E+04  1.5230E-02  5.1822E-02  1.5245E-02  1.0550E-01  1.0000E+00
 1.7428E+04  1.5238E-02  5.1448E-02  1.5253E-02  1.0475E-01  1.0000E+00
 1.7562E+04  1.5245E-02  5.1076E-02  1.5261E-02  1.0401E-01  1.0000E+00
 1.7696E+04  1.5253E-02  5.0708E-02  1.5268E-02  1.0327E-01  1.0000E+00
 1.7832E+04  1.5261E-02  5.0342E-02  1.5276E-02  1.0254E-01  1.0000E+00
 1.7968E+04  1.5269E-02  4.9979E-02  1.5284E-02  1.0181E-01  1.0000E+00
 1.8106E+04  1.5277E-02  4.9619E-02  1.5292E-02  1.0109E-01  1.0000E+00
 1.8244E+04  1.5285E-02  4.9261E-02  1.5300E-02  1.0038E-01  1.0000E+00
 1.8384E+04  1.5294E-02  4.8907E-02  1.5308E-02  9.9667E-02  1.0000E+00
 1.8525E+04  1.5302E-02  4.8554E-02  1.5316E-02  9.8962E-02  1.0000E+00
 1.8667E+04  1.5310E-02  4.8205E-02  1.5324E-02  9.8262E-02  1.0000E+00
 1.8810E+04  1.5319E-02  4.7858E-02  1.5333E-02  9.7568E-02  1.0000E+00
 1.8954E+04  1.5327E-02  4.7514E-02  1.5341E-02  9.6879E-02  1.0000E+00
 1.9099E+04  1.5336E-02  4.7173E-02  1.5349E-02  9.6196E-02  1.0000E+00
 1.9245E+04  1.5344E-02  4.6834E-02  1.5358E-02  9.5517E-02  1.0000E+00
 1.9393E+04  1.5353E-02  4.6497E-02  1.5367E-02  9.4844E-02  1.0000E+00
 1.9541E+04  1.5361E-02  4.6163E-02  1.5375E-02  9.4176E-02  1.0000E+00
 1.9691E+04  1.5370E-02  4.5832E-02  1.5384E-02  9.3513E-02  1.0000E+00
 1.9842E+04  1.5379E-02  4.5503E-02  1.5393E-02  9.2855E-02  1.0000E+00
 1.9994E+04  1.5388E-02  4.5177E-02  1.5401E-02  9.2202E-02  1.0000E+00
 2.0147E+04  1.5397E-02  4.4853E-02  1.5410E-02  9.1554E-02  1.0000E+00
 2.0301E+04  1.5406E-02  4.4532E-02  1.5419E-02  9.0911E-02  1.0000E+00
 2.0456E+04  1.5415E-02  4.4213E-02  1.5428E-02  9.0273E-02  1.0000E+00
 2.0613E+04  1.5424E-02  4.3897E-02  1.5437E-02  8.9640E-02  1.0000E+00
 2.0771E+04  1.5434E-02  4.3583E-02  1.5446E-02  8.9011E-02  1.0000E+00
 2.0930E+04  1.5443E-02  4.3271E-02  1.5456E-02  8.8387E-02  1.0000E+00
 2.1090E+04  1.5452E-02  4.2962E-02  1.5465E-02  8.7769E-02  1.0000E+00
 2.1252E+04  1.5462E-02  4.2655E-02  1.5474E-02  8.7154E-02  1.0000E+00
 2.1415E+04  1.5471E-02  4.2350E-02  1.5484E-02  8.6545E-02  1.0000E+00
 2.1579E+04  1.5481E-02  4.2048E-02  1.5493E-02  8.5940E-02  1.0000E+00
 2.1744E+04  1.5491E-02  4.1748E-02  1.5503E-02  8.5340E-02  1.0000E+00
 2.1910E+04  1.5500E-02  4.1450E-02  1.5513E-02  8.4744E-02  1.0000E+00
 2.2078E+04  1.5510E-02  4.1154E-02  1.5523E-02  8.4153E-02  1.0000E+00
 2.2247E+04  1.5520E-02  4.0861E-02  1.5532E-02  8.3567E-02  1.0000E+00
 2.2418E+04  1.5530E-02  4.0570E-02  1.5542E-02  8.2984E-02  1.0000E+00
 2.2589E+04  1.5540E-02  4.0281E-02  1.5552E-02  8.2407E-02  1.0000E+00
 2.2762E+04  1.5551E-02  3.9995E-02  1.5562E-02  8.1834E-02  1.0000E+00
 2.2937E+04  1.5561E-02  3.9710E-02  1.5573E-02  8.1265E-02  1.0000E+00
 2.3112E+04  1.5571E-02  3.9428E-02  1.5583E-02  8.0700E-02  1.0000E+00
 2.3289E+04  1.5581E-02  3.9148E-02  1.5593E-02  8.0140E-02  1.0000E+00
 2.3468E+04  1.5592E-02  3.8870E-02  1.5604E-02  7.9584E-02  1.0000E+00
 2.3647E+04  1.5603E-02  3.8594E-02  1.5614E-02  7.9032E-02  1.0000E+00
 2.3829E+04  1.5613E-02  3.8320E-02  1.5625E-02  7.8485E-02  1.0000E+00
 2.4011E+04  1.5624E-02  3.8049E-02  1.5635E-02  7.7941E-02  1.0000E+00
 2.4195E+04  1.5635E-02  3.7779E-02  1.5646E-02  7.7402E-02  1.0000E+00
 2.4380E+04  1.5646E-02  3.7511E-02  1.5657E-02  7.6867E-02  1.0000E+00
 2.4567E+04  1.5657E-02  3.7246E-02  1.5668E-02  7.6336E-02  1.0000E+00
 2.4755E+04  1.5668E-02  3.6982E-02  1.5679E-02  7.5809E-02  1.0000E+00
 2.4945E+04  1.5679E-02  3.6721E-02  1.5690E-02  7.5286E-02  1.0000E+00
 2.5136E+04  1.5690E-02  3.6461E-02  1.5701E-02  7.4767E-02  1.0000E+00
 2.5328E+04  1.5702E-02  3.6204E-02  1.5712E-02  7.4252E-02  1.0000E+00
 2.5522E+04  1.5713E-02  3.5948E-02  1.5724E-02  7.3741E-02  1.0000E+00
 2.5718E+04  1.5725E-02  3.5694E-02  1.5735E-02  7.3234E-02  1.0000E+00
 2.5915E+04  1.5736E-02  3.5442E-02  1.5747E-02  7.2731E-02  1.0000E+00
 2.6113E+04  1.5748E-02  3.5193E-02  1.5758E-02  7.2232E-02  1.0000E+00
 2.6313E+04  1.5760E-02  3.4945E-02  1.5770E-02  7.1736E-02  1.0000E+00
 2.6515E+04  1.5772E-02  3.4699E-02  1.5782E-02  7.1244E-02  1.0000E+00
 2.6718E+04  1.5784E-02  3.4454E-02  1.5794E-02  7.0756E-02  1.0000E+00
 2.6922E+04  1.5796E-02  3.4212E-02  1.5806E-02  7.0272E-02  1.0000E+00
 2.7128E+04  1.5808E-02  3.3972E-02  1.5818E-02  6.9791E-02  1.0000E+00
 2.7336E+04  1.5820E-02  3.3733E-02  1.5830E-02  6.9314E-02  1.0000E+00
 2.7545E+04  1.5833E-02  3.3496E-02  1.5843E-02  6.8841E-02  1.0000E+00
 2.7756E+04  1.5845E-02  3.3261E-02  1.5855E-02  6.8371E-02  1.0000E+00
 2.7969E+04  1.5858E-02  3.3028E-02  1.5867E-02  6.7905E-02  1.0000E+00
 2.8183E+04  1.5870E-02  3.2796E-02  1.5880E-02  6.7443E-02  1.0000E+00
 2.8399E+04  1.5883E-02  3.2566E-02  1.5893E-02  6.6984E-02  1.0000E+00
 2.8617E+04  1.5896E-02  3.2338E-02  1.5906E-02  6.6528E-02  1.0000E+00
 2.8836E+04  1.5909E-02  3.2112E-02  1.5919E-02  6.6076E-02  1.0000E+00
 2.9056E+04  1.5922E-02  3.1888E-02  1.5932E-02  6.5628E-02  1.0000E+00
 2.9279E+04  1.5935E-02  3.1665E-02  1.5945E-02  6.5183E-02  1.0000E+00
 2.9503E+04  1.5949E-02  3.1444E-02  1.5958E-02  6.4741E-02  1.0000E+00
 2.9729E+04  1.5962E-02  3.1224E-02  1.5971E-02  6.4303E-02  1.0000E+00
 2.9957E+04  1.5975E-02  3.1007E-02  1.5985E-02  6.3868E-02  1.0000E+00
 3.0186E+04  1.5989E-02  3.0790E-02  1.5998E-02  6.3436E-02  1.0000E+00
 3.0417E+04  1.6003E-02  3.0576E-02  1.6012E-02  6.3008E-02  1.0000E+00
 3.0650E+04  1.6017E-02  3.0363E-02  1.6026E-02  6.2583E-02  1.0000E+00
 3.0885E+04  1.6031E-02  3.0152E-02  1.6040E-02  6.2161E-02  1.0000E+00
 3.1122E+04  1.6045E-02  2.9942E-02  1.6054E-02  6.1742E-02  1.0000E+00
 3.1360E+04  1.6059E-02  2.9734E-02  1.6068E-02  6.1327E-02  1.0000E+00
 3.1600E+04  1.6073E-02  2.9528E-02  1.6082E-02  6.0915E-02  1.0000E+00
 3.1842E+04  1.6088E-02  2.9323E-02  1.6096E-02  6.0506E-02  1.0000E+00
 3.2086E+04  1.6102E-02  2.9119E-02  1.6111E-02  6.0100E-02  1.0000E+00
 3.2332E+04  1.6117E-02  2.8918E-02  1.6125E-02  5.9697E-02  1.0000E+00
 3.2579E+04  1.6131E-02  2.8717E-02  1.6140E-02  5.9297E-02  1.0000E+00
 3.2829E+04  1.6146E-02  2.8519E-02  1.6155E-02  5.8901E-02  1.0000E+00
 3.3080E+04  1.6161E-02  2.8322E-02  1.6170E-02  5.8507E-02  1.0000E+00
 3.3334E+04  1.6176E-02  2.8126E-02  1.6185E-02  5.8117E-02  1.0000E+00
 3.3589E+04  1.6192E-02  2.7932E-02  1.6200E-02  5.7729E-02  1.0000E+00
 3.3846E+04  1.6207E-02  2.7739E-02  1.6215E-02  5.7344E-02  1.0000E+00
 3.4105E+04  1.6223E-02  2.7548E-02  1.6231E-02  5.6963E-02  1.0000E+00
 3.4367E+04  1.6238E-02  2.7358E-02  1.6246E-02  5.6584E-02  1.0000E+00
 3.4630E+04  1.6254E-02  2.7169E-02  1.6262E-02  5.6208E-02  1.0000E+00
 3.4895E+04  1.6270E-02  2.6982E-02  1.6278E-02  5.5835E-02  1.0000E+00
 3.5162E+04  1.6286E-02  2.6797E-02  1.6294E-02  5.5465E-02  1.0000E+00
 3.5431E+04  1.6302E-02  2.6613E-02  1.6310E-02  5.5098E-02  1.0000E+00
 3.5703E+04  1.6318E-02  2.6430E-02  1.6326E-02  5.4733E-02  1.0000E+00
 3.5976E+04  1.6335E-02  2.6249E-02  1.6342E-02  5.4372E-02  1.0000E+00
 3.6252E+04  1.6351E-02  2.6069E-02  1.6359E-02  5.4013E-02  1.0000E+00
 3.6529E+04  1.6368E-02  2.5890E-02  1.6376E-02  5.3657E-02  1.0000E+00
 3.6809E+04  1.6385E-02  2.5713E-02  1.6392E-02  5.3303E-02  1.0000E+00
 3.7091E+04  1.6401E-02  2.5537E-02  1.6409E-02  5.2953E-02  1.0000E+00
 3.7375E+04  1.6419E-02  2.5363E-02  1.6426E-02  5.2605E-02  1.0000E+00
 3.7661E+04  1.6436E-02  2.5189E-02  1.6443E-02  5.2260E-02  1.0000E+00
 3.7950E+04  1.6453E-02  2.5018E-02  1.6461E-02  5.1917E-02  1.0000E+00
 3.8240E+04  1.6471E-02  2.4847E-02  1.6478E-02  5.1577E-02  1.0000E+00
 3.8533E+04  1.6488E-02  2.4678E-02  1.6496E-02  5.1240E-02  1.0000E+00
 3.8828E+04  1.6506E-02  2.4510E-02  1.6513E-02  5.0905E-02  1.0000E+00
 3.9126E+04  1.6524E-02  2.4343E-02  1.6531E-02  5.0572E-02  1.0000E+00
 3.9425E+04  1.6542E-02  2.4178E-02  1.6549E-02  5.0243E-02  1.0000E+00
 3.9727E+04  1.6560E-02  2.4013E-02  1.6567E-02  4.9916E-02  1.0000E+00
 4.0032E+04  1.6578E-02  2.3851E-02  1.6586E-02  4.9591E-02  1.0000E+00
 4.0338E+04  1.6597E-02  2.3689E-02  1.6604E-02  4.9269E-02  1.0000E+00
 4.0647E+04  1.6616E-02  2.3528E-02  1.6623E-02  4.8949E-02  1.0000E+00
 4.0958E+04  1.6634E-02  2.3369E-02  1.6642E-02  4.8632E-02  1.0000E+00
 4.1272E+04  1.6653E-02  2.3211E-02  1.6660E-02  4.8317E-02  1.0000E+00
 4.1588E+04  1.6673E-02  2.3054E-02  1.6680E-02  4.8005E-02  1.0000E+00
 4.1907E+04  1.6692E-02  2.2899E-02  1.6699E-02  4.7695E-02  1.0000E+00
 4.2228E+04  1.6711E-02  2.2744E-02  1.6718E-02  4.7388E-02  1.0000E+00
 4.2551E+04  1.6731E-02  2.2591E-02  1.6738E-02  4.7082E-02  1.0000E+00
 4.2877E+04  1.6751E-02  2.2439E-02  1.6757E-02  4.6780E-02  1.0000E+00
 4.3205E+04  1.6771E-02  2.2288E-02  1.6777E-02  4.6479E-02  1.0000E+00
 4.3536E+04  1.6791E-02  2.2138E-02  1.6797E-02  4.6181E-02  1.0000E+00
 4.3869E+04  1.6811E-02  2.1990E-02  1.6818E-02  4.5885E-02  1.0000E+00
 4.4205E+04  1.6831E-02  2.1842E-02  1.6838E-02  4.5592E-02  1.0000E+00
 4.4544E+04  1.6852E-02  2.1696E-02  1.6858E-02  4.5300E-02  1.0000E+00
 4.4885E+04  1.6873E-02  2.1550E-02  1.6879E-02  4.5011E-02  1.0000E+00
 4.5229E+04  1.6894E-02  2.1406E-02  1.6900E-02  4.4724E-02  1.0000E+00
 4.5575E+04  1.6915E-02  2.1263E-02  1.6921E-02  4.4440E-02  1.0000E+00
 4.5924E+04  1.6936E-02  2.1121E-02  1.6942E-02  4.4157E-02  1.0000E+00
 4.6276E+04  1.6957E-02  2.0980E-02  1.6964E-02  4.3877E-02  1.0000E+00
 4.6630E+04  1.6979E-02  2.0841E-02  1.6985E-02  4.3599E-02  1.0000E+00
 4.6987E+04  1.7001E-02  2.0702E-02  1.7007E-02  4.3323E-02  1.0000E+00
 4.7347E+04  1.7023E-02  2.0564E-02  1.7029E-02  4.3049E-02  1.0000E+00
 4.7710E+04  1.7045E-02  2.0427E-02  1.7051E-02  4.2778E-02  1.0000E+00
 4.8075E+04  1.7067E-02  2.0292E-02  1.7073E-02  4.2508E-02  1.0000E+00
 4.8443E+04  1.7090E-02  2.0157E-02  1.7096E-02  4.2241E-02  1.0000E+00
 4.8814E+04  1.7113E-02  2.0024E-02  1.7119E-02  4.1975E-02  1.0000E+00
 4.9188E+04  1.7135E-02  1.9891E-02  1.7141E-02  4.1712E-02  1.0000E+00
 4.9565E+04  1.7159E-02  1.9760E-02  1.7165E-02  4.1450E-02  1.0000E+00
 4.9945E+04  1.7182E-02  1.9629E-02  1.7188E-02  4.1191E-02  1.0000E+00
 5.0327E+04  1.7205E-02  1.9500E-02  1.7211E-02  4.0934E-02  1.0000E+00
 5.0713E+04  1.7229E-02  1.9371E-02  1.7235E-02  4.0679E-02  1.0000E+00
 5.1101E+04  1.7253E-02  1.9244E-02  1.7259E-02  4.0425E-02  1.0000E+00
 5.1492E+04  1.7277E-02  1.9117E-02  1.7283E-02  4.0174E-02  1.0000E+00
 5.1887E+04  1.7301E-02  1.8991E-02  1.7307E-02  3.9925E-02  1.0000E+00
 5.2284E+04  1.7326E-02  1.8867E-02  1.7331E-02  3.9677E-02  1.0000E+00
 5.2684E+04  1.7350E-02  1.8743E-02  1.7356E-02  3.9431E-02  1.0000E+00
 5.3088E+04  1.7375E-02  1.8620E-02  1.7381E-02  3.9188E-02  1.0000E+00
 5.3494E+04  1.7400E-02  1.8498E-02  1.7406E-02  3.8946E-02  1.0000E+00
 5.3904E+04  1.7426E-02  1.8378E-02  1.7431E-02  3.8706E-02  1.0000E+00
 5.4317E+04  1.7451E-02  1.8258E-02  1.7457E-02  3.8468E-02  1.0000E+00
 5.4733E+04  1.7477E-02  1.8139E-02  1.7482E-02  3.8232E-02  1.0000E+00
 5.5152E+04  1.7503E-02  1.8020E-02  1.7508E-02  3.7998E-02  1.0000E+00
 5.5574E+04  1.7529E-02  1.7903E-02  1.7535E-02  3.7765E-02  1.0000E+00
 5.6000E+04  1.7555E-02  1.7787E-02  1.7561E-02  3.7535E-02  1.0000E+00
 5.6429E+04  1.7582E-02  1.7671E-02  1.7587E-02  3.7306E-02  1.0000E+00
 5.6861E+04  1.7609E-02  1.7557E-02  1.7614E-02  3.7079E-02  1.0000E+00
 5.7297E+04  1.7636E-02  1.7443E-02  1.7641E-02  3.6853E-02  1.0000E+00
 5.7735E+04  1.7663E-02  1.7330E-02  1.7669E-02  3.6630E-02  1.0000E+00
 5.8177E+04  1.7691E-02  1.7218E-02  1.7696E-02  3.6408E-02  1.0000E+00
 5.8623E+04  1.7718E-02  1.7107E-02  1.7724E-02  3.6188E-02  1.0000E+00
 5.9072E+04  1.7746E-02  1.6997E-02  1.7752E-02  3.5969E-02  1.0000E+00
 5.9524E+04  1.7775E-02  1.6887E-02  1.7780E-02  3.5753E-02  1.0000E+00
 5.9980E+04  1.7803E-02  1.6779E-02  1.7808E-02  3.5538E-02  1.0000E+00
 6.0440E+04  1.7832E-02  1.6671E-02  1.7837E-02  3.5324E-02  1.0000E+00
 6.0902E+04  1.7861E-02  1.6564E-02  1.7866E-02  3.5113E-02  1.0000E+00
 6.1369E+04  1.7890E-02  1.6458E-02  1.7895E-02  3.4903E-02  1.0000E+00
 6.1839E+04  1.7919E-02  1.6353E-02  1.7924E-02  3.4694E-02  1.0000E+00
 6.2312E+04  1.7949E-02  1.6248E-02  1.7954E-02  3.4487E-02  1.0000E+00
 6.2790E+04  1.7979E-02  1.6145E-02  1.7984E-02  3.4282E-02  1.0000E+00
 6.3270E+04  1.8009E-02  1.6042E-02  1.8014E-02  3.4079E-02  1.0000E+00
 6.3755E+04  1.8040E-02  1.5940E-02  1.8045E-02  3.3877E-02  1.0000E+00
 6.4243E+04  1.8070E-02  1.5838E-02  1.8075E-02  3.3677E-02  1.0000E+00
 6.4735E+04  1.8101E-02  1.5738E-02  1.8106E-02  3.3478E-02  1.0000E+00
 6.5231E+04  1.8133E-02  1.5638E-02  1.8137E-02  3.3281E-02  1.0000E+00
 6.5731E+04  1.8164E-02  1.5539E-02  1.8169E-02  3.3085E-02  1.0000E+00
 6.6234E+04  1.8196E-02  1.5440E-02  1.8201E-02  3.2891E-02  1.0000E+00
 6.6741E+04  1.8228E-02  1.5343E-02  1.8233E-02  3.2698E-02  1.0000E+00
 6.7252E+04  1.8260E-02  1.5246E-02  1.8265E-02  3.2507E-02  1.0000E+00
 6.7767E+04  1.8293E-02  1.5150E-02  1.8297E-02  3.2318E-02  1.0000E+00
 6.8286E+04  1.8326E-02  1.5055E-02  1.8330E-02  3.2130E-02  1.0000E+00
 6.8809E+04  1.8359E-02  1.4960E-02  1.8363E-02  3.1943E-02  1.0000E+00
 6.9336E+04  1.8392E-02  1.4866E-02  1.8397E-02  3.1758E-02  1.0000E+00
 6.9867E+04  1.8426E-02  1.4773E-02  1.8430E-02  3.1574E-02  1.0000E+00
 7.0402E+04  1.8460E-02  1.4681E-02  1.8464E-02  3.1392E-02  1.0000E+00
 7.0942E+04  1.8494E-02  1.4589E-02  1.8499E-02  3.1211E-02  1.0000E+00
 7.1485E+04  1.8529E-02  1.4498E-02  1.8533E-02  3.1032E-02  1.0000E+00
 7.2032E+04  1.8564E-02  1.4408E-02  1.8568E-02  3.0854E-02  1.0000E+00
 7.2584E+04  1.8599E-02  1.4318E-02  1.8603E-02  3.0677E-02  1.0000E+00
 7.3140E+04  1.8634E-02  1.4229E-02  1.8639E-02  3.0502E-02  1.0000E+00
 7.3700E+04  1.8670E-02  1.4141E-02  1.8674E-02  3.0329E-02  1.0000E+00
 7.4264E+04  1.8706E-02  1.4053E-02  1.8710E-02  3.0156E-02  1.0000E+00
 7.4833E+04  1.8742E-02  1.3966E-02  1.8747E-02  2.9985E-02  1.0000E+00
 7.5406E+04  1.8779E-02  1.3880E-02  1.8784E-02  2.9816E-02  1.0000E+00
 7.5984E+04  1.8816E-02  1.3795E-02  1.8821E-02  2.9647E-02  1.0000E+00
 7.6566E+04  1.8854E-02  1.3710E-02  1.8858E-02  2.9480E-02  1.0000E+00
 7.7152E+04  1.8891E-02  1.3625E-02  1.8896E-02  2.9315E-02  1.0000E+00
 7.7743E+04  1.8929E-02  1.3542E-02  1.8934E-02  2.9150E-02  1.0000E+00
 7.8338E+04  1.8968E-02  1.3459E-02  1.8972E-02  2.8987E-02  1.0000E+00
 7.8938E+04  1.9006E-02  1.3376E-02  1.9010E-02  2.8826E-02  1.0000E+00
 7.9543E+04  1.9045E-02  1.3295E-02  1.9049E-02  2.8665E-02  1.0000E+00
 8.0152E+04  1.9085E-02  1.3214E-02  1.9089E-02  2.8506E-02  1.0000E+00
 8.0766E+04  1.9124E-02  1.3133E-02  1.9128E-02  2.8348E-02  1.0000E+00
 8.1384E+04  1.9164E-02  1.3053E-02  1.9168E-02  2.8192E-02  1.0000E+00
 8.2008E+04  1.9205E-02  1.2974E-02  1.9209E-02  2.8036E-02  1.0000E+00
 8.2636E+04  1.9245E-02  1.2895E-02  1.9250E-02  2.7882E-02  1.0000E+00
 8.3268E+04  1.9287E-02  1.2817E-02  1.9291E-02  2.7729E-02  1.0000E+00
 8.3906E+04  1.9328E-02  1.2740E-02  1.9332E-02  2.7578E-02  1.0000E+00
 8.4549E+04  1.9370E-02  1.2663E-02  1.9374E-02  2.7427E-02  1.0000E+00
 8.5196E+04  1.9412E-02  1.2587E-02  1.9416E-02  2.7278E-02  1.0000E+00
 8.5849E+04  1.9455E-02  1.2511E-02  1.9458E-02  2.7130E-02  1.0000E+00
 8.6506E+04  1.9497E-02  1.2436E-02  1.9501E-02  2.6983E-02  1.0000E+00
 8.7169E+04  1.9541E-02  1.2362E-02  1.9545E-02  2.6837E-02  1.0000E+00
 8.7836E+04  1.9584E-02  1.2288E-02  1.9588E-02  2.6693E-02  1.0000E+00
 8.8509E+04  1.9628E-02  1.2214E-02  1.9632E-02  2.6550E-02  1.0000E+00
 8.9187E+04  1.9673E-02  1.2142E-02  1.9677E-02  2.6407E-02  1.0000E+00
 8.9870E+04  1.9718E-02  1.2069E-02  1.9722E-02  2.6266E-02  1.0000E+00
 9.0558E+04  1.9763E-02  1.1998E-02  1.9767E-02  2.6126E-02  1.0000E+00
 9.1252E+04  1.9809E-02  1.1927E-02  1.9812E-02  2.5988E-02  1.0000E+00
 9.1950E+04  1.9855E-02  1.1856E-02  1.9858E-02  2.5850E-02  1.0000E+00
 9.2655E+04  1.9901E-02  1.1786E-02  1.9905E-02  2.5714E-02  1.0000E+00
 9.3364E+04  1.9948E-02  1.1716E-02  1.9952E-02  2.5578E-02  1.0000E+00
 9.4079E+04  1.9995E-02  1.1647E-02  1.9999E-02  2.5444E-02  1.0000E+00
 9.4800E+04  2.0043E-02  1.1579E-02  2.0046E-02  2.5311E-02  1.0000E+00
 9.5526E+04  2.0091E-02  1.1511E-02  2.0095E-02  2.5179E-02  1.0000E+00
 9.6257E+04  2.0139E-02  1.1444E-02  2.0143E-02  2.5048E-02  1.0000E+00
 9.6994E+04  2.0188E-02  1.1377E-02  2.0192E-02  2.4918E-02  1.0000E+00
 9.7737E+04  2.0238E-02  1.1310E-02  2.0241E-02  2.4789E-02  1.0000E+00
 9.8486E+04  2.0288E-02  1.1245E-02  2.0291E-02  2.4661E-02  1.0000E+00
 9.9240E+04  2.0338E-02  1.1179E-02  2.0341E-02  2.4534E-02  1.0000E+00
 1.0000E+05  2.0389E-02  1.1114E-02  2.0392E-02  2.4408E-02  1.0000E+00


