#     0	 1	   17	 3	 1.1582E+02	 1000	1
 4.8978E+01  0.0000E+00  0.0000E+00  0.0000E+00  0.0000E+00  0.0000E+00
 4.9353E+01  0.0000E+00  0.0000E+00  0.0000E+00  0.0000E+00  0.0000E+00
 4.9731E+01  0.0000E+00  0.0000E+00  0.0000E+00  0.0000E+00  0.0000E+00
 5.0112E+01  0.0000E+00  0.0000E+00  0.0000E+00  0.0000E+00  0.0000E+00
 5.0496E+01  0.0000E+00  0.0000E+00  0.0000E+00  0.0000E+00  0.0000E+00
 5.0882E+01  0.0000E+00  0.0000E+00  0.0000E+00  0.0000E+00  0.0000E+00
 5.1272E+01  0.0000E+00  0.0000E+00  0.0000E+00  0.0000E+00  0.0000E+00
 5.1665E+01  0.0000E+00  0.0000E+00  0.0000E+00  0.0000E+00  0.0000E+00
 5.2060E+01  0.0000E+00  0.0000E+00  0.0000E+00  0.0000E+00  0.0000E+00
 5.2459E+01  0.0000E+00  0.0000E+00  0.0000E+00  0.0000E+00  0.0000E+00
 5.2861E+01  0.0000E+00  0.0000E+00  0.0000E+00  0.0000E+00  0.0000E+00
 5.3266E+01  0.0000E+00  0.0000E+00  0.0000E+00  0.0000E+00  0.0000E+00
 5.3673E+01  0.0000E+00  0.0000E+00  0.0000E+00  0.0000E+00  0.0000E+00
 5.4085E+01  0.0000E+00  0.0000E+00  0.0000E+00  0.0000E+00  0.0000E+00
 5.4499E+01  0.0000E+00  0.0000E+00  0.0000E+00  0.0000E+00  0.0000E+00
 5.4916E+01  0.0000E+00  0.0000E+00  0.0000E+00  0.0000E+00  0.0000E+00
 5.5337E+01  0.0000E+00  0.0000E+00  0.0000E+00  0.0000E+00  0.0000E+00
 5.5760E+01  0.0000E+00  0.0000E+00  0.0000E+00  0.0000E+00  0.0000E+00
 5.6187E+01  0.0000E+00  0.0000E+00  0.0000E+00  0.0000E+00  0.0000E+00
 5.6618E+01  0.0000E+00  0.0000E+00  0.0000E+00  0.0000E+00  0.0000E+00
 5.7051E+01  0.0000E+00  0.0000E+00  0.0000E+00  0.0000E+00  0.0000E+00
 5.7488E+01  0.0000E+00  0.0000E+00  0.0000E+00  0.0000E+00  0.0000E+00
 5.7929E+01  0.0000E+00  0.0000E+00  0.0000E+00  0.0000E+00  0.0000E+00
 5.8372E+01  0.0000E+00  0.0000E+00  0.0000E+00  0.0000E+00  0.0000E+00
 5.8819E+01  0.0000E+00  0.0000E+00  0.0000E+00  0.0000E+00  0.0000E+00
 5.9270E+01  0.0000E+00  0.0000E+00  0.0000E+00  0.0000E+00  0.0000E+00
 5.9724E+01  0.0000E+00  0.0000E+00  0.0000E+00  0.0000E+00  0.0000E+00
 6.0181E+01  0.0000E+00  0.0000E+00  0.0000E+00  0.0000E+00  0.0000E+00
 6.0642E+01  0.0000E+00  0.0000E+00  0.0000E+00  0.0000E+00  0.0000E+00
 6.1106E+01  0.0000E+00  0.0000E+00  0.0000E+00  0.0000E+00  0.0000E+00
 6.1574E+01  0.0000E+00  0.0000E+00  0.0000E+00  0.0000E+00  0.0000E+00
 6.2046E+01  0.0000E+00  0.0000E+00  0.0000E+00  0.0000E+00  0.0000E+00
 6.2521E+01  0.0000E+00  0.0000E+00  0.0000E+00  0.0000E+00  0.0000E+00
 6.3000E+01  0.0000E+00  0.0000E+00  0.0000E+00  0.0000E+00  0.0000E+00
 6.3482E+01  0.0000E+00  0.0000E+00  0.0000E+00  0.0000E+00  0.0000E+00
 6.3968E+01  0.0000E+00  0.0000E+00  0.0000E+00  0.0000E+00  0.0000E+00
 6.4458E+01  0.0000E+00  0.0000E+00  0.0000E+00  0.0000E+00  0.0000E+00
 6.4952E+01  0.0000E+00  0.0000E+00  0.0000E+00  0.0000E+00  0.0000E+00
 6.5449E+01  0.0000E+00  0.0000E+00  0.0000E+00  0.0000E+00  0.0000E+00
 6.5951E+01  0.0000E+00  0.0000E+00  0.0000E+00  0.0000E+00  0.0000E+00
 6.6456E+01  0.0000E+00  0.0000E+00  0.0000E+00  0.0000E+00  0.0000E+00
 6.6965E+01  0.0000E+00  0.0000E+00  0.0000E+00  0.0000E+00  0.0000E+00
 6.7478E+01  0.0000E+00  0.0000E+00  0.0000E+00  0.0000E+00  0.0000E+00
 6.7994E+01  0.0000E+00  0.0000E+00  0.0000E+00  0.0000E+00  0.0000E+00
 6.8515E+01  0.0000E+00  0.0000E+00  0.0000E+00  0.0000E+00  0.0000E+00
 6.9040E+01  0.0000E+00  0.0000E+00  0.0000E+00  0.0000E+00  0.0000E+00
 6.9568E+01  0.0000E+00  0.0000E+00  0.0000E+00  0.0000E+00  0.0000E+00
 7.0101E+01  0.0000E+00  0.0000E+00  0.0000E+00  0.0000E+00  0.0000E+00
 7.0638E+01  0.0000E+00  0.0000E+00  0.0000E+00  0.0000E+00  0.0000E+00
 7.1179E+01  0.0000E+00  0.0000E+00  0.0000E+00  0.0000E+00  0.0000E+00
 7.1724E+01  0.0000E+00  0.0000E+00  0.0000E+00  0.0000E+00  0.0000E+00
 7.2273E+01  0.0000E+00  0.0000E+00  0.0000E+00  0.0000E+00  0.0000E+00
 7.2827E+01  0.0000E+00  0.0000E+00  0.0000E+00  0.0000E+00  0.0000E+00
 7.3385E+01  0.0000E+00  0.0000E+00  0.0000E+00  0.0000E+00  0.0000E+00
 7.3947E+01  0.0000E+00  0.0000E+00  0.0000E+00  0.0000E+00  0.0000E+00
 7.4513E+01  0.0000E+00  0.0000E+00  0.0000E+00  0.0000E+00  0.0000E+00
 7.5084E+01  0.0000E+00  0.0000E+00  0.0000E+00  0.0000E+00  0.0000E+00
 7.5659E+01  0.0000E+00  0.0000E+00  0.0000E+00  0.0000E+00  0.0000E+00
 7.6238E+01  0.0000E+00  0.0000E+00  0.0000E+00  0.0000E+00  0.0000E+00
 7.6822E+01  0.0000E+00  0.0000E+00  0.0000E+00  0.0000E+00  0.0000E+00
 7.7410E+01  0.0000E+00  0.0000E+00  0.0000E+00  0.0000E+00  0.0000E+00
 7.8003E+01  0.0000E+00  0.0000E+00  0.0000E+00  0.0000E+00  0.0000E+00
 7.8601E+01  0.0000E+00  0.0000E+00  0.0000E+00  0.0000E+00  0.0000E+00
 7.9202E+01  0.0000E+00  0.0000E+00  0.0000E+00  0.0000E+00  0.0000E+00
 7.9809E+01  0.0000E+00  0.0000E+00  0.0000E+00  0.0000E+00  0.0000E+00
 8.0420E+01  0.0000E+00  0.0000E+00  0.0000E+00  0.0000E+00  0.0000E+00
 8.1036E+01  0.0000E+00  0.0000E+00  0.0000E+00  0.0000E+00  0.0000E+00
 8.1657E+01  0.0000E+00  0.0000E+00  0.0000E+00  0.0000E+00  0.0000E+00
 8.2282E+01  0.0000E+00  0.0000E+00  0.0000E+00  0.0000E+00  0.0000E+00
 8.2912E+01  0.0000E+00  0.0000E+00  0.0000E+00  0.0000E+00  0.0000E+00
 8.3547E+01  0.0000E+00  0.0000E+00  0.0000E+00  0.0000E+00  0.0000E+00
 8.4187E+01  0.0000E+00  0.0000E+00  0.0000E+00  0.0000E+00  0.0000E+00
 8.4832E+01  0.0000E+00  0.0000E+00  0.0000E+00  0.0000E+00  0.0000E+00
 8.5481E+01  0.0000E+00  0.0000E+00  0.0000E+00  0.0000E+00  0.0000E+00
 8.6136E+01  0.0000E+00  0.0000E+00  0.0000E+00  0.0000E+00  0.0000E+00
 8.6796E+01  0.0000E+00  0.0000E+00  0.0000E+00  0.0000E+00  0.0000E+00
 8.7460E+01  0.0000E+00  0.0000E+00  0.0000E+00  0.0000E+00  0.0000E+00
 8.8130E+01  0.0000E+00  0.0000E+00  0.0000E+00  0.0000E+00  0.0000E+00
 8.8805E+01  0.0000E+00  0.0000E+00  0.0000E+00  0.0000E+00  0.0000E+00
 8.9485E+01  0.0000E+00  0.0000E+00  0.0000E+00  0.0000E+00  0.0000E+00
 9.0171E+01  0.0000E+00  0.0000E+00  0.0000E+00  0.0000E+00  0.0000E+00
 9.0861E+01  0.0000E+00  0.0000E+00  0.0000E+00  0.0000E+00  0.0000E+00
 9.1557E+01  0.0000E+00  0.0000E+00  0.0000E+00  0.0000E+00  0.0000E+00
 9.2258E+01  0.0000E+00  0.0000E+00  0.0000E+00  0.0000E+00  0.0000E+00
 9.2965E+01  0.0000E+00  0.0000E+00  0.0000E+00  0.0000E+00  0.0000E+00
 9.3677E+01  0.0000E+00  0.0000E+00  0.0000E+00  0.0000E+00  0.0000E+00
 9.4394E+01  0.0000E+00  0.0000E+00  0.0000E+00  0.0000E+00  0.0000E+00
 9.5117E+01  0.0000E+00  0.0000E+00  0.0000E+00  0.0000E+00  0.0000E+00
 9.5845E+01  0.0000E+00  0.0000E+00  0.0000E+00  0.0000E+00  0.0000E+00
 9.6579E+01  0.0000E+00  0.0000E+00  0.0000E+00  0.0000E+00  0.0000E+00
 9.7319E+01  0.0000E+00  0.0000E+00  0.0000E+00  0.0000E+00  0.0000E+00
 9.8064E+01  0.0000E+00  0.0000E+00  0.0000E+00  0.0000E+00  0.0000E+00
 9.8815E+01  0.0000E+00  0.0000E+00  0.0000E+00  0.0000E+00  0.0000E+00
 9.9572E+01  0.0000E+00  0.0000E+00  0.0000E+00  0.0000E+00  0.0000E+00
 1.0033E+02  0.0000E+00  0.0000E+00  0.0000E+00  0.0000E+00  0.0000E+00
 1.0110E+02  0.0000E+00  0.0000E+00  0.0000E+00  0.0000E+00  0.0000E+00
 1.0188E+02  0.0000E+00  0.0000E+00  0.0000E+00  0.0000E+00  0.0000E+00
 1.0266E+02  0.0000E+00  0.0000E+00  0.0000E+00  0.0000E+00  0.0000E+00
 1.0344E+02  0.0000E+00  0.0000E+00  0.0000E+00  0.0000E+00  0.0000E+00
 1.0424E+02  0.0000E+00  0.0000E+00  0.0000E+00  0.0000E+00  0.0000E+00
 1.0503E+02  0.0000E+00  0.0000E+00  0.0000E+00  0.0000E+00  0.0000E+00
 1.0584E+02  0.0000E+00  0.0000E+00  0.0000E+00  0.0000E+00  0.0000E+00
 1.0665E+02  0.0000E+00  0.0000E+00  0.0000E+00  0.0000E+00  0.0000E+00
 1.0747E+02  0.0000E+00  0.0000E+00  0.0000E+00  0.0000E+00  0.0000E+00
 1.0829E+02  0.0000E+00  0.0000E+00  0.0000E+00  0.0000E+00  0.0000E+00
 1.0912E+02  0.0000E+00  0.0000E+00  0.0000E+00  0.0000E+00  0.0000E+00
 1.0995E+02  0.0000E+00  0.0000E+00  0.0000E+00  0.0000E+00  0.0000E+00
 1.1080E+02  0.0000E+00  0.0000E+00  0.0000E+00  0.0000E+00  0.0000E+00
 1.1164E+02  0.0000E+00  0.0000E+00  0.0000E+00  0.0000E+00  0.0000E+00
 1.1250E+02  0.0000E+00  0.0000E+00  0.0000E+00  0.0000E+00  0.0000E+00
 1.1336E+02  0.0000E+00  0.0000E+00  0.0000E+00  0.0000E+00  0.0000E+00
 1.1423E+02  0.0000E+00  0.0000E+00  0.0000E+00  0.0000E+00  0.0000E+00
 1.1510E+02  0.0000E+00  0.0000E+00  0.0000E+00  0.0000E+00  0.0000E+00
 1.1599E+02  5.0233E-03  2.5917E+00 -1.2862E-02 -1.3272E+01  1.0000E+00
 1.1687E+02  5.0131E-03  2.5667E+00 -1.2756E-02 -1.3063E+01  1.0000E+00
 1.1777E+02  5.0029E-03  2.5420E+00 -1.2651E-02 -1.2857E+01  1.0000E+00
 1.1867E+02  4.9927E-03  2.5176E+00 -1.2545E-02 -1.2653E+01  1.0000E+00
 1.1958E+02  4.9826E-03  2.4934E+00 -1.2440E-02 -1.2451E+01  1.0000E+00
 1.2050E+02  4.9725E-03  2.4694E+00 -1.2335E-02 -1.2252E+01  1.0000E+00
 1.2142E+02  4.9626E-03  2.4458E+00 -1.2229E-02 -1.2055E+01  1.0000E+00
 1.2235E+02  4.9534E-03  2.4227E+00 -1.2124E-02 -1.1860E+01  1.0000E+00
 1.2329E+02  4.9449E-03  2.4001E+00 -1.2019E-02 -1.1668E+01  1.0000E+00
 1.2423E+02  4.9370E-03  2.3781E+00 -1.1913E-02 -1.1478E+01  1.0000E+00
 1.2518E+02  4.9298E-03  2.3566E+00 -1.1808E-02 -1.1290E+01  1.0000E+00
 1.2614E+02  4.9233E-03  2.3356E+00 -1.1702E-02 -1.1104E+01  1.0000E+00
 1.2711E+02  4.9174E-03  2.3150E+00 -1.1597E-02 -1.0920E+01  1.0000E+00
 1.2808E+02  4.9121E-03  2.2950E+00 -1.1492E-02 -1.0739E+01  1.0000E+00
 1.2906E+02  4.9075E-03  2.2754E+00 -1.1386E-02 -1.0559E+01  1.0000E+00
 1.3005E+02  4.9034E-03  2.2562E+00 -1.1281E-02 -1.0382E+01  1.0000E+00
 1.3104E+02  4.9000E-03  2.2375E+00 -1.1176E-02 -1.0207E+01  1.0000E+00
 1.3205E+02  4.8971E-03  2.2192E+00 -1.1070E-02 -1.0034E+01  1.0000E+00
 1.3306E+02  4.8949E-03  2.2013E+00 -1.0965E-02 -9.8630E+00  1.0000E+00
 1.3408E+02  4.8932E-03  2.1839E+00 -1.0860E-02 -9.6939E+00  1.0000E+00
 1.3510E+02  4.8921E-03  2.1668E+00 -1.0754E-02 -9.5269E+00  1.0000E+00
 1.3614E+02  4.8916E-03  2.1501E+00 -1.0649E-02 -9.3619E+00  1.0000E+00
 1.3718E+02  4.8917E-03  2.1337E+00 -1.0543E-02 -9.1988E+00  1.0000E+00
 1.3823E+02  4.8923E-03  2.1178E+00 -1.0438E-02 -9.0377E+00  1.0000E+00
 1.3929E+02  4.8934E-03  2.1022E+00 -1.0333E-02 -8.8784E+00  1.0000E+00
 1.4036E+02  4.8951E-03  2.0869E+00 -1.0227E-02 -8.7211E+00  1.0000E+00
 1.4143E+02  4.8974E-03  2.0720E+00 -1.0122E-02 -8.5656E+00  1.0000E+00
 1.4252E+02  4.9001E-03  2.0574E+00 -1.0017E-02 -8.4121E+00  1.0000E+00
 1.4361E+02  4.9035E-03  2.0432E+00 -9.9111E-03 -8.2603E+00  1.0000E+00
 1.4471E+02  4.9073E-03  2.0292E+00 -9.8058E-03 -8.1104E+00  1.0000E+00
 1.4582E+02  4.9117E-03  2.0156E+00 -9.7004E-03 -7.9622E+00  1.0000E+00
 1.4693E+02  4.9166E-03  2.0023E+00 -9.5950E-03 -7.8159E+00  1.0000E+00
 1.4806E+02  4.9220E-03  1.9892E+00 -9.4896E-03 -7.6713E+00  1.0000E+00
 1.4919E+02  4.9279E-03  1.9765E+00 -9.3843E-03 -7.5285E+00  1.0000E+00
 1.5033E+02  4.9343E-03  1.9640E+00 -9.2789E-03 -7.3874E+00  1.0000E+00
 1.5149E+02  4.9412E-03  1.9518E+00 -9.1735E-03 -7.2480E+00  1.0000E+00
 1.5265E+02  4.9486E-03  1.9399E+00 -9.0681E-03 -7.1102E+00  1.0000E+00
 1.5381E+02  4.9566E-03  1.9282E+00 -8.9628E-03 -6.9742E+00  1.0000E+00
 1.5499E+02  4.9650E-03  1.9168E+00 -8.8574E-03 -6.8398E+00  1.0000E+00
 1.5618E+02  4.9739E-03  1.9057E+00 -8.7520E-03 -6.7071E+00  1.0000E+00
 1.5738E+02  4.9833E-03  1.8948E+00 -8.6466E-03 -6.5760E+00  1.0000E+00
 1.5858E+02  4.9932E-03  1.8841E+00 -8.5412E-03 -6.4465E+00  1.0000E+00
 1.5980E+02  5.0035E-03  1.8736E+00 -8.4359E-03 -6.3185E+00  1.0000E+00
 1.6102E+02  5.0144E-03  1.8634E+00 -8.3305E-03 -6.1922E+00  1.0000E+00
 1.6225E+02  5.0257E-03  1.8535E+00 -8.2251E-03 -6.0674E+00  1.0000E+00
 1.6349E+02  5.0375E-03  1.8437E+00 -8.1197E-03 -5.9441E+00  1.0000E+00
 1.6475E+02  5.0498E-03  1.8341E+00 -8.0143E-03 -5.8224E+00  1.0000E+00
 1.6601E+02  5.0626E-03  1.8248E+00 -7.9090E-03 -5.7022E+00  1.0000E+00
 1.6728E+02  5.0758E-03  1.8157E+00 -7.8036E-03 -5.5834E+00  1.0000E+00
 1.6856E+02  5.0895E-03  1.8067E+00 -7.6982E-03 -5.4662E+00  1.0000E+00
 1.6985E+02  5.1037E-03  1.7980E+00 -7.5928E-03 -5.3504E+00  1.0000E+00
 1.7115E+02  5.1183E-03  1.7894E+00 -7.4874E-03 -5.2360E+00  1.0000E+00
 1.7246E+02  5.1335E-03  1.7811E+00 -7.3821E-03 -5.1231E+00  1.0000E+00
 1.7378E+02  5.1490E-03  1.7729E+00 -7.2767E-03 -5.0116E+00  1.0000E+00
 1.7511E+02  5.1651E-03  1.7649E+00 -7.1713E-03 -4.9015E+00  1.0000E+00
 1.7646E+02  5.1816E-03  1.7571E+00 -7.0659E-03 -4.7927E+00  1.0000E+00
 1.7781E+02  5.1986E-03  1.7495E+00 -6.9605E-03 -4.6854E+00  1.0000E+00
 1.7917E+02  5.2160E-03  1.7420E+00 -6.8551E-03 -4.5794E+00  1.0000E+00
 1.8054E+02  5.2339E-03  1.7347E+00 -6.7497E-03 -4.4747E+00  1.0000E+00
 1.8192E+02  5.2523E-03  1.7275E+00 -6.6444E-03 -4.3714E+00  1.0000E+00
 1.8332E+02  5.2712E-03  1.7206E+00 -6.5390E-03 -4.2693E+00  1.0000E+00
 1.8472E+02  5.2905E-03  1.7137E+00 -6.4336E-03 -4.1686E+00  1.0000E+00
 1.8614E+02  5.3102E-03  1.7070E+00 -6.3282E-03 -4.0691E+00  1.0000E+00
 1.8756E+02  5.3303E-03  1.7005E+00 -6.2228E-03 -3.9710E+00  1.0000E+00
 1.8900E+02  5.3508E-03  1.6941E+00 -6.1174E-03 -3.8741E+00  1.0000E+00
 1.9045E+02  5.3717E-03  1.6877E+00 -6.0120E-03 -3.7784E+00  1.0000E+00
 1.9190E+02  5.3931E-03  1.6816E+00 -5.9067E-03 -3.6839E+00  1.0000E+00
 1.9337E+02  5.4148E-03  1.6755E+00 -5.8013E-03 -3.5907E+00  1.0000E+00
 1.9485E+02  5.4369E-03  1.6696E+00 -5.6959E-03 -3.4987E+00  1.0000E+00
 1.9635E+02  5.4594E-03  1.6637E+00 -5.5905E-03 -3.4078E+00  1.0000E+00
 1.9785E+02  5.4823E-03  1.6580E+00 -5.4851E-03 -3.3182E+00  1.0000E+00
 1.9937E+02  5.5057E-03  1.6524E+00 -5.3797E-03 -3.2297E+00  1.0000E+00
 2.0089E+02  5.5294E-03  1.6469E+00 -5.2743E-03 -3.1424E+00  1.0000E+00
 2.0243E+02  5.5536E-03  1.6416E+00 -5.1689E-03 -3.0562E+00  1.0000E+00
 2.0398E+02  5.5782E-03  1.6363E+00 -5.0635E-03 -2.9711E+00  1.0000E+00
 2.0554E+02  5.6032E-03  1.6311E+00 -4.9581E-03 -2.8871E+00  1.0000E+00
 2.0712E+02  5.6286E-03  1.6261E+00 -4.8527E-03 -2.8043E+00  1.0000E+00
 2.0870E+02  5.6544E-03  1.6211E+00 -4.7473E-03 -2.7225E+00  1.0000E+00
 2.1030E+02  5.6807E-03  1.6163E+00 -4.6419E-03 -2.6419E+00  1.0000E+00
 2.1191E+02  5.7074E-03  1.6115E+00 -4.5365E-03 -2.5623E+00  1.0000E+00
 2.1354E+02  5.7345E-03  1.6069E+00 -4.4312E-03 -2.4837E+00  1.0000E+00
 2.1517E+02  5.7620E-03  1.6023E+00 -4.3258E-03 -2.4062E+00  1.0000E+00
 2.1682E+02  5.7900E-03  1.5978E+00 -4.2204E-03 -2.3297E+00  1.0000E+00
 2.1848E+02  5.8184E-03  1.5935E+00 -4.1150E-03 -2.2543E+00  1.0000E+00
 2.2015E+02  5.8473E-03  1.5892E+00 -4.0096E-03 -2.1799E+00  1.0000E+00
 2.2184E+02  5.8766E-03  1.5850E+00 -3.9042E-03 -2.1064E+00  1.0000E+00
 2.2354E+02  5.9063E-03  1.5809E+00 -3.7988E-03 -2.0340E+00  1.0000E+00
 2.2525E+02  5.9365E-03  1.5770E+00 -3.6934E-03 -1.9625E+00  1.0000E+00
 2.2697E+02  5.9672E-03  1.5730E+00 -3.5880E-03 -1.8920E+00  1.0000E+00
 2.2871E+02  5.9983E-03  1.5692E+00 -3.4826E-03 -1.8225E+00  1.0000E+00
 2.3046E+02  6.0299E-03  1.5655E+00 -3.3772E-03 -1.7539E+00  1.0000E+00
 2.3223E+02  6.0619E-03  1.5618E+00 -3.2717E-03 -1.6862E+00  1.0000E+00
 2.3401E+02  6.0944E-03  1.5583E+00 -3.1663E-03 -1.6195E+00  1.0000E+00
 2.3580E+02  6.1273E-03  1.5548E+00 -3.0609E-03 -1.5537E+00  1.0000E+00
 2.3761E+02  6.1608E-03  1.5514E+00 -2.9555E-03 -1.4888E+00  1.0000E+00
 2.3942E+02  6.1947E-03  1.5481E+00 -2.8501E-03 -1.4248E+00  1.0000E+00
 2.4126E+02  6.2291E-03  1.5448E+00 -2.7447E-03 -1.3617E+00  1.0000E+00
 2.4311E+02  6.2639E-03  1.5417E+00 -2.6393E-03 -1.2994E+00  1.0000E+00
 2.4497E+02  6.2993E-03  1.5386E+00 -2.5339E-03 -1.2380E+00  1.0000E+00
 2.4684E+02  6.3351E-03  1.5356E+00 -2.4285E-03 -1.1775E+00  1.0000E+00
 2.4873E+02  6.3715E-03  1.5326E+00 -2.3231E-03 -1.1178E+00  1.0000E+00
 2.5064E+02  6.4083E-03  1.5298E+00 -2.2177E-03 -1.0590E+00  1.0000E+00
 2.5256E+02  6.4456E-03  1.5270E+00 -2.1123E-03 -1.0010E+00  1.0000E+00
 2.5449E+02  6.4835E-03  1.5243E+00 -2.0068E-03 -9.4383E-01  1.0000E+00
 2.5644E+02  6.5218E-03  1.5217E+00 -1.9014E-03 -8.8745E-01  1.0000E+00
 2.5841E+02  6.5607E-03  1.5191E+00 -1.7960E-03 -8.3188E-01  1.0000E+00
 2.6038E+02  6.6001E-03  1.5166E+00 -1.6906E-03 -7.7710E-01  1.0000E+00
 2.6238E+02  6.6400E-03  1.5142E+00 -1.5852E-03 -7.2311E-01  1.0000E+00
 2.6439E+02  6.6804E-03  1.5118E+00 -1.4798E-03 -6.6989E-01  1.0000E+00
 2.6641E+02  6.7214E-03  1.5095E+00 -1.3743E-03 -6.1744E-01  1.0000E+00
 2.6845E+02  6.7629E-03  1.5073E+00 -1.2689E-03 -5.6574E-01  1.0000E+00
 2.7051E+02  6.8049E-03  1.5051E+00 -1.1635E-03 -5.1480E-01  1.0000E+00
 2.7258E+02  6.8475E-03  1.5030E+00 -1.0581E-03 -4.6460E-01  1.0000E+00
 2.7467E+02  6.8906E-03  1.5010E+00 -9.5265E-04 -4.1513E-01  1.0000E+00
 2.7677E+02  6.9343E-03  1.4990E+00 -8.4723E-04 -3.6638E-01  1.0000E+00
 2.7889E+02  6.9786E-03  1.4971E+00 -7.4180E-04 -3.1835E-01  1.0000E+00
 2.8103E+02  7.0234E-03  1.4953E+00 -6.3638E-04 -2.7103E-01  1.0000E+00
 2.8318E+02  7.0687E-03  1.4935E+00 -5.3095E-04 -2.2441E-01  1.0000E+00
 2.8535E+02  7.1147E-03  1.4918E+00 -4.2552E-04 -1.7848E-01  1.0000E+00
 2.8753E+02  7.1612E-03  1.4901E+00 -3.2009E-04 -1.3324E-01  1.0000E+00
 2.8974E+02  7.2082E-03  1.4885E+00 -2.1466E-04 -8.8676E-02  1.0000E+00
 2.9195E+02  7.2557E-03  1.4869E+00 -1.0923E-04 -4.4779E-02  1.0000E+00
 2.9419E+02  7.3035E-03  1.4853E+00 -3.7959E-06 -1.5443E-03  1.0000E+00
 2.9644E+02  7.3518E-03  1.4838E+00  1.0164E-04  4.1036E-02  1.0000E+00
 2.9871E+02  7.4004E-03  1.4822E+00  2.0707E-04  8.2971E-02  1.0000E+00
 3.0100E+02  7.4495E-03  1.4807E+00  3.1251E-04  1.2427E-01  1.0000E+00
 3.0331E+02  7.4990E-03  1.4792E+00  4.1795E-04  1.6493E-01  1.0000E+00
 3.0563E+02  7.5488E-03  1.4777E+00  5.2339E-04  2.0497E-01  1.0000E+00
 3.0797E+02  7.5991E-03  1.4763E+00  6.2883E-04  2.4439E-01  1.0000E+00
 3.1033E+02  7.6498E-03  1.4748E+00  7.3427E-04  2.8320E-01  1.0000E+00
 3.1271E+02  7.7009E-03  1.4734E+00  8.3971E-04  3.2140E-01  1.0000E+00
 3.1510E+02  7.7523E-03  1.4719E+00  9.4515E-04  3.5901E-01  1.0000E+00
 3.1751E+02  7.8042E-03  1.4705E+00  1.0506E-03  3.9603E-01  1.0000E+00
 3.1994E+02  7.8565E-03  1.4691E+00  1.1560E-03  4.3247E-01  1.0000E+00
 3.2240E+02  7.9091E-03  1.4677E+00  1.2615E-03  4.6833E-01  1.0000E+00
 3.2486E+02  7.9622E-03  1.4663E+00  1.3669E-03  5.0362E-01  1.0000E+00
 3.2735E+02  8.0156E-03  1.4650E+00  1.4724E-03  5.3835E-01  1.0000E+00
 3.2986E+02  8.0694E-03  1.4636E+00  1.5778E-03  5.7252E-01  1.0000E+00
 3.3239E+02  8.1237E-03  1.4622E+00  1.6833E-03  6.0614E-01  1.0000E+00
 3.3493E+02  8.1783E-03  1.4609E+00  1.7888E-03  6.3922E-01  1.0000E+00
 3.3750E+02  8.2333E-03  1.4595E+00  1.8942E-03  6.7176E-01  1.0000E+00
 3.4008E+02  8.2886E-03  1.4581E+00  1.9997E-03  7.0377E-01  1.0000E+00
 3.4268E+02  8.3444E-03  1.4568E+00  2.1051E-03  7.3526E-01  1.0000E+00
 3.4531E+02  8.4005E-03  1.4554E+00  2.2106E-03  7.6622E-01  1.0000E+00
 3.4795E+02  8.4570E-03  1.4541E+00  2.3160E-03  7.9668E-01  1.0000E+00
 3.5062E+02  8.5139E-03  1.4527E+00  2.4215E-03  8.2662E-01  1.0000E+00
 3.5330E+02  8.5711E-03  1.4514E+00  2.5270E-03  8.5607E-01  1.0000E+00
 3.5601E+02  8.6287E-03  1.4500E+00  2.6324E-03  8.8502E-01  1.0000E+00
 3.5874E+02  8.6867E-03  1.4487E+00  2.7379E-03  9.1348E-01  1.0000E+00
 3.6148E+02  8.7450E-03  1.4473E+00  2.8434E-03  9.4146E-01  1.0000E+00
 3.6425E+02  8.8037E-03  1.4460E+00  2.9489E-03  9.6897E-01  1.0000E+00
 3.6704E+02  8.8628E-03  1.4446E+00  3.0543E-03  9.9600E-01  1.0000E+00
 3.6985E+02  8.9222E-03  1.4432E+00  3.1598E-03  1.0226E+00  1.0000E+00
 3.7268E+02  8.9819E-03  1.4418E+00  3.2653E-03  1.0487E+00  1.0000E+00
 3.7554E+02  9.0420E-03  1.4404E+00  3.3708E-03  1.0743E+00  1.0000E+00
 3.7841E+02  9.1025E-03  1.4390E+00  3.4762E-03  1.0995E+00  1.0000E+00
 3.8131E+02  9.1632E-03  1.4376E+00  3.5817E-03  1.1243E+00  1.0000E+00
 3.8423E+02  9.2244E-03  1.4362E+00  3.6872E-03  1.1486E+00  1.0000E+00
 3.8718E+02  9.2858E-03  1.4348E+00  3.7927E-03  1.1725E+00  1.0000E+00
 3.9014E+02  9.3476E-03  1.4334E+00  3.8982E-03  1.1959E+00  1.0000E+00
 3.9313E+02  9.4096E-03  1.4319E+00  4.0037E-03  1.2189E+00  1.0000E+00
 3.9614E+02  9.4720E-03  1.4304E+00  4.1092E-03  1.2415E+00  1.0000E+00
 3.9917E+02  9.5348E-03  1.4290E+00  4.2147E-03  1.2637E+00  1.0000E+00
 4.0223E+02  9.5978E-03  1.4275E+00  4.3202E-03  1.2855E+00  1.0000E+00
 4.0531E+02  9.6611E-03  1.4260E+00  4.4257E-03  1.3069E+00  1.0000E+00
 4.0841E+02  9.7247E-03  1.4244E+00  4.5312E-03  1.3279E+00  1.0000E+00
 4.1154E+02  9.7887E-03  1.4229E+00  4.6367E-03  1.3485E+00  1.0000E+00
 4.1469E+02  9.8529E-03  1.4214E+00  4.7422E-03  1.3687E+00  1.0000E+00
 4.1787E+02  9.9173E-03  1.4198E+00  4.8477E-03  1.3885E+00  1.0000E+00
 4.2107E+02  9.9821E-03  1.4182E+00  4.9532E-03  1.4079E+00  1.0000E+00
 4.2429E+02  1.0047E-02  1.4166E+00  5.0587E-03  1.4270E+00  1.0000E+00
 4.2754E+02  1.0112E-02  1.4149E+00  5.1642E-03  1.4457E+00  1.0000E+00
 4.3082E+02  1.0178E-02  1.4133E+00  5.2697E-03  1.4640E+00  1.0000E+00
 4.3412E+02  1.0244E-02  1.4116E+00  5.3752E-03  1.4820E+00  1.0000E+00
 4.3744E+02  1.0310E-02  1.4099E+00  5.4807E-03  1.4996E+00  1.0000E+00
 4.4079E+02  1.0376E-02  1.4082E+00  5.5863E-03  1.5169E+00  1.0000E+00
 4.4417E+02  1.0443E-02  1.4064E+00  5.6918E-03  1.5338E+00  1.0000E+00
 4.4757E+02  1.0509E-02  1.4047E+00  5.7973E-03  1.5503E+00  1.0000E+00
 4.5100E+02  1.0576E-02  1.4029E+00  5.9028E-03  1.5665E+00  1.0000E+00
 4.5445E+02  1.0644E-02  1.4011E+00  6.0084E-03  1.5824E+00  1.0000E+00
 4.5793E+02  1.0711E-02  1.3992E+00  6.1139E-03  1.5980E+00  1.0000E+00
 4.6144E+02  1.0779E-02  1.3973E+00  6.2194E-03  1.6132E+00  1.0000E+00
 4.6497E+02  1.0847E-02  1.3954E+00  6.3250E-03  1.6281E+00  1.0000E+00
 4.6853E+02  1.0915E-02  1.3935E+00  6.4305E-03  1.6427E+00  1.0000E+00
 4.7212E+02  1.0983E-02  1.3916E+00  6.5361E-03  1.6570E+00  1.0000E+00
 4.7574E+02  1.1051E-02  1.3896E+00  6.6416E-03  1.6709E+00  1.0000E+00
 4.7938E+02  1.1120E-02  1.3876E+00  6.7472E-03  1.6846E+00  1.0000E+00
 4.8305E+02  1.1189E-02  1.3856E+00  6.8527E-03  1.6979E+00  1.0000E+00
 4.8675E+02  1.1258E-02  1.3835E+00  6.9583E-03  1.7110E+00  1.0000E+00
 4.9048E+02  1.1327E-02  1.3814E+00  7.0638E-03  1.7238E+00  1.0000E+00
 4.9424E+02  1.1397E-02  1.3793E+00  7.1694E-03  1.7362E+00  1.0000E+00
 4.9802E+02  1.1466E-02  1.3772E+00  7.2749E-03  1.7484E+00  1.0000E+00
 5.0183E+02  1.1536E-02  1.3751E+00  7.3805E-03  1.7603E+00  1.0000E+00
 5.0568E+02  1.1606E-02  1.3729E+00  7.4861E-03  1.7719E+00  1.0000E+00
 5.0955E+02  1.1676E-02  1.3707E+00  7.5916E-03  1.7832E+00  1.0000E+00
 5.1345E+02  1.1747E-02  1.3685E+00  7.6972E-03  1.7943E+00  1.0000E+00
 5.1738E+02  1.1817E-02  1.3663E+00  7.8028E-03  1.8051E+00  1.0000E+00
 5.2135E+02  1.1888E-02  1.3640E+00  7.9084E-03  1.8156E+00  1.0000E+00
 5.2534E+02  1.1959E-02  1.3617E+00  8.0139E-03  1.8258E+00  1.0000E+00
 5.2936E+02  1.2030E-02  1.3594E+00  8.1195E-03  1.8358E+00  1.0000E+00
 5.3342E+02  1.2102E-02  1.3571E+00  8.2251E-03  1.8456E+00  1.0000E+00
 5.3750E+02  1.2173E-02  1.3547E+00  8.3307E-03  1.8551E+00  1.0000E+00
 5.4162E+02  1.2245E-02  1.3523E+00  8.4363E-03  1.8643E+00  1.0000E+00
 5.4577E+02  1.2317E-02  1.3499E+00  8.5419E-03  1.8733E+00  1.0000E+00
 5.4995E+02  1.2389E-02  1.3475E+00  8.6475E-03  1.8820E+00  1.0000E+00
 5.5416E+02  1.2461E-02  1.3450E+00  8.7531E-03  1.8905E+00  1.0000E+00
 5.5840E+02  1.2534E-02  1.3426E+00  8.8587E-03  1.8988E+00  1.0000E+00
 5.6268E+02  1.2606E-02  1.3401E+00  8.9643E-03  1.9068E+00  1.0000E+00
 5.6699E+02  1.2679E-02  1.3375E+00  9.0699E-03  1.9146E+00  1.0000E+00
 5.7133E+02  1.2752E-02  1.3350E+00  9.1755E-03  1.9222E+00  1.0000E+00
 5.7571E+02  1.2825E-02  1.3324E+00  9.2812E-03  1.9296E+00  1.0000E+00
 5.8011E+02  1.2898E-02  1.3299E+00  9.3868E-03  1.9367E+00  1.0000E+00
 5.8456E+02  1.2971E-02  1.3273E+00  9.4924E-03  1.9436E+00  1.0000E+00
 5.8903E+02  1.3045E-02  1.3246E+00  9.5980E-03  1.9503E+00  1.0000E+00
 5.9354E+02  1.3119E-02  1.3220E+00  9.7037E-03  1.9568E+00  1.0000E+00
 5.9809E+02  1.3192E-02  1.3193E+00  9.8093E-03  1.9630E+00  1.0000E+00
 6.0267E+02  1.3266E-02  1.3166E+00  9.9150E-03  1.9691E+00  1.0000E+00
 6.0729E+02  1.3341E-02  1.3139E+00  1.0021E-02  1.9750E+00  1.0000E+00
 6.1194E+02  1.3415E-02  1.3112E+00  1.0126E-02  1.9806E+00  1.0000E+00
 6.1662E+02  1.3489E-02  1.3084E+00  1.0232E-02  1.9861E+00  1.0000E+00
 6.2135E+02  1.3564E-02  1.3056E+00  1.0338E-02  1.9913E+00  1.0000E+00
 6.2610E+02  1.3638E-02  1.3029E+00  1.0443E-02  1.9964E+00  1.0000E+00
 6.3090E+02  1.3713E-02  1.3000E+00  1.0549E-02  2.0013E+00  1.0000E+00
 6.3573E+02  1.3788E-02  1.2972E+00  1.0655E-02  2.0060E+00  1.0000E+00
 6.4060E+02  1.3863E-02  1.2944E+00  1.0760E-02  2.0104E+00  1.0000E+00
 6.4551E+02  1.3939E-02  1.2915E+00  1.0866E-02  2.0148E+00  1.0000E+00
 6.5045E+02  1.4014E-02  1.2886E+00  1.0972E-02  2.0189E+00  1.0000E+00
 6.5543E+02  1.4089E-02  1.2857E+00  1.1077E-02  2.0229E+00  1.0000E+00
 6.6045E+02  1.4165E-02  1.2827E+00  1.1183E-02  2.0266E+00  1.0000E+00
 6.6551E+02  1.4241E-02  1.2798E+00  1.1289E-02  2.0302E+00  1.0000E+00
 6.7060E+02  1.4316E-02  1.2768E+00  1.1394E-02  2.0337E+00  1.0000E+00
 6.7574E+02  1.4392E-02  1.2738E+00  1.1500E-02  2.0369E+00  1.0000E+00
 6.8092E+02  1.4468E-02  1.2708E+00  1.1606E-02  2.0400E+00  1.0000E+00
 6.8613E+02  1.4545E-02  1.2678E+00  1.1711E-02  2.0430E+00  1.0000E+00
 6.9138E+02  1.4621E-02  1.2647E+00  1.1817E-02  2.0458E+00  1.0000E+00
 6.9668E+02  1.4697E-02  1.2617E+00  1.1923E-02  2.0484E+00  1.0000E+00
 7.0201E+02  1.4774E-02  1.2586E+00  1.2029E-02  2.0508E+00  1.0000E+00
 7.0739E+02  1.4850E-02  1.2555E+00  1.2134E-02  2.0531E+00  1.0000E+00
 7.1281E+02  1.4927E-02  1.2524E+00  1.2240E-02  2.0553E+00  1.0000E+00
 7.1827E+02  1.5004E-02  1.2493E+00  1.2346E-02  2.0573E+00  1.0000E+00
 7.2377E+02  1.5081E-02  1.2462E+00  1.2452E-02  2.0591E+00  1.0000E+00
 7.2931E+02  1.5159E-02  1.2431E+00  1.2557E-02  2.0608E+00  1.0000E+00
 7.3490E+02  1.5238E-02  1.2400E+00  1.2663E-02  2.0624E+00  1.0000E+00
 7.4052E+02  1.5317E-02  1.2369E+00  1.2769E-02  2.0638E+00  1.0000E+00
 7.4620E+02  1.5396E-02  1.2339E+00  1.2875E-02  2.0651E+00  1.0000E+00
 7.5191E+02  1.5476E-02  1.2309E+00  1.2980E-02  2.0662E+00  1.0000E+00
 7.5767E+02  1.5556E-02  1.2278E+00  1.3086E-02  2.0672E+00  1.0000E+00
 7.6347E+02  1.5637E-02  1.2248E+00  1.3192E-02  2.0681E+00  1.0000E+00
 7.6932E+02  1.5718E-02  1.2218E+00  1.3298E-02  2.0689E+00  1.0000E+00
 7.7521E+02  1.5799E-02  1.2188E+00  1.3404E-02  2.0695E+00  1.0000E+00
 7.8115E+02  1.5881E-02  1.2158E+00  1.3509E-02  2.0699E+00  1.0000E+00
 7.8713E+02  1.5964E-02  1.2128E+00  1.3615E-02  2.0703E+00  1.0000E+00
 7.9316E+02  1.6047E-02  1.2099E+00  1.3721E-02  2.0705E+00  1.0000E+00
 7.9923E+02  1.6130E-02  1.2069E+00  1.3827E-02  2.0706E+00  1.0000E+00
 8.0535E+02  1.6214E-02  1.2039E+00  1.3933E-02  2.0706E+00  1.0000E+00
 8.1152E+02  1.6298E-02  1.2010E+00  1.4038E-02  2.0705E+00  1.0000E+00
 8.1774E+02  1.6383E-02  1.1980E+00  1.4144E-02  2.0703E+00  1.0000E+00
 8.2400E+02  1.6468E-02  1.1951E+00  1.4250E-02  2.0699E+00  1.0000E+00
 8.3031E+02  1.6553E-02  1.1922E+00  1.4356E-02  2.0694E+00  1.0000E+00
 8.3667E+02  1.6639E-02  1.1892E+00  1.4462E-02  2.0688E+00  1.0000E+00
 8.4307E+02  1.6725E-02  1.1863E+00  1.4568E-02  2.0681E+00  1.0000E+00
 8.4953E+02  1.6812E-02  1.1834E+00  1.4673E-02  2.0673E+00  1.0000E+00
 8.5604E+02  1.6899E-02  1.1805E+00  1.4779E-02  2.0664E+00  1.0000E+00
 8.6259E+02  1.6986E-02  1.1775E+00  1.4885E-02  2.0654E+00  1.0000E+00
 8.6920E+02  1.7074E-02  1.1746E+00  1.4991E-02  2.0643E+00  1.0000E+00
 8.7586E+02  1.7162E-02  1.1717E+00  1.5097E-02  2.0631E+00  1.0000E+00
 8.8256E+02  1.7251E-02  1.1688E+00  1.5203E-02  2.0618E+00  1.0000E+00
 8.8932E+02  1.7340E-02  1.1659E+00  1.5309E-02  2.0603E+00  1.0000E+00
 8.9613E+02  1.7429E-02  1.1630E+00  1.5415E-02  2.0588E+00  1.0000E+00
 9.0300E+02  1.7519E-02  1.1601E+00  1.5521E-02  2.0572E+00  1.0000E+00
 9.0991E+02  1.7609E-02  1.1572E+00  1.5626E-02  2.0555E+00  1.0000E+00
 9.1688E+02  1.7699E-02  1.1542E+00  1.5732E-02  2.0537E+00  1.0000E+00
 9.2390E+02  1.7790E-02  1.1513E+00  1.5838E-02  2.0518E+00  1.0000E+00
 9.3098E+02  1.7881E-02  1.1484E+00  1.5944E-02  2.0499E+00  1.0000E+00
 9.3811E+02  1.7972E-02  1.1455E+00  1.6050E-02  2.0478E+00  1.0000E+00
 9.4529E+02  1.8064E-02  1.1426E+00  1.6156E-02  2.0457E+00  1.0000E+00
 9.5253E+02  1.8156E-02  1.1397E+00  1.6262E-02  2.0434E+00  1.0000E+00
 9.5983E+02  1.8248E-02  1.1368E+00  1.6368E-02  2.0411E+00  1.0000E+00
 9.6718E+02  1.8341E-02  1.1338E+00  1.6474E-02  2.0387E+00  1.0000E+00
 9.7458E+02  1.8434E-02  1.1309E+00  1.6580E-02  2.0362E+00  1.0000E+00
 9.8205E+02  1.8527E-02  1.1280E+00  1.6686E-02  2.0337E+00  1.0000E+00
 9.8957E+02  1.8620E-02  1.1250E+00  1.6792E-02  2.0310E+00  1.0000E+00
 9.9715E+02  1.8714E-02  1.1221E+00  1.6898E-02  2.0283E+00  1.0000E+00
 1.0048E+03  1.8808E-02  1.1192E+00  1.7004E-02  2.0255E+00  1.0000E+00
 1.0125E+03  1.8902E-02  1.1162E+00  1.7110E-02  2.0227E+00  1.0000E+00
 1.0202E+03  1.8997E-02  1.1133E+00  1.7216E-02  2.0197E+00  1.0000E+00
 1.0280E+03  1.9092E-02  1.1103E+00  1.7322E-02  2.0167E+00  1.0000E+00
 1.0359E+03  1.9187E-02  1.1073E+00  1.7428E-02  2.0137E+00  1.0000E+00
 1.0439E+03  1.9282E-02  1.1044E+00  1.7534E-02  2.0105E+00  1.0000E+00
 1.0518E+03  1.9377E-02  1.1014E+00  1.7640E-02  2.0073E+00  1.0000E+00
 1.0599E+03  1.9473E-02  1.0984E+00  1.7746E-02  2.0040E+00  1.0000E+00
 1.0680E+03  1.9569E-02  1.0954E+00  1.7852E-02  2.0007E+00  1.0000E+00
 1.0762E+03  1.9665E-02  1.0924E+00  1.7959E-02  1.9973E+00  1.0000E+00
 1.0844E+03  1.9761E-02  1.0894E+00  1.8065E-02  1.9938E+00  1.0000E+00
 1.0927E+03  1.9857E-02  1.0864E+00  1.8171E-02  1.9903E+00  1.0000E+00
 1.1011E+03  1.9954E-02  1.0834E+00  1.8277E-02  1.9867E+00  1.0000E+00
 1.1095E+03  2.0051E-02  1.0803E+00  1.8383E-02  1.9830E+00  1.0000E+00
 1.1180E+03  2.0146E-02  1.0772E+00  1.8489E-02  1.9793E+00  1.0000E+00
 1.1266E+03  2.0239E-02  1.0739E+00  1.8595E-02  1.9756E+00  1.0000E+00
 1.1352E+03  2.0332E-02  1.0707E+00  1.8701E-02  1.9717E+00  1.0000E+00
 1.1439E+03  2.0426E-02  1.0674E+00  1.8808E-02  1.9679E+00  1.0000E+00
 1.1527E+03  2.0520E-02  1.0642E+00  1.8914E-02  1.9639E+00  1.0000E+00
 1.1615E+03  2.0614E-02  1.0609E+00  1.9020E-02  1.9599E+00  1.0000E+00
 1.1704E+03  2.0708E-02  1.0576E+00  1.9126E-02  1.9559E+00  1.0000E+00
 1.1794E+03  2.0802E-02  1.0544E+00  1.9232E-02  1.9518E+00  1.0000E+00
 1.1884E+03  2.0896E-02  1.0511E+00  1.9339E-02  1.9477E+00  1.0000E+00
 1.1975E+03  2.0990E-02  1.0478E+00  1.9445E-02  1.9435E+00  1.0000E+00
 1.2067E+03  2.1084E-02  1.0445E+00  1.9551E-02  1.9393E+00  1.0000E+00
 1.2159E+03  2.1179E-02  1.0412E+00  1.9657E-02  1.9350E+00  1.0000E+00
 1.2252E+03  2.1273E-02  1.0379E+00  1.9763E-02  1.9307E+00  1.0000E+00
 1.2346E+03  2.1368E-02  1.0346E+00  1.9870E-02  1.9263E+00  1.0000E+00
 1.2441E+03  2.1463E-02  1.0312E+00  1.9976E-02  1.9219E+00  1.0000E+00
 1.2536E+03  2.1558E-02  1.0279E+00  2.0082E-02  1.9174E+00  1.0000E+00
 1.2632E+03  2.1653E-02  1.0246E+00  2.0189E-02  1.9129E+00  1.0000E+00
 1.2729E+03  2.1748E-02  1.0213E+00  2.0295E-02  1.9084E+00  1.0000E+00
 1.2826E+03  2.1843E-02  1.0179E+00  2.0401E-02  1.9038E+00  1.0000E+00
 1.2924E+03  2.1938E-02  1.0146E+00  2.0507E-02  1.8992E+00  1.0000E+00
 1.3023E+03  2.2034E-02  1.0112E+00  2.0614E-02  1.8945E+00  1.0000E+00
 1.3123E+03  2.2129E-02  1.0079E+00  2.0720E-02  1.8898E+00  1.0000E+00
 1.3224E+03  2.2225E-02  1.0045E+00  2.0827E-02  1.8851E+00  1.0000E+00
 1.3325E+03  2.2320E-02  1.0012E+00  2.0933E-02  1.8803E+00  1.0000E+00
 1.3427E+03  2.2416E-02  9.9782E-01  2.1039E-02  1.8755E+00  1.0000E+00
 1.3530E+03  2.2512E-02  9.9446E-01  2.1146E-02  1.8706E+00  1.0000E+00
 1.3633E+03  2.2608E-02  9.9110E-01  2.1252E-02  1.8658E+00  1.0000E+00
 1.3738E+03  2.2704E-02  9.8774E-01  2.1358E-02  1.8609E+00  1.0000E+00
 1.3843E+03  2.2800E-02  9.8437E-01  2.1465E-02  1.8559E+00  1.0000E+00
 1.3949E+03  2.2896E-02  9.8100E-01  2.1571E-02  1.8509E+00  1.0000E+00
 1.4056E+03  2.2992E-02  9.7763E-01  2.1678E-02  1.8459E+00  1.0000E+00
 1.4164E+03  2.3089E-02  9.7426E-01  2.1784E-02  1.8409E+00  1.0000E+00
 1.4272E+03  2.3185E-02  9.7088E-01  2.1891E-02  1.8359E+00  1.0000E+00
 1.4381E+03  2.3282E-02  9.6751E-01  2.1997E-02  1.8308E+00  1.0000E+00
 1.4491E+03  2.3379E-02  9.6413E-01  2.2104E-02  1.8256E+00  1.0000E+00
 1.4602E+03  2.3475E-02  9.6075E-01  2.2210E-02  1.8205E+00  1.0000E+00
 1.4714E+03  2.3572E-02  9.5737E-01  2.2317E-02  1.8153E+00  1.0000E+00
 1.4827E+03  2.3669E-02  9.5399E-01  2.2423E-02  1.8101E+00  1.0000E+00
 1.4940E+03  2.3766E-02  9.5061E-01  2.2530E-02  1.8049E+00  1.0000E+00
 1.5055E+03  2.3863E-02  9.4723E-01  2.2636E-02  1.7997E+00  1.0000E+00
 1.5170E+03  2.3961E-02  9.4385E-01  2.2743E-02  1.7944E+00  1.0000E+00
 1.5286E+03  2.4058E-02  9.4047E-01  2.2850E-02  1.7891E+00  1.0000E+00
 1.5403E+03  2.4155E-02  9.3709E-01  2.2956E-02  1.7838E+00  1.0000E+00
 1.5521E+03  2.4253E-02  9.3371E-01  2.3063E-02  1.7785E+00  1.0000E+00
 1.5640E+03  2.4350E-02  9.3033E-01  2.3169E-02  1.7731E+00  1.0000E+00
 1.5760E+03  2.4448E-02  9.2695E-01  2.3276E-02  1.7677E+00  1.0000E+00
 1.5881E+03  2.4546E-02  9.2357E-01  2.3383E-02  1.7623E+00  1.0000E+00
 1.6002E+03  2.4643E-02  9.2019E-01  2.3490E-02  1.7569E+00  1.0000E+00
 1.6125E+03  2.4741E-02  9.1682E-01  2.3596E-02  1.7515E+00  1.0000E+00
 1.6248E+03  2.4839E-02  9.1344E-01  2.3703E-02  1.7460E+00  1.0000E+00
 1.6373E+03  2.4937E-02  9.1006E-01  2.3810E-02  1.7406E+00  1.0000E+00
 1.6498E+03  2.5035E-02  9.0669E-01  2.3916E-02  1.7351E+00  1.0000E+00
 1.6625E+03  2.5134E-02  9.0332E-01  2.4023E-02  1.7296E+00  1.0000E+00
 1.6752E+03  2.5232E-02  8.9995E-01  2.4130E-02  1.7241E+00  1.0000E+00
 1.6880E+03  2.5330E-02  8.9658E-01  2.4237E-02  1.7185E+00  1.0000E+00
 1.7009E+03  2.5429E-02  8.9321E-01  2.4344E-02  1.7130E+00  1.0000E+00
 1.7140E+03  2.5527E-02  8.8985E-01  2.4450E-02  1.7074E+00  1.0000E+00
 1.7271E+03  2.5626E-02  8.8649E-01  2.4557E-02  1.7019E+00  1.0000E+00
 1.7403E+03  2.5725E-02  8.8312E-01  2.4664E-02  1.6963E+00  1.0000E+00
 1.7537E+03  2.5823E-02  8.7977E-01  2.4771E-02  1.6907E+00  1.0000E+00
 1.7671E+03  2.5922E-02  8.7641E-01  2.4878E-02  1.6851E+00  1.0000E+00
 1.7806E+03  2.6021E-02  8.7306E-01  2.4985E-02  1.6794E+00  1.0000E+00
 1.7943E+03  2.6120E-02  8.6971E-01  2.5092E-02  1.6738E+00  1.0000E+00
 1.8080E+03  2.6219E-02  8.6636E-01  2.5199E-02  1.6682E+00  1.0000E+00
 1.8218E+03  2.6318E-02  8.6302E-01  2.5306E-02  1.6625E+00  1.0000E+00
 1.8358E+03  2.6418E-02  8.5968E-01  2.5413E-02  1.6569E+00  1.0000E+00
 1.8499E+03  2.6517E-02  8.5634E-01  2.5520E-02  1.6512E+00  1.0000E+00
 1.8640E+03  2.6617E-02  8.5301E-01  2.5627E-02  1.6455E+00  1.0000E+00
 1.8783E+03  2.6716E-02  8.4968E-01  2.5734E-02  1.6398E+00  1.0000E+00
 1.8927E+03  2.6816E-02  8.4635E-01  2.5841E-02  1.6341E+00  1.0000E+00
 1.9072E+03  2.6915E-02  8.4302E-01  2.5948E-02  1.6284E+00  1.0000E+00
 1.9218E+03  2.7015E-02  8.3971E-01  2.6055E-02  1.6227E+00  1.0000E+00
 1.9365E+03  2.7115E-02  8.3639E-01  2.6162E-02  1.6170E+00  1.0000E+00
 1.9513E+03  2.7215E-02  8.3308E-01  2.6269E-02  1.6113E+00  1.0000E+00
 1.9663E+03  2.7315E-02  8.2977E-01  2.6376E-02  1.6056E+00  1.0000E+00
 1.9813E+03  2.7415E-02  8.2647E-01  2.6483E-02  1.5998E+00  1.0000E+00
 1.9965E+03  2.7515E-02  8.2317E-01  2.6590E-02  1.5941E+00  1.0000E+00
 2.0118E+03  2.7615E-02  8.1987E-01  2.6698E-02  1.5884E+00  1.0000E+00
 2.0272E+03  2.7715E-02  8.1658E-01  2.6805E-02  1.5826E+00  1.0000E+00
 2.0427E+03  2.7815E-02  8.1330E-01  2.6912E-02  1.5769E+00  1.0000E+00
 2.0584E+03  2.7916E-02  8.1002E-01  2.7019E-02  1.5711E+00  1.0000E+00
 2.0741E+03  2.8016E-02  8.0674E-01  2.7127E-02  1.5654E+00  1.0000E+00
 2.0900E+03  2.8117E-02  8.0347E-01  2.7234E-02  1.5596E+00  1.0000E+00
 2.1060E+03  2.8217E-02  8.0021E-01  2.7341E-02  1.5539E+00  1.0000E+00
 2.1222E+03  2.8318E-02  7.9695E-01  2.7449E-02  1.5481E+00  1.0000E+00
 2.1384E+03  2.8419E-02  7.9369E-01  2.7556E-02  1.5424E+00  1.0000E+00
 2.1548E+03  2.8520E-02  7.9044E-01  2.7663E-02  1.5366E+00  1.0000E+00
 2.1713E+03  2.8621E-02  7.8720E-01  2.7771E-02  1.5309E+00  1.0000E+00
 2.1879E+03  2.8722E-02  7.8396E-01  2.7878E-02  1.5251E+00  1.0000E+00
 2.2047E+03  2.8823E-02  7.8072E-01  2.7986E-02  1.5193E+00  1.0000E+00
 2.2216E+03  2.8924E-02  7.7750E-01  2.8093E-02  1.5136E+00  1.0000E+00
 2.2386E+03  2.9025E-02  7.7427E-01  2.8201E-02  1.5078E+00  1.0000E+00
 2.2557E+03  2.9126E-02  7.7106E-01  2.8308E-02  1.5021E+00  1.0000E+00
 2.2730E+03  2.9228E-02  7.6785E-01  2.8416E-02  1.4963E+00  1.0000E+00
 2.2904E+03  2.9329E-02  7.6464E-01  2.8523E-02  1.4906E+00  1.0000E+00
 2.3079E+03  2.9430E-02  7.6144E-01  2.8631E-02  1.4848E+00  1.0000E+00
 2.3256E+03  2.9532E-02  7.5825E-01  2.8739E-02  1.4791E+00  1.0000E+00
 2.3434E+03  2.9634E-02  7.5506E-01  2.8846E-02  1.4733E+00  1.0000E+00
 2.3614E+03  2.9735E-02  7.5188E-01  2.8954E-02  1.4676E+00  1.0000E+00
 2.3794E+03  2.9837E-02  7.4871E-01  2.9062E-02  1.4619E+00  1.0000E+00
 2.3977E+03  2.9939E-02  7.4554E-01  2.9169E-02  1.4561E+00  1.0000E+00
 2.4160E+03  3.0041E-02  7.4238E-01  2.9277E-02  1.4504E+00  1.0000E+00
 2.4345E+03  3.0143E-02  7.3923E-01  2.9385E-02  1.4447E+00  1.0000E+00
 2.4532E+03  3.0245E-02  7.3608E-01  2.9493E-02  1.4390E+00  1.0000E+00
 2.4720E+03  3.0347E-02  7.3294E-01  2.9601E-02  1.4332E+00  1.0000E+00
 2.4909E+03  3.0449E-02  7.2980E-01  2.9708E-02  1.4275E+00  1.0000E+00
 2.5100E+03  3.0552E-02  7.2668E-01  2.9816E-02  1.4218E+00  1.0000E+00
 2.5292E+03  3.0654E-02  7.2355E-01  2.9924E-02  1.4161E+00  1.0000E+00
 2.5486E+03  3.0756E-02  7.2044E-01  3.0032E-02  1.4104E+00  1.0000E+00
 2.5681E+03  3.0859E-02  7.1733E-01  3.0140E-02  1.4048E+00  1.0000E+00
 2.5878E+03  3.0961E-02  7.1423E-01  3.0248E-02  1.3991E+00  1.0000E+00
 2.6076E+03  3.1064E-02  7.1114E-01  3.0356E-02  1.3934E+00  1.0000E+00
 2.6275E+03  3.1167E-02  7.0806E-01  3.0464E-02  1.3877E+00  1.0000E+00
 2.6477E+03  3.1269E-02  7.0498E-01  3.0572E-02  1.3821E+00  1.0000E+00
 2.6679E+03  3.1372E-02  7.0191E-01  3.0680E-02  1.3764E+00  1.0000E+00
 2.6884E+03  3.1475E-02  6.9884E-01  3.0788E-02  1.3708E+00  1.0000E+00
 2.7090E+03  3.1578E-02  6.9579E-01  3.0897E-02  1.3651E+00  1.0000E+00
 2.7297E+03  3.1681E-02  6.9274E-01  3.1005E-02  1.3595E+00  1.0000E+00
 2.7506E+03  3.1784E-02  6.8969E-01  3.1113E-02  1.3539E+00  1.0000E+00
 2.7717E+03  3.1887E-02  6.8666E-01  3.1221E-02  1.3483E+00  1.0000E+00
 2.7929E+03  3.1991E-02  6.8363E-01  3.1330E-02  1.3427E+00  1.0000E+00
 2.8143E+03  3.2094E-02  6.8062E-01  3.1438E-02  1.3371E+00  1.0000E+00
 2.8358E+03  3.2197E-02  6.7760E-01  3.1546E-02  1.3315E+00  1.0000E+00
 2.8576E+03  3.2301E-02  6.7460E-01  3.1655E-02  1.3259E+00  1.0000E+00
 2.8794E+03  3.2404E-02  6.7160E-01  3.1763E-02  1.3203E+00  1.0000E+00
 2.9015E+03  3.2508E-02  6.6862E-01  3.1871E-02  1.3148E+00  1.0000E+00
 2.9237E+03  3.2612E-02  6.6564E-01  3.1980E-02  1.3092E+00  1.0000E+00
 2.9461E+03  3.2715E-02  6.6266E-01  3.2088E-02  1.3037E+00  1.0000E+00
 2.9687E+03  3.2819E-02  6.5970E-01  3.2197E-02  1.2981E+00  1.0000E+00
 2.9914E+03  3.2923E-02  6.5674E-01  3.2306E-02  1.2926E+00  1.0000E+00
 3.0143E+03  3.3027E-02  6.5380E-01  3.2414E-02  1.2871E+00  1.0000E+00
 3.0374E+03  3.3131E-02  6.5086E-01  3.2523E-02  1.2816E+00  1.0000E+00
 3.0607E+03  3.3235E-02  6.4792E-01  3.2632E-02  1.2761E+00  1.0000E+00
 3.0841E+03  3.3339E-02  6.4500E-01  3.2740E-02  1.2706E+00  1.0000E+00
 3.1077E+03  3.3443E-02  6.4208E-01  3.2849E-02  1.2652E+00  1.0000E+00
 3.1315E+03  3.3548E-02  6.3918E-01  3.2958E-02  1.2597E+00  1.0000E+00
 3.1555E+03  3.3652E-02  6.3628E-01  3.3067E-02  1.2543E+00  1.0000E+00
 3.1797E+03  3.3756E-02  6.3339E-01  3.3175E-02  1.2488E+00  1.0000E+00
 3.2040E+03  3.3861E-02  6.3050E-01  3.3284E-02  1.2434E+00  1.0000E+00
 3.2286E+03  3.3966E-02  6.2763E-01  3.3393E-02  1.2380E+00  1.0000E+00
 3.2533E+03  3.4070E-02  6.2476E-01  3.3502E-02  1.2326E+00  1.0000E+00
 3.2782E+03  3.4175E-02  6.2191E-01  3.3611E-02  1.2272E+00  1.0000E+00
 3.3033E+03  3.4280E-02  6.1906E-01  3.3720E-02  1.2218E+00  1.0000E+00
 3.3286E+03  3.4385E-02  6.1622E-01  3.3829E-02  1.2165E+00  1.0000E+00
 3.3541E+03  3.4490E-02  6.1338E-01  3.3939E-02  1.2111E+00  1.0000E+00
 3.3798E+03  3.4595E-02  6.1056E-01  3.4048E-02  1.2058E+00  1.0000E+00
 3.4057E+03  3.4700E-02  6.0774E-01  3.4157E-02  1.2004E+00  1.0000E+00
 3.4317E+03  3.4805E-02  6.0494E-01  3.4266E-02  1.1951E+00  1.0000E+00
 3.4580E+03  3.4910E-02  6.0214E-01  3.4375E-02  1.1898E+00  1.0000E+00
 3.4845E+03  3.5015E-02  5.9935E-01  3.4485E-02  1.1845E+00  1.0000E+00
 3.5112E+03  3.5121E-02  5.9657E-01  3.4594E-02  1.1793E+00  1.0000E+00
 3.5381E+03  3.5226E-02  5.9380E-01  3.4704E-02  1.1740E+00  1.0000E+00
 3.5652E+03  3.5332E-02  5.9103E-01  3.4813E-02  1.1688E+00  1.0000E+00
 3.5925E+03  3.5437E-02  5.8828E-01  3.4922E-02  1.1635E+00  1.0000E+00
 3.6200E+03  3.5543E-02  5.8553E-01  3.5032E-02  1.1583E+00  1.0000E+00
 3.6477E+03  3.5649E-02  5.8279E-01  3.5142E-02  1.1531E+00  1.0000E+00
 3.6757E+03  3.5754E-02  5.8007E-01  3.5251E-02  1.1479E+00  1.0000E+00
 3.7038E+03  3.5860E-02  5.7735E-01  3.5361E-02  1.1427E+00  1.0000E+00
 3.7322E+03  3.5966E-02  5.7464E-01  3.5471E-02  1.1376E+00  1.0000E+00
 3.7608E+03  3.6072E-02  5.7193E-01  3.5580E-02  1.1324E+00  1.0000E+00
 3.7896E+03  3.6178E-02  5.6924E-01  3.5690E-02  1.1273E+00  1.0000E+00
 3.8186E+03  3.6285E-02  5.6656E-01  3.5800E-02  1.1221E+00  1.0000E+00
 3.8478E+03  3.6391E-02  5.6388E-01  3.5910E-02  1.1170E+00  1.0000E+00
 3.8773E+03  3.6497E-02  5.6121E-01  3.6020E-02  1.1119E+00  1.0000E+00
 3.9070E+03  3.6603E-02  5.5856E-01  3.6130E-02  1.1069E+00  1.0000E+00
 3.9369E+03  3.6710E-02  5.5591E-01  3.6240E-02  1.1018E+00  1.0000E+00
 3.9671E+03  3.6817E-02  5.5327E-01  3.6350E-02  1.0967E+00  1.0000E+00
 3.9974E+03  3.6923E-02  5.5064E-01  3.6460E-02  1.0917E+00  1.0000E+00
 4.0281E+03  3.7030E-02  5.4801E-01  3.6570E-02  1.0867E+00  1.0000E+00
 4.0589E+03  3.7137E-02  5.4540E-01  3.6680E-02  1.0817E+00  1.0000E+00
 4.0900E+03  3.7243E-02  5.4280E-01  3.6791E-02  1.0767E+00  1.0000E+00
 4.1213E+03  3.7350E-02  5.4020E-01  3.6901E-02  1.0717E+00  1.0000E+00
 4.1529E+03  3.7457E-02  5.3761E-01  3.7011E-02  1.0667E+00  1.0000E+00
 4.1847E+03  3.7564E-02  5.3504E-01  3.7122E-02  1.0618E+00  1.0000E+00
 4.2167E+03  3.7672E-02  5.3247E-01  3.7232E-02  1.0568E+00  1.0000E+00
 4.2490E+03  3.7779E-02  5.2991E-01  3.7343E-02  1.0519E+00  1.0000E+00
 4.2816E+03  3.7886E-02  5.2736E-01  3.7454E-02  1.0470E+00  1.0000E+00
 4.3143E+03  3.7994E-02  5.2482E-01  3.7564E-02  1.0421E+00  1.0000E+00
 4.3474E+03  3.8101E-02  5.2229E-01  3.7675E-02  1.0373E+00  1.0000E+00
 4.3807E+03  3.8209E-02  5.1976E-01  3.7786E-02  1.0324E+00  1.0000E+00
 4.4142E+03  3.8316E-02  5.1725E-01  3.7896E-02  1.0276E+00  1.0000E+00
 4.4480E+03  3.8424E-02  5.1474E-01  3.8007E-02  1.0227E+00  1.0000E+00
 4.4821E+03  3.8532E-02  5.1225E-01  3.8118E-02  1.0179E+00  1.0000E+00
 4.5164E+03  3.8640E-02  5.0976E-01  3.8229E-02  1.0131E+00  1.0000E+00
 4.5510E+03  3.8748E-02  5.0728E-01  3.8340E-02  1.0084E+00  1.0000E+00
 4.5859E+03  3.8856E-02  5.0481E-01  3.8451E-02  1.0036E+00  1.0000E+00
 4.6210E+03  3.8964E-02  5.0235E-01  3.8562E-02  9.9884E-01  1.0000E+00
 4.6564E+03  3.9072E-02  4.9990E-01  3.8674E-02  9.9411E-01  1.0000E+00
 4.6920E+03  3.9180E-02  4.9746E-01  3.8785E-02  9.8939E-01  1.0000E+00
 4.7280E+03  3.9289E-02  4.9503E-01  3.8896E-02  9.8469E-01  1.0000E+00
 4.7642E+03  3.9397E-02  4.9261E-01  3.9008E-02  9.8001E-01  1.0000E+00
 4.8007E+03  3.9506E-02  4.9019E-01  3.9119E-02  9.7534E-01  1.0000E+00
 4.8374E+03  3.9614E-02  4.8779E-01  3.9231E-02  9.7069E-01  1.0000E+00
 4.8745E+03  3.9723E-02  4.8539E-01  3.9342E-02  9.6605E-01  1.0000E+00
 4.9118E+03  3.9832E-02  4.8300E-01  3.9454E-02  9.6143E-01  1.0000E+00
 4.9494E+03  3.9941E-02  4.8062E-01  3.9566E-02  9.5682E-01  1.0000E+00
 4.9873E+03  4.0050E-02  4.7826E-01  3.9677E-02  9.5223E-01  1.0000E+00
 5.0255E+03  4.0159E-02  4.7590E-01  3.9789E-02  9.4766E-01  1.0000E+00
 5.0640E+03  4.0268E-02  4.7354E-01  3.9901E-02  9.4310E-01  1.0000E+00
 5.1028E+03  4.0377E-02  4.7120E-01  4.0013E-02  9.3856E-01  1.0000E+00
 5.1419E+03  4.0486E-02  4.6887E-01  4.0125E-02  9.3403E-01  1.0000E+00
 5.1812E+03  4.0596E-02  4.6655E-01  4.0237E-02  9.2953E-01  1.0000E+00
 5.2209E+03  4.0705E-02  4.6423E-01  4.0349E-02  9.2503E-01  1.0000E+00
 5.2609E+03  4.0815E-02  4.6192E-01  4.0462E-02  9.2056E-01  1.0000E+00
 5.3012E+03  4.0925E-02  4.5963E-01  4.0574E-02  9.1610E-01  1.0000E+00
 5.3418E+03  4.1034E-02  4.5734E-01  4.0686E-02  9.1165E-01  1.0000E+00
 5.3827E+03  4.1144E-02  4.5506E-01  4.0799E-02  9.0722E-01  1.0000E+00
 5.4239E+03  4.1254E-02  4.5279E-01  4.0911E-02  9.0281E-01  1.0000E+00
 5.4655E+03  4.1364E-02  4.5053E-01  4.1024E-02  8.9842E-01  1.0000E+00
 5.5073E+03  4.1474E-02  4.4828E-01  4.1137E-02  8.9404E-01  1.0000E+00
 5.5495E+03  4.1585E-02  4.4603E-01  4.1249E-02  8.8967E-01  1.0000E+00
 5.5920E+03  4.1695E-02  4.4380E-01  4.1362E-02  8.8533E-01  1.0000E+00
 5.6348E+03  4.1805E-02  4.4158E-01  4.1475E-02  8.8100E-01  1.0000E+00
 5.6780E+03  4.1916E-02  4.3936E-01  4.1588E-02  8.7668E-01  1.0000E+00
 5.7215E+03  4.2026E-02  4.3715E-01  4.1701E-02  8.7238E-01  1.0000E+00
 5.7653E+03  4.2137E-02  4.3495E-01  4.1814E-02  8.6810E-01  1.0000E+00
 5.8094E+03  4.2248E-02  4.3276E-01  4.1927E-02  8.6384E-01  1.0000E+00
 5.8539E+03  4.2359E-02  4.3058E-01  4.2041E-02  8.5959E-01  1.0000E+00
 5.8988E+03  4.2470E-02  4.2841E-01  4.2154E-02  8.5536E-01  1.0000E+00
 5.9439E+03  4.2581E-02  4.2625E-01  4.2268E-02  8.5114E-01  1.0000E+00
 5.9895E+03  4.2692E-02  4.2410E-01  4.2381E-02  8.4694E-01  1.0000E+00
 6.0353E+03  4.2803E-02  4.2195E-01  4.2495E-02  8.4276E-01  1.0000E+00
 6.0815E+03  4.2915E-02  4.1982E-01  4.2608E-02  8.3859E-01  1.0000E+00
 6.1281E+03  4.3026E-02  4.1769E-01  4.2722E-02  8.3444E-01  1.0000E+00
 6.1751E+03  4.3138E-02  4.1557E-01  4.2836E-02  8.3030E-01  1.0000E+00
 6.2223E+03  4.3250E-02  4.1346E-01  4.2950E-02  8.2618E-01  1.0000E+00
 6.2700E+03  4.3361E-02  4.1136E-01  4.3064E-02  8.2208E-01  1.0000E+00
 6.3180E+03  4.3473E-02  4.0927E-01  4.3178E-02  8.1800E-01  1.0000E+00
 6.3664E+03  4.3585E-02  4.0718E-01  4.3292E-02  8.1393E-01  1.0000E+00
 6.4152E+03  4.3697E-02  4.0511E-01  4.3407E-02  8.0987E-01  1.0000E+00
 6.4643E+03  4.3810E-02  4.0304E-01  4.3521E-02  8.0584E-01  1.0000E+00
 6.5138E+03  4.3922E-02  4.0099E-01  4.3635E-02  8.0181E-01  1.0000E+00
 6.5637E+03  4.4034E-02  3.9894E-01  4.3750E-02  7.9781E-01  1.0000E+00
 6.6139E+03  4.4147E-02  3.9690E-01  4.3865E-02  7.9382E-01  1.0000E+00
 6.6646E+03  4.4260E-02  3.9487E-01  4.3979E-02  7.8985E-01  1.0000E+00
 6.7156E+03  4.4372E-02  3.9285E-01  4.4094E-02  7.8589E-01  1.0000E+00
 6.7671E+03  4.4485E-02  3.9083E-01  4.4209E-02  7.8195E-01  1.0000E+00
 6.8189E+03  4.4598E-02  3.8883E-01  4.4324E-02  7.7803E-01  1.0000E+00
 6.8711E+03  4.4711E-02  3.8683E-01  4.4439E-02  7.7412E-01  1.0000E+00
 6.9237E+03  4.4824E-02  3.8484E-01  4.4555E-02  7.7023E-01  1.0000E+00
 6.9768E+03  4.4938E-02  3.8287E-01  4.4670E-02  7.6635E-01  1.0000E+00
 7.0302E+03  4.5051E-02  3.8090E-01  4.4785E-02  7.6250E-01  1.0000E+00
 7.0840E+03  4.5165E-02  3.7893E-01  4.4901E-02  7.5865E-01  1.0000E+00
 7.1383E+03  4.5278E-02  3.7698E-01  4.5016E-02  7.5483E-01  1.0000E+00
 7.1929E+03  4.5392E-02  3.7504E-01  4.5132E-02  7.5101E-01  1.0000E+00
 7.2480E+03  4.5506E-02  3.7310E-01  4.5248E-02  7.4722E-01  1.0000E+00
 7.3035E+03  4.5620E-02  3.7117E-01  4.5364E-02  7.4344E-01  1.0000E+00
 7.3595E+03  4.5734E-02  3.6925E-01  4.5480E-02  7.3968E-01  1.0000E+00
 7.4158E+03  4.5849E-02  3.6734E-01  4.5596E-02  7.3593E-01  1.0000E+00
 7.4726E+03  4.5963E-02  3.6544E-01  4.5712E-02  7.3220E-01  1.0000E+00
 7.5299E+03  4.6078E-02  3.6354E-01  4.5829E-02  7.2848E-01  1.0000E+00
 7.5875E+03  4.6192E-02  3.6166E-01  4.5945E-02  7.2479E-01  1.0000E+00
 7.6456E+03  4.6307E-02  3.5978E-01  4.6062E-02  7.2110E-01  1.0000E+00
 7.7042E+03  4.6422E-02  3.5791E-01  4.6179E-02  7.1743E-01  1.0000E+00
 7.7632E+03  4.6537E-02  3.5605E-01  4.6295E-02  7.1378E-01  1.0000E+00
 7.8226E+03  4.6652E-02  3.5420E-01  4.6412E-02  7.1015E-01  1.0000E+00
 7.8825E+03  4.6767E-02  3.5236E-01  4.6529E-02  7.0653E-01  1.0000E+00
 7.9429E+03  4.6883E-02  3.5052E-01  4.6646E-02  7.0292E-01  1.0000E+00
 8.0037E+03  4.6998E-02  3.4869E-01  4.6764E-02  6.9933E-01  1.0000E+00
 8.0650E+03  4.7114E-02  3.4687E-01  4.6881E-02  6.9576E-01  1.0000E+00
 8.1268E+03  4.7230E-02  3.4506E-01  4.6999E-02  6.9220E-01  1.0000E+00
 8.1890E+03  4.7346E-02  3.4326E-01  4.7116E-02  6.8866E-01  1.0000E+00
 8.2518E+03  4.7462E-02  3.4146E-01  4.7234E-02  6.8514E-01  1.0000E+00
 8.3150E+03  4.7578E-02  3.3968E-01  4.7352E-02  6.8163E-01  1.0000E+00
 8.3786E+03  4.7694E-02  3.3790E-01  4.7470E-02  6.7813E-01  1.0000E+00
 8.4428E+03  4.7811E-02  3.3613E-01  4.7588E-02  6.7465E-01  1.0000E+00
 8.5075E+03  4.7927E-02  3.3437E-01  4.7706E-02  6.7119E-01  1.0000E+00
 8.5726E+03  4.8044E-02  3.3261E-01  4.7825E-02  6.6774E-01  1.0000E+00
 8.6383E+03  4.8161E-02  3.3087E-01  4.7943E-02  6.6431E-01  1.0000E+00
 8.7044E+03  4.8278E-02  3.2913E-01  4.8062E-02  6.6089E-01  1.0000E+00
 8.7711E+03  4.8395E-02  3.2740E-01  4.8181E-02  6.5749E-01  1.0000E+00
 8.8383E+03  4.8512E-02  3.2568E-01  4.8299E-02  6.5410E-01  1.0000E+00
 8.9059E+03  4.8630E-02  3.2396E-01  4.8418E-02  6.5073E-01  1.0000E+00
 8.9741E+03  4.8747E-02  3.2226E-01  4.8538E-02  6.4737E-01  1.0000E+00
 9.0429E+03  4.8865E-02  3.2056E-01  4.8657E-02  6.4403E-01  1.0000E+00
 9.1121E+03  4.8983E-02  3.1887E-01  4.8776E-02  6.4071E-01  1.0000E+00
 9.1819E+03  4.9101E-02  3.1719E-01  4.8896E-02  6.3740E-01  1.0000E+00
 9.2522E+03  4.9219E-02  3.1551E-01  4.9016E-02  6.3410E-01  1.0000E+00
 9.3231E+03  4.9338E-02  3.1385E-01  4.9136E-02  6.3082E-01  1.0000E+00
 9.3945E+03  4.9456E-02  3.1219E-01  4.9256E-02  6.2755E-01  1.0000E+00
 9.4664E+03  4.9575E-02  3.1054E-01  4.9376E-02  6.2430E-01  1.0000E+00
 9.5389E+03  4.9694E-02  3.0889E-01  4.9496E-02  6.2107E-01  1.0000E+00
 9.6120E+03  4.9813E-02  3.0726E-01  4.9616E-02  6.1785E-01  1.0000E+00
 9.6856E+03  4.9932E-02  3.0563E-01  4.9737E-02  6.1464E-01  1.0000E+00
 9.7598E+03  5.0051E-02  3.0401E-01  4.9858E-02  6.1145E-01  1.0000E+00
 9.8345E+03  5.0171E-02  3.0240E-01  4.9979E-02  6.0828E-01  1.0000E+00
 9.9098E+03  5.0290E-02  3.0079E-01  5.0100E-02  6.0511E-01  1.0000E+00
 9.9857E+03  5.0410E-02  2.9920E-01  5.0221E-02  6.0197E-01  1.0000E+00
 1.0062E+04  5.0530E-02  2.9761E-01  5.0342E-02  5.9884E-01  1.0000E+00
 1.0139E+04  5.0650E-02  2.9603E-01  5.0464E-02  5.9572E-01  1.0000E+00
 1.0217E+04  5.0770E-02  2.9445E-01  5.0585E-02  5.9262E-01  1.0000E+00
 1.0295E+04  5.0891E-02  2.9289E-01  5.0707E-02  5.8953E-01  1.0000E+00
 1.0374E+04  5.1012E-02  2.9133E-01  5.0829E-02  5.8646E-01  1.0000E+00
 1.0453E+04  5.1132E-02  2.8977E-01  5.0951E-02  5.8340E-01  1.0000E+00
 1.0533E+04  5.1253E-02  2.8823E-01  5.1074E-02  5.8035E-01  1.0000E+00
 1.0614E+04  5.1374E-02  2.8669E-01  5.1196E-02  5.7732E-01  1.0000E+00
 1.0695E+04  5.1496E-02  2.8516E-01  5.1319E-02  5.7431E-01  1.0000E+00
 1.0777E+04  5.1617E-02  2.8364E-01  5.1442E-02  5.7131E-01  1.0000E+00
 1.0860E+04  5.1739E-02  2.8213E-01  5.1565E-02  5.6832E-01  1.0000E+00
 1.0943E+04  5.1861E-02  2.8062E-01  5.1688E-02  5.6535E-01  1.0000E+00
 1.1027E+04  5.1983E-02  2.7912E-01  5.1811E-02  5.6239E-01  1.0000E+00
 1.1111E+04  5.2105E-02  2.7763E-01  5.1935E-02  5.5945E-01  1.0000E+00
 1.1196E+04  5.2228E-02  2.7614E-01  5.2058E-02  5.5652E-01  1.0000E+00
 1.1282E+04  5.2350E-02  2.7466E-01  5.2182E-02  5.5360E-01  1.0000E+00
 1.1369E+04  5.2473E-02  2.7319E-01  5.2306E-02  5.5070E-01  1.0000E+00
 1.1456E+04  5.2596E-02  2.7173E-01  5.2430E-02  5.4781E-01  1.0000E+00
 1.1543E+04  5.2719E-02  2.7027E-01  5.2555E-02  5.4494E-01  1.0000E+00
 1.1632E+04  5.2843E-02  2.6882E-01  5.2679E-02  5.4208E-01  1.0000E+00
 1.1721E+04  5.2966E-02  2.6738E-01  5.2804E-02  5.3924E-01  1.0000E+00
 1.1811E+04  5.3090E-02  2.6595E-01  5.2929E-02  5.3640E-01  1.0000E+00
 1.1901E+04  5.3214E-02  2.6452E-01  5.3054E-02  5.3359E-01  1.0000E+00
 1.1992E+04  5.3338E-02  2.6310E-01  5.3180E-02  5.3078E-01  1.0000E+00
 1.2084E+04  5.3463E-02  2.6168E-01  5.3305E-02  5.2799E-01  1.0000E+00
 1.2177E+04  5.3587E-02  2.6028E-01  5.3431E-02  5.2522E-01  1.0000E+00
 1.2270E+04  5.3712E-02  2.5888E-01  5.3557E-02  5.2245E-01  1.0000E+00
 1.2364E+04  5.3837E-02  2.5748E-01  5.3683E-02  5.1970E-01  1.0000E+00
 1.2458E+04  5.3963E-02  2.5610E-01  5.3809E-02  5.1697E-01  1.0000E+00
 1.2554E+04  5.4088E-02  2.5472E-01  5.3936E-02  5.1424E-01  1.0000E+00
 1.2650E+04  5.4214E-02  2.5335E-01  5.4063E-02  5.1154E-01  1.0000E+00
 1.2747E+04  5.4340E-02  2.5198E-01  5.4190E-02  5.0884E-01  1.0000E+00
 1.2845E+04  5.4466E-02  2.5062E-01  5.4317E-02  5.0616E-01  1.0000E+00
 1.2943E+04  5.4592E-02  2.4927E-01  5.4444E-02  5.0349E-01  1.0000E+00
 1.3042E+04  5.4718E-02  2.4793E-01  5.4572E-02  5.0083E-01  1.0000E+00
 1.3142E+04  5.4845E-02  2.4659E-01  5.4700E-02  4.9819E-01  1.0000E+00
 1.3243E+04  5.4972E-02  2.4526E-01  5.4828E-02  4.9556E-01  1.0000E+00
 1.3344E+04  5.5100E-02  2.4393E-01  5.4956E-02  4.9295E-01  1.0000E+00
 1.3446E+04  5.5227E-02  2.4262E-01  5.5085E-02  4.9035E-01  1.0000E+00
 1.3549E+04  5.5355E-02  2.4130E-01  5.5213E-02  4.8776E-01  1.0000E+00
 1.3653E+04  5.5483E-02  2.4000E-01  5.5342E-02  4.8518E-01  1.0000E+00
 1.3757E+04  5.5611E-02  2.3870E-01  5.5471E-02  4.8262E-01  1.0000E+00
 1.3863E+04  5.5739E-02  2.3741E-01  5.5601E-02  4.8007E-01  1.0000E+00
 1.3969E+04  5.5868E-02  2.3613E-01  5.5731E-02  4.7753E-01  1.0000E+00
 1.4076E+04  5.5997E-02  2.3485E-01  5.5860E-02  4.7500E-01  1.0000E+00
 1.4184E+04  5.6126E-02  2.3358E-01  5.5991E-02  4.7249E-01  1.0000E+00
 1.4292E+04  5.6255E-02  2.3231E-01  5.6121E-02  4.6999E-01  1.0000E+00
 1.4402E+04  5.6385E-02  2.3105E-01  5.6252E-02  4.6750E-01  1.0000E+00
 1.4512E+04  5.6515E-02  2.2980E-01  5.6382E-02  4.6503E-01  1.0000E+00
 1.4623E+04  5.6645E-02  2.2855E-01  5.6513E-02  4.6257E-01  1.0000E+00
 1.4735E+04  5.6775E-02  2.2731E-01  5.6645E-02  4.6012E-01  1.0000E+00
 1.4848E+04  5.6906E-02  2.2608E-01  5.6776E-02  4.5768E-01  1.0000E+00
 1.4962E+04  5.7037E-02  2.2485E-01  5.6908E-02  4.5526E-01  1.0000E+00
 1.5076E+04  5.7168E-02  2.2363E-01  5.7040E-02  4.5285E-01  1.0000E+00
 1.5192E+04  5.7300E-02  2.2242E-01  5.7173E-02  4.5045E-01  1.0000E+00
 1.5308E+04  5.7431E-02  2.2121E-01  5.7305E-02  4.4806E-01  1.0000E+00
 1.5425E+04  5.7563E-02  2.2001E-01  5.7438E-02  4.4569E-01  1.0000E+00
 1.5544E+04  5.7696E-02  2.1882E-01  5.7571E-02  4.4333E-01  1.0000E+00
 1.5663E+04  5.7828E-02  2.1763E-01  5.7705E-02  4.4098E-01  1.0000E+00
 1.5783E+04  5.7961E-02  2.1644E-01  5.7839E-02  4.3864E-01  1.0000E+00
 1.5903E+04  5.8094E-02  2.1527E-01  5.7973E-02  4.3632E-01  1.0000E+00
 1.6025E+04  5.8227E-02  2.1410E-01  5.8107E-02  4.3400E-01  1.0000E+00
 1.6148E+04  5.8361E-02  2.1293E-01  5.8241E-02  4.3170E-01  1.0000E+00
 1.6272E+04  5.8495E-02  2.1177E-01  5.8376E-02  4.2941E-01  1.0000E+00
 1.6396E+04  5.8629E-02  2.1062E-01  5.8511E-02  4.2714E-01  1.0000E+00
 1.6522E+04  5.8764E-02  2.0947E-01  5.8647E-02  4.2487E-01  1.0000E+00
 1.6648E+04  5.8899E-02  2.0833E-01  5.8782E-02  4.2262E-01  1.0000E+00
 1.6776E+04  5.9034E-02  2.0720E-01  5.8918E-02  4.2037E-01  1.0000E+00
 1.6904E+04  5.9169E-02  2.0607E-01  5.9055E-02  4.1814E-01  1.0000E+00
 1.7034E+04  5.9305E-02  2.0495E-01  5.9191E-02  4.1593E-01  1.0000E+00
 1.7164E+04  5.9441E-02  2.0383E-01  5.9328E-02  4.1372E-01  1.0000E+00
 1.7296E+04  5.9577E-02  2.0272E-01  5.9465E-02  4.1152E-01  1.0000E+00
 1.7428E+04  5.9714E-02  2.0162E-01  5.9603E-02  4.0934E-01  1.0000E+00
 1.7562E+04  5.9851E-02  2.0052E-01  5.9741E-02  4.0717E-01  1.0000E+00
 1.7696E+04  5.9989E-02  1.9942E-01  5.9879E-02  4.0501E-01  1.0000E+00
 1.7832E+04  6.0126E-02  1.9834E-01  6.0017E-02  4.0286E-01  1.0000E+00
 1.7968E+04  6.0264E-02  1.9726E-01  6.0156E-02  4.0072E-01  1.0000E+00
 1.8106E+04  6.0402E-02  1.9618E-01  6.0295E-02  3.9860E-01  1.0000E+00
 1.8244E+04  6.0541E-02  1.9511E-01  6.0434E-02  3.9648E-01  1.0000E+00
 1.8384E+04  6.0680E-02  1.9404E-01  6.0574E-02  3.9438E-01  1.0000E+00
 1.8525E+04  6.0819E-02  1.9299E-01  6.0714E-02  3.9229E-01  1.0000E+00
 1.8667E+04  6.0959E-02  1.9193E-01  6.0855E-02  3.9020E-01  1.0000E+00
 1.8810E+04  6.1099E-02  1.9089E-01  6.0995E-02  3.8813E-01  1.0000E+00
 1.8954E+04  6.1239E-02  1.8984E-01  6.1136E-02  3.8608E-01  1.0000E+00
 1.9099E+04  6.1380E-02  1.8881E-01  6.1278E-02  3.8403E-01  1.0000E+00
 1.9245E+04  6.1521E-02  1.8778E-01  6.1420E-02  3.8199E-01  1.0000E+00
 1.9393E+04  6.1663E-02  1.8675E-01  6.1562E-02  3.7996E-01  1.0000E+00
 1.9541E+04  6.1804E-02  1.8573E-01  6.1704E-02  3.7795E-01  1.0000E+00
 1.9691E+04  6.1946E-02  1.8472E-01  6.1847E-02  3.7595E-01  1.0000E+00
 1.9842E+04  6.2089E-02  1.8371E-01  6.1990E-02  3.7395E-01  1.0000E+00
 1.9994E+04  6.2232E-02  1.8271E-01  6.2134E-02  3.7197E-01  1.0000E+00
 2.0147E+04  6.2375E-02  1.8171E-01  6.2278E-02  3.7000E-01  1.0000E+00
 2.0301E+04  6.2519E-02  1.8071E-01  6.2422E-02  3.6804E-01  1.0000E+00
 2.0456E+04  6.2663E-02  1.7973E-01  6.2567E-02  3.6609E-01  1.0000E+00
 2.0613E+04  6.2807E-02  1.7875E-01  6.2712E-02  3.6415E-01  1.0000E+00
 2.0771E+04  6.2952E-02  1.7777E-01  6.2857E-02  3.6222E-01  1.0000E+00
 2.0930E+04  6.3097E-02  1.7680E-01  6.3003E-02  3.6030E-01  1.0000E+00
 2.1090E+04  6.3243E-02  1.7583E-01  6.3149E-02  3.5839E-01  1.0000E+00
 2.1252E+04  6.3389E-02  1.7487E-01  6.3296E-02  3.5649E-01  1.0000E+00
 2.1415E+04  6.3535E-02  1.7392E-01  6.3443E-02  3.5460E-01  1.0000E+00
 2.1579E+04  6.3682E-02  1.7297E-01  6.3590E-02  3.5273E-01  1.0000E+00
 2.1744E+04  6.3829E-02  1.7202E-01  6.3738E-02  3.5086E-01  1.0000E+00
 2.1910E+04  6.3977E-02  1.7108E-01  6.3887E-02  3.4900E-01  1.0000E+00
 2.2078E+04  6.4125E-02  1.7015E-01  6.4035E-02  3.4716E-01  1.0000E+00
 2.2247E+04  6.4273E-02  1.6922E-01  6.4184E-02  3.4532E-01  1.0000E+00
 2.2418E+04  6.4422E-02  1.6829E-01  6.4334E-02  3.4349E-01  1.0000E+00
 2.2589E+04  6.4571E-02  1.6737E-01  6.4484E-02  3.4168E-01  1.0000E+00
 2.2762E+04  6.4721E-02  1.6646E-01  6.4634E-02  3.3987E-01  1.0000E+00
 2.2937E+04  6.4871E-02  1.6555E-01  6.4785E-02  3.3808E-01  1.0000E+00
 2.3112E+04  6.5022E-02  1.6464E-01  6.4936E-02  3.3629E-01  1.0000E+00
 2.3289E+04  6.5173E-02  1.6374E-01  6.5088E-02  3.3451E-01  1.0000E+00
 2.3468E+04  6.5325E-02  1.6285E-01  6.5240E-02  3.3275E-01  1.0000E+00
 2.3647E+04  6.5476E-02  1.6196E-01  6.5392E-02  3.3099E-01  1.0000E+00
 2.3829E+04  6.5629E-02  1.6108E-01  6.5545E-02  3.2924E-01  1.0000E+00
 2.4011E+04  6.5782E-02  1.6020E-01  6.5699E-02  3.2751E-01  1.0000E+00
 2.4195E+04  6.5935E-02  1.5932E-01  6.5853E-02  3.2578E-01  1.0000E+00
 2.4380E+04  6.6089E-02  1.5845E-01  6.6007E-02  3.2406E-01  1.0000E+00
 2.4567E+04  6.6243E-02  1.5759E-01  6.6162E-02  3.2235E-01  1.0000E+00
 2.4755E+04  6.6398E-02  1.5673E-01  6.6318E-02  3.2065E-01  1.0000E+00
 2.4945E+04  6.6554E-02  1.5587E-01  6.6473E-02  3.1896E-01  1.0000E+00
 2.5136E+04  6.6709E-02  1.5502E-01  6.6630E-02  3.1728E-01  1.0000E+00
 2.5328E+04  6.6866E-02  1.5417E-01  6.6787E-02  3.1561E-01  1.0000E+00
 2.5522E+04  6.7022E-02  1.5333E-01  6.6944E-02  3.1395E-01  1.0000E+00
 2.5718E+04  6.7180E-02  1.5250E-01  6.7102E-02  3.1230E-01  1.0000E+00
 2.5915E+04  6.7338E-02  1.5166E-01  6.7260E-02  3.1066E-01  1.0000E+00
 2.6113E+04  6.7496E-02  1.5084E-01  6.7419E-02  3.0903E-01  1.0000E+00
 2.6313E+04  6.7655E-02  1.5001E-01  6.7578E-02  3.0740E-01  1.0000E+00
 2.6515E+04  6.7814E-02  1.4920E-01  6.7738E-02  3.0579E-01  1.0000E+00
 2.6718E+04  6.7974E-02  1.4838E-01  6.7899E-02  3.0418E-01  1.0000E+00
 2.6922E+04  6.8134E-02  1.4757E-01  6.8060E-02  3.0259E-01  1.0000E+00
 2.7128E+04  6.8295E-02  1.4677E-01  6.8221E-02  3.0100E-01  1.0000E+00
 2.7336E+04  6.8457E-02  1.4597E-01  6.8383E-02  2.9942E-01  1.0000E+00
 2.7545E+04  6.8619E-02  1.4517E-01  6.8546E-02  2.9785E-01  1.0000E+00
 2.7756E+04  6.8782E-02  1.4438E-01  6.8709E-02  2.9629E-01  1.0000E+00
 2.7969E+04  6.8945E-02  1.4360E-01  6.8873E-02  2.9474E-01  1.0000E+00
 2.8183E+04  6.9109E-02  1.4281E-01  6.9037E-02  2.9320E-01  1.0000E+00
 2.8399E+04  6.9273E-02  1.4204E-01  6.9202E-02  2.9167E-01  1.0000E+00
 2.8617E+04  6.9438E-02  1.4126E-01  6.9367E-02  2.9014E-01  1.0000E+00
 2.8836E+04  6.9603E-02  1.4049E-01  6.9533E-02  2.8862E-01  1.0000E+00
 2.9056E+04  6.9769E-02  1.3973E-01  6.9700E-02  2.8712E-01  1.0000E+00
 2.9279E+04  6.9936E-02  1.3897E-01  6.9867E-02  2.8562E-01  1.0000E+00
 2.9503E+04  7.0103E-02  1.3821E-01  7.0035E-02  2.8413E-01  1.0000E+00
 2.9729E+04  7.0271E-02  1.3746E-01  7.0203E-02  2.8265E-01  1.0000E+00
 2.9957E+04  7.0440E-02  1.3672E-01  7.0372E-02  2.8117E-01  1.0000E+00
 3.0186E+04  7.0609E-02  1.3597E-01  7.0542E-02  2.7971E-01  1.0000E+00
 3.0417E+04  7.0779E-02  1.3523E-01  7.0712E-02  2.7825E-01  1.0000E+00
 3.0650E+04  7.0949E-02  1.3450E-01  7.0883E-02  2.7681E-01  1.0000E+00
 3.0885E+04  7.1120E-02  1.3377E-01  7.1054E-02  2.7537E-01  1.0000E+00
 3.1122E+04  7.1292E-02  1.3304E-01  7.1226E-02  2.7394E-01  1.0000E+00
 3.1360E+04  7.1464E-02  1.3232E-01  7.1399E-02  2.7251E-01  1.0000E+00
 3.1600E+04  7.1637E-02  1.3160E-01  7.1572E-02  2.7110E-01  1.0000E+00
 3.1842E+04  7.1811E-02  1.3089E-01  7.1746E-02  2.6969E-01  1.0000E+00
 3.2086E+04  7.1985E-02  1.3018E-01  7.1921E-02  2.6829E-01  1.0000E+00
 3.2332E+04  7.2160E-02  1.2947E-01  7.2096E-02  2.6690E-01  1.0000E+00
 3.2579E+04  7.2336E-02  1.2877E-01  7.2273E-02  2.6552E-01  1.0000E+00
 3.2829E+04  7.2512E-02  1.2808E-01  7.2449E-02  2.6415E-01  1.0000E+00
 3.3080E+04  7.2689E-02  1.2738E-01  7.2627E-02  2.6278E-01  1.0000E+00
 3.3334E+04  7.2867E-02  1.2669E-01  7.2805E-02  2.6143E-01  1.0000E+00
 3.3589E+04  7.3045E-02  1.2601E-01  7.2984E-02  2.6008E-01  1.0000E+00
 3.3846E+04  7.3224E-02  1.2533E-01  7.3163E-02  2.5874E-01  1.0000E+00
 3.4105E+04  7.3404E-02  1.2465E-01  7.3344E-02  2.5740E-01  1.0000E+00
 3.4367E+04  7.3585E-02  1.2397E-01  7.3525E-02  2.5608E-01  1.0000E+00
 3.4630E+04  7.3766E-02  1.2330E-01  7.3706E-02  2.5476E-01  1.0000E+00
 3.4895E+04  7.3948E-02  1.2264E-01  7.3889E-02  2.5345E-01  1.0000E+00
 3.5162E+04  7.4131E-02  1.2198E-01  7.4072E-02  2.5214E-01  1.0000E+00
 3.5431E+04  7.4315E-02  1.2132E-01  7.4256E-02  2.5085E-01  1.0000E+00
 3.5703E+04  7.4499E-02  1.2066E-01  7.4441E-02  2.4956E-01  1.0000E+00
 3.5976E+04  7.4684E-02  1.2001E-01  7.4626E-02  2.4828E-01  1.0000E+00
 3.6252E+04  7.4870E-02  1.1937E-01  7.4813E-02  2.4701E-01  1.0000E+00
 3.6529E+04  7.5057E-02  1.1872E-01  7.5000E-02  2.4575E-01  1.0000E+00
 3.6809E+04  7.5244E-02  1.1808E-01  7.5188E-02  2.4449E-01  1.0000E+00
 3.7091E+04  7.5433E-02  1.1745E-01  7.5376E-02  2.4324E-01  1.0000E+00
 3.7375E+04  7.5622E-02  1.1682E-01  7.5566E-02  2.4200E-01  1.0000E+00
 3.7661E+04  7.5812E-02  1.1619E-01  7.5756E-02  2.4076E-01  1.0000E+00
 3.7950E+04  7.6002E-02  1.1556E-01  7.5947E-02  2.3954E-01  1.0000E+00
 3.8240E+04  7.6194E-02  1.1494E-01  7.6139E-02  2.3832E-01  1.0000E+00
 3.8533E+04  7.6386E-02  1.1433E-01  7.6332E-02  2.3711E-01  1.0000E+00
 3.8828E+04  7.6580E-02  1.1371E-01  7.6525E-02  2.3590E-01  1.0000E+00
 3.9126E+04  7.6774E-02  1.1310E-01  7.6720E-02  2.3470E-01  1.0000E+00
 3.9425E+04  7.6969E-02  1.1250E-01  7.6915E-02  2.3351E-01  1.0000E+00
 3.9727E+04  7.7165E-02  1.1189E-01  7.7112E-02  2.3233E-01  1.0000E+00
 4.0032E+04  7.7361E-02  1.1130E-01  7.7309E-02  2.3115E-01  1.0000E+00
 4.0338E+04  7.7559E-02  1.1070E-01  7.7507E-02  2.2998E-01  1.0000E+00
 4.0647E+04  7.7758E-02  1.1011E-01  7.7706E-02  2.2882E-01  1.0000E+00
 4.0958E+04  7.7957E-02  1.0952E-01  7.7905E-02  2.2767E-01  1.0000E+00
 4.1272E+04  7.8158E-02  1.0893E-01  7.8106E-02  2.2652E-01  1.0000E+00
 4.1588E+04  7.8359E-02  1.0835E-01  7.8308E-02  2.2538E-01  1.0000E+00
 4.1907E+04  7.8561E-02  1.0777E-01  7.8510E-02  2.2424E-01  1.0000E+00
 4.2228E+04  7.8764E-02  1.0720E-01  7.8714E-02  2.2311E-01  1.0000E+00
 4.2551E+04  7.8969E-02  1.0663E-01  7.8919E-02  2.2199E-01  1.0000E+00
 4.2877E+04  7.9174E-02  1.0606E-01  7.9124E-02  2.2088E-01  1.0000E+00
 4.3205E+04  7.9380E-02  1.0550E-01  7.9330E-02  2.1977E-01  1.0000E+00
 4.3536E+04  7.9587E-02  1.0493E-01  7.9538E-02  2.1867E-01  1.0000E+00
 4.3869E+04  7.9795E-02  1.0438E-01  7.9746E-02  2.1758E-01  1.0000E+00
 4.4205E+04  8.0004E-02  1.0382E-01  7.9956E-02  2.1649E-01  1.0000E+00
 4.4544E+04  8.0214E-02  1.0327E-01  8.0166E-02  2.1541E-01  1.0000E+00
 4.4885E+04  8.0426E-02  1.0272E-01  8.0378E-02  2.1434E-01  1.0000E+00
 4.5229E+04  8.0638E-02  1.0218E-01  8.0590E-02  2.1327E-01  1.0000E+00
 4.5575E+04  8.0851E-02  1.0164E-01  8.0804E-02  2.1221E-01  1.0000E+00
 4.5924E+04  8.1065E-02  1.0110E-01  8.1018E-02  2.1116E-01  1.0000E+00
 4.6276E+04  8.1281E-02  1.0056E-01  8.1234E-02  2.1011E-01  1.0000E+00
 4.6630E+04  8.1497E-02  1.0003E-01  8.1451E-02  2.0907E-01  1.0000E+00
 4.6987E+04  8.1715E-02  9.9504E-02  8.1669E-02  2.0804E-01  1.0000E+00
 4.7347E+04  8.1933E-02  9.8978E-02  8.1888E-02  2.0701E-01  1.0000E+00
 4.7710E+04  8.2153E-02  9.8456E-02  8.2108E-02  2.0599E-01  1.0000E+00
 4.8075E+04  8.2374E-02  9.7937E-02  8.2329E-02  2.0498E-01  1.0000E+00
 4.8443E+04  8.2596E-02  9.7421E-02  8.2551E-02  2.0397E-01  1.0000E+00
 4.8814E+04  8.2819E-02  9.6908E-02  8.2774E-02  2.0296E-01  1.0000E+00
 4.9188E+04  8.3043E-02  9.6399E-02  8.2999E-02  2.0197E-01  1.0000E+00
 4.9565E+04  8.3269E-02  9.5892E-02  8.3225E-02  2.0098E-01  1.0000E+00
 4.9945E+04  8.3496E-02  9.5389E-02  8.3452E-02  1.9999E-01  1.0000E+00
 5.0327E+04  8.3723E-02  9.4888E-02  8.3680E-02  1.9902E-01  1.0000E+00
 5.0713E+04  8.3953E-02  9.4391E-02  8.3909E-02  1.9805E-01  1.0000E+00
 5.1101E+04  8.4183E-02  9.3896E-02  8.4140E-02  1.9708E-01  1.0000E+00
 5.1492E+04  8.4414E-02  9.3405E-02  8.4372E-02  1.9612E-01  1.0000E+00
 5.1887E+04  8.4647E-02  9.2916E-02  8.4605E-02  1.9517E-01  1.0000E+00
 5.2284E+04  8.4881E-02  9.2431E-02  8.4839E-02  1.9422E-01  1.0000E+00
 5.2684E+04  8.5116E-02  9.1948E-02  8.5074E-02  1.9328E-01  1.0000E+00
 5.3088E+04  8.5353E-02  9.1469E-02  8.5311E-02  1.9235E-01  1.0000E+00
 5.3494E+04  8.5591E-02  9.0992E-02  8.5549E-02  1.9142E-01  1.0000E+00
 5.3904E+04  8.5830E-02  9.0518E-02  8.5789E-02  1.9049E-01  1.0000E+00
 5.4317E+04  8.6070E-02  9.0048E-02  8.6029E-02  1.8958E-01  1.0000E+00
 5.4733E+04  8.6312E-02  8.9580E-02  8.6271E-02  1.8866E-01  1.0000E+00
 5.5152E+04  8.6555E-02  8.9115E-02  8.6515E-02  1.8776E-01  1.0000E+00
 5.5574E+04  8.6800E-02  8.8652E-02  8.6760E-02  1.8686E-01  1.0000E+00
 5.6000E+04  8.7046E-02  8.8193E-02  8.7006E-02  1.8597E-01  1.0000E+00
 5.6429E+04  8.7293E-02  8.7736E-02  8.7253E-02  1.8508E-01  1.0000E+00
 5.6861E+04  8.7542E-02  8.7283E-02  8.7502E-02  1.8419E-01  1.0000E+00
 5.7297E+04  8.7792E-02  8.6832E-02  8.7752E-02  1.8332E-01  1.0000E+00
 5.7735E+04  8.8043E-02  8.6383E-02  8.8004E-02  1.8245E-01  1.0000E+00
 5.8177E+04  8.8296E-02  8.5938E-02  8.8257E-02  1.8158E-01  1.0000E+00
 5.8623E+04  8.8551E-02  8.5495E-02  8.8512E-02  1.8072E-01  1.0000E+00
 5.9072E+04  8.8806E-02  8.5055E-02  8.8768E-02  1.7987E-01  1.0000E+00
 5.9524E+04  8.9064E-02  8.4618E-02  8.9026E-02  1.7902E-01  1.0000E+00
 5.9980E+04  8.9323E-02  8.4184E-02  8.9285E-02  1.7817E-01  1.0000E+00
 6.0440E+04  8.9583E-02  8.3752E-02  8.9545E-02  1.7733E-01  1.0000E+00
 6.0902E+04  8.9845E-02  8.3323E-02  8.9808E-02  1.7650E-01  1.0000E+00
 6.1369E+04  9.0108E-02  8.2896E-02  9.0071E-02  1.7568E-01  1.0000E+00
 6.1839E+04  9.0374E-02  8.2472E-02  9.0337E-02  1.7485E-01  1.0000E+00
 6.2312E+04  9.0640E-02  8.2051E-02  9.0603E-02  1.7404E-01  1.0000E+00
 6.2790E+04  9.0908E-02  8.1633E-02  9.0872E-02  1.7323E-01  1.0000E+00
 6.3270E+04  9.1178E-02  8.1217E-02  9.1142E-02  1.7242E-01  1.0000E+00
 6.3755E+04  9.1450E-02  8.0803E-02  9.1414E-02  1.7162E-01  1.0000E+00
 6.4243E+04  9.1723E-02  8.0393E-02  9.1687E-02  1.7083E-01  1.0000E+00
 6.4735E+04  9.1998E-02  7.9984E-02  9.1962E-02  1.7004E-01  1.0000E+00
 6.5231E+04  9.2274E-02  7.9579E-02  9.2239E-02  1.6925E-01  1.0000E+00
 6.5731E+04  9.2552E-02  7.9176E-02  9.2517E-02  1.6847E-01  1.0000E+00
 6.6234E+04  9.2832E-02  7.8775E-02  9.2797E-02  1.6770E-01  1.0000E+00
 6.6741E+04  9.3114E-02  7.8377E-02  9.3079E-02  1.6693E-01  1.0000E+00
 6.7252E+04  9.3397E-02  7.7981E-02  9.3363E-02  1.6616E-01  1.0000E+00
 6.7767E+04  9.3682E-02  7.7588E-02  9.3648E-02  1.6541E-01  1.0000E+00
 6.8286E+04  9.3969E-02  7.7198E-02  9.3935E-02  1.6465E-01  1.0000E+00
 6.8809E+04  9.4258E-02  7.6810E-02  9.4224E-02  1.6390E-01  1.0000E+00
 6.9336E+04  9.4549E-02  7.6424E-02  9.4515E-02  1.6316E-01  1.0000E+00
 6.9867E+04  9.4841E-02  7.6041E-02  9.4807E-02  1.6242E-01  1.0000E+00
 7.0402E+04  9.5135E-02  7.5660E-02  9.5102E-02  1.6169E-01  1.0000E+00
 7.0942E+04  9.5432E-02  7.5281E-02  9.5398E-02  1.6096E-01  1.0000E+00
 7.1485E+04  9.5730E-02  7.4905E-02  9.5697E-02  1.6023E-01  1.0000E+00
 7.2032E+04  9.6030E-02  7.4532E-02  9.5997E-02  1.5951E-01  1.0000E+00
 7.2584E+04  9.6332E-02  7.4160E-02  9.6299E-02  1.5880E-01  1.0000E+00
 7.3140E+04  9.6636E-02  7.3792E-02  9.6603E-02  1.5809E-01  1.0000E+00
 7.3700E+04  9.6941E-02  7.3425E-02  9.6909E-02  1.5739E-01  1.0000E+00
 7.4264E+04  9.7249E-02  7.3061E-02  9.7217E-02  1.5669E-01  1.0000E+00
 7.4833E+04  9.7559E-02  7.2699E-02  9.7527E-02  1.5599E-01  1.0000E+00
 7.5406E+04  9.7871E-02  7.2339E-02  9.7840E-02  1.5530E-01  1.0000E+00
 7.5984E+04  9.8185E-02  7.1982E-02  9.8154E-02  1.5462E-01  1.0000E+00
 7.6566E+04  9.8501E-02  7.1627E-02  9.8470E-02  1.5394E-01  1.0000E+00
 7.7152E+04  9.8820E-02  7.1274E-02  9.8789E-02  1.5326E-01  1.0000E+00
 7.7743E+04  9.9140E-02  7.0924E-02  9.9109E-02  1.5259E-01  1.0000E+00
 7.8338E+04  9.9463E-02  7.0576E-02  9.9432E-02  1.5192E-01  1.0000E+00
 7.8938E+04  9.9788E-02  7.0230E-02  9.9757E-02  1.5126E-01  1.0000E+00
 7.9543E+04  1.0011E-01  6.9886E-02  1.0008E-01  1.5060E-01  1.0000E+00
 8.0152E+04  1.0044E-01  6.9544E-02  1.0041E-01  1.4995E-01  1.0000E+00
 8.0766E+04  1.0078E-01  6.9205E-02  1.0074E-01  1.4930E-01  1.0000E+00
 8.1384E+04  1.0111E-01  6.8868E-02  1.0108E-01  1.4866E-01  1.0000E+00
 8.2008E+04  1.0144E-01  6.8533E-02  1.0142E-01  1.4802E-01  1.0000E+00
 8.2636E+04  1.0178E-01  6.8200E-02  1.0175E-01  1.4739E-01  1.0000E+00
 8.3268E+04  1.0212E-01  6.7869E-02  1.0209E-01  1.4676E-01  1.0000E+00
 8.3906E+04  1.0247E-01  6.7541E-02  1.0244E-01  1.4613E-01  1.0000E+00
 8.4549E+04  1.0281E-01  6.7214E-02  1.0278E-01  1.4551E-01  1.0000E+00
 8.5196E+04  1.0316E-01  6.6890E-02  1.0313E-01  1.4489E-01  1.0000E+00
 8.5849E+04  1.0351E-01  6.6568E-02  1.0348E-01  1.4428E-01  1.0000E+00
 8.6506E+04  1.0386E-01  6.6248E-02  1.0383E-01  1.4367E-01  1.0000E+00
 8.7169E+04  1.0422E-01  6.5930E-02  1.0419E-01  1.4307E-01  1.0000E+00
 8.7836E+04  1.0458E-01  6.5614E-02  1.0455E-01  1.4247E-01  1.0000E+00
 8.8509E+04  1.0494E-01  6.5300E-02  1.0491E-01  1.4187E-01  1.0000E+00
 8.9187E+04  1.0530E-01  6.4988E-02  1.0527E-01  1.4128E-01  1.0000E+00
 8.9870E+04  1.0567E-01  6.4678E-02  1.0564E-01  1.4069E-01  1.0000E+00
 9.0558E+04  1.0603E-01  6.4371E-02  1.0601E-01  1.4011E-01  1.0000E+00
 9.1252E+04  1.0640E-01  6.4065E-02  1.0638E-01  1.3953E-01  1.0000E+00
 9.1950E+04  1.0678E-01  6.3761E-02  1.0675E-01  1.3896E-01  1.0000E+00
 9.2655E+04  1.0715E-01  6.3460E-02  1.0713E-01  1.3839E-01  1.0000E+00
 9.3364E+04  1.0753E-01  6.3160E-02  1.0751E-01  1.3782E-01  1.0000E+00
 9.4079E+04  1.0792E-01  6.2862E-02  1.0789E-01  1.3726E-01  1.0000E+00
 9.4800E+04  1.0830E-01  6.2566E-02  1.0827E-01  1.3671E-01  1.0000E+00
 9.5526E+04  1.0869E-01  6.2273E-02  1.0866E-01  1.3615E-01  1.0000E+00
 9.6257E+04  1.0908E-01  6.1981E-02  1.0905E-01  1.3560E-01  1.0000E+00
 9.6994E+04  1.0947E-01  6.1691E-02  1.0945E-01  1.3506E-01  1.0000E+00
 9.7737E+04  1.0987E-01  6.1403E-02  1.0984E-01  1.3452E-01  1.0000E+00
 9.8486E+04  1.1027E-01  6.1117E-02  1.1024E-01  1.3398E-01  1.0000E+00
 9.9240E+04  1.1067E-01  6.0833E-02  1.1064E-01  1.3345E-01  1.0000E+00
 1.0000E+05  1.1107E-01  6.0550E-02  1.1105E-01  1.3292E-01  1.0000E+00


