#     0	 1	   10	 1	 9.9703E+01	 1000	1
 4.8978E+01  0.0000E+00  0.0000E+00  0.0000E+00  0.0000E+00  0.0000E+00
 4.9353E+01  0.0000E+00  0.0000E+00  0.0000E+00  0.0000E+00  0.0000E+00
 4.9731E+01  0.0000E+00  0.0000E+00  0.0000E+00  0.0000E+00  0.0000E+00
 5.0112E+01  0.0000E+00  0.0000E+00  0.0000E+00  0.0000E+00  0.0000E+00
 5.0496E+01  0.0000E+00  0.0000E+00  0.0000E+00  0.0000E+00  0.0000E+00
 5.0882E+01  0.0000E+00  0.0000E+00  0.0000E+00  0.0000E+00  0.0000E+00
 5.1272E+01  0.0000E+00  0.0000E+00  0.0000E+00  0.0000E+00  0.0000E+00
 5.1665E+01  0.0000E+00  0.0000E+00  0.0000E+00  0.0000E+00  0.0000E+00
 5.2060E+01  0.0000E+00  0.0000E+00  0.0000E+00  0.0000E+00  0.0000E+00
 5.2459E+01  0.0000E+00  0.0000E+00  0.0000E+00  0.0000E+00  0.0000E+00
 5.2861E+01  0.0000E+00  0.0000E+00  0.0000E+00  0.0000E+00  0.0000E+00
 5.3266E+01  0.0000E+00  0.0000E+00  0.0000E+00  0.0000E+00  0.0000E+00
 5.3673E+01  0.0000E+00  0.0000E+00  0.0000E+00  0.0000E+00  0.0000E+00
 5.4085E+01  0.0000E+00  0.0000E+00  0.0000E+00  0.0000E+00  0.0000E+00
 5.4499E+01  0.0000E+00  0.0000E+00  0.0000E+00  0.0000E+00  0.0000E+00
 5.4916E+01  0.0000E+00  0.0000E+00  0.0000E+00  0.0000E+00  0.0000E+00
 5.5337E+01  0.0000E+00  0.0000E+00  0.0000E+00  0.0000E+00  0.0000E+00
 5.5760E+01  0.0000E+00  0.0000E+00  0.0000E+00  0.0000E+00  0.0000E+00
 5.6187E+01  0.0000E+00  0.0000E+00  0.0000E+00  0.0000E+00  0.0000E+00
 5.6618E+01  0.0000E+00  0.0000E+00  0.0000E+00  0.0000E+00  0.0000E+00
 5.7051E+01  0.0000E+00  0.0000E+00  0.0000E+00  0.0000E+00  0.0000E+00
 5.7488E+01  0.0000E+00  0.0000E+00  0.0000E+00  0.0000E+00  0.0000E+00
 5.7929E+01  0.0000E+00  0.0000E+00  0.0000E+00  0.0000E+00  0.0000E+00
 5.8372E+01  0.0000E+00  0.0000E+00  0.0000E+00  0.0000E+00  0.0000E+00
 5.8819E+01  0.0000E+00  0.0000E+00  0.0000E+00  0.0000E+00  0.0000E+00
 5.9270E+01  0.0000E+00  0.0000E+00  0.0000E+00  0.0000E+00  0.0000E+00
 5.9724E+01  0.0000E+00  0.0000E+00  0.0000E+00  0.0000E+00  0.0000E+00
 6.0181E+01  0.0000E+00  0.0000E+00  0.0000E+00  0.0000E+00  0.0000E+00
 6.0642E+01  0.0000E+00  0.0000E+00  0.0000E+00  0.0000E+00  0.0000E+00
 6.1106E+01  0.0000E+00  0.0000E+00  0.0000E+00  0.0000E+00  0.0000E+00
 6.1574E+01  0.0000E+00  0.0000E+00  0.0000E+00  0.0000E+00  0.0000E+00
 6.2046E+01  0.0000E+00  0.0000E+00  0.0000E+00  0.0000E+00  0.0000E+00
 6.2521E+01  0.0000E+00  0.0000E+00  0.0000E+00  0.0000E+00  0.0000E+00
 6.3000E+01  0.0000E+00  0.0000E+00  0.0000E+00  0.0000E+00  0.0000E+00
 6.3482E+01  0.0000E+00  0.0000E+00  0.0000E+00  0.0000E+00  0.0000E+00
 6.3968E+01  0.0000E+00  0.0000E+00  0.0000E+00  0.0000E+00  0.0000E+00
 6.4458E+01  0.0000E+00  0.0000E+00  0.0000E+00  0.0000E+00  0.0000E+00
 6.4952E+01  0.0000E+00  0.0000E+00  0.0000E+00  0.0000E+00  0.0000E+00
 6.5449E+01  0.0000E+00  0.0000E+00  0.0000E+00  0.0000E+00  0.0000E+00
 6.5951E+01  0.0000E+00  0.0000E+00  0.0000E+00  0.0000E+00  0.0000E+00
 6.6456E+01  0.0000E+00  0.0000E+00  0.0000E+00  0.0000E+00  0.0000E+00
 6.6965E+01  0.0000E+00  0.0000E+00  0.0000E+00  0.0000E+00  0.0000E+00
 6.7478E+01  0.0000E+00  0.0000E+00  0.0000E+00  0.0000E+00  0.0000E+00
 6.7994E+01  0.0000E+00  0.0000E+00  0.0000E+00  0.0000E+00  0.0000E+00
 6.8515E+01  0.0000E+00  0.0000E+00  0.0000E+00  0.0000E+00  0.0000E+00
 6.9040E+01  0.0000E+00  0.0000E+00  0.0000E+00  0.0000E+00  0.0000E+00
 6.9568E+01  0.0000E+00  0.0000E+00  0.0000E+00  0.0000E+00  0.0000E+00
 7.0101E+01  0.0000E+00  0.0000E+00  0.0000E+00  0.0000E+00  0.0000E+00
 7.0638E+01  0.0000E+00  0.0000E+00  0.0000E+00  0.0000E+00  0.0000E+00
 7.1179E+01  0.0000E+00  0.0000E+00  0.0000E+00  0.0000E+00  0.0000E+00
 7.1724E+01  0.0000E+00  0.0000E+00  0.0000E+00  0.0000E+00  0.0000E+00
 7.2273E+01  0.0000E+00  0.0000E+00  0.0000E+00  0.0000E+00  0.0000E+00
 7.2827E+01  0.0000E+00  0.0000E+00  0.0000E+00  0.0000E+00  0.0000E+00
 7.3385E+01  0.0000E+00  0.0000E+00  0.0000E+00  0.0000E+00  0.0000E+00
 7.3947E+01  0.0000E+00  0.0000E+00  0.0000E+00  0.0000E+00  0.0000E+00
 7.4513E+01  0.0000E+00  0.0000E+00  0.0000E+00  0.0000E+00  0.0000E+00
 7.5084E+01  0.0000E+00  0.0000E+00  0.0000E+00  0.0000E+00  0.0000E+00
 7.5659E+01  0.0000E+00  0.0000E+00  0.0000E+00  0.0000E+00  0.0000E+00
 7.6238E+01  0.0000E+00  0.0000E+00  0.0000E+00  0.0000E+00  0.0000E+00
 7.6822E+01  0.0000E+00  0.0000E+00  0.0000E+00  0.0000E+00  0.0000E+00
 7.7410E+01  0.0000E+00  0.0000E+00  0.0000E+00  0.0000E+00  0.0000E+00
 7.8003E+01  0.0000E+00  0.0000E+00  0.0000E+00  0.0000E+00  0.0000E+00
 7.8601E+01  0.0000E+00  0.0000E+00  0.0000E+00  0.0000E+00  0.0000E+00
 7.9202E+01  0.0000E+00  0.0000E+00  0.0000E+00  0.0000E+00  0.0000E+00
 7.9809E+01  0.0000E+00  0.0000E+00  0.0000E+00  0.0000E+00  0.0000E+00
 8.0420E+01  0.0000E+00  0.0000E+00  0.0000E+00  0.0000E+00  0.0000E+00
 8.1036E+01  0.0000E+00  0.0000E+00  0.0000E+00  0.0000E+00  0.0000E+00
 8.1657E+01  0.0000E+00  0.0000E+00  0.0000E+00  0.0000E+00  0.0000E+00
 8.2282E+01  0.0000E+00  0.0000E+00  0.0000E+00  0.0000E+00  0.0000E+00
 8.2912E+01  0.0000E+00  0.0000E+00  0.0000E+00  0.0000E+00  0.0000E+00
 8.3547E+01  0.0000E+00  0.0000E+00  0.0000E+00  0.0000E+00  0.0000E+00
 8.4187E+01  0.0000E+00  0.0000E+00  0.0000E+00  0.0000E+00  0.0000E+00
 8.4832E+01  0.0000E+00  0.0000E+00  0.0000E+00  0.0000E+00  0.0000E+00
 8.5481E+01  0.0000E+00  0.0000E+00  0.0000E+00  0.0000E+00  0.0000E+00
 8.6136E+01  0.0000E+00  0.0000E+00  0.0000E+00  0.0000E+00  0.0000E+00
 8.6796E+01  0.0000E+00  0.0000E+00  0.0000E+00  0.0000E+00  0.0000E+00
 8.7460E+01  0.0000E+00  0.0000E+00  0.0000E+00  0.0000E+00  0.0000E+00
 8.8130E+01  0.0000E+00  0.0000E+00  0.0000E+00  0.0000E+00  0.0000E+00
 8.8805E+01  0.0000E+00  0.0000E+00  0.0000E+00  0.0000E+00  0.0000E+00
 8.9485E+01  0.0000E+00  0.0000E+00  0.0000E+00  0.0000E+00  0.0000E+00
 9.0171E+01  0.0000E+00  0.0000E+00  0.0000E+00  0.0000E+00  0.0000E+00
 9.0861E+01  0.0000E+00  0.0000E+00  0.0000E+00  0.0000E+00  0.0000E+00
 9.1557E+01  0.0000E+00  0.0000E+00  0.0000E+00  0.0000E+00  0.0000E+00
 9.2258E+01  0.0000E+00  0.0000E+00  0.0000E+00  0.0000E+00  0.0000E+00
 9.2965E+01  0.0000E+00  0.0000E+00  0.0000E+00  0.0000E+00  0.0000E+00
 9.3677E+01  0.0000E+00  0.0000E+00  0.0000E+00  0.0000E+00  0.0000E+00
 9.4394E+01  0.0000E+00  0.0000E+00  0.0000E+00  0.0000E+00  0.0000E+00
 9.5117E+01  0.0000E+00  0.0000E+00  0.0000E+00  0.0000E+00  0.0000E+00
 9.5845E+01  0.0000E+00  0.0000E+00  0.0000E+00  0.0000E+00  0.0000E+00
 9.6579E+01  0.0000E+00  0.0000E+00  0.0000E+00  0.0000E+00  0.0000E+00
 9.7319E+01  0.0000E+00  0.0000E+00  0.0000E+00  0.0000E+00  0.0000E+00
 9.8064E+01  0.0000E+00  0.0000E+00  0.0000E+00  0.0000E+00  0.0000E+00
 9.8815E+01  0.0000E+00  0.0000E+00  0.0000E+00  0.0000E+00  0.0000E+00
 9.9572E+01  0.0000E+00  0.0000E+00  0.0000E+00  0.0000E+00  0.0000E+00
 1.0033E+02  5.9186E-02  3.5299E+01  6.8074E-02  8.1133E+01  1.0000E+00
 1.0110E+02  5.9245E-02  3.5066E+01  6.8074E-02  8.0517E+01  1.0000E+00
 1.0188E+02  5.9304E-02  3.4834E+01  6.8075E-02  7.9906E+01  1.0000E+00
 1.0266E+02  5.9364E-02  3.4604E+01  6.8075E-02  7.9299E+01  1.0000E+00
 1.0344E+02  5.9423E-02  3.4376E+01  6.8075E-02  7.8697E+01  1.0000E+00
 1.0424E+02  5.9483E-02  3.4148E+01  6.8075E-02  7.8100E+01  1.0000E+00
 1.0503E+02  5.9542E-02  3.3923E+01  6.8075E-02  7.7507E+01  1.0000E+00
 1.0584E+02  5.9601E-02  3.3698E+01  6.8076E-02  7.6918E+01  1.0000E+00
 1.0665E+02  5.9661E-02  3.3476E+01  6.8076E-02  7.6335E+01  1.0000E+00
 1.0747E+02  5.9720E-02  3.3254E+01  6.8076E-02  7.5755E+01  1.0000E+00
 1.0829E+02  5.9779E-02  3.3034E+01  6.8076E-02  7.5180E+01  1.0000E+00
 1.0912E+02  5.9838E-02  3.2816E+01  6.8077E-02  7.4609E+01  1.0000E+00
 1.0995E+02  5.9898E-02  3.2598E+01  6.8077E-02  7.4043E+01  1.0000E+00
 1.1080E+02  5.9956E-02  3.2382E+01  6.8077E-02  7.3481E+01  1.0000E+00
 1.1164E+02  6.0015E-02  3.2168E+01  6.8077E-02  7.2923E+01  1.0000E+00
 1.1250E+02  6.0074E-02  3.1954E+01  6.8077E-02  7.2369E+01  1.0000E+00
 1.1336E+02  6.0133E-02  3.1743E+01  6.8078E-02  7.1820E+01  1.0000E+00
 1.1423E+02  6.0192E-02  3.1532E+01  6.8078E-02  7.1275E+01  1.0000E+00
 1.1510E+02  6.0250E-02  3.1323E+01  6.8078E-02  7.0734E+01  1.0000E+00
 1.1599E+02  6.0308E-02  3.1115E+01  6.8078E-02  7.0197E+01  1.0000E+00
 1.1687E+02  6.0367E-02  3.0908E+01  6.8079E-02  6.9664E+01  1.0000E+00
 1.1777E+02  6.0425E-02  3.0703E+01  6.8079E-02  6.9135E+01  1.0000E+00
 1.1867E+02  6.0483E-02  3.0499E+01  6.8079E-02  6.8610E+01  1.0000E+00
 1.1958E+02  6.0541E-02  3.0296E+01  6.8079E-02  6.8090E+01  1.0000E+00
 1.2050E+02  6.0599E-02  3.0095E+01  6.8080E-02  6.7573E+01  1.0000E+00
 1.2142E+02  6.0657E-02  2.9894E+01  6.8080E-02  6.7060E+01  1.0000E+00
 1.2235E+02  6.0715E-02  2.9695E+01  6.8080E-02  6.6551E+01  1.0000E+00
 1.2329E+02  6.0773E-02  2.9498E+01  6.8080E-02  6.6045E+01  1.0000E+00
 1.2423E+02  6.0830E-02  2.9301E+01  6.8081E-02  6.5544E+01  1.0000E+00
 1.2518E+02  6.0888E-02  2.9106E+01  6.8081E-02  6.5046E+01  1.0000E+00
 1.2614E+02  6.0945E-02  2.8912E+01  6.8081E-02  6.4553E+01  1.0000E+00
 1.2711E+02  6.1002E-02  2.8719E+01  6.8081E-02  6.4063E+01  1.0000E+00
 1.2808E+02  6.1059E-02  2.8528E+01  6.8082E-02  6.3576E+01  1.0000E+00
 1.2906E+02  6.1117E-02  2.8337E+01  6.8082E-02  6.3094E+01  1.0000E+00
 1.3005E+02  6.1173E-02  2.8148E+01  6.8082E-02  6.2615E+01  1.0000E+00
 1.3104E+02  6.1230E-02  2.7960E+01  6.8082E-02  6.2139E+01  1.0000E+00
 1.3205E+02  6.1287E-02  2.7773E+01  6.8083E-02  6.1668E+01  1.0000E+00
 1.3306E+02  6.1344E-02  2.7587E+01  6.8083E-02  6.1200E+01  1.0000E+00
 1.3408E+02  6.1400E-02  2.7403E+01  6.8083E-02  6.0735E+01  1.0000E+00
 1.3510E+02  6.1456E-02  2.7220E+01  6.8083E-02  6.0274E+01  1.0000E+00
 1.3614E+02  6.1513E-02  2.7037E+01  6.8084E-02  5.9816E+01  1.0000E+00
 1.3718E+02  6.1569E-02  2.6856E+01  6.8084E-02  5.9362E+01  1.0000E+00
 1.3823E+02  6.1625E-02  2.6677E+01  6.8084E-02  5.8912E+01  1.0000E+00
 1.3929E+02  6.1681E-02  2.6498E+01  6.8085E-02  5.8464E+01  1.0000E+00
 1.4036E+02  6.1736E-02  2.6320E+01  6.8085E-02  5.8021E+01  1.0000E+00
 1.4143E+02  6.1792E-02  2.6144E+01  6.8085E-02  5.7580E+01  1.0000E+00
 1.4252E+02  6.1848E-02  2.5968E+01  6.8085E-02  5.7143E+01  1.0000E+00
 1.4361E+02  6.1903E-02  2.5794E+01  6.8086E-02  5.6709E+01  1.0000E+00
 1.4471E+02  6.1958E-02  2.5621E+01  6.8086E-02  5.6279E+01  1.0000E+00
 1.4582E+02  6.2013E-02  2.5449E+01  6.8086E-02  5.5851E+01  1.0000E+00
 1.4693E+02  6.2068E-02  2.5277E+01  6.8087E-02  5.5427E+01  1.0000E+00
 1.4806E+02  6.2123E-02  2.5107E+01  6.8087E-02  5.5007E+01  1.0000E+00
 1.4919E+02  6.2178E-02  2.4939E+01  6.8087E-02  5.4589E+01  1.0000E+00
 1.5033E+02  6.2233E-02  2.4771E+01  6.8088E-02  5.4175E+01  1.0000E+00
 1.5149E+02  6.2287E-02  2.4604E+01  6.8088E-02  5.3763E+01  1.0000E+00
 1.5265E+02  6.2341E-02  2.4438E+01  6.8088E-02  5.3355E+01  1.0000E+00
 1.5381E+02  6.2395E-02  2.4274E+01  6.8088E-02  5.2950E+01  1.0000E+00
 1.5499E+02  6.2449E-02  2.4110E+01  6.8089E-02  5.2548E+01  1.0000E+00
 1.5618E+02  6.2503E-02  2.3947E+01  6.8089E-02  5.2149E+01  1.0000E+00
 1.5738E+02  6.2557E-02  2.3786E+01  6.8089E-02  5.1754E+01  1.0000E+00
 1.5858E+02  6.2611E-02  2.3625E+01  6.8090E-02  5.1361E+01  1.0000E+00
 1.5980E+02  6.2664E-02  2.3466E+01  6.8090E-02  5.0971E+01  1.0000E+00
 1.6102E+02  6.2717E-02  2.3307E+01  6.8090E-02  5.0584E+01  1.0000E+00
 1.6225E+02  6.2771E-02  2.3149E+01  6.8091E-02  5.0200E+01  1.0000E+00
 1.6349E+02  6.2824E-02  2.2993E+01  6.8091E-02  4.9819E+01  1.0000E+00
 1.6475E+02  6.2876E-02  2.2837E+01  6.8091E-02  4.9441E+01  1.0000E+00
 1.6601E+02  6.2929E-02  2.2683E+01  6.8092E-02  4.9065E+01  1.0000E+00
 1.6728E+02  6.2982E-02  2.2529E+01  6.8092E-02  4.8693E+01  1.0000E+00
 1.6856E+02  6.3034E-02  2.2376E+01  6.8092E-02  4.8323E+01  1.0000E+00
 1.6985E+02  6.3086E-02  2.2225E+01  6.8093E-02  4.7956E+01  1.0000E+00
 1.7115E+02  6.3138E-02  2.2074E+01  6.8093E-02  4.7592E+01  1.0000E+00
 1.7246E+02  6.3190E-02  2.1924E+01  6.8093E-02  4.7231E+01  1.0000E+00
 1.7378E+02  6.3242E-02  2.1775E+01  6.8094E-02  4.6873E+01  1.0000E+00
 1.7511E+02  6.3293E-02  2.1627E+01  6.8094E-02  4.6517E+01  1.0000E+00
 1.7646E+02  6.3344E-02  2.1480E+01  6.8094E-02  4.6164E+01  1.0000E+00
 1.7781E+02  6.3395E-02  2.1334E+01  6.8095E-02  4.5813E+01  1.0000E+00
 1.7917E+02  6.3446E-02  2.1189E+01  6.8095E-02  4.5465E+01  1.0000E+00
 1.8054E+02  6.3497E-02  2.1045E+01  6.8096E-02  4.5120E+01  1.0000E+00
 1.8192E+02  6.3547E-02  2.0901E+01  6.8096E-02  4.4778E+01  1.0000E+00
 1.8332E+02  6.3598E-02  2.0759E+01  6.8096E-02  4.4438E+01  1.0000E+00
 1.8472E+02  6.3648E-02  2.0617E+01  6.8097E-02  4.4101E+01  1.0000E+00
 1.8614E+02  6.3698E-02  2.0477E+01  6.8097E-02  4.3766E+01  1.0000E+00
 1.8756E+02  6.3748E-02  2.0337E+01  6.8097E-02  4.3434E+01  1.0000E+00
 1.8900E+02  6.3797E-02  2.0198E+01  6.8098E-02  4.3104E+01  1.0000E+00
 1.9045E+02  6.3847E-02  2.0060E+01  6.8098E-02  4.2777E+01  1.0000E+00
 1.9190E+02  6.3896E-02  1.9923E+01  6.8099E-02  4.2452E+01  1.0000E+00
 1.9337E+02  6.3945E-02  1.9787E+01  6.8099E-02  4.2130E+01  1.0000E+00
 1.9485E+02  6.3994E-02  1.9651E+01  6.8099E-02  4.1810E+01  1.0000E+00
 1.9635E+02  6.4043E-02  1.9517E+01  6.8100E-02  4.1493E+01  1.0000E+00
 1.9785E+02  6.4091E-02  1.9383E+01  6.8100E-02  4.1178E+01  1.0000E+00
 1.9937E+02  6.4140E-02  1.9250E+01  6.8101E-02  4.0865E+01  1.0000E+00
 2.0089E+02  6.4188E-02  1.9118E+01  6.8101E-02  4.0555E+01  1.0000E+00
 2.0243E+02  6.4236E-02  1.8987E+01  6.8101E-02  4.0247E+01  1.0000E+00
 2.0398E+02  6.4284E-02  1.8857E+01  6.8102E-02  3.9941E+01  1.0000E+00
 2.0554E+02  6.4332E-02  1.8727E+01  6.8102E-02  3.9638E+01  1.0000E+00
 2.0712E+02  6.4379E-02  1.8599E+01  6.8103E-02  3.9337E+01  1.0000E+00
 2.0870E+02  6.4427E-02  1.8471E+01  6.8103E-02  3.9039E+01  1.0000E+00
 2.1030E+02  6.4474E-02  1.8344E+01  6.8103E-02  3.8742E+01  1.0000E+00
 2.1191E+02  6.4521E-02  1.8218E+01  6.8104E-02  3.8448E+01  1.0000E+00
 2.1354E+02  6.4568E-02  1.8093E+01  6.8104E-02  3.8157E+01  1.0000E+00
 2.1517E+02  6.4615E-02  1.7968E+01  6.8105E-02  3.7867E+01  1.0000E+00
 2.1682E+02  6.4662E-02  1.7844E+01  6.8105E-02  3.7579E+01  1.0000E+00
 2.1848E+02  6.4708E-02  1.7721E+01  6.8106E-02  3.7294E+01  1.0000E+00
 2.2015E+02  6.4754E-02  1.7599E+01  6.8106E-02  3.7011E+01  1.0000E+00
 2.2184E+02  6.4801E-02  1.7478E+01  6.8107E-02  3.6730E+01  1.0000E+00
 2.2354E+02  6.4847E-02  1.7357E+01  6.8107E-02  3.6451E+01  1.0000E+00
 2.2525E+02  6.4893E-02  1.7238E+01  6.8107E-02  3.6175E+01  1.0000E+00
 2.2697E+02  6.4938E-02  1.7119E+01  6.8108E-02  3.5900E+01  1.0000E+00
 2.2871E+02  6.4984E-02  1.7001E+01  6.8108E-02  3.5628E+01  1.0000E+00
 2.3046E+02  6.5030E-02  1.6883E+01  6.8109E-02  3.5357E+01  1.0000E+00
 2.3223E+02  6.5075E-02  1.6767E+01  6.8109E-02  3.5089E+01  1.0000E+00
 2.3401E+02  6.5120E-02  1.6651E+01  6.8110E-02  3.4823E+01  1.0000E+00
 2.3580E+02  6.5165E-02  1.6535E+01  6.8110E-02  3.4558E+01  1.0000E+00
 2.3761E+02  6.5210E-02  1.6421E+01  6.8111E-02  3.4296E+01  1.0000E+00
 2.3942E+02  6.5255E-02  1.6307E+01  6.8111E-02  3.4036E+01  1.0000E+00
 2.4126E+02  6.5300E-02  1.6195E+01  6.8112E-02  3.3777E+01  1.0000E+00
 2.4311E+02  6.5344E-02  1.6082E+01  6.8112E-02  3.3521E+01  1.0000E+00
 2.4497E+02  6.5389E-02  1.5971E+01  6.8113E-02  3.3267E+01  1.0000E+00
 2.4684E+02  6.5433E-02  1.5860E+01  6.8113E-02  3.3014E+01  1.0000E+00
 2.4873E+02  6.5477E-02  1.5750E+01  6.8114E-02  3.2763E+01  1.0000E+00
 2.5064E+02  6.5521E-02  1.5641E+01  6.8114E-02  3.2515E+01  1.0000E+00
 2.5256E+02  6.5565E-02  1.5533E+01  6.8115E-02  3.2268E+01  1.0000E+00
 2.5449E+02  6.5609E-02  1.5425E+01  6.8115E-02  3.2023E+01  1.0000E+00
 2.5644E+02  6.5653E-02  1.5318E+01  6.8116E-02  3.1780E+01  1.0000E+00
 2.5841E+02  6.5696E-02  1.5211E+01  6.8116E-02  3.1539E+01  1.0000E+00
 2.6038E+02  6.5740E-02  1.5106E+01  6.8117E-02  3.1299E+01  1.0000E+00
 2.6238E+02  6.5783E-02  1.5001E+01  6.8117E-02  3.1062E+01  1.0000E+00
 2.6439E+02  6.5826E-02  1.4897E+01  6.8118E-02  3.0826E+01  1.0000E+00
 2.6641E+02  6.5869E-02  1.4793E+01  6.8118E-02  3.0592E+01  1.0000E+00
 2.6845E+02  6.5913E-02  1.4690E+01  6.8119E-02  3.0360E+01  1.0000E+00
 2.7051E+02  6.5955E-02  1.4588E+01  6.8120E-02  3.0130E+01  1.0000E+00
 2.7258E+02  6.5998E-02  1.4487E+01  6.8120E-02  2.9901E+01  1.0000E+00
 2.7467E+02  6.6041E-02  1.4386E+01  6.8121E-02  2.9674E+01  1.0000E+00
 2.7677E+02  6.6083E-02  1.4285E+01  6.8121E-02  2.9449E+01  1.0000E+00
 2.7889E+02  6.6125E-02  1.4186E+01  6.8122E-02  2.9225E+01  1.0000E+00
 2.8103E+02  6.6167E-02  1.4087E+01  6.8122E-02  2.9004E+01  1.0000E+00
 2.8318E+02  6.6208E-02  1.3989E+01  6.8123E-02  2.8783E+01  1.0000E+00
 2.8535E+02  6.6249E-02  1.3891E+01  6.8123E-02  2.8565E+01  1.0000E+00
 2.8753E+02  6.6290E-02  1.3794E+01  6.8124E-02  2.8348E+01  1.0000E+00
 2.8974E+02  6.6331E-02  1.3697E+01  6.8125E-02  2.8133E+01  1.0000E+00
 2.9195E+02  6.6371E-02  1.3601E+01  6.8125E-02  2.7920E+01  1.0000E+00
 2.9419E+02  6.6412E-02  1.3506E+01  6.8126E-02  2.7708E+01  1.0000E+00
 2.9644E+02  6.6451E-02  1.3412E+01  6.8126E-02  2.7497E+01  1.0000E+00
 2.9871E+02  6.6491E-02  1.3318E+01  6.8127E-02  2.7289E+01  1.0000E+00
 3.0100E+02  6.6530E-02  1.3224E+01  6.8128E-02  2.7082E+01  1.0000E+00
 3.0331E+02  6.6569E-02  1.3131E+01  6.8128E-02  2.6876E+01  1.0000E+00
 3.0563E+02  6.6608E-02  1.3039E+01  6.8129E-02  2.6672E+01  1.0000E+00
 3.0797E+02  6.6646E-02  1.2947E+01  6.8130E-02  2.6470E+01  1.0000E+00
 3.1033E+02  6.6684E-02  1.2856E+01  6.8130E-02  2.6269E+01  1.0000E+00
 3.1271E+02  6.6722E-02  1.2766E+01  6.8131E-02  2.6070E+01  1.0000E+00
 3.1510E+02  6.6759E-02  1.2676E+01  6.8131E-02  2.5872E+01  1.0000E+00
 3.1751E+02  6.6797E-02  1.2586E+01  6.8132E-02  2.5675E+01  1.0000E+00
 3.1994E+02  6.6833E-02  1.2498E+01  6.8133E-02  2.5481E+01  1.0000E+00
 3.2240E+02  6.6870E-02  1.2409E+01  6.8133E-02  2.5287E+01  1.0000E+00
 3.2486E+02  6.6906E-02  1.2322E+01  6.8134E-02  2.5095E+01  1.0000E+00
 3.2735E+02  6.6942E-02  1.2235E+01  6.8135E-02  2.4905E+01  1.0000E+00
 3.2986E+02  6.6978E-02  1.2148E+01  6.8135E-02  2.4716E+01  1.0000E+00
 3.3239E+02  6.7013E-02  1.2062E+01  6.8136E-02  2.4528E+01  1.0000E+00
 3.3493E+02  6.7048E-02  1.1977E+01  6.8137E-02  2.4342E+01  1.0000E+00
 3.3750E+02  6.7083E-02  1.1892E+01  6.8137E-02  2.4158E+01  1.0000E+00
 3.4008E+02  6.7117E-02  1.1807E+01  6.8138E-02  2.3974E+01  1.0000E+00
 3.4268E+02  6.7151E-02  1.1723E+01  6.8139E-02  2.3792E+01  1.0000E+00
 3.4531E+02  6.7184E-02  1.1640E+01  6.8139E-02  2.3612E+01  1.0000E+00
 3.4795E+02  6.7218E-02  1.1557E+01  6.8140E-02  2.3433E+01  1.0000E+00
 3.5062E+02  6.7251E-02  1.1475E+01  6.8141E-02  2.3255E+01  1.0000E+00
 3.5330E+02  6.7283E-02  1.1393E+01  6.8142E-02  2.3078E+01  1.0000E+00
 3.5601E+02  6.7316E-02  1.1312E+01  6.8142E-02  2.2903E+01  1.0000E+00
 3.5874E+02  6.7348E-02  1.1232E+01  6.8143E-02  2.2729E+01  1.0000E+00
 3.6148E+02  6.7379E-02  1.1151E+01  6.8144E-02  2.2557E+01  1.0000E+00
 3.6425E+02  6.7411E-02  1.1072E+01  6.8145E-02  2.2386E+01  1.0000E+00
 3.6704E+02  6.7441E-02  1.0993E+01  6.8145E-02  2.2216E+01  1.0000E+00
 3.6985E+02  6.7472E-02  1.0914E+01  6.8146E-02  2.2047E+01  1.0000E+00
 3.7268E+02  6.7502E-02  1.0836E+01  6.8147E-02  2.1880E+01  1.0000E+00
 3.7554E+02  6.7532E-02  1.0758E+01  6.8148E-02  2.1714E+01  1.0000E+00
 3.7841E+02  6.7562E-02  1.0681E+01  6.8148E-02  2.1549E+01  1.0000E+00
 3.8131E+02  6.7591E-02  1.0604E+01  6.8149E-02  2.1386E+01  1.0000E+00
 3.8423E+02  6.7619E-02  1.0528E+01  6.8150E-02  2.1224E+01  1.0000E+00
 3.8718E+02  6.7648E-02  1.0453E+01  6.8151E-02  2.1063E+01  1.0000E+00
 3.9014E+02  6.7676E-02  1.0377E+01  6.8151E-02  2.0903E+01  1.0000E+00
 3.9313E+02  6.7704E-02  1.0303E+01  6.8152E-02  2.0744E+01  1.0000E+00
 3.9614E+02  6.7731E-02  1.0229E+01  6.8153E-02  2.0587E+01  1.0000E+00
 3.9917E+02  6.7758E-02  1.0155E+01  6.8154E-02  2.0431E+01  1.0000E+00
 4.0223E+02  6.7784E-02  1.0082E+01  6.8155E-02  2.0276E+01  1.0000E+00
 4.0531E+02  6.7810E-02  1.0009E+01  6.8155E-02  2.0122E+01  1.0000E+00
 4.0841E+02  6.7836E-02  9.9364E+00  6.8156E-02  1.9969E+01  1.0000E+00
 4.1154E+02  6.7862E-02  9.8646E+00  6.8157E-02  1.9818E+01  1.0000E+00
 4.1469E+02  6.7887E-02  9.7932E+00  6.8158E-02  1.9667E+01  1.0000E+00
 4.1787E+02  6.7911E-02  9.7222E+00  6.8159E-02  1.9518E+01  1.0000E+00
 4.2107E+02  6.7935E-02  9.6518E+00  6.8160E-02  1.9370E+01  1.0000E+00
 4.2429E+02  6.7959E-02  9.5817E+00  6.8161E-02  1.9223E+01  1.0000E+00
 4.2754E+02  6.7983E-02  9.5122E+00  6.8161E-02  1.9077E+01  1.0000E+00
 4.3082E+02  6.8006E-02  9.4430E+00  6.8162E-02  1.8933E+01  1.0000E+00
 4.3412E+02  6.8028E-02  9.3743E+00  6.8163E-02  1.8789E+01  1.0000E+00
 4.3744E+02  6.8051E-02  9.3061E+00  6.8164E-02  1.8647E+01  1.0000E+00
 4.4079E+02  6.8072E-02  9.2383E+00  6.8165E-02  1.8505E+01  1.0000E+00
 4.4417E+02  6.8094E-02  9.1710E+00  6.8166E-02  1.8365E+01  1.0000E+00
 4.4757E+02  6.8115E-02  9.1040E+00  6.8167E-02  1.8225E+01  1.0000E+00
 4.5100E+02  6.8135E-02  9.0375E+00  6.8168E-02  1.8087E+01  1.0000E+00
 4.5445E+02  6.8156E-02  8.9715E+00  6.8169E-02  1.7950E+01  1.0000E+00
 4.5793E+02  6.8175E-02  8.9059E+00  6.8169E-02  1.7814E+01  1.0000E+00
 4.6144E+02  6.8195E-02  8.8407E+00  6.8170E-02  1.7679E+01  1.0000E+00
 4.6497E+02  6.8214E-02  8.7759E+00  6.8171E-02  1.7545E+01  1.0000E+00
 4.6853E+02  6.8233E-02  8.7115E+00  6.8172E-02  1.7412E+01  1.0000E+00
 4.7212E+02  6.8251E-02  8.6476E+00  6.8173E-02  1.7280E+01  1.0000E+00
 4.7574E+02  6.8269E-02  8.5841E+00  6.8174E-02  1.7149E+01  1.0000E+00
 4.7938E+02  6.8286E-02  8.5210E+00  6.8175E-02  1.7018E+01  1.0000E+00
 4.8305E+02  6.8303E-02  8.4584E+00  6.8176E-02  1.6889E+01  1.0000E+00
 4.8675E+02  6.8320E-02  8.3961E+00  6.8177E-02  1.6761E+01  1.0000E+00
 4.9048E+02  6.8337E-02  8.3343E+00  6.8178E-02  1.6634E+01  1.0000E+00
 4.9424E+02  6.8353E-02  8.2729E+00  6.8179E-02  1.6508E+01  1.0000E+00
 4.9802E+02  6.8369E-02  8.2119E+00  6.8180E-02  1.6383E+01  1.0000E+00
 5.0183E+02  6.8384E-02  8.1513E+00  6.8181E-02  1.6259E+01  1.0000E+00
 5.0568E+02  6.8399E-02  8.0911E+00  6.8182E-02  1.6135E+01  1.0000E+00
 5.0955E+02  6.8414E-02  8.0313E+00  6.8183E-02  1.6013E+01  1.0000E+00
 5.1345E+02  6.8429E-02  7.9719E+00  6.8184E-02  1.5891E+01  1.0000E+00
 5.1738E+02  6.8443E-02  7.9129E+00  6.8185E-02  1.5771E+01  1.0000E+00
 5.2135E+02  6.8457E-02  7.8544E+00  6.8186E-02  1.5651E+01  1.0000E+00
 5.2534E+02  6.8470E-02  7.7962E+00  6.8187E-02  1.5533E+01  1.0000E+00
 5.2936E+02  6.8484E-02  7.7384E+00  6.8189E-02  1.5415E+01  1.0000E+00
 5.3342E+02  6.8496E-02  7.6810E+00  6.8190E-02  1.5298E+01  1.0000E+00
 5.3750E+02  6.8509E-02  7.6240E+00  6.8191E-02  1.5182E+01  1.0000E+00
 5.4162E+02  6.8522E-02  7.5674E+00  6.8192E-02  1.5067E+01  1.0000E+00
 5.4577E+02  6.8534E-02  7.5112E+00  6.8193E-02  1.4953E+01  1.0000E+00
 5.4995E+02  6.8546E-02  7.4553E+00  6.8194E-02  1.4839E+01  1.0000E+00
 5.5416E+02  6.8557E-02  7.3999E+00  6.8195E-02  1.4727E+01  1.0000E+00
 5.5840E+02  6.8568E-02  7.3448E+00  6.8196E-02  1.4615E+01  1.0000E+00
 5.6268E+02  6.8579E-02  7.2902E+00  6.8197E-02  1.4504E+01  1.0000E+00
 5.6699E+02  6.8590E-02  7.2359E+00  6.8199E-02  1.4394E+01  1.0000E+00
 5.7133E+02  6.8601E-02  7.1819E+00  6.8200E-02  1.4285E+01  1.0000E+00
 5.7571E+02  6.8611E-02  7.1284E+00  6.8201E-02  1.4177E+01  1.0000E+00
 5.8011E+02  6.8621E-02  7.0752E+00  6.8202E-02  1.4069E+01  1.0000E+00
 5.8456E+02  6.8631E-02  7.0224E+00  6.8203E-02  1.3963E+01  1.0000E+00
 5.8903E+02  6.8640E-02  6.9700E+00  6.8204E-02  1.3857E+01  1.0000E+00
 5.9354E+02  6.8650E-02  6.9179E+00  6.8206E-02  1.3752E+01  1.0000E+00
 5.9809E+02  6.8659E-02  6.8662E+00  6.8207E-02  1.3648E+01  1.0000E+00
 6.0267E+02  6.8668E-02  6.8149E+00  6.8208E-02  1.3544E+01  1.0000E+00
 6.0729E+02  6.8677E-02  6.7639E+00  6.8209E-02  1.3441E+01  1.0000E+00
 6.1194E+02  6.8685E-02  6.7133E+00  6.8211E-02  1.3340E+01  1.0000E+00
 6.1662E+02  6.8693E-02  6.6631E+00  6.8212E-02  1.3238E+01  1.0000E+00
 6.2135E+02  6.8701E-02  6.6132E+00  6.8213E-02  1.3138E+01  1.0000E+00
 6.2610E+02  6.8709E-02  6.5637E+00  6.8214E-02  1.3038E+01  1.0000E+00
 6.3090E+02  6.8717E-02  6.5145E+00  6.8216E-02  1.2940E+01  1.0000E+00
 6.3573E+02  6.8725E-02  6.4656E+00  6.8217E-02  1.2842E+01  1.0000E+00
 6.4060E+02  6.8732E-02  6.4172E+00  6.8218E-02  1.2744E+01  1.0000E+00
 6.4551E+02  6.8739E-02  6.3690E+00  6.8219E-02  1.2648E+01  1.0000E+00
 6.5045E+02  6.8746E-02  6.3212E+00  6.8221E-02  1.2552E+01  1.0000E+00
 6.5543E+02  6.8753E-02  6.2738E+00  6.8222E-02  1.2457E+01  1.0000E+00
 6.6045E+02  6.8760E-02  6.2267E+00  6.8223E-02  1.2362E+01  1.0000E+00
 6.6551E+02  6.8766E-02  6.1799E+00  6.8225E-02  1.2268E+01  1.0000E+00
 6.7060E+02  6.8773E-02  6.1335E+00  6.8226E-02  1.2175E+01  1.0000E+00
 6.7574E+02  6.8779E-02  6.0874E+00  6.8228E-02  1.2083E+01  1.0000E+00
 6.8092E+02  6.8785E-02  6.0416E+00  6.8229E-02  1.1992E+01  1.0000E+00
 6.8613E+02  6.8791E-02  5.9962E+00  6.8230E-02  1.1901E+01  1.0000E+00
 6.9138E+02  6.8797E-02  5.9511E+00  6.8232E-02  1.1811E+01  1.0000E+00
 6.9668E+02  6.8803E-02  5.9064E+00  6.8233E-02  1.1721E+01  1.0000E+00
 7.0201E+02  6.8809E-02  5.8619E+00  6.8235E-02  1.1632E+01  1.0000E+00
 7.0739E+02  6.8814E-02  5.8178E+00  6.8236E-02  1.1544E+01  1.0000E+00
 7.1281E+02  6.8820E-02  5.7741E+00  6.8237E-02  1.1457E+01  1.0000E+00
 7.1827E+02  6.8826E-02  5.7306E+00  6.8239E-02  1.1370E+01  1.0000E+00
 7.2377E+02  6.8832E-02  5.6875E+00  6.8240E-02  1.1284E+01  1.0000E+00
 7.2931E+02  6.8837E-02  5.6447E+00  6.8242E-02  1.1198E+01  1.0000E+00
 7.3490E+02  6.8843E-02  5.6023E+00  6.8243E-02  1.1113E+01  1.0000E+00
 7.4052E+02  6.8849E-02  5.5601E+00  6.8245E-02  1.1029E+01  1.0000E+00
 7.4620E+02  6.8855E-02  5.5183E+00  6.8246E-02  1.0945E+01  1.0000E+00
 7.5191E+02  6.8861E-02  5.4768E+00  6.8248E-02  1.0863E+01  1.0000E+00
 7.5767E+02  6.8866E-02  5.4356E+00  6.8249E-02  1.0780E+01  1.0000E+00
 7.6347E+02  6.8872E-02  5.3947E+00  6.8251E-02  1.0699E+01  1.0000E+00
 7.6932E+02  6.8878E-02  5.3542E+00  6.8253E-02  1.0618E+01  1.0000E+00
 7.7521E+02  6.8884E-02  5.3139E+00  6.8254E-02  1.0537E+01  1.0000E+00
 7.8115E+02  6.8890E-02  5.2739E+00  6.8256E-02  1.0457E+01  1.0000E+00
 7.8713E+02  6.8896E-02  5.2343E+00  6.8257E-02  1.0378E+01  1.0000E+00
 7.9316E+02  6.8902E-02  5.1949E+00  6.8259E-02  1.0299E+01  1.0000E+00
 7.9923E+02  6.8908E-02  5.1559E+00  6.8260E-02  1.0221E+01  1.0000E+00
 8.0535E+02  6.8914E-02  5.1171E+00  6.8262E-02  1.0144E+01  1.0000E+00
 8.1152E+02  6.8920E-02  5.0786E+00  6.8264E-02  1.0067E+01  1.0000E+00
 8.1774E+02  6.8927E-02  5.0405E+00  6.8265E-02  9.9909E+00  1.0000E+00
 8.2400E+02  6.8933E-02  5.0026E+00  6.8267E-02  9.9152E+00  1.0000E+00
 8.3031E+02  6.8939E-02  4.9650E+00  6.8269E-02  9.8401E+00  1.0000E+00
 8.3667E+02  6.8945E-02  4.9277E+00  6.8270E-02  9.7655E+00  1.0000E+00
 8.4307E+02  6.8952E-02  4.8906E+00  6.8272E-02  9.6916E+00  1.0000E+00
 8.4953E+02  6.8958E-02  4.8539E+00  6.8274E-02  9.6182E+00  1.0000E+00
 8.5604E+02  6.8965E-02  4.8174E+00  6.8276E-02  9.5453E+00  1.0000E+00
 8.6259E+02  6.8971E-02  4.7812E+00  6.8277E-02  9.4730E+00  1.0000E+00
 8.6920E+02  6.8978E-02  4.7453E+00  6.8279E-02  9.4013E+00  1.0000E+00
 8.7586E+02  6.8984E-02  4.7097E+00  6.8281E-02  9.3301E+00  1.0000E+00
 8.8256E+02  6.8991E-02  4.6743E+00  6.8283E-02  9.2594E+00  1.0000E+00
 8.8932E+02  6.8998E-02  4.6392E+00  6.8285E-02  9.1893E+00  1.0000E+00
 8.9613E+02  6.9005E-02  4.6043E+00  6.8286E-02  9.1197E+00  1.0000E+00
 9.0300E+02  6.9012E-02  4.5698E+00  6.8288E-02  9.0507E+00  1.0000E+00
 9.0991E+02  6.9018E-02  4.5355E+00  6.8290E-02  8.9821E+00  1.0000E+00
 9.1688E+02  6.9025E-02  4.5014E+00  6.8292E-02  8.9141E+00  1.0000E+00
 9.2390E+02  6.9033E-02  4.4676E+00  6.8294E-02  8.8466E+00  1.0000E+00
 9.3098E+02  6.9040E-02  4.4341E+00  6.8296E-02  8.7796E+00  1.0000E+00
 9.3811E+02  6.9047E-02  4.4009E+00  6.8298E-02  8.7131E+00  1.0000E+00
 9.4529E+02  6.9054E-02  4.3678E+00  6.8299E-02  8.6472E+00  1.0000E+00
 9.5253E+02  6.9062E-02  4.3351E+00  6.8301E-02  8.5817E+00  1.0000E+00
 9.5983E+02  6.9069E-02  4.3026E+00  6.8303E-02  8.5167E+00  1.0000E+00
 9.6718E+02  6.9077E-02  4.2703E+00  6.8305E-02  8.4523E+00  1.0000E+00
 9.7458E+02  6.9084E-02  4.2383E+00  6.8307E-02  8.3883E+00  1.0000E+00
 9.8205E+02  6.9092E-02  4.2065E+00  6.8309E-02  8.3248E+00  1.0000E+00
 9.8957E+02  6.9100E-02  4.1750E+00  6.8311E-02  8.2617E+00  1.0000E+00
 9.9715E+02  6.9108E-02  4.1437E+00  6.8313E-02  8.1992E+00  1.0000E+00
 1.0048E+03  6.9116E-02  4.1127E+00  6.8315E-02  8.1371E+00  1.0000E+00
 1.0125E+03  6.9124E-02  4.0818E+00  6.8317E-02  8.0755E+00  1.0000E+00
 1.0202E+03  6.9132E-02  4.0513E+00  6.8319E-02  8.0144E+00  1.0000E+00
 1.0280E+03  6.9141E-02  4.0209E+00  6.8322E-02  7.9538E+00  1.0000E+00
 1.0359E+03  6.9149E-02  3.9908E+00  6.8324E-02  7.8936E+00  1.0000E+00
 1.0439E+03  6.9157E-02  3.9610E+00  6.8326E-02  7.8338E+00  1.0000E+00
 1.0518E+03  6.9166E-02  3.9313E+00  6.8328E-02  7.7745E+00  1.0000E+00
 1.0599E+03  6.9175E-02  3.9019E+00  6.8330E-02  7.7157E+00  1.0000E+00
 1.0680E+03  6.9184E-02  3.8727E+00  6.8332E-02  7.6573E+00  1.0000E+00
 1.0762E+03  6.9193E-02  3.8437E+00  6.8334E-02  7.5993E+00  1.0000E+00
 1.0844E+03  6.9202E-02  3.8150E+00  6.8337E-02  7.5418E+00  1.0000E+00
 1.0927E+03  6.9211E-02  3.7865E+00  6.8339E-02  7.4848E+00  1.0000E+00
 1.1011E+03  6.9214E-02  3.7578E+00  6.8341E-02  7.4281E+00  1.0000E+00
 1.1095E+03  6.9210E-02  3.7290E+00  6.8343E-02  7.3719E+00  1.0000E+00
 1.1180E+03  6.9206E-02  3.7004E+00  6.8346E-02  7.3161E+00  1.0000E+00
 1.1266E+03  6.9201E-02  3.6720E+00  6.8348E-02  7.2608E+00  1.0000E+00
 1.1352E+03  6.9197E-02  3.6439E+00  6.8350E-02  7.2058E+00  1.0000E+00
 1.1439E+03  6.9193E-02  3.6159E+00  6.8352E-02  7.1513E+00  1.0000E+00
 1.1527E+03  6.9189E-02  3.5882E+00  6.8355E-02  7.0972E+00  1.0000E+00
 1.1615E+03  6.9185E-02  3.5607E+00  6.8357E-02  7.0435E+00  1.0000E+00
 1.1704E+03  6.9181E-02  3.5334E+00  6.8360E-02  6.9903E+00  1.0000E+00
 1.1794E+03  6.9177E-02  3.5063E+00  6.8362E-02  6.9374E+00  1.0000E+00
 1.1884E+03  6.9174E-02  3.4795E+00  6.8364E-02  6.8849E+00  1.0000E+00
 1.1975E+03  6.9170E-02  3.4528E+00  6.8367E-02  6.8328E+00  1.0000E+00
 1.2067E+03  6.9166E-02  3.4264E+00  6.8369E-02  6.7811E+00  1.0000E+00
 1.2159E+03  6.9163E-02  3.4001E+00  6.8372E-02  6.7298E+00  1.0000E+00
 1.2252E+03  6.9159E-02  3.3741E+00  6.8374E-02  6.6789E+00  1.0000E+00
 1.2346E+03  6.9156E-02  3.3482E+00  6.8377E-02  6.6284E+00  1.0000E+00
 1.2441E+03  6.9152E-02  3.3226E+00  6.8379E-02  6.5783E+00  1.0000E+00
 1.2536E+03  6.9149E-02  3.2971E+00  6.8382E-02  6.5286E+00  1.0000E+00
 1.2632E+03  6.9146E-02  3.2719E+00  6.8384E-02  6.4792E+00  1.0000E+00
 1.2729E+03  6.9143E-02  3.2469E+00  6.8387E-02  6.4302E+00  1.0000E+00
 1.2826E+03  6.9139E-02  3.2220E+00  6.8389E-02  6.3816E+00  1.0000E+00
 1.2924E+03  6.9136E-02  3.1973E+00  6.8392E-02  6.3333E+00  1.0000E+00
 1.3023E+03  6.9133E-02  3.1729E+00  6.8395E-02  6.2854E+00  1.0000E+00
 1.3123E+03  6.9130E-02  3.1486E+00  6.8397E-02  6.2379E+00  1.0000E+00
 1.3224E+03  6.9128E-02  3.1245E+00  6.8400E-02  6.1907E+00  1.0000E+00
 1.3325E+03  6.9125E-02  3.1006E+00  6.8403E-02  6.1439E+00  1.0000E+00
 1.3427E+03  6.9122E-02  3.0769E+00  6.8406E-02  6.0975E+00  1.0000E+00
 1.3530E+03  6.9119E-02  3.0534E+00  6.8408E-02  6.0514E+00  1.0000E+00
 1.3633E+03  6.9117E-02  3.0300E+00  6.8411E-02  6.0056E+00  1.0000E+00
 1.3738E+03  6.9114E-02  3.0068E+00  6.8414E-02  5.9602E+00  1.0000E+00
 1.3843E+03  6.9112E-02  2.9838E+00  6.8417E-02  5.9152E+00  1.0000E+00
 1.3949E+03  6.9109E-02  2.9610E+00  6.8419E-02  5.8705E+00  1.0000E+00
 1.4056E+03  6.9107E-02  2.9384E+00  6.8422E-02  5.8261E+00  1.0000E+00
 1.4164E+03  6.9105E-02  2.9159E+00  6.8425E-02  5.7821E+00  1.0000E+00
 1.4272E+03  6.9102E-02  2.8936E+00  6.8428E-02  5.7384E+00  1.0000E+00
 1.4381E+03  6.9100E-02  2.8715E+00  6.8431E-02  5.6950E+00  1.0000E+00
 1.4491E+03  6.9098E-02  2.8496E+00  6.8434E-02  5.6520E+00  1.0000E+00
 1.4602E+03  6.9096E-02  2.8278E+00  6.8437E-02  5.6093E+00  1.0000E+00
 1.4714E+03  6.9094E-02  2.8062E+00  6.8440E-02  5.5669E+00  1.0000E+00
 1.4827E+03  6.9092E-02  2.7848E+00  6.8443E-02  5.5248E+00  1.0000E+00
 1.4940E+03  6.9090E-02  2.7635E+00  6.8446E-02  5.4831E+00  1.0000E+00
 1.5055E+03  6.9088E-02  2.7424E+00  6.8449E-02  5.4417E+00  1.0000E+00
 1.5170E+03  6.9087E-02  2.7215E+00  6.8452E-02  5.4005E+00  1.0000E+00
 1.5286E+03  6.9085E-02  2.7007E+00  6.8455E-02  5.3597E+00  1.0000E+00
 1.5403E+03  6.9083E-02  2.6801E+00  6.8458E-02  5.3193E+00  1.0000E+00
 1.5521E+03  6.9082E-02  2.6596E+00  6.8461E-02  5.2791E+00  1.0000E+00
 1.5640E+03  6.9080E-02  2.6393E+00  6.8465E-02  5.2392E+00  1.0000E+00
 1.5760E+03  6.9079E-02  2.6192E+00  6.8468E-02  5.1996E+00  1.0000E+00
 1.5881E+03  6.9077E-02  2.5992E+00  6.8471E-02  5.1603E+00  1.0000E+00
 1.6002E+03  6.9076E-02  2.5793E+00  6.8474E-02  5.1214E+00  1.0000E+00
 1.6125E+03  6.9075E-02  2.5596E+00  6.8478E-02  5.0827E+00  1.0000E+00
 1.6248E+03  6.9074E-02  2.5401E+00  6.8481E-02  5.0443E+00  1.0000E+00
 1.6373E+03  6.9072E-02  2.5207E+00  6.8484E-02  5.0062E+00  1.0000E+00
 1.6498E+03  6.9071E-02  2.5015E+00  6.8488E-02  4.9684E+00  1.0000E+00
 1.6625E+03  6.9070E-02  2.4824E+00  6.8491E-02  4.9309E+00  1.0000E+00
 1.6752E+03  6.9069E-02  2.4635E+00  6.8494E-02  4.8937E+00  1.0000E+00
 1.6880E+03  6.9068E-02  2.4447E+00  6.8498E-02  4.8567E+00  1.0000E+00
 1.7009E+03  6.9067E-02  2.4261E+00  6.8501E-02  4.8201E+00  1.0000E+00
 1.7140E+03  6.9067E-02  2.4076E+00  6.8505E-02  4.7837E+00  1.0000E+00
 1.7271E+03  6.9066E-02  2.3892E+00  6.8508E-02  4.7476E+00  1.0000E+00
 1.7403E+03  6.9065E-02  2.3710E+00  6.8512E-02  4.7117E+00  1.0000E+00
 1.7537E+03  6.9065E-02  2.3529E+00  6.8515E-02  4.6762E+00  1.0000E+00
 1.7671E+03  6.9064E-02  2.3350E+00  6.8519E-02  4.6409E+00  1.0000E+00
 1.7806E+03  6.9064E-02  2.3172E+00  6.8523E-02  4.6058E+00  1.0000E+00
 1.7943E+03  6.9063E-02  2.2996E+00  6.8526E-02  4.5711E+00  1.0000E+00
 1.8080E+03  6.9063E-02  2.2820E+00  6.8530E-02  4.5366E+00  1.0000E+00
 1.8218E+03  6.9062E-02  2.2646E+00  6.8534E-02  4.5024E+00  1.0000E+00
 1.8358E+03  6.9062E-02  2.2474E+00  6.8537E-02  4.4684E+00  1.0000E+00
 1.8499E+03  6.9062E-02  2.2303E+00  6.8541E-02  4.4347E+00  1.0000E+00
 1.8640E+03  6.9062E-02  2.2133E+00  6.8545E-02  4.4012E+00  1.0000E+00
 1.8783E+03  6.9062E-02  2.1964E+00  6.8549E-02  4.3680E+00  1.0000E+00
 1.8927E+03  6.9062E-02  2.1797E+00  6.8552E-02  4.3350E+00  1.0000E+00
 1.9072E+03  6.9062E-02  2.1631E+00  6.8556E-02  4.3023E+00  1.0000E+00
 1.9218E+03  6.9062E-02  2.1466E+00  6.8560E-02  4.2699E+00  1.0000E+00
 1.9365E+03  6.9062E-02  2.1303E+00  6.8564E-02  4.2377E+00  1.0000E+00
 1.9513E+03  6.9062E-02  2.1141E+00  6.8568E-02  4.2057E+00  1.0000E+00
 1.9663E+03  6.9062E-02  2.0980E+00  6.8572E-02  4.1740E+00  1.0000E+00
 1.9813E+03  6.9063E-02  2.0820E+00  6.8576E-02  4.1425E+00  1.0000E+00
 1.9965E+03  6.9063E-02  2.0662E+00  6.8580E-02  4.1113E+00  1.0000E+00
 2.0118E+03  6.9064E-02  2.0505E+00  6.8584E-02  4.0803E+00  1.0000E+00
 2.0272E+03  6.9064E-02  2.0349E+00  6.8588E-02  4.0495E+00  1.0000E+00
 2.0427E+03  6.9065E-02  2.0194E+00  6.8593E-02  4.0190E+00  1.0000E+00
 2.0584E+03  6.9065E-02  2.0040E+00  6.8597E-02  3.9887E+00  1.0000E+00
 2.0741E+03  6.9066E-02  1.9888E+00  6.8601E-02  3.9586E+00  1.0000E+00
 2.0900E+03  6.9067E-02  1.9737E+00  6.8605E-02  3.9288E+00  1.0000E+00
 2.1060E+03  6.9067E-02  1.9587E+00  6.8610E-02  3.8992E+00  1.0000E+00
 2.1222E+03  6.9068E-02  1.9438E+00  6.8614E-02  3.8698E+00  1.0000E+00
 2.1384E+03  6.9069E-02  1.9290E+00  6.8618E-02  3.8406E+00  1.0000E+00
 2.1548E+03  6.9070E-02  1.9143E+00  6.8623E-02  3.8117E+00  1.0000E+00
 2.1713E+03  6.9071E-02  1.8998E+00  6.8627E-02  3.7829E+00  1.0000E+00
 2.1879E+03  6.9072E-02  1.8853E+00  6.8631E-02  3.7544E+00  1.0000E+00
 2.2047E+03  6.9074E-02  1.8710E+00  6.8636E-02  3.7261E+00  1.0000E+00
 2.2216E+03  6.9075E-02  1.8568E+00  6.8640E-02  3.6981E+00  1.0000E+00
 2.2386E+03  6.9076E-02  1.8427E+00  6.8645E-02  3.6702E+00  1.0000E+00
 2.2557E+03  6.9077E-02  1.8287E+00  6.8650E-02  3.6426E+00  1.0000E+00
 2.2730E+03  6.9079E-02  1.8148E+00  6.8654E-02  3.6151E+00  1.0000E+00
 2.2904E+03  6.9080E-02  1.8010E+00  6.8659E-02  3.5879E+00  1.0000E+00
 2.3079E+03  6.9082E-02  1.7873E+00  6.8664E-02  3.5609E+00  1.0000E+00
 2.3256E+03  6.9083E-02  1.7737E+00  6.8668E-02  3.5340E+00  1.0000E+00
 2.3434E+03  6.9085E-02  1.7603E+00  6.8673E-02  3.5074E+00  1.0000E+00
 2.3614E+03  6.9087E-02  1.7469E+00  6.8678E-02  3.4810E+00  1.0000E+00
 2.3794E+03  6.9088E-02  1.7337E+00  6.8683E-02  3.4548E+00  1.0000E+00
 2.3977E+03  6.9090E-02  1.7205E+00  6.8688E-02  3.4288E+00  1.0000E+00
 2.4160E+03  6.9092E-02  1.7074E+00  6.8692E-02  3.4030E+00  1.0000E+00
 2.4345E+03  6.9094E-02  1.6945E+00  6.8697E-02  3.3774E+00  1.0000E+00
 2.4532E+03  6.9096E-02  1.6816E+00  6.8702E-02  3.3519E+00  1.0000E+00
 2.4720E+03  6.9098E-02  1.6688E+00  6.8707E-02  3.3267E+00  1.0000E+00
 2.4909E+03  6.9100E-02  1.6562E+00  6.8712E-02  3.3017E+00  1.0000E+00
 2.5100E+03  6.9102E-02  1.6436E+00  6.8718E-02  3.2768E+00  1.0000E+00
 2.5292E+03  6.9105E-02  1.6311E+00  6.8723E-02  3.2522E+00  1.0000E+00
 2.5486E+03  6.9107E-02  1.6188E+00  6.8728E-02  3.2277E+00  1.0000E+00
 2.5681E+03  6.9109E-02  1.6065E+00  6.8733E-02  3.2034E+00  1.0000E+00
 2.5878E+03  6.9112E-02  1.5943E+00  6.8738E-02  3.1793E+00  1.0000E+00
 2.6076E+03  6.9114E-02  1.5822E+00  6.8744E-02  3.1554E+00  1.0000E+00
 2.6275E+03  6.9117E-02  1.5702E+00  6.8749E-02  3.1316E+00  1.0000E+00
 2.6477E+03  6.9119E-02  1.5583E+00  6.8754E-02  3.1081E+00  1.0000E+00
 2.6679E+03  6.9122E-02  1.5465E+00  6.8760E-02  3.0847E+00  1.0000E+00
 2.6884E+03  6.9125E-02  1.5348E+00  6.8765E-02  3.0615E+00  1.0000E+00
 2.7090E+03  6.9128E-02  1.5231E+00  6.8771E-02  3.0385E+00  1.0000E+00
 2.7297E+03  6.9131E-02  1.5116E+00  6.8776E-02  3.0156E+00  1.0000E+00
 2.7506E+03  6.9133E-02  1.5001E+00  6.8782E-02  2.9930E+00  1.0000E+00
 2.7717E+03  6.9136E-02  1.4888E+00  6.8788E-02  2.9705E+00  1.0000E+00
 2.7929E+03  6.9140E-02  1.4775E+00  6.8793E-02  2.9481E+00  1.0000E+00
 2.8143E+03  6.9143E-02  1.4663E+00  6.8799E-02  2.9260E+00  1.0000E+00
 2.8358E+03  6.9146E-02  1.4552E+00  6.8805E-02  2.9040E+00  1.0000E+00
 2.8576E+03  6.9149E-02  1.4442E+00  6.8811E-02  2.8821E+00  1.0000E+00
 2.8794E+03  6.9152E-02  1.4332E+00  6.8817E-02  2.8605E+00  1.0000E+00
 2.9015E+03  6.9156E-02  1.4224E+00  6.8822E-02  2.8390E+00  1.0000E+00
 2.9237E+03  6.9159E-02  1.4116E+00  6.8828E-02  2.8177E+00  1.0000E+00
 2.9461E+03  6.9163E-02  1.4009E+00  6.8834E-02  2.7965E+00  1.0000E+00
 2.9687E+03  6.9166E-02  1.3903E+00  6.8840E-02  2.7755E+00  1.0000E+00
 2.9914E+03  6.9170E-02  1.3798E+00  6.8847E-02  2.7546E+00  1.0000E+00
 3.0143E+03  6.9174E-02  1.3694E+00  6.8853E-02  2.7339E+00  1.0000E+00
 3.0374E+03  6.9177E-02  1.3590E+00  6.8859E-02  2.7134E+00  1.0000E+00
 3.0607E+03  6.9181E-02  1.3487E+00  6.8865E-02  2.6930E+00  1.0000E+00
 3.0841E+03  6.9185E-02  1.3385E+00  6.8871E-02  2.6728E+00  1.0000E+00
 3.1077E+03  6.9189E-02  1.3284E+00  6.8878E-02  2.6527E+00  1.0000E+00
 3.1315E+03  6.9193E-02  1.3183E+00  6.8884E-02  2.6328E+00  1.0000E+00
 3.1555E+03  6.9197E-02  1.3084E+00  6.8890E-02  2.6131E+00  1.0000E+00
 3.1797E+03  6.9201E-02  1.2985E+00  6.8897E-02  2.5934E+00  1.0000E+00
 3.2040E+03  6.9206E-02  1.2886E+00  6.8903E-02  2.5740E+00  1.0000E+00
 3.2286E+03  6.9210E-02  1.2789E+00  6.8910E-02  2.5547E+00  1.0000E+00
 3.2533E+03  6.9214E-02  1.2692E+00  6.8917E-02  2.5355E+00  1.0000E+00
 3.2782E+03  6.9219E-02  1.2596E+00  6.8923E-02  2.5165E+00  1.0000E+00
 3.3033E+03  6.9223E-02  1.2501E+00  6.8930E-02  2.4976E+00  1.0000E+00
 3.3286E+03  6.9228E-02  1.2407E+00  6.8937E-02  2.4788E+00  1.0000E+00
 3.3541E+03  6.9233E-02  1.2313E+00  6.8944E-02  2.4602E+00  1.0000E+00
 3.3798E+03  6.9237E-02  1.2220E+00  6.8951E-02  2.4418E+00  1.0000E+00
 3.4057E+03  6.9242E-02  1.2127E+00  6.8958E-02  2.4235E+00  1.0000E+00
 3.4317E+03  6.9247E-02  1.2036E+00  6.8965E-02  2.4053E+00  1.0000E+00
 3.4580E+03  6.9252E-02  1.1945E+00  6.8972E-02  2.3873E+00  1.0000E+00
 3.4845E+03  6.9257E-02  1.1855E+00  6.8979E-02  2.3694E+00  1.0000E+00
 3.5112E+03  6.9262E-02  1.1765E+00  6.8986E-02  2.3516E+00  1.0000E+00
 3.5381E+03  6.9267E-02  1.1676E+00  6.8993E-02  2.3340E+00  1.0000E+00
 3.5652E+03  6.9272E-02  1.1588E+00  6.9000E-02  2.3165E+00  1.0000E+00
 3.5925E+03  6.9278E-02  1.1500E+00  6.9008E-02  2.2991E+00  1.0000E+00
 3.6200E+03  6.9283E-02  1.1414E+00  6.9015E-02  2.2819E+00  1.0000E+00
 3.6477E+03  6.9288E-02  1.1327E+00  6.9022E-02  2.2648E+00  1.0000E+00
 3.6757E+03  6.9294E-02  1.1242E+00  6.9030E-02  2.2478E+00  1.0000E+00
 3.7038E+03  6.9299E-02  1.1157E+00  6.9037E-02  2.2310E+00  1.0000E+00
 3.7322E+03  6.9305E-02  1.1073E+00  6.9045E-02  2.2143E+00  1.0000E+00
 3.7608E+03  6.9311E-02  1.0989E+00  6.9053E-02  2.1977E+00  1.0000E+00
 3.7896E+03  6.9317E-02  1.0906E+00  6.9060E-02  2.1812E+00  1.0000E+00
 3.8186E+03  6.9322E-02  1.0824E+00  6.9068E-02  2.1649E+00  1.0000E+00
 3.8478E+03  6.9328E-02  1.0743E+00  6.9076E-02  2.1487E+00  1.0000E+00
 3.8773E+03  6.9334E-02  1.0662E+00  6.9084E-02  2.1326E+00  1.0000E+00
 3.9070E+03  6.9340E-02  1.0581E+00  6.9092E-02  2.1166E+00  1.0000E+00
 3.9369E+03  6.9347E-02  1.0501E+00  6.9100E-02  2.1008E+00  1.0000E+00
 3.9671E+03  6.9353E-02  1.0422E+00  6.9108E-02  2.0851E+00  1.0000E+00
 3.9974E+03  6.9359E-02  1.0344E+00  6.9116E-02  2.0695E+00  1.0000E+00
 4.0281E+03  6.9366E-02  1.0266E+00  6.9124E-02  2.0540E+00  1.0000E+00
 4.0589E+03  6.9372E-02  1.0188E+00  6.9133E-02  2.0386E+00  1.0000E+00
 4.0900E+03  6.9379E-02  1.0111E+00  6.9141E-02  2.0234E+00  1.0000E+00
 4.1213E+03  6.9385E-02  1.0035E+00  6.9150E-02  2.0082E+00  1.0000E+00
 4.1529E+03  6.9392E-02  9.9596E-01  6.9158E-02  1.9932E+00  1.0000E+00
 4.1847E+03  6.9399E-02  9.8846E-01  6.9167E-02  1.9783E+00  1.0000E+00
 4.2167E+03  6.9406E-02  9.8101E-01  6.9175E-02  1.9635E+00  1.0000E+00
 4.2490E+03  6.9413E-02  9.7362E-01  6.9184E-02  1.9488E+00  1.0000E+00
 4.2816E+03  6.9420E-02  9.6629E-01  6.9193E-02  1.9343E+00  1.0000E+00
 4.3143E+03  6.9427E-02  9.5901E-01  6.9201E-02  1.9198E+00  1.0000E+00
 4.3474E+03  6.9434E-02  9.5179E-01  6.9210E-02  1.9055E+00  1.0000E+00
 4.3807E+03  6.9441E-02  9.4463E-01  6.9219E-02  1.8912E+00  1.0000E+00
 4.4142E+03  6.9449E-02  9.3752E-01  6.9228E-02  1.8771E+00  1.0000E+00
 4.4480E+03  6.9456E-02  9.3046E-01  6.9237E-02  1.8631E+00  1.0000E+00
 4.4821E+03  6.9464E-02  9.2346E-01  6.9246E-02  1.8492E+00  1.0000E+00
 4.5164E+03  6.9471E-02  9.1651E-01  6.9256E-02  1.8354E+00  1.0000E+00
 4.5510E+03  6.9479E-02  9.0961E-01  6.9265E-02  1.8217E+00  1.0000E+00
 4.5859E+03  6.9487E-02  9.0277E-01  6.9274E-02  1.8081E+00  1.0000E+00
 4.6210E+03  6.9494E-02  8.9598E-01  6.9284E-02  1.7946E+00  1.0000E+00
 4.6564E+03  6.9502E-02  8.8924E-01  6.9293E-02  1.7812E+00  1.0000E+00
 4.6920E+03  6.9510E-02  8.8256E-01  6.9303E-02  1.7679E+00  1.0000E+00
 4.7280E+03  6.9518E-02  8.7592E-01  6.9312E-02  1.7547E+00  1.0000E+00
 4.7642E+03  6.9527E-02  8.6933E-01  6.9322E-02  1.7416E+00  1.0000E+00
 4.8007E+03  6.9535E-02  8.6280E-01  6.9332E-02  1.7286E+00  1.0000E+00
 4.8374E+03  6.9543E-02  8.5631E-01  6.9342E-02  1.7157E+00  1.0000E+00
 4.8745E+03  6.9552E-02  8.4988E-01  6.9352E-02  1.7029E+00  1.0000E+00
 4.9118E+03  6.9560E-02  8.4349E-01  6.9362E-02  1.6902E+00  1.0000E+00
 4.9494E+03  6.9569E-02  8.3715E-01  6.9372E-02  1.6776E+00  1.0000E+00
 4.9873E+03  6.9578E-02  8.3087E-01  6.9382E-02  1.6651E+00  1.0000E+00
 5.0255E+03  6.9587E-02  8.2462E-01  6.9392E-02  1.6527E+00  1.0000E+00
 5.0640E+03  6.9595E-02  8.1843E-01  6.9403E-02  1.6404E+00  1.0000E+00
 5.1028E+03  6.9604E-02  8.1229E-01  6.9413E-02  1.6282E+00  1.0000E+00
 5.1419E+03  6.9613E-02  8.0619E-01  6.9424E-02  1.6160E+00  1.0000E+00
 5.1812E+03  6.9623E-02  8.0013E-01  6.9434E-02  1.6040E+00  1.0000E+00
 5.2209E+03  6.9632E-02  7.9413E-01  6.9445E-02  1.5921E+00  1.0000E+00
 5.2609E+03  6.9641E-02  7.8817E-01  6.9456E-02  1.5802E+00  1.0000E+00
 5.3012E+03  6.9651E-02  7.8225E-01  6.9467E-02  1.5684E+00  1.0000E+00
 5.3418E+03  6.9660E-02  7.7638E-01  6.9478E-02  1.5568E+00  1.0000E+00
 5.3827E+03  6.9670E-02  7.7056E-01  6.9489E-02  1.5452E+00  1.0000E+00
 5.4239E+03  6.9680E-02  7.6478E-01  6.9500E-02  1.5337E+00  1.0000E+00
 5.4655E+03  6.9690E-02  7.5904E-01  6.9511E-02  1.5223E+00  1.0000E+00
 5.5073E+03  6.9700E-02  7.5335E-01  6.9522E-02  1.5109E+00  1.0000E+00
 5.5495E+03  6.9710E-02  7.4770E-01  6.9533E-02  1.4997E+00  1.0000E+00
 5.5920E+03  6.9720E-02  7.4210E-01  6.9545E-02  1.4885E+00  1.0000E+00
 5.6348E+03  6.9730E-02  7.3653E-01  6.9556E-02  1.4775E+00  1.0000E+00
 5.6780E+03  6.9740E-02  7.3101E-01  6.9568E-02  1.4665E+00  1.0000E+00
 5.7215E+03  6.9751E-02  7.2554E-01  6.9580E-02  1.4556E+00  1.0000E+00
 5.7653E+03  6.9761E-02  7.2010E-01  6.9592E-02  1.4448E+00  1.0000E+00
 5.8094E+03  6.9772E-02  7.1471E-01  6.9603E-02  1.4340E+00  1.0000E+00
 5.8539E+03  6.9783E-02  7.0935E-01  6.9615E-02  1.4234E+00  1.0000E+00
 5.8988E+03  6.9793E-02  7.0404E-01  6.9628E-02  1.4128E+00  1.0000E+00
 5.9439E+03  6.9804E-02  6.9877E-01  6.9640E-02  1.4023E+00  1.0000E+00
 5.9895E+03  6.9815E-02  6.9354E-01  6.9652E-02  1.3919E+00  1.0000E+00
 6.0353E+03  6.9827E-02  6.8834E-01  6.9664E-02  1.3816E+00  1.0000E+00
 6.0815E+03  6.9838E-02  6.8319E-01  6.9677E-02  1.3713E+00  1.0000E+00
 6.1281E+03  6.9849E-02  6.7808E-01  6.9689E-02  1.3611E+00  1.0000E+00
 6.1751E+03  6.9861E-02  6.7301E-01  6.9702E-02  1.3510E+00  1.0000E+00
 6.2223E+03  6.9872E-02  6.6797E-01  6.9715E-02  1.3410E+00  1.0000E+00
 6.2700E+03  6.9884E-02  6.6297E-01  6.9728E-02  1.3311E+00  1.0000E+00
 6.3180E+03  6.9896E-02  6.5801E-01  6.9741E-02  1.3212E+00  1.0000E+00
 6.3664E+03  6.9908E-02  6.5309E-01  6.9754E-02  1.3114E+00  1.0000E+00
 6.4152E+03  6.9920E-02  6.4821E-01  6.9767E-02  1.3017E+00  1.0000E+00
 6.4643E+03  6.9932E-02  6.4337E-01  6.9780E-02  1.2920E+00  1.0000E+00
 6.5138E+03  6.9944E-02  6.3856E-01  6.9793E-02  1.2825E+00  1.0000E+00
 6.5637E+03  6.9956E-02  6.3378E-01  6.9807E-02  1.2730E+00  1.0000E+00
 6.6139E+03  6.9969E-02  6.2905E-01  6.9820E-02  1.2635E+00  1.0000E+00
 6.6646E+03  6.9981E-02  6.2435E-01  6.9834E-02  1.2542E+00  1.0000E+00
 6.7156E+03  6.9994E-02  6.1969E-01  6.9848E-02  1.2449E+00  1.0000E+00
 6.7671E+03  7.0007E-02  6.1506E-01  6.9862E-02  1.2357E+00  1.0000E+00
 6.8189E+03  7.0020E-02  6.1047E-01  6.9876E-02  1.2265E+00  1.0000E+00
 6.8711E+03  7.0033E-02  6.0591E-01  6.9890E-02  1.2175E+00  1.0000E+00
 6.9237E+03  7.0046E-02  6.0138E-01  6.9904E-02  1.2084E+00  1.0000E+00
 6.9768E+03  7.0059E-02  5.9690E-01  6.9918E-02  1.1995E+00  1.0000E+00
 7.0302E+03  7.0072E-02  5.9244E-01  6.9933E-02  1.1906E+00  1.0000E+00
 7.0840E+03  7.0086E-02  5.8802E-01  6.9947E-02  1.1818E+00  1.0000E+00
 7.1383E+03  7.0100E-02  5.8364E-01  6.9962E-02  1.1731E+00  1.0000E+00
 7.1929E+03  7.0113E-02  5.7928E-01  6.9977E-02  1.1644E+00  1.0000E+00
 7.2480E+03  7.0127E-02  5.7496E-01  6.9992E-02  1.1558E+00  1.0000E+00
 7.3035E+03  7.0141E-02  5.7068E-01  7.0007E-02  1.1473E+00  1.0000E+00
 7.3595E+03  7.0155E-02  5.6642E-01  7.0022E-02  1.1388E+00  1.0000E+00
 7.4158E+03  7.0170E-02  5.6220E-01  7.0037E-02  1.1304E+00  1.0000E+00
 7.4726E+03  7.0184E-02  5.5801E-01  7.0052E-02  1.1221E+00  1.0000E+00
 7.5299E+03  7.0198E-02  5.5385E-01  7.0068E-02  1.1138E+00  1.0000E+00
 7.5875E+03  7.0213E-02  5.4973E-01  7.0083E-02  1.1056E+00  1.0000E+00
 7.6456E+03  7.0228E-02  5.4563E-01  7.0099E-02  1.0974E+00  1.0000E+00
 7.7042E+03  7.0243E-02  5.4157E-01  7.0115E-02  1.0893E+00  1.0000E+00
 7.7632E+03  7.0258E-02  5.3754E-01  7.0131E-02  1.0813E+00  1.0000E+00
 7.8226E+03  7.0273E-02  5.3354E-01  7.0147E-02  1.0733E+00  1.0000E+00
 7.8825E+03  7.0288E-02  5.2957E-01  7.0163E-02  1.0654E+00  1.0000E+00
 7.9429E+03  7.0303E-02  5.2563E-01  7.0179E-02  1.0575E+00  1.0000E+00
 8.0037E+03  7.0319E-02  5.2172E-01  7.0196E-02  1.0497E+00  1.0000E+00
 8.0650E+03  7.0335E-02  5.1784E-01  7.0212E-02  1.0420E+00  1.0000E+00
 8.1268E+03  7.0350E-02  5.1398E-01  7.0229E-02  1.0343E+00  1.0000E+00
 8.1890E+03  7.0366E-02  5.1016E-01  7.0246E-02  1.0267E+00  1.0000E+00
 8.2518E+03  7.0383E-02  5.0637E-01  7.0263E-02  1.0192E+00  1.0000E+00
 8.3150E+03  7.0399E-02  5.0261E-01  7.0280E-02  1.0117E+00  1.0000E+00
 8.3786E+03  7.0415E-02  4.9887E-01  7.0297E-02  1.0042E+00  1.0000E+00
 8.4428E+03  7.0432E-02  4.9517E-01  7.0315E-02  9.9684E-01  1.0000E+00
 8.5075E+03  7.0448E-02  4.9149E-01  7.0332E-02  9.8951E-01  1.0000E+00
 8.5726E+03  7.0465E-02  4.8784E-01  7.0350E-02  9.8224E-01  1.0000E+00
 8.6383E+03  7.0482E-02  4.8422E-01  7.0368E-02  9.7502E-01  1.0000E+00
 8.7044E+03  7.0499E-02  4.8062E-01  7.0385E-02  9.6786E-01  1.0000E+00
 8.7711E+03  7.0516E-02  4.7705E-01  7.0404E-02  9.6075E-01  1.0000E+00
 8.8383E+03  7.0534E-02  4.7351E-01  7.0422E-02  9.5369E-01  1.0000E+00
 8.9059E+03  7.0551E-02  4.7000E-01  7.0440E-02  9.4669E-01  1.0000E+00
 8.9741E+03  7.0569E-02  4.6652E-01  7.0459E-02  9.3974E-01  1.0000E+00
 9.0429E+03  7.0587E-02  4.6306E-01  7.0477E-02  9.3285E-01  1.0000E+00
 9.1121E+03  7.0605E-02  4.5962E-01  7.0496E-02  9.2600E-01  1.0000E+00
 9.1819E+03  7.0623E-02  4.5622E-01  7.0515E-02  9.1921E-01  1.0000E+00
 9.2522E+03  7.0641E-02  4.5283E-01  7.0534E-02  9.1247E-01  1.0000E+00
 9.3231E+03  7.0659E-02  4.4948E-01  7.0553E-02  9.0578E-01  1.0000E+00
 9.3945E+03  7.0678E-02  4.4615E-01  7.0573E-02  8.9915E-01  1.0000E+00
 9.4664E+03  7.0697E-02  4.4285E-01  7.0592E-02  8.9256E-01  1.0000E+00
 9.5389E+03  7.0716E-02  4.3957E-01  7.0612E-02  8.8602E-01  1.0000E+00
 9.6120E+03  7.0735E-02  4.3631E-01  7.0632E-02  8.7954E-01  1.0000E+00
 9.6856E+03  7.0754E-02  4.3308E-01  7.0651E-02  8.7310E-01  1.0000E+00
 9.7598E+03  7.0773E-02  4.2988E-01  7.0672E-02  8.6671E-01  1.0000E+00
 9.8345E+03  7.0793E-02  4.2670E-01  7.0692E-02  8.6037E-01  1.0000E+00
 9.9098E+03  7.0813E-02  4.2354E-01  7.0712E-02  8.5408E-01  1.0000E+00
 9.9857E+03  7.0832E-02  4.2041E-01  7.0733E-02  8.4783E-01  1.0000E+00
 1.0062E+04  7.0853E-02  4.1730E-01  7.0754E-02  8.4164E-01  1.0000E+00
 1.0139E+04  7.0873E-02  4.1422E-01  7.0775E-02  8.3549E-01  1.0000E+00
 1.0217E+04  7.0893E-02  4.1116E-01  7.0796E-02  8.2938E-01  1.0000E+00
 1.0295E+04  7.0914E-02  4.0812E-01  7.0817E-02  8.2333E-01  1.0000E+00
 1.0374E+04  7.0934E-02  4.0510E-01  7.0838E-02  8.1732E-01  1.0000E+00
 1.0453E+04  7.0955E-02  4.0211E-01  7.0860E-02  8.1135E-01  1.0000E+00
 1.0533E+04  7.0976E-02  3.9914E-01  7.0882E-02  8.0543E-01  1.0000E+00
 1.0614E+04  7.0998E-02  3.9620E-01  7.0904E-02  7.9956E-01  1.0000E+00
 1.0695E+04  7.1019E-02  3.9328E-01  7.0926E-02  7.9373E-01  1.0000E+00
 1.0777E+04  7.1041E-02  3.9037E-01  7.0948E-02  7.8795E-01  1.0000E+00
 1.0860E+04  7.1062E-02  3.8749E-01  7.0971E-02  7.8221E-01  1.0000E+00
 1.0943E+04  7.1084E-02  3.8464E-01  7.0993E-02  7.7651E-01  1.0000E+00
 1.1027E+04  7.1106E-02  3.8180E-01  7.1016E-02  7.7085E-01  1.0000E+00
 1.1111E+04  7.1129E-02  3.7899E-01  7.1039E-02  7.6524E-01  1.0000E+00
 1.1196E+04  7.1151E-02  3.7620E-01  7.1062E-02  7.5967E-01  1.0000E+00
 1.1282E+04  7.1174E-02  3.7343E-01  7.1085E-02  7.5415E-01  1.0000E+00
 1.1369E+04  7.1197E-02  3.7068E-01  7.1109E-02  7.4866E-01  1.0000E+00
 1.1456E+04  7.1220E-02  3.6795E-01  7.1133E-02  7.4322E-01  1.0000E+00
 1.1543E+04  7.1243E-02  3.6524E-01  7.1157E-02  7.3782E-01  1.0000E+00
 1.1632E+04  7.1267E-02  3.6255E-01  7.1181E-02  7.3246E-01  1.0000E+00
 1.1721E+04  7.1290E-02  3.5988E-01  7.1205E-02  7.2714E-01  1.0000E+00
 1.1811E+04  7.1314E-02  3.5724E-01  7.1229E-02  7.2186E-01  1.0000E+00
 1.1901E+04  7.1338E-02  3.5461E-01  7.1254E-02  7.1663E-01  1.0000E+00
 1.1992E+04  7.1362E-02  3.5200E-01  7.1279E-02  7.1143E-01  1.0000E+00
 1.2084E+04  7.1387E-02  3.4942E-01  7.1304E-02  7.0627E-01  1.0000E+00
 1.2177E+04  7.1411E-02  3.4685E-01  7.1329E-02  7.0115E-01  1.0000E+00
 1.2270E+04  7.1436E-02  3.4430E-01  7.1355E-02  6.9607E-01  1.0000E+00
 1.2364E+04  7.1461E-02  3.4177E-01  7.1380E-02  6.9103E-01  1.0000E+00
 1.2458E+04  7.1487E-02  3.3927E-01  7.1406E-02  6.8602E-01  1.0000E+00
 1.2554E+04  7.1512E-02  3.3678E-01  7.1432E-02  6.8106E-01  1.0000E+00
 1.2650E+04  7.1538E-02  3.3430E-01  7.1458E-02  6.7613E-01  1.0000E+00
 1.2747E+04  7.1563E-02  3.3185E-01  7.1485E-02  6.7124E-01  1.0000E+00
 1.2845E+04  7.1590E-02  3.2942E-01  7.1511E-02  6.6639E-01  1.0000E+00
 1.2943E+04  7.1616E-02  3.2701E-01  7.1538E-02  6.6157E-01  1.0000E+00
 1.3042E+04  7.1642E-02  3.2461E-01  7.1565E-02  6.5679E-01  1.0000E+00
 1.3142E+04  7.1669E-02  3.2223E-01  7.1593E-02  6.5205E-01  1.0000E+00
 1.3243E+04  7.1696E-02  3.1987E-01  7.1620E-02  6.4734E-01  1.0000E+00
 1.3344E+04  7.1723E-02  3.1753E-01  7.1648E-02  6.4267E-01  1.0000E+00
 1.3446E+04  7.1751E-02  3.1521E-01  7.1676E-02  6.3803E-01  1.0000E+00
 1.3549E+04  7.1778E-02  3.1290E-01  7.1704E-02  6.3343E-01  1.0000E+00
 1.3653E+04  7.1806E-02  3.1061E-01  7.1732E-02  6.2887E-01  1.0000E+00
 1.3757E+04  7.1834E-02  3.0834E-01  7.1761E-02  6.2434E-01  1.0000E+00
 1.3863E+04  7.1862E-02  3.0608E-01  7.1790E-02  6.1984E-01  1.0000E+00
 1.3969E+04  7.1891E-02  3.0385E-01  7.1819E-02  6.1538E-01  1.0000E+00
 1.4076E+04  7.1920E-02  3.0163E-01  7.1848E-02  6.1095E-01  1.0000E+00
 1.4184E+04  7.1949E-02  2.9942E-01  7.1877E-02  6.0656E-01  1.0000E+00
 1.4292E+04  7.1978E-02  2.9724E-01  7.1907E-02  6.0219E-01  1.0000E+00
 1.4402E+04  7.2007E-02  2.9507E-01  7.1937E-02  5.9787E-01  1.0000E+00
 1.4512E+04  7.2037E-02  2.9292E-01  7.1967E-02  5.9357E-01  1.0000E+00
 1.4623E+04  7.2067E-02  2.9078E-01  7.1998E-02  5.8931E-01  1.0000E+00
 1.4735E+04  7.2097E-02  2.8866E-01  7.2029E-02  5.8508E-01  1.0000E+00
 1.4848E+04  7.2128E-02  2.8656E-01  7.2059E-02  5.8088E-01  1.0000E+00
 1.4962E+04  7.2158E-02  2.8447E-01  7.2091E-02  5.7672E-01  1.0000E+00
 1.5076E+04  7.2189E-02  2.8240E-01  7.2122E-02  5.7258E-01  1.0000E+00
 1.5192E+04  7.2220E-02  2.8034E-01  7.2154E-02  5.6848E-01  1.0000E+00
 1.5308E+04  7.2252E-02  2.7830E-01  7.2186E-02  5.6441E-01  1.0000E+00
 1.5425E+04  7.2284E-02  2.7627E-01  7.2218E-02  5.6037E-01  1.0000E+00
 1.5544E+04  7.2315E-02  2.7426E-01  7.2250E-02  5.5636E-01  1.0000E+00
 1.5663E+04  7.2348E-02  2.7227E-01  7.2283E-02  5.5238E-01  1.0000E+00
 1.5783E+04  7.2380E-02  2.7029E-01  7.2316E-02  5.4843E-01  1.0000E+00
 1.5903E+04  7.2413E-02  2.6832E-01  7.2349E-02  5.4452E-01  1.0000E+00
 1.6025E+04  7.2446E-02  2.6638E-01  7.2382E-02  5.4063E-01  1.0000E+00
 1.6148E+04  7.2479E-02  2.6444E-01  7.2416E-02  5.3677E-01  1.0000E+00
 1.6272E+04  7.2513E-02  2.6252E-01  7.2450E-02  5.3294E-01  1.0000E+00
 1.6396E+04  7.2546E-02  2.6062E-01  7.2484E-02  5.2914E-01  1.0000E+00
 1.6522E+04  7.2581E-02  2.5873E-01  7.2519E-02  5.2537E-01  1.0000E+00
 1.6648E+04  7.2615E-02  2.5685E-01  7.2554E-02  5.2162E-01  1.0000E+00
 1.6776E+04  7.2650E-02  2.5499E-01  7.2589E-02  5.1791E-01  1.0000E+00
 1.6904E+04  7.2684E-02  2.5314E-01  7.2624E-02  5.1422E-01  1.0000E+00
 1.7034E+04  7.2720E-02  2.5131E-01  7.2660E-02  5.1057E-01  1.0000E+00
 1.7164E+04  7.2755E-02  2.4949E-01  7.2696E-02  5.0694E-01  1.0000E+00
 1.7296E+04  7.2791E-02  2.4768E-01  7.2732E-02  5.0333E-01  1.0000E+00
 1.7428E+04  7.2827E-02  2.4589E-01  7.2768E-02  4.9976E-01  1.0000E+00
 1.7562E+04  7.2863E-02  2.4411E-01  7.2805E-02  4.9621E-01  1.0000E+00
 1.7696E+04  7.2900E-02  2.4235E-01  7.2842E-02  4.9269E-01  1.0000E+00
 1.7832E+04  7.2937E-02  2.4059E-01  7.2879E-02  4.8920E-01  1.0000E+00
 1.7968E+04  7.2974E-02  2.3886E-01  7.2917E-02  4.8573E-01  1.0000E+00
 1.8106E+04  7.3012E-02  2.3713E-01  7.2955E-02  4.8229E-01  1.0000E+00
 1.8244E+04  7.3049E-02  2.3542E-01  7.2993E-02  4.7887E-01  1.0000E+00
 1.8384E+04  7.3088E-02  2.3372E-01  7.3032E-02  4.7549E-01  1.0000E+00
 1.8525E+04  7.3126E-02  2.3204E-01  7.3071E-02  4.7212E-01  1.0000E+00
 1.8667E+04  7.3165E-02  2.3036E-01  7.3110E-02  4.6879E-01  1.0000E+00
 1.8810E+04  7.3204E-02  2.2870E-01  7.3149E-02  4.6547E-01  1.0000E+00
 1.8954E+04  7.3243E-02  2.2706E-01  7.3189E-02  4.6219E-01  1.0000E+00
 1.9099E+04  7.3283E-02  2.2542E-01  7.3229E-02  4.5893E-01  1.0000E+00
 1.9245E+04  7.3323E-02  2.2380E-01  7.3270E-02  4.5569E-01  1.0000E+00
 1.9393E+04  7.3363E-02  2.2219E-01  7.3310E-02  4.5248E-01  1.0000E+00
 1.9541E+04  7.3404E-02  2.2059E-01  7.3351E-02  4.4929E-01  1.0000E+00
 1.9691E+04  7.3445E-02  2.1900E-01  7.3393E-02  4.4613E-01  1.0000E+00
 1.9842E+04  7.3486E-02  2.1743E-01  7.3435E-02  4.4299E-01  1.0000E+00
 1.9994E+04  7.3528E-02  2.1587E-01  7.3477E-02  4.3987E-01  1.0000E+00
 2.0147E+04  7.3570E-02  2.1432E-01  7.3519E-02  4.3678E-01  1.0000E+00
 2.0301E+04  7.3613E-02  2.1278E-01  7.3562E-02  4.3371E-01  1.0000E+00
 2.0456E+04  7.3655E-02  2.1126E-01  7.3605E-02  4.3067E-01  1.0000E+00
 2.0613E+04  7.3698E-02  2.0974E-01  7.3648E-02  4.2765E-01  1.0000E+00
 2.0771E+04  7.3742E-02  2.0824E-01  7.3692E-02  4.2465E-01  1.0000E+00
 2.0930E+04  7.3785E-02  2.0675E-01  7.3736E-02  4.2168E-01  1.0000E+00
 2.1090E+04  7.3830E-02  2.0527E-01  7.3780E-02  4.1872E-01  1.0000E+00
 2.1252E+04  7.3874E-02  2.0380E-01  7.3825E-02  4.1579E-01  1.0000E+00
 2.1415E+04  7.3919E-02  2.0234E-01  7.3870E-02  4.1289E-01  1.0000E+00
 2.1579E+04  7.3964E-02  2.0089E-01  7.3916E-02  4.1000E-01  1.0000E+00
 2.1744E+04  7.4010E-02  1.9946E-01  7.3962E-02  4.0714E-01  1.0000E+00
 2.1910E+04  7.4055E-02  1.9803E-01  7.4008E-02  4.0430E-01  1.0000E+00
 2.2078E+04  7.4102E-02  1.9662E-01  7.4055E-02  4.0148E-01  1.0000E+00
 2.2247E+04  7.4148E-02  1.9522E-01  7.4102E-02  3.9868E-01  1.0000E+00
 2.2418E+04  7.4195E-02  1.9382E-01  7.4149E-02  3.9590E-01  1.0000E+00
 2.2589E+04  7.4243E-02  1.9244E-01  7.4197E-02  3.9314E-01  1.0000E+00
 2.2762E+04  7.4291E-02  1.9107E-01  7.4245E-02  3.9041E-01  1.0000E+00
 2.2937E+04  7.4339E-02  1.8971E-01  7.4293E-02  3.8769E-01  1.0000E+00
 2.3112E+04  7.4387E-02  1.8836E-01  7.4342E-02  3.8500E-01  1.0000E+00
 2.3289E+04  7.4436E-02  1.8702E-01  7.4391E-02  3.8233E-01  1.0000E+00
 2.3468E+04  7.4486E-02  1.8569E-01  7.4441E-02  3.7968E-01  1.0000E+00
 2.3647E+04  7.4535E-02  1.8437E-01  7.4491E-02  3.7704E-01  1.0000E+00
 2.3829E+04  7.4586E-02  1.8306E-01  7.4542E-02  3.7443E-01  1.0000E+00
 2.4011E+04  7.4636E-02  1.8176E-01  7.4593E-02  3.7184E-01  1.0000E+00
 2.4195E+04  7.4687E-02  1.8047E-01  7.4644E-02  3.6927E-01  1.0000E+00
 2.4380E+04  7.4739E-02  1.7919E-01  7.4696E-02  3.6671E-01  1.0000E+00
 2.4567E+04  7.4790E-02  1.7792E-01  7.4748E-02  3.6418E-01  1.0000E+00
 2.4755E+04  7.4843E-02  1.7666E-01  7.4800E-02  3.6167E-01  1.0000E+00
 2.4945E+04  7.4895E-02  1.7541E-01  7.4853E-02  3.5917E-01  1.0000E+00
 2.5136E+04  7.4948E-02  1.7417E-01  7.4907E-02  3.5670E-01  1.0000E+00
 2.5328E+04  7.5002E-02  1.7293E-01  7.4960E-02  3.5424E-01  1.0000E+00
 2.5522E+04  7.5056E-02  1.7171E-01  7.5015E-02  3.5180E-01  1.0000E+00
 2.5718E+04  7.5110E-02  1.7050E-01  7.5069E-02  3.4938E-01  1.0000E+00
 2.5915E+04  7.5165E-02  1.6929E-01  7.5124E-02  3.4698E-01  1.0000E+00
 2.6113E+04  7.5220E-02  1.6810E-01  7.5180E-02  3.4460E-01  1.0000E+00
 2.6313E+04  7.5276E-02  1.6691E-01  7.5236E-02  3.4224E-01  1.0000E+00
 2.6515E+04  7.5332E-02  1.6574E-01  7.5292E-02  3.3989E-01  1.0000E+00
 2.6718E+04  7.5389E-02  1.6457E-01  7.5349E-02  3.3756E-01  1.0000E+00
 2.6922E+04  7.5446E-02  1.6341E-01  7.5407E-02  3.3525E-01  1.0000E+00
 2.7128E+04  7.5503E-02  1.6226E-01  7.5464E-02  3.3296E-01  1.0000E+00
 2.7336E+04  7.5561E-02  1.6112E-01  7.5523E-02  3.3068E-01  1.0000E+00
 2.7545E+04  7.5620E-02  1.5998E-01  7.5581E-02  3.2842E-01  1.0000E+00
 2.7756E+04  7.5679E-02  1.5886E-01  7.5641E-02  3.2618E-01  1.0000E+00
 2.7969E+04  7.5738E-02  1.5775E-01  7.5700E-02  3.2396E-01  1.0000E+00
 2.8183E+04  7.5798E-02  1.5664E-01  7.5761E-02  3.2175E-01  1.0000E+00
 2.8399E+04  7.5859E-02  1.5554E-01  7.5821E-02  3.1956E-01  1.0000E+00
 2.8617E+04  7.5920E-02  1.5445E-01  7.5882E-02  3.1739E-01  1.0000E+00
 2.8836E+04  7.5981E-02  1.5337E-01  7.5944E-02  3.1524E-01  1.0000E+00
 2.9056E+04  7.6043E-02  1.5229E-01  7.6006E-02  3.1310E-01  1.0000E+00
 2.9279E+04  7.6105E-02  1.5123E-01  7.6069E-02  3.1097E-01  1.0000E+00
 2.9503E+04  7.6168E-02  1.5017E-01  7.6132E-02  3.0886E-01  1.0000E+00
 2.9729E+04  7.6232E-02  1.4912E-01  7.6196E-02  3.0677E-01  1.0000E+00
 2.9957E+04  7.6296E-02  1.4808E-01  7.6260E-02  3.0470E-01  1.0000E+00
 3.0186E+04  7.6360E-02  1.4705E-01  7.6324E-02  3.0264E-01  1.0000E+00
 3.0417E+04  7.6425E-02  1.4602E-01  7.6390E-02  3.0060E-01  1.0000E+00
 3.0650E+04  7.6490E-02  1.4500E-01  7.6455E-02  2.9857E-01  1.0000E+00
 3.0885E+04  7.6557E-02  1.4399E-01  7.6522E-02  2.9656E-01  1.0000E+00
 3.1122E+04  7.6623E-02  1.4299E-01  7.6589E-02  2.9456E-01  1.0000E+00
 3.1360E+04  7.6690E-02  1.4200E-01  7.6656E-02  2.9258E-01  1.0000E+00
 3.1600E+04  7.6758E-02  1.4101E-01  7.6724E-02  2.9061E-01  1.0000E+00
 3.1842E+04  7.6826E-02  1.4003E-01  7.6792E-02  2.8866E-01  1.0000E+00
 3.2086E+04  7.6895E-02  1.3906E-01  7.6861E-02  2.8672E-01  1.0000E+00
 3.2332E+04  7.6964E-02  1.3809E-01  7.6931E-02  2.8480E-01  1.0000E+00
 3.2579E+04  7.7034E-02  1.3714E-01  7.7001E-02  2.8289E-01  1.0000E+00
 3.2829E+04  7.7105E-02  1.3619E-01  7.7072E-02  2.8100E-01  1.0000E+00
 3.3080E+04  7.7176E-02  1.3524E-01  7.7143E-02  2.7912E-01  1.0000E+00
 3.3334E+04  7.7247E-02  1.3431E-01  7.7215E-02  2.7726E-01  1.0000E+00
 3.3589E+04  7.7320E-02  1.3338E-01  7.7287E-02  2.7541E-01  1.0000E+00
 3.3846E+04  7.7392E-02  1.3246E-01  7.7360E-02  2.7358E-01  1.0000E+00
 3.4105E+04  7.7466E-02  1.3154E-01  7.7434E-02  2.7176E-01  1.0000E+00
 3.4367E+04  7.7540E-02  1.3064E-01  7.7508E-02  2.6995E-01  1.0000E+00
 3.4630E+04  7.7614E-02  1.2974E-01  7.7583E-02  2.6816E-01  1.0000E+00
 3.4895E+04  7.7690E-02  1.2884E-01  7.7658E-02  2.6638E-01  1.0000E+00
 3.5162E+04  7.7766E-02  1.2796E-01  7.7734E-02  2.6461E-01  1.0000E+00
 3.5431E+04  7.7842E-02  1.2708E-01  7.7811E-02  2.6286E-01  1.0000E+00
 3.5703E+04  7.7919E-02  1.2620E-01  7.7888E-02  2.6112E-01  1.0000E+00
 3.5976E+04  7.7997E-02  1.2534E-01  7.7966E-02  2.5940E-01  1.0000E+00
 3.6252E+04  7.8075E-02  1.2448E-01  7.8045E-02  2.5768E-01  1.0000E+00
 3.6529E+04  7.8154E-02  1.2362E-01  7.8124E-02  2.5598E-01  1.0000E+00
 3.6809E+04  7.8234E-02  1.2278E-01  7.8204E-02  2.5430E-01  1.0000E+00
 3.7091E+04  7.8314E-02  1.2194E-01  7.8284E-02  2.5263E-01  1.0000E+00
 3.7375E+04  7.8395E-02  1.2110E-01  7.8366E-02  2.5097E-01  1.0000E+00
 3.7661E+04  7.8477E-02  1.2027E-01  7.8447E-02  2.4932E-01  1.0000E+00
 3.7950E+04  7.8559E-02  1.1945E-01  7.8530E-02  2.4768E-01  1.0000E+00
 3.8240E+04  7.8642E-02  1.1864E-01  7.8613E-02  2.4606E-01  1.0000E+00
 3.8533E+04  7.8726E-02  1.1783E-01  7.8697E-02  2.4445E-01  1.0000E+00
 3.8828E+04  7.8810E-02  1.1703E-01  7.8782E-02  2.4285E-01  1.0000E+00
 3.9126E+04  7.8895E-02  1.1623E-01  7.8867E-02  2.4127E-01  1.0000E+00
 3.9425E+04  7.8981E-02  1.1544E-01  7.8953E-02  2.3970E-01  1.0000E+00
 3.9727E+04  7.9067E-02  1.1465E-01  7.9039E-02  2.3814E-01  1.0000E+00
 4.0032E+04  7.9154E-02  1.1388E-01  7.9127E-02  2.3659E-01  1.0000E+00
 4.0338E+04  7.9242E-02  1.1310E-01  7.9215E-02  2.3505E-01  1.0000E+00
 4.0647E+04  7.9331E-02  1.1234E-01  7.9304E-02  2.3353E-01  1.0000E+00
 4.0958E+04  7.9420E-02  1.1158E-01  7.9393E-02  2.3201E-01  1.0000E+00
 4.1272E+04  7.9510E-02  1.1082E-01  7.9483E-02  2.3051E-01  1.0000E+00
 4.1588E+04  7.9601E-02  1.1007E-01  7.9574E-02  2.2902E-01  1.0000E+00
 4.1907E+04  7.9693E-02  1.0933E-01  7.9666E-02  2.2754E-01  1.0000E+00
 4.2228E+04  7.9785E-02  1.0859E-01  7.9759E-02  2.2608E-01  1.0000E+00
 4.2551E+04  7.9878E-02  1.0786E-01  7.9852E-02  2.2462E-01  1.0000E+00
 4.2877E+04  7.9972E-02  1.0713E-01  7.9946E-02  2.2318E-01  1.0000E+00
 4.3205E+04  8.0067E-02  1.0641E-01  8.0041E-02  2.2174E-01  1.0000E+00
 4.3536E+04  8.0162E-02  1.0569E-01  8.0136E-02  2.2032E-01  1.0000E+00
 4.3869E+04  8.0258E-02  1.0498E-01  8.0233E-02  2.1891E-01  1.0000E+00
 4.4205E+04  8.0356E-02  1.0428E-01  8.0330E-02  2.1751E-01  1.0000E+00
 4.4544E+04  8.0453E-02  1.0358E-01  8.0428E-02  2.1612E-01  1.0000E+00
 4.4885E+04  8.0552E-02  1.0288E-01  8.0527E-02  2.1474E-01  1.0000E+00
 4.5229E+04  8.0651E-02  1.0220E-01  8.0626E-02  2.1337E-01  1.0000E+00
 4.5575E+04  8.0752E-02  1.0151E-01  8.0727E-02  2.1201E-01  1.0000E+00
 4.5924E+04  8.0853E-02  1.0083E-01  8.0828E-02  2.1066E-01  1.0000E+00
 4.6276E+04  8.0955E-02  1.0016E-01  8.0930E-02  2.0933E-01  1.0000E+00
 4.6630E+04  8.1058E-02  9.9493E-02  8.1033E-02  2.0800E-01  1.0000E+00
 4.6987E+04  8.1161E-02  9.8830E-02  8.1137E-02  2.0668E-01  1.0000E+00
 4.7347E+04  8.1266E-02  9.8172E-02  8.1242E-02  2.0538E-01  1.0000E+00
 4.7710E+04  8.1371E-02  9.7519E-02  8.1347E-02  2.0408E-01  1.0000E+00
 4.8075E+04  8.1478E-02  9.6871E-02  8.1454E-02  2.0280E-01  1.0000E+00
 4.8443E+04  8.1585E-02  9.6228E-02  8.1561E-02  2.0152E-01  1.0000E+00
 4.8814E+04  8.1693E-02  9.5590E-02  8.1669E-02  2.0025E-01  1.0000E+00
 4.9188E+04  8.1802E-02  9.4957E-02  8.1778E-02  1.9900E-01  1.0000E+00
 4.9565E+04  8.1912E-02  9.4329E-02  8.1888E-02  1.9775E-01  1.0000E+00
 4.9945E+04  8.2022E-02  9.3706E-02  8.1999E-02  1.9651E-01  1.0000E+00
 5.0327E+04  8.2134E-02  9.3087E-02  8.2111E-02  1.9529E-01  1.0000E+00
 5.0713E+04  8.2247E-02  9.2473E-02  8.2224E-02  1.9407E-01  1.0000E+00
 5.1101E+04  8.2360E-02  9.1863E-02  8.2338E-02  1.9286E-01  1.0000E+00
 5.1492E+04  8.2475E-02  9.1259E-02  8.2452E-02  1.9166E-01  1.0000E+00
 5.1887E+04  8.2590E-02  9.0659E-02  8.2568E-02  1.9047E-01  1.0000E+00
 5.2284E+04  8.2707E-02  9.0063E-02  8.2685E-02  1.8929E-01  1.0000E+00
 5.2684E+04  8.2824E-02  8.9472E-02  8.2802E-02  1.8812E-01  1.0000E+00
 5.3088E+04  8.2943E-02  8.8886E-02  8.2921E-02  1.8696E-01  1.0000E+00
 5.3494E+04  8.3062E-02  8.8304E-02  8.3040E-02  1.8580E-01  1.0000E+00
 5.3904E+04  8.3183E-02  8.7727E-02  8.3161E-02  1.8466E-01  1.0000E+00
 5.4317E+04  8.3304E-02  8.7154E-02  8.3283E-02  1.8352E-01  1.0000E+00
 5.4733E+04  8.3427E-02  8.6585E-02  8.3405E-02  1.8240E-01  1.0000E+00
 5.5152E+04  8.3550E-02  8.6021E-02  8.3529E-02  1.8128E-01  1.0000E+00
 5.5574E+04  8.3675E-02  8.5461E-02  8.3654E-02  1.8017E-01  1.0000E+00
 5.6000E+04  8.3800E-02  8.4905E-02  8.3779E-02  1.7907E-01  1.0000E+00
 5.6429E+04  8.3927E-02  8.4353E-02  8.3906E-02  1.7798E-01  1.0000E+00
 5.6861E+04  8.4055E-02  8.3806E-02  8.4034E-02  1.7689E-01  1.0000E+00
 5.7297E+04  8.4183E-02  8.3263E-02  8.4163E-02  1.7582E-01  1.0000E+00
 5.7735E+04  8.4313E-02  8.2724E-02  8.4293E-02  1.7475E-01  1.0000E+00
 5.8177E+04  8.4444E-02  8.2189E-02  8.4424E-02  1.7369E-01  1.0000E+00
 5.8623E+04  8.4576E-02  8.1658E-02  8.4556E-02  1.7264E-01  1.0000E+00
 5.9072E+04  8.4710E-02  8.1132E-02  8.4690E-02  1.7160E-01  1.0000E+00
 5.9524E+04  8.4844E-02  8.0609E-02  8.4824E-02  1.7057E-01  1.0000E+00
 5.9980E+04  8.4979E-02  8.0090E-02  8.4960E-02  1.6954E-01  1.0000E+00
 6.0440E+04  8.5116E-02  7.9576E-02  8.5096E-02  1.6852E-01  1.0000E+00
 6.0902E+04  8.5254E-02  7.9065E-02  8.5234E-02  1.6751E-01  1.0000E+00
 6.1369E+04  8.5393E-02  7.8558E-02  8.5373E-02  1.6651E-01  1.0000E+00
 6.1839E+04  8.5533E-02  7.8055E-02  8.5514E-02  1.6552E-01  1.0000E+00
 6.2312E+04  8.5674E-02  7.7556E-02  8.5655E-02  1.6453E-01  1.0000E+00
 6.2790E+04  8.5817E-02  7.7061E-02  8.5798E-02  1.6355E-01  1.0000E+00
 6.3270E+04  8.5961E-02  7.6569E-02  8.5942E-02  1.6258E-01  1.0000E+00
 6.3755E+04  8.6106E-02  7.6081E-02  8.6087E-02  1.6162E-01  1.0000E+00
 6.4243E+04  8.6252E-02  7.5597E-02  8.6233E-02  1.6066E-01  1.0000E+00
 6.4735E+04  8.6399E-02  7.5117E-02  8.6381E-02  1.5972E-01  1.0000E+00
 6.5231E+04  8.6548E-02  7.4641E-02  8.6529E-02  1.5877E-01  1.0000E+00
 6.5731E+04  8.6698E-02  7.4168E-02  8.6679E-02  1.5784E-01  1.0000E+00
 6.6234E+04  8.6849E-02  7.3698E-02  8.6831E-02  1.5692E-01  1.0000E+00
 6.6741E+04  8.7002E-02  7.3232E-02  8.6984E-02  1.5600E-01  1.0000E+00
 6.7252E+04  8.7156E-02  7.2770E-02  8.7138E-02  1.5508E-01  1.0000E+00
 6.7767E+04  8.7311E-02  7.2312E-02  8.7293E-02  1.5418E-01  1.0000E+00
 6.8286E+04  8.7467E-02  7.1856E-02  8.7449E-02  1.5328E-01  1.0000E+00
 6.8809E+04  8.7625E-02  7.1405E-02  8.7607E-02  1.5239E-01  1.0000E+00
 6.9336E+04  8.7785E-02  7.0956E-02  8.7767E-02  1.5151E-01  1.0000E+00
 6.9867E+04  8.7945E-02  7.0512E-02  8.7927E-02  1.5063E-01  1.0000E+00
 7.0402E+04  8.8107E-02  7.0070E-02  8.8089E-02  1.4976E-01  1.0000E+00
 7.0942E+04  8.8270E-02  6.9632E-02  8.8253E-02  1.4890E-01  1.0000E+00
 7.1485E+04  8.8435E-02  6.9198E-02  8.8418E-02  1.4805E-01  1.0000E+00
 7.2032E+04  8.8601E-02  6.8766E-02  8.8584E-02  1.4720E-01  1.0000E+00
 7.2584E+04  8.8769E-02  6.8338E-02  8.8752E-02  1.4636E-01  1.0000E+00
 7.3140E+04  8.8938E-02  6.7914E-02  8.8921E-02  1.4552E-01  1.0000E+00
 7.3700E+04  8.9109E-02  6.7492E-02  8.9092E-02  1.4469E-01  1.0000E+00
 7.4264E+04  8.9281E-02  6.7074E-02  8.9264E-02  1.4387E-01  1.0000E+00
 7.4833E+04  8.9454E-02  6.6659E-02  8.9437E-02  1.4305E-01  1.0000E+00
 7.5406E+04  8.9629E-02  6.6247E-02  8.9612E-02  1.4224E-01  1.0000E+00
 7.5984E+04  8.9805E-02  6.5838E-02  8.9789E-02  1.4144E-01  1.0000E+00
 7.6566E+04  8.9983E-02  6.5433E-02  8.9967E-02  1.4064E-01  1.0000E+00
 7.7152E+04  9.0163E-02  6.5031E-02  9.0147E-02  1.3985E-01  1.0000E+00
 7.7743E+04  9.0344E-02  6.4631E-02  9.0328E-02  1.3907E-01  1.0000E+00
 7.8338E+04  9.0527E-02  6.4235E-02  9.0511E-02  1.3829E-01  1.0000E+00
 7.8938E+04  9.0711E-02  6.3842E-02  9.0695E-02  1.3752E-01  1.0000E+00
 7.9543E+04  9.0897E-02  6.3451E-02  9.0881E-02  1.3676E-01  1.0000E+00
 8.0152E+04  9.1085E-02  6.3064E-02  9.1069E-02  1.3600E-01  1.0000E+00
 8.0766E+04  9.1274E-02  6.2680E-02  9.1258E-02  1.3524E-01  1.0000E+00
 8.1384E+04  9.1464E-02  6.2299E-02  9.1449E-02  1.3450E-01  1.0000E+00
 8.2008E+04  9.1657E-02  6.1920E-02  9.1641E-02  1.3375E-01  1.0000E+00
 8.2636E+04  9.1851E-02  6.1545E-02  9.1835E-02  1.3302E-01  1.0000E+00
 8.3268E+04  9.2047E-02  6.1172E-02  9.2031E-02  1.3229E-01  1.0000E+00
 8.3906E+04  9.2244E-02  6.0803E-02  9.2229E-02  1.3157E-01  1.0000E+00
 8.4549E+04  9.2444E-02  6.0436E-02  9.2428E-02  1.3085E-01  1.0000E+00
 8.5196E+04  9.2645E-02  6.0072E-02  9.2629E-02  1.3014E-01  1.0000E+00
 8.5849E+04  9.2847E-02  5.9710E-02  9.2832E-02  1.2943E-01  1.0000E+00
 8.6506E+04  9.3052E-02  5.9352E-02  9.3037E-02  1.2873E-01  1.0000E+00
 8.7169E+04  9.3258E-02  5.8996E-02  9.3243E-02  1.2804E-01  1.0000E+00
 8.7836E+04  9.3466E-02  5.8643E-02  9.3452E-02  1.2735E-01  1.0000E+00
 8.8509E+04  9.3676E-02  5.8293E-02  9.3662E-02  1.2666E-01  1.0000E+00
 8.9187E+04  9.3888E-02  5.7945E-02  9.3874E-02  1.2598E-01  1.0000E+00
 8.9870E+04  9.4102E-02  5.7600E-02  9.4087E-02  1.2531E-01  1.0000E+00
 9.0558E+04  9.4318E-02  5.7258E-02  9.4303E-02  1.2464E-01  1.0000E+00
 9.1252E+04  9.4535E-02  5.6918E-02  9.4521E-02  1.2398E-01  1.0000E+00
 9.1950E+04  9.4755E-02  5.6581E-02  9.4740E-02  1.2333E-01  1.0000E+00
 9.2655E+04  9.4976E-02  5.6247E-02  9.4961E-02  1.2267E-01  1.0000E+00
 9.3364E+04  9.5199E-02  5.5915E-02  9.5185E-02  1.2203E-01  1.0000E+00
 9.4079E+04  9.5424E-02  5.5586E-02  9.5410E-02  1.2139E-01  1.0000E+00
 9.4800E+04  9.5652E-02  5.5259E-02  9.5638E-02  1.2075E-01  1.0000E+00
 9.5526E+04  9.5881E-02  5.4935E-02  9.5867E-02  1.2012E-01  1.0000E+00
 9.6257E+04  9.6112E-02  5.4613E-02  9.6098E-02  1.1950E-01  1.0000E+00
 9.6994E+04  9.6346E-02  5.4294E-02  9.6332E-02  1.1888E-01  1.0000E+00
 9.7737E+04  9.6581E-02  5.3977E-02  9.6567E-02  1.1826E-01  1.0000E+00
 9.8486E+04  9.6819E-02  5.3663E-02  9.6805E-02  1.1765E-01  1.0000E+00
 9.9240E+04  9.7058E-02  5.3351E-02  9.7045E-02  1.1705E-01  1.0000E+00
 1.0000E+05  9.7300E-02  5.3041E-02  9.7287E-02  1.1645E-01  1.0000E+00


