#     0	 1	   24	 5	 1.2473E+02	 1000	1
 4.8978E+01  0.0000E+00  0.0000E+00  0.0000E+00  0.0000E+00  0.0000E+00
 4.9353E+01  0.0000E+00  0.0000E+00  0.0000E+00  0.0000E+00  0.0000E+00
 4.9731E+01  0.0000E+00  0.0000E+00  0.0000E+00  0.0000E+00  0.0000E+00
 5.0112E+01  0.0000E+00  0.0000E+00  0.0000E+00  0.0000E+00  0.0000E+00
 5.0496E+01  0.0000E+00  0.0000E+00  0.0000E+00  0.0000E+00  0.0000E+00
 5.0882E+01  0.0000E+00  0.0000E+00  0.0000E+00  0.0000E+00  0.0000E+00
 5.1272E+01  0.0000E+00  0.0000E+00  0.0000E+00  0.0000E+00  0.0000E+00
 5.1665E+01  0.0000E+00  0.0000E+00  0.0000E+00  0.0000E+00  0.0000E+00
 5.2060E+01  0.0000E+00  0.0000E+00  0.0000E+00  0.0000E+00  0.0000E+00
 5.2459E+01  0.0000E+00  0.0000E+00  0.0000E+00  0.0000E+00  0.0000E+00
 5.2861E+01  0.0000E+00  0.0000E+00  0.0000E+00  0.0000E+00  0.0000E+00
 5.3266E+01  0.0000E+00  0.0000E+00  0.0000E+00  0.0000E+00  0.0000E+00
 5.3673E+01  0.0000E+00  0.0000E+00  0.0000E+00  0.0000E+00  0.0000E+00
 5.4085E+01  0.0000E+00  0.0000E+00  0.0000E+00  0.0000E+00  0.0000E+00
 5.4499E+01  0.0000E+00  0.0000E+00  0.0000E+00  0.0000E+00  0.0000E+00
 5.4916E+01  0.0000E+00  0.0000E+00  0.0000E+00  0.0000E+00  0.0000E+00
 5.5337E+01  0.0000E+00  0.0000E+00  0.0000E+00  0.0000E+00  0.0000E+00
 5.5760E+01  0.0000E+00  0.0000E+00  0.0000E+00  0.0000E+00  0.0000E+00
 5.6187E+01  0.0000E+00  0.0000E+00  0.0000E+00  0.0000E+00  0.0000E+00
 5.6618E+01  0.0000E+00  0.0000E+00  0.0000E+00  0.0000E+00  0.0000E+00
 5.7051E+01  0.0000E+00  0.0000E+00  0.0000E+00  0.0000E+00  0.0000E+00
 5.7488E+01  0.0000E+00  0.0000E+00  0.0000E+00  0.0000E+00  0.0000E+00
 5.7929E+01  0.0000E+00  0.0000E+00  0.0000E+00  0.0000E+00  0.0000E+00
 5.8372E+01  0.0000E+00  0.0000E+00  0.0000E+00  0.0000E+00  0.0000E+00
 5.8819E+01  0.0000E+00  0.0000E+00  0.0000E+00  0.0000E+00  0.0000E+00
 5.9270E+01  0.0000E+00  0.0000E+00  0.0000E+00  0.0000E+00  0.0000E+00
 5.9724E+01  0.0000E+00  0.0000E+00  0.0000E+00  0.0000E+00  0.0000E+00
 6.0181E+01  0.0000E+00  0.0000E+00  0.0000E+00  0.0000E+00  0.0000E+00
 6.0642E+01  0.0000E+00  0.0000E+00  0.0000E+00  0.0000E+00  0.0000E+00
 6.1106E+01  0.0000E+00  0.0000E+00  0.0000E+00  0.0000E+00  0.0000E+00
 6.1574E+01  0.0000E+00  0.0000E+00  0.0000E+00  0.0000E+00  0.0000E+00
 6.2046E+01  0.0000E+00  0.0000E+00  0.0000E+00  0.0000E+00  0.0000E+00
 6.2521E+01  0.0000E+00  0.0000E+00  0.0000E+00  0.0000E+00  0.0000E+00
 6.3000E+01  0.0000E+00  0.0000E+00  0.0000E+00  0.0000E+00  0.0000E+00
 6.3482E+01  0.0000E+00  0.0000E+00  0.0000E+00  0.0000E+00  0.0000E+00
 6.3968E+01  0.0000E+00  0.0000E+00  0.0000E+00  0.0000E+00  0.0000E+00
 6.4458E+01  0.0000E+00  0.0000E+00  0.0000E+00  0.0000E+00  0.0000E+00
 6.4952E+01  0.0000E+00  0.0000E+00  0.0000E+00  0.0000E+00  0.0000E+00
 6.5449E+01  0.0000E+00  0.0000E+00  0.0000E+00  0.0000E+00  0.0000E+00
 6.5951E+01  0.0000E+00  0.0000E+00  0.0000E+00  0.0000E+00  0.0000E+00
 6.6456E+01  0.0000E+00  0.0000E+00  0.0000E+00  0.0000E+00  0.0000E+00
 6.6965E+01  0.0000E+00  0.0000E+00  0.0000E+00  0.0000E+00  0.0000E+00
 6.7478E+01  0.0000E+00  0.0000E+00  0.0000E+00  0.0000E+00  0.0000E+00
 6.7994E+01  0.0000E+00  0.0000E+00  0.0000E+00  0.0000E+00  0.0000E+00
 6.8515E+01  0.0000E+00  0.0000E+00  0.0000E+00  0.0000E+00  0.0000E+00
 6.9040E+01  0.0000E+00  0.0000E+00  0.0000E+00  0.0000E+00  0.0000E+00
 6.9568E+01  0.0000E+00  0.0000E+00  0.0000E+00  0.0000E+00  0.0000E+00
 7.0101E+01  0.0000E+00  0.0000E+00  0.0000E+00  0.0000E+00  0.0000E+00
 7.0638E+01  0.0000E+00  0.0000E+00  0.0000E+00  0.0000E+00  0.0000E+00
 7.1179E+01  0.0000E+00  0.0000E+00  0.0000E+00  0.0000E+00  0.0000E+00
 7.1724E+01  0.0000E+00  0.0000E+00  0.0000E+00  0.0000E+00  0.0000E+00
 7.2273E+01  0.0000E+00  0.0000E+00  0.0000E+00  0.0000E+00  0.0000E+00
 7.2827E+01  0.0000E+00  0.0000E+00  0.0000E+00  0.0000E+00  0.0000E+00
 7.3385E+01  0.0000E+00  0.0000E+00  0.0000E+00  0.0000E+00  0.0000E+00
 7.3947E+01  0.0000E+00  0.0000E+00  0.0000E+00  0.0000E+00  0.0000E+00
 7.4513E+01  0.0000E+00  0.0000E+00  0.0000E+00  0.0000E+00  0.0000E+00
 7.5084E+01  0.0000E+00  0.0000E+00  0.0000E+00  0.0000E+00  0.0000E+00
 7.5659E+01  0.0000E+00  0.0000E+00  0.0000E+00  0.0000E+00  0.0000E+00
 7.6238E+01  0.0000E+00  0.0000E+00  0.0000E+00  0.0000E+00  0.0000E+00
 7.6822E+01  0.0000E+00  0.0000E+00  0.0000E+00  0.0000E+00  0.0000E+00
 7.7410E+01  0.0000E+00  0.0000E+00  0.0000E+00  0.0000E+00  0.0000E+00
 7.8003E+01  0.0000E+00  0.0000E+00  0.0000E+00  0.0000E+00  0.0000E+00
 7.8601E+01  0.0000E+00  0.0000E+00  0.0000E+00  0.0000E+00  0.0000E+00
 7.9202E+01  0.0000E+00  0.0000E+00  0.0000E+00  0.0000E+00  0.0000E+00
 7.9809E+01  0.0000E+00  0.0000E+00  0.0000E+00  0.0000E+00  0.0000E+00
 8.0420E+01  0.0000E+00  0.0000E+00  0.0000E+00  0.0000E+00  0.0000E+00
 8.1036E+01  0.0000E+00  0.0000E+00  0.0000E+00  0.0000E+00  0.0000E+00
 8.1657E+01  0.0000E+00  0.0000E+00  0.0000E+00  0.0000E+00  0.0000E+00
 8.2282E+01  0.0000E+00  0.0000E+00  0.0000E+00  0.0000E+00  0.0000E+00
 8.2912E+01  0.0000E+00  0.0000E+00  0.0000E+00  0.0000E+00  0.0000E+00
 8.3547E+01  0.0000E+00  0.0000E+00  0.0000E+00  0.0000E+00  0.0000E+00
 8.4187E+01  0.0000E+00  0.0000E+00  0.0000E+00  0.0000E+00  0.0000E+00
 8.4832E+01  0.0000E+00  0.0000E+00  0.0000E+00  0.0000E+00  0.0000E+00
 8.5481E+01  0.0000E+00  0.0000E+00  0.0000E+00  0.0000E+00  0.0000E+00
 8.6136E+01  0.0000E+00  0.0000E+00  0.0000E+00  0.0000E+00  0.0000E+00
 8.6796E+01  0.0000E+00  0.0000E+00  0.0000E+00  0.0000E+00  0.0000E+00
 8.7460E+01  0.0000E+00  0.0000E+00  0.0000E+00  0.0000E+00  0.0000E+00
 8.8130E+01  0.0000E+00  0.0000E+00  0.0000E+00  0.0000E+00  0.0000E+00
 8.8805E+01  0.0000E+00  0.0000E+00  0.0000E+00  0.0000E+00  0.0000E+00
 8.9485E+01  0.0000E+00  0.0000E+00  0.0000E+00  0.0000E+00  0.0000E+00
 9.0171E+01  0.0000E+00  0.0000E+00  0.0000E+00  0.0000E+00  0.0000E+00
 9.0861E+01  0.0000E+00  0.0000E+00  0.0000E+00  0.0000E+00  0.0000E+00
 9.1557E+01  0.0000E+00  0.0000E+00  0.0000E+00  0.0000E+00  0.0000E+00
 9.2258E+01  0.0000E+00  0.0000E+00  0.0000E+00  0.0000E+00  0.0000E+00
 9.2965E+01  0.0000E+00  0.0000E+00  0.0000E+00  0.0000E+00  0.0000E+00
 9.3677E+01  0.0000E+00  0.0000E+00  0.0000E+00  0.0000E+00  0.0000E+00
 9.4394E+01  0.0000E+00  0.0000E+00  0.0000E+00  0.0000E+00  0.0000E+00
 9.5117E+01  0.0000E+00  0.0000E+00  0.0000E+00  0.0000E+00  0.0000E+00
 9.5845E+01  0.0000E+00  0.0000E+00  0.0000E+00  0.0000E+00  0.0000E+00
 9.6579E+01  0.0000E+00  0.0000E+00  0.0000E+00  0.0000E+00  0.0000E+00
 9.7319E+01  0.0000E+00  0.0000E+00  0.0000E+00  0.0000E+00  0.0000E+00
 9.8064E+01  0.0000E+00  0.0000E+00  0.0000E+00  0.0000E+00  0.0000E+00
 9.8815E+01  0.0000E+00  0.0000E+00  0.0000E+00  0.0000E+00  0.0000E+00
 9.9572E+01  0.0000E+00  0.0000E+00  0.0000E+00  0.0000E+00  0.0000E+00
 1.0033E+02  0.0000E+00  0.0000E+00  0.0000E+00  0.0000E+00  0.0000E+00
 1.0110E+02  0.0000E+00  0.0000E+00  0.0000E+00  0.0000E+00  0.0000E+00
 1.0188E+02  0.0000E+00  0.0000E+00  0.0000E+00  0.0000E+00  0.0000E+00
 1.0266E+02  0.0000E+00  0.0000E+00  0.0000E+00  0.0000E+00  0.0000E+00
 1.0344E+02  0.0000E+00  0.0000E+00  0.0000E+00  0.0000E+00  0.0000E+00
 1.0424E+02  0.0000E+00  0.0000E+00  0.0000E+00  0.0000E+00  0.0000E+00
 1.0503E+02  0.0000E+00  0.0000E+00  0.0000E+00  0.0000E+00  0.0000E+00
 1.0584E+02  0.0000E+00  0.0000E+00  0.0000E+00  0.0000E+00  0.0000E+00
 1.0665E+02  0.0000E+00  0.0000E+00  0.0000E+00  0.0000E+00  0.0000E+00
 1.0747E+02  0.0000E+00  0.0000E+00  0.0000E+00  0.0000E+00  0.0000E+00
 1.0829E+02  0.0000E+00  0.0000E+00  0.0000E+00  0.0000E+00  0.0000E+00
 1.0912E+02  0.0000E+00  0.0000E+00  0.0000E+00  0.0000E+00  0.0000E+00
 1.0995E+02  0.0000E+00  0.0000E+00  0.0000E+00  0.0000E+00  0.0000E+00
 1.1080E+02  0.0000E+00  0.0000E+00  0.0000E+00  0.0000E+00  0.0000E+00
 1.1164E+02  0.0000E+00  0.0000E+00  0.0000E+00  0.0000E+00  0.0000E+00
 1.1250E+02  0.0000E+00  0.0000E+00  0.0000E+00  0.0000E+00  0.0000E+00
 1.1336E+02  0.0000E+00  0.0000E+00  0.0000E+00  0.0000E+00  0.0000E+00
 1.1423E+02  0.0000E+00  0.0000E+00  0.0000E+00  0.0000E+00  0.0000E+00
 1.1510E+02  0.0000E+00  0.0000E+00  0.0000E+00  0.0000E+00  0.0000E+00
 1.1599E+02  0.0000E+00  0.0000E+00  0.0000E+00  0.0000E+00  0.0000E+00
 1.1687E+02  0.0000E+00  0.0000E+00  0.0000E+00  0.0000E+00  0.0000E+00
 1.1777E+02  0.0000E+00  0.0000E+00  0.0000E+00  0.0000E+00  0.0000E+00
 1.1867E+02  0.0000E+00  0.0000E+00  0.0000E+00  0.0000E+00  0.0000E+00
 1.1958E+02  0.0000E+00  0.0000E+00  0.0000E+00  0.0000E+00  0.0000E+00
 1.2050E+02  0.0000E+00  0.0000E+00  0.0000E+00  0.0000E+00  0.0000E+00
 1.2142E+02  0.0000E+00  0.0000E+00  0.0000E+00  0.0000E+00  0.0000E+00
 1.2235E+02  0.0000E+00  0.0000E+00  0.0000E+00  0.0000E+00  0.0000E+00
 1.2329E+02  0.0000E+00  0.0000E+00  0.0000E+00  0.0000E+00  0.0000E+00
 1.2423E+02  0.0000E+00  0.0000E+00  0.0000E+00  0.0000E+00  0.0000E+00
 1.2518E+02  5.1099E-03  2.4427E+00  8.9494E-03  8.5566E+00  1.0000E+00
 1.2614E+02  5.0907E-03  2.4150E+00  8.9495E-03  8.4916E+00  1.0000E+00
 1.2711E+02  5.0716E-03  2.3876E+00  8.9495E-03  8.4271E+00  1.0000E+00
 1.2808E+02  5.0526E-03  2.3606E+00  8.9495E-03  8.3631E+00  1.0000E+00
 1.2906E+02  5.0337E-03  2.3339E+00  8.9496E-03  8.2996E+00  1.0000E+00
 1.3005E+02  5.0150E-03  2.3076E+00  8.9496E-03  8.2366E+00  1.0000E+00
 1.3104E+02  4.9969E-03  2.2817E+00  8.9496E-03  8.1740E+00  1.0000E+00
 1.3205E+02  4.9793E-03  2.2565E+00  8.9497E-03  8.1119E+00  1.0000E+00
 1.3306E+02  4.9625E-03  2.2317E+00  8.9497E-03  8.0503E+00  1.0000E+00
 1.3408E+02  4.9462E-03  2.2075E+00  8.9498E-03  7.9892E+00  1.0000E+00
 1.3510E+02  4.9305E-03  2.1838E+00  8.9498E-03  7.9285E+00  1.0000E+00
 1.3614E+02  4.9154E-03  2.1605E+00  8.9498E-03  7.8683E+00  1.0000E+00
 1.3718E+02  4.9009E-03  2.1378E+00  8.9499E-03  7.8085E+00  1.0000E+00
 1.3823E+02  4.8869E-03  2.1155E+00  8.9499E-03  7.7492E+00  1.0000E+00
 1.3929E+02  4.8735E-03  2.0936E+00  8.9499E-03  7.6903E+00  1.0000E+00
 1.4036E+02  4.8606E-03  2.0722E+00  8.9500E-03  7.6319E+00  1.0000E+00
 1.4143E+02  4.8483E-03  2.0513E+00  8.9500E-03  7.5739E+00  1.0000E+00
 1.4252E+02  4.8365E-03  2.0307E+00  8.9500E-03  7.5164E+00  1.0000E+00
 1.4361E+02  4.8252E-03  2.0106E+00  8.9501E-03  7.4593E+00  1.0000E+00
 1.4471E+02  4.8145E-03  1.9909E+00  8.9501E-03  7.4027E+00  1.0000E+00
 1.4582E+02  4.8042E-03  1.9715E+00  8.9502E-03  7.3464E+00  1.0000E+00
 1.4693E+02  4.7944E-03  1.9525E+00  8.9502E-03  7.2906E+00  1.0000E+00
 1.4806E+02  4.7851E-03  1.9339E+00  8.9502E-03  7.2353E+00  1.0000E+00
 1.4919E+02  4.7763E-03  1.9157E+00  8.9503E-03  7.1803E+00  1.0000E+00
 1.5033E+02  4.7680E-03  1.8978E+00  8.9503E-03  7.1258E+00  1.0000E+00
 1.5149E+02  4.7601E-03  1.8803E+00  8.9504E-03  7.0717E+00  1.0000E+00
 1.5265E+02  4.7527E-03  1.8631E+00  8.9504E-03  7.0179E+00  1.0000E+00
 1.5381E+02  4.7457E-03  1.8462E+00  8.9504E-03  6.9646E+00  1.0000E+00
 1.5499E+02  4.7391E-03  1.8296E+00  8.9505E-03  6.9117E+00  1.0000E+00
 1.5618E+02  4.7330E-03  1.8134E+00  8.9505E-03  6.8593E+00  1.0000E+00
 1.5738E+02  4.7274E-03  1.7975E+00  8.9506E-03  6.8072E+00  1.0000E+00
 1.5858E+02  4.7221E-03  1.7818E+00  8.9506E-03  6.7555E+00  1.0000E+00
 1.5980E+02  4.7173E-03  1.7665E+00  8.9507E-03  6.7041E+00  1.0000E+00
 1.6102E+02  4.7129E-03  1.7514E+00  8.9507E-03  6.6532E+00  1.0000E+00
 1.6225E+02  4.7089E-03  1.7366E+00  8.9507E-03  6.6027E+00  1.0000E+00
 1.6349E+02  4.7052E-03  1.7221E+00  8.9508E-03  6.5526E+00  1.0000E+00
 1.6475E+02  4.7020E-03  1.7078E+00  8.9508E-03  6.5028E+00  1.0000E+00
 1.6601E+02  4.6992E-03  1.6938E+00  8.9509E-03  6.4534E+00  1.0000E+00
 1.6728E+02  4.6968E-03  1.6801E+00  8.9509E-03  6.4044E+00  1.0000E+00
 1.6856E+02  4.6947E-03  1.6666E+00  8.9510E-03  6.3557E+00  1.0000E+00
 1.6985E+02  4.6930E-03  1.6533E+00  8.9510E-03  6.3075E+00  1.0000E+00
 1.7115E+02  4.6917E-03  1.6403E+00  8.9511E-03  6.2596E+00  1.0000E+00
 1.7246E+02  4.6908E-03  1.6275E+00  8.9511E-03  6.2120E+00  1.0000E+00
 1.7378E+02  4.6902E-03  1.6149E+00  8.9511E-03  6.1649E+00  1.0000E+00
 1.7511E+02  4.6900E-03  1.6026E+00  8.9512E-03  6.1180E+00  1.0000E+00
 1.7646E+02  4.6902E-03  1.5905E+00  8.9512E-03  6.0716E+00  1.0000E+00
 1.7781E+02  4.6907E-03  1.5785E+00  8.9513E-03  6.0255E+00  1.0000E+00
 1.7917E+02  4.6916E-03  1.5668E+00  8.9513E-03  5.9797E+00  1.0000E+00
 1.8054E+02  4.6928E-03  1.5553E+00  8.9514E-03  5.9343E+00  1.0000E+00
 1.8192E+02  4.6943E-03  1.5440E+00  8.9514E-03  5.8892E+00  1.0000E+00
 1.8332E+02  4.6962E-03  1.5329E+00  8.9515E-03  5.8445E+00  1.0000E+00
 1.8472E+02  4.6985E-03  1.5220E+00  8.9515E-03  5.8001E+00  1.0000E+00
 1.8614E+02  4.7010E-03  1.5112E+00  8.9516E-03  5.7561E+00  1.0000E+00
 1.8756E+02  4.7039E-03  1.5007E+00  8.9516E-03  5.7123E+00  1.0000E+00
 1.8900E+02  4.7071E-03  1.4903E+00  8.9517E-03  5.6690E+00  1.0000E+00
 1.9045E+02  4.7107E-03  1.4801E+00  8.9517E-03  5.6259E+00  1.0000E+00
 1.9190E+02  4.7146E-03  1.4700E+00  8.9518E-03  5.5832E+00  1.0000E+00
 1.9337E+02  4.7188E-03  1.4601E+00  8.9518E-03  5.5408E+00  1.0000E+00
 1.9485E+02  4.7233E-03  1.4504E+00  8.9519E-03  5.4987E+00  1.0000E+00
 1.9635E+02  4.7279E-03  1.4408E+00  8.9519E-03  5.4570E+00  1.0000E+00
 1.9785E+02  4.7328E-03  1.4313E+00  8.9520E-03  5.4155E+00  1.0000E+00
 1.9937E+02  4.7379E-03  1.4220E+00  8.9520E-03  5.3744E+00  1.0000E+00
 2.0089E+02  4.7431E-03  1.4127E+00  8.9521E-03  5.3336E+00  1.0000E+00
 2.0243E+02  4.7486E-03  1.4036E+00  8.9521E-03  5.2931E+00  1.0000E+00
 2.0398E+02  4.7542E-03  1.3946E+00  8.9522E-03  5.2529E+00  1.0000E+00
 2.0554E+02  4.7600E-03  1.3857E+00  8.9523E-03  5.2130E+00  1.0000E+00
 2.0712E+02  4.7660E-03  1.3769E+00  8.9523E-03  5.1734E+00  1.0000E+00
 2.0870E+02  4.7722E-03  1.3682E+00  8.9524E-03  5.1341E+00  1.0000E+00
 2.1030E+02  4.7786E-03  1.3596E+00  8.9524E-03  5.0951E+00  1.0000E+00
 2.1191E+02  4.7852E-03  1.3511E+00  8.9525E-03  5.0564E+00  1.0000E+00
 2.1354E+02  4.7919E-03  1.3427E+00  8.9525E-03  5.0180E+00  1.0000E+00
 2.1517E+02  4.7988E-03  1.3345E+00  8.9526E-03  4.9799E+00  1.0000E+00
 2.1682E+02  4.8060E-03  1.3263E+00  8.9526E-03  4.9421E+00  1.0000E+00
 2.1848E+02  4.8132E-03  1.3182E+00  8.9527E-03  4.9046E+00  1.0000E+00
 2.2015E+02  4.8207E-03  1.3102E+00  8.9528E-03  4.8673E+00  1.0000E+00
 2.2184E+02  4.8284E-03  1.3023E+00  8.9528E-03  4.8304E+00  1.0000E+00
 2.2354E+02  4.8362E-03  1.2945E+00  8.9529E-03  4.7937E+00  1.0000E+00
 2.2525E+02  4.8442E-03  1.2868E+00  8.9529E-03  4.7573E+00  1.0000E+00
 2.2697E+02  4.8524E-03  1.2792E+00  8.9530E-03  4.7212E+00  1.0000E+00
 2.2871E+02  4.8607E-03  1.2716E+00  8.9531E-03  4.6853E+00  1.0000E+00
 2.3046E+02  4.8693E-03  1.2642E+00  8.9531E-03  4.6498E+00  1.0000E+00
 2.3223E+02  4.8780E-03  1.2568E+00  8.9532E-03  4.6145E+00  1.0000E+00
 2.3401E+02  4.8869E-03  1.2495E+00  8.9533E-03  4.5794E+00  1.0000E+00
 2.3580E+02  4.8959E-03  1.2423E+00  8.9533E-03  4.5446E+00  1.0000E+00
 2.3761E+02  4.9052E-03  1.2352E+00  8.9534E-03  4.5101E+00  1.0000E+00
 2.3942E+02  4.9146E-03  1.2282E+00  8.9534E-03  4.4759E+00  1.0000E+00
 2.4126E+02  4.9242E-03  1.2212E+00  8.9535E-03  4.4419E+00  1.0000E+00
 2.4311E+02  4.9339E-03  1.2143E+00  8.9536E-03  4.4082E+00  1.0000E+00
 2.4497E+02  4.9438E-03  1.2075E+00  8.9536E-03  4.3747E+00  1.0000E+00
 2.4684E+02  4.9539E-03  1.2008E+00  8.9537E-03  4.3415E+00  1.0000E+00
 2.4873E+02  4.9642E-03  1.1941E+00  8.9538E-03  4.3085E+00  1.0000E+00
 2.5064E+02  4.9746E-03  1.1875E+00  8.9538E-03  4.2758E+00  1.0000E+00
 2.5256E+02  4.9852E-03  1.1810E+00  8.9539E-03  4.2434E+00  1.0000E+00
 2.5449E+02  4.9960E-03  1.1746E+00  8.9540E-03  4.2111E+00  1.0000E+00
 2.5644E+02  5.0069E-03  1.1682E+00  8.9540E-03  4.1792E+00  1.0000E+00
 2.5841E+02  5.0180E-03  1.1619E+00  8.9541E-03  4.1474E+00  1.0000E+00
 2.6038E+02  5.0293E-03  1.1556E+00  8.9542E-03  4.1159E+00  1.0000E+00
 2.6238E+02  5.0408E-03  1.1495E+00  8.9542E-03  4.0847E+00  1.0000E+00
 2.6439E+02  5.0524E-03  1.1434E+00  8.9543E-03  4.0537E+00  1.0000E+00
 2.6641E+02  5.0642E-03  1.1373E+00  8.9544E-03  4.0229E+00  1.0000E+00
 2.6845E+02  5.0761E-03  1.1313E+00  8.9545E-03  3.9924E+00  1.0000E+00
 2.7051E+02  5.0882E-03  1.1254E+00  8.9545E-03  3.9621E+00  1.0000E+00
 2.7258E+02  5.1005E-03  1.1195E+00  8.9546E-03  3.9320E+00  1.0000E+00
 2.7467E+02  5.1129E-03  1.1137E+00  8.9547E-03  3.9021E+00  1.0000E+00
 2.7677E+02  5.1255E-03  1.1080E+00  8.9547E-03  3.8725E+00  1.0000E+00
 2.7889E+02  5.1383E-03  1.1023E+00  8.9548E-03  3.8431E+00  1.0000E+00
 2.8103E+02  5.1513E-03  1.0967E+00  8.9549E-03  3.8139E+00  1.0000E+00
 2.8318E+02  5.1644E-03  1.0911E+00  8.9550E-03  3.7850E+00  1.0000E+00
 2.8535E+02  5.1776E-03  1.0856E+00  8.9551E-03  3.7562E+00  1.0000E+00
 2.8753E+02  5.1911E-03  1.0802E+00  8.9551E-03  3.7277E+00  1.0000E+00
 2.8974E+02  5.2047E-03  1.0748E+00  8.9552E-03  3.6994E+00  1.0000E+00
 2.9195E+02  5.2184E-03  1.0694E+00  8.9553E-03  3.6713E+00  1.0000E+00
 2.9419E+02  5.2323E-03  1.0641E+00  8.9554E-03  3.6435E+00  1.0000E+00
 2.9644E+02  5.2464E-03  1.0589E+00  8.9554E-03  3.6158E+00  1.0000E+00
 2.9871E+02  5.2606E-03  1.0537E+00  8.9555E-03  3.5884E+00  1.0000E+00
 3.0100E+02  5.2749E-03  1.0485E+00  8.9556E-03  3.5611E+00  1.0000E+00
 3.0331E+02  5.2893E-03  1.0433E+00  8.9557E-03  3.5341E+00  1.0000E+00
 3.0563E+02  5.3037E-03  1.0382E+00  8.9558E-03  3.5073E+00  1.0000E+00
 3.0797E+02  5.3181E-03  1.0331E+00  8.9558E-03  3.4806E+00  1.0000E+00
 3.1033E+02  5.3327E-03  1.0281E+00  8.9559E-03  3.4542E+00  1.0000E+00
 3.1271E+02  5.3472E-03  1.0231E+00  8.9560E-03  3.4280E+00  1.0000E+00
 3.1510E+02  5.3619E-03  1.0181E+00  8.9561E-03  3.4020E+00  1.0000E+00
 3.1751E+02  5.3765E-03  1.0131E+00  8.9562E-03  3.3762E+00  1.0000E+00
 3.1994E+02  5.3913E-03  1.0081E+00  8.9563E-03  3.3505E+00  1.0000E+00
 3.2240E+02  5.4061E-03  1.0032E+00  8.9563E-03  3.3251E+00  1.0000E+00
 3.2486E+02  5.4209E-03  9.9833E-01  8.9564E-03  3.2999E+00  1.0000E+00
 3.2735E+02  5.4357E-03  9.9345E-01  8.9565E-03  3.2748E+00  1.0000E+00
 3.2986E+02  5.4506E-03  9.8860E-01  8.9566E-03  3.2500E+00  1.0000E+00
 3.3239E+02  5.4656E-03  9.8378E-01  8.9567E-03  3.2253E+00  1.0000E+00
 3.3493E+02  5.4806E-03  9.7897E-01  8.9568E-03  3.2008E+00  1.0000E+00
 3.3750E+02  5.4956E-03  9.7419E-01  8.9569E-03  3.1765E+00  1.0000E+00
 3.4008E+02  5.5106E-03  9.6943E-01  8.9570E-03  3.1524E+00  1.0000E+00
 3.4268E+02  5.5257E-03  9.6469E-01  8.9571E-03  3.1285E+00  1.0000E+00
 3.4531E+02  5.5407E-03  9.5997E-01  8.9572E-03  3.1047E+00  1.0000E+00
 3.4795E+02  5.5559E-03  9.5527E-01  8.9572E-03  3.0812E+00  1.0000E+00
 3.5062E+02  5.5710E-03  9.5059E-01  8.9573E-03  3.0578E+00  1.0000E+00
 3.5330E+02  5.5861E-03  9.4592E-01  8.9574E-03  3.0346E+00  1.0000E+00
 3.5601E+02  5.6013E-03  9.4128E-01  8.9575E-03  3.0115E+00  1.0000E+00
 3.5874E+02  5.6165E-03  9.3666E-01  8.9576E-03  2.9887E+00  1.0000E+00
 3.6148E+02  5.6317E-03  9.3205E-01  8.9577E-03  2.9660E+00  1.0000E+00
 3.6425E+02  5.6469E-03  9.2746E-01  8.9578E-03  2.9435E+00  1.0000E+00
 3.6704E+02  5.6621E-03  9.2289E-01  8.9579E-03  2.9212E+00  1.0000E+00
 3.6985E+02  5.6773E-03  9.1833E-01  8.9580E-03  2.8990E+00  1.0000E+00
 3.7268E+02  5.6925E-03  9.1379E-01  8.9581E-03  2.8770E+00  1.0000E+00
 3.7554E+02  5.7077E-03  9.0926E-01  8.9582E-03  2.8551E+00  1.0000E+00
 3.7841E+02  5.7229E-03  9.0475E-01  8.9583E-03  2.8335E+00  1.0000E+00
 3.8131E+02  5.7381E-03  9.0026E-01  8.9584E-03  2.8120E+00  1.0000E+00
 3.8423E+02  5.7533E-03  8.9578E-01  8.9585E-03  2.7906E+00  1.0000E+00
 3.8718E+02  5.7684E-03  8.9131E-01  8.9586E-03  2.7695E+00  1.0000E+00
 3.9014E+02  5.7836E-03  8.8686E-01  8.9587E-03  2.7484E+00  1.0000E+00
 3.9313E+02  5.7987E-03  8.8242E-01  8.9588E-03  2.7276E+00  1.0000E+00
 3.9614E+02  5.8138E-03  8.7799E-01  8.9589E-03  2.7069E+00  1.0000E+00
 3.9917E+02  5.8289E-03  8.7358E-01  8.9590E-03  2.6864E+00  1.0000E+00
 4.0223E+02  5.8440E-03  8.6918E-01  8.9591E-03  2.6660E+00  1.0000E+00
 4.0531E+02  5.8590E-03  8.6479E-01  8.9593E-03  2.6457E+00  1.0000E+00
 4.0841E+02  5.8740E-03  8.6041E-01  8.9594E-03  2.6257E+00  1.0000E+00
 4.1154E+02  5.8890E-03  8.5604E-01  8.9595E-03  2.6057E+00  1.0000E+00
 4.1469E+02  5.9039E-03  8.5169E-01  8.9596E-03  2.5860E+00  1.0000E+00
 4.1787E+02  5.9188E-03  8.4734E-01  8.9597E-03  2.5663E+00  1.0000E+00
 4.2107E+02  5.9337E-03  8.4301E-01  8.9598E-03  2.5469E+00  1.0000E+00
 4.2429E+02  5.9485E-03  8.3869E-01  8.9599E-03  2.5275E+00  1.0000E+00
 4.2754E+02  5.9632E-03  8.3438E-01  8.9600E-03  2.5084E+00  1.0000E+00
 4.3082E+02  5.9779E-03  8.3007E-01  8.9601E-03  2.4893E+00  1.0000E+00
 4.3412E+02  5.9926E-03  8.2578E-01  8.9603E-03  2.4705E+00  1.0000E+00
 4.3744E+02  6.0072E-03  8.2149E-01  8.9604E-03  2.4517E+00  1.0000E+00
 4.4079E+02  6.0217E-03  8.1722E-01  8.9605E-03  2.4331E+00  1.0000E+00
 4.4417E+02  6.0361E-03  8.1295E-01  8.9606E-03  2.4146E+00  1.0000E+00
 4.4757E+02  6.0505E-03  8.0870E-01  8.9607E-03  2.3963E+00  1.0000E+00
 4.5100E+02  6.0649E-03  8.0445E-01  8.9609E-03  2.3781E+00  1.0000E+00
 4.5445E+02  6.0791E-03  8.0021E-01  8.9610E-03  2.3601E+00  1.0000E+00
 4.5793E+02  6.0933E-03  7.9597E-01  8.9611E-03  2.3422E+00  1.0000E+00
 4.6144E+02  6.1074E-03  7.9175E-01  8.9612E-03  2.3244E+00  1.0000E+00
 4.6497E+02  6.1214E-03  7.8753E-01  8.9613E-03  2.3068E+00  1.0000E+00
 4.6853E+02  6.1353E-03  7.8332E-01  8.9615E-03  2.2893E+00  1.0000E+00
 4.7212E+02  6.1492E-03  7.7912E-01  8.9616E-03  2.2719E+00  1.0000E+00
 4.7574E+02  6.1629E-03  7.7493E-01  8.9617E-03  2.2547E+00  1.0000E+00
 4.7938E+02  6.1766E-03  7.7074E-01  8.9618E-03  2.2376E+00  1.0000E+00
 4.8305E+02  6.1902E-03  7.6656E-01  8.9620E-03  2.2206E+00  1.0000E+00
 4.8675E+02  6.2037E-03  7.6240E-01  8.9621E-03  2.2038E+00  1.0000E+00
 4.9048E+02  6.2171E-03  7.5824E-01  8.9622E-03  2.1871E+00  1.0000E+00
 4.9424E+02  6.2305E-03  7.5409E-01  8.9624E-03  2.1705E+00  1.0000E+00
 4.9802E+02  6.2437E-03  7.4994E-01  8.9625E-03  2.1540E+00  1.0000E+00
 5.0183E+02  6.2569E-03  7.4581E-01  8.9626E-03  2.1377E+00  1.0000E+00
 5.0568E+02  6.2700E-03  7.4169E-01  8.9628E-03  2.1214E+00  1.0000E+00
 5.0955E+02  6.2830E-03  7.3758E-01  8.9629E-03  2.1054E+00  1.0000E+00
 5.1345E+02  6.2959E-03  7.3347E-01  8.9630E-03  2.0894E+00  1.0000E+00
 5.1738E+02  6.3088E-03  7.2938E-01  8.9632E-03  2.0735E+00  1.0000E+00
 5.2135E+02  6.3215E-03  7.2530E-01  8.9633E-03  2.0578E+00  1.0000E+00
 5.2534E+02  6.3342E-03  7.2123E-01  8.9635E-03  2.0422E+00  1.0000E+00
 5.2936E+02  6.3468E-03  7.1716E-01  8.9636E-03  2.0267E+00  1.0000E+00
 5.3342E+02  6.3593E-03  7.1311E-01  8.9637E-03  2.0113E+00  1.0000E+00
 5.3750E+02  6.3717E-03  7.0907E-01  8.9639E-03  1.9961E+00  1.0000E+00
 5.4162E+02  6.3841E-03  7.0505E-01  8.9640E-03  1.9810E+00  1.0000E+00
 5.4577E+02  6.3963E-03  7.0103E-01  8.9642E-03  1.9659E+00  1.0000E+00
 5.4995E+02  6.4085E-03  6.9702E-01  8.9643E-03  1.9510E+00  1.0000E+00
 5.5416E+02  6.4206E-03  6.9303E-01  8.9645E-03  1.9362E+00  1.0000E+00
 5.5840E+02  6.4326E-03  6.8904E-01  8.9646E-03  1.9215E+00  1.0000E+00
 5.6268E+02  6.4446E-03  6.8507E-01  8.9648E-03  1.9070E+00  1.0000E+00
 5.6699E+02  6.4564E-03  6.8111E-01  8.9649E-03  1.8925E+00  1.0000E+00
 5.7133E+02  6.4682E-03  6.7717E-01  8.9651E-03  1.8782E+00  1.0000E+00
 5.7571E+02  6.4799E-03  6.7323E-01  8.9652E-03  1.8639E+00  1.0000E+00
 5.8011E+02  6.4915E-03  6.6931E-01  8.9654E-03  1.8498E+00  1.0000E+00
 5.8456E+02  6.5030E-03  6.6540E-01  8.9655E-03  1.8358E+00  1.0000E+00
 5.8903E+02  6.5145E-03  6.6150E-01  8.9657E-03  1.8218E+00  1.0000E+00
 5.9354E+02  6.5258E-03  6.5762E-01  8.9658E-03  1.8080E+00  1.0000E+00
 5.9809E+02  6.5371E-03  6.5374E-01  8.9660E-03  1.7943E+00  1.0000E+00
 6.0267E+02  6.5483E-03  6.4988E-01  8.9662E-03  1.7807E+00  1.0000E+00
 6.0729E+02  6.5594E-03  6.4604E-01  8.9663E-03  1.7672E+00  1.0000E+00
 6.1194E+02  6.5705E-03  6.4220E-01  8.9665E-03  1.7538E+00  1.0000E+00
 6.1662E+02  6.5814E-03  6.3838E-01  8.9667E-03  1.7405E+00  1.0000E+00
 6.2135E+02  6.5923E-03  6.3458E-01  8.9668E-03  1.7273E+00  1.0000E+00
 6.2610E+02  6.6031E-03  6.3078E-01  8.9670E-03  1.7142E+00  1.0000E+00
 6.3090E+02  6.6139E-03  6.2701E-01  8.9672E-03  1.7012E+00  1.0000E+00
 6.3573E+02  6.6245E-03  6.2324E-01  8.9673E-03  1.6883E+00  1.0000E+00
 6.4060E+02  6.6351E-03  6.1949E-01  8.9675E-03  1.6755E+00  1.0000E+00
 6.4551E+02  6.6456E-03  6.1575E-01  8.9677E-03  1.6628E+00  1.0000E+00
 6.5045E+02  6.6560E-03  6.1202E-01  8.9678E-03  1.6502E+00  1.0000E+00
 6.5543E+02  6.6664E-03  6.0831E-01  8.9680E-03  1.6377E+00  1.0000E+00
 6.6045E+02  6.6766E-03  6.0462E-01  8.9682E-03  1.6253E+00  1.0000E+00
 6.6551E+02  6.6868E-03  6.0093E-01  8.9684E-03  1.6130E+00  1.0000E+00
 6.7060E+02  6.6969E-03  5.9727E-01  8.9686E-03  1.6007E+00  1.0000E+00
 6.7574E+02  6.7070E-03  5.9361E-01  8.9687E-03  1.5886E+00  1.0000E+00
 6.8092E+02  6.7169E-03  5.8997E-01  8.9689E-03  1.5766E+00  1.0000E+00
 6.8613E+02  6.7268E-03  5.8635E-01  8.9691E-03  1.5646E+00  1.0000E+00
 6.9138E+02  6.7366E-03  5.8274E-01  8.9693E-03  1.5528E+00  1.0000E+00
 6.9668E+02  6.7464E-03  5.7914E-01  8.9695E-03  1.5410E+00  1.0000E+00
 7.0201E+02  6.7560E-03  5.7556E-01  8.9697E-03  1.5293E+00  1.0000E+00
 7.0739E+02  6.7656E-03  5.7199E-01  8.9698E-03  1.5177E+00  1.0000E+00
 7.1281E+02  6.7751E-03  5.6844E-01  8.9700E-03  1.5062E+00  1.0000E+00
 7.1827E+02  6.7845E-03  5.6490E-01  8.9702E-03  1.4948E+00  1.0000E+00
 7.2377E+02  6.7939E-03  5.6138E-01  8.9704E-03  1.4835E+00  1.0000E+00
 7.2931E+02  6.8035E-03  5.5789E-01  8.9706E-03  1.4722E+00  1.0000E+00
 7.3490E+02  6.8131E-03  5.5443E-01  8.9708E-03  1.4611E+00  1.0000E+00
 7.4052E+02  6.8229E-03  5.5101E-01  8.9710E-03  1.4500E+00  1.0000E+00
 7.4620E+02  6.8328E-03  5.4761E-01  8.9712E-03  1.4390E+00  1.0000E+00
 7.5191E+02  6.8428E-03  5.4424E-01  8.9714E-03  1.4281E+00  1.0000E+00
 7.5767E+02  6.8530E-03  5.4091E-01  8.9716E-03  1.4173E+00  1.0000E+00
 7.6347E+02  6.8633E-03  5.3760E-01  8.9718E-03  1.4065E+00  1.0000E+00
 7.6932E+02  6.8737E-03  5.3432E-01  8.9720E-03  1.3959E+00  1.0000E+00
 7.7521E+02  6.8842E-03  5.3107E-01  8.9722E-03  1.3853E+00  1.0000E+00
 7.8115E+02  6.8949E-03  5.2784E-01  8.9724E-03  1.3748E+00  1.0000E+00
 7.8713E+02  6.9057E-03  5.2465E-01  8.9726E-03  1.3644E+00  1.0000E+00
 7.9316E+02  6.9165E-03  5.2148E-01  8.9728E-03  1.3541E+00  1.0000E+00
 7.9923E+02  6.9276E-03  5.1834E-01  8.9731E-03  1.3438E+00  1.0000E+00
 8.0535E+02  6.9387E-03  5.1522E-01  8.9733E-03  1.3336E+00  1.0000E+00
 8.1152E+02  6.9499E-03  5.1213E-01  8.9735E-03  1.3235E+00  1.0000E+00
 8.1774E+02  6.9613E-03  5.0906E-01  8.9737E-03  1.3135E+00  1.0000E+00
 8.2400E+02  6.9727E-03  5.0602E-01  8.9739E-03  1.3035E+00  1.0000E+00
 8.3031E+02  6.9843E-03  5.0300E-01  8.9741E-03  1.2937E+00  1.0000E+00
 8.3667E+02  6.9959E-03  5.0001E-01  8.9744E-03  1.2839E+00  1.0000E+00
 8.4307E+02  7.0077E-03  4.9704E-01  8.9746E-03  1.2741E+00  1.0000E+00
 8.4953E+02  7.0196E-03  4.9410E-01  8.9748E-03  1.2645E+00  1.0000E+00
 8.5604E+02  7.0316E-03  4.9118E-01  8.9751E-03  1.2549E+00  1.0000E+00
 8.6259E+02  7.0436E-03  4.8828E-01  8.9753E-03  1.2454E+00  1.0000E+00
 8.6920E+02  7.0558E-03  4.8540E-01  8.9755E-03  1.2360E+00  1.0000E+00
 8.7586E+02  7.0681E-03  4.8255E-01  8.9757E-03  1.2266E+00  1.0000E+00
 8.8256E+02  7.0804E-03  4.7971E-01  8.9760E-03  1.2173E+00  1.0000E+00
 8.8932E+02  7.0929E-03  4.7690E-01  8.9762E-03  1.2081E+00  1.0000E+00
 8.9613E+02  7.1054E-03  4.7411E-01  8.9765E-03  1.1989E+00  1.0000E+00
 9.0300E+02  7.1180E-03  4.7134E-01  8.9767E-03  1.1899E+00  1.0000E+00
 9.0991E+02  7.1307E-03  4.6859E-01  8.9769E-03  1.1809E+00  1.0000E+00
 9.1688E+02  7.1435E-03  4.6586E-01  8.9772E-03  1.1719E+00  1.0000E+00
 9.2390E+02  7.1564E-03  4.6315E-01  8.9774E-03  1.1630E+00  1.0000E+00
 9.3098E+02  7.1694E-03  4.6046E-01  8.9777E-03  1.1542E+00  1.0000E+00
 9.3811E+02  7.1824E-03  4.5779E-01  8.9779E-03  1.1455E+00  1.0000E+00
 9.4529E+02  7.1955E-03  4.5513E-01  8.9782E-03  1.1368E+00  1.0000E+00
 9.5253E+02  7.2087E-03  4.5250E-01  8.9784E-03  1.1282E+00  1.0000E+00
 9.5983E+02  7.2220E-03  4.4988E-01  8.9787E-03  1.1197E+00  1.0000E+00
 9.6718E+02  7.2354E-03  4.4729E-01  8.9790E-03  1.1112E+00  1.0000E+00
 9.7458E+02  7.2488E-03  4.4471E-01  8.9792E-03  1.1028E+00  1.0000E+00
 9.8205E+02  7.2622E-03  4.4214E-01  8.9795E-03  1.0944E+00  1.0000E+00
 9.8957E+02  7.2758E-03  4.3960E-01  8.9797E-03  1.0861E+00  1.0000E+00
 9.9715E+02  7.2894E-03  4.3707E-01  8.9800E-03  1.0779E+00  1.0000E+00
 1.0048E+03  7.3031E-03  4.3456E-01  8.9803E-03  1.0698E+00  1.0000E+00
 1.0125E+03  7.3168E-03  4.3206E-01  8.9805E-03  1.0617E+00  1.0000E+00
 1.0202E+03  7.3306E-03  4.2959E-01  8.9808E-03  1.0536E+00  1.0000E+00
 1.0280E+03  7.3444E-03  4.2712E-01  8.9811E-03  1.0456E+00  1.0000E+00
 1.0359E+03  7.3583E-03  4.2468E-01  8.9814E-03  1.0377E+00  1.0000E+00
 1.0439E+03  7.3723E-03  4.2224E-01  8.9816E-03  1.0299E+00  1.0000E+00
 1.0518E+03  7.3863E-03  4.1983E-01  8.9819E-03  1.0221E+00  1.0000E+00
 1.0599E+03  7.4004E-03  4.1743E-01  8.9822E-03  1.0143E+00  1.0000E+00
 1.0680E+03  7.4145E-03  4.1504E-01  8.9825E-03  1.0067E+00  1.0000E+00
 1.0762E+03  7.4286E-03  4.1267E-01  8.9828E-03  9.9905E-01  1.0000E+00
 1.0844E+03  7.4428E-03  4.1031E-01  8.9831E-03  9.9149E-01  1.0000E+00
 1.0927E+03  7.4570E-03  4.0797E-01  8.9834E-03  9.8398E-01  1.0000E+00
 1.1011E+03  7.4713E-03  4.0564E-01  8.9836E-03  9.7654E-01  1.0000E+00
 1.1095E+03  7.4856E-03  4.0332E-01  8.9839E-03  9.6915E-01  1.0000E+00
 1.1180E+03  7.4999E-03  4.0102E-01  8.9842E-03  9.6181E-01  1.0000E+00
 1.1266E+03  7.5131E-03  3.9867E-01  8.9845E-03  9.5454E-01  1.0000E+00
 1.1352E+03  7.5248E-03  3.9625E-01  8.9848E-03  9.4731E-01  1.0000E+00
 1.1439E+03  7.5364E-03  3.9384E-01  8.9852E-03  9.4015E-01  1.0000E+00
 1.1527E+03  7.5479E-03  3.9144E-01  8.9855E-03  9.3303E-01  1.0000E+00
 1.1615E+03  7.5594E-03  3.8905E-01  8.9858E-03  9.2597E-01  1.0000E+00
 1.1704E+03  7.5707E-03  3.8667E-01  8.9861E-03  9.1897E-01  1.0000E+00
 1.1794E+03  7.5820E-03  3.8430E-01  8.9864E-03  9.1202E-01  1.0000E+00
 1.1884E+03  7.5932E-03  3.8194E-01  8.9867E-03  9.0512E-01  1.0000E+00
 1.1975E+03  7.6043E-03  3.7959E-01  8.9870E-03  8.9827E-01  1.0000E+00
 1.2067E+03  7.6153E-03  3.7725E-01  8.9874E-03  8.9147E-01  1.0000E+00
 1.2159E+03  7.6263E-03  3.7492E-01  8.9877E-03  8.8473E-01  1.0000E+00
 1.2252E+03  7.6371E-03  3.7259E-01  8.9880E-03  8.7804E-01  1.0000E+00
 1.2346E+03  7.6479E-03  3.7028E-01  8.9883E-03  8.7140E-01  1.0000E+00
 1.2441E+03  7.6586E-03  3.6797E-01  8.9887E-03  8.6481E-01  1.0000E+00
 1.2536E+03  7.6692E-03  3.6568E-01  8.9890E-03  8.5827E-01  1.0000E+00
 1.2632E+03  7.6797E-03  3.6340E-01  8.9893E-03  8.5177E-01  1.0000E+00
 1.2729E+03  7.6902E-03  3.6112E-01  8.9897E-03  8.4533E-01  1.0000E+00
 1.2826E+03  7.7006E-03  3.5886E-01  8.9900E-03  8.3894E-01  1.0000E+00
 1.2924E+03  7.7109E-03  3.5660E-01  8.9904E-03  8.3260E-01  1.0000E+00
 1.3023E+03  7.7211E-03  3.5436E-01  8.9907E-03  8.2630E-01  1.0000E+00
 1.3123E+03  7.7313E-03  3.5213E-01  8.9911E-03  8.2005E-01  1.0000E+00
 1.3224E+03  7.7413E-03  3.4990E-01  8.9914E-03  8.1385E-01  1.0000E+00
 1.3325E+03  7.7513E-03  3.4769E-01  8.9918E-03  8.0770E-01  1.0000E+00
 1.3427E+03  7.7613E-03  3.4548E-01  8.9921E-03  8.0159E-01  1.0000E+00
 1.3530E+03  7.7711E-03  3.4329E-01  8.9925E-03  7.9553E-01  1.0000E+00
 1.3633E+03  7.7809E-03  3.4111E-01  8.9929E-03  7.8952E-01  1.0000E+00
 1.3738E+03  7.7906E-03  3.3893E-01  8.9932E-03  7.8355E-01  1.0000E+00
 1.3843E+03  7.8003E-03  3.3677E-01  8.9936E-03  7.7763E-01  1.0000E+00
 1.3949E+03  7.8098E-03  3.3462E-01  8.9940E-03  7.7175E-01  1.0000E+00
 1.4056E+03  7.8193E-03  3.3247E-01  8.9943E-03  7.6591E-01  1.0000E+00
 1.4164E+03  7.8288E-03  3.3034E-01  8.9947E-03  7.6013E-01  1.0000E+00
 1.4272E+03  7.8381E-03  3.2822E-01  8.9951E-03  7.5438E-01  1.0000E+00
 1.4381E+03  7.8474E-03  3.2611E-01  8.9955E-03  7.4868E-01  1.0000E+00
 1.4491E+03  7.8566E-03  3.2401E-01  8.9959E-03  7.4302E-01  1.0000E+00
 1.4602E+03  7.8658E-03  3.2192E-01  8.9963E-03  7.3741E-01  1.0000E+00
 1.4714E+03  7.8749E-03  3.1983E-01  8.9966E-03  7.3183E-01  1.0000E+00
 1.4827E+03  7.8839E-03  3.1776E-01  8.9970E-03  7.2630E-01  1.0000E+00
 1.4940E+03  7.8929E-03  3.1570E-01  8.9974E-03  7.2082E-01  1.0000E+00
 1.5055E+03  7.9018E-03  3.1365E-01  8.9978E-03  7.1537E-01  1.0000E+00
 1.5170E+03  7.9106E-03  3.1162E-01  8.9982E-03  7.0996E-01  1.0000E+00
 1.5286E+03  7.9194E-03  3.0959E-01  8.9987E-03  7.0460E-01  1.0000E+00
 1.5403E+03  7.9281E-03  3.0757E-01  8.9991E-03  6.9928E-01  1.0000E+00
 1.5521E+03  7.9368E-03  3.0556E-01  8.9995E-03  6.9399E-01  1.0000E+00
 1.5640E+03  7.9453E-03  3.0356E-01  8.9999E-03  6.8875E-01  1.0000E+00
 1.5760E+03  7.9539E-03  3.0157E-01  9.0003E-03  6.8355E-01  1.0000E+00
 1.5881E+03  7.9623E-03  2.9960E-01  9.0007E-03  6.7839E-01  1.0000E+00
 1.6002E+03  7.9707E-03  2.9763E-01  9.0012E-03  6.7326E-01  1.0000E+00
 1.6125E+03  7.9791E-03  2.9567E-01  9.0016E-03  6.6818E-01  1.0000E+00
 1.6248E+03  7.9874E-03  2.9373E-01  9.0020E-03  6.6313E-01  1.0000E+00
 1.6373E+03  7.9956E-03  2.9179E-01  9.0025E-03  6.5812E-01  1.0000E+00
 1.6498E+03  8.0038E-03  2.8987E-01  9.0029E-03  6.5315E-01  1.0000E+00
 1.6625E+03  8.0119E-03  2.8795E-01  9.0034E-03  6.4822E-01  1.0000E+00
 1.6752E+03  8.0199E-03  2.8605E-01  9.0038E-03  6.4333E-01  1.0000E+00
 1.6880E+03  8.0279E-03  2.8415E-01  9.0043E-03  6.3847E-01  1.0000E+00
 1.7009E+03  8.0359E-03  2.8227E-01  9.0047E-03  6.3365E-01  1.0000E+00
 1.7140E+03  8.0438E-03  2.8040E-01  9.0052E-03  6.2886E-01  1.0000E+00
 1.7271E+03  8.0516E-03  2.7853E-01  9.0056E-03  6.2412E-01  1.0000E+00
 1.7403E+03  8.0594E-03  2.7668E-01  9.0061E-03  6.1941E-01  1.0000E+00
 1.7537E+03  8.0671E-03  2.7484E-01  9.0066E-03  6.1473E-01  1.0000E+00
 1.7671E+03  8.0748E-03  2.7300E-01  9.0070E-03  6.1009E-01  1.0000E+00
 1.7806E+03  8.0824E-03  2.7118E-01  9.0075E-03  6.0549E-01  1.0000E+00
 1.7943E+03  8.0900E-03  2.6937E-01  9.0080E-03  6.0092E-01  1.0000E+00
 1.8080E+03  8.0975E-03  2.6756E-01  9.0085E-03  5.9638E-01  1.0000E+00
 1.8218E+03  8.1050E-03  2.6577E-01  9.0090E-03  5.9188E-01  1.0000E+00
 1.8358E+03  8.1124E-03  2.6399E-01  9.0094E-03  5.8741E-01  1.0000E+00
 1.8499E+03  8.1197E-03  2.6222E-01  9.0099E-03  5.8298E-01  1.0000E+00
 1.8640E+03  8.1270E-03  2.6046E-01  9.0104E-03  5.7858E-01  1.0000E+00
 1.8783E+03  8.1343E-03  2.5870E-01  9.0109E-03  5.7422E-01  1.0000E+00
 1.8927E+03  8.1415E-03  2.5696E-01  9.0114E-03  5.6988E-01  1.0000E+00
 1.9072E+03  8.1487E-03  2.5523E-01  9.0120E-03  5.6559E-01  1.0000E+00
 1.9218E+03  8.1558E-03  2.5351E-01  9.0125E-03  5.6132E-01  1.0000E+00
 1.9365E+03  8.1629E-03  2.5179E-01  9.0130E-03  5.5709E-01  1.0000E+00
 1.9513E+03  8.1699E-03  2.5009E-01  9.0135E-03  5.5288E-01  1.0000E+00
 1.9663E+03  8.1769E-03  2.4840E-01  9.0140E-03  5.4871E-01  1.0000E+00
 1.9813E+03  8.1838E-03  2.4672E-01  9.0146E-03  5.4457E-01  1.0000E+00
 1.9965E+03  8.1907E-03  2.4504E-01  9.0151E-03  5.4047E-01  1.0000E+00
 2.0118E+03  8.1975E-03  2.4338E-01  9.0156E-03  5.3639E-01  1.0000E+00
 2.0272E+03  8.2043E-03  2.4173E-01  9.0162E-03  5.3235E-01  1.0000E+00
 2.0427E+03  8.2111E-03  2.4009E-01  9.0167E-03  5.2833E-01  1.0000E+00
 2.0584E+03  8.2178E-03  2.3845E-01  9.0173E-03  5.2435E-01  1.0000E+00
 2.0741E+03  8.2244E-03  2.3683E-01  9.0178E-03  5.2040E-01  1.0000E+00
 2.0900E+03  8.2311E-03  2.3521E-01  9.0184E-03  5.1647E-01  1.0000E+00
 2.1060E+03  8.2376E-03  2.3361E-01  9.0189E-03  5.1258E-01  1.0000E+00
 2.1222E+03  8.2442E-03  2.3201E-01  9.0195E-03  5.0872E-01  1.0000E+00
 2.1384E+03  8.2507E-03  2.3043E-01  9.0201E-03  5.0488E-01  1.0000E+00
 2.1548E+03  8.2571E-03  2.2885E-01  9.0207E-03  5.0108E-01  1.0000E+00
 2.1713E+03  8.2635E-03  2.2728E-01  9.0212E-03  4.9730E-01  1.0000E+00
 2.1879E+03  8.2699E-03  2.2573E-01  9.0218E-03  4.9355E-01  1.0000E+00
 2.2047E+03  8.2762E-03  2.2418E-01  9.0224E-03  4.8983E-01  1.0000E+00
 2.2216E+03  8.2825E-03  2.2264E-01  9.0230E-03  4.8614E-01  1.0000E+00
 2.2386E+03  8.2887E-03  2.2111E-01  9.0236E-03  4.8248E-01  1.0000E+00
 2.2557E+03  8.2949E-03  2.1959E-01  9.0242E-03  4.7885E-01  1.0000E+00
 2.2730E+03  8.3011E-03  2.1808E-01  9.0248E-03  4.7524E-01  1.0000E+00
 2.2904E+03  8.3072E-03  2.1658E-01  9.0254E-03  4.7166E-01  1.0000E+00
 2.3079E+03  8.3133E-03  2.1509E-01  9.0260E-03  4.6811E-01  1.0000E+00
 2.3256E+03  8.3194E-03  2.1360E-01  9.0267E-03  4.6458E-01  1.0000E+00
 2.3434E+03  8.3254E-03  2.1213E-01  9.0273E-03  4.6108E-01  1.0000E+00
 2.3614E+03  8.3314E-03  2.1067E-01  9.0279E-03  4.5761E-01  1.0000E+00
 2.3794E+03  8.3373E-03  2.0921E-01  9.0286E-03  4.5416E-01  1.0000E+00
 2.3977E+03  8.3432E-03  2.0776E-01  9.0292E-03  4.5074E-01  1.0000E+00
 2.4160E+03  8.3491E-03  2.0633E-01  9.0298E-03  4.4735E-01  1.0000E+00
 2.4345E+03  8.3549E-03  2.0490E-01  9.0305E-03  4.4398E-01  1.0000E+00
 2.4532E+03  8.3607E-03  2.0348E-01  9.0311E-03  4.4064E-01  1.0000E+00
 2.4720E+03  8.3665E-03  2.0207E-01  9.0318E-03  4.3732E-01  1.0000E+00
 2.4909E+03  8.3722E-03  2.0066E-01  9.0325E-03  4.3403E-01  1.0000E+00
 2.5100E+03  8.3779E-03  1.9927E-01  9.0331E-03  4.3076E-01  1.0000E+00
 2.5292E+03  8.3836E-03  1.9789E-01  9.0338E-03  4.2752E-01  1.0000E+00
 2.5486E+03  8.3892E-03  1.9651E-01  9.0345E-03  4.2431E-01  1.0000E+00
 2.5681E+03  8.3948E-03  1.9514E-01  9.0352E-03  4.2111E-01  1.0000E+00
 2.5878E+03  8.4003E-03  1.9378E-01  9.0359E-03  4.1794E-01  1.0000E+00
 2.6076E+03  8.4059E-03  1.9243E-01  9.0366E-03  4.1480E-01  1.0000E+00
 2.6275E+03  8.4114E-03  1.9109E-01  9.0373E-03  4.1168E-01  1.0000E+00
 2.6477E+03  8.4168E-03  1.8976E-01  9.0380E-03  4.0858E-01  1.0000E+00
 2.6679E+03  8.4223E-03  1.8844E-01  9.0387E-03  4.0551E-01  1.0000E+00
 2.6884E+03  8.4277E-03  1.8712E-01  9.0394E-03  4.0246E-01  1.0000E+00
 2.7090E+03  8.4330E-03  1.8581E-01  9.0401E-03  3.9943E-01  1.0000E+00
 2.7297E+03  8.4384E-03  1.8451E-01  9.0409E-03  3.9643E-01  1.0000E+00
 2.7506E+03  8.4437E-03  1.8322E-01  9.0416E-03  3.9345E-01  1.0000E+00
 2.7717E+03  8.4490E-03  1.8194E-01  9.0424E-03  3.9049E-01  1.0000E+00
 2.7929E+03  8.4542E-03  1.8067E-01  9.0431E-03  3.8755E-01  1.0000E+00
 2.8143E+03  8.4595E-03  1.7940E-01  9.0439E-03  3.8464E-01  1.0000E+00
 2.8358E+03  8.4647E-03  1.7814E-01  9.0446E-03  3.8175E-01  1.0000E+00
 2.8576E+03  8.4698E-03  1.7689E-01  9.0454E-03  3.7888E-01  1.0000E+00
 2.8794E+03  8.4750E-03  1.7565E-01  9.0462E-03  3.7603E-01  1.0000E+00
 2.9015E+03  8.4801E-03  1.7442E-01  9.0469E-03  3.7321E-01  1.0000E+00
 2.9237E+03  8.4851E-03  1.7319E-01  9.0477E-03  3.7040E-01  1.0000E+00
 2.9461E+03  8.4902E-03  1.7197E-01  9.0485E-03  3.6762E-01  1.0000E+00
 2.9687E+03  8.4952E-03  1.7076E-01  9.0493E-03  3.6486E-01  1.0000E+00
 2.9914E+03  8.5002E-03  1.6956E-01  9.0501E-03  3.6212E-01  1.0000E+00
 3.0143E+03  8.5052E-03  1.6837E-01  9.0509E-03  3.5940E-01  1.0000E+00
 3.0374E+03  8.5102E-03  1.6718E-01  9.0517E-03  3.5670E-01  1.0000E+00
 3.0607E+03  8.5151E-03  1.6600E-01  9.0525E-03  3.5402E-01  1.0000E+00
 3.0841E+03  8.5200E-03  1.6483E-01  9.0534E-03  3.5136E-01  1.0000E+00
 3.1077E+03  8.5248E-03  1.6367E-01  9.0542E-03  3.4872E-01  1.0000E+00
 3.1315E+03  8.5297E-03  1.6251E-01  9.0550E-03  3.4610E-01  1.0000E+00
 3.1555E+03  8.5345E-03  1.6137E-01  9.0559E-03  3.4350E-01  1.0000E+00
 3.1797E+03  8.5393E-03  1.6023E-01  9.0567E-03  3.4093E-01  1.0000E+00
 3.2040E+03  8.5441E-03  1.5909E-01  9.0576E-03  3.3837E-01  1.0000E+00
 3.2286E+03  8.5488E-03  1.5797E-01  9.0584E-03  3.3583E-01  1.0000E+00
 3.2533E+03  8.5536E-03  1.5685E-01  9.0593E-03  3.3331E-01  1.0000E+00
 3.2782E+03  8.5583E-03  1.5574E-01  9.0602E-03  3.3081E-01  1.0000E+00
 3.3033E+03  8.5630E-03  1.5464E-01  9.0611E-03  3.2832E-01  1.0000E+00
 3.3286E+03  8.5676E-03  1.5354E-01  9.0620E-03  3.2586E-01  1.0000E+00
 3.3541E+03  8.5723E-03  1.5245E-01  9.0629E-03  3.2342E-01  1.0000E+00
 3.3798E+03  8.5769E-03  1.5137E-01  9.0638E-03  3.2099E-01  1.0000E+00
 3.4057E+03  8.5815E-03  1.5030E-01  9.0647E-03  3.1858E-01  1.0000E+00
 3.4317E+03  8.5860E-03  1.4923E-01  9.0656E-03  3.1619E-01  1.0000E+00
 3.4580E+03  8.5906E-03  1.4817E-01  9.0665E-03  3.1382E-01  1.0000E+00
 3.4845E+03  8.5951E-03  1.4712E-01  9.0675E-03  3.1147E-01  1.0000E+00
 3.5112E+03  8.5996E-03  1.4608E-01  9.0684E-03  3.0913E-01  1.0000E+00
 3.5381E+03  8.6041E-03  1.4504E-01  9.0694E-03  3.0682E-01  1.0000E+00
 3.5652E+03  8.6086E-03  1.4401E-01  9.0703E-03  3.0452E-01  1.0000E+00
 3.5925E+03  8.6130E-03  1.4298E-01  9.0713E-03  3.0223E-01  1.0000E+00
 3.6200E+03  8.6175E-03  1.4196E-01  9.0722E-03  2.9997E-01  1.0000E+00
 3.6477E+03  8.6219E-03  1.4095E-01  9.0732E-03  2.9772E-01  1.0000E+00
 3.6757E+03  8.6263E-03  1.3995E-01  9.0742E-03  2.9549E-01  1.0000E+00
 3.7038E+03  8.6306E-03  1.3895E-01  9.0752E-03  2.9328E-01  1.0000E+00
 3.7322E+03  8.6350E-03  1.3796E-01  9.0762E-03  2.9108E-01  1.0000E+00
 3.7608E+03  8.6393E-03  1.3698E-01  9.0772E-03  2.8890E-01  1.0000E+00
 3.7896E+03  8.6436E-03  1.3600E-01  9.0782E-03  2.8674E-01  1.0000E+00
 3.8186E+03  8.6479E-03  1.3503E-01  9.0792E-03  2.8459E-01  1.0000E+00
 3.8478E+03  8.6522E-03  1.3407E-01  9.0803E-03  2.8246E-01  1.0000E+00
 3.8773E+03  8.6565E-03  1.3311E-01  9.0813E-03  2.8034E-01  1.0000E+00
 3.9070E+03  8.6607E-03  1.3216E-01  9.0824E-03  2.7825E-01  1.0000E+00
 3.9369E+03  8.6650E-03  1.3122E-01  9.0834E-03  2.7616E-01  1.0000E+00
 3.9671E+03  8.6692E-03  1.3028E-01  9.0845E-03  2.7410E-01  1.0000E+00
 3.9974E+03  8.6734E-03  1.2935E-01  9.0856E-03  2.7205E-01  1.0000E+00
 4.0281E+03  8.6776E-03  1.2842E-01  9.0866E-03  2.7001E-01  1.0000E+00
 4.0589E+03  8.6818E-03  1.2750E-01  9.0877E-03  2.6799E-01  1.0000E+00
 4.0900E+03  8.6859E-03  1.2659E-01  9.0888E-03  2.6599E-01  1.0000E+00
 4.1213E+03  8.6900E-03  1.2568E-01  9.0899E-03  2.6400E-01  1.0000E+00
 4.1529E+03  8.6942E-03  1.2478E-01  9.0910E-03  2.6202E-01  1.0000E+00
 4.1847E+03  8.6983E-03  1.2389E-01  9.0922E-03  2.6006E-01  1.0000E+00
 4.2167E+03  8.7024E-03  1.2300E-01  9.0933E-03  2.5812E-01  1.0000E+00
 4.2490E+03  8.7065E-03  1.2212E-01  9.0944E-03  2.5619E-01  1.0000E+00
 4.2816E+03  8.7105E-03  1.2125E-01  9.0956E-03  2.5427E-01  1.0000E+00
 4.3143E+03  8.7146E-03  1.2038E-01  9.0967E-03  2.5237E-01  1.0000E+00
 4.3474E+03  8.7186E-03  1.1951E-01  9.0979E-03  2.5049E-01  1.0000E+00
 4.3807E+03  8.7226E-03  1.1866E-01  9.0991E-03  2.4862E-01  1.0000E+00
 4.4142E+03  8.7267E-03  1.1781E-01  9.1003E-03  2.4676E-01  1.0000E+00
 4.4480E+03  8.7307E-03  1.1696E-01  9.1015E-03  2.4491E-01  1.0000E+00
 4.4821E+03  8.7347E-03  1.1612E-01  9.1027E-03  2.4309E-01  1.0000E+00
 4.5164E+03  8.7386E-03  1.1529E-01  9.1039E-03  2.4127E-01  1.0000E+00
 4.5510E+03  8.7426E-03  1.1446E-01  9.1051E-03  2.3947E-01  1.0000E+00
 4.5859E+03  8.7465E-03  1.1364E-01  9.1063E-03  2.3768E-01  1.0000E+00
 4.6210E+03  8.7505E-03  1.1282E-01  9.1076E-03  2.3591E-01  1.0000E+00
 4.6564E+03  8.7544E-03  1.1201E-01  9.1088E-03  2.3415E-01  1.0000E+00
 4.6920E+03  8.7583E-03  1.1120E-01  9.1101E-03  2.3240E-01  1.0000E+00
 4.7280E+03  8.7623E-03  1.1040E-01  9.1113E-03  2.3066E-01  1.0000E+00
 4.7642E+03  8.7662E-03  1.0961E-01  9.1126E-03  2.2894E-01  1.0000E+00
 4.8007E+03  8.7700E-03  1.0882E-01  9.1139E-03  2.2724E-01  1.0000E+00
 4.8374E+03  8.7739E-03  1.0804E-01  9.1152E-03  2.2554E-01  1.0000E+00
 4.8745E+03  8.7778E-03  1.0726E-01  9.1165E-03  2.2386E-01  1.0000E+00
 4.9118E+03  8.7816E-03  1.0649E-01  9.1178E-03  2.2219E-01  1.0000E+00
 4.9494E+03  8.7855E-03  1.0572E-01  9.1192E-03  2.2053E-01  1.0000E+00
 4.9873E+03  8.7893E-03  1.0496E-01  9.1205E-03  2.1889E-01  1.0000E+00
 5.0255E+03  8.7932E-03  1.0420E-01  9.1219E-03  2.1726E-01  1.0000E+00
 5.0640E+03  8.7970E-03  1.0345E-01  9.1232E-03  2.1564E-01  1.0000E+00
 5.1028E+03  8.8008E-03  1.0271E-01  9.1246E-03  2.1403E-01  1.0000E+00
 5.1419E+03  8.8046E-03  1.0197E-01  9.1260E-03  2.1244E-01  1.0000E+00
 5.1812E+03  8.8084E-03  1.0123E-01  9.1274E-03  2.1085E-01  1.0000E+00
 5.2209E+03  8.8122E-03  1.0050E-01  9.1288E-03  2.0928E-01  1.0000E+00
 5.2609E+03  8.8160E-03  9.9775E-02  9.1302E-03  2.0773E-01  1.0000E+00
 5.3012E+03  8.8198E-03  9.9056E-02  9.1316E-03  2.0618E-01  1.0000E+00
 5.3418E+03  8.8235E-03  9.8341E-02  9.1331E-03  2.0464E-01  1.0000E+00
 5.3827E+03  8.8273E-03  9.7631E-02  9.1345E-03  2.0312E-01  1.0000E+00
 5.4239E+03  8.8311E-03  9.6926E-02  9.1360E-03  2.0161E-01  1.0000E+00
 5.4655E+03  8.8348E-03  9.6227E-02  9.1374E-03  2.0011E-01  1.0000E+00
 5.5073E+03  8.8385E-03  9.5532E-02  9.1389E-03  1.9862E-01  1.0000E+00
 5.5495E+03  8.8423E-03  9.4842E-02  9.1404E-03  1.9714E-01  1.0000E+00
 5.5920E+03  8.8460E-03  9.4157E-02  9.1419E-03  1.9568E-01  1.0000E+00
 5.6348E+03  8.8497E-03  9.3477E-02  9.1434E-03  1.9422E-01  1.0000E+00
 5.6780E+03  8.8535E-03  9.2802E-02  9.1449E-03  1.9278E-01  1.0000E+00
 5.7215E+03  8.8572E-03  9.2131E-02  9.1465E-03  1.9135E-01  1.0000E+00
 5.7653E+03  8.8609E-03  9.1465E-02  9.1480E-03  1.8992E-01  1.0000E+00
 5.8094E+03  8.8646E-03  9.0804E-02  9.1496E-03  1.8851E-01  1.0000E+00
 5.8539E+03  8.8683E-03  9.0148E-02  9.1512E-03  1.8711E-01  1.0000E+00
 5.8988E+03  8.8720E-03  8.9496E-02  9.1528E-03  1.8572E-01  1.0000E+00
 5.9439E+03  8.8757E-03  8.8849E-02  9.1544E-03  1.8434E-01  1.0000E+00
 5.9895E+03  8.8794E-03  8.8207E-02  9.1560E-03  1.8297E-01  1.0000E+00
 6.0353E+03  8.8831E-03  8.7569E-02  9.1576E-03  1.8162E-01  1.0000E+00
 6.0815E+03  8.8868E-03  8.6935E-02  9.1592E-03  1.8027E-01  1.0000E+00
 6.1281E+03  8.8904E-03  8.6306E-02  9.1609E-03  1.7893E-01  1.0000E+00
 6.1751E+03  8.8941E-03  8.5682E-02  9.1626E-03  1.7760E-01  1.0000E+00
 6.2223E+03  8.8978E-03  8.5062E-02  9.1642E-03  1.7628E-01  1.0000E+00
 6.2700E+03  8.9015E-03  8.4446E-02  9.1659E-03  1.7498E-01  1.0000E+00
 6.3180E+03  8.9051E-03  8.3835E-02  9.1676E-03  1.7368E-01  1.0000E+00
 6.3664E+03  8.9088E-03  8.3228E-02  9.1693E-03  1.7239E-01  1.0000E+00
 6.4152E+03  8.9125E-03  8.2626E-02  9.1711E-03  1.7111E-01  1.0000E+00
 6.4643E+03  8.9161E-03  8.2028E-02  9.1728E-03  1.6985E-01  1.0000E+00
 6.5138E+03  8.9198E-03  8.1434E-02  9.1746E-03  1.6859E-01  1.0000E+00
 6.5637E+03  8.9235E-03  8.0844E-02  9.1763E-03  1.6734E-01  1.0000E+00
 6.6139E+03  8.9271E-03  8.0259E-02  9.1781E-03  1.6610E-01  1.0000E+00
 6.6646E+03  8.9308E-03  7.9678E-02  9.1799E-03  1.6487E-01  1.0000E+00
 6.7156E+03  8.9345E-03  7.9101E-02  9.1817E-03  1.6365E-01  1.0000E+00
 6.7671E+03  8.9381E-03  7.8528E-02  9.1835E-03  1.6244E-01  1.0000E+00
 6.8189E+03  8.9418E-03  7.7959E-02  9.1854E-03  1.6123E-01  1.0000E+00
 6.8711E+03  8.9454E-03  7.7394E-02  9.1872E-03  1.6004E-01  1.0000E+00
 6.9237E+03  8.9491E-03  7.6833E-02  9.1891E-03  1.5886E-01  1.0000E+00
 6.9768E+03  8.9528E-03  7.6277E-02  9.1910E-03  1.5768E-01  1.0000E+00
 7.0302E+03  8.9564E-03  7.5724E-02  9.1929E-03  1.5652E-01  1.0000E+00
 7.0840E+03  8.9601E-03  7.5175E-02  9.1948E-03  1.5536E-01  1.0000E+00
 7.1383E+03  8.9638E-03  7.4631E-02  9.1967E-03  1.5421E-01  1.0000E+00
 7.1929E+03  8.9674E-03  7.4090E-02  9.1987E-03  1.5307E-01  1.0000E+00
 7.2480E+03  8.9711E-03  7.3553E-02  9.2006E-03  1.5194E-01  1.0000E+00
 7.3035E+03  8.9748E-03  7.3020E-02  9.2026E-03  1.5082E-01  1.0000E+00
 7.3595E+03  8.9785E-03  7.2491E-02  9.2046E-03  1.4970E-01  1.0000E+00
 7.4158E+03  8.9821E-03  7.1965E-02  9.2066E-03  1.4860E-01  1.0000E+00
 7.4726E+03  8.9858E-03  7.1444E-02  9.2086E-03  1.4750E-01  1.0000E+00
 7.5299E+03  8.9895E-03  7.0926E-02  9.2106E-03  1.4641E-01  1.0000E+00
 7.5875E+03  8.9932E-03  7.0412E-02  9.2127E-03  1.4533E-01  1.0000E+00
 7.6456E+03  8.9969E-03  6.9901E-02  9.2147E-03  1.4426E-01  1.0000E+00
 7.7042E+03  9.0006E-03  6.9394E-02  9.2168E-03  1.4319E-01  1.0000E+00
 7.7632E+03  9.0043E-03  6.8891E-02  9.2189E-03  1.4214E-01  1.0000E+00
 7.8226E+03  9.0080E-03  6.8392E-02  9.2210E-03  1.4109E-01  1.0000E+00
 7.8825E+03  9.0117E-03  6.7896E-02  9.2232E-03  1.4005E-01  1.0000E+00
 7.9429E+03  9.0154E-03  6.7404E-02  9.2253E-03  1.3902E-01  1.0000E+00
 8.0037E+03  9.0191E-03  6.6915E-02  9.2275E-03  1.3799E-01  1.0000E+00
 8.0650E+03  9.0228E-03  6.6430E-02  9.2296E-03  1.3698E-01  1.0000E+00
 8.1268E+03  9.0265E-03  6.5948E-02  9.2318E-03  1.3597E-01  1.0000E+00
 8.1890E+03  9.0303E-03  6.5470E-02  9.2341E-03  1.3497E-01  1.0000E+00
 8.2518E+03  9.0340E-03  6.4996E-02  9.2363E-03  1.3397E-01  1.0000E+00
 8.3150E+03  9.0378E-03  6.4524E-02  9.2385E-03  1.3299E-01  1.0000E+00
 8.3786E+03  9.0415E-03  6.4057E-02  9.2408E-03  1.3201E-01  1.0000E+00
 8.4428E+03  9.0453E-03  6.3592E-02  9.2431E-03  1.3104E-01  1.0000E+00
 8.5075E+03  9.0490E-03  6.3131E-02  9.2454E-03  1.3008E-01  1.0000E+00
 8.5726E+03  9.0528E-03  6.2674E-02  9.2477E-03  1.2912E-01  1.0000E+00
 8.6383E+03  9.0566E-03  6.2219E-02  9.2500E-03  1.2817E-01  1.0000E+00
 8.7044E+03  9.0603E-03  6.1768E-02  9.2524E-03  1.2723E-01  1.0000E+00
 8.7711E+03  9.0641E-03  6.1320E-02  9.2548E-03  1.2629E-01  1.0000E+00
 8.8383E+03  9.0679E-03  6.0876E-02  9.2572E-03  1.2537E-01  1.0000E+00
 8.9059E+03  9.0717E-03  6.0435E-02  9.2596E-03  1.2445E-01  1.0000E+00
 8.9741E+03  9.0755E-03  5.9996E-02  9.2620E-03  1.2353E-01  1.0000E+00
 9.0429E+03  9.0794E-03  5.9562E-02  9.2645E-03  1.2263E-01  1.0000E+00
 9.1121E+03  9.0832E-03  5.9130E-02  9.2669E-03  1.2173E-01  1.0000E+00
 9.1819E+03  9.0870E-03  5.8701E-02  9.2694E-03  1.2083E-01  1.0000E+00
 9.2522E+03  9.0909E-03  5.8276E-02  9.2719E-03  1.1995E-01  1.0000E+00
 9.3231E+03  9.0947E-03  5.7853E-02  9.2744E-03  1.1907E-01  1.0000E+00
 9.3945E+03  9.0986E-03  5.7434E-02  9.2770E-03  1.1820E-01  1.0000E+00
 9.4664E+03  9.1025E-03  5.7018E-02  9.2795E-03  1.1733E-01  1.0000E+00
 9.5389E+03  9.1064E-03  5.6605E-02  9.2821E-03  1.1647E-01  1.0000E+00
 9.6120E+03  9.1103E-03  5.6195E-02  9.2847E-03  1.1562E-01  1.0000E+00
 9.6856E+03  9.1142E-03  5.5788E-02  9.2874E-03  1.1477E-01  1.0000E+00
 9.7598E+03  9.1181E-03  5.5383E-02  9.2900E-03  1.1393E-01  1.0000E+00
 9.8345E+03  9.1220E-03  5.4982E-02  9.2927E-03  1.1310E-01  1.0000E+00
 9.9098E+03  9.1260E-03  5.4584E-02  9.2954E-03  1.1227E-01  1.0000E+00
 9.9857E+03  9.1299E-03  5.4188E-02  9.2981E-03  1.1145E-01  1.0000E+00
 1.0062E+04  9.1339E-03  5.3796E-02  9.3008E-03  1.1064E-01  1.0000E+00
 1.0139E+04  9.1378E-03  5.3406E-02  9.3036E-03  1.0983E-01  1.0000E+00
 1.0217E+04  9.1418E-03  5.3020E-02  9.3063E-03  1.0903E-01  1.0000E+00
 1.0295E+04  9.1458E-03  5.2636E-02  9.3091E-03  1.0823E-01  1.0000E+00
 1.0374E+04  9.1498E-03  5.2255E-02  9.3119E-03  1.0744E-01  1.0000E+00
 1.0453E+04  9.1539E-03  5.1876E-02  9.3148E-03  1.0666E-01  1.0000E+00
 1.0533E+04  9.1579E-03  5.1501E-02  9.3176E-03  1.0588E-01  1.0000E+00
 1.0614E+04  9.1619E-03  5.1128E-02  9.3205E-03  1.0511E-01  1.0000E+00
 1.0695E+04  9.1660E-03  5.0758E-02  9.3234E-03  1.0434E-01  1.0000E+00
 1.0777E+04  9.1701E-03  5.0390E-02  9.3264E-03  1.0358E-01  1.0000E+00
 1.0860E+04  9.1742E-03  5.0026E-02  9.3293E-03  1.0282E-01  1.0000E+00
 1.0943E+04  9.1783E-03  4.9664E-02  9.3323E-03  1.0208E-01  1.0000E+00
 1.1027E+04  9.1824E-03  4.9304E-02  9.3353E-03  1.0133E-01  1.0000E+00
 1.1111E+04  9.1865E-03  4.8948E-02  9.3383E-03  1.0059E-01  1.0000E+00
 1.1196E+04  9.1907E-03  4.8594E-02  9.3413E-03  9.9862E-02  1.0000E+00
 1.1282E+04  9.1949E-03  4.8242E-02  9.3444E-03  9.9136E-02  1.0000E+00
 1.1369E+04  9.1990E-03  4.7893E-02  9.3475E-03  9.8415E-02  1.0000E+00
 1.1456E+04  9.2032E-03  4.7547E-02  9.3506E-03  9.7700E-02  1.0000E+00
 1.1543E+04  9.2075E-03  4.7203E-02  9.3538E-03  9.6990E-02  1.0000E+00
 1.1632E+04  9.2117E-03  4.6862E-02  9.3569E-03  9.6285E-02  1.0000E+00
 1.1721E+04  9.2159E-03  4.6523E-02  9.3601E-03  9.5586E-02  1.0000E+00
 1.1811E+04  9.2202E-03  4.6187E-02  9.3633E-03  9.4892E-02  1.0000E+00
 1.1901E+04  9.2245E-03  4.5853E-02  9.3666E-03  9.4204E-02  1.0000E+00
 1.1992E+04  9.2288E-03  4.5522E-02  9.3698E-03  9.3520E-02  1.0000E+00
 1.2084E+04  9.2331E-03  4.5193E-02  9.3731E-03  9.2842E-02  1.0000E+00
 1.2177E+04  9.2374E-03  4.4867E-02  9.3764E-03  9.2169E-02  1.0000E+00
 1.2270E+04  9.2418E-03  4.4543E-02  9.3798E-03  9.1501E-02  1.0000E+00
 1.2364E+04  9.2462E-03  4.4221E-02  9.3832E-03  9.0838E-02  1.0000E+00
 1.2458E+04  9.2505E-03  4.3902E-02  9.3865E-03  9.0181E-02  1.0000E+00
 1.2554E+04  9.2550E-03  4.3585E-02  9.3900E-03  8.9528E-02  1.0000E+00
 1.2650E+04  9.2594E-03  4.3270E-02  9.3934E-03  8.8880E-02  1.0000E+00
 1.2747E+04  9.2638E-03  4.2958E-02  9.3969E-03  8.8237E-02  1.0000E+00
 1.2845E+04  9.2683E-03  4.2648E-02  9.4004E-03  8.7599E-02  1.0000E+00
 1.2943E+04  9.2728E-03  4.2340E-02  9.4039E-03  8.6966E-02  1.0000E+00
 1.3042E+04  9.2773E-03  4.2035E-02  9.4075E-03  8.6338E-02  1.0000E+00
 1.3142E+04  9.2818E-03  4.1732E-02  9.4111E-03  8.5714E-02  1.0000E+00
 1.3243E+04  9.2864E-03  4.1431E-02  9.4147E-03  8.5095E-02  1.0000E+00
 1.3344E+04  9.2909E-03  4.1132E-02  9.4183E-03  8.4481E-02  1.0000E+00
 1.3446E+04  9.2955E-03  4.0836E-02  9.4220E-03  8.3872E-02  1.0000E+00
 1.3549E+04  9.3001E-03  4.0542E-02  9.4257E-03  8.3267E-02  1.0000E+00
 1.3653E+04  9.3048E-03  4.0250E-02  9.4294E-03  8.2667E-02  1.0000E+00
 1.3757E+04  9.3094E-03  3.9960E-02  9.4332E-03  8.2072E-02  1.0000E+00
 1.3863E+04  9.3141E-03  3.9672E-02  9.4370E-03  8.1480E-02  1.0000E+00
 1.3969E+04  9.3188E-03  3.9386E-02  9.4408E-03  8.0894E-02  1.0000E+00
 1.4076E+04  9.3236E-03  3.9103E-02  9.4446E-03  8.0312E-02  1.0000E+00
 1.4184E+04  9.3283E-03  3.8821E-02  9.4485E-03  7.9734E-02  1.0000E+00
 1.4292E+04  9.3331E-03  3.8542E-02  9.4524E-03  7.9161E-02  1.0000E+00
 1.4402E+04  9.3379E-03  3.8264E-02  9.4564E-03  7.8592E-02  1.0000E+00
 1.4512E+04  9.3427E-03  3.7989E-02  9.4603E-03  7.8027E-02  1.0000E+00
 1.4623E+04  9.3476E-03  3.7716E-02  9.4643E-03  7.7467E-02  1.0000E+00
 1.4735E+04  9.3524E-03  3.7445E-02  9.4684E-03  7.6911E-02  1.0000E+00
 1.4848E+04  9.3573E-03  3.7176E-02  9.4724E-03  7.6359E-02  1.0000E+00
 1.4962E+04  9.3622E-03  3.6908E-02  9.4765E-03  7.5812E-02  1.0000E+00
 1.5076E+04  9.3672E-03  3.6643E-02  9.4807E-03  7.5268E-02  1.0000E+00
 1.5192E+04  9.3722E-03  3.6380E-02  9.4848E-03  7.4729E-02  1.0000E+00
 1.5308E+04  9.3772E-03  3.6119E-02  9.4890E-03  7.4194E-02  1.0000E+00
 1.5425E+04  9.3822E-03  3.5859E-02  9.4933E-03  7.3663E-02  1.0000E+00
 1.5544E+04  9.3873E-03  3.5602E-02  9.4975E-03  7.3136E-02  1.0000E+00
 1.5663E+04  9.3924E-03  3.5347E-02  9.5018E-03  7.2613E-02  1.0000E+00
 1.5783E+04  9.3975E-03  3.5093E-02  9.5061E-03  7.2094E-02  1.0000E+00
 1.5903E+04  9.4026E-03  3.4841E-02  9.5105E-03  7.1579E-02  1.0000E+00
 1.6025E+04  9.4078E-03  3.4591E-02  9.5149E-03  7.1068E-02  1.0000E+00
 1.6148E+04  9.4130E-03  3.4343E-02  9.5193E-03  7.0560E-02  1.0000E+00
 1.6272E+04  9.4182E-03  3.4097E-02  9.5238E-03  7.0057E-02  1.0000E+00
 1.6396E+04  9.4235E-03  3.3853E-02  9.5283E-03  6.9557E-02  1.0000E+00
 1.6522E+04  9.4287E-03  3.3610E-02  9.5328E-03  6.9062E-02  1.0000E+00
 1.6648E+04  9.4341E-03  3.3370E-02  9.5374E-03  6.8570E-02  1.0000E+00
 1.6776E+04  9.4394E-03  3.3131E-02  9.5420E-03  6.8081E-02  1.0000E+00
 1.6904E+04  9.4448E-03  3.2894E-02  9.5467E-03  6.7597E-02  1.0000E+00
 1.7034E+04  9.4502E-03  3.2658E-02  9.5514E-03  6.7116E-02  1.0000E+00
 1.7164E+04  9.4556E-03  3.2425E-02  9.5561E-03  6.6639E-02  1.0000E+00
 1.7296E+04  9.4611E-03  3.2193E-02  9.5608E-03  6.6165E-02  1.0000E+00
 1.7428E+04  9.4666E-03  3.1963E-02  9.5656E-03  6.5695E-02  1.0000E+00
 1.7562E+04  9.4721E-03  3.1734E-02  9.5705E-03  6.5229E-02  1.0000E+00
 1.7696E+04  9.4777E-03  3.1507E-02  9.5753E-03  6.4766E-02  1.0000E+00
 1.7832E+04  9.4833E-03  3.1282E-02  9.5802E-03  6.4307E-02  1.0000E+00
 1.7968E+04  9.4890E-03  3.1059E-02  9.5852E-03  6.3851E-02  1.0000E+00
 1.8106E+04  9.4946E-03  3.0837E-02  9.5902E-03  6.3399E-02  1.0000E+00
 1.8244E+04  9.5003E-03  3.0617E-02  9.5952E-03  6.2950E-02  1.0000E+00
 1.8384E+04  9.5061E-03  3.0399E-02  9.6003E-03  6.2505E-02  1.0000E+00
 1.8525E+04  9.5118E-03  3.0182E-02  9.6054E-03  6.2062E-02  1.0000E+00
 1.8667E+04  9.5177E-03  2.9967E-02  9.6105E-03  6.1624E-02  1.0000E+00
 1.8810E+04  9.5235E-03  2.9753E-02  9.6157E-03  6.1188E-02  1.0000E+00
 1.8954E+04  9.5294E-03  2.9541E-02  9.6209E-03  6.0756E-02  1.0000E+00
 1.9099E+04  9.5353E-03  2.9331E-02  9.6262E-03  6.0328E-02  1.0000E+00
 1.9245E+04  9.5413E-03  2.9122E-02  9.6315E-03  5.9902E-02  1.0000E+00
 1.9393E+04  9.5472E-03  2.8915E-02  9.6369E-03  5.9480E-02  1.0000E+00
 1.9541E+04  9.5533E-03  2.8709E-02  9.6423E-03  5.9061E-02  1.0000E+00
 1.9691E+04  9.5593E-03  2.8505E-02  9.6477E-03  5.8645E-02  1.0000E+00
 1.9842E+04  9.5655E-03  2.8302E-02  9.6532E-03  5.8233E-02  1.0000E+00
 1.9994E+04  9.5716E-03  2.8101E-02  9.6587E-03  5.7823E-02  1.0000E+00
 2.0147E+04  9.5778E-03  2.7901E-02  9.6643E-03  5.7417E-02  1.0000E+00
 2.0301E+04  9.5840E-03  2.7703E-02  9.6699E-03  5.7013E-02  1.0000E+00
 2.0456E+04  9.5903E-03  2.7507E-02  9.6756E-03  5.6613E-02  1.0000E+00
 2.0613E+04  9.5966E-03  2.7311E-02  9.6813E-03  5.6216E-02  1.0000E+00
 2.0771E+04  9.6029E-03  2.7118E-02  9.6870E-03  5.5822E-02  1.0000E+00
 2.0930E+04  9.6093E-03  2.6925E-02  9.6928E-03  5.5431E-02  1.0000E+00
 2.1090E+04  9.6157E-03  2.6734E-02  9.6987E-03  5.5043E-02  1.0000E+00
 2.1252E+04  9.6222E-03  2.6545E-02  9.7046E-03  5.4658E-02  1.0000E+00
 2.1415E+04  9.6287E-03  2.6357E-02  9.7105E-03  5.4275E-02  1.0000E+00
 2.1579E+04  9.6353E-03  2.6170E-02  9.7165E-03  5.3896E-02  1.0000E+00
 2.1744E+04  9.6419E-03  2.5985E-02  9.7225E-03  5.3520E-02  1.0000E+00
 2.1910E+04  9.6485E-03  2.5801E-02  9.7286E-03  5.3146E-02  1.0000E+00
 2.2078E+04  9.6552E-03  2.5619E-02  9.7347E-03  5.2775E-02  1.0000E+00
 2.2247E+04  9.6619E-03  2.5438E-02  9.7409E-03  5.2408E-02  1.0000E+00
 2.2418E+04  9.6687E-03  2.5258E-02  9.7471E-03  5.2043E-02  1.0000E+00
 2.2589E+04  9.6755E-03  2.5080E-02  9.7534E-03  5.1680E-02  1.0000E+00
 2.2762E+04  9.6824E-03  2.4902E-02  9.7597E-03  5.1321E-02  1.0000E+00
 2.2937E+04  9.6893E-03  2.4727E-02  9.7661E-03  5.0964E-02  1.0000E+00
 2.3112E+04  9.6963E-03  2.4552E-02  9.7725E-03  5.0610E-02  1.0000E+00
 2.3289E+04  9.7033E-03  2.4379E-02  9.7790E-03  5.0259E-02  1.0000E+00
 2.3468E+04  9.7103E-03  2.4207E-02  9.7855E-03  4.9910E-02  1.0000E+00
 2.3647E+04  9.7174E-03  2.4037E-02  9.7921E-03  4.9564E-02  1.0000E+00
 2.3829E+04  9.7246E-03  2.3868E-02  9.7987E-03  4.9220E-02  1.0000E+00
 2.4011E+04  9.7318E-03  2.3700E-02  9.8054E-03  4.8880E-02  1.0000E+00
 2.4195E+04  9.7390E-03  2.3533E-02  9.8122E-03  4.8542E-02  1.0000E+00
 2.4380E+04  9.7463E-03  2.3367E-02  9.8190E-03  4.8206E-02  1.0000E+00
 2.4567E+04  9.7537E-03  2.3203E-02  9.8258E-03  4.7873E-02  1.0000E+00
 2.4755E+04  9.7611E-03  2.3040E-02  9.8327E-03  4.7543E-02  1.0000E+00
 2.4945E+04  9.7686E-03  2.2878E-02  9.8397E-03  4.7215E-02  1.0000E+00
 2.5136E+04  9.7761E-03  2.2718E-02  9.8467E-03  4.6889E-02  1.0000E+00
 2.5328E+04  9.7836E-03  2.2558E-02  9.8538E-03  4.6566E-02  1.0000E+00
 2.5522E+04  9.7912E-03  2.2400E-02  9.8609E-03  4.6246E-02  1.0000E+00
 2.5718E+04  9.7989E-03  2.2243E-02  9.8681E-03  4.5928E-02  1.0000E+00
 2.5915E+04  9.8066E-03  2.2087E-02  9.8753E-03  4.5612E-02  1.0000E+00
 2.6113E+04  9.8144E-03  2.1933E-02  9.8826E-03  4.5299E-02  1.0000E+00
 2.6313E+04  9.8222E-03  2.1779E-02  9.8900E-03  4.4988E-02  1.0000E+00
 2.6515E+04  9.8301E-03  2.1627E-02  9.8974E-03  4.4680E-02  1.0000E+00
 2.6718E+04  9.8381E-03  2.1476E-02  9.9049E-03  4.4374E-02  1.0000E+00
 2.6922E+04  9.8460E-03  2.1326E-02  9.9124E-03  4.4070E-02  1.0000E+00
 2.7128E+04  9.8541E-03  2.1177E-02  9.9200E-03  4.3769E-02  1.0000E+00
 2.7336E+04  9.8622E-03  2.1029E-02  9.9277E-03  4.3469E-02  1.0000E+00
 2.7545E+04  9.8704E-03  2.0882E-02  9.9354E-03  4.3173E-02  1.0000E+00
 2.7756E+04  9.8786E-03  2.0737E-02  9.9432E-03  4.2878E-02  1.0000E+00
 2.7969E+04  9.8869E-03  2.0592E-02  9.9511E-03  4.2586E-02  1.0000E+00
 2.8183E+04  9.8953E-03  2.0449E-02  9.9590E-03  4.2296E-02  1.0000E+00
 2.8399E+04  9.9037E-03  2.0306E-02  9.9669E-03  4.2008E-02  1.0000E+00
 2.8617E+04  9.9121E-03  2.0165E-02  9.9750E-03  4.1722E-02  1.0000E+00
 2.8836E+04  9.9207E-03  2.0025E-02  9.9831E-03  4.1439E-02  1.0000E+00
 2.9056E+04  9.9293E-03  1.9886E-02  9.9912E-03  4.1158E-02  1.0000E+00
 2.9279E+04  9.9379E-03  1.9748E-02  9.9995E-03  4.0878E-02  1.0000E+00
 2.9503E+04  9.9466E-03  1.9611E-02  1.0008E-02  4.0601E-02  1.0000E+00
 2.9729E+04  9.9554E-03  1.9474E-02  1.0016E-02  4.0326E-02  1.0000E+00
 2.9957E+04  9.9643E-03  1.9339E-02  1.0025E-02  4.0054E-02  1.0000E+00
 3.0186E+04  9.9732E-03  1.9205E-02  1.0033E-02  3.9783E-02  1.0000E+00
 3.0417E+04  9.9822E-03  1.9072E-02  1.0042E-02  3.9514E-02  1.0000E+00
 3.0650E+04  9.9912E-03  1.8940E-02  1.0050E-02  3.9248E-02  1.0000E+00
 3.0885E+04  1.0000E-02  1.8809E-02  1.0059E-02  3.8983E-02  1.0000E+00
 3.1122E+04  1.0009E-02  1.8679E-02  1.0068E-02  3.8721E-02  1.0000E+00
 3.1360E+04  1.0019E-02  1.8550E-02  1.0077E-02  3.8460E-02  1.0000E+00
 3.1600E+04  1.0028E-02  1.8422E-02  1.0086E-02  3.8202E-02  1.0000E+00
 3.1842E+04  1.0037E-02  1.8295E-02  1.0095E-02  3.7945E-02  1.0000E+00
 3.2086E+04  1.0047E-02  1.8169E-02  1.0104E-02  3.7691E-02  1.0000E+00
 3.2332E+04  1.0056E-02  1.8044E-02  1.0113E-02  3.7438E-02  1.0000E+00
 3.2579E+04  1.0066E-02  1.7920E-02  1.0122E-02  3.7188E-02  1.0000E+00
 3.2829E+04  1.0076E-02  1.7796E-02  1.0131E-02  3.6939E-02  1.0000E+00
 3.3080E+04  1.0085E-02  1.7674E-02  1.0141E-02  3.6692E-02  1.0000E+00
 3.3334E+04  1.0095E-02  1.7552E-02  1.0150E-02  3.6447E-02  1.0000E+00
 3.3589E+04  1.0105E-02  1.7432E-02  1.0160E-02  3.6204E-02  1.0000E+00
 3.3846E+04  1.0115E-02  1.7312E-02  1.0169E-02  3.5963E-02  1.0000E+00
 3.4105E+04  1.0125E-02  1.7194E-02  1.0179E-02  3.5723E-02  1.0000E+00
 3.4367E+04  1.0135E-02  1.7076E-02  1.0189E-02  3.5486E-02  1.0000E+00
 3.4630E+04  1.0145E-02  1.6959E-02  1.0199E-02  3.5250E-02  1.0000E+00
 3.4895E+04  1.0156E-02  1.6843E-02  1.0208E-02  3.5016E-02  1.0000E+00
 3.5162E+04  1.0166E-02  1.6727E-02  1.0218E-02  3.4784E-02  1.0000E+00
 3.5431E+04  1.0176E-02  1.6613E-02  1.0229E-02  3.4554E-02  1.0000E+00
 3.5703E+04  1.0187E-02  1.6500E-02  1.0239E-02  3.4325E-02  1.0000E+00
 3.5976E+04  1.0198E-02  1.6387E-02  1.0249E-02  3.4098E-02  1.0000E+00
 3.6252E+04  1.0208E-02  1.6275E-02  1.0259E-02  3.3873E-02  1.0000E+00
 3.6529E+04  1.0219E-02  1.6164E-02  1.0270E-02  3.3650E-02  1.0000E+00
 3.6809E+04  1.0230E-02  1.6054E-02  1.0280E-02  3.3428E-02  1.0000E+00
 3.7091E+04  1.0241E-02  1.5945E-02  1.0291E-02  3.3209E-02  1.0000E+00
 3.7375E+04  1.0252E-02  1.5836E-02  1.0301E-02  3.2990E-02  1.0000E+00
 3.7661E+04  1.0263E-02  1.5729E-02  1.0312E-02  3.2774E-02  1.0000E+00
 3.7950E+04  1.0274E-02  1.5622E-02  1.0323E-02  3.2559E-02  1.0000E+00
 3.8240E+04  1.0285E-02  1.5516E-02  1.0334E-02  3.2346E-02  1.0000E+00
 3.8533E+04  1.0297E-02  1.5411E-02  1.0345E-02  3.2134E-02  1.0000E+00
 3.8828E+04  1.0308E-02  1.5306E-02  1.0356E-02  3.1924E-02  1.0000E+00
 3.9126E+04  1.0320E-02  1.5203E-02  1.0367E-02  3.1716E-02  1.0000E+00
 3.9425E+04  1.0331E-02  1.5100E-02  1.0379E-02  3.1509E-02  1.0000E+00
 3.9727E+04  1.0343E-02  1.4998E-02  1.0390E-02  3.1304E-02  1.0000E+00
 4.0032E+04  1.0355E-02  1.4897E-02  1.0401E-02  3.1100E-02  1.0000E+00
 4.0338E+04  1.0367E-02  1.4796E-02  1.0413E-02  3.0898E-02  1.0000E+00
 4.0647E+04  1.0378E-02  1.4696E-02  1.0425E-02  3.0698E-02  1.0000E+00
 4.0958E+04  1.0391E-02  1.4597E-02  1.0436E-02  3.0499E-02  1.0000E+00
 4.1272E+04  1.0403E-02  1.4499E-02  1.0448E-02  3.0302E-02  1.0000E+00
 4.1588E+04  1.0415E-02  1.4402E-02  1.0460E-02  3.0106E-02  1.0000E+00
 4.1907E+04  1.0427E-02  1.4305E-02  1.0472E-02  2.9911E-02  1.0000E+00
 4.2228E+04  1.0440E-02  1.4209E-02  1.0485E-02  2.9718E-02  1.0000E+00
 4.2551E+04  1.0452E-02  1.4113E-02  1.0497E-02  2.9527E-02  1.0000E+00
 4.2877E+04  1.0465E-02  1.4019E-02  1.0509E-02  2.9337E-02  1.0000E+00
 4.3205E+04  1.0478E-02  1.3925E-02  1.0522E-02  2.9149E-02  1.0000E+00
 4.3536E+04  1.0491E-02  1.3832E-02  1.0534E-02  2.8962E-02  1.0000E+00
 4.3869E+04  1.0504E-02  1.3739E-02  1.0547E-02  2.8776E-02  1.0000E+00
 4.4205E+04  1.0517E-02  1.3647E-02  1.0560E-02  2.8592E-02  1.0000E+00
 4.4544E+04  1.0530E-02  1.3556E-02  1.0573E-02  2.8409E-02  1.0000E+00
 4.4885E+04  1.0543E-02  1.3466E-02  1.0586E-02  2.8228E-02  1.0000E+00
 4.5229E+04  1.0556E-02  1.3376E-02  1.0599E-02  2.8048E-02  1.0000E+00
 4.5575E+04  1.0570E-02  1.3287E-02  1.0612E-02  2.7870E-02  1.0000E+00
 4.5924E+04  1.0583E-02  1.3199E-02  1.0625E-02  2.7693E-02  1.0000E+00
 4.6276E+04  1.0597E-02  1.3111E-02  1.0639E-02  2.7517E-02  1.0000E+00
 4.6630E+04  1.0611E-02  1.3024E-02  1.0652E-02  2.7343E-02  1.0000E+00
 4.6987E+04  1.0625E-02  1.2938E-02  1.0666E-02  2.7169E-02  1.0000E+00
 4.7347E+04  1.0639E-02  1.2852E-02  1.0679E-02  2.6998E-02  1.0000E+00
 4.7710E+04  1.0653E-02  1.2767E-02  1.0693E-02  2.6827E-02  1.0000E+00
 4.8075E+04  1.0667E-02  1.2683E-02  1.0707E-02  2.6658E-02  1.0000E+00
 4.8443E+04  1.0682E-02  1.2599E-02  1.0721E-02  2.6491E-02  1.0000E+00
 4.8814E+04  1.0696E-02  1.2516E-02  1.0736E-02  2.6324E-02  1.0000E+00
 4.9188E+04  1.0711E-02  1.2433E-02  1.0750E-02  2.6159E-02  1.0000E+00
 4.9565E+04  1.0725E-02  1.2351E-02  1.0764E-02  2.5995E-02  1.0000E+00
 4.9945E+04  1.0740E-02  1.2270E-02  1.0779E-02  2.5832E-02  1.0000E+00
 5.0327E+04  1.0755E-02  1.2189E-02  1.0794E-02  2.5671E-02  1.0000E+00
 5.0713E+04  1.0770E-02  1.2109E-02  1.0809E-02  2.5511E-02  1.0000E+00
 5.1101E+04  1.0785E-02  1.2030E-02  1.0824E-02  2.5352E-02  1.0000E+00
 5.1492E+04  1.0801E-02  1.1951E-02  1.0839E-02  2.5194E-02  1.0000E+00
 5.1887E+04  1.0816E-02  1.1873E-02  1.0854E-02  2.5038E-02  1.0000E+00
 5.2284E+04  1.0832E-02  1.1795E-02  1.0869E-02  2.4883E-02  1.0000E+00
 5.2684E+04  1.0847E-02  1.1718E-02  1.0885E-02  2.4729E-02  1.0000E+00
 5.3088E+04  1.0863E-02  1.1642E-02  1.0900E-02  2.4576E-02  1.0000E+00
 5.3494E+04  1.0879E-02  1.1566E-02  1.0916E-02  2.4424E-02  1.0000E+00
 5.3904E+04  1.0895E-02  1.1490E-02  1.0932E-02  2.4274E-02  1.0000E+00
 5.4317E+04  1.0911E-02  1.1416E-02  1.0948E-02  2.4125E-02  1.0000E+00
 5.4733E+04  1.0928E-02  1.1341E-02  1.0964E-02  2.3977E-02  1.0000E+00
 5.5152E+04  1.0944E-02  1.1268E-02  1.0980E-02  2.3830E-02  1.0000E+00
 5.5574E+04  1.0961E-02  1.1195E-02  1.0997E-02  2.3684E-02  1.0000E+00
 5.6000E+04  1.0978E-02  1.1122E-02  1.1013E-02  2.3539E-02  1.0000E+00
 5.6429E+04  1.0994E-02  1.1050E-02  1.1030E-02  2.3396E-02  1.0000E+00
 5.6861E+04  1.1012E-02  1.0979E-02  1.1047E-02  2.3253E-02  1.0000E+00
 5.7297E+04  1.1029E-02  1.0908E-02  1.1063E-02  2.3112E-02  1.0000E+00
 5.7735E+04  1.1046E-02  1.0838E-02  1.1081E-02  2.2972E-02  1.0000E+00
 5.8177E+04  1.1063E-02  1.0768E-02  1.1098E-02  2.2833E-02  1.0000E+00
 5.8623E+04  1.1081E-02  1.0699E-02  1.1115E-02  2.2695E-02  1.0000E+00
 5.9072E+04  1.1099E-02  1.0630E-02  1.1133E-02  2.2558E-02  1.0000E+00
 5.9524E+04  1.1117E-02  1.0562E-02  1.1150E-02  2.2422E-02  1.0000E+00
 5.9980E+04  1.1135E-02  1.0494E-02  1.1168E-02  2.2287E-02  1.0000E+00
 6.0440E+04  1.1153E-02  1.0427E-02  1.1186E-02  2.2153E-02  1.0000E+00
 6.0902E+04  1.1171E-02  1.0360E-02  1.1204E-02  2.2020E-02  1.0000E+00
 6.1369E+04  1.1190E-02  1.0294E-02  1.1223E-02  2.1889E-02  1.0000E+00
 6.1839E+04  1.1208E-02  1.0228E-02  1.1241E-02  2.1758E-02  1.0000E+00
 6.2312E+04  1.1227E-02  1.0163E-02  1.1260E-02  2.1628E-02  1.0000E+00
 6.2790E+04  1.1246E-02  1.0099E-02  1.1278E-02  2.1500E-02  1.0000E+00
 6.3270E+04  1.1265E-02  1.0034E-02  1.1297E-02  2.1372E-02  1.0000E+00
 6.3755E+04  1.1284E-02  9.9707E-03  1.1316E-02  2.1245E-02  1.0000E+00
 6.4243E+04  1.1304E-02  9.9075E-03  1.1336E-02  2.1120E-02  1.0000E+00
 6.4735E+04  1.1323E-02  9.8448E-03  1.1355E-02  2.0995E-02  1.0000E+00
 6.5231E+04  1.1343E-02  9.7825E-03  1.1375E-02  2.0871E-02  1.0000E+00
 6.5731E+04  1.1363E-02  9.7208E-03  1.1394E-02  2.0749E-02  1.0000E+00
 6.6234E+04  1.1383E-02  9.6595E-03  1.1414E-02  2.0627E-02  1.0000E+00
 6.6741E+04  1.1403E-02  9.5986E-03  1.1434E-02  2.0506E-02  1.0000E+00
 6.7252E+04  1.1424E-02  9.5382E-03  1.1455E-02  2.0386E-02  1.0000E+00
 6.7767E+04  1.1444E-02  9.4783E-03  1.1475E-02  2.0268E-02  1.0000E+00
 6.8286E+04  1.1465E-02  9.4189E-03  1.1496E-02  2.0150E-02  1.0000E+00
 6.8809E+04  1.1486E-02  9.3599E-03  1.1516E-02  2.0033E-02  1.0000E+00
 6.9336E+04  1.1507E-02  9.3013E-03  1.1537E-02  1.9916E-02  1.0000E+00
 6.9867E+04  1.1529E-02  9.2432E-03  1.1558E-02  1.9801E-02  1.0000E+00
 7.0402E+04  1.1550E-02  9.1856E-03  1.1580E-02  1.9687E-02  1.0000E+00
 7.0942E+04  1.1572E-02  9.1283E-03  1.1601E-02  1.9574E-02  1.0000E+00
 7.1485E+04  1.1594E-02  9.0715E-03  1.1623E-02  1.9461E-02  1.0000E+00
 7.2032E+04  1.1616E-02  9.0152E-03  1.1645E-02  1.9350E-02  1.0000E+00
 7.2584E+04  1.1638E-02  8.9593E-03  1.1667E-02  1.9239E-02  1.0000E+00
 7.3140E+04  1.1660E-02  8.9038E-03  1.1689E-02  1.9129E-02  1.0000E+00
 7.3700E+04  1.1683E-02  8.8487E-03  1.1711E-02  1.9020E-02  1.0000E+00
 7.4264E+04  1.1706E-02  8.7940E-03  1.1734E-02  1.8912E-02  1.0000E+00
 7.4833E+04  1.1728E-02  8.7398E-03  1.1757E-02  1.8805E-02  1.0000E+00
 7.5406E+04  1.1752E-02  8.6860E-03  1.1780E-02  1.8698E-02  1.0000E+00
 7.5984E+04  1.1775E-02  8.6326E-03  1.1803E-02  1.8593E-02  1.0000E+00
 7.6566E+04  1.1799E-02  8.5796E-03  1.1826E-02  1.8488E-02  1.0000E+00
 7.7152E+04  1.1822E-02  8.5270E-03  1.1850E-02  1.8384E-02  1.0000E+00
 7.7743E+04  1.1846E-02  8.4748E-03  1.1874E-02  1.8281E-02  1.0000E+00
 7.8338E+04  1.1871E-02  8.4230E-03  1.1898E-02  1.8179E-02  1.0000E+00
 7.8938E+04  1.1895E-02  8.3715E-03  1.1922E-02  1.8078E-02  1.0000E+00
 7.9543E+04  1.1920E-02  8.3205E-03  1.1947E-02  1.7977E-02  1.0000E+00
 8.0152E+04  1.1944E-02  8.2699E-03  1.1971E-02  1.7877E-02  1.0000E+00
 8.0766E+04  1.1969E-02  8.2197E-03  1.1996E-02  1.7778E-02  1.0000E+00
 8.1384E+04  1.1995E-02  8.1698E-03  1.2021E-02  1.7680E-02  1.0000E+00
 8.2008E+04  1.2020E-02  8.1203E-03  1.2047E-02  1.7583E-02  1.0000E+00
 8.2636E+04  1.2046E-02  8.0713E-03  1.2072E-02  1.7486E-02  1.0000E+00
 8.3268E+04  1.2072E-02  8.0225E-03  1.2098E-02  1.7390E-02  1.0000E+00
 8.3906E+04  1.2098E-02  7.9742E-03  1.2124E-02  1.7295E-02  1.0000E+00
 8.4549E+04  1.2124E-02  7.9262E-03  1.2150E-02  1.7201E-02  1.0000E+00
 8.5196E+04  1.2151E-02  7.8786E-03  1.2176E-02  1.7107E-02  1.0000E+00
 8.5849E+04  1.2177E-02  7.8314E-03  1.2203E-02  1.7014E-02  1.0000E+00
 8.6506E+04  1.2205E-02  7.7845E-03  1.2230E-02  1.6922E-02  1.0000E+00
 8.7169E+04  1.2232E-02  7.7380E-03  1.2257E-02  1.6831E-02  1.0000E+00
 8.7836E+04  1.2259E-02  7.6918E-03  1.2285E-02  1.6740E-02  1.0000E+00
 8.8509E+04  1.2287E-02  7.6460E-03  1.2312E-02  1.6650E-02  1.0000E+00
 8.9187E+04  1.2315E-02  7.6005E-03  1.2340E-02  1.6561E-02  1.0000E+00
 8.9870E+04  1.2343E-02  7.5554E-03  1.2368E-02  1.6473E-02  1.0000E+00
 9.0558E+04  1.2372E-02  7.5106E-03  1.2396E-02  1.6385E-02  1.0000E+00
 9.1252E+04  1.2400E-02  7.4662E-03  1.2425E-02  1.6298E-02  1.0000E+00
 9.1950E+04  1.2429E-02  7.4221E-03  1.2454E-02  1.6212E-02  1.0000E+00
 9.2655E+04  1.2459E-02  7.3784E-03  1.2483E-02  1.6126E-02  1.0000E+00
 9.3364E+04  1.2488E-02  7.3349E-03  1.2512E-02  1.6041E-02  1.0000E+00
 9.4079E+04  1.2518E-02  7.2919E-03  1.2542E-02  1.5957E-02  1.0000E+00
 9.4800E+04  1.2548E-02  7.2491E-03  1.2572E-02  1.5873E-02  1.0000E+00
 9.5526E+04  1.2578E-02  7.2067E-03  1.2602E-02  1.5790E-02  1.0000E+00
 9.6257E+04  1.2609E-02  7.1646E-03  1.2632E-02  1.5708E-02  1.0000E+00
 9.6994E+04  1.2640E-02  7.1228E-03  1.2663E-02  1.5627E-02  1.0000E+00
 9.7737E+04  1.2671E-02  7.0814E-03  1.2694E-02  1.5546E-02  1.0000E+00
 9.8486E+04  1.2702E-02  7.0402E-03  1.2725E-02  1.5466E-02  1.0000E+00
 9.9240E+04  1.2734E-02  6.9994E-03  1.2757E-02  1.5386E-02  1.0000E+00
 1.0000E+05  1.2766E-02  6.9589E-03  1.2789E-02  1.5307E-02  1.0000E+00


