#     0	 1	    6	 1	 7.7636E+01	 1000	1
 4.8978E+01  0.0000E+00  0.0000E+00  0.0000E+00  0.0000E+00  0.0000E+00
 4.9353E+01  0.0000E+00  0.0000E+00  0.0000E+00  0.0000E+00  0.0000E+00
 4.9731E+01  0.0000E+00  0.0000E+00  0.0000E+00  0.0000E+00  0.0000E+00
 5.0112E+01  0.0000E+00  0.0000E+00  0.0000E+00  0.0000E+00  0.0000E+00
 5.0496E+01  0.0000E+00  0.0000E+00  0.0000E+00  0.0000E+00  0.0000E+00
 5.0882E+01  0.0000E+00  0.0000E+00  0.0000E+00  0.0000E+00  0.0000E+00
 5.1272E+01  0.0000E+00  0.0000E+00  0.0000E+00  0.0000E+00  0.0000E+00
 5.1665E+01  0.0000E+00  0.0000E+00  0.0000E+00  0.0000E+00  0.0000E+00
 5.2060E+01  0.0000E+00  0.0000E+00  0.0000E+00  0.0000E+00  0.0000E+00
 5.2459E+01  0.0000E+00  0.0000E+00  0.0000E+00  0.0000E+00  0.0000E+00
 5.2861E+01  0.0000E+00  0.0000E+00  0.0000E+00  0.0000E+00  0.0000E+00
 5.3266E+01  0.0000E+00  0.0000E+00  0.0000E+00  0.0000E+00  0.0000E+00
 5.3673E+01  0.0000E+00  0.0000E+00  0.0000E+00  0.0000E+00  0.0000E+00
 5.4085E+01  0.0000E+00  0.0000E+00  0.0000E+00  0.0000E+00  0.0000E+00
 5.4499E+01  0.0000E+00  0.0000E+00  0.0000E+00  0.0000E+00  0.0000E+00
 5.4916E+01  0.0000E+00  0.0000E+00  0.0000E+00  0.0000E+00  0.0000E+00
 5.5337E+01  0.0000E+00  0.0000E+00  0.0000E+00  0.0000E+00  0.0000E+00
 5.5760E+01  0.0000E+00  0.0000E+00  0.0000E+00  0.0000E+00  0.0000E+00
 5.6187E+01  0.0000E+00  0.0000E+00  0.0000E+00  0.0000E+00  0.0000E+00
 5.6618E+01  0.0000E+00  0.0000E+00  0.0000E+00  0.0000E+00  0.0000E+00
 5.7051E+01  0.0000E+00  0.0000E+00  0.0000E+00  0.0000E+00  0.0000E+00
 5.7488E+01  0.0000E+00  0.0000E+00  0.0000E+00  0.0000E+00  0.0000E+00
 5.7929E+01  0.0000E+00  0.0000E+00  0.0000E+00  0.0000E+00  0.0000E+00
 5.8372E+01  0.0000E+00  0.0000E+00  0.0000E+00  0.0000E+00  0.0000E+00
 5.8819E+01  0.0000E+00  0.0000E+00  0.0000E+00  0.0000E+00  0.0000E+00
 5.9270E+01  0.0000E+00  0.0000E+00  0.0000E+00  0.0000E+00  0.0000E+00
 5.9724E+01  0.0000E+00  0.0000E+00  0.0000E+00  0.0000E+00  0.0000E+00
 6.0181E+01  0.0000E+00  0.0000E+00  0.0000E+00  0.0000E+00  0.0000E+00
 6.0642E+01  0.0000E+00  0.0000E+00  0.0000E+00  0.0000E+00  0.0000E+00
 6.1106E+01  0.0000E+00  0.0000E+00  0.0000E+00  0.0000E+00  0.0000E+00
 6.1574E+01  0.0000E+00  0.0000E+00  0.0000E+00  0.0000E+00  0.0000E+00
 6.2046E+01  0.0000E+00  0.0000E+00  0.0000E+00  0.0000E+00  0.0000E+00
 6.2521E+01  0.0000E+00  0.0000E+00  0.0000E+00  0.0000E+00  0.0000E+00
 6.3000E+01  0.0000E+00  0.0000E+00  0.0000E+00  0.0000E+00  0.0000E+00
 6.3482E+01  0.0000E+00  0.0000E+00  0.0000E+00  0.0000E+00  0.0000E+00
 6.3968E+01  0.0000E+00  0.0000E+00  0.0000E+00  0.0000E+00  0.0000E+00
 6.4458E+01  0.0000E+00  0.0000E+00  0.0000E+00  0.0000E+00  0.0000E+00
 6.4952E+01  0.0000E+00  0.0000E+00  0.0000E+00  0.0000E+00  0.0000E+00
 6.5449E+01  0.0000E+00  0.0000E+00  0.0000E+00  0.0000E+00  0.0000E+00
 6.5951E+01  0.0000E+00  0.0000E+00  0.0000E+00  0.0000E+00  0.0000E+00
 6.6456E+01  0.0000E+00  0.0000E+00  0.0000E+00  0.0000E+00  0.0000E+00
 6.6965E+01  0.0000E+00  0.0000E+00  0.0000E+00  0.0000E+00  0.0000E+00
 6.7478E+01  0.0000E+00  0.0000E+00  0.0000E+00  0.0000E+00  0.0000E+00
 6.7994E+01  0.0000E+00  0.0000E+00  0.0000E+00  0.0000E+00  0.0000E+00
 6.8515E+01  0.0000E+00  0.0000E+00  0.0000E+00  0.0000E+00  0.0000E+00
 6.9040E+01  0.0000E+00  0.0000E+00  0.0000E+00  0.0000E+00  0.0000E+00
 6.9568E+01  0.0000E+00  0.0000E+00  0.0000E+00  0.0000E+00  0.0000E+00
 7.0101E+01  0.0000E+00  0.0000E+00  0.0000E+00  0.0000E+00  0.0000E+00
 7.0638E+01  0.0000E+00  0.0000E+00  0.0000E+00  0.0000E+00  0.0000E+00
 7.1179E+01  0.0000E+00  0.0000E+00  0.0000E+00  0.0000E+00  0.0000E+00
 7.1724E+01  0.0000E+00  0.0000E+00  0.0000E+00  0.0000E+00  0.0000E+00
 7.2273E+01  0.0000E+00  0.0000E+00  0.0000E+00  0.0000E+00  0.0000E+00
 7.2827E+01  0.0000E+00  0.0000E+00  0.0000E+00  0.0000E+00  0.0000E+00
 7.3385E+01  0.0000E+00  0.0000E+00  0.0000E+00  0.0000E+00  0.0000E+00
 7.3947E+01  0.0000E+00  0.0000E+00  0.0000E+00  0.0000E+00  0.0000E+00
 7.4513E+01  0.0000E+00  0.0000E+00  0.0000E+00  0.0000E+00  0.0000E+00
 7.5084E+01  0.0000E+00  0.0000E+00  0.0000E+00  0.0000E+00  0.0000E+00
 7.5659E+01  0.0000E+00  0.0000E+00  0.0000E+00  0.0000E+00  0.0000E+00
 7.6238E+01  0.0000E+00  0.0000E+00  0.0000E+00  0.0000E+00  0.0000E+00
 7.6822E+01  0.0000E+00  0.0000E+00  0.0000E+00  0.0000E+00  0.0000E+00
 7.7410E+01  0.0000E+00  0.0000E+00  0.0000E+00  0.0000E+00  0.0000E+00
 7.8003E+01  1.7968E-02  1.3785E+01 -6.7036E-02 -1.0283E+02  1.0000E+00
 7.8601E+01  1.7981E-02  1.3690E+01 -6.6609E-02 -1.0140E+02  1.0000E+00
 7.9202E+01  1.7993E-02  1.3595E+01 -6.6181E-02 -9.9980E+01  1.0000E+00
 7.9809E+01  1.8005E-02  1.3501E+01 -6.5754E-02 -9.8580E+01  1.0000E+00
 8.0420E+01  1.8018E-02  1.3407E+01 -6.5327E-02 -9.7195E+01  1.0000E+00
 8.1036E+01  1.8030E-02  1.3315E+01 -6.4899E-02 -9.5825E+01  1.0000E+00
 8.1657E+01  1.8043E-02  1.3223E+01 -6.4472E-02 -9.4471E+01  1.0000E+00
 8.2282E+01  1.8055E-02  1.3131E+01 -6.4044E-02 -9.3132E+01  1.0000E+00
 8.2912E+01  1.8068E-02  1.3040E+01 -6.3617E-02 -9.1807E+01  1.0000E+00
 8.3547E+01  1.8081E-02  1.2951E+01 -6.3190E-02 -9.0498E+01  1.0000E+00
 8.4187E+01  1.8095E-02  1.2863E+01 -6.2762E-02 -8.9203E+01  1.0000E+00
 8.4832E+01  1.8110E-02  1.2775E+01 -6.2335E-02 -8.7922E+01  1.0000E+00
 8.5481E+01  1.8126E-02  1.2690E+01 -6.1907E-02 -8.6656E+01  1.0000E+00
 8.6136E+01  1.8143E-02  1.2605E+01 -6.1480E-02 -8.5404E+01  1.0000E+00
 8.6796E+01  1.8161E-02  1.2521E+01 -6.1053E-02 -8.4166E+01  1.0000E+00
 8.7460E+01  1.8179E-02  1.2439E+01 -6.0625E-02 -8.2941E+01  1.0000E+00
 8.8130E+01  1.8199E-02  1.2357E+01 -6.0198E-02 -8.1731E+01  1.0000E+00
 8.8805E+01  1.8219E-02  1.2277E+01 -5.9770E-02 -8.0534E+01  1.0000E+00
 8.9485E+01  1.8240E-02  1.2198E+01 -5.9343E-02 -7.9351E+01  1.0000E+00
 9.0171E+01  1.8263E-02  1.2120E+01 -5.8916E-02 -7.8181E+01  1.0000E+00
 9.0861E+01  1.8286E-02  1.2043E+01 -5.8488E-02 -7.7024E+01  1.0000E+00
 9.1557E+01  1.8310E-02  1.1967E+01 -5.8061E-02 -7.5880E+01  1.0000E+00
 9.2258E+01  1.8335E-02  1.1892E+01 -5.7633E-02 -7.4749E+01  1.0000E+00
 9.2965E+01  1.8360E-02  1.1819E+01 -5.7206E-02 -7.3631E+01  1.0000E+00
 9.3677E+01  1.8387E-02  1.1746E+01 -5.6779E-02 -7.2525E+01  1.0000E+00
 9.4394E+01  1.8415E-02  1.1674E+01 -5.6351E-02 -7.1433E+01  1.0000E+00
 9.5117E+01  1.8444E-02  1.1604E+01 -5.5924E-02 -7.0352E+01  1.0000E+00
 9.5845E+01  1.8474E-02  1.1534E+01 -5.5496E-02 -6.9284E+01  1.0000E+00
 9.6579E+01  1.8505E-02  1.1466E+01 -5.5069E-02 -6.8228E+01  1.0000E+00
 9.7319E+01  1.8536E-02  1.1398E+01 -5.4642E-02 -6.7184E+01  1.0000E+00
 9.8064E+01  1.8569E-02  1.1331E+01 -5.4214E-02 -6.6152E+01  1.0000E+00
 9.8815E+01  1.8603E-02  1.1266E+01 -5.3787E-02 -6.5132E+01  1.0000E+00
 9.9572E+01  1.8638E-02  1.1201E+01 -5.3359E-02 -6.4123E+01  1.0000E+00
 1.0033E+02  1.8674E-02  1.1137E+01 -5.2932E-02 -6.3126E+01  1.0000E+00
 1.0110E+02  1.8711E-02  1.1075E+01 -5.2505E-02 -6.2141E+01  1.0000E+00
 1.0188E+02  1.8749E-02  1.1013E+01 -5.2077E-02 -6.1167E+01  1.0000E+00
 1.0266E+02  1.8788E-02  1.0952E+01 -5.1650E-02 -6.0204E+01  1.0000E+00
 1.0344E+02  1.8828E-02  1.0892E+01 -5.1222E-02 -5.9252E+01  1.0000E+00
 1.0424E+02  1.8870E-02  1.0833E+01 -5.0795E-02 -5.8311E+01  1.0000E+00
 1.0503E+02  1.8912E-02  1.0775E+01 -5.0368E-02 -5.7381E+01  1.0000E+00
 1.0584E+02  1.8956E-02  1.0718E+01 -4.9940E-02 -5.6462E+01  1.0000E+00
 1.0665E+02  1.9001E-02  1.0661E+01 -4.9513E-02 -5.5553E+01  1.0000E+00
 1.0747E+02  1.9047E-02  1.0606E+01 -4.9085E-02 -5.4655E+01  1.0000E+00
 1.0829E+02  1.9094E-02  1.0551E+01 -4.8658E-02 -5.3768E+01  1.0000E+00
 1.0912E+02  1.9143E-02  1.0498E+01 -4.8231E-02 -5.2890E+01  1.0000E+00
 1.0995E+02  1.9192E-02  1.0445E+01 -4.7803E-02 -5.2023E+01  1.0000E+00
 1.1080E+02  1.9243E-02  1.0393E+01 -4.7376E-02 -5.1166E+01  1.0000E+00
 1.1164E+02  1.9295E-02  1.0342E+01 -4.6948E-02 -5.0319E+01  1.0000E+00
 1.1250E+02  1.9348E-02  1.0292E+01 -4.6521E-02 -4.9482E+01  1.0000E+00
 1.1336E+02  1.9403E-02  1.0242E+01 -4.6094E-02 -4.8655E+01  1.0000E+00
 1.1423E+02  1.9459E-02  1.0194E+01 -4.5666E-02 -4.7838E+01  1.0000E+00
 1.1510E+02  1.9516E-02  1.0146E+01 -4.5239E-02 -4.7030E+01  1.0000E+00
 1.1599E+02  1.9575E-02  1.0099E+01 -4.4811E-02 -4.6232E+01  1.0000E+00
 1.1687E+02  1.9634E-02  1.0053E+01 -4.4384E-02 -4.5443E+01  1.0000E+00
 1.1777E+02  1.9696E-02  1.0008E+01 -4.3956E-02 -4.4663E+01  1.0000E+00
 1.1867E+02  1.9758E-02  9.9631E+00 -4.3529E-02 -4.3893E+01  1.0000E+00
 1.1958E+02  1.9822E-02  9.9194E+00 -4.3102E-02 -4.3131E+01  1.0000E+00
 1.2050E+02  1.9887E-02  9.8764E+00 -4.2674E-02 -4.2379E+01  1.0000E+00
 1.2142E+02  1.9954E-02  9.8343E+00 -4.2247E-02 -4.1636E+01  1.0000E+00
 1.2235E+02  2.0023E-02  9.7929E+00 -4.1819E-02 -4.0902E+01  1.0000E+00
 1.2329E+02  2.0092E-02  9.7523E+00 -4.1392E-02 -4.0176E+01  1.0000E+00
 1.2423E+02  2.0163E-02  9.7125E+00 -4.0965E-02 -3.9459E+01  1.0000E+00
 1.2518E+02  2.0236E-02  9.6734E+00 -4.0537E-02 -3.8750E+01  1.0000E+00
 1.2614E+02  2.0310E-02  9.6351E+00 -4.0110E-02 -3.8051E+01  1.0000E+00
 1.2711E+02  2.0386E-02  9.5976E+00 -3.9682E-02 -3.7359E+01  1.0000E+00
 1.2808E+02  2.0464E-02  9.5607E+00 -3.9255E-02 -3.6676E+01  1.0000E+00
 1.2906E+02  2.0542E-02  9.5247E+00 -3.8827E-02 -3.6001E+01  1.0000E+00
 1.3005E+02  2.0623E-02  9.4893E+00 -3.8400E-02 -3.5334E+01  1.0000E+00
 1.3104E+02  2.0705E-02  9.4548E+00 -3.7973E-02 -3.4675E+01  1.0000E+00
 1.3205E+02  2.0789E-02  9.4209E+00 -3.7545E-02 -3.4024E+01  1.0000E+00
 1.3306E+02  2.0875E-02  9.3877E+00 -3.7118E-02 -3.3381E+01  1.0000E+00
 1.3408E+02  2.0962E-02  9.3553E+00 -3.6690E-02 -3.2746E+01  1.0000E+00
 1.3510E+02  2.1051E-02  9.3236E+00 -3.6263E-02 -3.2119E+01  1.0000E+00
 1.3614E+02  2.1142E-02  9.2927E+00 -3.5835E-02 -3.1499E+01  1.0000E+00
 1.3718E+02  2.1234E-02  9.2624E+00 -3.5408E-02 -3.0887E+01  1.0000E+00
 1.3823E+02  2.1329E-02  9.2328E+00 -3.4981E-02 -3.0282E+01  1.0000E+00
 1.3929E+02  2.1425E-02  9.2040E+00 -3.4553E-02 -2.9685E+01  1.0000E+00
 1.4036E+02  2.1523E-02  9.1758E+00 -3.4126E-02 -2.9095E+01  1.0000E+00
 1.4143E+02  2.1623E-02  9.1483E+00 -3.3698E-02 -2.8512E+01  1.0000E+00
 1.4252E+02  2.1725E-02  9.1216E+00 -3.3271E-02 -2.7936E+01  1.0000E+00
 1.4361E+02  2.1828E-02  9.0955E+00 -3.2843E-02 -2.7368E+01  1.0000E+00
 1.4471E+02  2.1934E-02  9.0701E+00 -3.2416E-02 -2.6806E+01  1.0000E+00
 1.4582E+02  2.2042E-02  9.0454E+00 -3.1989E-02 -2.6252E+01  1.0000E+00
 1.4693E+02  2.2152E-02  9.0214E+00 -3.1561E-02 -2.5704E+01  1.0000E+00
 1.4806E+02  2.2263E-02  8.9977E+00 -3.1134E-02 -2.5163E+01  1.0000E+00
 1.4919E+02  2.2375E-02  8.9742E+00 -3.0706E-02 -2.4629E+01  1.0000E+00
 1.5033E+02  2.2488E-02  8.9509E+00 -3.0279E-02 -2.4102E+01  1.0000E+00
 1.5149E+02  2.2601E-02  8.9278E+00 -2.9851E-02 -2.3581E+01  1.0000E+00
 1.5265E+02  2.2716E-02  8.9049E+00 -2.9424E-02 -2.3067E+01  1.0000E+00
 1.5381E+02  2.2832E-02  8.8822E+00 -2.8996E-02 -2.2559E+01  1.0000E+00
 1.5499E+02  2.2949E-02  8.8598E+00 -2.8569E-02 -2.2057E+01  1.0000E+00
 1.5618E+02  2.3066E-02  8.8375E+00 -2.8142E-02 -2.1562E+01  1.0000E+00
 1.5738E+02  2.3185E-02  8.8154E+00 -2.7714E-02 -2.1073E+01  1.0000E+00
 1.5858E+02  2.3304E-02  8.7935E+00 -2.7287E-02 -2.0591E+01  1.0000E+00
 1.5980E+02  2.3425E-02  8.7719E+00 -2.6859E-02 -2.0114E+01  1.0000E+00
 1.6102E+02  2.3547E-02  8.7504E+00 -2.6432E-02 -1.9644E+01  1.0000E+00
 1.6225E+02  2.3669E-02  8.7290E+00 -2.6004E-02 -1.9179E+01  1.0000E+00
 1.6349E+02  2.3793E-02  8.7079E+00 -2.5577E-02 -1.8720E+01  1.0000E+00
 1.6475E+02  2.3917E-02  8.6870E+00 -2.5149E-02 -1.8268E+01  1.0000E+00
 1.6601E+02  2.4043E-02  8.6662E+00 -2.4722E-02 -1.7821E+01  1.0000E+00
 1.6728E+02  2.4169E-02  8.6456E+00 -2.4294E-02 -1.7379E+01  1.0000E+00
 1.6856E+02  2.4297E-02  8.6252E+00 -2.3867E-02 -1.6944E+01  1.0000E+00
 1.6985E+02  2.4426E-02  8.6049E+00 -2.3439E-02 -1.6514E+01  1.0000E+00
 1.7115E+02  2.4555E-02  8.5848E+00 -2.3012E-02 -1.6090E+01  1.0000E+00
 1.7246E+02  2.4686E-02  8.5649E+00 -2.2584E-02 -1.5671E+01  1.0000E+00
 1.7378E+02  2.4818E-02  8.5451E+00 -2.2157E-02 -1.5257E+01  1.0000E+00
 1.7511E+02  2.4950E-02  8.5256E+00 -2.1730E-02 -1.4849E+01  1.0000E+00
 1.7646E+02  2.5084E-02  8.5061E+00 -2.1302E-02 -1.4446E+01  1.0000E+00
 1.7781E+02  2.5219E-02  8.4868E+00 -2.0875E-02 -1.4049E+01  1.0000E+00
 1.7917E+02  2.5355E-02  8.4677E+00 -2.0447E-02 -1.3657E+01  1.0000E+00
 1.8054E+02  2.5492E-02  8.4488E+00 -2.0020E-02 -1.3269E+01  1.0000E+00
 1.8192E+02  2.5630E-02  8.4299E+00 -1.9592E-02 -1.2887E+01  1.0000E+00
 1.8332E+02  2.5769E-02  8.4113E+00 -1.9165E-02 -1.2510E+01  1.0000E+00
 1.8472E+02  2.5909E-02  8.3927E+00 -1.8737E-02 -1.2138E+01  1.0000E+00
 1.8614E+02  2.6051E-02  8.3744E+00 -1.8310E-02 -1.1771E+01  1.0000E+00
 1.8756E+02  2.6193E-02  8.3561E+00 -1.7882E-02 -1.1409E+01  1.0000E+00
 1.8900E+02  2.6336E-02  8.3380E+00 -1.7455E-02 -1.1052E+01  1.0000E+00
 1.9045E+02  2.6481E-02  8.3200E+00 -1.7027E-02 -1.0699E+01  1.0000E+00
 1.9190E+02  2.6627E-02  8.3022E+00 -1.6600E-02 -1.0351E+01  1.0000E+00
 1.9337E+02  2.6773E-02  8.2845E+00 -1.6172E-02 -1.0008E+01  1.0000E+00
 1.9485E+02  2.6921E-02  8.2669E+00 -1.5745E-02 -9.6694E+00  1.0000E+00
 1.9635E+02  2.7070E-02  8.2495E+00 -1.5317E-02 -9.3354E+00  1.0000E+00
 1.9785E+02  2.7220E-02  8.2322E+00 -1.4890E-02 -9.0058E+00  1.0000E+00
 1.9937E+02  2.7371E-02  8.2150E+00 -1.4462E-02 -8.6808E+00  1.0000E+00
 2.0089E+02  2.7524E-02  8.1979E+00 -1.4035E-02 -8.3601E+00  1.0000E+00
 2.0243E+02  2.7677E-02  8.1810E+00 -1.3607E-02 -8.0439E+00  1.0000E+00
 2.0398E+02  2.7832E-02  8.1641E+00 -1.3180E-02 -7.7319E+00  1.0000E+00
 2.0554E+02  2.7988E-02  8.1474E+00 -1.2752E-02 -7.4243E+00  1.0000E+00
 2.0712E+02  2.8145E-02  8.1308E+00 -1.2324E-02 -7.1208E+00  1.0000E+00
 2.0870E+02  2.8303E-02  8.1143E+00 -1.1897E-02 -6.8216E+00  1.0000E+00
 2.1030E+02  2.8462E-02  8.0979E+00 -1.1469E-02 -6.5264E+00  1.0000E+00
 2.1191E+02  2.8622E-02  8.0816E+00 -1.1042E-02 -6.2354E+00  1.0000E+00
 2.1354E+02  2.8784E-02  8.0655E+00 -1.0614E-02 -5.9484E+00  1.0000E+00
 2.1517E+02  2.8946E-02  8.0494E+00 -1.0187E-02 -5.6654E+00  1.0000E+00
 2.1682E+02  2.9110E-02  8.0334E+00 -9.7592E-03 -5.3864E+00  1.0000E+00
 2.1848E+02  2.9275E-02  8.0175E+00 -9.3317E-03 -5.1113E+00  1.0000E+00
 2.2015E+02  2.9441E-02  8.0018E+00 -8.9041E-03 -4.8400E+00  1.0000E+00
 2.2184E+02  2.9609E-02  7.9861E+00 -8.4766E-03 -4.5726E+00  1.0000E+00
 2.2354E+02  2.9777E-02  7.9705E+00 -8.0490E-03 -4.3090E+00  1.0000E+00
 2.2525E+02  2.9947E-02  7.9550E+00 -7.6215E-03 -4.0491E+00  1.0000E+00
 2.2697E+02  3.0118E-02  7.9396E+00 -7.1939E-03 -3.7929E+00  1.0000E+00
 2.2871E+02  3.0290E-02  7.9243E+00 -6.7663E-03 -3.5403E+00  1.0000E+00
 2.3046E+02  3.0464E-02  7.9090E+00 -6.3388E-03 -3.2914E+00  1.0000E+00
 2.3223E+02  3.0638E-02  7.8939E+00 -5.9112E-03 -3.0461E+00  1.0000E+00
 2.3401E+02  3.0814E-02  7.8788E+00 -5.4836E-03 -2.8043E+00  1.0000E+00
 2.3580E+02  3.0991E-02  7.8638E+00 -5.0560E-03 -2.5660E+00  1.0000E+00
 2.3761E+02  3.1169E-02  7.8489E+00 -4.6284E-03 -2.3311E+00  1.0000E+00
 2.3942E+02  3.1348E-02  7.8340E+00 -4.2008E-03 -2.0997E+00  1.0000E+00
 2.4126E+02  3.1529E-02  7.8193E+00 -3.7733E-03 -1.8716E+00  1.0000E+00
 2.4311E+02  3.1711E-02  7.8046E+00 -3.3457E-03 -1.6469E+00  1.0000E+00
 2.4497E+02  3.1894E-02  7.7899E+00 -2.9181E-03 -1.4255E+00  1.0000E+00
 2.4684E+02  3.2078E-02  7.7754E+00 -2.4905E-03 -1.2074E+00  1.0000E+00
 2.4873E+02  3.2263E-02  7.7609E+00 -2.0629E-03 -9.9247E-01  1.0000E+00
 2.5064E+02  3.2450E-02  7.7465E+00 -1.6352E-03 -7.8076E-01  1.0000E+00
 2.5256E+02  3.2638E-02  7.7321E+00 -1.2076E-03 -5.7221E-01  1.0000E+00
 2.5449E+02  3.2827E-02  7.7178E+00 -7.8001E-04 -3.6678E-01  1.0000E+00
 2.5644E+02  3.3018E-02  7.7036E+00 -3.5239E-04 -1.6444E-01  1.0000E+00
 2.5841E+02  3.3209E-02  7.6894E+00  7.5240E-05  3.4844E-02  1.0000E+00
 2.6038E+02  3.3402E-02  7.6753E+00  5.0287E-04  2.3111E-01  1.0000E+00
 2.6238E+02  3.3596E-02  7.6612E+00  9.3051E-04  4.2440E-01  1.0000E+00
 2.6439E+02  3.3792E-02  7.6472E+00  1.3581E-03  6.1474E-01  1.0000E+00
 2.6641E+02  3.3989E-02  7.6332E+00  1.7858E-03  8.0216E-01  1.0000E+00
 2.6845E+02  3.4187E-02  7.6193E+00  2.2134E-03  9.8669E-01  1.0000E+00
 2.7051E+02  3.4386E-02  7.6055E+00  2.6411E-03  1.1684E+00  1.0000E+00
 2.7258E+02  3.4586E-02  7.5916E+00  3.0687E-03  1.3473E+00  1.0000E+00
 2.7467E+02  3.4788E-02  7.5779E+00  3.4964E-03  1.5233E+00  1.0000E+00
 2.7677E+02  3.4991E-02  7.5642E+00  3.9241E-03  1.6967E+00  1.0000E+00
 2.7889E+02  3.5195E-02  7.5505E+00  4.3517E-03  1.8673E+00  1.0000E+00
 2.8103E+02  3.5401E-02  7.5369E+00  4.7794E-03  2.0352E+00  1.0000E+00
 2.8318E+02  3.5608E-02  7.5233E+00  5.2071E-03  2.2005E+00  1.0000E+00
 2.8535E+02  3.5816E-02  7.5097E+00  5.6348E-03  2.3631E+00  1.0000E+00
 2.8753E+02  3.6026E-02  7.4962E+00  6.0625E-03  2.5232E+00  1.0000E+00
 2.8974E+02  3.6236E-02  7.4827E+00  6.4902E-03  2.6807E+00  1.0000E+00
 2.9195E+02  3.6448E-02  7.4693E+00  6.9179E-03  2.8356E+00  1.0000E+00
 2.9419E+02  3.6662E-02  7.4559E+00  7.3456E-03  2.9880E+00  1.0000E+00
 2.9644E+02  3.6876E-02  7.4425E+00  7.7733E-03  3.1380E+00  1.0000E+00
 2.9871E+02  3.7092E-02  7.4292E+00  8.2010E-03  3.2855E+00  1.0000E+00
 3.0100E+02  3.7309E-02  7.4159E+00  8.6287E-03  3.4306E+00  1.0000E+00
 3.0331E+02  3.7528E-02  7.4026E+00  9.0564E-03  3.5732E+00  1.0000E+00
 3.0563E+02  3.7748E-02  7.3894E+00  9.4842E-03  3.7136E+00  1.0000E+00
 3.0797E+02  3.7969E-02  7.3761E+00  9.9119E-03  3.8516E+00  1.0000E+00
 3.1033E+02  3.8191E-02  7.3629E+00  1.0340E-02  3.9872E+00  1.0000E+00
 3.1271E+02  3.8415E-02  7.3498E+00  1.0767E-02  4.1206E+00  1.0000E+00
 3.1510E+02  3.8640E-02  7.3366E+00  1.1195E-02  4.2518E+00  1.0000E+00
 3.1751E+02  3.8866E-02  7.3235E+00  1.1623E-02  4.3807E+00  1.0000E+00
 3.1994E+02  3.9094E-02  7.3103E+00  1.2051E-02  4.5074E+00  1.0000E+00
 3.2240E+02  3.9323E-02  7.2973E+00  1.2478E-02  4.6319E+00  1.0000E+00
 3.2486E+02  3.9553E-02  7.2842E+00  1.2906E-02  4.7543E+00  1.0000E+00
 3.2735E+02  3.9784E-02  7.2711E+00  1.3334E-02  4.8746E+00  1.0000E+00
 3.2986E+02  4.0017E-02  7.2581E+00  1.3762E-02  4.9927E+00  1.0000E+00
 3.3239E+02  4.0251E-02  7.2450E+00  1.4190E-02  5.1088E+00  1.0000E+00
 3.3493E+02  4.0487E-02  7.2320E+00  1.4617E-02  5.2228E+00  1.0000E+00
 3.3750E+02  4.0723E-02  7.2190E+00  1.5045E-02  5.3348E+00  1.0000E+00
 3.4008E+02  4.0961E-02  7.2060E+00  1.5473E-02  5.4448E+00  1.0000E+00
 3.4268E+02  4.1201E-02  7.1930E+00  1.5901E-02  5.5528E+00  1.0000E+00
 3.4531E+02  4.1441E-02  7.1800E+00  1.6329E-02  5.6589E+00  1.0000E+00
 3.4795E+02  4.1683E-02  7.1670E+00  1.6757E-02  5.7630E+00  1.0000E+00
 3.5062E+02  4.1927E-02  7.1540E+00  1.7184E-02  5.8653E+00  1.0000E+00
 3.5330E+02  4.2171E-02  7.1410E+00  1.7612E-02  5.9656E+00  1.0000E+00
 3.5601E+02  4.2417E-02  7.1280E+00  1.8040E-02  6.0641E+00  1.0000E+00
 3.5874E+02  4.2664E-02  7.1150E+00  1.8468E-02  6.1608E+00  1.0000E+00
 3.6148E+02  4.2912E-02  7.1021E+00  1.8896E-02  6.2556E+00  1.0000E+00
 3.6425E+02  4.3162E-02  7.0891E+00  1.9324E-02  6.3486E+00  1.0000E+00
 3.6704E+02  4.3413E-02  7.0761E+00  1.9752E-02  6.4399E+00  1.0000E+00
 3.6985E+02  4.3665E-02  7.0631E+00  2.0179E-02  6.5294E+00  1.0000E+00
 3.7268E+02  4.3919E-02  7.0501E+00  2.0607E-02  6.6172E+00  1.0000E+00
 3.7554E+02  4.4174E-02  7.0371E+00  2.1035E-02  6.7032E+00  1.0000E+00
 3.7841E+02  4.4430E-02  7.0241E+00  2.1463E-02  6.7876E+00  1.0000E+00
 3.8131E+02  4.4687E-02  7.0111E+00  2.1891E-02  6.8703E+00  1.0000E+00
 3.8423E+02  4.4946E-02  6.9980E+00  2.2319E-02  6.9514E+00  1.0000E+00
 3.8718E+02  4.5206E-02  6.9850E+00  2.2747E-02  7.0309E+00  1.0000E+00
 3.9014E+02  4.5467E-02  6.9719E+00  2.3175E-02  7.1087E+00  1.0000E+00
 3.9313E+02  4.5729E-02  6.9589E+00  2.3603E-02  7.1849E+00  1.0000E+00
 3.9614E+02  4.5993E-02  6.9458E+00  2.4031E-02  7.2596E+00  1.0000E+00
 3.9917E+02  4.6258E-02  6.9327E+00  2.4459E-02  7.3328E+00  1.0000E+00
 4.0223E+02  4.6524E-02  6.9195E+00  2.4887E-02  7.4044E+00  1.0000E+00
 4.0531E+02  4.6792E-02  6.9064E+00  2.5315E-02  7.4745E+00  1.0000E+00
 4.0841E+02  4.7060E-02  6.8933E+00  2.5743E-02  7.5431E+00  1.0000E+00
 4.1154E+02  4.7330E-02  6.8801E+00  2.6171E-02  7.6102E+00  1.0000E+00
 4.1469E+02  4.7602E-02  6.8669E+00  2.6599E-02  7.6759E+00  1.0000E+00
 4.1787E+02  4.7874E-02  6.8537E+00  2.7027E-02  7.7401E+00  1.0000E+00
 4.2107E+02  4.8147E-02  6.8404E+00  2.7455E-02  7.8030E+00  1.0000E+00
 4.2429E+02  4.8422E-02  6.8272E+00  2.7883E-02  7.8644E+00  1.0000E+00
 4.2754E+02  4.8698E-02  6.8139E+00  2.8311E-02  7.9244E+00  1.0000E+00
 4.3082E+02  4.8976E-02  6.8006E+00  2.8739E-02  7.9831E+00  1.0000E+00
 4.3412E+02  4.9254E-02  6.7873E+00  2.9167E-02  8.0405E+00  1.0000E+00
 4.3744E+02  4.9534E-02  6.7739E+00  2.9595E-02  8.0965E+00  1.0000E+00
 4.4079E+02  4.9815E-02  6.7605E+00  3.0023E-02  8.1512E+00  1.0000E+00
 4.4417E+02  5.0097E-02  6.7471E+00  3.0451E-02  8.2046E+00  1.0000E+00
 4.4757E+02  5.0380E-02  6.7337E+00  3.0880E-02  8.2567E+00  1.0000E+00
 4.5100E+02  5.0665E-02  6.7202E+00  3.1308E-02  8.3075E+00  1.0000E+00
 4.5445E+02  5.0950E-02  6.7067E+00  3.1736E-02  8.3571E+00  1.0000E+00
 4.5793E+02  5.1237E-02  6.6932E+00  3.2164E-02  8.4055E+00  1.0000E+00
 4.6144E+02  5.1525E-02  6.6796E+00  3.2592E-02  8.4527E+00  1.0000E+00
 4.6497E+02  5.1814E-02  6.6660E+00  3.3020E-02  8.4986E+00  1.0000E+00
 4.6853E+02  5.2105E-02  6.6524E+00  3.3448E-02  8.5434E+00  1.0000E+00
 4.7212E+02  5.2396E-02  6.6387E+00  3.3877E-02  8.5870E+00  1.0000E+00
 4.7574E+02  5.2689E-02  6.6251E+00  3.4305E-02  8.6295E+00  1.0000E+00
 4.7938E+02  5.2982E-02  6.6113E+00  3.4733E-02  8.6708E+00  1.0000E+00
 4.8305E+02  5.3277E-02  6.5975E+00  3.5161E-02  8.7110E+00  1.0000E+00
 4.8675E+02  5.3573E-02  6.5837E+00  3.5590E-02  8.7501E+00  1.0000E+00
 4.9048E+02  5.3870E-02  6.5699E+00  3.6018E-02  8.7881E+00  1.0000E+00
 4.9424E+02  5.4168E-02  6.5560E+00  3.6446E-02  8.8250E+00  1.0000E+00
 4.9802E+02  5.4467E-02  6.5421E+00  3.6874E-02  8.8608E+00  1.0000E+00
 5.0183E+02  5.4767E-02  6.5281E+00  3.7303E-02  8.8956E+00  1.0000E+00
 5.0568E+02  5.5068E-02  6.5141E+00  3.7731E-02  8.9294E+00  1.0000E+00
 5.0955E+02  5.5370E-02  6.5000E+00  3.8159E-02  8.9621E+00  1.0000E+00
 5.1345E+02  5.5673E-02  6.4859E+00  3.8588E-02  8.9938E+00  1.0000E+00
 5.1738E+02  5.5978E-02  6.4718E+00  3.9016E-02  9.0245E+00  1.0000E+00
 5.2135E+02  5.6283E-02  6.4576E+00  3.9444E-02  9.0543E+00  1.0000E+00
 5.2534E+02  5.6589E-02  6.4433E+00  3.9873E-02  9.0831E+00  1.0000E+00
 5.2936E+02  5.6896E-02  6.4291E+00  4.0301E-02  9.1109E+00  1.0000E+00
 5.3342E+02  5.7204E-02  6.4147E+00  4.0729E-02  9.1377E+00  1.0000E+00
 5.3750E+02  5.7513E-02  6.4003E+00  4.1158E-02  9.1637E+00  1.0000E+00
 5.4162E+02  5.7823E-02  6.3859E+00  4.1586E-02  9.1887E+00  1.0000E+00
 5.4577E+02  5.8134E-02  6.3714E+00  4.2015E-02  9.2128E+00  1.0000E+00
 5.4995E+02  5.8446E-02  6.3569E+00  4.2443E-02  9.2360E+00  1.0000E+00
 5.5416E+02  5.8759E-02  6.3423E+00  4.2871E-02  9.2584E+00  1.0000E+00
 5.5840E+02  5.9072E-02  6.3277E+00  4.3300E-02  9.2798E+00  1.0000E+00
 5.6268E+02  5.9387E-02  6.3130E+00  4.3728E-02  9.3004E+00  1.0000E+00
 5.6699E+02  5.9702E-02  6.2982E+00  4.4157E-02  9.3202E+00  1.0000E+00
 5.7133E+02  6.0018E-02  6.2834E+00  4.4585E-02  9.3391E+00  1.0000E+00
 5.7571E+02  6.0335E-02  6.2686E+00  4.5014E-02  9.3572E+00  1.0000E+00
 5.8011E+02  6.0653E-02  6.2537E+00  4.5442E-02  9.3745E+00  1.0000E+00
 5.8456E+02  6.0971E-02  6.2387E+00  4.5871E-02  9.3910E+00  1.0000E+00
 5.8903E+02  6.1291E-02  6.2237E+00  4.6300E-02  9.4067E+00  1.0000E+00
 5.9354E+02  6.1611E-02  6.2086E+00  4.6728E-02  9.4216E+00  1.0000E+00
 5.9809E+02  6.1931E-02  6.1935E+00  4.7157E-02  9.4358E+00  1.0000E+00
 6.0267E+02  6.2253E-02  6.1783E+00  4.7585E-02  9.4492E+00  1.0000E+00
 6.0729E+02  6.2575E-02  6.1630E+00  4.8014E-02  9.4619E+00  1.0000E+00
 6.1194E+02  6.2898E-02  6.1477E+00  4.8443E-02  9.4738E+00  1.0000E+00
 6.1662E+02  6.3221E-02  6.1323E+00  4.8871E-02  9.4850E+00  1.0000E+00
 6.2135E+02  6.3545E-02  6.1169E+00  4.9300E-02  9.4955E+00  1.0000E+00
 6.2610E+02  6.3870E-02  6.1014E+00  4.9729E-02  9.5052E+00  1.0000E+00
 6.3090E+02  6.4196E-02  6.0858E+00  5.0157E-02  9.5143E+00  1.0000E+00
 6.3573E+02  6.4521E-02  6.0702E+00  5.0586E-02  9.5227E+00  1.0000E+00
 6.4060E+02  6.4848E-02  6.0545E+00  5.1015E-02  9.5305E+00  1.0000E+00
 6.4551E+02  6.5175E-02  6.0388E+00  5.1444E-02  9.5375E+00  1.0000E+00
 6.5045E+02  6.5502E-02  6.0230E+00  5.1873E-02  9.5439E+00  1.0000E+00
 6.5543E+02  6.5830E-02  6.0071E+00  5.2301E-02  9.5497E+00  1.0000E+00
 6.6045E+02  6.6159E-02  5.9912E+00  5.2730E-02  9.5548E+00  1.0000E+00
 6.6551E+02  6.6488E-02  5.9752E+00  5.3159E-02  9.5593E+00  1.0000E+00
 6.7060E+02  6.6817E-02  5.9591E+00  5.3588E-02  9.5632E+00  1.0000E+00
 6.7574E+02  6.7147E-02  5.9430E+00  5.4017E-02  9.5665E+00  1.0000E+00
 6.8092E+02  6.7477E-02  5.9268E+00  5.4446E-02  9.5692E+00  1.0000E+00
 6.8613E+02  6.7809E-02  5.9106E+00  5.4875E-02  9.5713E+00  1.0000E+00
 6.9138E+02  6.8141E-02  5.8943E+00  5.5304E-02  9.5728E+00  1.0000E+00
 6.9668E+02  6.8473E-02  5.8781E+00  5.5733E-02  9.5737E+00  1.0000E+00
 7.0201E+02  6.8806E-02  5.8618E+00  5.6161E-02  9.5741E+00  1.0000E+00
 7.0739E+02  6.9140E-02  5.8454E+00  5.6590E-02  9.5739E+00  1.0000E+00
 7.1281E+02  6.9475E-02  5.8290E+00  5.7020E-02  9.5732E+00  1.0000E+00
 7.1827E+02  6.9810E-02  5.8126E+00  5.7449E-02  9.5719E+00  1.0000E+00
 7.2377E+02  7.0146E-02  5.7961E+00  5.7878E-02  9.5701E+00  1.0000E+00
 7.2931E+02  7.0482E-02  5.7796E+00  5.8307E-02  9.5678E+00  1.0000E+00
 7.3490E+02  7.0819E-02  5.7631E+00  5.8736E-02  9.5650E+00  1.0000E+00
 7.4052E+02  7.1156E-02  5.7465E+00  5.9165E-02  9.5616E+00  1.0000E+00
 7.4620E+02  7.1494E-02  5.7299E+00  5.9594E-02  9.5578E+00  1.0000E+00
 7.5191E+02  7.1832E-02  5.7132E+00  6.0023E-02  9.5535E+00  1.0000E+00
 7.5767E+02  7.2171E-02  5.6965E+00  6.0452E-02  9.5486E+00  1.0000E+00
 7.6347E+02  7.2510E-02  5.6797E+00  6.0882E-02  9.5434E+00  1.0000E+00
 7.6932E+02  7.2850E-02  5.6629E+00  6.1311E-02  9.5376E+00  1.0000E+00
 7.7521E+02  7.3190E-02  5.6461E+00  6.1740E-02  9.5314E+00  1.0000E+00
 7.8115E+02  7.3530E-02  5.6292E+00  6.2169E-02  9.5247E+00  1.0000E+00
 7.8713E+02  7.3871E-02  5.6122E+00  6.2599E-02  9.5176E+00  1.0000E+00
 7.9316E+02  7.4211E-02  5.5952E+00  6.3028E-02  9.5101E+00  1.0000E+00
 7.9923E+02  7.4553E-02  5.5782E+00  6.3457E-02  9.5021E+00  1.0000E+00
 8.0535E+02  7.4894E-02  5.5611E+00  6.3887E-02  9.4937E+00  1.0000E+00
 8.1152E+02  7.5235E-02  5.5440E+00  6.4316E-02  9.4848E+00  1.0000E+00
 8.1774E+02  7.5577E-02  5.5268E+00  6.4746E-02  9.4756E+00  1.0000E+00
 8.2400E+02  7.5919E-02  5.5096E+00  6.5175E-02  9.4660E+00  1.0000E+00
 8.3031E+02  7.6261E-02  5.4923E+00  6.5605E-02  9.4559E+00  1.0000E+00
 8.3667E+02  7.6603E-02  5.4750E+00  6.6034E-02  9.4455E+00  1.0000E+00
 8.4307E+02  7.6945E-02  5.4576E+00  6.6464E-02  9.4347E+00  1.0000E+00
 8.4953E+02  7.7287E-02  5.4401E+00  6.6893E-02  9.4235E+00  1.0000E+00
 8.5604E+02  7.7629E-02  5.4227E+00  6.7323E-02  9.4120E+00  1.0000E+00
 8.6259E+02  7.7971E-02  5.4051E+00  6.7752E-02  9.4000E+00  1.0000E+00
 8.6920E+02  7.8313E-02  5.3875E+00  6.8182E-02  9.3878E+00  1.0000E+00
 8.7586E+02  7.8655E-02  5.3699E+00  6.8612E-02  9.3751E+00  1.0000E+00
 8.8256E+02  7.8997E-02  5.3522E+00  6.9041E-02  9.3621E+00  1.0000E+00
 8.8932E+02  7.9339E-02  5.3345E+00  6.9471E-02  9.3488E+00  1.0000E+00
 8.9613E+02  7.9680E-02  5.3167E+00  6.9901E-02  9.3352E+00  1.0000E+00
 9.0300E+02  8.0021E-02  5.2988E+00  7.0331E-02  9.3212E+00  1.0000E+00
 9.0991E+02  8.0362E-02  5.2809E+00  7.0761E-02  9.3069E+00  1.0000E+00
 9.1688E+02  8.0703E-02  5.2630E+00  7.1190E-02  9.2922E+00  1.0000E+00
 9.2390E+02  8.1043E-02  5.2449E+00  7.1620E-02  9.2773E+00  1.0000E+00
 9.3098E+02  8.1383E-02  5.2269E+00  7.2050E-02  9.2621E+00  1.0000E+00
 9.3811E+02  8.1723E-02  5.2088E+00  7.2480E-02  9.2465E+00  1.0000E+00
 9.4529E+02  8.2062E-02  5.1906E+00  7.2910E-02  9.2307E+00  1.0000E+00
 9.5253E+02  8.2400E-02  5.1724E+00  7.3340E-02  9.2146E+00  1.0000E+00
 9.5983E+02  8.2738E-02  5.1541E+00  7.3770E-02  9.1982E+00  1.0000E+00
 9.6718E+02  8.3076E-02  5.1357E+00  7.4200E-02  9.1815E+00  1.0000E+00
 9.7458E+02  8.3413E-02  5.1173E+00  7.4630E-02  9.1645E+00  1.0000E+00
 9.8205E+02  8.3749E-02  5.0989E+00  7.5060E-02  9.1473E+00  1.0000E+00
 9.8957E+02  8.4085E-02  5.0804E+00  7.5490E-02  9.1298E+00  1.0000E+00
 9.9715E+02  8.4420E-02  5.0618E+00  7.5921E-02  9.1120E+00  1.0000E+00
 1.0048E+03  8.4754E-02  5.0432E+00  7.6351E-02  9.0940E+00  1.0000E+00
 1.0125E+03  8.5088E-02  5.0245E+00  7.6781E-02  9.0758E+00  1.0000E+00
 1.0202E+03  8.5421E-02  5.0058E+00  7.7211E-02  9.0573E+00  1.0000E+00
 1.0280E+03  8.5752E-02  4.9870E+00  7.7642E-02  9.0385E+00  1.0000E+00
 1.0359E+03  8.6083E-02  4.9682E+00  7.8072E-02  9.0196E+00  1.0000E+00
 1.0439E+03  8.6413E-02  4.9493E+00  7.8502E-02  9.0004E+00  1.0000E+00
 1.0518E+03  8.6743E-02  4.9303E+00  7.8933E-02  8.9809E+00  1.0000E+00
 1.0599E+03  8.7071E-02  4.9113E+00  7.9363E-02  8.9613E+00  1.0000E+00
 1.0680E+03  8.7398E-02  4.8923E+00  7.9794E-02  8.9414E+00  1.0000E+00
 1.0762E+03  8.7728E-02  4.8734E+00  8.0224E-02  8.9214E+00  1.0000E+00
 1.0844E+03  8.8103E-02  4.8570E+00  8.0655E-02  8.9011E+00  1.0000E+00
 1.0927E+03  8.8478E-02  4.8406E+00  8.1085E-02  8.8806E+00  1.0000E+00
 1.1011E+03  8.8854E-02  4.8241E+00  8.1516E-02  8.8599E+00  1.0000E+00
 1.1095E+03  8.9230E-02  4.8077E+00  8.1947E-02  8.8390E+00  1.0000E+00
 1.1180E+03  8.9607E-02  4.7913E+00  8.2378E-02  8.8180E+00  1.0000E+00
 1.1266E+03  8.9984E-02  4.7748E+00  8.2808E-02  8.7967E+00  1.0000E+00
 1.1352E+03  9.0361E-02  4.7584E+00  8.3239E-02  8.7753E+00  1.0000E+00
 1.1439E+03  9.0739E-02  4.7419E+00  8.3670E-02  8.7536E+00  1.0000E+00
 1.1527E+03  9.1117E-02  4.7254E+00  8.4101E-02  8.7319E+00  1.0000E+00
 1.1615E+03  9.1496E-02  4.7090E+00  8.4532E-02  8.7099E+00  1.0000E+00
 1.1704E+03  9.1875E-02  4.6925E+00  8.4963E-02  8.6878E+00  1.0000E+00
 1.1794E+03  9.2255E-02  4.6761E+00  8.5394E-02  8.6655E+00  1.0000E+00
 1.1884E+03  9.2635E-02  4.6596E+00  8.5825E-02  8.6430E+00  1.0000E+00
 1.1975E+03  9.3015E-02  4.6431E+00  8.6256E-02  8.6204E+00  1.0000E+00
 1.2067E+03  9.3396E-02  4.6267E+00  8.6687E-02  8.5977E+00  1.0000E+00
 1.2159E+03  9.3777E-02  4.6102E+00  8.7118E-02  8.5748E+00  1.0000E+00
 1.2252E+03  9.4159E-02  4.5937E+00  8.7549E-02  8.5517E+00  1.0000E+00
 1.2346E+03  9.4541E-02  4.5773E+00  8.7981E-02  8.5285E+00  1.0000E+00
 1.2441E+03  9.4924E-02  4.5608E+00  8.8412E-02  8.5052E+00  1.0000E+00
 1.2536E+03  9.5307E-02  4.5444E+00  8.8843E-02  8.4818E+00  1.0000E+00
 1.2632E+03  9.5690E-02  4.5279E+00  8.9275E-02  8.4582E+00  1.0000E+00
 1.2729E+03  9.6073E-02  4.5115E+00  8.9706E-02  8.4345E+00  1.0000E+00
 1.2826E+03  9.6458E-02  4.4951E+00  9.0138E-02  8.4106E+00  1.0000E+00
 1.2924E+03  9.6842E-02  4.4786E+00  9.0569E-02  8.3867E+00  1.0000E+00
 1.3023E+03  9.7227E-02  4.4622E+00  9.1001E-02  8.3626E+00  1.0000E+00
 1.3123E+03  9.7612E-02  4.4458E+00  9.1432E-02  8.3384E+00  1.0000E+00
 1.3224E+03  9.7998E-02  4.4294E+00  9.1864E-02  8.3141E+00  1.0000E+00
 1.3325E+03  9.8384E-02  4.4130E+00  9.2296E-02  8.2897E+00  1.0000E+00
 1.3427E+03  9.8770E-02  4.3966E+00  9.2727E-02  8.2652E+00  1.0000E+00
 1.3530E+03  9.9157E-02  4.3803E+00  9.3159E-02  8.2406E+00  1.0000E+00
 1.3633E+03  9.9544E-02  4.3639E+00  9.3591E-02  8.2159E+00  1.0000E+00
 1.3738E+03  9.9932E-02  4.3476E+00  9.4023E-02  8.1910E+00  1.0000E+00
 1.3843E+03  1.0032E-01  4.3312E+00  9.4455E-02  8.1661E+00  1.0000E+00
 1.3949E+03  1.0071E-01  4.3149E+00  9.4887E-02  8.1411E+00  1.0000E+00
 1.4056E+03  1.0110E-01  4.2986E+00  9.5319E-02  8.1161E+00  1.0000E+00
 1.4164E+03  1.0149E-01  4.2823E+00  9.5751E-02  8.0909E+00  1.0000E+00
 1.4272E+03  1.0188E-01  4.2660E+00  9.6184E-02  8.0657E+00  1.0000E+00
 1.4381E+03  1.0227E-01  4.2497E+00  9.6616E-02  8.0403E+00  1.0000E+00
 1.4491E+03  1.0266E-01  4.2335E+00  9.7048E-02  8.0149E+00  1.0000E+00
 1.4602E+03  1.0305E-01  4.2173E+00  9.7480E-02  7.9895E+00  1.0000E+00
 1.4714E+03  1.0344E-01  4.2010E+00  9.7913E-02  7.9639E+00  1.0000E+00
 1.4827E+03  1.0383E-01  4.1848E+00  9.8345E-02  7.9383E+00  1.0000E+00
 1.4940E+03  1.0422E-01  4.1686E+00  9.8778E-02  7.9126E+00  1.0000E+00
 1.5055E+03  1.0461E-01  4.1525E+00  9.9210E-02  7.8869E+00  1.0000E+00
 1.5170E+03  1.0500E-01  4.1363E+00  9.9643E-02  7.8611E+00  1.0000E+00
 1.5286E+03  1.0540E-01  4.1202E+00  1.0008E-01  7.8352E+00  1.0000E+00
 1.5403E+03  1.0579E-01  4.1041E+00  1.0051E-01  7.8093E+00  1.0000E+00
 1.5521E+03  1.0618E-01  4.0880E+00  1.0094E-01  7.7833E+00  1.0000E+00
 1.5640E+03  1.0658E-01  4.0719E+00  1.0137E-01  7.7573E+00  1.0000E+00
 1.5760E+03  1.0697E-01  4.0559E+00  1.0181E-01  7.7312E+00  1.0000E+00
 1.5881E+03  1.0737E-01  4.0398E+00  1.0224E-01  7.7051E+00  1.0000E+00
 1.6002E+03  1.0776E-01  4.0238E+00  1.0267E-01  7.6789E+00  1.0000E+00
 1.6125E+03  1.0816E-01  4.0078E+00  1.0311E-01  7.6527E+00  1.0000E+00
 1.6248E+03  1.0855E-01  3.9919E+00  1.0354E-01  7.6264E+00  1.0000E+00
 1.6373E+03  1.0895E-01  3.9759E+00  1.0397E-01  7.6002E+00  1.0000E+00
 1.6498E+03  1.0934E-01  3.9600E+00  1.0441E-01  7.5738E+00  1.0000E+00
 1.6625E+03  1.0974E-01  3.9441E+00  1.0484E-01  7.5475E+00  1.0000E+00
 1.6752E+03  1.1014E-01  3.9283E+00  1.0527E-01  7.5211E+00  1.0000E+00
 1.6880E+03  1.1053E-01  3.9124E+00  1.0571E-01  7.4947E+00  1.0000E+00
 1.7009E+03  1.1093E-01  3.8966E+00  1.0614E-01  7.4682E+00  1.0000E+00
 1.7140E+03  1.1133E-01  3.8808E+00  1.0657E-01  7.4417E+00  1.0000E+00
 1.7271E+03  1.1173E-01  3.8650E+00  1.0701E-01  7.4152E+00  1.0000E+00
 1.7403E+03  1.1213E-01  3.8493E+00  1.0744E-01  7.3887E+00  1.0000E+00
 1.7537E+03  1.1253E-01  3.8336E+00  1.0788E-01  7.3622E+00  1.0000E+00
 1.7671E+03  1.1292E-01  3.8179E+00  1.0831E-01  7.3356E+00  1.0000E+00
 1.7806E+03  1.1332E-01  3.8022E+00  1.0874E-01  7.3090E+00  1.0000E+00
 1.7943E+03  1.1372E-01  3.7866E+00  1.0918E-01  7.2824E+00  1.0000E+00
 1.8080E+03  1.1412E-01  3.7710E+00  1.0961E-01  7.2558E+00  1.0000E+00
 1.8218E+03  1.1452E-01  3.7554E+00  1.1005E-01  7.2292E+00  1.0000E+00
 1.8358E+03  1.1493E-01  3.7399E+00  1.1048E-01  7.2026E+00  1.0000E+00
 1.8499E+03  1.1533E-01  3.7244E+00  1.1091E-01  7.1760E+00  1.0000E+00
 1.8640E+03  1.1573E-01  3.7089E+00  1.1135E-01  7.1493E+00  1.0000E+00
 1.8783E+03  1.1613E-01  3.6934E+00  1.1178E-01  7.1227E+00  1.0000E+00
 1.8927E+03  1.1653E-01  3.6780E+00  1.1222E-01  7.0960E+00  1.0000E+00
 1.9072E+03  1.1694E-01  3.6626E+00  1.1265E-01  7.0694E+00  1.0000E+00
 1.9218E+03  1.1734E-01  3.6472E+00  1.1309E-01  7.0427E+00  1.0000E+00
 1.9365E+03  1.1774E-01  3.6319E+00  1.1352E-01  7.0161E+00  1.0000E+00
 1.9513E+03  1.1814E-01  3.6166E+00  1.1396E-01  6.9894E+00  1.0000E+00
 1.9663E+03  1.1855E-01  3.6013E+00  1.1439E-01  6.9628E+00  1.0000E+00
 1.9813E+03  1.1895E-01  3.5861E+00  1.1483E-01  6.9362E+00  1.0000E+00
 1.9965E+03  1.1936E-01  3.5708E+00  1.1526E-01  6.9095E+00  1.0000E+00
 2.0118E+03  1.1976E-01  3.5557E+00  1.1570E-01  6.8829E+00  1.0000E+00
 2.0272E+03  1.2017E-01  3.5405E+00  1.1613E-01  6.8563E+00  1.0000E+00
 2.0427E+03  1.2057E-01  3.5254E+00  1.1657E-01  6.8297E+00  1.0000E+00
 2.0584E+03  1.2098E-01  3.5103E+00  1.1700E-01  6.8031E+00  1.0000E+00
 2.0741E+03  1.2138E-01  3.4953E+00  1.1744E-01  6.7766E+00  1.0000E+00
 2.0900E+03  1.2179E-01  3.4803E+00  1.1788E-01  6.7500E+00  1.0000E+00
 2.1060E+03  1.2220E-01  3.4653E+00  1.1831E-01  6.7235E+00  1.0000E+00
 2.1222E+03  1.2260E-01  3.4504E+00  1.1875E-01  6.6970E+00  1.0000E+00
 2.1384E+03  1.2301E-01  3.4355E+00  1.1918E-01  6.6705E+00  1.0000E+00
 2.1548E+03  1.2342E-01  3.4206E+00  1.1962E-01  6.6440E+00  1.0000E+00
 2.1713E+03  1.2383E-01  3.4058E+00  1.2006E-01  6.6176E+00  1.0000E+00
 2.1879E+03  1.2423E-01  3.3910E+00  1.2049E-01  6.5911E+00  1.0000E+00
 2.2047E+03  1.2464E-01  3.3762E+00  1.2093E-01  6.5647E+00  1.0000E+00
 2.2216E+03  1.2505E-01  3.3615E+00  1.2136E-01  6.5383E+00  1.0000E+00
 2.2386E+03  1.2546E-01  3.3468E+00  1.2180E-01  6.5120E+00  1.0000E+00
 2.2557E+03  1.2587E-01  3.3321E+00  1.2224E-01  6.4857E+00  1.0000E+00
 2.2730E+03  1.2628E-01  3.3175E+00  1.2267E-01  6.4594E+00  1.0000E+00
 2.2904E+03  1.2669E-01  3.3029E+00  1.2311E-01  6.4331E+00  1.0000E+00
 2.3079E+03  1.2710E-01  3.2884E+00  1.2355E-01  6.4069E+00  1.0000E+00
 2.3256E+03  1.2751E-01  3.2739E+00  1.2398E-01  6.3807E+00  1.0000E+00
 2.3434E+03  1.2792E-01  3.2594E+00  1.2442E-01  6.3545E+00  1.0000E+00
 2.3614E+03  1.2833E-01  3.2450E+00  1.2486E-01  6.3284E+00  1.0000E+00
 2.3794E+03  1.2874E-01  3.2306E+00  1.2530E-01  6.3023E+00  1.0000E+00
 2.3977E+03  1.2915E-01  3.2162E+00  1.2573E-01  6.2762E+00  1.0000E+00
 2.4160E+03  1.2957E-01  3.2019E+00  1.2617E-01  6.2502E+00  1.0000E+00
 2.4345E+03  1.2998E-01  3.1876E+00  1.2661E-01  6.2242E+00  1.0000E+00
 2.4532E+03  1.3039E-01  3.1734E+00  1.2705E-01  6.1983E+00  1.0000E+00
 2.4720E+03  1.3080E-01  3.1592E+00  1.2749E-01  6.1724E+00  1.0000E+00
 2.4909E+03  1.3122E-01  3.1450E+00  1.2792E-01  6.1465E+00  1.0000E+00
 2.5100E+03  1.3163E-01  3.1309E+00  1.2836E-01  6.1207E+00  1.0000E+00
 2.5292E+03  1.3204E-01  3.1168E+00  1.2880E-01  6.0949E+00  1.0000E+00
 2.5486E+03  1.3246E-01  3.1028E+00  1.2924E-01  6.0692E+00  1.0000E+00
 2.5681E+03  1.3287E-01  3.0887E+00  1.2968E-01  6.0435E+00  1.0000E+00
 2.5878E+03  1.3329E-01  3.0748E+00  1.3011E-01  6.0178E+00  1.0000E+00
 2.6076E+03  1.3370E-01  3.0608E+00  1.3055E-01  5.9922E+00  1.0000E+00
 2.6275E+03  1.3412E-01  3.0470E+00  1.3099E-01  5.9667E+00  1.0000E+00
 2.6477E+03  1.3453E-01  3.0331E+00  1.3143E-01  5.9412E+00  1.0000E+00
 2.6679E+03  1.3495E-01  3.0193E+00  1.3187E-01  5.9157E+00  1.0000E+00
 2.6884E+03  1.3537E-01  3.0055E+00  1.3231E-01  5.8903E+00  1.0000E+00
 2.7090E+03  1.3578E-01  2.9918E+00  1.3275E-01  5.8650E+00  1.0000E+00
 2.7297E+03  1.3620E-01  2.9781E+00  1.3319E-01  5.8397E+00  1.0000E+00
 2.7506E+03  1.3662E-01  2.9645E+00  1.3363E-01  5.8144E+00  1.0000E+00
 2.7717E+03  1.3703E-01  2.9509E+00  1.3407E-01  5.7892E+00  1.0000E+00
 2.7929E+03  1.3745E-01  2.9373E+00  1.3451E-01  5.7641E+00  1.0000E+00
 2.8143E+03  1.3787E-01  2.9238E+00  1.3495E-01  5.7390E+00  1.0000E+00
 2.8358E+03  1.3829E-01  2.9103E+00  1.3539E-01  5.7139E+00  1.0000E+00
 2.8576E+03  1.3871E-01  2.8969E+00  1.3583E-01  5.6889E+00  1.0000E+00
 2.8794E+03  1.3913E-01  2.8835E+00  1.3627E-01  5.6640E+00  1.0000E+00
 2.9015E+03  1.3954E-01  2.8701E+00  1.3671E-01  5.6391E+00  1.0000E+00
 2.9237E+03  1.3996E-01  2.8568E+00  1.3715E-01  5.6143E+00  1.0000E+00
 2.9461E+03  1.4038E-01  2.8435E+00  1.3759E-01  5.5896E+00  1.0000E+00
 2.9687E+03  1.4080E-01  2.8303E+00  1.3803E-01  5.5649E+00  1.0000E+00
 2.9914E+03  1.4122E-01  2.8171E+00  1.3847E-01  5.5402E+00  1.0000E+00
 3.0143E+03  1.4164E-01  2.8040E+00  1.3891E-01  5.5156E+00  1.0000E+00
 3.0374E+03  1.4207E-01  2.7909E+00  1.3935E-01  5.4911E+00  1.0000E+00
 3.0607E+03  1.4249E-01  2.7778E+00  1.3980E-01  5.4666E+00  1.0000E+00
 3.0841E+03  1.4291E-01  2.7648E+00  1.4024E-01  5.4422E+00  1.0000E+00
 3.1077E+03  1.4333E-01  2.7518E+00  1.4068E-01  5.4179E+00  1.0000E+00
 3.1315E+03  1.4375E-01  2.7389E+00  1.4112E-01  5.3936E+00  1.0000E+00
 3.1555E+03  1.4418E-01  2.7260E+00  1.4156E-01  5.3694E+00  1.0000E+00
 3.1797E+03  1.4460E-01  2.7131E+00  1.4201E-01  5.3452E+00  1.0000E+00
 3.2040E+03  1.4502E-01  2.7003E+00  1.4245E-01  5.3211E+00  1.0000E+00
 3.2286E+03  1.4544E-01  2.6876E+00  1.4289E-01  5.2971E+00  1.0000E+00
 3.2533E+03  1.4587E-01  2.6749E+00  1.4333E-01  5.2731E+00  1.0000E+00
 3.2782E+03  1.4629E-01  2.6622E+00  1.4378E-01  5.2492E+00  1.0000E+00
 3.3033E+03  1.4672E-01  2.6495E+00  1.4422E-01  5.2254E+00  1.0000E+00
 3.3286E+03  1.4714E-01  2.6369E+00  1.4466E-01  5.2016E+00  1.0000E+00
 3.3541E+03  1.4757E-01  2.6244E+00  1.4511E-01  5.1779E+00  1.0000E+00
 3.3798E+03  1.4799E-01  2.6119E+00  1.4555E-01  5.1542E+00  1.0000E+00
 3.4057E+03  1.4842E-01  2.5994E+00  1.4599E-01  5.1306E+00  1.0000E+00
 3.4317E+03  1.4884E-01  2.5870E+00  1.4644E-01  5.1071E+00  1.0000E+00
 3.4580E+03  1.4927E-01  2.5746E+00  1.4688E-01  5.0837E+00  1.0000E+00
 3.4845E+03  1.4969E-01  2.5623E+00  1.4732E-01  5.0603E+00  1.0000E+00
 3.5112E+03  1.5012E-01  2.5500E+00  1.4777E-01  5.0370E+00  1.0000E+00
 3.5381E+03  1.5055E-01  2.5378E+00  1.4821E-01  5.0138E+00  1.0000E+00
 3.5652E+03  1.5098E-01  2.5255E+00  1.4866E-01  4.9906E+00  1.0000E+00
 3.5925E+03  1.5140E-01  2.5134E+00  1.4910E-01  4.9675E+00  1.0000E+00
 3.6200E+03  1.5183E-01  2.5013E+00  1.4955E-01  4.9444E+00  1.0000E+00
 3.6477E+03  1.5226E-01  2.4892E+00  1.4999E-01  4.9215E+00  1.0000E+00
 3.6757E+03  1.5269E-01  2.4772E+00  1.5044E-01  4.8986E+00  1.0000E+00
 3.7038E+03  1.5312E-01  2.4652E+00  1.5088E-01  4.8757E+00  1.0000E+00
 3.7322E+03  1.5355E-01  2.4532E+00  1.5133E-01  4.8530E+00  1.0000E+00
 3.7608E+03  1.5398E-01  2.4413E+00  1.5178E-01  4.8303E+00  1.0000E+00
 3.7896E+03  1.5441E-01  2.4295E+00  1.5222E-01  4.8077E+00  1.0000E+00
 3.8186E+03  1.5484E-01  2.4176E+00  1.5267E-01  4.7851E+00  1.0000E+00
 3.8478E+03  1.5527E-01  2.4059E+00  1.5312E-01  4.7627E+00  1.0000E+00
 3.8773E+03  1.5570E-01  2.3941E+00  1.5356E-01  4.7403E+00  1.0000E+00
 3.9070E+03  1.5613E-01  2.3825E+00  1.5401E-01  4.7179E+00  1.0000E+00
 3.9369E+03  1.5656E-01  2.3708E+00  1.5446E-01  4.6957E+00  1.0000E+00
 3.9671E+03  1.5699E-01  2.3592E+00  1.5490E-01  4.6735E+00  1.0000E+00
 3.9974E+03  1.5742E-01  2.3477E+00  1.5535E-01  4.6514E+00  1.0000E+00
 4.0281E+03  1.5786E-01  2.3361E+00  1.5580E-01  4.6293E+00  1.0000E+00
 4.0589E+03  1.5829E-01  2.3247E+00  1.5625E-01  4.6073E+00  1.0000E+00
 4.0900E+03  1.5872E-01  2.3132E+00  1.5670E-01  4.5854E+00  1.0000E+00
 4.1213E+03  1.5915E-01  2.3019E+00  1.5714E-01  4.5636E+00  1.0000E+00
 4.1529E+03  1.5959E-01  2.2905E+00  1.5759E-01  4.5419E+00  1.0000E+00
 4.1847E+03  1.6002E-01  2.2792E+00  1.5804E-01  4.5202E+00  1.0000E+00
 4.2167E+03  1.6046E-01  2.2680E+00  1.5849E-01  4.4986E+00  1.0000E+00
 4.2490E+03  1.6089E-01  2.2568E+00  1.5894E-01  4.4770E+00  1.0000E+00
 4.2816E+03  1.6133E-01  2.2456E+00  1.5939E-01  4.4556E+00  1.0000E+00
 4.3143E+03  1.6176E-01  2.2345E+00  1.5984E-01  4.4342E+00  1.0000E+00
 4.3474E+03  1.6220E-01  2.2234E+00  1.6029E-01  4.4129E+00  1.0000E+00
 4.3807E+03  1.6263E-01  2.2123E+00  1.6074E-01  4.3917E+00  1.0000E+00
 4.4142E+03  1.6307E-01  2.2013E+00  1.6119E-01  4.3705E+00  1.0000E+00
 4.4480E+03  1.6351E-01  2.1904E+00  1.6164E-01  4.3494E+00  1.0000E+00
 4.4821E+03  1.6394E-01  2.1795E+00  1.6209E-01  4.3284E+00  1.0000E+00
 4.5164E+03  1.6438E-01  2.1686E+00  1.6254E-01  4.3074E+00  1.0000E+00
 4.5510E+03  1.6482E-01  2.1578E+00  1.6299E-01  4.2866E+00  1.0000E+00
 4.5859E+03  1.6526E-01  2.1470E+00  1.6345E-01  4.2658E+00  1.0000E+00
 4.6210E+03  1.6569E-01  2.1363E+00  1.6390E-01  4.2451E+00  1.0000E+00
 4.6564E+03  1.6613E-01  2.1256E+00  1.6435E-01  4.2244E+00  1.0000E+00
 4.6920E+03  1.6657E-01  2.1149E+00  1.6480E-01  4.2039E+00  1.0000E+00
 4.7280E+03  1.6701E-01  2.1043E+00  1.6525E-01  4.1834E+00  1.0000E+00
 4.7642E+03  1.6745E-01  2.0938E+00  1.6571E-01  4.1630E+00  1.0000E+00
 4.8007E+03  1.6789E-01  2.0832E+00  1.6616E-01  4.1426E+00  1.0000E+00
 4.8374E+03  1.6833E-01  2.0727E+00  1.6661E-01  4.1224E+00  1.0000E+00
 4.8745E+03  1.6877E-01  2.0623E+00  1.6707E-01  4.1022E+00  1.0000E+00
 4.9118E+03  1.6921E-01  2.0519E+00  1.6752E-01  4.0821E+00  1.0000E+00
 4.9494E+03  1.6966E-01  2.0416E+00  1.6798E-01  4.0620E+00  1.0000E+00
 4.9873E+03  1.7010E-01  2.0312E+00  1.6843E-01  4.0420E+00  1.0000E+00
 5.0255E+03  1.7054E-01  2.0210E+00  1.6888E-01  4.0222E+00  1.0000E+00
 5.0640E+03  1.7098E-01  2.0107E+00  1.6934E-01  4.0023E+00  1.0000E+00
 5.1028E+03  1.7143E-01  2.0006E+00  1.6980E-01  3.9826E+00  1.0000E+00
 5.1419E+03  1.7187E-01  1.9904E+00  1.7025E-01  3.9629E+00  1.0000E+00
 5.1812E+03  1.7231E-01  1.9803E+00  1.7071E-01  3.9434E+00  1.0000E+00
 5.2209E+03  1.7276E-01  1.9702E+00  1.7116E-01  3.9238E+00  1.0000E+00
 5.2609E+03  1.7320E-01  1.9602E+00  1.7162E-01  3.9044E+00  1.0000E+00
 5.3012E+03  1.7365E-01  1.9503E+00  1.7208E-01  3.8850E+00  1.0000E+00
 5.3418E+03  1.7409E-01  1.9403E+00  1.7253E-01  3.8658E+00  1.0000E+00
 5.3827E+03  1.7454E-01  1.9304E+00  1.7299E-01  3.8465E+00  1.0000E+00
 5.4239E+03  1.7498E-01  1.9206E+00  1.7345E-01  3.8274E+00  1.0000E+00
 5.4655E+03  1.7543E-01  1.9108E+00  1.7391E-01  3.8084E+00  1.0000E+00
 5.5073E+03  1.7588E-01  1.9010E+00  1.7436E-01  3.7894E+00  1.0000E+00
 5.5495E+03  1.7633E-01  1.8913E+00  1.7482E-01  3.7705E+00  1.0000E+00
 5.5920E+03  1.7677E-01  1.8816E+00  1.7528E-01  3.7516E+00  1.0000E+00
 5.6348E+03  1.7722E-01  1.8719E+00  1.7574E-01  3.7329E+00  1.0000E+00
 5.6780E+03  1.7767E-01  1.8623E+00  1.7620E-01  3.7142E+00  1.0000E+00
 5.7215E+03  1.7812E-01  1.8528E+00  1.7666E-01  3.6956E+00  1.0000E+00
 5.7653E+03  1.7857E-01  1.8432E+00  1.7712E-01  3.6770E+00  1.0000E+00
 5.8094E+03  1.7902E-01  1.8338E+00  1.7758E-01  3.6586E+00  1.0000E+00
 5.8539E+03  1.7947E-01  1.8243E+00  1.7804E-01  3.6402E+00  1.0000E+00
 5.8988E+03  1.7992E-01  1.8149E+00  1.7850E-01  3.6219E+00  1.0000E+00
 5.9439E+03  1.8037E-01  1.8056E+00  1.7896E-01  3.6037E+00  1.0000E+00
 5.9895E+03  1.8082E-01  1.7962E+00  1.7943E-01  3.5855E+00  1.0000E+00
 6.0353E+03  1.8127E-01  1.7870E+00  1.7989E-01  3.5674E+00  1.0000E+00
 6.0815E+03  1.8173E-01  1.7777E+00  1.8035E-01  3.5494E+00  1.0000E+00
 6.1281E+03  1.8218E-01  1.7685E+00  1.8081E-01  3.5315E+00  1.0000E+00
 6.1751E+03  1.8263E-01  1.7594E+00  1.8128E-01  3.5136E+00  1.0000E+00
 6.2223E+03  1.8308E-01  1.7503E+00  1.8174E-01  3.4958E+00  1.0000E+00
 6.2700E+03  1.8354E-01  1.7412E+00  1.8220E-01  3.4781E+00  1.0000E+00
 6.3180E+03  1.8399E-01  1.7322E+00  1.8267E-01  3.4605E+00  1.0000E+00
 6.3664E+03  1.8445E-01  1.7232E+00  1.8313E-01  3.4429E+00  1.0000E+00
 6.4152E+03  1.8490E-01  1.7142E+00  1.8360E-01  3.4254E+00  1.0000E+00
 6.4643E+03  1.8536E-01  1.7053E+00  1.8406E-01  3.4080E+00  1.0000E+00
 6.5138E+03  1.8581E-01  1.6964E+00  1.8453E-01  3.3907E+00  1.0000E+00
 6.5637E+03  1.8627E-01  1.6876E+00  1.8499E-01  3.3734E+00  1.0000E+00
 6.6139E+03  1.8673E-01  1.6788E+00  1.8546E-01  3.3562E+00  1.0000E+00
 6.6646E+03  1.8719E-01  1.6700E+00  1.8593E-01  3.3391E+00  1.0000E+00
 6.7156E+03  1.8764E-01  1.6613E+00  1.8640E-01  3.3220E+00  1.0000E+00
 6.7671E+03  1.8810E-01  1.6526E+00  1.8686E-01  3.3050E+00  1.0000E+00
 6.8189E+03  1.8856E-01  1.6440E+00  1.8733E-01  3.2881E+00  1.0000E+00
 6.8711E+03  1.8902E-01  1.6354E+00  1.8780E-01  3.2713E+00  1.0000E+00
 6.9237E+03  1.8948E-01  1.6268E+00  1.8827E-01  3.2546E+00  1.0000E+00
 6.9768E+03  1.8994E-01  1.6183E+00  1.8874E-01  3.2379E+00  1.0000E+00
 7.0302E+03  1.9040E-01  1.6098E+00  1.8921E-01  3.2213E+00  1.0000E+00
 7.0840E+03  1.9086E-01  1.6013E+00  1.8968E-01  3.2047E+00  1.0000E+00
 7.1383E+03  1.9133E-01  1.5929E+00  1.9015E-01  3.1883E+00  1.0000E+00
 7.1929E+03  1.9179E-01  1.5846E+00  1.9062E-01  3.1719E+00  1.0000E+00
 7.2480E+03  1.9225E-01  1.5762E+00  1.9109E-01  3.1555E+00  1.0000E+00
 7.3035E+03  1.9271E-01  1.5679E+00  1.9156E-01  3.1393E+00  1.0000E+00
 7.3595E+03  1.9318E-01  1.5597E+00  1.9204E-01  3.1231E+00  1.0000E+00
 7.4158E+03  1.9364E-01  1.5515E+00  1.9251E-01  3.1070E+00  1.0000E+00
 7.4726E+03  1.9411E-01  1.5433E+00  1.9298E-01  3.0910E+00  1.0000E+00
 7.5299E+03  1.9457E-01  1.5351E+00  1.9345E-01  3.0750E+00  1.0000E+00
 7.5875E+03  1.9504E-01  1.5270E+00  1.9393E-01  3.0591E+00  1.0000E+00
 7.6456E+03  1.9550E-01  1.5190E+00  1.9440E-01  3.0433E+00  1.0000E+00
 7.7042E+03  1.9597E-01  1.5109E+00  1.9488E-01  3.0276E+00  1.0000E+00
 7.7632E+03  1.9644E-01  1.5029E+00  1.9535E-01  3.0119E+00  1.0000E+00
 7.8226E+03  1.9691E-01  1.4950E+00  1.9583E-01  2.9963E+00  1.0000E+00
 7.8825E+03  1.9738E-01  1.4871E+00  1.9631E-01  2.9807E+00  1.0000E+00
 7.9429E+03  1.9784E-01  1.4792E+00  1.9678E-01  2.9653E+00  1.0000E+00
 8.0037E+03  1.9831E-01  1.4713E+00  1.9726E-01  2.9499E+00  1.0000E+00
 8.0650E+03  1.9878E-01  1.4635E+00  1.9774E-01  2.9345E+00  1.0000E+00
 8.1268E+03  1.9925E-01  1.4558E+00  1.9822E-01  2.9193E+00  1.0000E+00
 8.1890E+03  1.9973E-01  1.4480E+00  1.9870E-01  2.9041E+00  1.0000E+00
 8.2518E+03  2.0020E-01  1.4403E+00  1.9918E-01  2.8890E+00  1.0000E+00
 8.3150E+03  2.0067E-01  1.4327E+00  1.9966E-01  2.8739E+00  1.0000E+00
 8.3786E+03  2.0114E-01  1.4250E+00  2.0014E-01  2.8590E+00  1.0000E+00
 8.4428E+03  2.0162E-01  1.4175E+00  2.0062E-01  2.8440E+00  1.0000E+00
 8.5075E+03  2.0209E-01  1.4099E+00  2.0110E-01  2.8292E+00  1.0000E+00
 8.5726E+03  2.0257E-01  1.4024E+00  2.0158E-01  2.8144E+00  1.0000E+00
 8.6383E+03  2.0304E-01  1.3949E+00  2.0206E-01  2.7997E+00  1.0000E+00
 8.7044E+03  2.0352E-01  1.3875E+00  2.0255E-01  2.7851E+00  1.0000E+00
 8.7711E+03  2.0399E-01  1.3801E+00  2.0303E-01  2.7705E+00  1.0000E+00
 8.8383E+03  2.0447E-01  1.3727E+00  2.0351E-01  2.7560E+00  1.0000E+00
 8.9059E+03  2.0495E-01  1.3653E+00  2.0400E-01  2.7416E+00  1.0000E+00
 8.9741E+03  2.0543E-01  1.3580E+00  2.0448E-01  2.7272E+00  1.0000E+00
 9.0429E+03  2.0591E-01  1.3508E+00  2.0497E-01  2.7129E+00  1.0000E+00
 9.1121E+03  2.0639E-01  1.3435E+00  2.0546E-01  2.6987E+00  1.0000E+00
 9.1819E+03  2.0687E-01  1.3363E+00  2.0594E-01  2.6846E+00  1.0000E+00
 9.2522E+03  2.0735E-01  1.3292E+00  2.0643E-01  2.6705E+00  1.0000E+00
 9.3231E+03  2.0783E-01  1.3220E+00  2.0692E-01  2.6564E+00  1.0000E+00
 9.3945E+03  2.0831E-01  1.3149E+00  2.0741E-01  2.6425E+00  1.0000E+00
 9.4664E+03  2.0879E-01  1.3079E+00  2.0790E-01  2.6286E+00  1.0000E+00
 9.5389E+03  2.0928E-01  1.3009E+00  2.0839E-01  2.6147E+00  1.0000E+00
 9.6120E+03  2.0976E-01  1.2939E+00  2.0888E-01  2.6010E+00  1.0000E+00
 9.6856E+03  2.1025E-01  1.2869E+00  2.0937E-01  2.5873E+00  1.0000E+00
 9.7598E+03  2.1073E-01  1.2800E+00  2.0986E-01  2.5737E+00  1.0000E+00
 9.8345E+03  2.1122E-01  1.2731E+00  2.1035E-01  2.5601E+00  1.0000E+00
 9.9098E+03  2.1170E-01  1.2662E+00  2.1085E-01  2.5466E+00  1.0000E+00
 9.9857E+03  2.1219E-01  1.2594E+00  2.1134E-01  2.5332E+00  1.0000E+00
 1.0062E+04  2.1268E-01  1.2526E+00  2.1184E-01  2.5198E+00  1.0000E+00
 1.0139E+04  2.1317E-01  1.2459E+00  2.1233E-01  2.5065E+00  1.0000E+00
 1.0217E+04  2.1366E-01  1.2391E+00  2.1283E-01  2.4932E+00  1.0000E+00
 1.0295E+04  2.1415E-01  1.2325E+00  2.1332E-01  2.4801E+00  1.0000E+00
 1.0374E+04  2.1464E-01  1.2258E+00  2.1382E-01  2.4669E+00  1.0000E+00
 1.0453E+04  2.1513E-01  1.2192E+00  2.1432E-01  2.4539E+00  1.0000E+00
 1.0533E+04  2.1562E-01  1.2126E+00  2.1482E-01  2.4409E+00  1.0000E+00
 1.0614E+04  2.1612E-01  1.2060E+00  2.1531E-01  2.4280E+00  1.0000E+00
 1.0695E+04  2.1661E-01  1.1995E+00  2.1581E-01  2.4151E+00  1.0000E+00
 1.0777E+04  2.1711E-01  1.1930E+00  2.1632E-01  2.4023E+00  1.0000E+00
 1.0860E+04  2.1760E-01  1.1866E+00  2.1682E-01  2.3896E+00  1.0000E+00
 1.0943E+04  2.1810E-01  1.1801E+00  2.1732E-01  2.3769E+00  1.0000E+00
 1.1027E+04  2.1860E-01  1.1737E+00  2.1782E-01  2.3643E+00  1.0000E+00
 1.1111E+04  2.1909E-01  1.1674E+00  2.1832E-01  2.3518E+00  1.0000E+00
 1.1196E+04  2.1959E-01  1.1610E+00  2.1883E-01  2.3393E+00  1.0000E+00
 1.1282E+04  2.2009E-01  1.1547E+00  2.1933E-01  2.3269E+00  1.0000E+00
 1.1369E+04  2.2059E-01  1.1485E+00  2.1984E-01  2.3145E+00  1.0000E+00
 1.1456E+04  2.2109E-01  1.1422E+00  2.2035E-01  2.3022E+00  1.0000E+00
 1.1543E+04  2.2159E-01  1.1360E+00  2.2085E-01  2.2900E+00  1.0000E+00
 1.1632E+04  2.2210E-01  1.1299E+00  2.2136E-01  2.2778E+00  1.0000E+00
 1.1721E+04  2.2260E-01  1.1237E+00  2.2187E-01  2.2657E+00  1.0000E+00
 1.1811E+04  2.2310E-01  1.1176E+00  2.2238E-01  2.2536E+00  1.0000E+00
 1.1901E+04  2.2361E-01  1.1115E+00  2.2289E-01  2.2416E+00  1.0000E+00
 1.1992E+04  2.2412E-01  1.1055E+00  2.2340E-01  2.2297E+00  1.0000E+00
 1.2084E+04  2.2462E-01  1.0995E+00  2.2391E-01  2.2178E+00  1.0000E+00
 1.2177E+04  2.2513E-01  1.0935E+00  2.2443E-01  2.2060E+00  1.0000E+00
 1.2270E+04  2.2564E-01  1.0875E+00  2.2494E-01  2.1943E+00  1.0000E+00
 1.2364E+04  2.2615E-01  1.0816E+00  2.2545E-01  2.1826E+00  1.0000E+00
 1.2458E+04  2.2666E-01  1.0757E+00  2.2597E-01  2.1709E+00  1.0000E+00
 1.2554E+04  2.2717E-01  1.0698E+00  2.2649E-01  2.1593E+00  1.0000E+00
 1.2650E+04  2.2768E-01  1.0640E+00  2.2700E-01  2.1478E+00  1.0000E+00
 1.2747E+04  2.2819E-01  1.0582E+00  2.2752E-01  2.1364E+00  1.0000E+00
 1.2845E+04  2.2871E-01  1.0524E+00  2.2804E-01  2.1250E+00  1.0000E+00
 1.2943E+04  2.2922E-01  1.0467E+00  2.2856E-01  2.1136E+00  1.0000E+00
 1.3042E+04  2.2974E-01  1.0409E+00  2.2908E-01  2.1023E+00  1.0000E+00
 1.3142E+04  2.3026E-01  1.0353E+00  2.2960E-01  2.0911E+00  1.0000E+00
 1.3243E+04  2.3077E-01  1.0296E+00  2.3012E-01  2.0799E+00  1.0000E+00
 1.3344E+04  2.3129E-01  1.0240E+00  2.3065E-01  2.0688E+00  1.0000E+00
 1.3446E+04  2.3181E-01  1.0184E+00  2.3117E-01  2.0578E+00  1.0000E+00
 1.3549E+04  2.3233E-01  1.0128E+00  2.3170E-01  2.0468E+00  1.0000E+00
 1.3653E+04  2.3285E-01  1.0072E+00  2.3222E-01  2.0358E+00  1.0000E+00
 1.3757E+04  2.3338E-01  1.0017E+00  2.3275E-01  2.0249E+00  1.0000E+00
 1.3863E+04  2.3390E-01  9.9625E-01  2.3328E-01  2.0141E+00  1.0000E+00
 1.3969E+04  2.3442E-01  9.9079E-01  2.3381E-01  2.0033E+00  1.0000E+00
 1.4076E+04  2.3495E-01  9.8537E-01  2.3434E-01  1.9926E+00  1.0000E+00
 1.4184E+04  2.3548E-01  9.7997E-01  2.3487E-01  1.9819E+00  1.0000E+00
 1.4292E+04  2.3600E-01  9.7460E-01  2.3540E-01  1.9713E+00  1.0000E+00
 1.4402E+04  2.3653E-01  9.6925E-01  2.3593E-01  1.9608E+00  1.0000E+00
 1.4512E+04  2.3706E-01  9.6394E-01  2.3647E-01  1.9503E+00  1.0000E+00
 1.4623E+04  2.3759E-01  9.5865E-01  2.3700E-01  1.9398E+00  1.0000E+00
 1.4735E+04  2.3812E-01  9.5339E-01  2.3754E-01  1.9295E+00  1.0000E+00
 1.4848E+04  2.3866E-01  9.4816E-01  2.3807E-01  1.9191E+00  1.0000E+00
 1.4962E+04  2.3919E-01  9.4296E-01  2.3861E-01  1.9088E+00  1.0000E+00
 1.5076E+04  2.3973E-01  9.3778E-01  2.3915E-01  1.8986E+00  1.0000E+00
 1.5192E+04  2.4026E-01  9.3263E-01  2.3969E-01  1.8884E+00  1.0000E+00
 1.5308E+04  2.4080E-01  9.2751E-01  2.4023E-01  1.8783E+00  1.0000E+00
 1.5425E+04  2.4134E-01  9.2241E-01  2.4078E-01  1.8683E+00  1.0000E+00
 1.5544E+04  2.4188E-01  9.1734E-01  2.4132E-01  1.8582E+00  1.0000E+00
 1.5663E+04  2.4242E-01  9.1230E-01  2.4186E-01  1.8483E+00  1.0000E+00
 1.5783E+04  2.4296E-01  9.0729E-01  2.4241E-01  1.8384E+00  1.0000E+00
 1.5903E+04  2.4350E-01  9.0230E-01  2.4296E-01  1.8285E+00  1.0000E+00
 1.6025E+04  2.4405E-01  8.9734E-01  2.4350E-01  1.8187E+00  1.0000E+00
 1.6148E+04  2.4459E-01  8.9240E-01  2.4405E-01  1.8090E+00  1.0000E+00
 1.6272E+04  2.4514E-01  8.8749E-01  2.4460E-01  1.7993E+00  1.0000E+00
 1.6396E+04  2.4569E-01  8.8261E-01  2.4516E-01  1.7896E+00  1.0000E+00
 1.6522E+04  2.4624E-01  8.7776E-01  2.4571E-01  1.7800E+00  1.0000E+00
 1.6648E+04  2.4679E-01  8.7293E-01  2.4626E-01  1.7705E+00  1.0000E+00
 1.6776E+04  2.4734E-01  8.6812E-01  2.4682E-01  1.7610E+00  1.0000E+00
 1.6904E+04  2.4789E-01  8.6334E-01  2.4738E-01  1.7515E+00  1.0000E+00
 1.7034E+04  2.4845E-01  8.5859E-01  2.4793E-01  1.7422E+00  1.0000E+00
 1.7164E+04  2.4900E-01  8.5386E-01  2.4849E-01  1.7328E+00  1.0000E+00
 1.7296E+04  2.4956E-01  8.4916E-01  2.4905E-01  1.7235E+00  1.0000E+00
 1.7428E+04  2.5012E-01  8.4448E-01  2.4961E-01  1.7143E+00  1.0000E+00
 1.7562E+04  2.5068E-01  8.3983E-01  2.5018E-01  1.7051E+00  1.0000E+00
 1.7696E+04  2.5124E-01  8.3520E-01  2.5074E-01  1.6959E+00  1.0000E+00
 1.7832E+04  2.5180E-01  8.3060E-01  2.5131E-01  1.6868E+00  1.0000E+00
 1.7968E+04  2.5236E-01  8.2602E-01  2.5187E-01  1.6778E+00  1.0000E+00
 1.8106E+04  2.5293E-01  8.2147E-01  2.5244E-01  1.6688E+00  1.0000E+00
 1.8244E+04  2.5349E-01  8.1694E-01  2.5301E-01  1.6599E+00  1.0000E+00
 1.8384E+04  2.5406E-01  8.1244E-01  2.5358E-01  1.6510E+00  1.0000E+00
 1.8525E+04  2.5463E-01  8.0796E-01  2.5415E-01  1.6421E+00  1.0000E+00
 1.8667E+04  2.5520E-01  8.0351E-01  2.5473E-01  1.6333E+00  1.0000E+00
 1.8810E+04  2.5577E-01  7.9908E-01  2.5530E-01  1.6246E+00  1.0000E+00
 1.8954E+04  2.5634E-01  7.9467E-01  2.5588E-01  1.6159E+00  1.0000E+00
 1.9099E+04  2.5692E-01  7.9029E-01  2.5646E-01  1.6072E+00  1.0000E+00
 1.9245E+04  2.5750E-01  7.8593E-01  2.5704E-01  1.5986E+00  1.0000E+00
 1.9393E+04  2.5807E-01  7.8160E-01  2.5762E-01  1.5900E+00  1.0000E+00
 1.9541E+04  2.5865E-01  7.7729E-01  2.5820E-01  1.5815E+00  1.0000E+00
 1.9691E+04  2.5923E-01  7.7300E-01  2.5878E-01  1.5730E+00  1.0000E+00
 1.9842E+04  2.5982E-01  7.6874E-01  2.5937E-01  1.5646E+00  1.0000E+00
 1.9994E+04  2.6040E-01  7.6450E-01  2.5996E-01  1.5562E+00  1.0000E+00
 2.0147E+04  2.6098E-01  7.6028E-01  2.6055E-01  1.5479E+00  1.0000E+00
 2.0301E+04  2.6157E-01  7.5609E-01  2.6114E-01  1.5396E+00  1.0000E+00
 2.0456E+04  2.6216E-01  7.5192E-01  2.6173E-01  1.5314E+00  1.0000E+00
 2.0613E+04  2.6275E-01  7.4777E-01  2.6232E-01  1.5232E+00  1.0000E+00
 2.0771E+04  2.6334E-01  7.4365E-01  2.6291E-01  1.5150E+00  1.0000E+00
 2.0930E+04  2.6393E-01  7.3954E-01  2.6351E-01  1.5069E+00  1.0000E+00
 2.1090E+04  2.6453E-01  7.3546E-01  2.6411E-01  1.4989E+00  1.0000E+00
 2.1252E+04  2.6513E-01  7.3141E-01  2.6471E-01  1.4909E+00  1.0000E+00
 2.1415E+04  2.6572E-01  7.2737E-01  2.6531E-01  1.4829E+00  1.0000E+00
 2.1579E+04  2.6632E-01  7.2336E-01  2.6591E-01  1.4750E+00  1.0000E+00
 2.1744E+04  2.6693E-01  7.1937E-01  2.6652E-01  1.4671E+00  1.0000E+00
 2.1910E+04  2.6753E-01  7.1540E-01  2.6712E-01  1.4592E+00  1.0000E+00
 2.2078E+04  2.6813E-01  7.1146E-01  2.6773E-01  1.4514E+00  1.0000E+00
 2.2247E+04  2.6874E-01  7.0754E-01  2.6834E-01  1.4437E+00  1.0000E+00
 2.2418E+04  2.6935E-01  7.0363E-01  2.6895E-01  1.4360E+00  1.0000E+00
 2.2589E+04  2.6996E-01  6.9975E-01  2.6957E-01  1.4283E+00  1.0000E+00
 2.2762E+04  2.7057E-01  6.9590E-01  2.7018E-01  1.4207E+00  1.0000E+00
 2.2937E+04  2.7119E-01  6.9206E-01  2.7080E-01  1.4131E+00  1.0000E+00
 2.3112E+04  2.7180E-01  6.8824E-01  2.7142E-01  1.4056E+00  1.0000E+00
 2.3289E+04  2.7242E-01  6.8445E-01  2.7204E-01  1.3981E+00  1.0000E+00
 2.3468E+04  2.7304E-01  6.8068E-01  2.7266E-01  1.3906E+00  1.0000E+00
 2.3647E+04  2.7366E-01  6.7692E-01  2.7328E-01  1.3832E+00  1.0000E+00
 2.3829E+04  2.7429E-01  6.7319E-01  2.7391E-01  1.3759E+00  1.0000E+00
 2.4011E+04  2.7491E-01  6.6948E-01  2.7454E-01  1.3685E+00  1.0000E+00
 2.4195E+04  2.7554E-01  6.6579E-01  2.7517E-01  1.3613E+00  1.0000E+00
 2.4380E+04  2.7617E-01  6.6213E-01  2.7580E-01  1.3540E+00  1.0000E+00
 2.4567E+04  2.7680E-01  6.5848E-01  2.7643E-01  1.3468E+00  1.0000E+00
 2.4755E+04  2.7743E-01  6.5485E-01  2.7707E-01  1.3396E+00  1.0000E+00
 2.4945E+04  2.7807E-01  6.5125E-01  2.7771E-01  1.3325E+00  1.0000E+00
 2.5136E+04  2.7871E-01  6.4766E-01  2.7835E-01  1.3254E+00  1.0000E+00
 2.5328E+04  2.7935E-01  6.4409E-01  2.7899E-01  1.3184E+00  1.0000E+00
 2.5522E+04  2.7999E-01  6.4055E-01  2.7963E-01  1.3114E+00  1.0000E+00
 2.5718E+04  2.8063E-01  6.3702E-01  2.8028E-01  1.3044E+00  1.0000E+00
 2.5915E+04  2.8128E-01  6.3352E-01  2.8093E-01  1.2975E+00  1.0000E+00
 2.6113E+04  2.8192E-01  6.3003E-01  2.8158E-01  1.2906E+00  1.0000E+00
 2.6313E+04  2.8257E-01  6.2656E-01  2.8223E-01  1.2838E+00  1.0000E+00
 2.6515E+04  2.8323E-01  6.2312E-01  2.8289E-01  1.2770E+00  1.0000E+00
 2.6718E+04  2.8388E-01  6.1969E-01  2.8354E-01  1.2702E+00  1.0000E+00
 2.6922E+04  2.8454E-01  6.1628E-01  2.8420E-01  1.2635E+00  1.0000E+00
 2.7128E+04  2.8520E-01  6.1290E-01  2.8486E-01  1.2568E+00  1.0000E+00
 2.7336E+04  2.8586E-01  6.0953E-01  2.8553E-01  1.2502E+00  1.0000E+00
 2.7545E+04  2.8652E-01  6.0618E-01  2.8619E-01  1.2436E+00  1.0000E+00
 2.7756E+04  2.8719E-01  6.0285E-01  2.8686E-01  1.2370E+00  1.0000E+00
 2.7969E+04  2.8786E-01  5.9954E-01  2.8753E-01  1.2305E+00  1.0000E+00
 2.8183E+04  2.8853E-01  5.9624E-01  2.8820E-01  1.2240E+00  1.0000E+00
 2.8399E+04  2.8920E-01  5.9297E-01  2.8888E-01  1.2175E+00  1.0000E+00
 2.8617E+04  2.8987E-01  5.8972E-01  2.8956E-01  1.2111E+00  1.0000E+00
 2.8836E+04  2.9055E-01  5.8648E-01  2.9024E-01  1.2047E+00  1.0000E+00
 2.9056E+04  2.9123E-01  5.8326E-01  2.9092E-01  1.1984E+00  1.0000E+00
 2.9279E+04  2.9192E-01  5.8006E-01  2.9160E-01  1.1921E+00  1.0000E+00
 2.9503E+04  2.9260E-01  5.7688E-01  2.9229E-01  1.1858E+00  1.0000E+00
 2.9729E+04  2.9329E-01  5.7372E-01  2.9298E-01  1.1796E+00  1.0000E+00
 2.9957E+04  2.9398E-01  5.7058E-01  2.9367E-01  1.1734E+00  1.0000E+00
 3.0186E+04  2.9467E-01  5.6745E-01  2.9437E-01  1.1672E+00  1.0000E+00
 3.0417E+04  2.9537E-01  5.6434E-01  2.9506E-01  1.1611E+00  1.0000E+00
 3.0650E+04  2.9606E-01  5.6125E-01  2.9576E-01  1.1550E+00  1.0000E+00
 3.0885E+04  2.9676E-01  5.5818E-01  2.9647E-01  1.1489E+00  1.0000E+00
 3.1122E+04  2.9747E-01  5.5513E-01  2.9717E-01  1.1429E+00  1.0000E+00
 3.1360E+04  2.9817E-01  5.5209E-01  2.9788E-01  1.1369E+00  1.0000E+00
 3.1600E+04  2.9888E-01  5.4907E-01  2.9859E-01  1.1310E+00  1.0000E+00
 3.1842E+04  2.9959E-01  5.4607E-01  2.9930E-01  1.1251E+00  1.0000E+00
 3.2086E+04  3.0031E-01  5.4309E-01  3.0002E-01  1.1192E+00  1.0000E+00
 3.2332E+04  3.0103E-01  5.4012E-01  3.0074E-01  1.1133E+00  1.0000E+00
 3.2579E+04  3.0175E-01  5.3717E-01  3.0146E-01  1.1075E+00  1.0000E+00
 3.2829E+04  3.0247E-01  5.3424E-01  3.0219E-01  1.1018E+00  1.0000E+00
 3.3080E+04  3.0319E-01  5.3132E-01  3.0291E-01  1.0960E+00  1.0000E+00
 3.3334E+04  3.0392E-01  5.2842E-01  3.0364E-01  1.0903E+00  1.0000E+00
 3.3589E+04  3.0465E-01  5.2554E-01  3.0438E-01  1.0846E+00  1.0000E+00
 3.3846E+04  3.0539E-01  5.2268E-01  3.0511E-01  1.0790E+00  1.0000E+00
 3.4105E+04  3.0613E-01  5.1983E-01  3.0585E-01  1.0734E+00  1.0000E+00
 3.4367E+04  3.0687E-01  5.1700E-01  3.0659E-01  1.0678E+00  1.0000E+00
 3.4630E+04  3.0761E-01  5.1419E-01  3.0734E-01  1.0623E+00  1.0000E+00
 3.4895E+04  3.0836E-01  5.1139E-01  3.0809E-01  1.0568E+00  1.0000E+00
 3.5162E+04  3.0910E-01  5.0861E-01  3.0884E-01  1.0513E+00  1.0000E+00
 3.5431E+04  3.0986E-01  5.0584E-01  3.0959E-01  1.0459E+00  1.0000E+00
 3.5703E+04  3.1061E-01  5.0309E-01  3.1035E-01  1.0404E+00  1.0000E+00
 3.5976E+04  3.1137E-01  5.0036E-01  3.1111E-01  1.0351E+00  1.0000E+00
 3.6252E+04  3.1214E-01  4.9764E-01  3.1188E-01  1.0297E+00  1.0000E+00
 3.6529E+04  3.1290E-01  4.9494E-01  3.1264E-01  1.0244E+00  1.0000E+00
 3.6809E+04  3.1367E-01  4.9226E-01  3.1341E-01  1.0191E+00  1.0000E+00
 3.7091E+04  3.1444E-01  4.8959E-01  3.1419E-01  1.0139E+00  1.0000E+00
 3.7375E+04  3.1522E-01  4.8694E-01  3.1497E-01  1.0087E+00  1.0000E+00
 3.7661E+04  3.1600E-01  4.8430E-01  3.1575E-01  1.0035E+00  1.0000E+00
 3.7950E+04  3.1678E-01  4.8168E-01  3.1653E-01  9.9833E-01  1.0000E+00
 3.8240E+04  3.1757E-01  4.7907E-01  3.1732E-01  9.9321E-01  1.0000E+00
 3.8533E+04  3.1835E-01  4.7648E-01  3.1811E-01  9.8811E-01  1.0000E+00
 3.8828E+04  3.1915E-01  4.7390E-01  3.1890E-01  9.8305E-01  1.0000E+00
 3.9126E+04  3.1994E-01  4.7134E-01  3.1970E-01  9.7802E-01  1.0000E+00
 3.9425E+04  3.2074E-01  4.6880E-01  3.2050E-01  9.7302E-01  1.0000E+00
 3.9727E+04  3.2155E-01  4.6627E-01  3.2131E-01  9.6806E-01  1.0000E+00
 4.0032E+04  3.2236E-01  4.6376E-01  3.2212E-01  9.6312E-01  1.0000E+00
 4.0338E+04  3.2317E-01  4.6126E-01  3.2293E-01  9.5821E-01  1.0000E+00
 4.0647E+04  3.2398E-01  4.5877E-01  3.2375E-01  9.5333E-01  1.0000E+00
 4.0958E+04  3.2480E-01  4.5630E-01  3.2457E-01  9.4848E-01  1.0000E+00
 4.1272E+04  3.2562E-01  4.5385E-01  3.2539E-01  9.4366E-01  1.0000E+00
 4.1588E+04  3.2645E-01  4.5140E-01  3.2622E-01  9.3887E-01  1.0000E+00
 4.1907E+04  3.2728E-01  4.4898E-01  3.2705E-01  9.3411E-01  1.0000E+00
 4.2228E+04  3.2811E-01  4.4657E-01  3.2789E-01  9.2938E-01  1.0000E+00
 4.2551E+04  3.2895E-01  4.4417E-01  3.2873E-01  9.2468E-01  1.0000E+00
 4.2877E+04  3.2979E-01  4.4179E-01  3.2957E-01  9.2001E-01  1.0000E+00
 4.3205E+04  3.3064E-01  4.3942E-01  3.3042E-01  9.1536E-01  1.0000E+00
 4.3536E+04  3.3149E-01  4.3707E-01  3.3127E-01  9.1075E-01  1.0000E+00
 4.3869E+04  3.3234E-01  4.3473E-01  3.3212E-01  9.0616E-01  1.0000E+00
 4.4205E+04  3.3320E-01  4.3240E-01  3.3298E-01  9.0160E-01  1.0000E+00
 4.4544E+04  3.3407E-01  4.3009E-01  3.3385E-01  8.9707E-01  1.0000E+00
 4.4885E+04  3.3493E-01  4.2779E-01  3.3472E-01  8.9257E-01  1.0000E+00
 4.5229E+04  3.3580E-01  4.2551E-01  3.3559E-01  8.8810E-01  1.0000E+00
 4.5575E+04  3.3668E-01  4.2324E-01  3.3647E-01  8.8365E-01  1.0000E+00
 4.5924E+04  3.3756E-01  4.2098E-01  3.3735E-01  8.7923E-01  1.0000E+00
 4.6276E+04  3.3844E-01  4.1874E-01  3.3823E-01  8.7484E-01  1.0000E+00
 4.6630E+04  3.3933E-01  4.1651E-01  3.3912E-01  8.7048E-01  1.0000E+00
 4.6987E+04  3.4023E-01  4.1429E-01  3.4002E-01  8.6614E-01  1.0000E+00
 4.7347E+04  3.4112E-01  4.1209E-01  3.4092E-01  8.6183E-01  1.0000E+00
 4.7710E+04  3.4203E-01  4.0990E-01  3.4182E-01  8.5755E-01  1.0000E+00
 4.8075E+04  3.4293E-01  4.0773E-01  3.4273E-01  8.5329E-01  1.0000E+00
 4.8443E+04  3.4385E-01  4.0556E-01  3.4364E-01  8.4907E-01  1.0000E+00
 4.8814E+04  3.4476E-01  4.0341E-01  3.4456E-01  8.4486E-01  1.0000E+00
 4.9188E+04  3.4568E-01  4.0128E-01  3.4548E-01  8.4069E-01  1.0000E+00
 4.9565E+04  3.4661E-01  3.9916E-01  3.4641E-01  8.3654E-01  1.0000E+00
 4.9945E+04  3.4754E-01  3.9705E-01  3.4734E-01  8.3242E-01  1.0000E+00
 5.0327E+04  3.4848E-01  3.9495E-01  3.4828E-01  8.2832E-01  1.0000E+00
 5.0713E+04  3.4942E-01  3.9286E-01  3.4922E-01  8.2425E-01  1.0000E+00
 5.1101E+04  3.5037E-01  3.9079E-01  3.5017E-01  8.2020E-01  1.0000E+00
 5.1492E+04  3.5132E-01  3.8873E-01  3.5112E-01  8.1618E-01  1.0000E+00
 5.1887E+04  3.5227E-01  3.8669E-01  3.5208E-01  8.1219E-01  1.0000E+00
 5.2284E+04  3.5323E-01  3.8465E-01  3.5304E-01  8.0822E-01  1.0000E+00
 5.2684E+04  3.5420E-01  3.8263E-01  3.5401E-01  8.0428E-01  1.0000E+00
 5.3088E+04  3.5517E-01  3.8062E-01  3.5499E-01  8.0036E-01  1.0000E+00
 5.3494E+04  3.5615E-01  3.7863E-01  3.5596E-01  7.9647E-01  1.0000E+00
 5.3904E+04  3.5713E-01  3.7664E-01  3.5695E-01  7.9260E-01  1.0000E+00
 5.4317E+04  3.5812E-01  3.7467E-01  3.5794E-01  7.8875E-01  1.0000E+00
 5.4733E+04  3.5912E-01  3.7271E-01  3.5893E-01  7.8494E-01  1.0000E+00
 5.5152E+04  3.6012E-01  3.7076E-01  3.5993E-01  7.8114E-01  1.0000E+00
 5.5574E+04  3.6112E-01  3.6883E-01  3.6094E-01  7.7737E-01  1.0000E+00
 5.6000E+04  3.6213E-01  3.6690E-01  3.6195E-01  7.7363E-01  1.0000E+00
 5.6429E+04  3.6315E-01  3.6499E-01  3.6297E-01  7.6991E-01  1.0000E+00
 5.6861E+04  3.6417E-01  3.6309E-01  3.6399E-01  7.6621E-01  1.0000E+00
 5.7297E+04  3.6520E-01  3.6121E-01  3.6502E-01  7.6253E-01  1.0000E+00
 5.7735E+04  3.6623E-01  3.5933E-01  3.6606E-01  7.5889E-01  1.0000E+00
 5.8177E+04  3.6727E-01  3.5746E-01  3.6710E-01  7.5526E-01  1.0000E+00
 5.8623E+04  3.6832E-01  3.5561E-01  3.6815E-01  7.5166E-01  1.0000E+00
 5.9072E+04  3.6937E-01  3.5377E-01  3.6920E-01  7.4808E-01  1.0000E+00
 5.9524E+04  3.7043E-01  3.5194E-01  3.7026E-01  7.4452E-01  1.0000E+00
 5.9980E+04  3.7149E-01  3.5012E-01  3.7132E-01  7.4099E-01  1.0000E+00
 6.0440E+04  3.7256E-01  3.4831E-01  3.7240E-01  7.3748E-01  1.0000E+00
 6.0902E+04  3.7364E-01  3.4652E-01  3.7347E-01  7.3400E-01  1.0000E+00
 6.1369E+04  3.7473E-01  3.4473E-01  3.7456E-01  7.3053E-01  1.0000E+00
 6.1839E+04  3.7582E-01  3.4296E-01  3.7565E-01  7.2709E-01  1.0000E+00
 6.2312E+04  3.7691E-01  3.4120E-01  3.7675E-01  7.2368E-01  1.0000E+00
 6.2790E+04  3.7802E-01  3.3945E-01  3.7785E-01  7.2028E-01  1.0000E+00
 6.3270E+04  3.7913E-01  3.3771E-01  3.7896E-01  7.1691E-01  1.0000E+00
 6.3755E+04  3.8024E-01  3.3598E-01  3.8008E-01  7.1356E-01  1.0000E+00
 6.4243E+04  3.8137E-01  3.3426E-01  3.8120E-01  7.1023E-01  1.0000E+00
 6.4735E+04  3.8250E-01  3.3255E-01  3.8234E-01  7.0692E-01  1.0000E+00
 6.5231E+04  3.8363E-01  3.3085E-01  3.8347E-01  7.0364E-01  1.0000E+00
 6.5731E+04  3.8478E-01  3.2917E-01  3.8462E-01  7.0038E-01  1.0000E+00
 6.6234E+04  3.8593E-01  3.2749E-01  3.8577E-01  6.9714E-01  1.0000E+00
 6.6741E+04  3.8709E-01  3.2583E-01  3.8693E-01  6.9392E-01  1.0000E+00
 6.7252E+04  3.8825E-01  3.2417E-01  3.8810E-01  6.9072E-01  1.0000E+00
 6.7767E+04  3.8943E-01  3.2253E-01  3.8927E-01  6.8755E-01  1.0000E+00
 6.8286E+04  3.9061E-01  3.2089E-01  3.9045E-01  6.8439E-01  1.0000E+00
 6.8809E+04  3.9180E-01  3.1927E-01  3.9164E-01  6.8126E-01  1.0000E+00
 6.9336E+04  3.9299E-01  3.1766E-01  3.9284E-01  6.7815E-01  1.0000E+00
 6.9867E+04  3.9420E-01  3.1605E-01  3.9404E-01  6.7506E-01  1.0000E+00
 7.0402E+04  3.9541E-01  3.1446E-01  3.9526E-01  6.7199E-01  1.0000E+00
 7.0942E+04  3.9663E-01  3.1288E-01  3.9648E-01  6.6894E-01  1.0000E+00
 7.1485E+04  3.9785E-01  3.1131E-01  3.9770E-01  6.6591E-01  1.0000E+00
 7.2032E+04  3.9909E-01  3.0974E-01  3.9894E-01  6.6290E-01  1.0000E+00
 7.2584E+04  4.0033E-01  3.0819E-01  4.0018E-01  6.5991E-01  1.0000E+00
 7.3140E+04  4.0158E-01  3.0665E-01  4.0143E-01  6.5695E-01  1.0000E+00
 7.3700E+04  4.0284E-01  3.0512E-01  4.0269E-01  6.5400E-01  1.0000E+00
 7.4264E+04  4.0411E-01  3.0359E-01  4.0396E-01  6.5107E-01  1.0000E+00
 7.4833E+04  4.0538E-01  3.0208E-01  4.0524E-01  6.4817E-01  1.0000E+00
 7.5406E+04  4.0667E-01  3.0058E-01  4.0652E-01  6.4528E-01  1.0000E+00
 7.5984E+04  4.0796E-01  2.9909E-01  4.0782E-01  6.4241E-01  1.0000E+00
 7.6566E+04  4.0926E-01  2.9760E-01  4.0912E-01  6.3957E-01  1.0000E+00
 7.7152E+04  4.1057E-01  2.9613E-01  4.1043E-01  6.3674E-01  1.0000E+00
 7.7743E+04  4.1189E-01  2.9466E-01  4.1175E-01  6.3393E-01  1.0000E+00
 7.8338E+04  4.1322E-01  2.9321E-01  4.1308E-01  6.3115E-01  1.0000E+00
 7.8938E+04  4.1456E-01  2.9176E-01  4.1442E-01  6.2838E-01  1.0000E+00
 7.9543E+04  4.1590E-01  2.9032E-01  4.1577E-01  6.2563E-01  1.0000E+00
 8.0152E+04  4.1726E-01  2.8890E-01  4.1712E-01  6.2290E-01  1.0000E+00
 8.0766E+04  4.1862E-01  2.8748E-01  4.1849E-01  6.2019E-01  1.0000E+00
 8.1384E+04  4.2000E-01  2.8607E-01  4.1986E-01  6.1750E-01  1.0000E+00
 8.2008E+04  4.2138E-01  2.8467E-01  4.2125E-01  6.1482E-01  1.0000E+00
 8.2636E+04  4.2277E-01  2.8328E-01  4.2264E-01  6.1217E-01  1.0000E+00
 8.3268E+04  4.2418E-01  2.8190E-01  4.2404E-01  6.0954E-01  1.0000E+00
 8.3906E+04  4.2559E-01  2.8053E-01  4.2546E-01  6.0692E-01  1.0000E+00
 8.4549E+04  4.2701E-01  2.7916E-01  4.2688E-01  6.0432E-01  1.0000E+00
 8.5196E+04  4.2844E-01  2.7781E-01  4.2831E-01  6.0174E-01  1.0000E+00
 8.5849E+04  4.2989E-01  2.7646E-01  4.2976E-01  5.9918E-01  1.0000E+00
 8.6506E+04  4.3134E-01  2.7512E-01  4.3121E-01  5.9664E-01  1.0000E+00
 8.7169E+04  4.3280E-01  2.7380E-01  4.3268E-01  5.9412E-01  1.0000E+00
 8.7836E+04  4.3428E-01  2.7248E-01  4.3415E-01  5.9161E-01  1.0000E+00
 8.8509E+04  4.3576E-01  2.7117E-01  4.3563E-01  5.8912E-01  1.0000E+00
 8.9187E+04  4.3726E-01  2.6986E-01  4.3713E-01  5.8665E-01  1.0000E+00
 8.9870E+04  4.3876E-01  2.6857E-01  4.3864E-01  5.8420E-01  1.0000E+00
 9.0558E+04  4.4028E-01  2.6728E-01  4.4015E-01  5.8177E-01  1.0000E+00
 9.1252E+04  4.4181E-01  2.6601E-01  4.4168E-01  5.7935E-01  1.0000E+00
 9.1950E+04  4.4335E-01  2.6474E-01  4.4322E-01  5.7695E-01  1.0000E+00
 9.2655E+04  4.4490E-01  2.6348E-01  4.4477E-01  5.7457E-01  1.0000E+00
 9.3364E+04  4.4646E-01  2.6223E-01  4.4634E-01  5.7221E-01  1.0000E+00
 9.4079E+04  4.4803E-01  2.6098E-01  4.4791E-01  5.6986E-01  1.0000E+00
 9.4800E+04  4.4962E-01  2.5975E-01  4.4950E-01  5.6753E-01  1.0000E+00
 9.5526E+04  4.5121E-01  2.5852E-01  4.5109E-01  5.6522E-01  1.0000E+00
 9.6257E+04  4.5282E-01  2.5730E-01  4.5270E-01  5.6292E-01  1.0000E+00
 9.6994E+04  4.5444E-01  2.5609E-01  4.5432E-01  5.6065E-01  1.0000E+00
 9.7737E+04  4.5608E-01  2.5489E-01  4.5596E-01  5.5838E-01  1.0000E+00
 9.8486E+04  4.5772E-01  2.5370E-01  4.5760E-01  5.5614E-01  1.0000E+00
 9.9240E+04  4.5938E-01  2.5251E-01  4.5926E-01  5.5391E-01  1.0000E+00
 1.0000E+05  4.6105E-01  2.5133E-01  4.6093E-01  5.5170E-01  1.0000E+00


