#     0	 1	   19	 5	 1.1804E+02	 1000	1
 4.8978E+01  0.0000E+00  0.0000E+00  0.0000E+00  0.0000E+00  0.0000E+00
 4.9353E+01  0.0000E+00  0.0000E+00  0.0000E+00  0.0000E+00  0.0000E+00
 4.9731E+01  0.0000E+00  0.0000E+00  0.0000E+00  0.0000E+00  0.0000E+00
 5.0112E+01  0.0000E+00  0.0000E+00  0.0000E+00  0.0000E+00  0.0000E+00
 5.0496E+01  0.0000E+00  0.0000E+00  0.0000E+00  0.0000E+00  0.0000E+00
 5.0882E+01  0.0000E+00  0.0000E+00  0.0000E+00  0.0000E+00  0.0000E+00
 5.1272E+01  0.0000E+00  0.0000E+00  0.0000E+00  0.0000E+00  0.0000E+00
 5.1665E+01  0.0000E+00  0.0000E+00  0.0000E+00  0.0000E+00  0.0000E+00
 5.2060E+01  0.0000E+00  0.0000E+00  0.0000E+00  0.0000E+00  0.0000E+00
 5.2459E+01  0.0000E+00  0.0000E+00  0.0000E+00  0.0000E+00  0.0000E+00
 5.2861E+01  0.0000E+00  0.0000E+00  0.0000E+00  0.0000E+00  0.0000E+00
 5.3266E+01  0.0000E+00  0.0000E+00  0.0000E+00  0.0000E+00  0.0000E+00
 5.3673E+01  0.0000E+00  0.0000E+00  0.0000E+00  0.0000E+00  0.0000E+00
 5.4085E+01  0.0000E+00  0.0000E+00  0.0000E+00  0.0000E+00  0.0000E+00
 5.4499E+01  0.0000E+00  0.0000E+00  0.0000E+00  0.0000E+00  0.0000E+00
 5.4916E+01  0.0000E+00  0.0000E+00  0.0000E+00  0.0000E+00  0.0000E+00
 5.5337E+01  0.0000E+00  0.0000E+00  0.0000E+00  0.0000E+00  0.0000E+00
 5.5760E+01  0.0000E+00  0.0000E+00  0.0000E+00  0.0000E+00  0.0000E+00
 5.6187E+01  0.0000E+00  0.0000E+00  0.0000E+00  0.0000E+00  0.0000E+00
 5.6618E+01  0.0000E+00  0.0000E+00  0.0000E+00  0.0000E+00  0.0000E+00
 5.7051E+01  0.0000E+00  0.0000E+00  0.0000E+00  0.0000E+00  0.0000E+00
 5.7488E+01  0.0000E+00  0.0000E+00  0.0000E+00  0.0000E+00  0.0000E+00
 5.7929E+01  0.0000E+00  0.0000E+00  0.0000E+00  0.0000E+00  0.0000E+00
 5.8372E+01  0.0000E+00  0.0000E+00  0.0000E+00  0.0000E+00  0.0000E+00
 5.8819E+01  0.0000E+00  0.0000E+00  0.0000E+00  0.0000E+00  0.0000E+00
 5.9270E+01  0.0000E+00  0.0000E+00  0.0000E+00  0.0000E+00  0.0000E+00
 5.9724E+01  0.0000E+00  0.0000E+00  0.0000E+00  0.0000E+00  0.0000E+00
 6.0181E+01  0.0000E+00  0.0000E+00  0.0000E+00  0.0000E+00  0.0000E+00
 6.0642E+01  0.0000E+00  0.0000E+00  0.0000E+00  0.0000E+00  0.0000E+00
 6.1106E+01  0.0000E+00  0.0000E+00  0.0000E+00  0.0000E+00  0.0000E+00
 6.1574E+01  0.0000E+00  0.0000E+00  0.0000E+00  0.0000E+00  0.0000E+00
 6.2046E+01  0.0000E+00  0.0000E+00  0.0000E+00  0.0000E+00  0.0000E+00
 6.2521E+01  0.0000E+00  0.0000E+00  0.0000E+00  0.0000E+00  0.0000E+00
 6.3000E+01  0.0000E+00  0.0000E+00  0.0000E+00  0.0000E+00  0.0000E+00
 6.3482E+01  0.0000E+00  0.0000E+00  0.0000E+00  0.0000E+00  0.0000E+00
 6.3968E+01  0.0000E+00  0.0000E+00  0.0000E+00  0.0000E+00  0.0000E+00
 6.4458E+01  0.0000E+00  0.0000E+00  0.0000E+00  0.0000E+00  0.0000E+00
 6.4952E+01  0.0000E+00  0.0000E+00  0.0000E+00  0.0000E+00  0.0000E+00
 6.5449E+01  0.0000E+00  0.0000E+00  0.0000E+00  0.0000E+00  0.0000E+00
 6.5951E+01  0.0000E+00  0.0000E+00  0.0000E+00  0.0000E+00  0.0000E+00
 6.6456E+01  0.0000E+00  0.0000E+00  0.0000E+00  0.0000E+00  0.0000E+00
 6.6965E+01  0.0000E+00  0.0000E+00  0.0000E+00  0.0000E+00  0.0000E+00
 6.7478E+01  0.0000E+00  0.0000E+00  0.0000E+00  0.0000E+00  0.0000E+00
 6.7994E+01  0.0000E+00  0.0000E+00  0.0000E+00  0.0000E+00  0.0000E+00
 6.8515E+01  0.0000E+00  0.0000E+00  0.0000E+00  0.0000E+00  0.0000E+00
 6.9040E+01  0.0000E+00  0.0000E+00  0.0000E+00  0.0000E+00  0.0000E+00
 6.9568E+01  0.0000E+00  0.0000E+00  0.0000E+00  0.0000E+00  0.0000E+00
 7.0101E+01  0.0000E+00  0.0000E+00  0.0000E+00  0.0000E+00  0.0000E+00
 7.0638E+01  0.0000E+00  0.0000E+00  0.0000E+00  0.0000E+00  0.0000E+00
 7.1179E+01  0.0000E+00  0.0000E+00  0.0000E+00  0.0000E+00  0.0000E+00
 7.1724E+01  0.0000E+00  0.0000E+00  0.0000E+00  0.0000E+00  0.0000E+00
 7.2273E+01  0.0000E+00  0.0000E+00  0.0000E+00  0.0000E+00  0.0000E+00
 7.2827E+01  0.0000E+00  0.0000E+00  0.0000E+00  0.0000E+00  0.0000E+00
 7.3385E+01  0.0000E+00  0.0000E+00  0.0000E+00  0.0000E+00  0.0000E+00
 7.3947E+01  0.0000E+00  0.0000E+00  0.0000E+00  0.0000E+00  0.0000E+00
 7.4513E+01  0.0000E+00  0.0000E+00  0.0000E+00  0.0000E+00  0.0000E+00
 7.5084E+01  0.0000E+00  0.0000E+00  0.0000E+00  0.0000E+00  0.0000E+00
 7.5659E+01  0.0000E+00  0.0000E+00  0.0000E+00  0.0000E+00  0.0000E+00
 7.6238E+01  0.0000E+00  0.0000E+00  0.0000E+00  0.0000E+00  0.0000E+00
 7.6822E+01  0.0000E+00  0.0000E+00  0.0000E+00  0.0000E+00  0.0000E+00
 7.7410E+01  0.0000E+00  0.0000E+00  0.0000E+00  0.0000E+00  0.0000E+00
 7.8003E+01  0.0000E+00  0.0000E+00  0.0000E+00  0.0000E+00  0.0000E+00
 7.8601E+01  0.0000E+00  0.0000E+00  0.0000E+00  0.0000E+00  0.0000E+00
 7.9202E+01  0.0000E+00  0.0000E+00  0.0000E+00  0.0000E+00  0.0000E+00
 7.9809E+01  0.0000E+00  0.0000E+00  0.0000E+00  0.0000E+00  0.0000E+00
 8.0420E+01  0.0000E+00  0.0000E+00  0.0000E+00  0.0000E+00  0.0000E+00
 8.1036E+01  0.0000E+00  0.0000E+00  0.0000E+00  0.0000E+00  0.0000E+00
 8.1657E+01  0.0000E+00  0.0000E+00  0.0000E+00  0.0000E+00  0.0000E+00
 8.2282E+01  0.0000E+00  0.0000E+00  0.0000E+00  0.0000E+00  0.0000E+00
 8.2912E+01  0.0000E+00  0.0000E+00  0.0000E+00  0.0000E+00  0.0000E+00
 8.3547E+01  0.0000E+00  0.0000E+00  0.0000E+00  0.0000E+00  0.0000E+00
 8.4187E+01  0.0000E+00  0.0000E+00  0.0000E+00  0.0000E+00  0.0000E+00
 8.4832E+01  0.0000E+00  0.0000E+00  0.0000E+00  0.0000E+00  0.0000E+00
 8.5481E+01  0.0000E+00  0.0000E+00  0.0000E+00  0.0000E+00  0.0000E+00
 8.6136E+01  0.0000E+00  0.0000E+00  0.0000E+00  0.0000E+00  0.0000E+00
 8.6796E+01  0.0000E+00  0.0000E+00  0.0000E+00  0.0000E+00  0.0000E+00
 8.7460E+01  0.0000E+00  0.0000E+00  0.0000E+00  0.0000E+00  0.0000E+00
 8.8130E+01  0.0000E+00  0.0000E+00  0.0000E+00  0.0000E+00  0.0000E+00
 8.8805E+01  0.0000E+00  0.0000E+00  0.0000E+00  0.0000E+00  0.0000E+00
 8.9485E+01  0.0000E+00  0.0000E+00  0.0000E+00  0.0000E+00  0.0000E+00
 9.0171E+01  0.0000E+00  0.0000E+00  0.0000E+00  0.0000E+00  0.0000E+00
 9.0861E+01  0.0000E+00  0.0000E+00  0.0000E+00  0.0000E+00  0.0000E+00
 9.1557E+01  0.0000E+00  0.0000E+00  0.0000E+00  0.0000E+00  0.0000E+00
 9.2258E+01  0.0000E+00  0.0000E+00  0.0000E+00  0.0000E+00  0.0000E+00
 9.2965E+01  0.0000E+00  0.0000E+00  0.0000E+00  0.0000E+00  0.0000E+00
 9.3677E+01  0.0000E+00  0.0000E+00  0.0000E+00  0.0000E+00  0.0000E+00
 9.4394E+01  0.0000E+00  0.0000E+00  0.0000E+00  0.0000E+00  0.0000E+00
 9.5117E+01  0.0000E+00  0.0000E+00  0.0000E+00  0.0000E+00  0.0000E+00
 9.5845E+01  0.0000E+00  0.0000E+00  0.0000E+00  0.0000E+00  0.0000E+00
 9.6579E+01  0.0000E+00  0.0000E+00  0.0000E+00  0.0000E+00  0.0000E+00
 9.7319E+01  0.0000E+00  0.0000E+00  0.0000E+00  0.0000E+00  0.0000E+00
 9.8064E+01  0.0000E+00  0.0000E+00  0.0000E+00  0.0000E+00  0.0000E+00
 9.8815E+01  0.0000E+00  0.0000E+00  0.0000E+00  0.0000E+00  0.0000E+00
 9.9572E+01  0.0000E+00  0.0000E+00  0.0000E+00  0.0000E+00  0.0000E+00
 1.0033E+02  0.0000E+00  0.0000E+00  0.0000E+00  0.0000E+00  0.0000E+00
 1.0110E+02  0.0000E+00  0.0000E+00  0.0000E+00  0.0000E+00  0.0000E+00
 1.0188E+02  0.0000E+00  0.0000E+00  0.0000E+00  0.0000E+00  0.0000E+00
 1.0266E+02  0.0000E+00  0.0000E+00  0.0000E+00  0.0000E+00  0.0000E+00
 1.0344E+02  0.0000E+00  0.0000E+00  0.0000E+00  0.0000E+00  0.0000E+00
 1.0424E+02  0.0000E+00  0.0000E+00  0.0000E+00  0.0000E+00  0.0000E+00
 1.0503E+02  0.0000E+00  0.0000E+00  0.0000E+00  0.0000E+00  0.0000E+00
 1.0584E+02  0.0000E+00  0.0000E+00  0.0000E+00  0.0000E+00  0.0000E+00
 1.0665E+02  0.0000E+00  0.0000E+00  0.0000E+00  0.0000E+00  0.0000E+00
 1.0747E+02  0.0000E+00  0.0000E+00  0.0000E+00  0.0000E+00  0.0000E+00
 1.0829E+02  0.0000E+00  0.0000E+00  0.0000E+00  0.0000E+00  0.0000E+00
 1.0912E+02  0.0000E+00  0.0000E+00  0.0000E+00  0.0000E+00  0.0000E+00
 1.0995E+02  0.0000E+00  0.0000E+00  0.0000E+00  0.0000E+00  0.0000E+00
 1.1080E+02  0.0000E+00  0.0000E+00  0.0000E+00  0.0000E+00  0.0000E+00
 1.1164E+02  0.0000E+00  0.0000E+00  0.0000E+00  0.0000E+00  0.0000E+00
 1.1250E+02  0.0000E+00  0.0000E+00  0.0000E+00  0.0000E+00  0.0000E+00
 1.1336E+02  0.0000E+00  0.0000E+00  0.0000E+00  0.0000E+00  0.0000E+00
 1.1423E+02  0.0000E+00  0.0000E+00  0.0000E+00  0.0000E+00  0.0000E+00
 1.1510E+02  0.0000E+00  0.0000E+00  0.0000E+00  0.0000E+00  0.0000E+00
 1.1599E+02  0.0000E+00  0.0000E+00  0.0000E+00  0.0000E+00  0.0000E+00
 1.1687E+02  0.0000E+00  0.0000E+00  0.0000E+00  0.0000E+00  0.0000E+00
 1.1777E+02  0.0000E+00  0.0000E+00  0.0000E+00  0.0000E+00  0.0000E+00
 1.1867E+02  8.3739E-03  4.2226E+00  1.5004E-02  1.5132E+01  1.0000E+00
 1.1958E+02  8.3481E-03  4.1776E+00  1.5004E-02  1.5017E+01  1.0000E+00
 1.2050E+02  8.3224E-03  4.1331E+00  1.5005E-02  1.4903E+01  1.0000E+00
 1.2142E+02  8.2969E-03  4.0890E+00  1.5005E-02  1.4790E+01  1.0000E+00
 1.2235E+02  8.2715E-03  4.0455E+00  1.5005E-02  1.4678E+01  1.0000E+00
 1.2329E+02  8.2462E-03  4.0025E+00  1.5005E-02  1.4566E+01  1.0000E+00
 1.2423E+02  8.2216E-03  3.9603E+00  1.5005E-02  1.4455E+01  1.0000E+00
 1.2518E+02  8.1979E-03  3.9188E+00  1.5005E-02  1.4346E+01  1.0000E+00
 1.2614E+02  8.1751E-03  3.8782E+00  1.5005E-02  1.4237E+01  1.0000E+00
 1.2711E+02  8.1531E-03  3.8384E+00  1.5005E-02  1.4129E+01  1.0000E+00
 1.2808E+02  8.1318E-03  3.7993E+00  1.5005E-02  1.4021E+01  1.0000E+00
 1.2906E+02  8.1115E-03  3.7609E+00  1.5005E-02  1.3915E+01  1.0000E+00
 1.3005E+02  8.0919E-03  3.7233E+00  1.5005E-02  1.3809E+01  1.0000E+00
 1.3104E+02  8.0730E-03  3.6864E+00  1.5005E-02  1.3704E+01  1.0000E+00
 1.3205E+02  8.0550E-03  3.6502E+00  1.5005E-02  1.3600E+01  1.0000E+00
 1.3306E+02  8.0377E-03  3.6147E+00  1.5005E-02  1.3497E+01  1.0000E+00
 1.3408E+02  8.0212E-03  3.5799E+00  1.5005E-02  1.3394E+01  1.0000E+00
 1.3510E+02  8.0055E-03  3.5457E+00  1.5005E-02  1.3293E+01  1.0000E+00
 1.3614E+02  7.9904E-03  3.5121E+00  1.5005E-02  1.3192E+01  1.0000E+00
 1.3718E+02  7.9761E-03  3.4792E+00  1.5006E-02  1.3091E+01  1.0000E+00
 1.3823E+02  7.9625E-03  3.4469E+00  1.5006E-02  1.2992E+01  1.0000E+00
 1.3929E+02  7.9497E-03  3.4151E+00  1.5006E-02  1.2893E+01  1.0000E+00
 1.4036E+02  7.9375E-03  3.3840E+00  1.5006E-02  1.2795E+01  1.0000E+00
 1.4143E+02  7.9260E-03  3.3534E+00  1.5006E-02  1.2698E+01  1.0000E+00
 1.4252E+02  7.9152E-03  3.3234E+00  1.5006E-02  1.2602E+01  1.0000E+00
 1.4361E+02  7.9051E-03  3.2939E+00  1.5006E-02  1.2506E+01  1.0000E+00
 1.4471E+02  7.8957E-03  3.2650E+00  1.5006E-02  1.2411E+01  1.0000E+00
 1.4582E+02  7.8869E-03  3.2366E+00  1.5006E-02  1.2317E+01  1.0000E+00
 1.4693E+02  7.8788E-03  3.2087E+00  1.5006E-02  1.2223E+01  1.0000E+00
 1.4806E+02  7.8713E-03  3.1812E+00  1.5006E-02  1.2130E+01  1.0000E+00
 1.4919E+02  7.8645E-03  3.1543E+00  1.5006E-02  1.2038E+01  1.0000E+00
 1.5033E+02  7.8584E-03  3.1279E+00  1.5006E-02  1.1947E+01  1.0000E+00
 1.5149E+02  7.8528E-03  3.1019E+00  1.5006E-02  1.1856E+01  1.0000E+00
 1.5265E+02  7.8479E-03  3.0764E+00  1.5006E-02  1.1766E+01  1.0000E+00
 1.5381E+02  7.8436E-03  3.0514E+00  1.5006E-02  1.1677E+01  1.0000E+00
 1.5499E+02  7.8400E-03  3.0268E+00  1.5007E-02  1.1588E+01  1.0000E+00
 1.5618E+02  7.8369E-03  3.0026E+00  1.5007E-02  1.1500E+01  1.0000E+00
 1.5738E+02  7.8345E-03  2.9789E+00  1.5007E-02  1.1413E+01  1.0000E+00
 1.5858E+02  7.8327E-03  2.9555E+00  1.5007E-02  1.1326E+01  1.0000E+00
 1.5980E+02  7.8315E-03  2.9326E+00  1.5007E-02  1.1240E+01  1.0000E+00
 1.6102E+02  7.8308E-03  2.9101E+00  1.5007E-02  1.1155E+01  1.0000E+00
 1.6225E+02  7.8308E-03  2.8880E+00  1.5007E-02  1.1070E+01  1.0000E+00
 1.6349E+02  7.8314E-03  2.8662E+00  1.5007E-02  1.0986E+01  1.0000E+00
 1.6475E+02  7.8325E-03  2.8448E+00  1.5007E-02  1.0902E+01  1.0000E+00
 1.6601E+02  7.8342E-03  2.8238E+00  1.5007E-02  1.0820E+01  1.0000E+00
 1.6728E+02  7.8366E-03  2.8032E+00  1.5007E-02  1.0737E+01  1.0000E+00
 1.6856E+02  7.8394E-03  2.7829E+00  1.5007E-02  1.0656E+01  1.0000E+00
 1.6985E+02  7.8429E-03  2.7630E+00  1.5007E-02  1.0575E+01  1.0000E+00
 1.7115E+02  7.8469E-03  2.7434E+00  1.5008E-02  1.0495E+01  1.0000E+00
 1.7246E+02  7.8515E-03  2.7241E+00  1.5008E-02  1.0415E+01  1.0000E+00
 1.7378E+02  7.8567E-03  2.7052E+00  1.5008E-02  1.0336E+01  1.0000E+00
 1.7511E+02  7.8624E-03  2.6866E+00  1.5008E-02  1.0257E+01  1.0000E+00
 1.7646E+02  7.8687E-03  2.6683E+00  1.5008E-02  1.0179E+01  1.0000E+00
 1.7781E+02  7.8756E-03  2.6503E+00  1.5008E-02  1.0102E+01  1.0000E+00
 1.7917E+02  7.8830E-03  2.6327E+00  1.5008E-02  1.0025E+01  1.0000E+00
 1.8054E+02  7.8910E-03  2.6153E+00  1.5008E-02  9.9493E+00  1.0000E+00
 1.8192E+02  7.8995E-03  2.5982E+00  1.5008E-02  9.8737E+00  1.0000E+00
 1.8332E+02  7.9086E-03  2.5814E+00  1.5008E-02  9.7987E+00  1.0000E+00
 1.8472E+02  7.9182E-03  2.5649E+00  1.5008E-02  9.7243E+00  1.0000E+00
 1.8614E+02  7.9284E-03  2.5487E+00  1.5008E-02  9.6505E+00  1.0000E+00
 1.8756E+02  7.9391E-03  2.5327E+00  1.5008E-02  9.5772E+00  1.0000E+00
 1.8900E+02  7.9501E-03  2.5170E+00  1.5009E-02  9.5044E+00  1.0000E+00
 1.9045E+02  7.9614E-03  2.5014E+00  1.5009E-02  9.4323E+00  1.0000E+00
 1.9190E+02  7.9730E-03  2.4860E+00  1.5009E-02  9.3606E+00  1.0000E+00
 1.9337E+02  7.9848E-03  2.4707E+00  1.5009E-02  9.2895E+00  1.0000E+00
 1.9485E+02  7.9969E-03  2.4557E+00  1.5009E-02  9.2190E+00  1.0000E+00
 1.9635E+02  8.0092E-03  2.4408E+00  1.5009E-02  9.1490E+00  1.0000E+00
 1.9785E+02  8.0218E-03  2.4260E+00  1.5009E-02  9.0795E+00  1.0000E+00
 1.9937E+02  8.0347E-03  2.4114E+00  1.5009E-02  9.0106E+00  1.0000E+00
 2.0089E+02  8.0478E-03  2.3970E+00  1.5009E-02  8.9421E+00  1.0000E+00
 2.0243E+02  8.0612E-03  2.3828E+00  1.5009E-02  8.8742E+00  1.0000E+00
 2.0398E+02  8.0748E-03  2.3686E+00  1.5009E-02  8.8068E+00  1.0000E+00
 2.0554E+02  8.0887E-03  2.3547E+00  1.5010E-02  8.7400E+00  1.0000E+00
 2.0712E+02  8.1028E-03  2.3409E+00  1.5010E-02  8.6736E+00  1.0000E+00
 2.0870E+02  8.1172E-03  2.3272E+00  1.5010E-02  8.6077E+00  1.0000E+00
 2.1030E+02  8.1318E-03  2.3136E+00  1.5010E-02  8.5424E+00  1.0000E+00
 2.1191E+02  8.1467E-03  2.3003E+00  1.5010E-02  8.4775E+00  1.0000E+00
 2.1354E+02  8.1618E-03  2.2870E+00  1.5010E-02  8.4131E+00  1.0000E+00
 2.1517E+02  8.1771E-03  2.2739E+00  1.5010E-02  8.3492E+00  1.0000E+00
 2.1682E+02  8.1927E-03  2.2609E+00  1.5010E-02  8.2858E+00  1.0000E+00
 2.1848E+02  8.2086E-03  2.2481E+00  1.5010E-02  8.2229E+00  1.0000E+00
 2.2015E+02  8.2247E-03  2.2353E+00  1.5010E-02  8.1605E+00  1.0000E+00
 2.2184E+02  8.2410E-03  2.2228E+00  1.5010E-02  8.0985E+00  1.0000E+00
 2.2354E+02  8.2576E-03  2.2103E+00  1.5011E-02  8.0370E+00  1.0000E+00
 2.2525E+02  8.2744E-03  2.1980E+00  1.5011E-02  7.9760E+00  1.0000E+00
 2.2697E+02  8.2914E-03  2.1857E+00  1.5011E-02  7.9154E+00  1.0000E+00
 2.2871E+02  8.3087E-03  2.1736E+00  1.5011E-02  7.8553E+00  1.0000E+00
 2.3046E+02  8.3262E-03  2.1617E+00  1.5011E-02  7.7957E+00  1.0000E+00
 2.3223E+02  8.3439E-03  2.1498E+00  1.5011E-02  7.7365E+00  1.0000E+00
 2.3401E+02  8.3619E-03  2.1380E+00  1.5011E-02  7.6778E+00  1.0000E+00
 2.3580E+02  8.3801E-03  2.1264E+00  1.5011E-02  7.6195E+00  1.0000E+00
 2.3761E+02  8.3985E-03  2.1149E+00  1.5011E-02  7.5616E+00  1.0000E+00
 2.3942E+02  8.4171E-03  2.1035E+00  1.5012E-02  7.5042E+00  1.0000E+00
 2.4126E+02  8.4360E-03  2.0922E+00  1.5012E-02  7.4472E+00  1.0000E+00
 2.4311E+02  8.4551E-03  2.0810E+00  1.5012E-02  7.3907E+00  1.0000E+00
 2.4497E+02  8.4745E-03  2.0699E+00  1.5012E-02  7.3346E+00  1.0000E+00
 2.4684E+02  8.4940E-03  2.0589E+00  1.5012E-02  7.2789E+00  1.0000E+00
 2.4873E+02  8.5138E-03  2.0480E+00  1.5012E-02  7.2236E+00  1.0000E+00
 2.5064E+02  8.5338E-03  2.0372E+00  1.5012E-02  7.1688E+00  1.0000E+00
 2.5256E+02  8.5540E-03  2.0265E+00  1.5012E-02  7.1143E+00  1.0000E+00
 2.5449E+02  8.5745E-03  2.0159E+00  1.5012E-02  7.0603E+00  1.0000E+00
 2.5644E+02  8.5951E-03  2.0054E+00  1.5013E-02  7.0067E+00  1.0000E+00
 2.5841E+02  8.6160E-03  1.9950E+00  1.5013E-02  6.9535E+00  1.0000E+00
 2.6038E+02  8.6371E-03  1.9847E+00  1.5013E-02  6.9007E+00  1.0000E+00
 2.6238E+02  8.6584E-03  1.9744E+00  1.5013E-02  6.8483E+00  1.0000E+00
 2.6439E+02  8.6799E-03  1.9643E+00  1.5013E-02  6.7963E+00  1.0000E+00
 2.6641E+02  8.7017E-03  1.9542E+00  1.5013E-02  6.7447E+00  1.0000E+00
 2.6845E+02  8.7236E-03  1.9443E+00  1.5013E-02  6.6935E+00  1.0000E+00
 2.7051E+02  8.7458E-03  1.9344E+00  1.5013E-02  6.6427E+00  1.0000E+00
 2.7258E+02  8.7682E-03  1.9246E+00  1.5013E-02  6.5923E+00  1.0000E+00
 2.7467E+02  8.7908E-03  1.9149E+00  1.5014E-02  6.5422E+00  1.0000E+00
 2.7677E+02  8.8136E-03  1.9053E+00  1.5014E-02  6.4926E+00  1.0000E+00
 2.7889E+02  8.8366E-03  1.8957E+00  1.5014E-02  6.4433E+00  1.0000E+00
 2.8103E+02  8.8598E-03  1.8862E+00  1.5014E-02  6.3944E+00  1.0000E+00
 2.8318E+02  8.8832E-03  1.8769E+00  1.5014E-02  6.3458E+00  1.0000E+00
 2.8535E+02  8.9068E-03  1.8675E+00  1.5014E-02  6.2977E+00  1.0000E+00
 2.8753E+02  8.9307E-03  1.8583E+00  1.5014E-02  6.2498E+00  1.0000E+00
 2.8974E+02  8.9547E-03  1.8491E+00  1.5014E-02  6.2024E+00  1.0000E+00
 2.9195E+02  8.9789E-03  1.8400E+00  1.5015E-02  6.1553E+00  1.0000E+00
 2.9419E+02  9.0032E-03  1.8310E+00  1.5015E-02  6.1086E+00  1.0000E+00
 2.9644E+02  9.0277E-03  1.8220E+00  1.5015E-02  6.0622E+00  1.0000E+00
 2.9871E+02  9.0522E-03  1.8131E+00  1.5015E-02  6.0162E+00  1.0000E+00
 3.0100E+02  9.0768E-03  1.8042E+00  1.5015E-02  5.9705E+00  1.0000E+00
 3.0331E+02  9.1016E-03  1.7953E+00  1.5015E-02  5.9252E+00  1.0000E+00
 3.0563E+02  9.1264E-03  1.7866E+00  1.5015E-02  5.8802E+00  1.0000E+00
 3.0797E+02  9.1513E-03  1.7778E+00  1.5016E-02  5.8356E+00  1.0000E+00
 3.1033E+02  9.1763E-03  1.7691E+00  1.5016E-02  5.7913E+00  1.0000E+00
 3.1271E+02  9.2014E-03  1.7605E+00  1.5016E-02  5.7473E+00  1.0000E+00
 3.1510E+02  9.2266E-03  1.7519E+00  1.5016E-02  5.7037E+00  1.0000E+00
 3.1751E+02  9.2519E-03  1.7433E+00  1.5016E-02  5.6604E+00  1.0000E+00
 3.1994E+02  9.2772E-03  1.7348E+00  1.5016E-02  5.6175E+00  1.0000E+00
 3.2240E+02  9.3027E-03  1.7263E+00  1.5016E-02  5.5748E+00  1.0000E+00
 3.2486E+02  9.3282E-03  1.7179E+00  1.5017E-02  5.5325E+00  1.0000E+00
 3.2735E+02  9.3537E-03  1.7095E+00  1.5017E-02  5.4905E+00  1.0000E+00
 3.2986E+02  9.3794E-03  1.7012E+00  1.5017E-02  5.4488E+00  1.0000E+00
 3.3239E+02  9.4051E-03  1.6929E+00  1.5017E-02  5.4075E+00  1.0000E+00
 3.3493E+02  9.4308E-03  1.6846E+00  1.5017E-02  5.3664E+00  1.0000E+00
 3.3750E+02  9.4566E-03  1.6764E+00  1.5017E-02  5.3257E+00  1.0000E+00
 3.4008E+02  9.4825E-03  1.6682E+00  1.5017E-02  5.2853E+00  1.0000E+00
 3.4268E+02  9.5084E-03  1.6600E+00  1.5018E-02  5.2452E+00  1.0000E+00
 3.4531E+02  9.5344E-03  1.6519E+00  1.5018E-02  5.2054E+00  1.0000E+00
 3.4795E+02  9.5604E-03  1.6438E+00  1.5018E-02  5.1658E+00  1.0000E+00
 3.5062E+02  9.5864E-03  1.6357E+00  1.5018E-02  5.1266E+00  1.0000E+00
 3.5330E+02  9.6125E-03  1.6277E+00  1.5018E-02  5.0877E+00  1.0000E+00
 3.5601E+02  9.6386E-03  1.6197E+00  1.5018E-02  5.0491E+00  1.0000E+00
 3.5874E+02  9.6648E-03  1.6118E+00  1.5019E-02  5.0108E+00  1.0000E+00
 3.6148E+02  9.6909E-03  1.6039E+00  1.5019E-02  4.9728E+00  1.0000E+00
 3.6425E+02  9.7171E-03  1.5960E+00  1.5019E-02  4.9350E+00  1.0000E+00
 3.6704E+02  9.7433E-03  1.5881E+00  1.5019E-02  4.8976E+00  1.0000E+00
 3.6985E+02  9.7696E-03  1.5803E+00  1.5019E-02  4.8604E+00  1.0000E+00
 3.7268E+02  9.7958E-03  1.5725E+00  1.5019E-02  4.8235E+00  1.0000E+00
 3.7554E+02  9.8220E-03  1.5647E+00  1.5020E-02  4.7869E+00  1.0000E+00
 3.7841E+02  9.8483E-03  1.5570E+00  1.5020E-02  4.7506E+00  1.0000E+00
 3.8131E+02  9.8745E-03  1.5492E+00  1.5020E-02  4.7145E+00  1.0000E+00
 3.8423E+02  9.9008E-03  1.5415E+00  1.5020E-02  4.6788E+00  1.0000E+00
 3.8718E+02  9.9270E-03  1.5339E+00  1.5020E-02  4.6433E+00  1.0000E+00
 3.9014E+02  9.9533E-03  1.5262E+00  1.5020E-02  4.6080E+00  1.0000E+00
 3.9313E+02  9.9795E-03  1.5186E+00  1.5021E-02  4.5731E+00  1.0000E+00
 3.9614E+02  1.0006E-02  1.5110E+00  1.5021E-02  4.5384E+00  1.0000E+00
 3.9917E+02  1.0032E-02  1.5035E+00  1.5021E-02  4.5039E+00  1.0000E+00
 4.0223E+02  1.0058E-02  1.4959E+00  1.5021E-02  4.4697E+00  1.0000E+00
 4.0531E+02  1.0084E-02  1.4884E+00  1.5021E-02  4.4358E+00  1.0000E+00
 4.0841E+02  1.0110E-02  1.4809E+00  1.5021E-02  4.4022E+00  1.0000E+00
 4.1154E+02  1.0136E-02  1.4734E+00  1.5022E-02  4.3688E+00  1.0000E+00
 4.1469E+02  1.0162E-02  1.4660E+00  1.5022E-02  4.3356E+00  1.0000E+00
 4.1787E+02  1.0188E-02  1.4585E+00  1.5022E-02  4.3027E+00  1.0000E+00
 4.2107E+02  1.0214E-02  1.4511E+00  1.5022E-02  4.2701E+00  1.0000E+00
 4.2429E+02  1.0240E-02  1.4437E+00  1.5022E-02  4.2377E+00  1.0000E+00
 4.2754E+02  1.0266E-02  1.4364E+00  1.5023E-02  4.2055E+00  1.0000E+00
 4.3082E+02  1.0291E-02  1.4290E+00  1.5023E-02  4.1736E+00  1.0000E+00
 4.3412E+02  1.0317E-02  1.4217E+00  1.5023E-02  4.1419E+00  1.0000E+00
 4.3744E+02  1.0343E-02  1.4144E+00  1.5023E-02  4.1105E+00  1.0000E+00
 4.4079E+02  1.0368E-02  1.4071E+00  1.5023E-02  4.0793E+00  1.0000E+00
 4.4417E+02  1.0394E-02  1.3998E+00  1.5024E-02  4.0484E+00  1.0000E+00
 4.4757E+02  1.0419E-02  1.3926E+00  1.5024E-02  4.0177E+00  1.0000E+00
 4.5100E+02  1.0444E-02  1.3853E+00  1.5024E-02  3.9872E+00  1.0000E+00
 4.5445E+02  1.0469E-02  1.3781E+00  1.5024E-02  3.9569E+00  1.0000E+00
 4.5793E+02  1.0494E-02  1.3709E+00  1.5024E-02  3.9269E+00  1.0000E+00
 4.6144E+02  1.0519E-02  1.3637E+00  1.5025E-02  3.8971E+00  1.0000E+00
 4.6497E+02  1.0544E-02  1.3565E+00  1.5025E-02  3.8676E+00  1.0000E+00
 4.6853E+02  1.0569E-02  1.3494E+00  1.5025E-02  3.8382E+00  1.0000E+00
 4.7212E+02  1.0594E-02  1.3423E+00  1.5025E-02  3.8091E+00  1.0000E+00
 4.7574E+02  1.0618E-02  1.3351E+00  1.5025E-02  3.7802E+00  1.0000E+00
 4.7938E+02  1.0643E-02  1.3280E+00  1.5026E-02  3.7515E+00  1.0000E+00
 4.8305E+02  1.0667E-02  1.3209E+00  1.5026E-02  3.7231E+00  1.0000E+00
 4.8675E+02  1.0691E-02  1.3139E+00  1.5026E-02  3.6948E+00  1.0000E+00
 4.9048E+02  1.0715E-02  1.3068E+00  1.5026E-02  3.6668E+00  1.0000E+00
 4.9424E+02  1.0739E-02  1.2998E+00  1.5026E-02  3.6390E+00  1.0000E+00
 4.9802E+02  1.0763E-02  1.2928E+00  1.5027E-02  3.6114E+00  1.0000E+00
 5.0183E+02  1.0787E-02  1.2858E+00  1.5027E-02  3.5840E+00  1.0000E+00
 5.0568E+02  1.0811E-02  1.2788E+00  1.5027E-02  3.5568E+00  1.0000E+00
 5.0955E+02  1.0834E-02  1.2718E+00  1.5027E-02  3.5298E+00  1.0000E+00
 5.1345E+02  1.0857E-02  1.2649E+00  1.5028E-02  3.5031E+00  1.0000E+00
 5.1738E+02  1.0881E-02  1.2580E+00  1.5028E-02  3.4765E+00  1.0000E+00
 5.2135E+02  1.0904E-02  1.2511E+00  1.5028E-02  3.4501E+00  1.0000E+00
 5.2534E+02  1.0927E-02  1.2442E+00  1.5028E-02  3.4240E+00  1.0000E+00
 5.2936E+02  1.0950E-02  1.2373E+00  1.5029E-02  3.3980E+00  1.0000E+00
 5.3342E+02  1.0973E-02  1.2304E+00  1.5029E-02  3.3722E+00  1.0000E+00
 5.3750E+02  1.0995E-02  1.2236E+00  1.5029E-02  3.3466E+00  1.0000E+00
 5.4162E+02  1.1018E-02  1.2168E+00  1.5029E-02  3.3213E+00  1.0000E+00
 5.4577E+02  1.1040E-02  1.2100E+00  1.5030E-02  3.2961E+00  1.0000E+00
 5.4995E+02  1.1063E-02  1.2032E+00  1.5030E-02  3.2711E+00  1.0000E+00
 5.5416E+02  1.1085E-02  1.1965E+00  1.5030E-02  3.2463E+00  1.0000E+00
 5.5840E+02  1.1107E-02  1.1898E+00  1.5030E-02  3.2217E+00  1.0000E+00
 5.6268E+02  1.1129E-02  1.1830E+00  1.5031E-02  3.1972E+00  1.0000E+00
 5.6699E+02  1.1151E-02  1.1764E+00  1.5031E-02  3.1730E+00  1.0000E+00
 5.7133E+02  1.1173E-02  1.1697E+00  1.5031E-02  3.1489E+00  1.0000E+00
 5.7571E+02  1.1194E-02  1.1630E+00  1.5031E-02  3.1250E+00  1.0000E+00
 5.8011E+02  1.1216E-02  1.1564E+00  1.5032E-02  3.1013E+00  1.0000E+00
 5.8456E+02  1.1237E-02  1.1498E+00  1.5032E-02  3.0778E+00  1.0000E+00
 5.8903E+02  1.1258E-02  1.1432E+00  1.5032E-02  3.0545E+00  1.0000E+00
 5.9354E+02  1.1279E-02  1.1366E+00  1.5032E-02  3.0313E+00  1.0000E+00
 5.9809E+02  1.1300E-02  1.1301E+00  1.5033E-02  3.0083E+00  1.0000E+00
 6.0267E+02  1.1321E-02  1.1235E+00  1.5033E-02  2.9855E+00  1.0000E+00
 6.0729E+02  1.1342E-02  1.1170E+00  1.5033E-02  2.9629E+00  1.0000E+00
 6.1194E+02  1.1362E-02  1.1106E+00  1.5033E-02  2.9404E+00  1.0000E+00
 6.1662E+02  1.1383E-02  1.1041E+00  1.5034E-02  2.9181E+00  1.0000E+00
 6.2135E+02  1.1403E-02  1.0976E+00  1.5034E-02  2.8960E+00  1.0000E+00
 6.2610E+02  1.1423E-02  1.0912E+00  1.5034E-02  2.8741E+00  1.0000E+00
 6.3090E+02  1.1443E-02  1.0848E+00  1.5035E-02  2.8523E+00  1.0000E+00
 6.3573E+02  1.1463E-02  1.0784E+00  1.5035E-02  2.8306E+00  1.0000E+00
 6.4060E+02  1.1483E-02  1.0721E+00  1.5035E-02  2.8092E+00  1.0000E+00
 6.4551E+02  1.1502E-02  1.0657E+00  1.5035E-02  2.7879E+00  1.0000E+00
 6.5045E+02  1.1522E-02  1.0594E+00  1.5036E-02  2.7668E+00  1.0000E+00
 6.5543E+02  1.1541E-02  1.0531E+00  1.5036E-02  2.7458E+00  1.0000E+00
 6.6045E+02  1.1560E-02  1.0469E+00  1.5036E-02  2.7250E+00  1.0000E+00
 6.6551E+02  1.1579E-02  1.0406E+00  1.5037E-02  2.7043E+00  1.0000E+00
 6.7060E+02  1.1598E-02  1.0344E+00  1.5037E-02  2.6838E+00  1.0000E+00
 6.7574E+02  1.1617E-02  1.0282E+00  1.5037E-02  2.6635E+00  1.0000E+00
 6.8092E+02  1.1636E-02  1.0220E+00  1.5037E-02  2.6433E+00  1.0000E+00
 6.8613E+02  1.1654E-02  1.0158E+00  1.5038E-02  2.6232E+00  1.0000E+00
 6.9138E+02  1.1673E-02  1.0097E+00  1.5038E-02  2.6034E+00  1.0000E+00
 6.9668E+02  1.1691E-02  1.0036E+00  1.5038E-02  2.5836E+00  1.0000E+00
 7.0201E+02  1.1709E-02  9.9750E-01  1.5039E-02  2.5640E+00  1.0000E+00
 7.0739E+02  1.1727E-02  9.9143E-01  1.5039E-02  2.5446E+00  1.0000E+00
 7.1281E+02  1.1745E-02  9.8538E-01  1.5039E-02  2.5253E+00  1.0000E+00
 7.1827E+02  1.1762E-02  9.7936E-01  1.5040E-02  2.5062E+00  1.0000E+00
 7.2377E+02  1.1780E-02  9.7340E-01  1.5040E-02  2.4872E+00  1.0000E+00
 7.2931E+02  1.1798E-02  9.6748E-01  1.5040E-02  2.4683E+00  1.0000E+00
 7.3490E+02  1.1817E-02  9.6162E-01  1.5041E-02  2.4496E+00  1.0000E+00
 7.4052E+02  1.1835E-02  9.5580E-01  1.5041E-02  2.4311E+00  1.0000E+00
 7.4620E+02  1.1854E-02  9.5004E-01  1.5041E-02  2.4127E+00  1.0000E+00
 7.5191E+02  1.1873E-02  9.4432E-01  1.5042E-02  2.3944E+00  1.0000E+00
 7.5767E+02  1.1892E-02  9.3864E-01  1.5042E-02  2.3762E+00  1.0000E+00
 7.6347E+02  1.1911E-02  9.3302E-01  1.5042E-02  2.3582E+00  1.0000E+00
 7.6932E+02  1.1931E-02  9.2743E-01  1.5043E-02  2.3403E+00  1.0000E+00
 7.7521E+02  1.1951E-02  9.2190E-01  1.5043E-02  2.3226E+00  1.0000E+00
 7.8115E+02  1.1970E-02  9.1640E-01  1.5043E-02  2.3050E+00  1.0000E+00
 7.8713E+02  1.1990E-02  9.1095E-01  1.5044E-02  2.2876E+00  1.0000E+00
 7.9316E+02  1.2011E-02  9.0555E-01  1.5044E-02  2.2702E+00  1.0000E+00
 7.9923E+02  1.2031E-02  9.0018E-01  1.5044E-02  2.2530E+00  1.0000E+00
 8.0535E+02  1.2051E-02  8.9486E-01  1.5045E-02  2.2360E+00  1.0000E+00
 8.1152E+02  1.2072E-02  8.8957E-01  1.5045E-02  2.2190E+00  1.0000E+00
 8.1774E+02  1.2093E-02  8.8433E-01  1.5046E-02  2.2022E+00  1.0000E+00
 8.2400E+02  1.2114E-02  8.7912E-01  1.5046E-02  2.1855E+00  1.0000E+00
 8.3031E+02  1.2135E-02  8.7396E-01  1.5046E-02  2.1690E+00  1.0000E+00
 8.3667E+02  1.2156E-02  8.6883E-01  1.5047E-02  2.1525E+00  1.0000E+00
 8.4307E+02  1.2178E-02  8.6374E-01  1.5047E-02  2.1362E+00  1.0000E+00
 8.4953E+02  1.2199E-02  8.5868E-01  1.5047E-02  2.1200E+00  1.0000E+00
 8.5604E+02  1.2221E-02  8.5366E-01  1.5048E-02  2.1040E+00  1.0000E+00
 8.6259E+02  1.2243E-02  8.4868E-01  1.5048E-02  2.0880E+00  1.0000E+00
 8.6920E+02  1.2265E-02  8.4373E-01  1.5049E-02  2.0722E+00  1.0000E+00
 8.7586E+02  1.2287E-02  8.3882E-01  1.5049E-02  2.0565E+00  1.0000E+00
 8.8256E+02  1.2309E-02  8.3394E-01  1.5049E-02  2.0410E+00  1.0000E+00
 8.8932E+02  1.2331E-02  8.2909E-01  1.5050E-02  2.0255E+00  1.0000E+00
 8.9613E+02  1.2353E-02  8.2428E-01  1.5050E-02  2.0102E+00  1.0000E+00
 9.0300E+02  1.2376E-02  8.1950E-01  1.5051E-02  1.9949E+00  1.0000E+00
 9.0991E+02  1.2398E-02  8.1475E-01  1.5051E-02  1.9798E+00  1.0000E+00
 9.1688E+02  1.2421E-02  8.1003E-01  1.5051E-02  1.9648E+00  1.0000E+00
 9.2390E+02  1.2444E-02  8.0535E-01  1.5052E-02  1.9500E+00  1.0000E+00
 9.3098E+02  1.2467E-02  8.0069E-01  1.5052E-02  1.9352E+00  1.0000E+00
 9.3811E+02  1.2490E-02  7.9606E-01  1.5053E-02  1.9205E+00  1.0000E+00
 9.4529E+02  1.2513E-02  7.9146E-01  1.5053E-02  1.9060E+00  1.0000E+00
 9.5253E+02  1.2536E-02  7.8690E-01  1.5053E-02  1.8916E+00  1.0000E+00
 9.5983E+02  1.2559E-02  7.8236E-01  1.5054E-02  1.8772E+00  1.0000E+00
 9.6718E+02  1.2582E-02  7.7784E-01  1.5054E-02  1.8630E+00  1.0000E+00
 9.7458E+02  1.2606E-02  7.7336E-01  1.5055E-02  1.8489E+00  1.0000E+00
 9.8205E+02  1.2629E-02  7.6890E-01  1.5055E-02  1.8349E+00  1.0000E+00
 9.8957E+02  1.2653E-02  7.6447E-01  1.5056E-02  1.8210E+00  1.0000E+00
 9.9715E+02  1.2676E-02  7.6007E-01  1.5056E-02  1.8072E+00  1.0000E+00
 1.0048E+03  1.2700E-02  7.5569E-01  1.5057E-02  1.7936E+00  1.0000E+00
 1.0125E+03  1.2723E-02  7.5133E-01  1.5057E-02  1.7800E+00  1.0000E+00
 1.0202E+03  1.2747E-02  7.4701E-01  1.5057E-02  1.7665E+00  1.0000E+00
 1.0280E+03  1.2771E-02  7.4270E-01  1.5058E-02  1.7531E+00  1.0000E+00
 1.0359E+03  1.2795E-02  7.3842E-01  1.5058E-02  1.7399E+00  1.0000E+00
 1.0439E+03  1.2818E-02  7.3417E-01  1.5059E-02  1.7267E+00  1.0000E+00
 1.0518E+03  1.2842E-02  7.2994E-01  1.5059E-02  1.7136E+00  1.0000E+00
 1.0599E+03  1.2866E-02  7.2573E-01  1.5060E-02  1.7007E+00  1.0000E+00
 1.0680E+03  1.2890E-02  7.2154E-01  1.5060E-02  1.6878E+00  1.0000E+00
 1.0762E+03  1.2914E-02  7.1738E-01  1.5061E-02  1.6750E+00  1.0000E+00
 1.0844E+03  1.2938E-02  7.1324E-01  1.5061E-02  1.6623E+00  1.0000E+00
 1.0927E+03  1.2962E-02  7.0912E-01  1.5062E-02  1.6498E+00  1.0000E+00
 1.1011E+03  1.2985E-02  7.0502E-01  1.5062E-02  1.6373E+00  1.0000E+00
 1.1095E+03  1.3009E-02  7.0094E-01  1.5063E-02  1.6249E+00  1.0000E+00
 1.1180E+03  1.3031E-02  6.9678E-01  1.5063E-02  1.6126E+00  1.0000E+00
 1.1266E+03  1.3047E-02  6.9234E-01  1.5064E-02  1.6004E+00  1.0000E+00
 1.1352E+03  1.3064E-02  6.8792E-01  1.5064E-02  1.5883E+00  1.0000E+00
 1.1439E+03  1.3079E-02  6.8351E-01  1.5065E-02  1.5763E+00  1.0000E+00
 1.1527E+03  1.3095E-02  6.7913E-01  1.5065E-02  1.5643E+00  1.0000E+00
 1.1615E+03  1.3111E-02  6.7477E-01  1.5066E-02  1.5525E+00  1.0000E+00
 1.1704E+03  1.3126E-02  6.7043E-01  1.5066E-02  1.5407E+00  1.0000E+00
 1.1794E+03  1.3142E-02  6.6612E-01  1.5067E-02  1.5291E+00  1.0000E+00
 1.1884E+03  1.3157E-02  6.6182E-01  1.5067E-02  1.5175E+00  1.0000E+00
 1.1975E+03  1.3173E-02  6.5754E-01  1.5068E-02  1.5060E+00  1.0000E+00
 1.2067E+03  1.3188E-02  6.5329E-01  1.5068E-02  1.4947E+00  1.0000E+00
 1.2159E+03  1.3203E-02  6.4906E-01  1.5069E-02  1.4833E+00  1.0000E+00
 1.2252E+03  1.3218E-02  6.4485E-01  1.5069E-02  1.4721E+00  1.0000E+00
 1.2346E+03  1.3232E-02  6.4065E-01  1.5070E-02  1.4610E+00  1.0000E+00
 1.2441E+03  1.3247E-02  6.3649E-01  1.5071E-02  1.4499E+00  1.0000E+00
 1.2536E+03  1.3262E-02  6.3234E-01  1.5071E-02  1.4390E+00  1.0000E+00
 1.2632E+03  1.3276E-02  6.2821E-01  1.5072E-02  1.4281E+00  1.0000E+00
 1.2729E+03  1.3290E-02  6.2410E-01  1.5072E-02  1.4173E+00  1.0000E+00
 1.2826E+03  1.3305E-02  6.2002E-01  1.5073E-02  1.4066E+00  1.0000E+00
 1.2924E+03  1.3319E-02  6.1596E-01  1.5073E-02  1.3959E+00  1.0000E+00
 1.3023E+03  1.3333E-02  6.1191E-01  1.5074E-02  1.3854E+00  1.0000E+00
 1.3123E+03  1.3347E-02  6.0789E-01  1.5075E-02  1.3749E+00  1.0000E+00
 1.3224E+03  1.3361E-02  6.0389E-01  1.5075E-02  1.3645E+00  1.0000E+00
 1.3325E+03  1.3375E-02  5.9992E-01  1.5076E-02  1.3542E+00  1.0000E+00
 1.3427E+03  1.3388E-02  5.9596E-01  1.5076E-02  1.3440E+00  1.0000E+00
 1.3530E+03  1.3402E-02  5.9202E-01  1.5077E-02  1.3338E+00  1.0000E+00
 1.3633E+03  1.3415E-02  5.8811E-01  1.5078E-02  1.3237E+00  1.0000E+00
 1.3738E+03  1.3429E-02  5.8421E-01  1.5078E-02  1.3137E+00  1.0000E+00
 1.3843E+03  1.3442E-02  5.8034E-01  1.5079E-02  1.3038E+00  1.0000E+00
 1.3949E+03  1.3455E-02  5.7649E-01  1.5079E-02  1.2939E+00  1.0000E+00
 1.4056E+03  1.3468E-02  5.7266E-01  1.5080E-02  1.2841E+00  1.0000E+00
 1.4164E+03  1.3481E-02  5.6885E-01  1.5081E-02  1.2744E+00  1.0000E+00
 1.4272E+03  1.3494E-02  5.6506E-01  1.5081E-02  1.2648E+00  1.0000E+00
 1.4381E+03  1.3507E-02  5.6129E-01  1.5082E-02  1.2552E+00  1.0000E+00
 1.4491E+03  1.3520E-02  5.5754E-01  1.5083E-02  1.2458E+00  1.0000E+00
 1.4602E+03  1.3532E-02  5.5382E-01  1.5083E-02  1.2363E+00  1.0000E+00
 1.4714E+03  1.3545E-02  5.5011E-01  1.5084E-02  1.2270E+00  1.0000E+00
 1.4827E+03  1.3557E-02  5.4643E-01  1.5085E-02  1.2177E+00  1.0000E+00
 1.4940E+03  1.3570E-02  5.4276E-01  1.5085E-02  1.2085E+00  1.0000E+00
 1.5055E+03  1.3582E-02  5.3912E-01  1.5086E-02  1.1994E+00  1.0000E+00
 1.5170E+03  1.3594E-02  5.3550E-01  1.5087E-02  1.1903E+00  1.0000E+00
 1.5286E+03  1.3606E-02  5.3189E-01  1.5087E-02  1.1813E+00  1.0000E+00
 1.5403E+03  1.3618E-02  5.2831E-01  1.5088E-02  1.1724E+00  1.0000E+00
 1.5521E+03  1.3630E-02  5.2475E-01  1.5089E-02  1.1636E+00  1.0000E+00
 1.5640E+03  1.3642E-02  5.2121E-01  1.5089E-02  1.1548E+00  1.0000E+00
 1.5760E+03  1.3654E-02  5.1769E-01  1.5090E-02  1.1460E+00  1.0000E+00
 1.5881E+03  1.3665E-02  5.1419E-01  1.5091E-02  1.1374E+00  1.0000E+00
 1.6002E+03  1.3677E-02  5.1071E-01  1.5092E-02  1.1288E+00  1.0000E+00
 1.6125E+03  1.3689E-02  5.0725E-01  1.5092E-02  1.1203E+00  1.0000E+00
 1.6248E+03  1.3700E-02  5.0381E-01  1.5093E-02  1.1118E+00  1.0000E+00
 1.6373E+03  1.3711E-02  5.0039E-01  1.5094E-02  1.1034E+00  1.0000E+00
 1.6498E+03  1.3723E-02  4.9699E-01  1.5094E-02  1.0951E+00  1.0000E+00
 1.6625E+03  1.3734E-02  4.9361E-01  1.5095E-02  1.0868E+00  1.0000E+00
 1.6752E+03  1.3745E-02  4.9025E-01  1.5096E-02  1.0786E+00  1.0000E+00
 1.6880E+03  1.3756E-02  4.8691E-01  1.5097E-02  1.0705E+00  1.0000E+00
 1.7009E+03  1.3767E-02  4.8359E-01  1.5097E-02  1.0624E+00  1.0000E+00
 1.7140E+03  1.3778E-02  4.8029E-01  1.5098E-02  1.0544E+00  1.0000E+00
 1.7271E+03  1.3789E-02  4.7701E-01  1.5099E-02  1.0464E+00  1.0000E+00
 1.7403E+03  1.3800E-02  4.7375E-01  1.5100E-02  1.0385E+00  1.0000E+00
 1.7537E+03  1.3811E-02  4.7051E-01  1.5101E-02  1.0307E+00  1.0000E+00
 1.7671E+03  1.3821E-02  4.6728E-01  1.5101E-02  1.0229E+00  1.0000E+00
 1.7806E+03  1.3832E-02  4.6408E-01  1.5102E-02  1.0152E+00  1.0000E+00
 1.7943E+03  1.3842E-02  4.6090E-01  1.5103E-02  1.0075E+00  1.0000E+00
 1.8080E+03  1.3853E-02  4.5773E-01  1.5104E-02  9.9990E-01  1.0000E+00
 1.8218E+03  1.3863E-02  4.5459E-01  1.5105E-02  9.9235E-01  1.0000E+00
 1.8358E+03  1.3873E-02  4.5146E-01  1.5105E-02  9.8486E-01  1.0000E+00
 1.8499E+03  1.3884E-02  4.4835E-01  1.5106E-02  9.7743E-01  1.0000E+00
 1.8640E+03  1.3894E-02  4.4527E-01  1.5107E-02  9.7006E-01  1.0000E+00
 1.8783E+03  1.3904E-02  4.4220E-01  1.5108E-02  9.6274E-01  1.0000E+00
 1.8927E+03  1.3914E-02  4.3915E-01  1.5109E-02  9.5548E-01  1.0000E+00
 1.9072E+03  1.3924E-02  4.3611E-01  1.5110E-02  9.4827E-01  1.0000E+00
 1.9218E+03  1.3934E-02  4.3310E-01  1.5110E-02  9.4111E-01  1.0000E+00
 1.9365E+03  1.3944E-02  4.3011E-01  1.5111E-02  9.3402E-01  1.0000E+00
 1.9513E+03  1.3953E-02  4.2713E-01  1.5112E-02  9.2697E-01  1.0000E+00
 1.9663E+03  1.3963E-02  4.2417E-01  1.5113E-02  9.1998E-01  1.0000E+00
 1.9813E+03  1.3973E-02  4.2124E-01  1.5114E-02  9.1304E-01  1.0000E+00
 1.9965E+03  1.3982E-02  4.1831E-01  1.5115E-02  9.0616E-01  1.0000E+00
 2.0118E+03  1.3992E-02  4.1541E-01  1.5116E-02  8.9932E-01  1.0000E+00
 2.0272E+03  1.4001E-02  4.1253E-01  1.5117E-02  8.9254E-01  1.0000E+00
 2.0427E+03  1.4011E-02  4.0966E-01  1.5118E-02  8.8581E-01  1.0000E+00
 2.0584E+03  1.4020E-02  4.0681E-01  1.5119E-02  8.7913E-01  1.0000E+00
 2.0741E+03  1.4029E-02  4.0398E-01  1.5119E-02  8.7250E-01  1.0000E+00
 2.0900E+03  1.4039E-02  4.0117E-01  1.5120E-02  8.6593E-01  1.0000E+00
 2.1060E+03  1.4048E-02  3.9837E-01  1.5121E-02  8.5940E-01  1.0000E+00
 2.1222E+03  1.4057E-02  3.9560E-01  1.5122E-02  8.5292E-01  1.0000E+00
 2.1384E+03  1.4066E-02  3.9284E-01  1.5123E-02  8.4649E-01  1.0000E+00
 2.1548E+03  1.4075E-02  3.9010E-01  1.5124E-02  8.4011E-01  1.0000E+00
 2.1713E+03  1.4084E-02  3.8737E-01  1.5125E-02  8.3378E-01  1.0000E+00
 2.1879E+03  1.4093E-02  3.8466E-01  1.5126E-02  8.2750E-01  1.0000E+00
 2.2047E+03  1.4102E-02  3.8197E-01  1.5127E-02  8.2126E-01  1.0000E+00
 2.2216E+03  1.4110E-02  3.7930E-01  1.5128E-02  8.1508E-01  1.0000E+00
 2.2386E+03  1.4119E-02  3.7664E-01  1.5129E-02  8.0893E-01  1.0000E+00
 2.2557E+03  1.4128E-02  3.7401E-01  1.5130E-02  8.0284E-01  1.0000E+00
 2.2730E+03  1.4136E-02  3.7138E-01  1.5131E-02  7.9679E-01  1.0000E+00
 2.2904E+03  1.4145E-02  3.6878E-01  1.5132E-02  7.9079E-01  1.0000E+00
 2.3079E+03  1.4154E-02  3.6619E-01  1.5133E-02  7.8483E-01  1.0000E+00
 2.3256E+03  1.4162E-02  3.6362E-01  1.5134E-02  7.7892E-01  1.0000E+00
 2.3434E+03  1.4171E-02  3.6106E-01  1.5135E-02  7.7306E-01  1.0000E+00
 2.3614E+03  1.4179E-02  3.5853E-01  1.5136E-02  7.6723E-01  1.0000E+00
 2.3794E+03  1.4187E-02  3.5600E-01  1.5137E-02  7.6146E-01  1.0000E+00
 2.3977E+03  1.4196E-02  3.5350E-01  1.5139E-02  7.5572E-01  1.0000E+00
 2.4160E+03  1.4204E-02  3.5101E-01  1.5140E-02  7.5003E-01  1.0000E+00
 2.4345E+03  1.4212E-02  3.4854E-01  1.5141E-02  7.4439E-01  1.0000E+00
 2.4532E+03  1.4220E-02  3.4608E-01  1.5142E-02  7.3878E-01  1.0000E+00
 2.4720E+03  1.4228E-02  3.4364E-01  1.5143E-02  7.3322E-01  1.0000E+00
 2.4909E+03  1.4236E-02  3.4121E-01  1.5144E-02  7.2770E-01  1.0000E+00
 2.5100E+03  1.4244E-02  3.3880E-01  1.5145E-02  7.2223E-01  1.0000E+00
 2.5292E+03  1.4252E-02  3.3641E-01  1.5146E-02  7.1679E-01  1.0000E+00
 2.5486E+03  1.4260E-02  3.3403E-01  1.5147E-02  7.1140E-01  1.0000E+00
 2.5681E+03  1.4268E-02  3.3167E-01  1.5149E-02  7.0604E-01  1.0000E+00
 2.5878E+03  1.4276E-02  3.2933E-01  1.5150E-02  7.0073E-01  1.0000E+00
 2.6076E+03  1.4284E-02  3.2700E-01  1.5151E-02  6.9546E-01  1.0000E+00
 2.6275E+03  1.4291E-02  3.2468E-01  1.5152E-02  6.9023E-01  1.0000E+00
 2.6477E+03  1.4299E-02  3.2238E-01  1.5153E-02  6.8504E-01  1.0000E+00
 2.6679E+03  1.4307E-02  3.2009E-01  1.5154E-02  6.7988E-01  1.0000E+00
 2.6884E+03  1.4314E-02  3.1783E-01  1.5156E-02  6.7477E-01  1.0000E+00
 2.7090E+03  1.4322E-02  3.1557E-01  1.5157E-02  6.6969E-01  1.0000E+00
 2.7297E+03  1.4330E-02  3.1333E-01  1.5158E-02  6.6466E-01  1.0000E+00
 2.7506E+03  1.4337E-02  3.1111E-01  1.5159E-02  6.5966E-01  1.0000E+00
 2.7717E+03  1.4345E-02  3.0890E-01  1.5161E-02  6.5470E-01  1.0000E+00
 2.7929E+03  1.4352E-02  3.0670E-01  1.5162E-02  6.4978E-01  1.0000E+00
 2.8143E+03  1.4359E-02  3.0452E-01  1.5163E-02  6.4489E-01  1.0000E+00
 2.8358E+03  1.4367E-02  3.0235E-01  1.5164E-02  6.4005E-01  1.0000E+00
 2.8576E+03  1.4374E-02  3.0020E-01  1.5166E-02  6.3524E-01  1.0000E+00
 2.8794E+03  1.4381E-02  2.9807E-01  1.5167E-02  6.3046E-01  1.0000E+00
 2.9015E+03  1.4389E-02  2.9594E-01  1.5168E-02  6.2572E-01  1.0000E+00
 2.9237E+03  1.4396E-02  2.9384E-01  1.5170E-02  6.2102E-01  1.0000E+00
 2.9461E+03  1.4403E-02  2.9174E-01  1.5171E-02  6.1636E-01  1.0000E+00
 2.9687E+03  1.4410E-02  2.8966E-01  1.5172E-02  6.1173E-01  1.0000E+00
 2.9914E+03  1.4417E-02  2.8759E-01  1.5174E-02  6.0713E-01  1.0000E+00
 3.0143E+03  1.4424E-02  2.8554E-01  1.5175E-02  6.0257E-01  1.0000E+00
 3.0374E+03  1.4431E-02  2.8350E-01  1.5176E-02  5.9804E-01  1.0000E+00
 3.0607E+03  1.4438E-02  2.8148E-01  1.5178E-02  5.9355E-01  1.0000E+00
 3.0841E+03  1.4445E-02  2.7947E-01  1.5179E-02  5.8909E-01  1.0000E+00
 3.1077E+03  1.4452E-02  2.7747E-01  1.5180E-02  5.8467E-01  1.0000E+00
 3.1315E+03  1.4459E-02  2.7549E-01  1.5182E-02  5.8028E-01  1.0000E+00
 3.1555E+03  1.4466E-02  2.7352E-01  1.5183E-02  5.7592E-01  1.0000E+00
 3.1797E+03  1.4473E-02  2.7156E-01  1.5185E-02  5.7160E-01  1.0000E+00
 3.2040E+03  1.4480E-02  2.6962E-01  1.5186E-02  5.6731E-01  1.0000E+00
 3.2286E+03  1.4487E-02  2.6769E-01  1.5188E-02  5.6305E-01  1.0000E+00
 3.2533E+03  1.4493E-02  2.6577E-01  1.5189E-02  5.5883E-01  1.0000E+00
 3.2782E+03  1.4500E-02  2.6387E-01  1.5191E-02  5.5463E-01  1.0000E+00
 3.3033E+03  1.4507E-02  2.6198E-01  1.5192E-02  5.5047E-01  1.0000E+00
 3.3286E+03  1.4513E-02  2.6010E-01  1.5193E-02  5.4634E-01  1.0000E+00
 3.3541E+03  1.4520E-02  2.5823E-01  1.5195E-02  5.4224E-01  1.0000E+00
 3.3798E+03  1.4527E-02  2.5638E-01  1.5197E-02  5.3818E-01  1.0000E+00
 3.4057E+03  1.4533E-02  2.5454E-01  1.5198E-02  5.3414E-01  1.0000E+00
 3.4317E+03  1.4540E-02  2.5271E-01  1.5200E-02  5.3013E-01  1.0000E+00
 3.4580E+03  1.4546E-02  2.5090E-01  1.5201E-02  5.2616E-01  1.0000E+00
 3.4845E+03  1.4553E-02  2.4910E-01  1.5203E-02  5.2221E-01  1.0000E+00
 3.5112E+03  1.4559E-02  2.4731E-01  1.5204E-02  5.1830E-01  1.0000E+00
 3.5381E+03  1.4566E-02  2.4553E-01  1.5206E-02  5.1441E-01  1.0000E+00
 3.5652E+03  1.4572E-02  2.4377E-01  1.5207E-02  5.1056E-01  1.0000E+00
 3.5925E+03  1.4579E-02  2.4201E-01  1.5209E-02  5.0673E-01  1.0000E+00
 3.6200E+03  1.4585E-02  2.4027E-01  1.5211E-02  5.0293E-01  1.0000E+00
 3.6477E+03  1.4591E-02  2.3854E-01  1.5212E-02  4.9917E-01  1.0000E+00
 3.6757E+03  1.4598E-02  2.3683E-01  1.5214E-02  4.9543E-01  1.0000E+00
 3.7038E+03  1.4604E-02  2.3512E-01  1.5216E-02  4.9171E-01  1.0000E+00
 3.7322E+03  1.4610E-02  2.3343E-01  1.5217E-02  4.8803E-01  1.0000E+00
 3.7608E+03  1.4616E-02  2.3175E-01  1.5219E-02  4.8438E-01  1.0000E+00
 3.7896E+03  1.4623E-02  2.3008E-01  1.5221E-02  4.8075E-01  1.0000E+00
 3.8186E+03  1.4629E-02  2.2842E-01  1.5222E-02  4.7715E-01  1.0000E+00
 3.8478E+03  1.4635E-02  2.2677E-01  1.5224E-02  4.7358E-01  1.0000E+00
 3.8773E+03  1.4641E-02  2.2514E-01  1.5226E-02  4.7003E-01  1.0000E+00
 3.9070E+03  1.4647E-02  2.2351E-01  1.5228E-02  4.6651E-01  1.0000E+00
 3.9369E+03  1.4654E-02  2.2190E-01  1.5229E-02  4.6302E-01  1.0000E+00
 3.9671E+03  1.4660E-02  2.2030E-01  1.5231E-02  4.5955E-01  1.0000E+00
 3.9974E+03  1.4666E-02  2.1871E-01  1.5233E-02  4.5612E-01  1.0000E+00
 4.0281E+03  1.4672E-02  2.1713E-01  1.5235E-02  4.5270E-01  1.0000E+00
 4.0589E+03  1.4678E-02  2.1557E-01  1.5237E-02  4.4932E-01  1.0000E+00
 4.0900E+03  1.4684E-02  2.1401E-01  1.5239E-02  4.4595E-01  1.0000E+00
 4.1213E+03  1.4690E-02  2.1246E-01  1.5240E-02  4.4262E-01  1.0000E+00
 4.1529E+03  1.4696E-02  2.1093E-01  1.5242E-02  4.3931E-01  1.0000E+00
 4.1847E+03  1.4702E-02  2.0940E-01  1.5244E-02  4.3602E-01  1.0000E+00
 4.2167E+03  1.4708E-02  2.0789E-01  1.5246E-02  4.3276E-01  1.0000E+00
 4.2490E+03  1.4714E-02  2.0639E-01  1.5248E-02  4.2953E-01  1.0000E+00
 4.2816E+03  1.4720E-02  2.0489E-01  1.5250E-02  4.2632E-01  1.0000E+00
 4.3143E+03  1.4726E-02  2.0341E-01  1.5252E-02  4.2313E-01  1.0000E+00
 4.3474E+03  1.4732E-02  2.0194E-01  1.5254E-02  4.1997E-01  1.0000E+00
 4.3807E+03  1.4738E-02  2.0048E-01  1.5256E-02  4.1683E-01  1.0000E+00
 4.4142E+03  1.4743E-02  1.9903E-01  1.5258E-02  4.1372E-01  1.0000E+00
 4.4480E+03  1.4749E-02  1.9759E-01  1.5260E-02  4.1063E-01  1.0000E+00
 4.4821E+03  1.4755E-02  1.9616E-01  1.5262E-02  4.0756E-01  1.0000E+00
 4.5164E+03  1.4761E-02  1.9474E-01  1.5264E-02  4.0452E-01  1.0000E+00
 4.5510E+03  1.4767E-02  1.9333E-01  1.5266E-02  4.0150E-01  1.0000E+00
 4.5859E+03  1.4773E-02  1.9193E-01  1.5268E-02  3.9850E-01  1.0000E+00
 4.6210E+03  1.4778E-02  1.9054E-01  1.5270E-02  3.9552E-01  1.0000E+00
 4.6564E+03  1.4784E-02  1.8916E-01  1.5272E-02  3.9257E-01  1.0000E+00
 4.6920E+03  1.4790E-02  1.8778E-01  1.5274E-02  3.8964E-01  1.0000E+00
 4.7280E+03  1.4796E-02  1.8642E-01  1.5276E-02  3.8674E-01  1.0000E+00
 4.7642E+03  1.4801E-02  1.8507E-01  1.5278E-02  3.8385E-01  1.0000E+00
 4.8007E+03  1.4807E-02  1.8373E-01  1.5281E-02  3.8099E-01  1.0000E+00
 4.8374E+03  1.4813E-02  1.8240E-01  1.5283E-02  3.7814E-01  1.0000E+00
 4.8745E+03  1.4819E-02  1.8107E-01  1.5285E-02  3.7532E-01  1.0000E+00
 4.9118E+03  1.4824E-02  1.7976E-01  1.5287E-02  3.7253E-01  1.0000E+00
 4.9494E+03  1.4830E-02  1.7846E-01  1.5289E-02  3.6975E-01  1.0000E+00
 4.9873E+03  1.4836E-02  1.7716E-01  1.5292E-02  3.6699E-01  1.0000E+00
 5.0255E+03  1.4841E-02  1.7588E-01  1.5294E-02  3.6426E-01  1.0000E+00
 5.0640E+03  1.4847E-02  1.7460E-01  1.5296E-02  3.6154E-01  1.0000E+00
 5.1028E+03  1.4853E-02  1.7333E-01  1.5298E-02  3.5885E-01  1.0000E+00
 5.1419E+03  1.4858E-02  1.7207E-01  1.5301E-02  3.5618E-01  1.0000E+00
 5.1812E+03  1.4864E-02  1.7082E-01  1.5303E-02  3.5352E-01  1.0000E+00
 5.2209E+03  1.4870E-02  1.6958E-01  1.5305E-02  3.5089E-01  1.0000E+00
 5.2609E+03  1.4875E-02  1.6835E-01  1.5308E-02  3.4828E-01  1.0000E+00
 5.3012E+03  1.4881E-02  1.6713E-01  1.5310E-02  3.4568E-01  1.0000E+00
 5.3418E+03  1.4887E-02  1.6591E-01  1.5313E-02  3.4311E-01  1.0000E+00
 5.3827E+03  1.4892E-02  1.6471E-01  1.5315E-02  3.4056E-01  1.0000E+00
 5.4239E+03  1.4898E-02  1.6351E-01  1.5318E-02  3.3802E-01  1.0000E+00
 5.4655E+03  1.4903E-02  1.6232E-01  1.5320E-02  3.3551E-01  1.0000E+00
 5.5073E+03  1.4909E-02  1.6114E-01  1.5322E-02  3.3301E-01  1.0000E+00
 5.5495E+03  1.4915E-02  1.5997E-01  1.5325E-02  3.3053E-01  1.0000E+00
 5.5920E+03  1.4920E-02  1.5881E-01  1.5328E-02  3.2808E-01  1.0000E+00
 5.6348E+03  1.4926E-02  1.5766E-01  1.5330E-02  3.2564E-01  1.0000E+00
 5.6780E+03  1.4931E-02  1.5651E-01  1.5333E-02  3.2322E-01  1.0000E+00
 5.7215E+03  1.4937E-02  1.5537E-01  1.5335E-02  3.2081E-01  1.0000E+00
 5.7653E+03  1.4942E-02  1.5424E-01  1.5338E-02  3.1843E-01  1.0000E+00
 5.8094E+03  1.4948E-02  1.5312E-01  1.5340E-02  3.1606E-01  1.0000E+00
 5.8539E+03  1.4954E-02  1.5201E-01  1.5343E-02  3.1372E-01  1.0000E+00
 5.8988E+03  1.4959E-02  1.5090E-01  1.5346E-02  3.1138E-01  1.0000E+00
 5.9439E+03  1.4965E-02  1.4980E-01  1.5348E-02  3.0907E-01  1.0000E+00
 5.9895E+03  1.4970E-02  1.4871E-01  1.5351E-02  3.0678E-01  1.0000E+00
 6.0353E+03  1.4976E-02  1.4763E-01  1.5354E-02  3.0450E-01  1.0000E+00
 6.0815E+03  1.4981E-02  1.4656E-01  1.5357E-02  3.0224E-01  1.0000E+00
 6.1281E+03  1.4987E-02  1.4549E-01  1.5359E-02  3.0000E-01  1.0000E+00
 6.1751E+03  1.4992E-02  1.4443E-01  1.5362E-02  2.9777E-01  1.0000E+00
 6.2223E+03  1.4998E-02  1.4338E-01  1.5365E-02  2.9556E-01  1.0000E+00
 6.2700E+03  1.5004E-02  1.4234E-01  1.5368E-02  2.9337E-01  1.0000E+00
 6.3180E+03  1.5009E-02  1.4130E-01  1.5371E-02  2.9119E-01  1.0000E+00
 6.3664E+03  1.5015E-02  1.4027E-01  1.5373E-02  2.8903E-01  1.0000E+00
 6.4152E+03  1.5020E-02  1.3925E-01  1.5376E-02  2.8689E-01  1.0000E+00
 6.4643E+03  1.5026E-02  1.3824E-01  1.5379E-02  2.8477E-01  1.0000E+00
 6.5138E+03  1.5031E-02  1.3723E-01  1.5382E-02  2.8266E-01  1.0000E+00
 6.5637E+03  1.5037E-02  1.3623E-01  1.5385E-02  2.8056E-01  1.0000E+00
 6.6139E+03  1.5043E-02  1.3524E-01  1.5388E-02  2.7848E-01  1.0000E+00
 6.6646E+03  1.5048E-02  1.3425E-01  1.5391E-02  2.7642E-01  1.0000E+00
 6.7156E+03  1.5054E-02  1.3328E-01  1.5394E-02  2.7437E-01  1.0000E+00
 6.7671E+03  1.5059E-02  1.3231E-01  1.5397E-02  2.7234E-01  1.0000E+00
 6.8189E+03  1.5065E-02  1.3134E-01  1.5400E-02  2.7033E-01  1.0000E+00
 6.8711E+03  1.5071E-02  1.3039E-01  1.5404E-02  2.6833E-01  1.0000E+00
 6.9237E+03  1.5076E-02  1.2944E-01  1.5407E-02  2.6634E-01  1.0000E+00
 6.9768E+03  1.5082E-02  1.2849E-01  1.5410E-02  2.6437E-01  1.0000E+00
 7.0302E+03  1.5087E-02  1.2756E-01  1.5413E-02  2.6242E-01  1.0000E+00
 7.0840E+03  1.5093E-02  1.2663E-01  1.5416E-02  2.6048E-01  1.0000E+00
 7.1383E+03  1.5099E-02  1.2571E-01  1.5419E-02  2.5855E-01  1.0000E+00
 7.1929E+03  1.5104E-02  1.2479E-01  1.5423E-02  2.5664E-01  1.0000E+00
 7.2480E+03  1.5110E-02  1.2388E-01  1.5426E-02  2.5474E-01  1.0000E+00
 7.3035E+03  1.5116E-02  1.2298E-01  1.5429E-02  2.5286E-01  1.0000E+00
 7.3595E+03  1.5121E-02  1.2209E-01  1.5433E-02  2.5099E-01  1.0000E+00
 7.4158E+03  1.5127E-02  1.2120E-01  1.5436E-02  2.4914E-01  1.0000E+00
 7.4726E+03  1.5132E-02  1.2031E-01  1.5439E-02  2.4730E-01  1.0000E+00
 7.5299E+03  1.5138E-02  1.1944E-01  1.5443E-02  2.4548E-01  1.0000E+00
 7.5875E+03  1.5144E-02  1.1857E-01  1.5446E-02  2.4366E-01  1.0000E+00
 7.6456E+03  1.5150E-02  1.1770E-01  1.5450E-02  2.4187E-01  1.0000E+00
 7.7042E+03  1.5155E-02  1.1685E-01  1.5453E-02  2.4008E-01  1.0000E+00
 7.7632E+03  1.5161E-02  1.1600E-01  1.5457E-02  2.3831E-01  1.0000E+00
 7.8226E+03  1.5167E-02  1.1515E-01  1.5460E-02  2.3656E-01  1.0000E+00
 7.8825E+03  1.5172E-02  1.1431E-01  1.5464E-02  2.3481E-01  1.0000E+00
 7.9429E+03  1.5178E-02  1.1348E-01  1.5467E-02  2.3308E-01  1.0000E+00
 8.0037E+03  1.5184E-02  1.1265E-01  1.5471E-02  2.3136E-01  1.0000E+00
 8.0650E+03  1.5190E-02  1.1183E-01  1.5475E-02  2.2966E-01  1.0000E+00
 8.1268E+03  1.5196E-02  1.1102E-01  1.5478E-02  2.2797E-01  1.0000E+00
 8.1890E+03  1.5201E-02  1.1021E-01  1.5482E-02  2.2629E-01  1.0000E+00
 8.2518E+03  1.5207E-02  1.0941E-01  1.5486E-02  2.2462E-01  1.0000E+00
 8.3150E+03  1.5213E-02  1.0861E-01  1.5490E-02  2.2297E-01  1.0000E+00
 8.3786E+03  1.5219E-02  1.0782E-01  1.5493E-02  2.2133E-01  1.0000E+00
 8.4428E+03  1.5225E-02  1.0704E-01  1.5497E-02  2.1970E-01  1.0000E+00
 8.5075E+03  1.5231E-02  1.0626E-01  1.5501E-02  2.1809E-01  1.0000E+00
 8.5726E+03  1.5236E-02  1.0548E-01  1.5505E-02  2.1648E-01  1.0000E+00
 8.6383E+03  1.5242E-02  1.0472E-01  1.5509E-02  2.1489E-01  1.0000E+00
 8.7044E+03  1.5248E-02  1.0395E-01  1.5513E-02  2.1331E-01  1.0000E+00
 8.7711E+03  1.5254E-02  1.0320E-01  1.5517E-02  2.1175E-01  1.0000E+00
 8.8383E+03  1.5260E-02  1.0245E-01  1.5521E-02  2.1019E-01  1.0000E+00
 8.9059E+03  1.5266E-02  1.0170E-01  1.5525E-02  2.0865E-01  1.0000E+00
 8.9741E+03  1.5272E-02  1.0096E-01  1.5529E-02  2.0712E-01  1.0000E+00
 9.0429E+03  1.5278E-02  1.0023E-01  1.5533E-02  2.0560E-01  1.0000E+00
 9.1121E+03  1.5284E-02  9.9496E-02  1.5537E-02  2.0409E-01  1.0000E+00
 9.1819E+03  1.5290E-02  9.8772E-02  1.5541E-02  2.0259E-01  1.0000E+00
 9.2522E+03  1.5296E-02  9.8054E-02  1.5545E-02  2.0111E-01  1.0000E+00
 9.3231E+03  1.5302E-02  9.7340E-02  1.5550E-02  1.9963E-01  1.0000E+00
 9.3945E+03  1.5308E-02  9.6632E-02  1.5554E-02  1.9817E-01  1.0000E+00
 9.4664E+03  1.5314E-02  9.5929E-02  1.5558E-02  1.9672E-01  1.0000E+00
 9.5389E+03  1.5320E-02  9.5232E-02  1.5563E-02  1.9528E-01  1.0000E+00
 9.6120E+03  1.5327E-02  9.4539E-02  1.5567E-02  1.9385E-01  1.0000E+00
 9.6856E+03  1.5333E-02  9.3852E-02  1.5571E-02  1.9243E-01  1.0000E+00
 9.7598E+03  1.5339E-02  9.3169E-02  1.5576E-02  1.9102E-01  1.0000E+00
 9.8345E+03  1.5345E-02  9.2492E-02  1.5580E-02  1.8962E-01  1.0000E+00
 9.9098E+03  1.5351E-02  9.1819E-02  1.5585E-02  1.8824E-01  1.0000E+00
 9.9857E+03  1.5358E-02  9.1152E-02  1.5589E-02  1.8686E-01  1.0000E+00
 1.0062E+04  1.5364E-02  9.0489E-02  1.5594E-02  1.8550E-01  1.0000E+00
 1.0139E+04  1.5370E-02  8.9832E-02  1.5599E-02  1.8414E-01  1.0000E+00
 1.0217E+04  1.5377E-02  8.9179E-02  1.5603E-02  1.8280E-01  1.0000E+00
 1.0295E+04  1.5383E-02  8.8531E-02  1.5608E-02  1.8146E-01  1.0000E+00
 1.0374E+04  1.5389E-02  8.7888E-02  1.5613E-02  1.8014E-01  1.0000E+00
 1.0453E+04  1.5396E-02  8.7249E-02  1.5617E-02  1.7882E-01  1.0000E+00
 1.0533E+04  1.5402E-02  8.6616E-02  1.5622E-02  1.7752E-01  1.0000E+00
 1.0614E+04  1.5409E-02  8.5987E-02  1.5627E-02  1.7622E-01  1.0000E+00
 1.0695E+04  1.5415E-02  8.5362E-02  1.5632E-02  1.7494E-01  1.0000E+00
 1.0777E+04  1.5421E-02  8.4742E-02  1.5637E-02  1.7366E-01  1.0000E+00
 1.0860E+04  1.5428E-02  8.4127E-02  1.5642E-02  1.7240E-01  1.0000E+00
 1.0943E+04  1.5435E-02  8.3516E-02  1.5647E-02  1.7114E-01  1.0000E+00
 1.1027E+04  1.5441E-02  8.2910E-02  1.5652E-02  1.6990E-01  1.0000E+00
 1.1111E+04  1.5448E-02  8.2309E-02  1.5657E-02  1.6866E-01  1.0000E+00
 1.1196E+04  1.5454E-02  8.1711E-02  1.5662E-02  1.6743E-01  1.0000E+00
 1.1282E+04  1.5461E-02  8.1119E-02  1.5667E-02  1.6621E-01  1.0000E+00
 1.1369E+04  1.5468E-02  8.0530E-02  1.5672E-02  1.6500E-01  1.0000E+00
 1.1456E+04  1.5474E-02  7.9946E-02  1.5677E-02  1.6381E-01  1.0000E+00
 1.1543E+04  1.5481E-02  7.9366E-02  1.5683E-02  1.6261E-01  1.0000E+00
 1.1632E+04  1.5488E-02  7.8791E-02  1.5688E-02  1.6143E-01  1.0000E+00
 1.1721E+04  1.5495E-02  7.8220E-02  1.5693E-02  1.6026E-01  1.0000E+00
 1.1811E+04  1.5502E-02  7.7653E-02  1.5699E-02  1.5910E-01  1.0000E+00
 1.1901E+04  1.5508E-02  7.7090E-02  1.5704E-02  1.5794E-01  1.0000E+00
 1.1992E+04  1.5515E-02  7.6531E-02  1.5710E-02  1.5680E-01  1.0000E+00
 1.2084E+04  1.5522E-02  7.5977E-02  1.5715E-02  1.5566E-01  1.0000E+00
 1.2177E+04  1.5529E-02  7.5426E-02  1.5721E-02  1.5453E-01  1.0000E+00
 1.2270E+04  1.5536E-02  7.4880E-02  1.5726E-02  1.5341E-01  1.0000E+00
 1.2364E+04  1.5543E-02  7.4338E-02  1.5732E-02  1.5230E-01  1.0000E+00
 1.2458E+04  1.5550E-02  7.3800E-02  1.5738E-02  1.5120E-01  1.0000E+00
 1.2554E+04  1.5557E-02  7.3265E-02  1.5743E-02  1.5010E-01  1.0000E+00
 1.2650E+04  1.5565E-02  7.2735E-02  1.5749E-02  1.4902E-01  1.0000E+00
 1.2747E+04  1.5572E-02  7.2209E-02  1.5755E-02  1.4794E-01  1.0000E+00
 1.2845E+04  1.5579E-02  7.1686E-02  1.5761E-02  1.4687E-01  1.0000E+00
 1.2943E+04  1.5586E-02  7.1168E-02  1.5767E-02  1.4581E-01  1.0000E+00
 1.3042E+04  1.5593E-02  7.0653E-02  1.5773E-02  1.4476E-01  1.0000E+00
 1.3142E+04  1.5601E-02  7.0142E-02  1.5779E-02  1.4371E-01  1.0000E+00
 1.3243E+04  1.5608E-02  6.9635E-02  1.5785E-02  1.4267E-01  1.0000E+00
 1.3344E+04  1.5615E-02  6.9132E-02  1.5791E-02  1.4164E-01  1.0000E+00
 1.3446E+04  1.5623E-02  6.8632E-02  1.5797E-02  1.4062E-01  1.0000E+00
 1.3549E+04  1.5630E-02  6.8136E-02  1.5803E-02  1.3961E-01  1.0000E+00
 1.3653E+04  1.5638E-02  6.7644E-02  1.5810E-02  1.3860E-01  1.0000E+00
 1.3757E+04  1.5645E-02  6.7156E-02  1.5816E-02  1.3760E-01  1.0000E+00
 1.3863E+04  1.5653E-02  6.6671E-02  1.5822E-02  1.3661E-01  1.0000E+00
 1.3969E+04  1.5661E-02  6.6190E-02  1.5829E-02  1.3563E-01  1.0000E+00
 1.4076E+04  1.5668E-02  6.5712E-02  1.5835E-02  1.3465E-01  1.0000E+00
 1.4184E+04  1.5676E-02  6.5238E-02  1.5842E-02  1.3368E-01  1.0000E+00
 1.4292E+04  1.5684E-02  6.4767E-02  1.5848E-02  1.3272E-01  1.0000E+00
 1.4402E+04  1.5691E-02  6.4300E-02  1.5855E-02  1.3177E-01  1.0000E+00
 1.4512E+04  1.5699E-02  6.3836E-02  1.5861E-02  1.3082E-01  1.0000E+00
 1.4623E+04  1.5707E-02  6.3376E-02  1.5868E-02  1.2988E-01  1.0000E+00
 1.4735E+04  1.5715E-02  6.2919E-02  1.5875E-02  1.2895E-01  1.0000E+00
 1.4848E+04  1.5723E-02  6.2466E-02  1.5882E-02  1.2803E-01  1.0000E+00
 1.4962E+04  1.5731E-02  6.2016E-02  1.5889E-02  1.2711E-01  1.0000E+00
 1.5076E+04  1.5739E-02  6.1569E-02  1.5895E-02  1.2620E-01  1.0000E+00
 1.5192E+04  1.5747E-02  6.1126E-02  1.5902E-02  1.2529E-01  1.0000E+00
 1.5308E+04  1.5755E-02  6.0686E-02  1.5909E-02  1.2440E-01  1.0000E+00
 1.5425E+04  1.5764E-02  6.0249E-02  1.5917E-02  1.2350E-01  1.0000E+00
 1.5544E+04  1.5772E-02  5.9816E-02  1.5924E-02  1.2262E-01  1.0000E+00
 1.5663E+04  1.5780E-02  5.9386E-02  1.5931E-02  1.2174E-01  1.0000E+00
 1.5783E+04  1.5788E-02  5.8959E-02  1.5938E-02  1.2087E-01  1.0000E+00
 1.5903E+04  1.5797E-02  5.8535E-02  1.5946E-02  1.2001E-01  1.0000E+00
 1.6025E+04  1.5805E-02  5.8114E-02  1.5953E-02  1.1915E-01  1.0000E+00
 1.6148E+04  1.5814E-02  5.7697E-02  1.5960E-02  1.1830E-01  1.0000E+00
 1.6272E+04  1.5822E-02  5.7282E-02  1.5968E-02  1.1746E-01  1.0000E+00
 1.6396E+04  1.5831E-02  5.6871E-02  1.5975E-02  1.1662E-01  1.0000E+00
 1.6522E+04  1.5840E-02  5.6463E-02  1.5983E-02  1.1579E-01  1.0000E+00
 1.6648E+04  1.5848E-02  5.6058E-02  1.5991E-02  1.1497E-01  1.0000E+00
 1.6776E+04  1.5857E-02  5.5655E-02  1.5998E-02  1.1415E-01  1.0000E+00
 1.6904E+04  1.5866E-02  5.5256E-02  1.6006E-02  1.1333E-01  1.0000E+00
 1.7034E+04  1.5875E-02  5.4860E-02  1.6014E-02  1.1253E-01  1.0000E+00
 1.7164E+04  1.5884E-02  5.4467E-02  1.6022E-02  1.1173E-01  1.0000E+00
 1.7296E+04  1.5892E-02  5.4076E-02  1.6030E-02  1.1093E-01  1.0000E+00
 1.7428E+04  1.5901E-02  5.3689E-02  1.6038E-02  1.1015E-01  1.0000E+00
 1.7562E+04  1.5911E-02  5.3305E-02  1.6046E-02  1.0936E-01  1.0000E+00
 1.7696E+04  1.5920E-02  5.2923E-02  1.6054E-02  1.0859E-01  1.0000E+00
 1.7832E+04  1.5929E-02  5.2544E-02  1.6062E-02  1.0782E-01  1.0000E+00
 1.7968E+04  1.5938E-02  5.2168E-02  1.6071E-02  1.0705E-01  1.0000E+00
 1.8106E+04  1.5947E-02  5.1795E-02  1.6079E-02  1.0630E-01  1.0000E+00
 1.8244E+04  1.5957E-02  5.1425E-02  1.6088E-02  1.0554E-01  1.0000E+00
 1.8384E+04  1.5966E-02  5.1057E-02  1.6096E-02  1.0480E-01  1.0000E+00
 1.8525E+04  1.5976E-02  5.0692E-02  1.6105E-02  1.0406E-01  1.0000E+00
 1.8667E+04  1.5985E-02  5.0330E-02  1.6113E-02  1.0332E-01  1.0000E+00
 1.8810E+04  1.5995E-02  4.9971E-02  1.6122E-02  1.0259E-01  1.0000E+00
 1.8954E+04  1.6004E-02  4.9614E-02  1.6131E-02  1.0187E-01  1.0000E+00
 1.9099E+04  1.6014E-02  4.9260E-02  1.6140E-02  1.0115E-01  1.0000E+00
 1.9245E+04  1.6024E-02  4.8909E-02  1.6148E-02  1.0043E-01  1.0000E+00
 1.9393E+04  1.6034E-02  4.8560E-02  1.6157E-02  9.9725E-02  1.0000E+00
 1.9541E+04  1.6044E-02  4.8214E-02  1.6166E-02  9.9023E-02  1.0000E+00
 1.9691E+04  1.6054E-02  4.7870E-02  1.6176E-02  9.8326E-02  1.0000E+00
 1.9842E+04  1.6064E-02  4.7530E-02  1.6185E-02  9.7634E-02  1.0000E+00
 1.9994E+04  1.6074E-02  4.7191E-02  1.6194E-02  9.6947E-02  1.0000E+00
 2.0147E+04  1.6084E-02  4.6855E-02  1.6203E-02  9.6266E-02  1.0000E+00
 2.0301E+04  1.6094E-02  4.6522E-02  1.6213E-02  9.5590E-02  1.0000E+00
 2.0456E+04  1.6105E-02  4.6191E-02  1.6222E-02  9.4919E-02  1.0000E+00
 2.0613E+04  1.6115E-02  4.5863E-02  1.6232E-02  9.4253E-02  1.0000E+00
 2.0771E+04  1.6126E-02  4.5537E-02  1.6241E-02  9.3592E-02  1.0000E+00
 2.0930E+04  1.6136E-02  4.5213E-02  1.6251E-02  9.2937E-02  1.0000E+00
 2.1090E+04  1.6147E-02  4.4892E-02  1.6261E-02  9.2286E-02  1.0000E+00
 2.1252E+04  1.6157E-02  4.4574E-02  1.6271E-02  9.1640E-02  1.0000E+00
 2.1415E+04  1.6168E-02  4.4257E-02  1.6281E-02  9.0999E-02  1.0000E+00
 2.1579E+04  1.6179E-02  4.3943E-02  1.6291E-02  9.0363E-02  1.0000E+00
 2.1744E+04  1.6190E-02  4.3632E-02  1.6301E-02  8.9732E-02  1.0000E+00
 2.1910E+04  1.6201E-02  4.3323E-02  1.6311E-02  8.9106E-02  1.0000E+00
 2.2078E+04  1.6212E-02  4.3016E-02  1.6321E-02  8.8484E-02  1.0000E+00
 2.2247E+04  1.6223E-02  4.2711E-02  1.6332E-02  8.7868E-02  1.0000E+00
 2.2418E+04  1.6234E-02  4.2409E-02  1.6342E-02  8.7255E-02  1.0000E+00
 2.2589E+04  1.6245E-02  4.2109E-02  1.6353E-02  8.6648E-02  1.0000E+00
 2.2762E+04  1.6257E-02  4.1811E-02  1.6363E-02  8.6045E-02  1.0000E+00
 2.2937E+04  1.6268E-02  4.1516E-02  1.6374E-02  8.5447E-02  1.0000E+00
 2.3112E+04  1.6280E-02  4.1222E-02  1.6385E-02  8.4854E-02  1.0000E+00
 2.3289E+04  1.6291E-02  4.0931E-02  1.6396E-02  8.4264E-02  1.0000E+00
 2.3468E+04  1.6303E-02  4.0642E-02  1.6407E-02  8.3680E-02  1.0000E+00
 2.3647E+04  1.6315E-02  4.0356E-02  1.6418E-02  8.3100E-02  1.0000E+00
 2.3829E+04  1.6327E-02  4.0071E-02  1.6429E-02  8.2524E-02  1.0000E+00
 2.4011E+04  1.6339E-02  3.9789E-02  1.6440E-02  8.1953E-02  1.0000E+00
 2.4195E+04  1.6351E-02  3.9508E-02  1.6451E-02  8.1386E-02  1.0000E+00
 2.4380E+04  1.6363E-02  3.9230E-02  1.6463E-02  8.0823E-02  1.0000E+00
 2.4567E+04  1.6375E-02  3.8954E-02  1.6474E-02  8.0265E-02  1.0000E+00
 2.4755E+04  1.6387E-02  3.8680E-02  1.6486E-02  7.9711E-02  1.0000E+00
 2.4945E+04  1.6399E-02  3.8408E-02  1.6497E-02  7.9161E-02  1.0000E+00
 2.5136E+04  1.6412E-02  3.8138E-02  1.6509E-02  7.8615E-02  1.0000E+00
 2.5328E+04  1.6424E-02  3.7870E-02  1.6521E-02  7.8074E-02  1.0000E+00
 2.5522E+04  1.6437E-02  3.7604E-02  1.6533E-02  7.7537E-02  1.0000E+00
 2.5718E+04  1.6450E-02  3.7340E-02  1.6545E-02  7.7003E-02  1.0000E+00
 2.5915E+04  1.6462E-02  3.7078E-02  1.6557E-02  7.6474E-02  1.0000E+00
 2.6113E+04  1.6475E-02  3.6818E-02  1.6569E-02  7.5949E-02  1.0000E+00
 2.6313E+04  1.6488E-02  3.6560E-02  1.6582E-02  7.5428E-02  1.0000E+00
 2.6515E+04  1.6501E-02  3.6304E-02  1.6594E-02  7.4911E-02  1.0000E+00
 2.6718E+04  1.6515E-02  3.6050E-02  1.6607E-02  7.4398E-02  1.0000E+00
 2.6922E+04  1.6528E-02  3.5798E-02  1.6619E-02  7.3889E-02  1.0000E+00
 2.7128E+04  1.6541E-02  3.5548E-02  1.6632E-02  7.3383E-02  1.0000E+00
 2.7336E+04  1.6555E-02  3.5299E-02  1.6645E-02  7.2882E-02  1.0000E+00
 2.7545E+04  1.6568E-02  3.5053E-02  1.6658E-02  7.2384E-02  1.0000E+00
 2.7756E+04  1.6582E-02  3.4808E-02  1.6671E-02  7.1890E-02  1.0000E+00
 2.7969E+04  1.6596E-02  3.4565E-02  1.6684E-02  7.1400E-02  1.0000E+00
 2.8183E+04  1.6610E-02  3.4324E-02  1.6697E-02  7.0914E-02  1.0000E+00
 2.8399E+04  1.6624E-02  3.4085E-02  1.6711E-02  7.0431E-02  1.0000E+00
 2.8617E+04  1.6638E-02  3.3847E-02  1.6724E-02  6.9952E-02  1.0000E+00
 2.8836E+04  1.6652E-02  3.3612E-02  1.6738E-02  6.9477E-02  1.0000E+00
 2.9056E+04  1.6666E-02  3.3378E-02  1.6752E-02  6.9006E-02  1.0000E+00
 2.9279E+04  1.6680E-02  3.3146E-02  1.6765E-02  6.8538E-02  1.0000E+00
 2.9503E+04  1.6695E-02  3.2915E-02  1.6779E-02  6.8073E-02  1.0000E+00
 2.9729E+04  1.6710E-02  3.2687E-02  1.6793E-02  6.7612E-02  1.0000E+00
 2.9957E+04  1.6724E-02  3.2460E-02  1.6807E-02  6.7155E-02  1.0000E+00
 3.0186E+04  1.6739E-02  3.2235E-02  1.6822E-02  6.6701E-02  1.0000E+00
 3.0417E+04  1.6754E-02  3.2011E-02  1.6836E-02  6.6251E-02  1.0000E+00
 3.0650E+04  1.6769E-02  3.1789E-02  1.6851E-02  6.5804E-02  1.0000E+00
 3.0885E+04  1.6784E-02  3.1569E-02  1.6865E-02  6.5360E-02  1.0000E+00
 3.1122E+04  1.6800E-02  3.1351E-02  1.6880E-02  6.4920E-02  1.0000E+00
 3.1360E+04  1.6815E-02  3.1134E-02  1.6895E-02  6.4483E-02  1.0000E+00
 3.1600E+04  1.6830E-02  3.0919E-02  1.6910E-02  6.4050E-02  1.0000E+00
 3.1842E+04  1.6846E-02  3.0705E-02  1.6925E-02  6.3620E-02  1.0000E+00
 3.2086E+04  1.6862E-02  3.0493E-02  1.6940E-02  6.3193E-02  1.0000E+00
 3.2332E+04  1.6878E-02  3.0283E-02  1.6955E-02  6.2770E-02  1.0000E+00
 3.2579E+04  1.6894E-02  3.0074E-02  1.6971E-02  6.2349E-02  1.0000E+00
 3.2829E+04  1.6910E-02  2.9867E-02  1.6986E-02  6.1932E-02  1.0000E+00
 3.3080E+04  1.6926E-02  2.9661E-02  1.7002E-02  6.1518E-02  1.0000E+00
 3.3334E+04  1.6942E-02  2.9457E-02  1.7018E-02  6.1108E-02  1.0000E+00
 3.3589E+04  1.6959E-02  2.9255E-02  1.7034E-02  6.0700E-02  1.0000E+00
 3.3846E+04  1.6975E-02  2.9054E-02  1.7050E-02  6.0296E-02  1.0000E+00
 3.4105E+04  1.6992E-02  2.8854E-02  1.7066E-02  5.9894E-02  1.0000E+00
 3.4367E+04  1.7009E-02  2.8656E-02  1.7083E-02  5.9496E-02  1.0000E+00
 3.4630E+04  1.7026E-02  2.8460E-02  1.7099E-02  5.9101E-02  1.0000E+00
 3.4895E+04  1.7043E-02  2.8265E-02  1.7116E-02  5.8709E-02  1.0000E+00
 3.5162E+04  1.7060E-02  2.8071E-02  1.7132E-02  5.8320E-02  1.0000E+00
 3.5431E+04  1.7078E-02  2.7879E-02  1.7149E-02  5.7934E-02  1.0000E+00
 3.5703E+04  1.7095E-02  2.7689E-02  1.7166E-02  5.7550E-02  1.0000E+00
 3.5976E+04  1.7113E-02  2.7499E-02  1.7184E-02  5.7170E-02  1.0000E+00
 3.6252E+04  1.7131E-02  2.7312E-02  1.7201E-02  5.6793E-02  1.0000E+00
 3.6529E+04  1.7148E-02  2.7125E-02  1.7218E-02  5.6418E-02  1.0000E+00
 3.6809E+04  1.7167E-02  2.6940E-02  1.7236E-02  5.6047E-02  1.0000E+00
 3.7091E+04  1.7185E-02  2.6757E-02  1.7254E-02  5.5678E-02  1.0000E+00
 3.7375E+04  1.7203E-02  2.6575E-02  1.7272E-02  5.5312E-02  1.0000E+00
 3.7661E+04  1.7222E-02  2.6394E-02  1.7290E-02  5.4949E-02  1.0000E+00
 3.7950E+04  1.7240E-02  2.6215E-02  1.7308E-02  5.4589E-02  1.0000E+00
 3.8240E+04  1.7259E-02  2.6036E-02  1.7326E-02  5.4231E-02  1.0000E+00
 3.8533E+04  1.7278E-02  2.5860E-02  1.7345E-02  5.3877E-02  1.0000E+00
 3.8828E+04  1.7297E-02  2.5684E-02  1.7363E-02  5.3525E-02  1.0000E+00
 3.9126E+04  1.7316E-02  2.5510E-02  1.7382E-02  5.3175E-02  1.0000E+00
 3.9425E+04  1.7336E-02  2.5338E-02  1.7401E-02  5.2829E-02  1.0000E+00
 3.9727E+04  1.7355E-02  2.5166E-02  1.7420E-02  5.2485E-02  1.0000E+00
 4.0032E+04  1.7375E-02  2.4996E-02  1.7439E-02  5.2143E-02  1.0000E+00
 4.0338E+04  1.7395E-02  2.4827E-02  1.7459E-02  5.1805E-02  1.0000E+00
 4.0647E+04  1.7415E-02  2.4660E-02  1.7478E-02  5.1469E-02  1.0000E+00
 4.0958E+04  1.7435E-02  2.4493E-02  1.7498E-02  5.1135E-02  1.0000E+00
 4.1272E+04  1.7455E-02  2.4328E-02  1.7518E-02  5.0804E-02  1.0000E+00
 4.1588E+04  1.7475E-02  2.4165E-02  1.7538E-02  5.0476E-02  1.0000E+00
 4.1907E+04  1.7496E-02  2.4002E-02  1.7558E-02  5.0150E-02  1.0000E+00
 4.2228E+04  1.7517E-02  2.3841E-02  1.7579E-02  4.9827E-02  1.0000E+00
 4.2551E+04  1.7538E-02  2.3681E-02  1.7599E-02  4.9506E-02  1.0000E+00
 4.2877E+04  1.7559E-02  2.3522E-02  1.7620E-02  4.9187E-02  1.0000E+00
 4.3205E+04  1.7580E-02  2.3364E-02  1.7641E-02  4.8871E-02  1.0000E+00
 4.3536E+04  1.7602E-02  2.3208E-02  1.7662E-02  4.8558E-02  1.0000E+00
 4.3869E+04  1.7623E-02  2.3052E-02  1.7683E-02  4.8247E-02  1.0000E+00
 4.4205E+04  1.7645E-02  2.2898E-02  1.7704E-02  4.7938E-02  1.0000E+00
 4.4544E+04  1.7667E-02  2.2745E-02  1.7726E-02  4.7632E-02  1.0000E+00
 4.4885E+04  1.7689E-02  2.2594E-02  1.7748E-02  4.7328E-02  1.0000E+00
 4.5229E+04  1.7712E-02  2.2443E-02  1.7770E-02  4.7026E-02  1.0000E+00
 4.5575E+04  1.7734E-02  2.2293E-02  1.7792E-02  4.6727E-02  1.0000E+00
 4.5924E+04  1.7757E-02  2.2145E-02  1.7814E-02  4.6430E-02  1.0000E+00
 4.6276E+04  1.7780E-02  2.1998E-02  1.7837E-02  4.6135E-02  1.0000E+00
 4.6630E+04  1.7803E-02  2.1852E-02  1.7859E-02  4.5843E-02  1.0000E+00
 4.6987E+04  1.7826E-02  2.1707E-02  1.7882E-02  4.5553E-02  1.0000E+00
 4.7347E+04  1.7849E-02  2.1563E-02  1.7905E-02  4.5265E-02  1.0000E+00
 4.7710E+04  1.7873E-02  2.1420E-02  1.7929E-02  4.4979E-02  1.0000E+00
 4.8075E+04  1.7897E-02  2.1278E-02  1.7952E-02  4.4696E-02  1.0000E+00
 4.8443E+04  1.7921E-02  2.1137E-02  1.7976E-02  4.4415E-02  1.0000E+00
 4.8814E+04  1.7945E-02  2.0998E-02  1.8000E-02  4.4136E-02  1.0000E+00
 4.9188E+04  1.7969E-02  2.0859E-02  1.8024E-02  4.3859E-02  1.0000E+00
 4.9565E+04  1.7994E-02  2.0722E-02  1.8048E-02  4.3584E-02  1.0000E+00
 4.9945E+04  1.8019E-02  2.0585E-02  1.8072E-02  4.3311E-02  1.0000E+00
 5.0327E+04  1.8044E-02  2.0450E-02  1.8097E-02  4.3041E-02  1.0000E+00
 5.0713E+04  1.8069E-02  2.0316E-02  1.8122E-02  4.2772E-02  1.0000E+00
 5.1101E+04  1.8094E-02  2.0182E-02  1.8147E-02  4.2506E-02  1.0000E+00
 5.1492E+04  1.8120E-02  2.0050E-02  1.8172E-02  4.2242E-02  1.0000E+00
 5.1887E+04  1.8146E-02  1.9918E-02  1.8198E-02  4.1979E-02  1.0000E+00
 5.2284E+04  1.8172E-02  1.9788E-02  1.8223E-02  4.1719E-02  1.0000E+00
 5.2684E+04  1.8198E-02  1.9659E-02  1.8249E-02  4.1461E-02  1.0000E+00
 5.3088E+04  1.8225E-02  1.9530E-02  1.8276E-02  4.1205E-02  1.0000E+00
 5.3494E+04  1.8251E-02  1.9403E-02  1.8302E-02  4.0951E-02  1.0000E+00
 5.3904E+04  1.8278E-02  1.9277E-02  1.8328E-02  4.0698E-02  1.0000E+00
 5.4317E+04  1.8305E-02  1.9151E-02  1.8355E-02  4.0448E-02  1.0000E+00
 5.4733E+04  1.8333E-02  1.9027E-02  1.8382E-02  4.0200E-02  1.0000E+00
 5.5152E+04  1.8360E-02  1.8903E-02  1.8410E-02  3.9953E-02  1.0000E+00
 5.5574E+04  1.8388E-02  1.8780E-02  1.8437E-02  3.9709E-02  1.0000E+00
 5.6000E+04  1.8416E-02  1.8659E-02  1.8465E-02  3.9466E-02  1.0000E+00
 5.6429E+04  1.8444E-02  1.8538E-02  1.8493E-02  3.9226E-02  1.0000E+00
 5.6861E+04  1.8473E-02  1.8418E-02  1.8521E-02  3.8987E-02  1.0000E+00
 5.7297E+04  1.8501E-02  1.8299E-02  1.8549E-02  3.8750E-02  1.0000E+00
 5.7735E+04  1.8530E-02  1.8181E-02  1.8578E-02  3.8515E-02  1.0000E+00
 5.8177E+04  1.8559E-02  1.8064E-02  1.8607E-02  3.8282E-02  1.0000E+00
 5.8623E+04  1.8589E-02  1.7947E-02  1.8636E-02  3.8050E-02  1.0000E+00
 5.9072E+04  1.8619E-02  1.7832E-02  1.8665E-02  3.7820E-02  1.0000E+00
 5.9524E+04  1.8648E-02  1.7718E-02  1.8695E-02  3.7593E-02  1.0000E+00
 5.9980E+04  1.8679E-02  1.7604E-02  1.8725E-02  3.7367E-02  1.0000E+00
 6.0440E+04  1.8709E-02  1.7491E-02  1.8755E-02  3.7142E-02  1.0000E+00
 6.0902E+04  1.8740E-02  1.7379E-02  1.8785E-02  3.6920E-02  1.0000E+00
 6.1369E+04  1.8771E-02  1.7268E-02  1.8816E-02  3.6699E-02  1.0000E+00
 6.1839E+04  1.8802E-02  1.7158E-02  1.8847E-02  3.6480E-02  1.0000E+00
 6.2312E+04  1.8833E-02  1.7049E-02  1.8878E-02  3.6262E-02  1.0000E+00
 6.2790E+04  1.8865E-02  1.6940E-02  1.8910E-02  3.6047E-02  1.0000E+00
 6.3270E+04  1.8897E-02  1.6832E-02  1.8941E-02  3.5833E-02  1.0000E+00
 6.3755E+04  1.8929E-02  1.6725E-02  1.8973E-02  3.5621E-02  1.0000E+00
 6.4243E+04  1.8962E-02  1.6619E-02  1.9006E-02  3.5410E-02  1.0000E+00
 6.4735E+04  1.8994E-02  1.6514E-02  1.9038E-02  3.5201E-02  1.0000E+00
 6.5231E+04  1.9028E-02  1.6410E-02  1.9071E-02  3.4994E-02  1.0000E+00
 6.5731E+04  1.9061E-02  1.6306E-02  1.9104E-02  3.4788E-02  1.0000E+00
 6.6234E+04  1.9094E-02  1.6203E-02  1.9137E-02  3.4584E-02  1.0000E+00
 6.6741E+04  1.9128E-02  1.6101E-02  1.9171E-02  3.4381E-02  1.0000E+00
 6.7252E+04  1.9163E-02  1.6000E-02  1.9205E-02  3.4180E-02  1.0000E+00
 6.7767E+04  1.9197E-02  1.5899E-02  1.9239E-02  3.3981E-02  1.0000E+00
 6.8286E+04  1.9232E-02  1.5799E-02  1.9274E-02  3.3783E-02  1.0000E+00
 6.8809E+04  1.9267E-02  1.5700E-02  1.9308E-02  3.3587E-02  1.0000E+00
 6.9336E+04  1.9302E-02  1.5602E-02  1.9344E-02  3.3392E-02  1.0000E+00
 6.9867E+04  1.9338E-02  1.5505E-02  1.9379E-02  3.3199E-02  1.0000E+00
 7.0402E+04  1.9374E-02  1.5408E-02  1.9415E-02  3.3008E-02  1.0000E+00
 7.0942E+04  1.9410E-02  1.5312E-02  1.9451E-02  3.2818E-02  1.0000E+00
 7.1485E+04  1.9447E-02  1.5216E-02  1.9487E-02  3.2629E-02  1.0000E+00
 7.2032E+04  1.9484E-02  1.5122E-02  1.9524E-02  3.2442E-02  1.0000E+00
 7.2584E+04  1.9521E-02  1.5028E-02  1.9561E-02  3.2256E-02  1.0000E+00
 7.3140E+04  1.9558E-02  1.4935E-02  1.9598E-02  3.2072E-02  1.0000E+00
 7.3700E+04  1.9596E-02  1.4842E-02  1.9636E-02  3.1890E-02  1.0000E+00
 7.4264E+04  1.9634E-02  1.4751E-02  1.9673E-02  3.1708E-02  1.0000E+00
 7.4833E+04  1.9673E-02  1.4660E-02  1.9712E-02  3.1528E-02  1.0000E+00
 7.5406E+04  1.9711E-02  1.4569E-02  1.9750E-02  3.1350E-02  1.0000E+00
 7.5984E+04  1.9751E-02  1.4480E-02  1.9789E-02  3.1173E-02  1.0000E+00
 7.6566E+04  1.9790E-02  1.4391E-02  1.9828E-02  3.0998E-02  1.0000E+00
 7.7152E+04  1.9830E-02  1.4302E-02  1.9868E-02  3.0823E-02  1.0000E+00
 7.7743E+04  1.9870E-02  1.4215E-02  1.9908E-02  3.0651E-02  1.0000E+00
 7.8338E+04  1.9911E-02  1.4128E-02  1.9948E-02  3.0479E-02  1.0000E+00
 7.8938E+04  1.9951E-02  1.4042E-02  1.9989E-02  3.0309E-02  1.0000E+00
 7.9543E+04  1.9993E-02  1.3956E-02  2.0030E-02  3.0141E-02  1.0000E+00
 8.0152E+04  2.0034E-02  1.3871E-02  2.0071E-02  2.9973E-02  1.0000E+00
 8.0766E+04  2.0076E-02  1.3787E-02  2.0113E-02  2.9807E-02  1.0000E+00
 8.1384E+04  2.0118E-02  1.3703E-02  2.0155E-02  2.9643E-02  1.0000E+00
 8.2008E+04  2.0161E-02  1.3620E-02  2.0197E-02  2.9479E-02  1.0000E+00
 8.2636E+04  2.0204E-02  1.3538E-02  2.0240E-02  2.9317E-02  1.0000E+00
 8.3268E+04  2.0247E-02  1.3456E-02  2.0283E-02  2.9156E-02  1.0000E+00
 8.3906E+04  2.0291E-02  1.3375E-02  2.0327E-02  2.8997E-02  1.0000E+00
 8.4549E+04  2.0335E-02  1.3294E-02  2.0371E-02  2.8839E-02  1.0000E+00
 8.5196E+04  2.0380E-02  1.3214E-02  2.0415E-02  2.8682E-02  1.0000E+00
 8.5849E+04  2.0425E-02  1.3135E-02  2.0460E-02  2.8526E-02  1.0000E+00
 8.6506E+04  2.0470E-02  1.3056E-02  2.0505E-02  2.8372E-02  1.0000E+00
 8.7169E+04  2.0516E-02  1.2978E-02  2.0551E-02  2.8219E-02  1.0000E+00
 8.7836E+04  2.0562E-02  1.2901E-02  2.0596E-02  2.8067E-02  1.0000E+00
 8.8509E+04  2.0608E-02  1.2824E-02  2.0643E-02  2.7916E-02  1.0000E+00
 8.9187E+04  2.0655E-02  1.2748E-02  2.0689E-02  2.7767E-02  1.0000E+00
 8.9870E+04  2.0702E-02  1.2672E-02  2.0737E-02  2.7618E-02  1.0000E+00
 9.0558E+04  2.0750E-02  1.2597E-02  2.0784E-02  2.7471E-02  1.0000E+00
 9.1252E+04  2.0798E-02  1.2522E-02  2.0832E-02  2.7325E-02  1.0000E+00
 9.1950E+04  2.0847E-02  1.2448E-02  2.0880E-02  2.7181E-02  1.0000E+00
 9.2655E+04  2.0896E-02  1.2375E-02  2.0929E-02  2.7037E-02  1.0000E+00
 9.3364E+04  2.0945E-02  1.2302E-02  2.0978E-02  2.6895E-02  1.0000E+00
 9.4079E+04  2.0995E-02  1.2230E-02  2.1028E-02  2.6753E-02  1.0000E+00
 9.4800E+04  2.1045E-02  1.2158E-02  2.1078E-02  2.6613E-02  1.0000E+00
 9.5526E+04  2.1096E-02  1.2087E-02  2.1129E-02  2.6474E-02  1.0000E+00
 9.6257E+04  2.1147E-02  1.2016E-02  2.1180E-02  2.6337E-02  1.0000E+00
 9.6994E+04  2.1199E-02  1.1946E-02  2.1231E-02  2.6200E-02  1.0000E+00
 9.7737E+04  2.1251E-02  1.1877E-02  2.1283E-02  2.6064E-02  1.0000E+00
 9.8486E+04  2.1303E-02  1.1808E-02  2.1336E-02  2.5930E-02  1.0000E+00
 9.9240E+04  2.1356E-02  1.1739E-02  2.1388E-02  2.5797E-02  1.0000E+00
 1.0000E+05  2.1410E-02  1.1671E-02  2.1442E-02  2.5664E-02  1.0000E+00


