#     0	 1	   15	 1	 1.1406E+02	 1000	1
 4.8978E+01  0.0000E+00  0.0000E+00  0.0000E+00  0.0000E+00  0.0000E+00
 4.9353E+01  0.0000E+00  0.0000E+00  0.0000E+00  0.0000E+00  0.0000E+00
 4.9731E+01  0.0000E+00  0.0000E+00  0.0000E+00  0.0000E+00  0.0000E+00
 5.0112E+01  0.0000E+00  0.0000E+00  0.0000E+00  0.0000E+00  0.0000E+00
 5.0496E+01  0.0000E+00  0.0000E+00  0.0000E+00  0.0000E+00  0.0000E+00
 5.0882E+01  0.0000E+00  0.0000E+00  0.0000E+00  0.0000E+00  0.0000E+00
 5.1272E+01  0.0000E+00  0.0000E+00  0.0000E+00  0.0000E+00  0.0000E+00
 5.1665E+01  0.0000E+00  0.0000E+00  0.0000E+00  0.0000E+00  0.0000E+00
 5.2060E+01  0.0000E+00  0.0000E+00  0.0000E+00  0.0000E+00  0.0000E+00
 5.2459E+01  0.0000E+00  0.0000E+00  0.0000E+00  0.0000E+00  0.0000E+00
 5.2861E+01  0.0000E+00  0.0000E+00  0.0000E+00  0.0000E+00  0.0000E+00
 5.3266E+01  0.0000E+00  0.0000E+00  0.0000E+00  0.0000E+00  0.0000E+00
 5.3673E+01  0.0000E+00  0.0000E+00  0.0000E+00  0.0000E+00  0.0000E+00
 5.4085E+01  0.0000E+00  0.0000E+00  0.0000E+00  0.0000E+00  0.0000E+00
 5.4499E+01  0.0000E+00  0.0000E+00  0.0000E+00  0.0000E+00  0.0000E+00
 5.4916E+01  0.0000E+00  0.0000E+00  0.0000E+00  0.0000E+00  0.0000E+00
 5.5337E+01  0.0000E+00  0.0000E+00  0.0000E+00  0.0000E+00  0.0000E+00
 5.5760E+01  0.0000E+00  0.0000E+00  0.0000E+00  0.0000E+00  0.0000E+00
 5.6187E+01  0.0000E+00  0.0000E+00  0.0000E+00  0.0000E+00  0.0000E+00
 5.6618E+01  0.0000E+00  0.0000E+00  0.0000E+00  0.0000E+00  0.0000E+00
 5.7051E+01  0.0000E+00  0.0000E+00  0.0000E+00  0.0000E+00  0.0000E+00
 5.7488E+01  0.0000E+00  0.0000E+00  0.0000E+00  0.0000E+00  0.0000E+00
 5.7929E+01  0.0000E+00  0.0000E+00  0.0000E+00  0.0000E+00  0.0000E+00
 5.8372E+01  0.0000E+00  0.0000E+00  0.0000E+00  0.0000E+00  0.0000E+00
 5.8819E+01  0.0000E+00  0.0000E+00  0.0000E+00  0.0000E+00  0.0000E+00
 5.9270E+01  0.0000E+00  0.0000E+00  0.0000E+00  0.0000E+00  0.0000E+00
 5.9724E+01  0.0000E+00  0.0000E+00  0.0000E+00  0.0000E+00  0.0000E+00
 6.0181E+01  0.0000E+00  0.0000E+00  0.0000E+00  0.0000E+00  0.0000E+00
 6.0642E+01  0.0000E+00  0.0000E+00  0.0000E+00  0.0000E+00  0.0000E+00
 6.1106E+01  0.0000E+00  0.0000E+00  0.0000E+00  0.0000E+00  0.0000E+00
 6.1574E+01  0.0000E+00  0.0000E+00  0.0000E+00  0.0000E+00  0.0000E+00
 6.2046E+01  0.0000E+00  0.0000E+00  0.0000E+00  0.0000E+00  0.0000E+00
 6.2521E+01  0.0000E+00  0.0000E+00  0.0000E+00  0.0000E+00  0.0000E+00
 6.3000E+01  0.0000E+00  0.0000E+00  0.0000E+00  0.0000E+00  0.0000E+00
 6.3482E+01  0.0000E+00  0.0000E+00  0.0000E+00  0.0000E+00  0.0000E+00
 6.3968E+01  0.0000E+00  0.0000E+00  0.0000E+00  0.0000E+00  0.0000E+00
 6.4458E+01  0.0000E+00  0.0000E+00  0.0000E+00  0.0000E+00  0.0000E+00
 6.4952E+01  0.0000E+00  0.0000E+00  0.0000E+00  0.0000E+00  0.0000E+00
 6.5449E+01  0.0000E+00  0.0000E+00  0.0000E+00  0.0000E+00  0.0000E+00
 6.5951E+01  0.0000E+00  0.0000E+00  0.0000E+00  0.0000E+00  0.0000E+00
 6.6456E+01  0.0000E+00  0.0000E+00  0.0000E+00  0.0000E+00  0.0000E+00
 6.6965E+01  0.0000E+00  0.0000E+00  0.0000E+00  0.0000E+00  0.0000E+00
 6.7478E+01  0.0000E+00  0.0000E+00  0.0000E+00  0.0000E+00  0.0000E+00
 6.7994E+01  0.0000E+00  0.0000E+00  0.0000E+00  0.0000E+00  0.0000E+00
 6.8515E+01  0.0000E+00  0.0000E+00  0.0000E+00  0.0000E+00  0.0000E+00
 6.9040E+01  0.0000E+00  0.0000E+00  0.0000E+00  0.0000E+00  0.0000E+00
 6.9568E+01  0.0000E+00  0.0000E+00  0.0000E+00  0.0000E+00  0.0000E+00
 7.0101E+01  0.0000E+00  0.0000E+00  0.0000E+00  0.0000E+00  0.0000E+00
 7.0638E+01  0.0000E+00  0.0000E+00  0.0000E+00  0.0000E+00  0.0000E+00
 7.1179E+01  0.0000E+00  0.0000E+00  0.0000E+00  0.0000E+00  0.0000E+00
 7.1724E+01  0.0000E+00  0.0000E+00  0.0000E+00  0.0000E+00  0.0000E+00
 7.2273E+01  0.0000E+00  0.0000E+00  0.0000E+00  0.0000E+00  0.0000E+00
 7.2827E+01  0.0000E+00  0.0000E+00  0.0000E+00  0.0000E+00  0.0000E+00
 7.3385E+01  0.0000E+00  0.0000E+00  0.0000E+00  0.0000E+00  0.0000E+00
 7.3947E+01  0.0000E+00  0.0000E+00  0.0000E+00  0.0000E+00  0.0000E+00
 7.4513E+01  0.0000E+00  0.0000E+00  0.0000E+00  0.0000E+00  0.0000E+00
 7.5084E+01  0.0000E+00  0.0000E+00  0.0000E+00  0.0000E+00  0.0000E+00
 7.5659E+01  0.0000E+00  0.0000E+00  0.0000E+00  0.0000E+00  0.0000E+00
 7.6238E+01  0.0000E+00  0.0000E+00  0.0000E+00  0.0000E+00  0.0000E+00
 7.6822E+01  0.0000E+00  0.0000E+00  0.0000E+00  0.0000E+00  0.0000E+00
 7.7410E+01  0.0000E+00  0.0000E+00  0.0000E+00  0.0000E+00  0.0000E+00
 7.8003E+01  0.0000E+00  0.0000E+00  0.0000E+00  0.0000E+00  0.0000E+00
 7.8601E+01  0.0000E+00  0.0000E+00  0.0000E+00  0.0000E+00  0.0000E+00
 7.9202E+01  0.0000E+00  0.0000E+00  0.0000E+00  0.0000E+00  0.0000E+00
 7.9809E+01  0.0000E+00  0.0000E+00  0.0000E+00  0.0000E+00  0.0000E+00
 8.0420E+01  0.0000E+00  0.0000E+00  0.0000E+00  0.0000E+00  0.0000E+00
 8.1036E+01  0.0000E+00  0.0000E+00  0.0000E+00  0.0000E+00  0.0000E+00
 8.1657E+01  0.0000E+00  0.0000E+00  0.0000E+00  0.0000E+00  0.0000E+00
 8.2282E+01  0.0000E+00  0.0000E+00  0.0000E+00  0.0000E+00  0.0000E+00
 8.2912E+01  0.0000E+00  0.0000E+00  0.0000E+00  0.0000E+00  0.0000E+00
 8.3547E+01  0.0000E+00  0.0000E+00  0.0000E+00  0.0000E+00  0.0000E+00
 8.4187E+01  0.0000E+00  0.0000E+00  0.0000E+00  0.0000E+00  0.0000E+00
 8.4832E+01  0.0000E+00  0.0000E+00  0.0000E+00  0.0000E+00  0.0000E+00
 8.5481E+01  0.0000E+00  0.0000E+00  0.0000E+00  0.0000E+00  0.0000E+00
 8.6136E+01  0.0000E+00  0.0000E+00  0.0000E+00  0.0000E+00  0.0000E+00
 8.6796E+01  0.0000E+00  0.0000E+00  0.0000E+00  0.0000E+00  0.0000E+00
 8.7460E+01  0.0000E+00  0.0000E+00  0.0000E+00  0.0000E+00  0.0000E+00
 8.8130E+01  0.0000E+00  0.0000E+00  0.0000E+00  0.0000E+00  0.0000E+00
 8.8805E+01  0.0000E+00  0.0000E+00  0.0000E+00  0.0000E+00  0.0000E+00
 8.9485E+01  0.0000E+00  0.0000E+00  0.0000E+00  0.0000E+00  0.0000E+00
 9.0171E+01  0.0000E+00  0.0000E+00  0.0000E+00  0.0000E+00  0.0000E+00
 9.0861E+01  0.0000E+00  0.0000E+00  0.0000E+00  0.0000E+00  0.0000E+00
 9.1557E+01  0.0000E+00  0.0000E+00  0.0000E+00  0.0000E+00  0.0000E+00
 9.2258E+01  0.0000E+00  0.0000E+00  0.0000E+00  0.0000E+00  0.0000E+00
 9.2965E+01  0.0000E+00  0.0000E+00  0.0000E+00  0.0000E+00  0.0000E+00
 9.3677E+01  0.0000E+00  0.0000E+00  0.0000E+00  0.0000E+00  0.0000E+00
 9.4394E+01  0.0000E+00  0.0000E+00  0.0000E+00  0.0000E+00  0.0000E+00
 9.5117E+01  0.0000E+00  0.0000E+00  0.0000E+00  0.0000E+00  0.0000E+00
 9.5845E+01  0.0000E+00  0.0000E+00  0.0000E+00  0.0000E+00  0.0000E+00
 9.6579E+01  0.0000E+00  0.0000E+00  0.0000E+00  0.0000E+00  0.0000E+00
 9.7319E+01  0.0000E+00  0.0000E+00  0.0000E+00  0.0000E+00  0.0000E+00
 9.8064E+01  0.0000E+00  0.0000E+00  0.0000E+00  0.0000E+00  0.0000E+00
 9.8815E+01  0.0000E+00  0.0000E+00  0.0000E+00  0.0000E+00  0.0000E+00
 9.9572E+01  0.0000E+00  0.0000E+00  0.0000E+00  0.0000E+00  0.0000E+00
 1.0033E+02  0.0000E+00  0.0000E+00  0.0000E+00  0.0000E+00  0.0000E+00
 1.0110E+02  0.0000E+00  0.0000E+00  0.0000E+00  0.0000E+00  0.0000E+00
 1.0188E+02  0.0000E+00  0.0000E+00  0.0000E+00  0.0000E+00  0.0000E+00
 1.0266E+02  0.0000E+00  0.0000E+00  0.0000E+00  0.0000E+00  0.0000E+00
 1.0344E+02  0.0000E+00  0.0000E+00  0.0000E+00  0.0000E+00  0.0000E+00
 1.0424E+02  0.0000E+00  0.0000E+00  0.0000E+00  0.0000E+00  0.0000E+00
 1.0503E+02  0.0000E+00  0.0000E+00  0.0000E+00  0.0000E+00  0.0000E+00
 1.0584E+02  0.0000E+00  0.0000E+00  0.0000E+00  0.0000E+00  0.0000E+00
 1.0665E+02  0.0000E+00  0.0000E+00  0.0000E+00  0.0000E+00  0.0000E+00
 1.0747E+02  0.0000E+00  0.0000E+00  0.0000E+00  0.0000E+00  0.0000E+00
 1.0829E+02  0.0000E+00  0.0000E+00  0.0000E+00  0.0000E+00  0.0000E+00
 1.0912E+02  0.0000E+00  0.0000E+00  0.0000E+00  0.0000E+00  0.0000E+00
 1.0995E+02  0.0000E+00  0.0000E+00  0.0000E+00  0.0000E+00  0.0000E+00
 1.1080E+02  0.0000E+00  0.0000E+00  0.0000E+00  0.0000E+00  0.0000E+00
 1.1164E+02  0.0000E+00  0.0000E+00  0.0000E+00  0.0000E+00  0.0000E+00
 1.1250E+02  0.0000E+00  0.0000E+00  0.0000E+00  0.0000E+00  0.0000E+00
 1.1336E+02  0.0000E+00  0.0000E+00  0.0000E+00  0.0000E+00  0.0000E+00
 1.1423E+02  2.2925E-02  1.2010E+01  2.6892E-02  2.8170E+01  1.0000E+00
 1.1510E+02  2.2947E-02  1.1930E+01  2.6892E-02  2.7956E+01  1.0000E+00
 1.1599E+02  2.2968E-02  1.1850E+01  2.6893E-02  2.7744E+01  1.0000E+00
 1.1687E+02  2.2990E-02  1.1771E+01  2.6893E-02  2.7533E+01  1.0000E+00
 1.1777E+02  2.3011E-02  1.1692E+01  2.6893E-02  2.7324E+01  1.0000E+00
 1.1867E+02  2.3033E-02  1.1614E+01  2.6893E-02  2.7116E+01  1.0000E+00
 1.1958E+02  2.3054E-02  1.1537E+01  2.6893E-02  2.6910E+01  1.0000E+00
 1.2050E+02  2.3076E-02  1.1460E+01  2.6893E-02  2.6706E+01  1.0000E+00
 1.2142E+02  2.3097E-02  1.1383E+01  2.6893E-02  2.6503E+01  1.0000E+00
 1.2235E+02  2.3119E-02  1.1307E+01  2.6893E-02  2.6302E+01  1.0000E+00
 1.2329E+02  2.3140E-02  1.1232E+01  2.6893E-02  2.6102E+01  1.0000E+00
 1.2423E+02  2.3162E-02  1.1157E+01  2.6893E-02  2.5904E+01  1.0000E+00
 1.2518E+02  2.3183E-02  1.1082E+01  2.6894E-02  2.5707E+01  1.0000E+00
 1.2614E+02  2.3205E-02  1.1008E+01  2.6894E-02  2.5512E+01  1.0000E+00
 1.2711E+02  2.3227E-02  1.0935E+01  2.6894E-02  2.5318E+01  1.0000E+00
 1.2808E+02  2.3248E-02  1.0862E+01  2.6894E-02  2.5126E+01  1.0000E+00
 1.2906E+02  2.3270E-02  1.0789E+01  2.6894E-02  2.4935E+01  1.0000E+00
 1.3005E+02  2.3291E-02  1.0717E+01  2.6894E-02  2.4746E+01  1.0000E+00
 1.3104E+02  2.3313E-02  1.0646E+01  2.6894E-02  2.4558E+01  1.0000E+00
 1.3205E+02  2.3335E-02  1.0574E+01  2.6894E-02  2.4371E+01  1.0000E+00
 1.3306E+02  2.3356E-02  1.0504E+01  2.6894E-02  2.4186E+01  1.0000E+00
 1.3408E+02  2.3378E-02  1.0434E+01  2.6894E-02  2.4003E+01  1.0000E+00
 1.3510E+02  2.3400E-02  1.0364E+01  2.6895E-02  2.3820E+01  1.0000E+00
 1.3614E+02  2.3421E-02  1.0295E+01  2.6895E-02  2.3639E+01  1.0000E+00
 1.3718E+02  2.3443E-02  1.0226E+01  2.6895E-02  2.3460E+01  1.0000E+00
 1.3823E+02  2.3465E-02  1.0158E+01  2.6895E-02  2.3282E+01  1.0000E+00
 1.3929E+02  2.3486E-02  1.0090E+01  2.6895E-02  2.3105E+01  1.0000E+00
 1.4036E+02  2.3508E-02  1.0022E+01  2.6895E-02  2.2929E+01  1.0000E+00
 1.4143E+02  2.3530E-02  9.9551E+00  2.6895E-02  2.2755E+01  1.0000E+00
 1.4252E+02  2.3551E-02  9.8885E+00  2.6895E-02  2.2583E+01  1.0000E+00
 1.4361E+02  2.3573E-02  9.8224E+00  2.6895E-02  2.2411E+01  1.0000E+00
 1.4471E+02  2.3595E-02  9.7567E+00  2.6896E-02  2.2241E+01  1.0000E+00
 1.4582E+02  2.3616E-02  9.6914E+00  2.6896E-02  2.2072E+01  1.0000E+00
 1.4693E+02  2.3638E-02  9.6266E+00  2.6896E-02  2.1904E+01  1.0000E+00
 1.4806E+02  2.3659E-02  9.5621E+00  2.6896E-02  2.1738E+01  1.0000E+00
 1.4919E+02  2.3681E-02  9.4981E+00  2.6896E-02  2.1573E+01  1.0000E+00
 1.5033E+02  2.3703E-02  9.4345E+00  2.6896E-02  2.1409E+01  1.0000E+00
 1.5149E+02  2.3724E-02  9.3714E+00  2.6896E-02  2.1246E+01  1.0000E+00
 1.5265E+02  2.3746E-02  9.3086E+00  2.6896E-02  2.1085E+01  1.0000E+00
 1.5381E+02  2.3768E-02  9.2462E+00  2.6897E-02  2.0925E+01  1.0000E+00
 1.5499E+02  2.3789E-02  9.1843E+00  2.6897E-02  2.0766E+01  1.0000E+00
 1.5618E+02  2.3811E-02  9.1228E+00  2.6897E-02  2.0608E+01  1.0000E+00
 1.5738E+02  2.3832E-02  9.0616E+00  2.6897E-02  2.0452E+01  1.0000E+00
 1.5858E+02  2.3854E-02  9.0009E+00  2.6897E-02  2.0297E+01  1.0000E+00
 1.5980E+02  2.3875E-02  8.9405E+00  2.6897E-02  2.0142E+01  1.0000E+00
 1.6102E+02  2.3897E-02  8.8806E+00  2.6897E-02  1.9990E+01  1.0000E+00
 1.6225E+02  2.3918E-02  8.8210E+00  2.6897E-02  1.9838E+01  1.0000E+00
 1.6349E+02  2.3940E-02  8.7618E+00  2.6898E-02  1.9687E+01  1.0000E+00
 1.6475E+02  2.3961E-02  8.7030E+00  2.6898E-02  1.9538E+01  1.0000E+00
 1.6601E+02  2.3983E-02  8.6446E+00  2.6898E-02  1.9389E+01  1.0000E+00
 1.6728E+02  2.4004E-02  8.5866E+00  2.6898E-02  1.9242E+01  1.0000E+00
 1.6856E+02  2.4026E-02  8.5289E+00  2.6898E-02  1.9096E+01  1.0000E+00
 1.6985E+02  2.4047E-02  8.4716E+00  2.6898E-02  1.8951E+01  1.0000E+00
 1.7115E+02  2.4069E-02  8.4147E+00  2.6898E-02  1.8807E+01  1.0000E+00
 1.7246E+02  2.4090E-02  8.3582E+00  2.6899E-02  1.8664E+01  1.0000E+00
 1.7378E+02  2.4111E-02  8.3020E+00  2.6899E-02  1.8522E+01  1.0000E+00
 1.7511E+02  2.4133E-02  8.2462E+00  2.6899E-02  1.8382E+01  1.0000E+00
 1.7646E+02  2.4154E-02  8.1907E+00  2.6899E-02  1.8242E+01  1.0000E+00
 1.7781E+02  2.4175E-02  8.1356E+00  2.6899E-02  1.8104E+01  1.0000E+00
 1.7917E+02  2.4197E-02  8.0809E+00  2.6899E-02  1.7966E+01  1.0000E+00
 1.8054E+02  2.4218E-02  8.0265E+00  2.6899E-02  1.7830E+01  1.0000E+00
 1.8192E+02  2.4239E-02  7.9725E+00  2.6900E-02  1.7694E+01  1.0000E+00
 1.8332E+02  2.4260E-02  7.9188E+00  2.6900E-02  1.7560E+01  1.0000E+00
 1.8472E+02  2.4281E-02  7.8654E+00  2.6900E-02  1.7427E+01  1.0000E+00
 1.8614E+02  2.4303E-02  7.8124E+00  2.6900E-02  1.7294E+01  1.0000E+00
 1.8756E+02  2.4324E-02  7.7598E+00  2.6900E-02  1.7163E+01  1.0000E+00
 1.8900E+02  2.4345E-02  7.7075E+00  2.6900E-02  1.7033E+01  1.0000E+00
 1.9045E+02  2.4366E-02  7.6555E+00  2.6900E-02  1.6903E+01  1.0000E+00
 1.9190E+02  2.4387E-02  7.6039E+00  2.6901E-02  1.6775E+01  1.0000E+00
 1.9337E+02  2.4408E-02  7.5525E+00  2.6901E-02  1.6648E+01  1.0000E+00
 1.9485E+02  2.4429E-02  7.5016E+00  2.6901E-02  1.6521E+01  1.0000E+00
 1.9635E+02  2.4450E-02  7.4509E+00  2.6901E-02  1.6396E+01  1.0000E+00
 1.9785E+02  2.4471E-02  7.4006E+00  2.6901E-02  1.6271E+01  1.0000E+00
 1.9937E+02  2.4491E-02  7.3506E+00  2.6901E-02  1.6148E+01  1.0000E+00
 2.0089E+02  2.4512E-02  7.3009E+00  2.6902E-02  1.6025E+01  1.0000E+00
 2.0243E+02  2.4533E-02  7.2515E+00  2.6902E-02  1.5903E+01  1.0000E+00
 2.0398E+02  2.4554E-02  7.2025E+00  2.6902E-02  1.5783E+01  1.0000E+00
 2.0554E+02  2.4574E-02  7.1538E+00  2.6902E-02  1.5663E+01  1.0000E+00
 2.0712E+02  2.4595E-02  7.1054E+00  2.6902E-02  1.5544E+01  1.0000E+00
 2.0870E+02  2.4616E-02  7.0573E+00  2.6902E-02  1.5426E+01  1.0000E+00
 2.1030E+02  2.4636E-02  7.0095E+00  2.6903E-02  1.5309E+01  1.0000E+00
 2.1191E+02  2.4657E-02  6.9620E+00  2.6903E-02  1.5193E+01  1.0000E+00
 2.1354E+02  2.4678E-02  6.9149E+00  2.6903E-02  1.5077E+01  1.0000E+00
 2.1517E+02  2.4698E-02  6.8680E+00  2.6903E-02  1.4963E+01  1.0000E+00
 2.1682E+02  2.4719E-02  6.8215E+00  2.6903E-02  1.4849E+01  1.0000E+00
 2.1848E+02  2.4739E-02  6.7752E+00  2.6903E-02  1.4736E+01  1.0000E+00
 2.2015E+02  2.4759E-02  6.7293E+00  2.6904E-02  1.4625E+01  1.0000E+00
 2.2184E+02  2.4780E-02  6.6836E+00  2.6904E-02  1.4513E+01  1.0000E+00
 2.2354E+02  2.4800E-02  6.6383E+00  2.6904E-02  1.4403E+01  1.0000E+00
 2.2525E+02  2.4821E-02  6.5932E+00  2.6904E-02  1.4294E+01  1.0000E+00
 2.2697E+02  2.4841E-02  6.5484E+00  2.6904E-02  1.4185E+01  1.0000E+00
 2.2871E+02  2.4861E-02  6.5040E+00  2.6904E-02  1.4078E+01  1.0000E+00
 2.3046E+02  2.4881E-02  6.4598E+00  2.6905E-02  1.3971E+01  1.0000E+00
 2.3223E+02  2.4902E-02  6.4159E+00  2.6905E-02  1.3865E+01  1.0000E+00
 2.3401E+02  2.4922E-02  6.3723E+00  2.6905E-02  1.3760E+01  1.0000E+00
 2.3580E+02  2.4942E-02  6.3290E+00  2.6905E-02  1.3655E+01  1.0000E+00
 2.3761E+02  2.4962E-02  6.2859E+00  2.6905E-02  1.3551E+01  1.0000E+00
 2.3942E+02  2.4982E-02  6.2432E+00  2.6906E-02  1.3448E+01  1.0000E+00
 2.4126E+02  2.5002E-02  6.2007E+00  2.6906E-02  1.3346E+01  1.0000E+00
 2.4311E+02  2.5022E-02  6.1585E+00  2.6906E-02  1.3245E+01  1.0000E+00
 2.4497E+02  2.5042E-02  6.1165E+00  2.6906E-02  1.3145E+01  1.0000E+00
 2.4684E+02  2.5062E-02  6.0749E+00  2.6906E-02  1.3045E+01  1.0000E+00
 2.4873E+02  2.5082E-02  6.0335E+00  2.6907E-02  1.2946E+01  1.0000E+00
 2.5064E+02  2.5102E-02  5.9924E+00  2.6907E-02  1.2847E+01  1.0000E+00
 2.5256E+02  2.5122E-02  5.9516E+00  2.6907E-02  1.2750E+01  1.0000E+00
 2.5449E+02  2.5142E-02  5.9110E+00  2.6907E-02  1.2653E+01  1.0000E+00
 2.5644E+02  2.5162E-02  5.8707E+00  2.6907E-02  1.2557E+01  1.0000E+00
 2.5841E+02  2.5182E-02  5.8306E+00  2.6908E-02  1.2462E+01  1.0000E+00
 2.6038E+02  2.5201E-02  5.7908E+00  2.6908E-02  1.2367E+01  1.0000E+00
 2.6238E+02  2.5221E-02  5.7513E+00  2.6908E-02  1.2273E+01  1.0000E+00
 2.6439E+02  2.5241E-02  5.7121E+00  2.6908E-02  1.2180E+01  1.0000E+00
 2.6641E+02  2.5261E-02  5.6731E+00  2.6908E-02  1.2088E+01  1.0000E+00
 2.6845E+02  2.5280E-02  5.6343E+00  2.6909E-02  1.1996E+01  1.0000E+00
 2.7051E+02  2.5300E-02  5.5958E+00  2.6909E-02  1.1905E+01  1.0000E+00
 2.7258E+02  2.5319E-02  5.5576E+00  2.6909E-02  1.1814E+01  1.0000E+00
 2.7467E+02  2.5339E-02  5.5196E+00  2.6909E-02  1.1725E+01  1.0000E+00
 2.7677E+02  2.5359E-02  5.4819E+00  2.6910E-02  1.1636E+01  1.0000E+00
 2.7889E+02  2.5378E-02  5.4444E+00  2.6910E-02  1.1547E+01  1.0000E+00
 2.8103E+02  2.5398E-02  5.4071E+00  2.6910E-02  1.1460E+01  1.0000E+00
 2.8318E+02  2.5417E-02  5.3701E+00  2.6910E-02  1.1373E+01  1.0000E+00
 2.8535E+02  2.5436E-02  5.3334E+00  2.6910E-02  1.1286E+01  1.0000E+00
 2.8753E+02  2.5456E-02  5.2969E+00  2.6911E-02  1.1201E+01  1.0000E+00
 2.8974E+02  2.5475E-02  5.2606E+00  2.6911E-02  1.1116E+01  1.0000E+00
 2.9195E+02  2.5494E-02  5.2246E+00  2.6911E-02  1.1031E+01  1.0000E+00
 2.9419E+02  2.5514E-02  5.1887E+00  2.6911E-02  1.0948E+01  1.0000E+00
 2.9644E+02  2.5533E-02  5.1532E+00  2.6912E-02  1.0865E+01  1.0000E+00
 2.9871E+02  2.5552E-02  5.1178E+00  2.6912E-02  1.0782E+01  1.0000E+00
 3.0100E+02  2.5571E-02  5.0827E+00  2.6912E-02  1.0700E+01  1.0000E+00
 3.0331E+02  2.5590E-02  5.0478E+00  2.6912E-02  1.0619E+01  1.0000E+00
 3.0563E+02  2.5609E-02  5.0131E+00  2.6913E-02  1.0538E+01  1.0000E+00
 3.0797E+02  2.5628E-02  4.9787E+00  2.6913E-02  1.0458E+01  1.0000E+00
 3.1033E+02  2.5647E-02  4.9444E+00  2.6913E-02  1.0379E+01  1.0000E+00
 3.1271E+02  2.5665E-02  4.9104E+00  2.6913E-02  1.0300E+01  1.0000E+00
 3.1510E+02  2.5684E-02  4.8766E+00  2.6914E-02  1.0222E+01  1.0000E+00
 3.1751E+02  2.5702E-02  4.8431E+00  2.6914E-02  1.0144E+01  1.0000E+00
 3.1994E+02  2.5721E-02  4.8097E+00  2.6914E-02  1.0067E+01  1.0000E+00
 3.2240E+02  2.5739E-02  4.7765E+00  2.6914E-02  9.9911E+00  1.0000E+00
 3.2486E+02  2.5758E-02  4.7436E+00  2.6915E-02  9.9153E+00  1.0000E+00
 3.2735E+02  2.5776E-02  4.7109E+00  2.6915E-02  9.8400E+00  1.0000E+00
 3.2986E+02  2.5794E-02  4.6784E+00  2.6915E-02  9.7653E+00  1.0000E+00
 3.3239E+02  2.5812E-02  4.6460E+00  2.6915E-02  9.6912E+00  1.0000E+00
 3.3493E+02  2.5830E-02  4.6139E+00  2.6916E-02  9.6177E+00  1.0000E+00
 3.3750E+02  2.5848E-02  4.5820E+00  2.6916E-02  9.5447E+00  1.0000E+00
 3.4008E+02  2.5866E-02  4.5503E+00  2.6916E-02  9.4722E+00  1.0000E+00
 3.4268E+02  2.5883E-02  4.5188E+00  2.6916E-02  9.4003E+00  1.0000E+00
 3.4531E+02  2.5901E-02  4.4875E+00  2.6917E-02  9.3290E+00  1.0000E+00
 3.4795E+02  2.5919E-02  4.4564E+00  2.6917E-02  9.2582E+00  1.0000E+00
 3.5062E+02  2.5936E-02  4.4255E+00  2.6917E-02  9.1879E+00  1.0000E+00
 3.5330E+02  2.5953E-02  4.3948E+00  2.6918E-02  9.1182E+00  1.0000E+00
 3.5601E+02  2.5970E-02  4.3642E+00  2.6918E-02  9.0490E+00  1.0000E+00
 3.5874E+02  2.5987E-02  4.3339E+00  2.6918E-02  8.9803E+00  1.0000E+00
 3.6148E+02  2.6004E-02  4.3038E+00  2.6918E-02  8.9122E+00  1.0000E+00
 3.6425E+02  2.6021E-02  4.2738E+00  2.6919E-02  8.8446E+00  1.0000E+00
 3.6704E+02  2.6038E-02  4.2441E+00  2.6919E-02  8.7774E+00  1.0000E+00
 3.6985E+02  2.6055E-02  4.2145E+00  2.6919E-02  8.7108E+00  1.0000E+00
 3.7268E+02  2.6071E-02  4.1851E+00  2.6920E-02  8.6447E+00  1.0000E+00
 3.7554E+02  2.6088E-02  4.1559E+00  2.6920E-02  8.5791E+00  1.0000E+00
 3.7841E+02  2.6104E-02  4.1269E+00  2.6920E-02  8.5140E+00  1.0000E+00
 3.8131E+02  2.6120E-02  4.0980E+00  2.6921E-02  8.4494E+00  1.0000E+00
 3.8423E+02  2.6136E-02  4.0694E+00  2.6921E-02  8.3853E+00  1.0000E+00
 3.8718E+02  2.6152E-02  4.0409E+00  2.6921E-02  8.3217E+00  1.0000E+00
 3.9014E+02  2.6168E-02  4.0126E+00  2.6921E-02  8.2585E+00  1.0000E+00
 3.9313E+02  2.6183E-02  3.9845E+00  2.6922E-02  8.1959E+00  1.0000E+00
 3.9614E+02  2.6199E-02  3.9565E+00  2.6922E-02  8.1337E+00  1.0000E+00
 3.9917E+02  2.6214E-02  3.9287E+00  2.6922E-02  8.0720E+00  1.0000E+00
 4.0223E+02  2.6230E-02  3.9011E+00  2.6923E-02  8.0107E+00  1.0000E+00
 4.0531E+02  2.6245E-02  3.8737E+00  2.6923E-02  7.9499E+00  1.0000E+00
 4.0841E+02  2.6260E-02  3.8464E+00  2.6923E-02  7.8896E+00  1.0000E+00
 4.1154E+02  2.6275E-02  3.8193E+00  2.6924E-02  7.8298E+00  1.0000E+00
 4.1469E+02  2.6289E-02  3.7924E+00  2.6924E-02  7.7704E+00  1.0000E+00
 4.1787E+02  2.6304E-02  3.7657E+00  2.6924E-02  7.7114E+00  1.0000E+00
 4.2107E+02  2.6318E-02  3.7391E+00  2.6925E-02  7.6529E+00  1.0000E+00
 4.2429E+02  2.6332E-02  3.7127E+00  2.6925E-02  7.5948E+00  1.0000E+00
 4.2754E+02  2.6347E-02  3.6864E+00  2.6925E-02  7.5372E+00  1.0000E+00
 4.3082E+02  2.6360E-02  3.6603E+00  2.6926E-02  7.4800E+00  1.0000E+00
 4.3412E+02  2.6374E-02  3.6344E+00  2.6926E-02  7.4233E+00  1.0000E+00
 4.3744E+02  2.6388E-02  3.6086E+00  2.6926E-02  7.3670E+00  1.0000E+00
 4.4079E+02  2.6401E-02  3.5830E+00  2.6927E-02  7.3111E+00  1.0000E+00
 4.4417E+02  2.6415E-02  3.5576E+00  2.6927E-02  7.2556E+00  1.0000E+00
 4.4757E+02  2.6428E-02  3.5323E+00  2.6927E-02  7.2006E+00  1.0000E+00
 4.5100E+02  2.6441E-02  3.5071E+00  2.6928E-02  7.1459E+00  1.0000E+00
 4.5445E+02  2.6453E-02  3.4821E+00  2.6928E-02  7.0917E+00  1.0000E+00
 4.5793E+02  2.6466E-02  3.4573E+00  2.6929E-02  7.0379E+00  1.0000E+00
 4.6144E+02  2.6478E-02  3.4326E+00  2.6929E-02  6.9846E+00  1.0000E+00
 4.6497E+02  2.6490E-02  3.4080E+00  2.6929E-02  6.9316E+00  1.0000E+00
 4.6853E+02  2.6502E-02  3.3836E+00  2.6930E-02  6.8790E+00  1.0000E+00
 4.7212E+02  2.6513E-02  3.3593E+00  2.6930E-02  6.8268E+00  1.0000E+00
 4.7574E+02  2.6524E-02  3.3352E+00  2.6930E-02  6.7750E+00  1.0000E+00
 4.7938E+02  2.6535E-02  3.3112E+00  2.6931E-02  6.7236E+00  1.0000E+00
 4.8305E+02  2.6546E-02  3.2873E+00  2.6931E-02  6.6726E+00  1.0000E+00
 4.8675E+02  2.6556E-02  3.2636E+00  2.6932E-02  6.6220E+00  1.0000E+00
 4.9048E+02  2.6567E-02  3.2400E+00  2.6932E-02  6.5718E+00  1.0000E+00
 4.9424E+02  2.6577E-02  3.2166E+00  2.6932E-02  6.5219E+00  1.0000E+00
 4.9802E+02  2.6586E-02  3.1933E+00  2.6933E-02  6.4725E+00  1.0000E+00
 5.0183E+02  2.6596E-02  3.1702E+00  2.6933E-02  6.4234E+00  1.0000E+00
 5.0568E+02  2.6605E-02  3.1472E+00  2.6934E-02  6.3747E+00  1.0000E+00
 5.0955E+02  2.6614E-02  3.1243E+00  2.6934E-02  6.3263E+00  1.0000E+00
 5.1345E+02  2.6623E-02  3.1016E+00  2.6934E-02  6.2783E+00  1.0000E+00
 5.1738E+02  2.6632E-02  3.0790E+00  2.6935E-02  6.2307E+00  1.0000E+00
 5.2135E+02  2.6640E-02  3.0566E+00  2.6935E-02  6.1835E+00  1.0000E+00
 5.2534E+02  2.6649E-02  3.0343E+00  2.6936E-02  6.1366E+00  1.0000E+00
 5.2936E+02  2.6657E-02  3.0121E+00  2.6936E-02  6.0900E+00  1.0000E+00
 5.3342E+02  2.6665E-02  2.9901E+00  2.6937E-02  6.0438E+00  1.0000E+00
 5.3750E+02  2.6672E-02  2.9682E+00  2.6937E-02  5.9980E+00  1.0000E+00
 5.4162E+02  2.6680E-02  2.9465E+00  2.6937E-02  5.9525E+00  1.0000E+00
 5.4577E+02  2.6687E-02  2.9249E+00  2.6938E-02  5.9074E+00  1.0000E+00
 5.4995E+02  2.6695E-02  2.9034E+00  2.6938E-02  5.8626E+00  1.0000E+00
 5.5416E+02  2.6702E-02  2.8821E+00  2.6939E-02  5.8181E+00  1.0000E+00
 5.5840E+02  2.6709E-02  2.8609E+00  2.6939E-02  5.7740E+00  1.0000E+00
 5.6268E+02  2.6715E-02  2.8399E+00  2.6940E-02  5.7302E+00  1.0000E+00
 5.6699E+02  2.6722E-02  2.8190E+00  2.6940E-02  5.6868E+00  1.0000E+00
 5.7133E+02  2.6728E-02  2.7982E+00  2.6941E-02  5.6436E+00  1.0000E+00
 5.7571E+02  2.6735E-02  2.7776E+00  2.6941E-02  5.6009E+00  1.0000E+00
 5.8011E+02  2.6741E-02  2.7571E+00  2.6941E-02  5.5584E+00  1.0000E+00
 5.8456E+02  2.6747E-02  2.7368E+00  2.6942E-02  5.5162E+00  1.0000E+00
 5.8903E+02  2.6753E-02  2.7166E+00  2.6942E-02  5.4744E+00  1.0000E+00
 5.9354E+02  2.6758E-02  2.6965E+00  2.6943E-02  5.4329E+00  1.0000E+00
 5.9809E+02  2.6764E-02  2.6765E+00  2.6943E-02  5.3917E+00  1.0000E+00
 6.0267E+02  2.6770E-02  2.6567E+00  2.6944E-02  5.3508E+00  1.0000E+00
 6.0729E+02  2.6775E-02  2.6371E+00  2.6944E-02  5.3103E+00  1.0000E+00
 6.1194E+02  2.6780E-02  2.6175E+00  2.6945E-02  5.2700E+00  1.0000E+00
 6.1662E+02  2.6785E-02  2.5981E+00  2.6945E-02  5.2300E+00  1.0000E+00
 6.2135E+02  2.6791E-02  2.5789E+00  2.6946E-02  5.1904E+00  1.0000E+00
 6.2610E+02  2.6796E-02  2.5597E+00  2.6946E-02  5.1510E+00  1.0000E+00
 6.3090E+02  2.6800E-02  2.5407E+00  2.6947E-02  5.1120E+00  1.0000E+00
 6.3573E+02  2.6805E-02  2.5219E+00  2.6947E-02  5.0732E+00  1.0000E+00
 6.4060E+02  2.6810E-02  2.5031E+00  2.6948E-02  5.0348E+00  1.0000E+00
 6.4551E+02  2.6815E-02  2.4845E+00  2.6948E-02  4.9966E+00  1.0000E+00
 6.5045E+02  2.6819E-02  2.4660E+00  2.6949E-02  4.9587E+00  1.0000E+00
 6.5543E+02  2.6824E-02  2.4477E+00  2.6949E-02  4.9212E+00  1.0000E+00
 6.6045E+02  2.6828E-02  2.4295E+00  2.6950E-02  4.8838E+00  1.0000E+00
 6.6551E+02  2.6833E-02  2.4114E+00  2.6950E-02  4.8468E+00  1.0000E+00
 6.7060E+02  2.6837E-02  2.3934E+00  2.6951E-02  4.8101E+00  1.0000E+00
 6.7574E+02  2.6841E-02  2.3756E+00  2.6952E-02  4.7736E+00  1.0000E+00
 6.8092E+02  2.6845E-02  2.3579E+00  2.6952E-02  4.7374E+00  1.0000E+00
 6.8613E+02  2.6850E-02  2.3404E+00  2.6953E-02  4.7015E+00  1.0000E+00
 6.9138E+02  2.6854E-02  2.3229E+00  2.6953E-02  4.6659E+00  1.0000E+00
 6.9668E+02  2.6858E-02  2.3056E+00  2.6954E-02  4.6305E+00  1.0000E+00
 7.0201E+02  2.6862E-02  2.2884E+00  2.6954E-02  4.5954E+00  1.0000E+00
 7.0739E+02  2.6866E-02  2.2713E+00  2.6955E-02  4.5606E+00  1.0000E+00
 7.1281E+02  2.6870E-02  2.2544E+00  2.6955E-02  4.5261E+00  1.0000E+00
 7.1827E+02  2.6874E-02  2.2376E+00  2.6956E-02  4.4918E+00  1.0000E+00
 7.2377E+02  2.6878E-02  2.2209E+00  2.6957E-02  4.4577E+00  1.0000E+00
 7.2931E+02  2.6882E-02  2.2044E+00  2.6957E-02  4.4239E+00  1.0000E+00
 7.3490E+02  2.6886E-02  2.1880E+00  2.6958E-02  4.3904E+00  1.0000E+00
 7.4052E+02  2.6891E-02  2.1717E+00  2.6958E-02  4.3571E+00  1.0000E+00
 7.4620E+02  2.6895E-02  2.1555E+00  2.6959E-02  4.3241E+00  1.0000E+00
 7.5191E+02  2.6899E-02  2.1394E+00  2.6960E-02  4.2914E+00  1.0000E+00
 7.5767E+02  2.6904E-02  2.1235E+00  2.6960E-02  4.2588E+00  1.0000E+00
 7.6347E+02  2.6908E-02  2.1077E+00  2.6961E-02  4.2266E+00  1.0000E+00
 7.6932E+02  2.6913E-02  2.0920E+00  2.6961E-02  4.1945E+00  1.0000E+00
 7.7521E+02  2.6917E-02  2.0765E+00  2.6962E-02  4.1628E+00  1.0000E+00
 7.8115E+02  2.6922E-02  2.0610E+00  2.6963E-02  4.1312E+00  1.0000E+00
 7.8713E+02  2.6927E-02  2.0457E+00  2.6963E-02  4.0999E+00  1.0000E+00
 7.9316E+02  2.6931E-02  2.0305E+00  2.6964E-02  4.0689E+00  1.0000E+00
 7.9923E+02  2.6936E-02  2.0154E+00  2.6965E-02  4.0380E+00  1.0000E+00
 8.0535E+02  2.6941E-02  2.0004E+00  2.6965E-02  4.0074E+00  1.0000E+00
 8.1152E+02  2.6946E-02  1.9856E+00  2.6966E-02  3.9771E+00  1.0000E+00
 8.1774E+02  2.6951E-02  1.9708E+00  2.6966E-02  3.9470E+00  1.0000E+00
 8.2400E+02  2.6956E-02  1.9562E+00  2.6967E-02  3.9171E+00  1.0000E+00
 8.3031E+02  2.6961E-02  1.9417E+00  2.6968E-02  3.8874E+00  1.0000E+00
 8.3667E+02  2.6966E-02  1.9273E+00  2.6968E-02  3.8579E+00  1.0000E+00
 8.4307E+02  2.6971E-02  1.9130E+00  2.6969E-02  3.8287E+00  1.0000E+00
 8.4953E+02  2.6976E-02  1.8988E+00  2.6970E-02  3.7997E+00  1.0000E+00
 8.5604E+02  2.6982E-02  1.8847E+00  2.6971E-02  3.7709E+00  1.0000E+00
 8.6259E+02  2.6987E-02  1.8708E+00  2.6971E-02  3.7424E+00  1.0000E+00
 8.6920E+02  2.6992E-02  1.8569E+00  2.6972E-02  3.7140E+00  1.0000E+00
 8.7586E+02  2.6998E-02  1.8432E+00  2.6973E-02  3.6859E+00  1.0000E+00
 8.8256E+02  2.7003E-02  1.8295E+00  2.6973E-02  3.6580E+00  1.0000E+00
 8.8932E+02  2.7009E-02  1.8160E+00  2.6974E-02  3.6303E+00  1.0000E+00
 8.9613E+02  2.7014E-02  1.8025E+00  2.6975E-02  3.6028E+00  1.0000E+00
 9.0300E+02  2.7020E-02  1.7892E+00  2.6975E-02  3.5755E+00  1.0000E+00
 9.0991E+02  2.7026E-02  1.7760E+00  2.6976E-02  3.5484E+00  1.0000E+00
 9.1688E+02  2.7032E-02  1.7628E+00  2.6977E-02  3.5215E+00  1.0000E+00
 9.2390E+02  2.7037E-02  1.7498E+00  2.6978E-02  3.4949E+00  1.0000E+00
 9.3098E+02  2.7043E-02  1.7369E+00  2.6978E-02  3.4684E+00  1.0000E+00
 9.3811E+02  2.7049E-02  1.7240E+00  2.6979E-02  3.4421E+00  1.0000E+00
 9.4529E+02  2.7055E-02  1.7113E+00  2.6980E-02  3.4161E+00  1.0000E+00
 9.5253E+02  2.7061E-02  1.6987E+00  2.6981E-02  3.3902E+00  1.0000E+00
 9.5983E+02  2.7068E-02  1.6861E+00  2.6981E-02  3.3645E+00  1.0000E+00
 9.6718E+02  2.7074E-02  1.6737E+00  2.6982E-02  3.3391E+00  1.0000E+00
 9.7458E+02  2.7080E-02  1.6613E+00  2.6983E-02  3.3138E+00  1.0000E+00
 9.8205E+02  2.7086E-02  1.6491E+00  2.6984E-02  3.2887E+00  1.0000E+00
 9.8957E+02  2.7093E-02  1.6369E+00  2.6985E-02  3.2638E+00  1.0000E+00
 9.9715E+02  2.7099E-02  1.6249E+00  2.6985E-02  3.2391E+00  1.0000E+00
 1.0048E+03  2.7106E-02  1.6129E+00  2.6986E-02  3.2146E+00  1.0000E+00
 1.0125E+03  2.7112E-02  1.6010E+00  2.6987E-02  3.1902E+00  1.0000E+00
 1.0202E+03  2.7119E-02  1.5892E+00  2.6988E-02  3.1661E+00  1.0000E+00
 1.0280E+03  2.7126E-02  1.5775E+00  2.6989E-02  3.1421E+00  1.0000E+00
 1.0359E+03  2.7133E-02  1.5659E+00  2.6989E-02  3.1183E+00  1.0000E+00
 1.0439E+03  2.7140E-02  1.5544E+00  2.6990E-02  3.0947E+00  1.0000E+00
 1.0518E+03  2.7146E-02  1.5430E+00  2.6991E-02  3.0713E+00  1.0000E+00
 1.0599E+03  2.7153E-02  1.5316E+00  2.6992E-02  3.0481E+00  1.0000E+00
 1.0680E+03  2.7161E-02  1.5204E+00  2.6993E-02  3.0250E+00  1.0000E+00
 1.0762E+03  2.7168E-02  1.5092E+00  2.6994E-02  3.0021E+00  1.0000E+00
 1.0844E+03  2.7175E-02  1.4981E+00  2.6995E-02  2.9794E+00  1.0000E+00
 1.0927E+03  2.7182E-02  1.4871E+00  2.6995E-02  2.9568E+00  1.0000E+00
 1.1011E+03  2.7190E-02  1.4762E+00  2.6996E-02  2.9345E+00  1.0000E+00
 1.1095E+03  2.7197E-02  1.4654E+00  2.6997E-02  2.9123E+00  1.0000E+00
 1.1180E+03  2.7198E-02  1.4543E+00  2.6998E-02  2.8902E+00  1.0000E+00
 1.1266E+03  2.7198E-02  1.4432E+00  2.6999E-02  2.8684E+00  1.0000E+00
 1.1352E+03  2.7197E-02  1.4322E+00  2.7000E-02  2.8467E+00  1.0000E+00
 1.1439E+03  2.7197E-02  1.4213E+00  2.7001E-02  2.8251E+00  1.0000E+00
 1.1527E+03  2.7196E-02  1.4104E+00  2.7002E-02  2.8037E+00  1.0000E+00
 1.1615E+03  2.7196E-02  1.3997E+00  2.7003E-02  2.7825E+00  1.0000E+00
 1.1704E+03  2.7195E-02  1.3890E+00  2.7004E-02  2.7615E+00  1.0000E+00
 1.1794E+03  2.7194E-02  1.3784E+00  2.7005E-02  2.7406E+00  1.0000E+00
 1.1884E+03  2.7194E-02  1.3679E+00  2.7006E-02  2.7199E+00  1.0000E+00
 1.1975E+03  2.7193E-02  1.3574E+00  2.7007E-02  2.6993E+00  1.0000E+00
 1.2067E+03  2.7193E-02  1.3471E+00  2.7007E-02  2.6789E+00  1.0000E+00
 1.2159E+03  2.7193E-02  1.3368E+00  2.7008E-02  2.6586E+00  1.0000E+00
 1.2252E+03  2.7192E-02  1.3266E+00  2.7009E-02  2.6385E+00  1.0000E+00
 1.2346E+03  2.7192E-02  1.3165E+00  2.7010E-02  2.6185E+00  1.0000E+00
 1.2441E+03  2.7191E-02  1.3065E+00  2.7011E-02  2.5987E+00  1.0000E+00
 1.2536E+03  2.7191E-02  1.2965E+00  2.7012E-02  2.5791E+00  1.0000E+00
 1.2632E+03  2.7191E-02  1.2866E+00  2.7013E-02  2.5596E+00  1.0000E+00
 1.2729E+03  2.7190E-02  1.2768E+00  2.7014E-02  2.5402E+00  1.0000E+00
 1.2826E+03  2.7190E-02  1.2671E+00  2.7015E-02  2.5210E+00  1.0000E+00
 1.2924E+03  2.7190E-02  1.2574E+00  2.7017E-02  2.5019E+00  1.0000E+00
 1.3023E+03  2.7189E-02  1.2479E+00  2.7018E-02  2.4830E+00  1.0000E+00
 1.3123E+03  2.7189E-02  1.2383E+00  2.7019E-02  2.4642E+00  1.0000E+00
 1.3224E+03  2.7189E-02  1.2289E+00  2.7020E-02  2.4456E+00  1.0000E+00
 1.3325E+03  2.7189E-02  1.2195E+00  2.7021E-02  2.4271E+00  1.0000E+00
 1.3427E+03  2.7188E-02  1.2103E+00  2.7022E-02  2.4088E+00  1.0000E+00
 1.3530E+03  2.7188E-02  1.2010E+00  2.7023E-02  2.3906E+00  1.0000E+00
 1.3633E+03  2.7188E-02  1.1919E+00  2.7024E-02  2.3725E+00  1.0000E+00
 1.3738E+03  2.7188E-02  1.1828E+00  2.7025E-02  2.3546E+00  1.0000E+00
 1.3843E+03  2.7188E-02  1.1738E+00  2.7026E-02  2.3368E+00  1.0000E+00
 1.3949E+03  2.7188E-02  1.1649E+00  2.7027E-02  2.3191E+00  1.0000E+00
 1.4056E+03  2.7188E-02  1.1560E+00  2.7028E-02  2.3016E+00  1.0000E+00
 1.4164E+03  2.7187E-02  1.1472E+00  2.7030E-02  2.2842E+00  1.0000E+00
 1.4272E+03  2.7187E-02  1.1385E+00  2.7031E-02  2.2669E+00  1.0000E+00
 1.4381E+03  2.7187E-02  1.1298E+00  2.7032E-02  2.2498E+00  1.0000E+00
 1.4491E+03  2.7187E-02  1.1212E+00  2.7033E-02  2.2328E+00  1.0000E+00
 1.4602E+03  2.7187E-02  1.1127E+00  2.7034E-02  2.2159E+00  1.0000E+00
 1.4714E+03  2.7187E-02  1.1042E+00  2.7035E-02  2.1992E+00  1.0000E+00
 1.4827E+03  2.7187E-02  1.0958E+00  2.7037E-02  2.1825E+00  1.0000E+00
 1.4940E+03  2.7187E-02  1.0875E+00  2.7038E-02  2.1660E+00  1.0000E+00
 1.5055E+03  2.7187E-02  1.0792E+00  2.7039E-02  2.1497E+00  1.0000E+00
 1.5170E+03  2.7188E-02  1.0710E+00  2.7040E-02  2.1334E+00  1.0000E+00
 1.5286E+03  2.7188E-02  1.0628E+00  2.7041E-02  2.1173E+00  1.0000E+00
 1.5403E+03  2.7188E-02  1.0547E+00  2.7043E-02  2.1013E+00  1.0000E+00
 1.5521E+03  2.7188E-02  1.0467E+00  2.7044E-02  2.0854E+00  1.0000E+00
 1.5640E+03  2.7188E-02  1.0388E+00  2.7045E-02  2.0697E+00  1.0000E+00
 1.5760E+03  2.7188E-02  1.0309E+00  2.7046E-02  2.0541E+00  1.0000E+00
 1.5881E+03  2.7188E-02  1.0230E+00  2.7048E-02  2.0385E+00  1.0000E+00
 1.6002E+03  2.7189E-02  1.0152E+00  2.7049E-02  2.0232E+00  1.0000E+00
 1.6125E+03  2.7189E-02  1.0075E+00  2.7050E-02  2.0079E+00  1.0000E+00
 1.6248E+03  2.7189E-02  9.9986E-01  2.7052E-02  1.9927E+00  1.0000E+00
 1.6373E+03  2.7189E-02  9.9225E-01  2.7053E-02  1.9777E+00  1.0000E+00
 1.6498E+03  2.7190E-02  9.8471E-01  2.7054E-02  1.9627E+00  1.0000E+00
 1.6625E+03  2.7190E-02  9.7723E-01  2.7056E-02  1.9479E+00  1.0000E+00
 1.6752E+03  2.7190E-02  9.6980E-01  2.7057E-02  1.9332E+00  1.0000E+00
 1.6880E+03  2.7191E-02  9.6243E-01  2.7058E-02  1.9186E+00  1.0000E+00
 1.7009E+03  2.7191E-02  9.5511E-01  2.7060E-02  1.9041E+00  1.0000E+00
 1.7140E+03  2.7191E-02  9.4785E-01  2.7061E-02  1.8897E+00  1.0000E+00
 1.7271E+03  2.7192E-02  9.4065E-01  2.7062E-02  1.8755E+00  1.0000E+00
 1.7403E+03  2.7192E-02  9.3351E-01  2.7064E-02  1.8613E+00  1.0000E+00
 1.7537E+03  2.7193E-02  9.2641E-01  2.7065E-02  1.8473E+00  1.0000E+00
 1.7671E+03  2.7193E-02  9.1938E-01  2.7067E-02  1.8333E+00  1.0000E+00
 1.7806E+03  2.7193E-02  9.1239E-01  2.7068E-02  1.8195E+00  1.0000E+00
 1.7943E+03  2.7194E-02  9.0546E-01  2.7069E-02  1.8058E+00  1.0000E+00
 1.8080E+03  2.7194E-02  8.9858E-01  2.7071E-02  1.7921E+00  1.0000E+00
 1.8218E+03  2.7195E-02  8.9176E-01  2.7072E-02  1.7786E+00  1.0000E+00
 1.8358E+03  2.7196E-02  8.8499E-01  2.7074E-02  1.7652E+00  1.0000E+00
 1.8499E+03  2.7196E-02  8.7827E-01  2.7075E-02  1.7519E+00  1.0000E+00
 1.8640E+03  2.7197E-02  8.7160E-01  2.7077E-02  1.7386E+00  1.0000E+00
 1.8783E+03  2.7197E-02  8.6498E-01  2.7078E-02  1.7255E+00  1.0000E+00
 1.8927E+03  2.7198E-02  8.5841E-01  2.7080E-02  1.7125E+00  1.0000E+00
 1.9072E+03  2.7199E-02  8.5190E-01  2.7081E-02  1.6996E+00  1.0000E+00
 1.9218E+03  2.7199E-02  8.4543E-01  2.7083E-02  1.6868E+00  1.0000E+00
 1.9365E+03  2.7200E-02  8.3902E-01  2.7085E-02  1.6740E+00  1.0000E+00
 1.9513E+03  2.7201E-02  8.3265E-01  2.7086E-02  1.6614E+00  1.0000E+00
 1.9663E+03  2.7201E-02  8.2633E-01  2.7088E-02  1.6489E+00  1.0000E+00
 1.9813E+03  2.7202E-02  8.2006E-01  2.7089E-02  1.6365E+00  1.0000E+00
 1.9965E+03  2.7203E-02  8.1384E-01  2.7091E-02  1.6241E+00  1.0000E+00
 2.0118E+03  2.7203E-02  8.0766E-01  2.7092E-02  1.6119E+00  1.0000E+00
 2.0272E+03  2.7204E-02  8.0153E-01  2.7094E-02  1.5997E+00  1.0000E+00
 2.0427E+03  2.7205E-02  7.9545E-01  2.7096E-02  1.5876E+00  1.0000E+00
 2.0584E+03  2.7206E-02  7.8942E-01  2.7097E-02  1.5757E+00  1.0000E+00
 2.0741E+03  2.7207E-02  7.8343E-01  2.7099E-02  1.5638E+00  1.0000E+00
 2.0900E+03  2.7208E-02  7.7749E-01  2.7101E-02  1.5520E+00  1.0000E+00
 2.1060E+03  2.7208E-02  7.7159E-01  2.7102E-02  1.5403E+00  1.0000E+00
 2.1222E+03  2.7209E-02  7.6574E-01  2.7104E-02  1.5287E+00  1.0000E+00
 2.1384E+03  2.7210E-02  7.5994E-01  2.7106E-02  1.5172E+00  1.0000E+00
 2.1548E+03  2.7211E-02  7.5418E-01  2.7108E-02  1.5057E+00  1.0000E+00
 2.1713E+03  2.7212E-02  7.4846E-01  2.7109E-02  1.4944E+00  1.0000E+00
 2.1879E+03  2.7213E-02  7.4278E-01  2.7111E-02  1.4831E+00  1.0000E+00
 2.2047E+03  2.7214E-02  7.3715E-01  2.7113E-02  1.4720E+00  1.0000E+00
 2.2216E+03  2.7215E-02  7.3157E-01  2.7115E-02  1.4609E+00  1.0000E+00
 2.2386E+03  2.7216E-02  7.2602E-01  2.7116E-02  1.4499E+00  1.0000E+00
 2.2557E+03  2.7217E-02  7.2052E-01  2.7118E-02  1.4389E+00  1.0000E+00
 2.2730E+03  2.7218E-02  7.1506E-01  2.7120E-02  1.4281E+00  1.0000E+00
 2.2904E+03  2.7219E-02  7.0964E-01  2.7122E-02  1.4173E+00  1.0000E+00
 2.3079E+03  2.7221E-02  7.0427E-01  2.7124E-02  1.4067E+00  1.0000E+00
 2.3256E+03  2.7222E-02  6.9893E-01  2.7126E-02  1.3961E+00  1.0000E+00
 2.3434E+03  2.7223E-02  6.9364E-01  2.7127E-02  1.3856E+00  1.0000E+00
 2.3614E+03  2.7224E-02  6.8838E-01  2.7129E-02  1.3751E+00  1.0000E+00
 2.3794E+03  2.7225E-02  6.8317E-01  2.7131E-02  1.3648E+00  1.0000E+00
 2.3977E+03  2.7226E-02  6.7799E-01  2.7133E-02  1.3545E+00  1.0000E+00
 2.4160E+03  2.7228E-02  6.7286E-01  2.7135E-02  1.3443E+00  1.0000E+00
 2.4345E+03  2.7229E-02  6.6776E-01  2.7137E-02  1.3342E+00  1.0000E+00
 2.4532E+03  2.7230E-02  6.6271E-01  2.7139E-02  1.3241E+00  1.0000E+00
 2.4720E+03  2.7231E-02  6.5769E-01  2.7141E-02  1.3142E+00  1.0000E+00
 2.4909E+03  2.7233E-02  6.5271E-01  2.7143E-02  1.3043E+00  1.0000E+00
 2.5100E+03  2.7234E-02  6.4777E-01  2.7145E-02  1.2945E+00  1.0000E+00
 2.5292E+03  2.7235E-02  6.4287E-01  2.7147E-02  1.2847E+00  1.0000E+00
 2.5486E+03  2.7237E-02  6.3800E-01  2.7149E-02  1.2750E+00  1.0000E+00
 2.5681E+03  2.7238E-02  6.3317E-01  2.7151E-02  1.2655E+00  1.0000E+00
 2.5878E+03  2.7240E-02  6.2838E-01  2.7153E-02  1.2559E+00  1.0000E+00
 2.6076E+03  2.7241E-02  6.2363E-01  2.7155E-02  1.2465E+00  1.0000E+00
 2.6275E+03  2.7243E-02  6.1891E-01  2.7158E-02  1.2371E+00  1.0000E+00
 2.6477E+03  2.7244E-02  6.1423E-01  2.7160E-02  1.2278E+00  1.0000E+00
 2.6679E+03  2.7246E-02  6.0958E-01  2.7162E-02  1.2186E+00  1.0000E+00
 2.6884E+03  2.7247E-02  6.0497E-01  2.7164E-02  1.2094E+00  1.0000E+00
 2.7090E+03  2.7249E-02  6.0039E-01  2.7166E-02  1.2003E+00  1.0000E+00
 2.7297E+03  2.7250E-02  5.9585E-01  2.7168E-02  1.1913E+00  1.0000E+00
 2.7506E+03  2.7252E-02  5.9135E-01  2.7171E-02  1.1823E+00  1.0000E+00
 2.7717E+03  2.7253E-02  5.8687E-01  2.7173E-02  1.1734E+00  1.0000E+00
 2.7929E+03  2.7255E-02  5.8244E-01  2.7175E-02  1.1646E+00  1.0000E+00
 2.8143E+03  2.7257E-02  5.7803E-01  2.7177E-02  1.1559E+00  1.0000E+00
 2.8358E+03  2.7258E-02  5.7366E-01  2.7180E-02  1.1472E+00  1.0000E+00
 2.8576E+03  2.7260E-02  5.6933E-01  2.7182E-02  1.1385E+00  1.0000E+00
 2.8794E+03  2.7262E-02  5.6502E-01  2.7184E-02  1.1300E+00  1.0000E+00
 2.9015E+03  2.7264E-02  5.6075E-01  2.7187E-02  1.1215E+00  1.0000E+00
 2.9237E+03  2.7265E-02  5.5652E-01  2.7189E-02  1.1131E+00  1.0000E+00
 2.9461E+03  2.7267E-02  5.5231E-01  2.7191E-02  1.1047E+00  1.0000E+00
 2.9687E+03  2.7269E-02  5.4814E-01  2.7194E-02  1.0964E+00  1.0000E+00
 2.9914E+03  2.7271E-02  5.4400E-01  2.7196E-02  1.0882E+00  1.0000E+00
 3.0143E+03  2.7273E-02  5.3989E-01  2.7198E-02  1.0800E+00  1.0000E+00
 3.0374E+03  2.7275E-02  5.3581E-01  2.7201E-02  1.0719E+00  1.0000E+00
 3.0607E+03  2.7276E-02  5.3176E-01  2.7203E-02  1.0638E+00  1.0000E+00
 3.0841E+03  2.7278E-02  5.2774E-01  2.7206E-02  1.0558E+00  1.0000E+00
 3.1077E+03  2.7280E-02  5.2376E-01  2.7208E-02  1.0479E+00  1.0000E+00
 3.1315E+03  2.7282E-02  5.1980E-01  2.7211E-02  1.0400E+00  1.0000E+00
 3.1555E+03  2.7284E-02  5.1588E-01  2.7213E-02  1.0322E+00  1.0000E+00
 3.1797E+03  2.7286E-02  5.1198E-01  2.7216E-02  1.0245E+00  1.0000E+00
 3.2040E+03  2.7288E-02  5.0812E-01  2.7219E-02  1.0168E+00  1.0000E+00
 3.2286E+03  2.7290E-02  5.0428E-01  2.7221E-02  1.0092E+00  1.0000E+00
 3.2533E+03  2.7293E-02  5.0048E-01  2.7224E-02  1.0016E+00  1.0000E+00
 3.2782E+03  2.7295E-02  4.9670E-01  2.7226E-02  9.9408E-01  1.0000E+00
 3.3033E+03  2.7297E-02  4.9295E-01  2.7229E-02  9.8662E-01  1.0000E+00
 3.3286E+03  2.7299E-02  4.8923E-01  2.7232E-02  9.7922E-01  1.0000E+00
 3.3541E+03  2.7301E-02  4.8554E-01  2.7234E-02  9.7187E-01  1.0000E+00
 3.3798E+03  2.7303E-02  4.8188E-01  2.7237E-02  9.6458E-01  1.0000E+00
 3.4057E+03  2.7306E-02  4.7824E-01  2.7240E-02  9.5735E-01  1.0000E+00
 3.4317E+03  2.7308E-02  4.7463E-01  2.7243E-02  9.5017E-01  1.0000E+00
 3.4580E+03  2.7310E-02  4.7105E-01  2.7245E-02  9.4304E-01  1.0000E+00
 3.4845E+03  2.7312E-02  4.6750E-01  2.7248E-02  9.3597E-01  1.0000E+00
 3.5112E+03  2.7315E-02  4.6398E-01  2.7251E-02  9.2896E-01  1.0000E+00
 3.5381E+03  2.7317E-02  4.6048E-01  2.7254E-02  9.2199E-01  1.0000E+00
 3.5652E+03  2.7320E-02  4.5701E-01  2.7257E-02  9.1508E-01  1.0000E+00
 3.5925E+03  2.7322E-02  4.5356E-01  2.7260E-02  9.0822E-01  1.0000E+00
 3.6200E+03  2.7324E-02  4.5014E-01  2.7263E-02  9.0142E-01  1.0000E+00
 3.6477E+03  2.7327E-02  4.4675E-01  2.7266E-02  8.9466E-01  1.0000E+00
 3.6757E+03  2.7329E-02  4.4338E-01  2.7268E-02  8.8796E-01  1.0000E+00
 3.7038E+03  2.7332E-02  4.4004E-01  2.7271E-02  8.8131E-01  1.0000E+00
 3.7322E+03  2.7334E-02  4.3673E-01  2.7274E-02  8.7471E-01  1.0000E+00
 3.7608E+03  2.7337E-02  4.3344E-01  2.7277E-02  8.6815E-01  1.0000E+00
 3.7896E+03  2.7340E-02  4.3017E-01  2.7281E-02  8.6165E-01  1.0000E+00
 3.8186E+03  2.7342E-02  4.2693E-01  2.7284E-02  8.5520E-01  1.0000E+00
 3.8478E+03  2.7345E-02  4.2371E-01  2.7287E-02  8.4880E-01  1.0000E+00
 3.8773E+03  2.7348E-02  4.2052E-01  2.7290E-02  8.4244E-01  1.0000E+00
 3.9070E+03  2.7350E-02  4.1736E-01  2.7293E-02  8.3614E-01  1.0000E+00
 3.9369E+03  2.7353E-02  4.1421E-01  2.7296E-02  8.2988E-01  1.0000E+00
 3.9671E+03  2.7356E-02  4.1110E-01  2.7299E-02  8.2367E-01  1.0000E+00
 3.9974E+03  2.7359E-02  4.0800E-01  2.7303E-02  8.1750E-01  1.0000E+00
 4.0281E+03  2.7361E-02  4.0493E-01  2.7306E-02  8.1139E-01  1.0000E+00
 4.0589E+03  2.7364E-02  4.0188E-01  2.7309E-02  8.0532E-01  1.0000E+00
 4.0900E+03  2.7367E-02  3.9886E-01  2.7312E-02  7.9929E-01  1.0000E+00
 4.1213E+03  2.7370E-02  3.9586E-01  2.7316E-02  7.9332E-01  1.0000E+00
 4.1529E+03  2.7373E-02  3.9288E-01  2.7319E-02  7.8738E-01  1.0000E+00
 4.1847E+03  2.7376E-02  3.8992E-01  2.7322E-02  7.8150E-01  1.0000E+00
 4.2167E+03  2.7379E-02  3.8699E-01  2.7326E-02  7.7565E-01  1.0000E+00
 4.2490E+03  2.7382E-02  3.8408E-01  2.7329E-02  7.6985E-01  1.0000E+00
 4.2816E+03  2.7385E-02  3.8119E-01  2.7333E-02  7.6410E-01  1.0000E+00
 4.3143E+03  2.7388E-02  3.7832E-01  2.7336E-02  7.5839E-01  1.0000E+00
 4.3474E+03  2.7391E-02  3.7548E-01  2.7340E-02  7.5272E-01  1.0000E+00
 4.3807E+03  2.7394E-02  3.7265E-01  2.7343E-02  7.4710E-01  1.0000E+00
 4.4142E+03  2.7398E-02  3.6985E-01  2.7347E-02  7.4152E-01  1.0000E+00
 4.4480E+03  2.7401E-02  3.6707E-01  2.7350E-02  7.3598E-01  1.0000E+00
 4.4821E+03  2.7404E-02  3.6431E-01  2.7354E-02  7.3048E-01  1.0000E+00
 4.5164E+03  2.7407E-02  3.6158E-01  2.7358E-02  7.2502E-01  1.0000E+00
 4.5510E+03  2.7411E-02  3.5886E-01  2.7361E-02  7.1961E-01  1.0000E+00
 4.5859E+03  2.7414E-02  3.5616E-01  2.7365E-02  7.1424E-01  1.0000E+00
 4.6210E+03  2.7417E-02  3.5349E-01  2.7369E-02  7.0891E-01  1.0000E+00
 4.6564E+03  2.7421E-02  3.5083E-01  2.7372E-02  7.0362E-01  1.0000E+00
 4.6920E+03  2.7424E-02  3.4820E-01  2.7376E-02  6.9836E-01  1.0000E+00
 4.7280E+03  2.7428E-02  3.4558E-01  2.7380E-02  6.9315E-01  1.0000E+00
 4.7642E+03  2.7431E-02  3.4299E-01  2.7384E-02  6.8798E-01  1.0000E+00
 4.8007E+03  2.7435E-02  3.4041E-01  2.7388E-02  6.8285E-01  1.0000E+00
 4.8374E+03  2.7438E-02  3.3786E-01  2.7392E-02  6.7776E-01  1.0000E+00
 4.8745E+03  2.7442E-02  3.3532E-01  2.7396E-02  6.7270E-01  1.0000E+00
 4.9118E+03  2.7445E-02  3.3280E-01  2.7400E-02  6.6769E-01  1.0000E+00
 4.9494E+03  2.7449E-02  3.3031E-01  2.7404E-02  6.6271E-01  1.0000E+00
 4.9873E+03  2.7453E-02  3.2783E-01  2.7408E-02  6.5777E-01  1.0000E+00
 5.0255E+03  2.7456E-02  3.2537E-01  2.7412E-02  6.5287E-01  1.0000E+00
 5.0640E+03  2.7460E-02  3.2293E-01  2.7416E-02  6.4800E-01  1.0000E+00
 5.1028E+03  2.7464E-02  3.2051E-01  2.7420E-02  6.4317E-01  1.0000E+00
 5.1419E+03  2.7468E-02  3.1810E-01  2.7424E-02  6.3838E-01  1.0000E+00
 5.1812E+03  2.7472E-02  3.1572E-01  2.7428E-02  6.3363E-01  1.0000E+00
 5.2209E+03  2.7476E-02  3.1335E-01  2.7432E-02  6.2891E-01  1.0000E+00
 5.2609E+03  2.7479E-02  3.1100E-01  2.7437E-02  6.2422E-01  1.0000E+00
 5.3012E+03  2.7483E-02  3.0867E-01  2.7441E-02  6.1958E-01  1.0000E+00
 5.3418E+03  2.7487E-02  3.0636E-01  2.7445E-02  6.1496E-01  1.0000E+00
 5.3827E+03  2.7491E-02  3.0406E-01  2.7450E-02  6.1039E-01  1.0000E+00
 5.4239E+03  2.7496E-02  3.0178E-01  2.7454E-02  6.0584E-01  1.0000E+00
 5.4655E+03  2.7500E-02  2.9952E-01  2.7458E-02  6.0134E-01  1.0000E+00
 5.5073E+03  2.7504E-02  2.9728E-01  2.7463E-02  5.9686E-01  1.0000E+00
 5.5495E+03  2.7508E-02  2.9505E-01  2.7467E-02  5.9242E-01  1.0000E+00
 5.5920E+03  2.7512E-02  2.9284E-01  2.7472E-02  5.8802E-01  1.0000E+00
 5.6348E+03  2.7516E-02  2.9065E-01  2.7476E-02  5.8365E-01  1.0000E+00
 5.6780E+03  2.7521E-02  2.8847E-01  2.7481E-02  5.7931E-01  1.0000E+00
 5.7215E+03  2.7525E-02  2.8631E-01  2.7486E-02  5.7500E-01  1.0000E+00
 5.7653E+03  2.7529E-02  2.8417E-01  2.7490E-02  5.7073E-01  1.0000E+00
 5.8094E+03  2.7534E-02  2.8204E-01  2.7495E-02  5.6649E-01  1.0000E+00
 5.8539E+03  2.7538E-02  2.7993E-01  2.7500E-02  5.6228E-01  1.0000E+00
 5.8988E+03  2.7543E-02  2.7784E-01  2.7505E-02  5.5810E-01  1.0000E+00
 5.9439E+03  2.7547E-02  2.7576E-01  2.7509E-02  5.5396E-01  1.0000E+00
 5.9895E+03  2.7552E-02  2.7370E-01  2.7514E-02  5.4984E-01  1.0000E+00
 6.0353E+03  2.7556E-02  2.7165E-01  2.7519E-02  5.4576E-01  1.0000E+00
 6.0815E+03  2.7561E-02  2.6962E-01  2.7524E-02  5.4171E-01  1.0000E+00
 6.1281E+03  2.7566E-02  2.6760E-01  2.7529E-02  5.3769E-01  1.0000E+00
 6.1751E+03  2.7571E-02  2.6560E-01  2.7534E-02  5.3370E-01  1.0000E+00
 6.2223E+03  2.7575E-02  2.6362E-01  2.7539E-02  5.2974E-01  1.0000E+00
 6.2700E+03  2.7580E-02  2.6165E-01  2.7544E-02  5.2581E-01  1.0000E+00
 6.3180E+03  2.7585E-02  2.5969E-01  2.7549E-02  5.2191E-01  1.0000E+00
 6.3664E+03  2.7590E-02  2.5775E-01  2.7554E-02  5.1804E-01  1.0000E+00
 6.4152E+03  2.7595E-02  2.5583E-01  2.7560E-02  5.1420E-01  1.0000E+00
 6.4643E+03  2.7600E-02  2.5392E-01  2.7565E-02  5.1039E-01  1.0000E+00
 6.5138E+03  2.7605E-02  2.5202E-01  2.7570E-02  5.0661E-01  1.0000E+00
 6.5637E+03  2.7610E-02  2.5014E-01  2.7575E-02  5.0286E-01  1.0000E+00
 6.6139E+03  2.7615E-02  2.4827E-01  2.7581E-02  4.9913E-01  1.0000E+00
 6.6646E+03  2.7620E-02  2.4642E-01  2.7586E-02  4.9544E-01  1.0000E+00
 6.7156E+03  2.7625E-02  2.4458E-01  2.7592E-02  4.9177E-01  1.0000E+00
 6.7671E+03  2.7630E-02  2.4275E-01  2.7597E-02  4.8813E-01  1.0000E+00
 6.8189E+03  2.7636E-02  2.4094E-01  2.7603E-02  4.8451E-01  1.0000E+00
 6.8711E+03  2.7641E-02  2.3914E-01  2.7608E-02  4.8093E-01  1.0000E+00
 6.9237E+03  2.7646E-02  2.3736E-01  2.7614E-02  4.7737E-01  1.0000E+00
 6.9768E+03  2.7652E-02  2.3559E-01  2.7619E-02  4.7384E-01  1.0000E+00
 7.0302E+03  2.7657E-02  2.3383E-01  2.7625E-02  4.7033E-01  1.0000E+00
 7.0840E+03  2.7663E-02  2.3209E-01  2.7631E-02  4.6686E-01  1.0000E+00
 7.1383E+03  2.7668E-02  2.3036E-01  2.7637E-02  4.6341E-01  1.0000E+00
 7.1929E+03  2.7674E-02  2.2864E-01  2.7642E-02  4.5998E-01  1.0000E+00
 7.2480E+03  2.7680E-02  2.2694E-01  2.7648E-02  4.5658E-01  1.0000E+00
 7.3035E+03  2.7685E-02  2.2525E-01  2.7654E-02  4.5321E-01  1.0000E+00
 7.3595E+03  2.7691E-02  2.2357E-01  2.7660E-02  4.4986E-01  1.0000E+00
 7.4158E+03  2.7697E-02  2.2191E-01  2.7666E-02  4.4654E-01  1.0000E+00
 7.4726E+03  2.7703E-02  2.2026E-01  2.7672E-02  4.4324E-01  1.0000E+00
 7.5299E+03  2.7709E-02  2.1862E-01  2.7678E-02  4.3997E-01  1.0000E+00
 7.5875E+03  2.7714E-02  2.1699E-01  2.7685E-02  4.3672E-01  1.0000E+00
 7.6456E+03  2.7720E-02  2.1537E-01  2.7691E-02  4.3350E-01  1.0000E+00
 7.7042E+03  2.7726E-02  2.1377E-01  2.7697E-02  4.3031E-01  1.0000E+00
 7.7632E+03  2.7733E-02  2.1218E-01  2.7703E-02  4.2713E-01  1.0000E+00
 7.8226E+03  2.7739E-02  2.1060E-01  2.7710E-02  4.2398E-01  1.0000E+00
 7.8825E+03  2.7745E-02  2.0904E-01  2.7716E-02  4.2086E-01  1.0000E+00
 7.9429E+03  2.7751E-02  2.0748E-01  2.7723E-02  4.1776E-01  1.0000E+00
 8.0037E+03  2.7757E-02  2.0594E-01  2.7729E-02  4.1468E-01  1.0000E+00
 8.0650E+03  2.7764E-02  2.0441E-01  2.7736E-02  4.1162E-01  1.0000E+00
 8.1268E+03  2.7770E-02  2.0289E-01  2.7742E-02  4.0859E-01  1.0000E+00
 8.1890E+03  2.7777E-02  2.0138E-01  2.7749E-02  4.0559E-01  1.0000E+00
 8.2518E+03  2.7783E-02  1.9989E-01  2.7756E-02  4.0260E-01  1.0000E+00
 8.3150E+03  2.7790E-02  1.9840E-01  2.7762E-02  3.9964E-01  1.0000E+00
 8.3786E+03  2.7796E-02  1.9693E-01  2.7769E-02  3.9670E-01  1.0000E+00
 8.4428E+03  2.7803E-02  1.9547E-01  2.7776E-02  3.9378E-01  1.0000E+00
 8.5075E+03  2.7810E-02  1.9402E-01  2.7783E-02  3.9088E-01  1.0000E+00
 8.5726E+03  2.7816E-02  1.9258E-01  2.7790E-02  3.8801E-01  1.0000E+00
 8.6383E+03  2.7823E-02  1.9115E-01  2.7797E-02  3.8516E-01  1.0000E+00
 8.7044E+03  2.7830E-02  1.8973E-01  2.7804E-02  3.8233E-01  1.0000E+00
 8.7711E+03  2.7837E-02  1.8832E-01  2.7811E-02  3.7952E-01  1.0000E+00
 8.8383E+03  2.7844E-02  1.8693E-01  2.7818E-02  3.7673E-01  1.0000E+00
 8.9059E+03  2.7851E-02  1.8554E-01  2.7826E-02  3.7397E-01  1.0000E+00
 8.9741E+03  2.7858E-02  1.8416E-01  2.7833E-02  3.7122E-01  1.0000E+00
 9.0429E+03  2.7865E-02  1.8280E-01  2.7840E-02  3.6850E-01  1.0000E+00
 9.1121E+03  2.7873E-02  1.8145E-01  2.7848E-02  3.6580E-01  1.0000E+00
 9.1819E+03  2.7880E-02  1.8010E-01  2.7855E-02  3.6311E-01  1.0000E+00
 9.2522E+03  2.7887E-02  1.7877E-01  2.7863E-02  3.6045E-01  1.0000E+00
 9.3231E+03  2.7895E-02  1.7744E-01  2.7870E-02  3.5781E-01  1.0000E+00
 9.3945E+03  2.7902E-02  1.7613E-01  2.7878E-02  3.5519E-01  1.0000E+00
 9.4664E+03  2.7910E-02  1.7483E-01  2.7886E-02  3.5258E-01  1.0000E+00
 9.5389E+03  2.7917E-02  1.7353E-01  2.7893E-02  3.5000E-01  1.0000E+00
 9.6120E+03  2.7925E-02  1.7225E-01  2.7901E-02  3.4744E-01  1.0000E+00
 9.6856E+03  2.7933E-02  1.7097E-01  2.7909E-02  3.4490E-01  1.0000E+00
 9.7598E+03  2.7940E-02  1.6971E-01  2.7917E-02  3.4237E-01  1.0000E+00
 9.8345E+03  2.7948E-02  1.6846E-01  2.7925E-02  3.3987E-01  1.0000E+00
 9.9098E+03  2.7956E-02  1.6721E-01  2.7933E-02  3.3738E-01  1.0000E+00
 9.9857E+03  2.7964E-02  1.6597E-01  2.7941E-02  3.3492E-01  1.0000E+00
 1.0062E+04  2.7972E-02  1.6475E-01  2.7949E-02  3.3247E-01  1.0000E+00
 1.0139E+04  2.7980E-02  1.6353E-01  2.7958E-02  3.3004E-01  1.0000E+00
 1.0217E+04  2.7988E-02  1.6232E-01  2.7966E-02  3.2763E-01  1.0000E+00
 1.0295E+04  2.7997E-02  1.6113E-01  2.7974E-02  3.2524E-01  1.0000E+00
 1.0374E+04  2.8005E-02  1.5994E-01  2.7983E-02  3.2286E-01  1.0000E+00
 1.0453E+04  2.8013E-02  1.5876E-01  2.7991E-02  3.2051E-01  1.0000E+00
 1.0533E+04  2.8022E-02  1.5758E-01  2.8000E-02  3.1817E-01  1.0000E+00
 1.0614E+04  2.8030E-02  1.5642E-01  2.8009E-02  3.1585E-01  1.0000E+00
 1.0695E+04  2.8039E-02  1.5527E-01  2.8017E-02  3.1354E-01  1.0000E+00
 1.0777E+04  2.8047E-02  1.5412E-01  2.8026E-02  3.1126E-01  1.0000E+00
 1.0860E+04  2.8056E-02  1.5299E-01  2.8035E-02  3.0899E-01  1.0000E+00
 1.0943E+04  2.8065E-02  1.5186E-01  2.8044E-02  3.0674E-01  1.0000E+00
 1.1027E+04  2.8074E-02  1.5074E-01  2.8053E-02  3.0451E-01  1.0000E+00
 1.1111E+04  2.8083E-02  1.4963E-01  2.8062E-02  3.0229E-01  1.0000E+00
 1.1196E+04  2.8092E-02  1.4853E-01  2.8071E-02  3.0009E-01  1.0000E+00
 1.1282E+04  2.8101E-02  1.4744E-01  2.8080E-02  2.9791E-01  1.0000E+00
 1.1369E+04  2.8110E-02  1.4635E-01  2.8090E-02  2.9574E-01  1.0000E+00
 1.1456E+04  2.8119E-02  1.4527E-01  2.8099E-02  2.9359E-01  1.0000E+00
 1.1543E+04  2.8128E-02  1.4420E-01  2.8109E-02  2.9146E-01  1.0000E+00
 1.1632E+04  2.8138E-02  1.4314E-01  2.8118E-02  2.8934E-01  1.0000E+00
 1.1721E+04  2.8147E-02  1.4209E-01  2.8128E-02  2.8724E-01  1.0000E+00
 1.1811E+04  2.8157E-02  1.4105E-01  2.8137E-02  2.8516E-01  1.0000E+00
 1.1901E+04  2.8166E-02  1.4001E-01  2.8147E-02  2.8309E-01  1.0000E+00
 1.1992E+04  2.8176E-02  1.3898E-01  2.8157E-02  2.8103E-01  1.0000E+00
 1.2084E+04  2.8186E-02  1.3796E-01  2.8167E-02  2.7899E-01  1.0000E+00
 1.2177E+04  2.8196E-02  1.3695E-01  2.8177E-02  2.7697E-01  1.0000E+00
 1.2270E+04  2.8206E-02  1.3594E-01  2.8187E-02  2.7497E-01  1.0000E+00
 1.2364E+04  2.8216E-02  1.3495E-01  2.8197E-02  2.7297E-01  1.0000E+00
 1.2458E+04  2.8226E-02  1.3395E-01  2.8207E-02  2.7100E-01  1.0000E+00
 1.2554E+04  2.8236E-02  1.3297E-01  2.8217E-02  2.6904E-01  1.0000E+00
 1.2650E+04  2.8246E-02  1.3200E-01  2.8228E-02  2.6709E-01  1.0000E+00
 1.2747E+04  2.8256E-02  1.3103E-01  2.8238E-02  2.6516E-01  1.0000E+00
 1.2845E+04  2.8267E-02  1.3007E-01  2.8249E-02  2.6324E-01  1.0000E+00
 1.2943E+04  2.8277E-02  1.2912E-01  2.8259E-02  2.6134E-01  1.0000E+00
 1.3042E+04  2.8288E-02  1.2817E-01  2.8270E-02  2.5945E-01  1.0000E+00
 1.3142E+04  2.8298E-02  1.2723E-01  2.8281E-02  2.5758E-01  1.0000E+00
 1.3243E+04  2.8309E-02  1.2630E-01  2.8292E-02  2.5572E-01  1.0000E+00
 1.3344E+04  2.8320E-02  1.2538E-01  2.8303E-02  2.5387E-01  1.0000E+00
 1.3446E+04  2.8331E-02  1.2446E-01  2.8314E-02  2.5204E-01  1.0000E+00
 1.3549E+04  2.8342E-02  1.2355E-01  2.8325E-02  2.5022E-01  1.0000E+00
 1.3653E+04  2.8353E-02  1.2265E-01  2.8336E-02  2.4842E-01  1.0000E+00
 1.3757E+04  2.8364E-02  1.2175E-01  2.8347E-02  2.4663E-01  1.0000E+00
 1.3863E+04  2.8375E-02  1.2086E-01  2.8359E-02  2.4485E-01  1.0000E+00
 1.3969E+04  2.8387E-02  1.1998E-01  2.8370E-02  2.4309E-01  1.0000E+00
 1.4076E+04  2.8398E-02  1.1910E-01  2.8382E-02  2.4134E-01  1.0000E+00
 1.4184E+04  2.8410E-02  1.1823E-01  2.8393E-02  2.3961E-01  1.0000E+00
 1.4292E+04  2.8421E-02  1.1737E-01  2.8405E-02  2.3788E-01  1.0000E+00
 1.4402E+04  2.8433E-02  1.1651E-01  2.8417E-02  2.3617E-01  1.0000E+00
 1.4512E+04  2.8445E-02  1.1566E-01  2.8429E-02  2.3448E-01  1.0000E+00
 1.4623E+04  2.8457E-02  1.1482E-01  2.8441E-02  2.3279E-01  1.0000E+00
 1.4735E+04  2.8469E-02  1.1398E-01  2.8453E-02  2.3112E-01  1.0000E+00
 1.4848E+04  2.8481E-02  1.1315E-01  2.8465E-02  2.2946E-01  1.0000E+00
 1.4962E+04  2.8493E-02  1.1233E-01  2.8478E-02  2.2782E-01  1.0000E+00
 1.5076E+04  2.8505E-02  1.1151E-01  2.8490E-02  2.2619E-01  1.0000E+00
 1.5192E+04  2.8518E-02  1.1070E-01  2.8502E-02  2.2456E-01  1.0000E+00
 1.5308E+04  2.8530E-02  1.0989E-01  2.8515E-02  2.2296E-01  1.0000E+00
 1.5425E+04  2.8543E-02  1.0909E-01  2.8528E-02  2.2136E-01  1.0000E+00
 1.5544E+04  2.8556E-02  1.0830E-01  2.8541E-02  2.1978E-01  1.0000E+00
 1.5663E+04  2.8568E-02  1.0751E-01  2.8553E-02  2.1821E-01  1.0000E+00
 1.5783E+04  2.8581E-02  1.0673E-01  2.8566E-02  2.1665E-01  1.0000E+00
 1.5903E+04  2.8594E-02  1.0596E-01  2.8580E-02  2.1510E-01  1.0000E+00
 1.6025E+04  2.8607E-02  1.0519E-01  2.8593E-02  2.1356E-01  1.0000E+00
 1.6148E+04  2.8621E-02  1.0442E-01  2.8606E-02  2.1204E-01  1.0000E+00
 1.6272E+04  2.8634E-02  1.0367E-01  2.8620E-02  2.1052E-01  1.0000E+00
 1.6396E+04  2.8647E-02  1.0291E-01  2.8633E-02  2.0902E-01  1.0000E+00
 1.6522E+04  2.8661E-02  1.0217E-01  2.8647E-02  2.0753E-01  1.0000E+00
 1.6648E+04  2.8675E-02  1.0143E-01  2.8660E-02  2.0606E-01  1.0000E+00
 1.6776E+04  2.8688E-02  1.0069E-01  2.8674E-02  2.0459E-01  1.0000E+00
 1.6904E+04  2.8702E-02  9.9962E-02  2.8688E-02  2.0313E-01  1.0000E+00
 1.7034E+04  2.8716E-02  9.9238E-02  2.8702E-02  2.0169E-01  1.0000E+00
 1.7164E+04  2.8730E-02  9.8520E-02  2.8717E-02  2.0025E-01  1.0000E+00
 1.7296E+04  2.8744E-02  9.7807E-02  2.8731E-02  1.9883E-01  1.0000E+00
 1.7428E+04  2.8759E-02  9.7100E-02  2.8745E-02  1.9742E-01  1.0000E+00
 1.7562E+04  2.8773E-02  9.6398E-02  2.8760E-02  1.9602E-01  1.0000E+00
 1.7696E+04  2.8788E-02  9.5701E-02  2.8774E-02  1.9463E-01  1.0000E+00
 1.7832E+04  2.8802E-02  9.5010E-02  2.8789E-02  1.9325E-01  1.0000E+00
 1.7968E+04  2.8817E-02  9.4323E-02  2.8804E-02  1.9188E-01  1.0000E+00
 1.8106E+04  2.8832E-02  9.3643E-02  2.8819E-02  1.9052E-01  1.0000E+00
 1.8244E+04  2.8847E-02  9.2967E-02  2.8834E-02  1.8917E-01  1.0000E+00
 1.8384E+04  2.8862E-02  9.2296E-02  2.8849E-02  1.8783E-01  1.0000E+00
 1.8525E+04  2.8877E-02  9.1631E-02  2.8865E-02  1.8650E-01  1.0000E+00
 1.8667E+04  2.8893E-02  9.0971E-02  2.8880E-02  1.8518E-01  1.0000E+00
 1.8810E+04  2.8908E-02  9.0315E-02  2.8896E-02  1.8387E-01  1.0000E+00
 1.8954E+04  2.8924E-02  8.9665E-02  2.8911E-02  1.8258E-01  1.0000E+00
 1.9099E+04  2.8940E-02  8.9019E-02  2.8927E-02  1.8129E-01  1.0000E+00
 1.9245E+04  2.8956E-02  8.8379E-02  2.8943E-02  1.8001E-01  1.0000E+00
 1.9393E+04  2.8972E-02  8.7743E-02  2.8959E-02  1.7874E-01  1.0000E+00
 1.9541E+04  2.8988E-02  8.7112E-02  2.8976E-02  1.7748E-01  1.0000E+00
 1.9691E+04  2.9004E-02  8.6486E-02  2.8992E-02  1.7623E-01  1.0000E+00
 1.9842E+04  2.9020E-02  8.5865E-02  2.9008E-02  1.7499E-01  1.0000E+00
 1.9994E+04  2.9037E-02  8.5249E-02  2.9025E-02  1.7376E-01  1.0000E+00
 2.0147E+04  2.9054E-02  8.4637E-02  2.9042E-02  1.7254E-01  1.0000E+00
 2.0301E+04  2.9070E-02  8.4030E-02  2.9059E-02  1.7133E-01  1.0000E+00
 2.0456E+04  2.9087E-02  8.3427E-02  2.9076E-02  1.7013E-01  1.0000E+00
 2.0613E+04  2.9104E-02  8.2829E-02  2.9093E-02  1.6893E-01  1.0000E+00
 2.0771E+04  2.9122E-02  8.2236E-02  2.9110E-02  1.6775E-01  1.0000E+00
 2.0930E+04  2.9139E-02  8.1647E-02  2.9127E-02  1.6657E-01  1.0000E+00
 2.1090E+04  2.9156E-02  8.1063E-02  2.9145E-02  1.6541E-01  1.0000E+00
 2.1252E+04  2.9174E-02  8.0483E-02  2.9163E-02  1.6425E-01  1.0000E+00
 2.1415E+04  2.9192E-02  7.9907E-02  2.9181E-02  1.6310E-01  1.0000E+00
 2.1579E+04  2.9210E-02  7.9336E-02  2.9199E-02  1.6196E-01  1.0000E+00
 2.1744E+04  2.9228E-02  7.8769E-02  2.9217E-02  1.6083E-01  1.0000E+00
 2.1910E+04  2.9246E-02  7.8207E-02  2.9235E-02  1.5971E-01  1.0000E+00
 2.2078E+04  2.9264E-02  7.7649E-02  2.9253E-02  1.5859E-01  1.0000E+00
 2.2247E+04  2.9283E-02  7.7095E-02  2.9272E-02  1.5749E-01  1.0000E+00
 2.2418E+04  2.9301E-02  7.6545E-02  2.9291E-02  1.5639E-01  1.0000E+00
 2.2589E+04  2.9320E-02  7.5999E-02  2.9309E-02  1.5530E-01  1.0000E+00
 2.2762E+04  2.9339E-02  7.5458E-02  2.9328E-02  1.5422E-01  1.0000E+00
 2.2937E+04  2.9358E-02  7.4921E-02  2.9348E-02  1.5315E-01  1.0000E+00
 2.3112E+04  2.9377E-02  7.4387E-02  2.9367E-02  1.5209E-01  1.0000E+00
 2.3289E+04  2.9397E-02  7.3858E-02  2.9386E-02  1.5103E-01  1.0000E+00
 2.3468E+04  2.9416E-02  7.3333E-02  2.9406E-02  1.4998E-01  1.0000E+00
 2.3647E+04  2.9436E-02  7.2812E-02  2.9426E-02  1.4894E-01  1.0000E+00
 2.3829E+04  2.9456E-02  7.2295E-02  2.9446E-02  1.4791E-01  1.0000E+00
 2.4011E+04  2.9476E-02  7.1782E-02  2.9466E-02  1.4689E-01  1.0000E+00
 2.4195E+04  2.9496E-02  7.1272E-02  2.9486E-02  1.4587E-01  1.0000E+00
 2.4380E+04  2.9516E-02  7.0767E-02  2.9507E-02  1.4486E-01  1.0000E+00
 2.4567E+04  2.9537E-02  7.0266E-02  2.9527E-02  1.4386E-01  1.0000E+00
 2.4755E+04  2.9558E-02  6.9768E-02  2.9548E-02  1.4287E-01  1.0000E+00
 2.4945E+04  2.9578E-02  6.9274E-02  2.9569E-02  1.4188E-01  1.0000E+00
 2.5136E+04  2.9600E-02  6.8784E-02  2.9590E-02  1.4090E-01  1.0000E+00
 2.5328E+04  2.9621E-02  6.8297E-02  2.9611E-02  1.3993E-01  1.0000E+00
 2.5522E+04  2.9642E-02  6.7814E-02  2.9633E-02  1.3897E-01  1.0000E+00
 2.5718E+04  2.9664E-02  6.7335E-02  2.9654E-02  1.3802E-01  1.0000E+00
 2.5915E+04  2.9685E-02  6.6860E-02  2.9676E-02  1.3707E-01  1.0000E+00
 2.6113E+04  2.9707E-02  6.6388E-02  2.9698E-02  1.3613E-01  1.0000E+00
 2.6313E+04  2.9729E-02  6.5920E-02  2.9720E-02  1.3519E-01  1.0000E+00
 2.6515E+04  2.9751E-02  6.5455E-02  2.9742E-02  1.3426E-01  1.0000E+00
 2.6718E+04  2.9774E-02  6.4994E-02  2.9765E-02  1.3335E-01  1.0000E+00
 2.6922E+04  2.9796E-02  6.4536E-02  2.9787E-02  1.3243E-01  1.0000E+00
 2.7128E+04  2.9819E-02  6.4082E-02  2.9810E-02  1.3153E-01  1.0000E+00
 2.7336E+04  2.9842E-02  6.3632E-02  2.9833E-02  1.3063E-01  1.0000E+00
 2.7545E+04  2.9865E-02  6.3184E-02  2.9856E-02  1.2974E-01  1.0000E+00
 2.7756E+04  2.9889E-02  6.2741E-02  2.9880E-02  1.2885E-01  1.0000E+00
 2.7969E+04  2.9912E-02  6.2300E-02  2.9903E-02  1.2797E-01  1.0000E+00
 2.8183E+04  2.9936E-02  6.1863E-02  2.9927E-02  1.2710E-01  1.0000E+00
 2.8399E+04  2.9960E-02  6.1429E-02  2.9951E-02  1.2624E-01  1.0000E+00
 2.8617E+04  2.9984E-02  6.0999E-02  2.9975E-02  1.2538E-01  1.0000E+00
 2.8836E+04  3.0008E-02  6.0572E-02  3.0000E-02  1.2453E-01  1.0000E+00
 2.9056E+04  3.0033E-02  6.0148E-02  3.0024E-02  1.2368E-01  1.0000E+00
 2.9279E+04  3.0057E-02  5.9727E-02  3.0049E-02  1.2284E-01  1.0000E+00
 2.9503E+04  3.0082E-02  5.9309E-02  3.0074E-02  1.2201E-01  1.0000E+00
 2.9729E+04  3.0107E-02  5.8895E-02  3.0099E-02  1.2118E-01  1.0000E+00
 2.9957E+04  3.0133E-02  5.8484E-02  3.0124E-02  1.2036E-01  1.0000E+00
 3.0186E+04  3.0158E-02  5.8076E-02  3.0150E-02  1.1955E-01  1.0000E+00
 3.0417E+04  3.0184E-02  5.7671E-02  3.0176E-02  1.1874E-01  1.0000E+00
 3.0650E+04  3.0210E-02  5.7269E-02  3.0202E-02  1.1794E-01  1.0000E+00
 3.0885E+04  3.0236E-02  5.6870E-02  3.0228E-02  1.1715E-01  1.0000E+00
 3.1122E+04  3.0262E-02  5.6475E-02  3.0254E-02  1.1636E-01  1.0000E+00
 3.1360E+04  3.0289E-02  5.6082E-02  3.0281E-02  1.1558E-01  1.0000E+00
 3.1600E+04  3.0316E-02  5.5692E-02  3.0308E-02  1.1480E-01  1.0000E+00
 3.1842E+04  3.0343E-02  5.5305E-02  3.0335E-02  1.1403E-01  1.0000E+00
 3.2086E+04  3.0370E-02  5.4922E-02  3.0362E-02  1.1326E-01  1.0000E+00
 3.2332E+04  3.0397E-02  5.4541E-02  3.0390E-02  1.1250E-01  1.0000E+00
 3.2579E+04  3.0425E-02  5.4163E-02  3.0417E-02  1.1175E-01  1.0000E+00
 3.2829E+04  3.0453E-02  5.3788E-02  3.0445E-02  1.1100E-01  1.0000E+00
 3.3080E+04  3.0481E-02  5.3415E-02  3.0473E-02  1.1026E-01  1.0000E+00
 3.3334E+04  3.0509E-02  5.3046E-02  3.0502E-02  1.0953E-01  1.0000E+00
 3.3589E+04  3.0538E-02  5.2679E-02  3.0530E-02  1.0879E-01  1.0000E+00
 3.3846E+04  3.0567E-02  5.2315E-02  3.0559E-02  1.0807E-01  1.0000E+00
 3.4105E+04  3.0596E-02  5.1954E-02  3.0588E-02  1.0735E-01  1.0000E+00
 3.4367E+04  3.0625E-02  5.1596E-02  3.0618E-02  1.0664E-01  1.0000E+00
 3.4630E+04  3.0654E-02  5.1241E-02  3.0647E-02  1.0593E-01  1.0000E+00
 3.4895E+04  3.0684E-02  5.0888E-02  3.0677E-02  1.0523E-01  1.0000E+00
 3.5162E+04  3.0714E-02  5.0538E-02  3.0707E-02  1.0453E-01  1.0000E+00
 3.5431E+04  3.0744E-02  5.0190E-02  3.0737E-02  1.0384E-01  1.0000E+00
 3.5703E+04  3.0775E-02  4.9845E-02  3.0768E-02  1.0315E-01  1.0000E+00
 3.5976E+04  3.0806E-02  4.9503E-02  3.0799E-02  1.0247E-01  1.0000E+00
 3.6252E+04  3.0837E-02  4.9163E-02  3.0830E-02  1.0179E-01  1.0000E+00
 3.6529E+04  3.0868E-02  4.8826E-02  3.0861E-02  1.0112E-01  1.0000E+00
 3.6809E+04  3.0899E-02  4.8492E-02  3.0892E-02  1.0045E-01  1.0000E+00
 3.7091E+04  3.0931E-02  4.8160E-02  3.0924E-02  9.9793E-02  1.0000E+00
 3.7375E+04  3.0963E-02  4.7831E-02  3.0956E-02  9.9138E-02  1.0000E+00
 3.7661E+04  3.0995E-02  4.7504E-02  3.0989E-02  9.8487E-02  1.0000E+00
 3.7950E+04  3.1028E-02  4.7179E-02  3.1021E-02  9.7841E-02  1.0000E+00
 3.8240E+04  3.1061E-02  4.6857E-02  3.1054E-02  9.7201E-02  1.0000E+00
 3.8533E+04  3.1094E-02  4.6538E-02  3.1087E-02  9.6565E-02  1.0000E+00
 3.8828E+04  3.1127E-02  4.6221E-02  3.1121E-02  9.5934E-02  1.0000E+00
 3.9126E+04  3.1161E-02  4.5906E-02  3.1154E-02  9.5308E-02  1.0000E+00
 3.9425E+04  3.1195E-02  4.5594E-02  3.1188E-02  9.4686E-02  1.0000E+00
 3.9727E+04  3.1229E-02  4.5284E-02  3.1222E-02  9.4070E-02  1.0000E+00
 4.0032E+04  3.1263E-02  4.4977E-02  3.1257E-02  9.3458E-02  1.0000E+00
 4.0338E+04  3.1298E-02  4.4672E-02  3.1292E-02  9.2851E-02  1.0000E+00
 4.0647E+04  3.1333E-02  4.4369E-02  3.1327E-02  9.2249E-02  1.0000E+00
 4.0958E+04  3.1368E-02  4.4068E-02  3.1362E-02  9.1651E-02  1.0000E+00
 4.1272E+04  3.1404E-02  4.3770E-02  3.1398E-02  9.1058E-02  1.0000E+00
 4.1588E+04  3.1440E-02  4.3474E-02  3.1434E-02  9.0469E-02  1.0000E+00
 4.1907E+04  3.1476E-02  4.3181E-02  3.1470E-02  8.9885E-02  1.0000E+00
 4.2228E+04  3.1513E-02  4.2889E-02  3.1507E-02  8.9305E-02  1.0000E+00
 4.2551E+04  3.1549E-02  4.2600E-02  3.1543E-02  8.8730E-02  1.0000E+00
 4.2877E+04  3.1587E-02  4.2313E-02  3.1581E-02  8.8160E-02  1.0000E+00
 4.3205E+04  3.1624E-02  4.2028E-02  3.1618E-02  8.7593E-02  1.0000E+00
 4.3536E+04  3.1662E-02  4.1746E-02  3.1656E-02  8.7032E-02  1.0000E+00
 4.3869E+04  3.1700E-02  4.1465E-02  3.1694E-02  8.6474E-02  1.0000E+00
 4.4205E+04  3.1738E-02  4.1187E-02  3.1732E-02  8.5921E-02  1.0000E+00
 4.4544E+04  3.1777E-02  4.0911E-02  3.1771E-02  8.5372E-02  1.0000E+00
 4.4885E+04  3.1816E-02  4.0637E-02  3.1810E-02  8.4827E-02  1.0000E+00
 4.5229E+04  3.1855E-02  4.0365E-02  3.1849E-02  8.4286E-02  1.0000E+00
 4.5575E+04  3.1895E-02  4.0095E-02  3.1889E-02  8.3750E-02  1.0000E+00
 4.5924E+04  3.1935E-02  3.9827E-02  3.1929E-02  8.3218E-02  1.0000E+00
 4.6276E+04  3.1975E-02  3.9561E-02  3.1969E-02  8.2690E-02  1.0000E+00
 4.6630E+04  3.2016E-02  3.9297E-02  3.2010E-02  8.2166E-02  1.0000E+00
 4.6987E+04  3.2057E-02  3.9035E-02  3.2051E-02  8.1646E-02  1.0000E+00
 4.7347E+04  3.2098E-02  3.8775E-02  3.2092E-02  8.1130E-02  1.0000E+00
 4.7710E+04  3.2140E-02  3.8518E-02  3.2134E-02  8.0618E-02  1.0000E+00
 4.8075E+04  3.2182E-02  3.8262E-02  3.2176E-02  8.0110E-02  1.0000E+00
 4.8443E+04  3.2224E-02  3.8008E-02  3.2219E-02  7.9606E-02  1.0000E+00
 4.8814E+04  3.2267E-02  3.7756E-02  3.2261E-02  7.9105E-02  1.0000E+00
 4.9188E+04  3.2310E-02  3.7506E-02  3.2304E-02  7.8609E-02  1.0000E+00
 4.9565E+04  3.2353E-02  3.7258E-02  3.2348E-02  7.8117E-02  1.0000E+00
 4.9945E+04  3.2397E-02  3.7012E-02  3.2392E-02  7.7628E-02  1.0000E+00
 5.0327E+04  3.2441E-02  3.6767E-02  3.2436E-02  7.7143E-02  1.0000E+00
 5.0713E+04  3.2486E-02  3.6525E-02  3.2480E-02  7.6662E-02  1.0000E+00
 5.1101E+04  3.2531E-02  3.6284E-02  3.2525E-02  7.6184E-02  1.0000E+00
 5.1492E+04  3.2576E-02  3.6045E-02  3.2571E-02  7.5711E-02  1.0000E+00
 5.1887E+04  3.2622E-02  3.5808E-02  3.2616E-02  7.5241E-02  1.0000E+00
 5.2284E+04  3.2668E-02  3.5573E-02  3.2662E-02  7.4774E-02  1.0000E+00
 5.2684E+04  3.2714E-02  3.5340E-02  3.2709E-02  7.4312E-02  1.0000E+00
 5.3088E+04  3.2761E-02  3.5108E-02  3.2756E-02  7.3852E-02  1.0000E+00
 5.3494E+04  3.2808E-02  3.4878E-02  3.2803E-02  7.3397E-02  1.0000E+00
 5.3904E+04  3.2856E-02  3.4650E-02  3.2851E-02  7.2945E-02  1.0000E+00
 5.4317E+04  3.2904E-02  3.4424E-02  3.2899E-02  7.2496E-02  1.0000E+00
 5.4733E+04  3.2952E-02  3.4199E-02  3.2947E-02  7.2051E-02  1.0000E+00
 5.5152E+04  3.3001E-02  3.3977E-02  3.2996E-02  7.1610E-02  1.0000E+00
 5.5574E+04  3.3050E-02  3.3755E-02  3.3045E-02  7.1171E-02  1.0000E+00
 5.6000E+04  3.3100E-02  3.3536E-02  3.3095E-02  7.0737E-02  1.0000E+00
 5.6429E+04  3.3150E-02  3.3318E-02  3.3145E-02  7.0305E-02  1.0000E+00
 5.6861E+04  3.3200E-02  3.3102E-02  3.3195E-02  6.9877E-02  1.0000E+00
 5.7297E+04  3.3251E-02  3.2887E-02  3.3246E-02  6.9453E-02  1.0000E+00
 5.7735E+04  3.3302E-02  3.2675E-02  3.3298E-02  6.9031E-02  1.0000E+00
 5.8177E+04  3.3354E-02  3.2463E-02  3.3349E-02  6.8613E-02  1.0000E+00
 5.8623E+04  3.3406E-02  3.2254E-02  3.3402E-02  6.8198E-02  1.0000E+00
 5.9072E+04  3.3459E-02  3.2046E-02  3.3454E-02  6.7787E-02  1.0000E+00
 5.9524E+04  3.3512E-02  3.1839E-02  3.3508E-02  6.7378E-02  1.0000E+00
 5.9980E+04  3.3566E-02  3.1635E-02  3.3561E-02  6.6973E-02  1.0000E+00
 6.0440E+04  3.3620E-02  3.1431E-02  3.3615E-02  6.6571E-02  1.0000E+00
 6.0902E+04  3.3674E-02  3.1230E-02  3.3670E-02  6.6172E-02  1.0000E+00
 6.1369E+04  3.3729E-02  3.1029E-02  3.3725E-02  6.5776E-02  1.0000E+00
 6.1839E+04  3.3784E-02  3.0831E-02  3.3780E-02  6.5384E-02  1.0000E+00
 6.2312E+04  3.3840E-02  3.0634E-02  3.3836E-02  6.4994E-02  1.0000E+00
 6.2790E+04  3.3897E-02  3.0438E-02  3.3892E-02  6.4608E-02  1.0000E+00
 6.3270E+04  3.3953E-02  3.0244E-02  3.3949E-02  6.4224E-02  1.0000E+00
 6.3755E+04  3.4011E-02  3.0051E-02  3.4006E-02  6.3844E-02  1.0000E+00
 6.4243E+04  3.4068E-02  2.9860E-02  3.4064E-02  6.3466E-02  1.0000E+00
 6.4735E+04  3.4127E-02  2.9670E-02  3.4122E-02  6.3092E-02  1.0000E+00
 6.5231E+04  3.4185E-02  2.9482E-02  3.4181E-02  6.2720E-02  1.0000E+00
 6.5731E+04  3.4245E-02  2.9295E-02  3.4240E-02  6.2351E-02  1.0000E+00
 6.6234E+04  3.4305E-02  2.9110E-02  3.4300E-02  6.1985E-02  1.0000E+00
 6.6741E+04  3.4365E-02  2.8926E-02  3.4361E-02  6.1622E-02  1.0000E+00
 6.7252E+04  3.4426E-02  2.8743E-02  3.4421E-02  6.1262E-02  1.0000E+00
 6.7767E+04  3.4487E-02  2.8562E-02  3.4483E-02  6.0905E-02  1.0000E+00
 6.8286E+04  3.4549E-02  2.8383E-02  3.4545E-02  6.0551E-02  1.0000E+00
 6.8809E+04  3.4611E-02  2.8204E-02  3.4607E-02  6.0199E-02  1.0000E+00
 6.9336E+04  3.4674E-02  2.8027E-02  3.4670E-02  5.9850E-02  1.0000E+00
 6.9867E+04  3.4738E-02  2.7851E-02  3.4733E-02  5.9504E-02  1.0000E+00
 7.0402E+04  3.4802E-02  2.7677E-02  3.4797E-02  5.9161E-02  1.0000E+00
 7.0942E+04  3.4866E-02  2.7504E-02  3.4862E-02  5.8820E-02  1.0000E+00
 7.1485E+04  3.4931E-02  2.7333E-02  3.4927E-02  5.8482E-02  1.0000E+00
 7.2032E+04  3.4997E-02  2.7162E-02  3.4993E-02  5.8147E-02  1.0000E+00
 7.2584E+04  3.5063E-02  2.6993E-02  3.5059E-02  5.7814E-02  1.0000E+00
 7.3140E+04  3.5130E-02  2.6825E-02  3.5126E-02  5.7484E-02  1.0000E+00
 7.3700E+04  3.5197E-02  2.6659E-02  3.5193E-02  5.7156E-02  1.0000E+00
 7.4264E+04  3.5265E-02  2.6494E-02  3.5261E-02  5.6832E-02  1.0000E+00
 7.4833E+04  3.5334E-02  2.6330E-02  3.5330E-02  5.6509E-02  1.0000E+00
 7.5406E+04  3.5403E-02  2.6167E-02  3.5399E-02  5.6190E-02  1.0000E+00
 7.5984E+04  3.5473E-02  2.6006E-02  3.5469E-02  5.5872E-02  1.0000E+00
 7.6566E+04  3.5543E-02  2.5846E-02  3.5539E-02  5.5558E-02  1.0000E+00
 7.7152E+04  3.5614E-02  2.5687E-02  3.5610E-02  5.5246E-02  1.0000E+00
 7.7743E+04  3.5685E-02  2.5529E-02  3.5682E-02  5.4936E-02  1.0000E+00
 7.8338E+04  3.5758E-02  2.5372E-02  3.5754E-02  5.4629E-02  1.0000E+00
 7.8938E+04  3.5830E-02  2.5217E-02  3.5827E-02  5.4324E-02  1.0000E+00
 7.9543E+04  3.5904E-02  2.5063E-02  3.5900E-02  5.4022E-02  1.0000E+00
 8.0152E+04  3.5978E-02  2.4910E-02  3.5974E-02  5.3722E-02  1.0000E+00
 8.0766E+04  3.6053E-02  2.4758E-02  3.6049E-02  5.3424E-02  1.0000E+00
 8.1384E+04  3.6128E-02  2.4608E-02  3.6124E-02  5.3129E-02  1.0000E+00
 8.2008E+04  3.6204E-02  2.4458E-02  3.6200E-02  5.2836E-02  1.0000E+00
 8.2636E+04  3.6281E-02  2.4310E-02  3.6277E-02  5.2546E-02  1.0000E+00
 8.3268E+04  3.6358E-02  2.4163E-02  3.6355E-02  5.2258E-02  1.0000E+00
 8.3906E+04  3.6436E-02  2.4017E-02  3.6433E-02  5.1972E-02  1.0000E+00
 8.4549E+04  3.6515E-02  2.3872E-02  3.6511E-02  5.1689E-02  1.0000E+00
 8.5196E+04  3.6594E-02  2.3728E-02  3.6591E-02  5.1407E-02  1.0000E+00
 8.5849E+04  3.6674E-02  2.3585E-02  3.6671E-02  5.1128E-02  1.0000E+00
 8.6506E+04  3.6755E-02  2.3444E-02  3.6752E-02  5.0852E-02  1.0000E+00
 8.7169E+04  3.6837E-02  2.3303E-02  3.6833E-02  5.0577E-02  1.0000E+00
 8.7836E+04  3.6919E-02  2.3164E-02  3.6916E-02  5.0305E-02  1.0000E+00
 8.8509E+04  3.7002E-02  2.3026E-02  3.6999E-02  5.0035E-02  1.0000E+00
 8.9187E+04  3.7086E-02  2.2888E-02  3.7082E-02  4.9767E-02  1.0000E+00
 8.9870E+04  3.7170E-02  2.2752E-02  3.7167E-02  4.9501E-02  1.0000E+00
 9.0558E+04  3.7255E-02  2.2617E-02  3.7252E-02  4.9237E-02  1.0000E+00
 9.1252E+04  3.7341E-02  2.2483E-02  3.7338E-02  4.8976E-02  1.0000E+00
 9.1950E+04  3.7428E-02  2.2350E-02  3.7425E-02  4.8717E-02  1.0000E+00
 9.2655E+04  3.7515E-02  2.2218E-02  3.7512E-02  4.8459E-02  1.0000E+00
 9.3364E+04  3.7604E-02  2.2086E-02  3.7600E-02  4.8204E-02  1.0000E+00
 9.4079E+04  3.7693E-02  2.1956E-02  3.7689E-02  4.7951E-02  1.0000E+00
 9.4800E+04  3.7782E-02  2.1827E-02  3.7779E-02  4.7700E-02  1.0000E+00
 9.5526E+04  3.7873E-02  2.1699E-02  3.7870E-02  4.7451E-02  1.0000E+00
 9.6257E+04  3.7964E-02  2.1572E-02  3.7961E-02  4.7204E-02  1.0000E+00
 9.6994E+04  3.8057E-02  2.1446E-02  3.8053E-02  4.6959E-02  1.0000E+00
 9.7737E+04  3.8150E-02  2.1321E-02  3.8146E-02  4.6716E-02  1.0000E+00
 9.8486E+04  3.8243E-02  2.1197E-02  3.8240E-02  4.6475E-02  1.0000E+00
 9.9240E+04  3.8338E-02  2.1074E-02  3.8335E-02  4.6236E-02  1.0000E+00
 1.0000E+05  3.8434E-02  2.0951E-02  3.8431E-02  4.5999E-02  1.0000E+00


