#     0	 1	    5	 1	 7.1132E+01	 1000	1
 4.8978E+01  0.0000E+00  0.0000E+00  0.0000E+00  0.0000E+00  0.0000E+00
 4.9353E+01  0.0000E+00  0.0000E+00  0.0000E+00  0.0000E+00  0.0000E+00
 4.9731E+01  0.0000E+00  0.0000E+00  0.0000E+00  0.0000E+00  0.0000E+00
 5.0112E+01  0.0000E+00  0.0000E+00  0.0000E+00  0.0000E+00  0.0000E+00
 5.0496E+01  0.0000E+00  0.0000E+00  0.0000E+00  0.0000E+00  0.0000E+00
 5.0882E+01  0.0000E+00  0.0000E+00  0.0000E+00  0.0000E+00  0.0000E+00
 5.1272E+01  0.0000E+00  0.0000E+00  0.0000E+00  0.0000E+00  0.0000E+00
 5.1665E+01  0.0000E+00  0.0000E+00  0.0000E+00  0.0000E+00  0.0000E+00
 5.2060E+01  0.0000E+00  0.0000E+00  0.0000E+00  0.0000E+00  0.0000E+00
 5.2459E+01  0.0000E+00  0.0000E+00  0.0000E+00  0.0000E+00  0.0000E+00
 5.2861E+01  0.0000E+00  0.0000E+00  0.0000E+00  0.0000E+00  0.0000E+00
 5.3266E+01  0.0000E+00  0.0000E+00  0.0000E+00  0.0000E+00  0.0000E+00
 5.3673E+01  0.0000E+00  0.0000E+00  0.0000E+00  0.0000E+00  0.0000E+00
 5.4085E+01  0.0000E+00  0.0000E+00  0.0000E+00  0.0000E+00  0.0000E+00
 5.4499E+01  0.0000E+00  0.0000E+00  0.0000E+00  0.0000E+00  0.0000E+00
 5.4916E+01  0.0000E+00  0.0000E+00  0.0000E+00  0.0000E+00  0.0000E+00
 5.5337E+01  0.0000E+00  0.0000E+00  0.0000E+00  0.0000E+00  0.0000E+00
 5.5760E+01  0.0000E+00  0.0000E+00  0.0000E+00  0.0000E+00  0.0000E+00
 5.6187E+01  0.0000E+00  0.0000E+00  0.0000E+00  0.0000E+00  0.0000E+00
 5.6618E+01  0.0000E+00  0.0000E+00  0.0000E+00  0.0000E+00  0.0000E+00
 5.7051E+01  0.0000E+00  0.0000E+00  0.0000E+00  0.0000E+00  0.0000E+00
 5.7488E+01  0.0000E+00  0.0000E+00  0.0000E+00  0.0000E+00  0.0000E+00
 5.7929E+01  0.0000E+00  0.0000E+00  0.0000E+00  0.0000E+00  0.0000E+00
 5.8372E+01  0.0000E+00  0.0000E+00  0.0000E+00  0.0000E+00  0.0000E+00
 5.8819E+01  0.0000E+00  0.0000E+00  0.0000E+00  0.0000E+00  0.0000E+00
 5.9270E+01  0.0000E+00  0.0000E+00  0.0000E+00  0.0000E+00  0.0000E+00
 5.9724E+01  0.0000E+00  0.0000E+00  0.0000E+00  0.0000E+00  0.0000E+00
 6.0181E+01  0.0000E+00  0.0000E+00  0.0000E+00  0.0000E+00  0.0000E+00
 6.0642E+01  0.0000E+00  0.0000E+00  0.0000E+00  0.0000E+00  0.0000E+00
 6.1106E+01  0.0000E+00  0.0000E+00  0.0000E+00  0.0000E+00  0.0000E+00
 6.1574E+01  0.0000E+00  0.0000E+00  0.0000E+00  0.0000E+00  0.0000E+00
 6.2046E+01  0.0000E+00  0.0000E+00  0.0000E+00  0.0000E+00  0.0000E+00
 6.2521E+01  0.0000E+00  0.0000E+00  0.0000E+00  0.0000E+00  0.0000E+00
 6.3000E+01  0.0000E+00  0.0000E+00  0.0000E+00  0.0000E+00  0.0000E+00
 6.3482E+01  0.0000E+00  0.0000E+00  0.0000E+00  0.0000E+00  0.0000E+00
 6.3968E+01  0.0000E+00  0.0000E+00  0.0000E+00  0.0000E+00  0.0000E+00
 6.4458E+01  0.0000E+00  0.0000E+00  0.0000E+00  0.0000E+00  0.0000E+00
 6.4952E+01  0.0000E+00  0.0000E+00  0.0000E+00  0.0000E+00  0.0000E+00
 6.5449E+01  0.0000E+00  0.0000E+00  0.0000E+00  0.0000E+00  0.0000E+00
 6.5951E+01  0.0000E+00  0.0000E+00  0.0000E+00  0.0000E+00  0.0000E+00
 6.6456E+01  0.0000E+00  0.0000E+00  0.0000E+00  0.0000E+00  0.0000E+00
 6.6965E+01  0.0000E+00  0.0000E+00  0.0000E+00  0.0000E+00  0.0000E+00
 6.7478E+01  0.0000E+00  0.0000E+00  0.0000E+00  0.0000E+00  0.0000E+00
 6.7994E+01  0.0000E+00  0.0000E+00  0.0000E+00  0.0000E+00  0.0000E+00
 6.8515E+01  0.0000E+00  0.0000E+00  0.0000E+00  0.0000E+00  0.0000E+00
 6.9040E+01  0.0000E+00  0.0000E+00  0.0000E+00  0.0000E+00  0.0000E+00
 6.9568E+01  0.0000E+00  0.0000E+00  0.0000E+00  0.0000E+00  0.0000E+00
 7.0101E+01  0.0000E+00  0.0000E+00  0.0000E+00  0.0000E+00  0.0000E+00
 7.0638E+01  0.0000E+00  0.0000E+00  0.0000E+00  0.0000E+00  0.0000E+00
 7.1179E+01  2.9932E-01  2.5165E+02  3.4414E-01  5.7484E+02  1.0000E+00
 7.1724E+01  2.9957E-01  2.4994E+02  3.4414E-01  5.7050E+02  1.0000E+00
 7.2273E+01  2.9982E-01  2.4825E+02  3.4414E-01  5.6619E+02  1.0000E+00
 7.2827E+01  3.0006E-01  2.4657E+02  3.4414E-01  5.6191E+02  1.0000E+00
 7.3385E+01  3.0031E-01  2.4490E+02  3.4414E-01  5.5767E+02  1.0000E+00
 7.3947E+01  3.0056E-01  2.4324E+02  3.4414E-01  5.5346E+02  1.0000E+00
 7.4513E+01  3.0082E-01  2.4159E+02  3.4414E-01  5.4928E+02  1.0000E+00
 7.5084E+01  3.0107E-01  2.3995E+02  3.4414E-01  5.4513E+02  1.0000E+00
 7.5659E+01  3.0132E-01  2.3833E+02  3.4414E-01  5.4101E+02  1.0000E+00
 7.6238E+01  3.0157E-01  2.3672E+02  3.4414E-01  5.3692E+02  1.0000E+00
 7.6822E+01  3.0183E-01  2.3512E+02  3.4414E-01  5.3286E+02  1.0000E+00
 7.7410E+01  3.0208E-01  2.3352E+02  3.4414E-01  5.2884E+02  1.0000E+00
 7.8003E+01  3.0233E-01  2.3194E+02  3.4414E-01  5.2484E+02  1.0000E+00
 7.8601E+01  3.0259E-01  2.3037E+02  3.4415E-01  5.2087E+02  1.0000E+00
 7.9202E+01  3.0284E-01  2.2881E+02  3.4415E-01  5.1694E+02  1.0000E+00
 7.9809E+01  3.0309E-01  2.2726E+02  3.4415E-01  5.1303E+02  1.0000E+00
 8.0420E+01  3.0334E-01  2.2572E+02  3.4415E-01  5.0915E+02  1.0000E+00
 8.1036E+01  3.0360E-01  2.2420E+02  3.4415E-01  5.0531E+02  1.0000E+00
 8.1657E+01  3.0385E-01  2.2268E+02  3.4415E-01  5.0149E+02  1.0000E+00
 8.2282E+01  3.0410E-01  2.2117E+02  3.4415E-01  4.9770E+02  1.0000E+00
 8.2912E+01  3.0436E-01  2.1967E+02  3.4415E-01  4.9394E+02  1.0000E+00
 8.3547E+01  3.0461E-01  2.1818E+02  3.4415E-01  4.9020E+02  1.0000E+00
 8.4187E+01  3.0486E-01  2.1670E+02  3.4415E-01  4.8650E+02  1.0000E+00
 8.4832E+01  3.0512E-01  2.1523E+02  3.4415E-01  4.8282E+02  1.0000E+00
 8.5481E+01  3.0537E-01  2.1378E+02  3.4415E-01  4.7917E+02  1.0000E+00
 8.6136E+01  3.0562E-01  2.1233E+02  3.4416E-01  4.7555E+02  1.0000E+00
 8.6796E+01  3.0587E-01  2.1089E+02  3.4416E-01  4.7195E+02  1.0000E+00
 8.7460E+01  3.0613E-01  2.0946E+02  3.4416E-01  4.6838E+02  1.0000E+00
 8.8130E+01  3.0638E-01  2.0804E+02  3.4416E-01  4.6484E+02  1.0000E+00
 8.8805E+01  3.0663E-01  2.0663E+02  3.4416E-01  4.6133E+02  1.0000E+00
 8.9485E+01  3.0688E-01  2.0522E+02  3.4416E-01  4.5784E+02  1.0000E+00
 9.0171E+01  3.0714E-01  2.0383E+02  3.4416E-01  4.5438E+02  1.0000E+00
 9.0861E+01  3.0739E-01  2.0245E+02  3.4416E-01  4.5094E+02  1.0000E+00
 9.1557E+01  3.0764E-01  2.0107E+02  3.4416E-01  4.4753E+02  1.0000E+00
 9.2258E+01  3.0789E-01  1.9971E+02  3.4416E-01  4.4415E+02  1.0000E+00
 9.2965E+01  3.0815E-01  1.9835E+02  3.4416E-01  4.4079E+02  1.0000E+00
 9.3677E+01  3.0840E-01  1.9701E+02  3.4417E-01  4.3746E+02  1.0000E+00
 9.4394E+01  3.0865E-01  1.9567E+02  3.4417E-01  4.3415E+02  1.0000E+00
 9.5117E+01  3.0890E-01  1.9434E+02  3.4417E-01  4.3087E+02  1.0000E+00
 9.5845E+01  3.0915E-01  1.9302E+02  3.4417E-01  4.2761E+02  1.0000E+00
 9.6579E+01  3.0941E-01  1.9171E+02  3.4417E-01  4.2437E+02  1.0000E+00
 9.7319E+01  3.0966E-01  1.9041E+02  3.4417E-01  4.2116E+02  1.0000E+00
 9.8064E+01  3.0991E-01  1.8911E+02  3.4417E-01  4.1798E+02  1.0000E+00
 9.8815E+01  3.1016E-01  1.8783E+02  3.4417E-01  4.1482E+02  1.0000E+00
 9.9572E+01  3.1041E-01  1.8655E+02  3.4417E-01  4.1168E+02  1.0000E+00
 1.0033E+02  3.1066E-01  1.8528E+02  3.4417E-01  4.0857E+02  1.0000E+00
 1.0110E+02  3.1092E-01  1.8403E+02  3.4418E-01  4.0548E+02  1.0000E+00
 1.0188E+02  3.1117E-01  1.8277E+02  3.4418E-01  4.0241E+02  1.0000E+00
 1.0266E+02  3.1142E-01  1.8153E+02  3.4418E-01  3.9936E+02  1.0000E+00
 1.0344E+02  3.1167E-01  1.8030E+02  3.4418E-01  3.9634E+02  1.0000E+00
 1.0424E+02  3.1192E-01  1.7907E+02  3.4418E-01  3.9335E+02  1.0000E+00
 1.0503E+02  3.1217E-01  1.7785E+02  3.4418E-01  3.9037E+02  1.0000E+00
 1.0584E+02  3.1242E-01  1.7664E+02  3.4418E-01  3.8742E+02  1.0000E+00
 1.0665E+02  3.1267E-01  1.7544E+02  3.4418E-01  3.8449E+02  1.0000E+00
 1.0747E+02  3.1292E-01  1.7425E+02  3.4418E-01  3.8158E+02  1.0000E+00
 1.0829E+02  3.1317E-01  1.7306E+02  3.4419E-01  3.7869E+02  1.0000E+00
 1.0912E+02  3.1342E-01  1.7188E+02  3.4419E-01  3.7582E+02  1.0000E+00
 1.0995E+02  3.1367E-01  1.7071E+02  3.4419E-01  3.7298E+02  1.0000E+00
 1.1080E+02  3.1392E-01  1.6955E+02  3.4419E-01  3.7016E+02  1.0000E+00
 1.1164E+02  3.1417E-01  1.6839E+02  3.4419E-01  3.6736E+02  1.0000E+00
 1.1250E+02  3.1442E-01  1.6725E+02  3.4419E-01  3.6458E+02  1.0000E+00
 1.1336E+02  3.1467E-01  1.6611E+02  3.4419E-01  3.6182E+02  1.0000E+00
 1.1423E+02  3.1492E-01  1.6498E+02  3.4419E-01  3.5908E+02  1.0000E+00
 1.1510E+02  3.1517E-01  1.6385E+02  3.4419E-01  3.5636E+02  1.0000E+00
 1.1599E+02  3.1542E-01  1.6274E+02  3.4420E-01  3.5367E+02  1.0000E+00
 1.1687E+02  3.1567E-01  1.6163E+02  3.4420E-01  3.5099E+02  1.0000E+00
 1.1777E+02  3.1592E-01  1.6052E+02  3.4420E-01  3.4834E+02  1.0000E+00
 1.1867E+02  3.1617E-01  1.5943E+02  3.4420E-01  3.4570E+02  1.0000E+00
 1.1958E+02  3.1642E-01  1.5834E+02  3.4420E-01  3.4308E+02  1.0000E+00
 1.2050E+02  3.1667E-01  1.5726E+02  3.4420E-01  3.4049E+02  1.0000E+00
 1.2142E+02  3.1692E-01  1.5619E+02  3.4420E-01  3.3791E+02  1.0000E+00
 1.2235E+02  3.1717E-01  1.5512E+02  3.4420E-01  3.3535E+02  1.0000E+00
 1.2329E+02  3.1742E-01  1.5407E+02  3.4421E-01  3.3281E+02  1.0000E+00
 1.2423E+02  3.1766E-01  1.5301E+02  3.4421E-01  3.3030E+02  1.0000E+00
 1.2518E+02  3.1791E-01  1.5197E+02  3.4421E-01  3.2780E+02  1.0000E+00
 1.2614E+02  3.1816E-01  1.5093E+02  3.4421E-01  3.2531E+02  1.0000E+00
 1.2711E+02  3.1841E-01  1.4990E+02  3.4421E-01  3.2285E+02  1.0000E+00
 1.2808E+02  3.1866E-01  1.4888E+02  3.4421E-01  3.2041E+02  1.0000E+00
 1.2906E+02  3.1890E-01  1.4786E+02  3.4421E-01  3.1798E+02  1.0000E+00
 1.3005E+02  3.1915E-01  1.4685E+02  3.4421E-01  3.1558E+02  1.0000E+00
 1.3104E+02  3.1940E-01  1.4585E+02  3.4422E-01  3.1319E+02  1.0000E+00
 1.3205E+02  3.1965E-01  1.4485E+02  3.4422E-01  3.1082E+02  1.0000E+00
 1.3306E+02  3.1990E-01  1.4386E+02  3.4422E-01  3.0846E+02  1.0000E+00
 1.3408E+02  3.2014E-01  1.4288E+02  3.4422E-01  3.0613E+02  1.0000E+00
 1.3510E+02  3.2039E-01  1.4190E+02  3.4422E-01  3.0381E+02  1.0000E+00
 1.3614E+02  3.2064E-01  1.4093E+02  3.4422E-01  3.0151E+02  1.0000E+00
 1.3718E+02  3.2088E-01  1.3997E+02  3.4422E-01  2.9923E+02  1.0000E+00
 1.3823E+02  3.2113E-01  1.3901E+02  3.4423E-01  2.9696E+02  1.0000E+00
 1.3929E+02  3.2138E-01  1.3806E+02  3.4423E-01  2.9471E+02  1.0000E+00
 1.4036E+02  3.2163E-01  1.3712E+02  3.4423E-01  2.9248E+02  1.0000E+00
 1.4143E+02  3.2187E-01  1.3618E+02  3.4423E-01  2.9027E+02  1.0000E+00
 1.4252E+02  3.2212E-01  1.3525E+02  3.4423E-01  2.8807E+02  1.0000E+00
 1.4361E+02  3.2236E-01  1.3432E+02  3.4423E-01  2.8589E+02  1.0000E+00
 1.4471E+02  3.2261E-01  1.3340E+02  3.4423E-01  2.8372E+02  1.0000E+00
 1.4582E+02  3.2285E-01  1.3249E+02  3.4424E-01  2.8158E+02  1.0000E+00
 1.4693E+02  3.2309E-01  1.3158E+02  3.4424E-01  2.7944E+02  1.0000E+00
 1.4806E+02  3.2333E-01  1.3068E+02  3.4424E-01  2.7733E+02  1.0000E+00
 1.4919E+02  3.2358E-01  1.2978E+02  3.4424E-01  2.7523E+02  1.0000E+00
 1.5033E+02  3.2382E-01  1.2889E+02  3.4424E-01  2.7314E+02  1.0000E+00
 1.5149E+02  3.2405E-01  1.2800E+02  3.4424E-01  2.7108E+02  1.0000E+00
 1.5265E+02  3.2429E-01  1.2713E+02  3.4424E-01  2.6902E+02  1.0000E+00
 1.5381E+02  3.2453E-01  1.2625E+02  3.4425E-01  2.6699E+02  1.0000E+00
 1.5499E+02  3.2477E-01  1.2538E+02  3.4425E-01  2.6496E+02  1.0000E+00
 1.5618E+02  3.2500E-01  1.2452E+02  3.4425E-01  2.6296E+02  1.0000E+00
 1.5738E+02  3.2524E-01  1.2366E+02  3.4425E-01  2.6097E+02  1.0000E+00
 1.5858E+02  3.2547E-01  1.2281E+02  3.4425E-01  2.5899E+02  1.0000E+00
 1.5980E+02  3.2571E-01  1.2197E+02  3.4425E-01  2.5703E+02  1.0000E+00
 1.6102E+02  3.2594E-01  1.2112E+02  3.4426E-01  2.5508E+02  1.0000E+00
 1.6225E+02  3.2617E-01  1.2029E+02  3.4426E-01  2.5315E+02  1.0000E+00
 1.6349E+02  3.2640E-01  1.1946E+02  3.4426E-01  2.5123E+02  1.0000E+00
 1.6475E+02  3.2663E-01  1.1863E+02  3.4426E-01  2.4933E+02  1.0000E+00
 1.6601E+02  3.2686E-01  1.1781E+02  3.4426E-01  2.4744E+02  1.0000E+00
 1.6728E+02  3.2708E-01  1.1700E+02  3.4426E-01  2.4557E+02  1.0000E+00
 1.6856E+02  3.2731E-01  1.1619E+02  3.4427E-01  2.4371E+02  1.0000E+00
 1.6985E+02  3.2754E-01  1.1539E+02  3.4427E-01  2.4186E+02  1.0000E+00
 1.7115E+02  3.2776E-01  1.1459E+02  3.4427E-01  2.4003E+02  1.0000E+00
 1.7246E+02  3.2798E-01  1.1379E+02  3.4427E-01  2.3821E+02  1.0000E+00
 1.7378E+02  3.2820E-01  1.1301E+02  3.4427E-01  2.3641E+02  1.0000E+00
 1.7511E+02  3.2842E-01  1.1222E+02  3.4428E-01  2.3462E+02  1.0000E+00
 1.7646E+02  3.2864E-01  1.1144E+02  3.4428E-01  2.3284E+02  1.0000E+00
 1.7781E+02  3.2886E-01  1.1067E+02  3.4428E-01  2.3108E+02  1.0000E+00
 1.7917E+02  3.2908E-01  1.0990E+02  3.4428E-01  2.2933E+02  1.0000E+00
 1.8054E+02  3.2929E-01  1.0914E+02  3.4428E-01  2.2759E+02  1.0000E+00
 1.8192E+02  3.2951E-01  1.0838E+02  3.4428E-01  2.2586E+02  1.0000E+00
 1.8332E+02  3.2972E-01  1.0762E+02  3.4429E-01  2.2415E+02  1.0000E+00
 1.8472E+02  3.2993E-01  1.0687E+02  3.4429E-01  2.2246E+02  1.0000E+00
 1.8614E+02  3.3014E-01  1.0613E+02  3.4429E-01  2.2077E+02  1.0000E+00
 1.8756E+02  3.3035E-01  1.0539E+02  3.4429E-01  2.1910E+02  1.0000E+00
 1.8900E+02  3.3056E-01  1.0465E+02  3.4429E-01  2.1744E+02  1.0000E+00
 1.9045E+02  3.3077E-01  1.0392E+02  3.4430E-01  2.1579E+02  1.0000E+00
 1.9190E+02  3.3097E-01  1.0320E+02  3.4430E-01  2.1416E+02  1.0000E+00
 1.9337E+02  3.3118E-01  1.0248E+02  3.4430E-01  2.1253E+02  1.0000E+00
 1.9485E+02  3.3138E-01  1.0176E+02  3.4430E-01  2.1092E+02  1.0000E+00
 1.9635E+02  3.3158E-01  1.0105E+02  3.4430E-01  2.0933E+02  1.0000E+00
 1.9785E+02  3.3178E-01  1.0034E+02  3.4431E-01  2.0774E+02  1.0000E+00
 1.9937E+02  3.3198E-01  9.9637E+01  3.4431E-01  2.0617E+02  1.0000E+00
 2.0089E+02  3.3218E-01  9.8938E+01  3.4431E-01  2.0461E+02  1.0000E+00
 2.0243E+02  3.3237E-01  9.8244E+01  3.4431E-01  2.0306E+02  1.0000E+00
 2.0398E+02  3.3257E-01  9.7554E+01  3.4431E-01  2.0152E+02  1.0000E+00
 2.0554E+02  3.3276E-01  9.6869E+01  3.4432E-01  1.9999E+02  1.0000E+00
 2.0712E+02  3.3295E-01  9.6187E+01  3.4432E-01  1.9848E+02  1.0000E+00
 2.0870E+02  3.3314E-01  9.5510E+01  3.4432E-01  1.9697E+02  1.0000E+00
 2.1030E+02  3.3333E-01  9.4838E+01  3.4432E-01  1.9548E+02  1.0000E+00
 2.1191E+02  3.3351E-01  9.4169E+01  3.4432E-01  1.9400E+02  1.0000E+00
 2.1354E+02  3.3370E-01  9.3505E+01  3.4433E-01  1.9253E+02  1.0000E+00
 2.1517E+02  3.3388E-01  9.2845E+01  3.4433E-01  1.9107E+02  1.0000E+00
 2.1682E+02  3.3406E-01  9.2190E+01  3.4433E-01  1.8962E+02  1.0000E+00
 2.1848E+02  3.3424E-01  9.1538E+01  3.4433E-01  1.8819E+02  1.0000E+00
 2.2015E+02  3.3442E-01  9.0890E+01  3.4434E-01  1.8676E+02  1.0000E+00
 2.2184E+02  3.3460E-01  9.0247E+01  3.4434E-01  1.8534E+02  1.0000E+00
 2.2354E+02  3.3477E-01  8.9608E+01  3.4434E-01  1.8394E+02  1.0000E+00
 2.2525E+02  3.3494E-01  8.8972E+01  3.4434E-01  1.8255E+02  1.0000E+00
 2.2697E+02  3.3511E-01  8.8341E+01  3.4434E-01  1.8116E+02  1.0000E+00
 2.2871E+02  3.3528E-01  8.7714E+01  3.4435E-01  1.7979E+02  1.0000E+00
 2.3046E+02  3.3545E-01  8.7090E+01  3.4435E-01  1.7843E+02  1.0000E+00
 2.3223E+02  3.3562E-01  8.6471E+01  3.4435E-01  1.7708E+02  1.0000E+00
 2.3401E+02  3.3578E-01  8.5856E+01  3.4435E-01  1.7573E+02  1.0000E+00
 2.3580E+02  3.3594E-01  8.5244E+01  3.4436E-01  1.7440E+02  1.0000E+00
 2.3761E+02  3.3610E-01  8.4636E+01  3.4436E-01  1.7308E+02  1.0000E+00
 2.3942E+02  3.3626E-01  8.4032E+01  3.4436E-01  1.7177E+02  1.0000E+00
 2.4126E+02  3.3642E-01  8.3432E+01  3.4436E-01  1.7047E+02  1.0000E+00
 2.4311E+02  3.3657E-01  8.2836E+01  3.4437E-01  1.6918E+02  1.0000E+00
 2.4497E+02  3.3672E-01  8.2244E+01  3.4437E-01  1.6790E+02  1.0000E+00
 2.4684E+02  3.3687E-01  8.1655E+01  3.4437E-01  1.6662E+02  1.0000E+00
 2.4873E+02  3.3702E-01  8.1070E+01  3.4437E-01  1.6536E+02  1.0000E+00
 2.5064E+02  3.3717E-01  8.0490E+01  3.4438E-01  1.6411E+02  1.0000E+00
 2.5256E+02  3.3732E-01  7.9913E+01  3.4438E-01  1.6286E+02  1.0000E+00
 2.5449E+02  3.3747E-01  7.9339E+01  3.4438E-01  1.6163E+02  1.0000E+00
 2.5644E+02  3.3761E-01  7.8770E+01  3.4438E-01  1.6040E+02  1.0000E+00
 2.5841E+02  3.3775E-01  7.8204E+01  3.4439E-01  1.5919E+02  1.0000E+00
 2.6038E+02  3.3790E-01  7.7642E+01  3.4439E-01  1.5798E+02  1.0000E+00
 2.6238E+02  3.3804E-01  7.7084E+01  3.4439E-01  1.5679E+02  1.0000E+00
 2.6439E+02  3.3817E-01  7.6530E+01  3.4440E-01  1.5560E+02  1.0000E+00
 2.6641E+02  3.3831E-01  7.5979E+01  3.4440E-01  1.5442E+02  1.0000E+00
 2.6845E+02  3.3845E-01  7.5432E+01  3.4440E-01  1.5325E+02  1.0000E+00
 2.7051E+02  3.3858E-01  7.4888E+01  3.4440E-01  1.5209E+02  1.0000E+00
 2.7258E+02  3.3872E-01  7.4348E+01  3.4441E-01  1.5093E+02  1.0000E+00
 2.7467E+02  3.3885E-01  7.3812E+01  3.4441E-01  1.4979E+02  1.0000E+00
 2.7677E+02  3.3898E-01  7.3279E+01  3.4441E-01  1.4866E+02  1.0000E+00
 2.7889E+02  3.3911E-01  7.2750E+01  3.4441E-01  1.4753E+02  1.0000E+00
 2.8103E+02  3.3924E-01  7.2224E+01  3.4442E-01  1.4641E+02  1.0000E+00
 2.8318E+02  3.3937E-01  7.1702E+01  3.4442E-01  1.4530E+02  1.0000E+00
 2.8535E+02  3.3949E-01  7.1183E+01  3.4442E-01  1.4420E+02  1.0000E+00
 2.8753E+02  3.3962E-01  7.0668E+01  3.4443E-01  1.4311E+02  1.0000E+00
 2.8974E+02  3.3974E-01  7.0156E+01  3.4443E-01  1.4202E+02  1.0000E+00
 2.9195E+02  3.3986E-01  6.9648E+01  3.4443E-01  1.4095E+02  1.0000E+00
 2.9419E+02  3.3999E-01  6.9143E+01  3.4444E-01  1.3988E+02  1.0000E+00
 2.9644E+02  3.4011E-01  6.8642E+01  3.4444E-01  1.3882E+02  1.0000E+00
 2.9871E+02  3.4022E-01  6.8144E+01  3.4444E-01  1.3777E+02  1.0000E+00
 3.0100E+02  3.4034E-01  6.7649E+01  3.4444E-01  1.3672E+02  1.0000E+00
 3.0331E+02  3.4046E-01  6.7158E+01  3.4445E-01  1.3569E+02  1.0000E+00
 3.0563E+02  3.4057E-01  6.6670E+01  3.4445E-01  1.3466E+02  1.0000E+00
 3.0797E+02  3.4069E-01  6.6185E+01  3.4445E-01  1.3364E+02  1.0000E+00
 3.1033E+02  3.4080E-01  6.5703E+01  3.4446E-01  1.3263E+02  1.0000E+00
 3.1271E+02  3.4091E-01  6.5225E+01  3.4446E-01  1.3162E+02  1.0000E+00
 3.1510E+02  3.4102E-01  6.4750E+01  3.4446E-01  1.3062E+02  1.0000E+00
 3.1751E+02  3.4113E-01  6.4279E+01  3.4447E-01  1.2963E+02  1.0000E+00
 3.1994E+02  3.4124E-01  6.3810E+01  3.4447E-01  1.2865E+02  1.0000E+00
 3.2240E+02  3.4135E-01  6.3345E+01  3.4447E-01  1.2768E+02  1.0000E+00
 3.2486E+02  3.4145E-01  6.2883E+01  3.4448E-01  1.2671E+02  1.0000E+00
 3.2735E+02  3.4156E-01  6.2424E+01  3.4448E-01  1.2575E+02  1.0000E+00
 3.2986E+02  3.4166E-01  6.1968E+01  3.4448E-01  1.2479E+02  1.0000E+00
 3.3239E+02  3.4176E-01  6.1515E+01  3.4449E-01  1.2385E+02  1.0000E+00
 3.3493E+02  3.4186E-01  6.1066E+01  3.4449E-01  1.2291E+02  1.0000E+00
 3.3750E+02  3.4196E-01  6.0619E+01  3.4449E-01  1.2198E+02  1.0000E+00
 3.4008E+02  3.4206E-01  6.0176E+01  3.4450E-01  1.2105E+02  1.0000E+00
 3.4268E+02  3.4216E-01  5.9735E+01  3.4450E-01  1.2014E+02  1.0000E+00
 3.4531E+02  3.4226E-01  5.9298E+01  3.4450E-01  1.1923E+02  1.0000E+00
 3.4795E+02  3.4235E-01  5.8864E+01  3.4451E-01  1.1832E+02  1.0000E+00
 3.5062E+02  3.4245E-01  5.8432E+01  3.4451E-01  1.1743E+02  1.0000E+00
 3.5330E+02  3.4254E-01  5.8004E+01  3.4452E-01  1.1654E+02  1.0000E+00
 3.5601E+02  3.4263E-01  5.7579E+01  3.4452E-01  1.1565E+02  1.0000E+00
 3.5874E+02  3.4273E-01  5.7156E+01  3.4452E-01  1.1478E+02  1.0000E+00
 3.6148E+02  3.4282E-01  5.6737E+01  3.4453E-01  1.1391E+02  1.0000E+00
 3.6425E+02  3.4291E-01  5.6320E+01  3.4453E-01  1.1304E+02  1.0000E+00
 3.6704E+02  3.4300E-01  5.5906E+01  3.4453E-01  1.1219E+02  1.0000E+00
 3.6985E+02  3.4308E-01  5.5495E+01  3.4454E-01  1.1134E+02  1.0000E+00
 3.7268E+02  3.4317E-01  5.5087E+01  3.4454E-01  1.1049E+02  1.0000E+00
 3.7554E+02  3.4326E-01  5.4682E+01  3.4455E-01  1.0966E+02  1.0000E+00
 3.7841E+02  3.4334E-01  5.4280E+01  3.4455E-01  1.0883E+02  1.0000E+00
 3.8131E+02  3.4343E-01  5.3881E+01  3.4455E-01  1.0800E+02  1.0000E+00
 3.8423E+02  3.4351E-01  5.3484E+01  3.4456E-01  1.0718E+02  1.0000E+00
 3.8718E+02  3.4359E-01  5.3090E+01  3.4456E-01  1.0637E+02  1.0000E+00
 3.9014E+02  3.4367E-01  5.2699E+01  3.4456E-01  1.0556E+02  1.0000E+00
 3.9313E+02  3.4375E-01  5.2310E+01  3.4457E-01  1.0476E+02  1.0000E+00
 3.9614E+02  3.4383E-01  5.1924E+01  3.4457E-01  1.0397E+02  1.0000E+00
 3.9917E+02  3.4391E-01  5.1541E+01  3.4458E-01  1.0318E+02  1.0000E+00
 4.0223E+02  3.4399E-01  5.1161E+01  3.4458E-01  1.0240E+02  1.0000E+00
 4.0531E+02  3.4406E-01  5.0784E+01  3.4459E-01  1.0162E+02  1.0000E+00
 4.0841E+02  3.4414E-01  5.0409E+01  3.4459E-01  1.0085E+02  1.0000E+00
 4.1154E+02  3.4422E-01  5.0036E+01  3.4459E-01  1.0009E+02  1.0000E+00
 4.1469E+02  3.4429E-01  4.9667E+01  3.4460E-01  9.9331E+01  1.0000E+00
 4.1787E+02  3.4436E-01  4.9299E+01  3.4460E-01  9.8578E+01  1.0000E+00
 4.2107E+02  3.4444E-01  4.8935E+01  3.4461E-01  9.7831E+01  1.0000E+00
 4.2429E+02  3.4451E-01  4.8573E+01  3.4461E-01  9.7090E+01  1.0000E+00
 4.2754E+02  3.4458E-01  4.8214E+01  3.4462E-01  9.6354E+01  1.0000E+00
 4.3082E+02  3.4465E-01  4.7857E+01  3.4462E-01  9.5624E+01  1.0000E+00
 4.3412E+02  3.4472E-01  4.7503E+01  3.4462E-01  9.4899E+01  1.0000E+00
 4.3744E+02  3.4479E-01  4.7151E+01  3.4463E-01  9.4180E+01  1.0000E+00
 4.4079E+02  3.4486E-01  4.6802E+01  3.4463E-01  9.3466E+01  1.0000E+00
 4.4417E+02  3.4493E-01  4.6455E+01  3.4464E-01  9.2758E+01  1.0000E+00
 4.4757E+02  3.4499E-01  4.6111E+01  3.4464E-01  9.2055E+01  1.0000E+00
 4.5100E+02  3.4506E-01  4.5769E+01  3.4465E-01  9.1357E+01  1.0000E+00
 4.5445E+02  3.4513E-01  4.5430E+01  3.4465E-01  9.0665E+01  1.0000E+00
 4.5793E+02  3.4519E-01  4.5093E+01  3.4466E-01  8.9978E+01  1.0000E+00
 4.6144E+02  3.4525E-01  4.4758E+01  3.4466E-01  8.9296E+01  1.0000E+00
 4.6497E+02  3.4532E-01  4.4426E+01  3.4467E-01  8.8620E+01  1.0000E+00
 4.6853E+02  3.4538E-01  4.4096E+01  3.4467E-01  8.7948E+01  1.0000E+00
 4.7212E+02  3.4544E-01  4.3769E+01  3.4468E-01  8.7282E+01  1.0000E+00
 4.7574E+02  3.4550E-01  4.3444E+01  3.4468E-01  8.6620E+01  1.0000E+00
 4.7938E+02  3.4556E-01  4.3121E+01  3.4469E-01  8.5964E+01  1.0000E+00
 4.8305E+02  3.4562E-01  4.2800E+01  3.4469E-01  8.5313E+01  1.0000E+00
 4.8675E+02  3.4568E-01  4.2482E+01  3.4470E-01  8.4666E+01  1.0000E+00
 4.9048E+02  3.4574E-01  4.2166E+01  3.4470E-01  8.4025E+01  1.0000E+00
 4.9424E+02  3.4580E-01  4.1853E+01  3.4471E-01  8.3388E+01  1.0000E+00
 4.9802E+02  3.4586E-01  4.1541E+01  3.4471E-01  8.2756E+01  1.0000E+00
 5.0183E+02  3.4591E-01  4.1232E+01  3.4472E-01  8.2129E+01  1.0000E+00
 5.0568E+02  3.4597E-01  4.0925E+01  3.4472E-01  8.1507E+01  1.0000E+00
 5.0955E+02  3.4602E-01  4.0621E+01  3.4473E-01  8.0889E+01  1.0000E+00
 5.1345E+02  3.4608E-01  4.0318E+01  3.4473E-01  8.0276E+01  1.0000E+00
 5.1738E+02  3.4613E-01  4.0018E+01  3.4474E-01  7.9668E+01  1.0000E+00
 5.2135E+02  3.4619E-01  3.9719E+01  3.4474E-01  7.9064E+01  1.0000E+00
 5.2534E+02  3.4624E-01  3.9423E+01  3.4475E-01  7.8465E+01  1.0000E+00
 5.2936E+02  3.4629E-01  3.9129E+01  3.4475E-01  7.7871E+01  1.0000E+00
 5.3342E+02  3.4634E-01  3.8838E+01  3.4476E-01  7.7281E+01  1.0000E+00
 5.3750E+02  3.4639E-01  3.8548E+01  3.4476E-01  7.6695E+01  1.0000E+00
 5.4162E+02  3.4644E-01  3.8260E+01  3.4477E-01  7.6114E+01  1.0000E+00
 5.4577E+02  3.4649E-01  3.7975E+01  3.4477E-01  7.5537E+01  1.0000E+00
 5.4995E+02  3.4654E-01  3.7691E+01  3.4478E-01  7.4965E+01  1.0000E+00
 5.5416E+02  3.4659E-01  3.7410E+01  3.4479E-01  7.4397E+01  1.0000E+00
 5.5840E+02  3.4663E-01  3.7130E+01  3.4479E-01  7.3834E+01  1.0000E+00
 5.6268E+02  3.4668E-01  3.6853E+01  3.4480E-01  7.3274E+01  1.0000E+00
 5.6699E+02  3.4672E-01  3.6577E+01  3.4480E-01  7.2719E+01  1.0000E+00
 5.7133E+02  3.4677E-01  3.6304E+01  3.4481E-01  7.2168E+01  1.0000E+00
 5.7571E+02  3.4681E-01  3.6033E+01  3.4481E-01  7.1621E+01  1.0000E+00
 5.8011E+02  3.4686E-01  3.5763E+01  3.4482E-01  7.1079E+01  1.0000E+00
 5.8456E+02  3.4690E-01  3.5495E+01  3.4483E-01  7.0540E+01  1.0000E+00
 5.8903E+02  3.4694E-01  3.5230E+01  3.4483E-01  7.0006E+01  1.0000E+00
 5.9354E+02  3.4699E-01  3.4966E+01  3.4484E-01  6.9475E+01  1.0000E+00
 5.9809E+02  3.4703E-01  3.4704E+01  3.4485E-01  6.8949E+01  1.0000E+00
 6.0267E+02  3.4707E-01  3.4445E+01  3.4485E-01  6.8427E+01  1.0000E+00
 6.0729E+02  3.4711E-01  3.4187E+01  3.4486E-01  6.7908E+01  1.0000E+00
 6.1194E+02  3.4715E-01  3.3930E+01  3.4486E-01  6.7394E+01  1.0000E+00
 6.1662E+02  3.4719E-01  3.3676E+01  3.4487E-01  6.6884E+01  1.0000E+00
 6.2135E+02  3.4722E-01  3.3424E+01  3.4488E-01  6.6377E+01  1.0000E+00
 6.2610E+02  3.4726E-01  3.3173E+01  3.4488E-01  6.5874E+01  1.0000E+00
 6.3090E+02  3.4730E-01  3.2924E+01  3.4489E-01  6.5375E+01  1.0000E+00
 6.3573E+02  3.4734E-01  3.2678E+01  3.4490E-01  6.4880E+01  1.0000E+00
 6.4060E+02  3.4737E-01  3.2432E+01  3.4490E-01  6.4388E+01  1.0000E+00
 6.4551E+02  3.4741E-01  3.2189E+01  3.4491E-01  6.3901E+01  1.0000E+00
 6.5045E+02  3.4744E-01  3.1947E+01  3.4492E-01  6.3417E+01  1.0000E+00
 6.5543E+02  3.4748E-01  3.1708E+01  3.4492E-01  6.2936E+01  1.0000E+00
 6.6045E+02  3.4751E-01  3.1469E+01  3.4493E-01  6.2460E+01  1.0000E+00
 6.6551E+02  3.4754E-01  3.1233E+01  3.4494E-01  6.1987E+01  1.0000E+00
 6.7060E+02  3.4758E-01  3.0998E+01  3.4494E-01  6.1517E+01  1.0000E+00
 6.7574E+02  3.4761E-01  3.0766E+01  3.4495E-01  6.1051E+01  1.0000E+00
 6.8092E+02  3.4764E-01  3.0534E+01  3.4496E-01  6.0589E+01  1.0000E+00
 6.8613E+02  3.4767E-01  3.0305E+01  3.4496E-01  6.0130E+01  1.0000E+00
 6.9138E+02  3.4770E-01  3.0077E+01  3.4497E-01  5.9674E+01  1.0000E+00
 6.9668E+02  3.4773E-01  2.9851E+01  3.4498E-01  5.9222E+01  1.0000E+00
 7.0201E+02  3.4776E-01  2.9626E+01  3.4499E-01  5.8774E+01  1.0000E+00
 7.0739E+02  3.4779E-01  2.9403E+01  3.4499E-01  5.8329E+01  1.0000E+00
 7.1281E+02  3.4781E-01  2.9182E+01  3.4500E-01  5.7887E+01  1.0000E+00
 7.1827E+02  3.4784E-01  2.8962E+01  3.4501E-01  5.7449E+01  1.0000E+00
 7.2377E+02  3.4787E-01  2.8744E+01  3.4501E-01  5.7014E+01  1.0000E+00
 7.2931E+02  3.4790E-01  2.8528E+01  3.4502E-01  5.6582E+01  1.0000E+00
 7.3490E+02  3.4792E-01  2.8313E+01  3.4503E-01  5.6153E+01  1.0000E+00
 7.4052E+02  3.4795E-01  2.8100E+01  3.4504E-01  5.5728E+01  1.0000E+00
 7.4620E+02  3.4797E-01  2.7888E+01  3.4504E-01  5.5306E+01  1.0000E+00
 7.5191E+02  3.4800E-01  2.7678E+01  3.4505E-01  5.4887E+01  1.0000E+00
 7.5767E+02  3.4802E-01  2.7469E+01  3.4506E-01  5.4472E+01  1.0000E+00
 7.6347E+02  3.4804E-01  2.7262E+01  3.4507E-01  5.4059E+01  1.0000E+00
 7.6932E+02  3.4807E-01  2.7057E+01  3.4508E-01  5.3650E+01  1.0000E+00
 7.7521E+02  3.4809E-01  2.6853E+01  3.4508E-01  5.3244E+01  1.0000E+00
 7.8115E+02  3.4811E-01  2.6650E+01  3.4509E-01  5.2840E+01  1.0000E+00
 7.8713E+02  3.4813E-01  2.6449E+01  3.4510E-01  5.2440E+01  1.0000E+00
 7.9316E+02  3.4816E-01  2.6249E+01  3.4511E-01  5.2043E+01  1.0000E+00
 7.9923E+02  3.4818E-01  2.6051E+01  3.4512E-01  5.1649E+01  1.0000E+00
 8.0535E+02  3.4820E-01  2.5855E+01  3.4512E-01  5.1258E+01  1.0000E+00
 8.1152E+02  3.4822E-01  2.5660E+01  3.4513E-01  5.0870E+01  1.0000E+00
 8.1774E+02  3.4824E-01  2.5466E+01  3.4514E-01  5.0485E+01  1.0000E+00
 8.2400E+02  3.4826E-01  2.5274E+01  3.4515E-01  5.0103E+01  1.0000E+00
 8.3031E+02  3.4828E-01  2.5083E+01  3.4516E-01  4.9724E+01  1.0000E+00
 8.3667E+02  3.4829E-01  2.4893E+01  3.4517E-01  4.9347E+01  1.0000E+00
 8.4307E+02  3.4831E-01  2.4705E+01  3.4518E-01  4.8974E+01  1.0000E+00
 8.4953E+02  3.4833E-01  2.4519E+01  3.4518E-01  4.8603E+01  1.0000E+00
 8.5604E+02  3.4835E-01  2.4333E+01  3.4519E-01  4.8235E+01  1.0000E+00
 8.6259E+02  3.4837E-01  2.4149E+01  3.4520E-01  4.7870E+01  1.0000E+00
 8.6920E+02  3.4838E-01  2.3967E+01  3.4521E-01  4.7507E+01  1.0000E+00
 8.7586E+02  3.4840E-01  2.3786E+01  3.4522E-01  4.7148E+01  1.0000E+00
 8.8256E+02  3.4842E-01  2.3606E+01  3.4523E-01  4.6791E+01  1.0000E+00
 8.8932E+02  3.4843E-01  2.3427E+01  3.4524E-01  4.6437E+01  1.0000E+00
 8.9613E+02  3.4845E-01  2.3250E+01  3.4525E-01  4.6085E+01  1.0000E+00
 9.0300E+02  3.4846E-01  2.3075E+01  3.4526E-01  4.5736E+01  1.0000E+00
 9.0991E+02  3.4848E-01  2.2900E+01  3.4527E-01  4.5390E+01  1.0000E+00
 9.1688E+02  3.4850E-01  2.2727E+01  3.4528E-01  4.5047E+01  1.0000E+00
 9.2390E+02  3.4851E-01  2.2555E+01  3.4528E-01  4.4706E+01  1.0000E+00
 9.3098E+02  3.4852E-01  2.2384E+01  3.4529E-01  4.4367E+01  1.0000E+00
 9.3811E+02  3.4854E-01  2.2215E+01  3.4530E-01  4.4032E+01  1.0000E+00
 9.4529E+02  3.4855E-01  2.2047E+01  3.4531E-01  4.3698E+01  1.0000E+00
 9.5253E+02  3.4857E-01  2.1880E+01  3.4532E-01  4.3368E+01  1.0000E+00
 9.5983E+02  3.4858E-01  2.1714E+01  3.4533E-01  4.3040E+01  1.0000E+00
 9.6718E+02  3.4859E-01  2.1550E+01  3.4534E-01  4.2714E+01  1.0000E+00
 9.7458E+02  3.4861E-01  2.1387E+01  3.4535E-01  4.2391E+01  1.0000E+00
 9.8205E+02  3.4862E-01  2.1225E+01  3.4536E-01  4.2070E+01  1.0000E+00
 9.8957E+02  3.4863E-01  2.1064E+01  3.4537E-01  4.1752E+01  1.0000E+00
 9.9715E+02  3.4865E-01  2.0905E+01  3.4538E-01  4.1436E+01  1.0000E+00
 1.0048E+03  3.4866E-01  2.0747E+01  3.4539E-01  4.1122E+01  1.0000E+00
 1.0125E+03  3.4867E-01  2.0589E+01  3.4540E-01  4.0811E+01  1.0000E+00
 1.0202E+03  3.4869E-01  2.0434E+01  3.4541E-01  4.0502E+01  1.0000E+00
 1.0280E+03  3.4870E-01  2.0279E+01  3.4542E-01  4.0196E+01  1.0000E+00
 1.0359E+03  3.4871E-01  2.0125E+01  3.4544E-01  3.9892E+01  1.0000E+00
 1.0439E+03  3.4872E-01  1.9973E+01  3.4545E-01  3.9590E+01  1.0000E+00
 1.0518E+03  3.4873E-01  1.9822E+01  3.4546E-01  3.9290E+01  1.0000E+00
 1.0599E+03  3.4875E-01  1.9671E+01  3.4547E-01  3.8993E+01  1.0000E+00
 1.0680E+03  3.4876E-01  1.9522E+01  3.4548E-01  3.8698E+01  1.0000E+00
 1.0762E+03  3.4875E-01  1.9373E+01  3.4549E-01  3.8405E+01  1.0000E+00
 1.0844E+03  3.4873E-01  1.9225E+01  3.4550E-01  3.8115E+01  1.0000E+00
 1.0927E+03  3.4872E-01  1.9078E+01  3.4551E-01  3.7827E+01  1.0000E+00
 1.1011E+03  3.4871E-01  1.8932E+01  3.4552E-01  3.7540E+01  1.0000E+00
 1.1095E+03  3.4870E-01  1.8788E+01  3.4553E-01  3.7257E+01  1.0000E+00
 1.1180E+03  3.4869E-01  1.8644E+01  3.4555E-01  3.6975E+01  1.0000E+00
 1.1266E+03  3.4867E-01  1.8502E+01  3.4556E-01  3.6695E+01  1.0000E+00
 1.1352E+03  3.4866E-01  1.8360E+01  3.4557E-01  3.6418E+01  1.0000E+00
 1.1439E+03  3.4865E-01  1.8220E+01  3.4558E-01  3.6142E+01  1.0000E+00
 1.1527E+03  3.4864E-01  1.8081E+01  3.4559E-01  3.5869E+01  1.0000E+00
 1.1615E+03  3.4863E-01  1.7943E+01  3.4561E-01  3.5598E+01  1.0000E+00
 1.1704E+03  3.4862E-01  1.7806E+01  3.4562E-01  3.5328E+01  1.0000E+00
 1.1794E+03  3.4861E-01  1.7670E+01  3.4563E-01  3.5061E+01  1.0000E+00
 1.1884E+03  3.4860E-01  1.7535E+01  3.4564E-01  3.4796E+01  1.0000E+00
 1.1975E+03  3.4859E-01  1.7401E+01  3.4565E-01  3.4533E+01  1.0000E+00
 1.2067E+03  3.4858E-01  1.7268E+01  3.4567E-01  3.4272E+01  1.0000E+00
 1.2159E+03  3.4857E-01  1.7136E+01  3.4568E-01  3.4013E+01  1.0000E+00
 1.2252E+03  3.4856E-01  1.7005E+01  3.4569E-01  3.3756E+01  1.0000E+00
 1.2346E+03  3.4855E-01  1.6876E+01  3.4570E-01  3.3500E+01  1.0000E+00
 1.2441E+03  3.4855E-01  1.6747E+01  3.4572E-01  3.3247E+01  1.0000E+00
 1.2536E+03  3.4854E-01  1.6619E+01  3.4573E-01  3.2996E+01  1.0000E+00
 1.2632E+03  3.4853E-01  1.6492E+01  3.4574E-01  3.2746E+01  1.0000E+00
 1.2729E+03  3.4852E-01  1.6366E+01  3.4576E-01  3.2499E+01  1.0000E+00
 1.2826E+03  3.4851E-01  1.6241E+01  3.4577E-01  3.2253E+01  1.0000E+00
 1.2924E+03  3.4851E-01  1.6117E+01  3.4578E-01  3.2009E+01  1.0000E+00
 1.3023E+03  3.4850E-01  1.5994E+01  3.4580E-01  3.1767E+01  1.0000E+00
 1.3123E+03  3.4849E-01  1.5872E+01  3.4581E-01  3.1527E+01  1.0000E+00
 1.3224E+03  3.4849E-01  1.5751E+01  3.4582E-01  3.1289E+01  1.0000E+00
 1.3325E+03  3.4848E-01  1.5631E+01  3.4584E-01  3.1053E+01  1.0000E+00
 1.3427E+03  3.4848E-01  1.5512E+01  3.4585E-01  3.0818E+01  1.0000E+00
 1.3530E+03  3.4847E-01  1.5394E+01  3.4586E-01  3.0585E+01  1.0000E+00
 1.3633E+03  3.4846E-01  1.5276E+01  3.4588E-01  3.0354E+01  1.0000E+00
 1.3738E+03  3.4846E-01  1.5160E+01  3.4589E-01  3.0124E+01  1.0000E+00
 1.3843E+03  3.4845E-01  1.5044E+01  3.4591E-01  2.9897E+01  1.0000E+00
 1.3949E+03  3.4845E-01  1.4930E+01  3.4592E-01  2.9671E+01  1.0000E+00
 1.4056E+03  3.4845E-01  1.4816E+01  3.4593E-01  2.9447E+01  1.0000E+00
 1.4164E+03  3.4844E-01  1.4703E+01  3.4595E-01  2.9224E+01  1.0000E+00
 1.4272E+03  3.4844E-01  1.4591E+01  3.4596E-01  2.9003E+01  1.0000E+00
 1.4381E+03  3.4843E-01  1.4480E+01  3.4598E-01  2.8784E+01  1.0000E+00
 1.4491E+03  3.4843E-01  1.4369E+01  3.4599E-01  2.8567E+01  1.0000E+00
 1.4602E+03  3.4843E-01  1.4260E+01  3.4601E-01  2.8351E+01  1.0000E+00
 1.4714E+03  3.4843E-01  1.4151E+01  3.4602E-01  2.8137E+01  1.0000E+00
 1.4827E+03  3.4842E-01  1.4043E+01  3.4604E-01  2.7924E+01  1.0000E+00
 1.4940E+03  3.4842E-01  1.3936E+01  3.4605E-01  2.7713E+01  1.0000E+00
 1.5055E+03  3.4842E-01  1.3830E+01  3.4607E-01  2.7504E+01  1.0000E+00
 1.5170E+03  3.4842E-01  1.3725E+01  3.4609E-01  2.7296E+01  1.0000E+00
 1.5286E+03  3.4841E-01  1.3620E+01  3.4610E-01  2.7090E+01  1.0000E+00
 1.5403E+03  3.4841E-01  1.3517E+01  3.4612E-01  2.6886E+01  1.0000E+00
 1.5521E+03  3.4841E-01  1.3414E+01  3.4613E-01  2.6683E+01  1.0000E+00
 1.5640E+03  3.4841E-01  1.3311E+01  3.4615E-01  2.6481E+01  1.0000E+00
 1.5760E+03  3.4841E-01  1.3210E+01  3.4616E-01  2.6281E+01  1.0000E+00
 1.5881E+03  3.4841E-01  1.3110E+01  3.4618E-01  2.6083E+01  1.0000E+00
 1.6002E+03  3.4841E-01  1.3010E+01  3.4620E-01  2.5886E+01  1.0000E+00
 1.6125E+03  3.4841E-01  1.2911E+01  3.4621E-01  2.5690E+01  1.0000E+00
 1.6248E+03  3.4841E-01  1.2812E+01  3.4623E-01  2.5496E+01  1.0000E+00
 1.6373E+03  3.4841E-01  1.2715E+01  3.4625E-01  2.5304E+01  1.0000E+00
 1.6498E+03  3.4841E-01  1.2618E+01  3.4626E-01  2.5113E+01  1.0000E+00
 1.6625E+03  3.4841E-01  1.2522E+01  3.4628E-01  2.4923E+01  1.0000E+00
 1.6752E+03  3.4841E-01  1.2427E+01  3.4630E-01  2.4735E+01  1.0000E+00
 1.6880E+03  3.4842E-01  1.2332E+01  3.4632E-01  2.4549E+01  1.0000E+00
 1.7009E+03  3.4842E-01  1.2239E+01  3.4633E-01  2.4363E+01  1.0000E+00
 1.7140E+03  3.4842E-01  1.2145E+01  3.4635E-01  2.4179E+01  1.0000E+00
 1.7271E+03  3.4842E-01  1.2053E+01  3.4637E-01  2.3997E+01  1.0000E+00
 1.7403E+03  3.4843E-01  1.1961E+01  3.4639E-01  2.3816E+01  1.0000E+00
 1.7537E+03  3.4843E-01  1.1870E+01  3.4640E-01  2.3636E+01  1.0000E+00
 1.7671E+03  3.4843E-01  1.1780E+01  3.4642E-01  2.3458E+01  1.0000E+00
 1.7806E+03  3.4843E-01  1.1691E+01  3.4644E-01  2.3281E+01  1.0000E+00
 1.7943E+03  3.4844E-01  1.1602E+01  3.4646E-01  2.3105E+01  1.0000E+00
 1.8080E+03  3.4844E-01  1.1514E+01  3.4648E-01  2.2931E+01  1.0000E+00
 1.8218E+03  3.4845E-01  1.1426E+01  3.4650E-01  2.2758E+01  1.0000E+00
 1.8358E+03  3.4845E-01  1.1339E+01  3.4652E-01  2.2586E+01  1.0000E+00
 1.8499E+03  3.4845E-01  1.1253E+01  3.4653E-01  2.2416E+01  1.0000E+00
 1.8640E+03  3.4846E-01  1.1167E+01  3.4655E-01  2.2247E+01  1.0000E+00
 1.8783E+03  3.4846E-01  1.1083E+01  3.4657E-01  2.2079E+01  1.0000E+00
 1.8927E+03  3.4847E-01  1.0998E+01  3.4659E-01  2.1912E+01  1.0000E+00
 1.9072E+03  3.4848E-01  1.0915E+01  3.4661E-01  2.1747E+01  1.0000E+00
 1.9218E+03  3.4848E-01  1.0832E+01  3.4663E-01  2.1583E+01  1.0000E+00
 1.9365E+03  3.4849E-01  1.0750E+01  3.4665E-01  2.1420E+01  1.0000E+00
 1.9513E+03  3.4849E-01  1.0668E+01  3.4667E-01  2.1259E+01  1.0000E+00
 1.9663E+03  3.4850E-01  1.0587E+01  3.4669E-01  2.1098E+01  1.0000E+00
 1.9813E+03  3.4851E-01  1.0506E+01  3.4671E-01  2.0939E+01  1.0000E+00
 1.9965E+03  3.4851E-01  1.0427E+01  3.4673E-01  2.0782E+01  1.0000E+00
 2.0118E+03  3.4852E-01  1.0348E+01  3.4675E-01  2.0625E+01  1.0000E+00
 2.0272E+03  3.4853E-01  1.0269E+01  3.4677E-01  2.0469E+01  1.0000E+00
 2.0427E+03  3.4854E-01  1.0191E+01  3.4680E-01  2.0315E+01  1.0000E+00
 2.0584E+03  3.4855E-01  1.0114E+01  3.4682E-01  2.0162E+01  1.0000E+00
 2.0741E+03  3.4855E-01  1.0037E+01  3.4684E-01  2.0010E+01  1.0000E+00
 2.0900E+03  3.4856E-01  9.9606E+00  3.4686E-01  1.9859E+01  1.0000E+00
 2.1060E+03  3.4857E-01  9.8850E+00  3.4688E-01  1.9709E+01  1.0000E+00
 2.1222E+03  3.4858E-01  9.8100E+00  3.4690E-01  1.9561E+01  1.0000E+00
 2.1384E+03  3.4859E-01  9.7356E+00  3.4692E-01  1.9414E+01  1.0000E+00
 2.1548E+03  3.4860E-01  9.6617E+00  3.4695E-01  1.9267E+01  1.0000E+00
 2.1713E+03  3.4861E-01  9.5884E+00  3.4697E-01  1.9122E+01  1.0000E+00
 2.1879E+03  3.4862E-01  9.5156E+00  3.4699E-01  1.8978E+01  1.0000E+00
 2.2047E+03  3.4863E-01  9.4434E+00  3.4701E-01  1.8835E+01  1.0000E+00
 2.2216E+03  3.4864E-01  9.3718E+00  3.4704E-01  1.8693E+01  1.0000E+00
 2.2386E+03  3.4865E-01  9.3007E+00  3.4706E-01  1.8552E+01  1.0000E+00
 2.2557E+03  3.4866E-01  9.2302E+00  3.4708E-01  1.8413E+01  1.0000E+00
 2.2730E+03  3.4868E-01  9.1602E+00  3.4711E-01  1.8274E+01  1.0000E+00
 2.2904E+03  3.4869E-01  9.0907E+00  3.4713E-01  1.8136E+01  1.0000E+00
 2.3079E+03  3.4870E-01  9.0218E+00  3.4715E-01  1.8000E+01  1.0000E+00
 2.3256E+03  3.4871E-01  8.9534E+00  3.4718E-01  1.7864E+01  1.0000E+00
 2.3434E+03  3.4873E-01  8.8855E+00  3.4720E-01  1.7730E+01  1.0000E+00
 2.3614E+03  3.4874E-01  8.8181E+00  3.4723E-01  1.7596E+01  1.0000E+00
 2.3794E+03  3.4875E-01  8.7513E+00  3.4725E-01  1.7464E+01  1.0000E+00
 2.3977E+03  3.4876E-01  8.6850E+00  3.4728E-01  1.7332E+01  1.0000E+00
 2.4160E+03  3.4878E-01  8.6191E+00  3.4730E-01  1.7202E+01  1.0000E+00
 2.4345E+03  3.4879E-01  8.5538E+00  3.4733E-01  1.7072E+01  1.0000E+00
 2.4532E+03  3.4881E-01  8.4890E+00  3.4735E-01  1.6944E+01  1.0000E+00
 2.4720E+03  3.4882E-01  8.4247E+00  3.4738E-01  1.6816E+01  1.0000E+00
 2.4909E+03  3.4884E-01  8.3609E+00  3.4740E-01  1.6690E+01  1.0000E+00
 2.5100E+03  3.4885E-01  8.2975E+00  3.4743E-01  1.6564E+01  1.0000E+00
 2.5292E+03  3.4887E-01  8.2347E+00  3.4745E-01  1.6440E+01  1.0000E+00
 2.5486E+03  3.4888E-01  8.1723E+00  3.4748E-01  1.6316E+01  1.0000E+00
 2.5681E+03  3.4890E-01  8.1104E+00  3.4751E-01  1.6193E+01  1.0000E+00
 2.5878E+03  3.4891E-01  8.0490E+00  3.4753E-01  1.6071E+01  1.0000E+00
 2.6076E+03  3.4893E-01  7.9880E+00  3.4756E-01  1.5950E+01  1.0000E+00
 2.6275E+03  3.4895E-01  7.9276E+00  3.4759E-01  1.5830E+01  1.0000E+00
 2.6477E+03  3.4897E-01  7.8675E+00  3.4761E-01  1.5711E+01  1.0000E+00
 2.6679E+03  3.4898E-01  7.8080E+00  3.4764E-01  1.5593E+01  1.0000E+00
 2.6884E+03  3.4900E-01  7.7489E+00  3.4767E-01  1.5476E+01  1.0000E+00
 2.7090E+03  3.4902E-01  7.6902E+00  3.4770E-01  1.5360E+01  1.0000E+00
 2.7297E+03  3.4904E-01  7.6320E+00  3.4772E-01  1.5244E+01  1.0000E+00
 2.7506E+03  3.4906E-01  7.5743E+00  3.4775E-01  1.5130E+01  1.0000E+00
 2.7717E+03  3.4907E-01  7.5169E+00  3.4778E-01  1.5016E+01  1.0000E+00
 2.7929E+03  3.4909E-01  7.4601E+00  3.4781E-01  1.4903E+01  1.0000E+00
 2.8143E+03  3.4911E-01  7.4036E+00  3.4784E-01  1.4791E+01  1.0000E+00
 2.8358E+03  3.4913E-01  7.3476E+00  3.4787E-01  1.4680E+01  1.0000E+00
 2.8576E+03  3.4915E-01  7.2920E+00  3.4790E-01  1.4569E+01  1.0000E+00
 2.8794E+03  3.4917E-01  7.2369E+00  3.4793E-01  1.4460E+01  1.0000E+00
 2.9015E+03  3.4919E-01  7.1822E+00  3.4796E-01  1.4351E+01  1.0000E+00
 2.9237E+03  3.4921E-01  7.1278E+00  3.4799E-01  1.4244E+01  1.0000E+00
 2.9461E+03  3.4924E-01  7.0739E+00  3.4802E-01  1.4137E+01  1.0000E+00
 2.9687E+03  3.4926E-01  7.0205E+00  3.4805E-01  1.4030E+01  1.0000E+00
 2.9914E+03  3.4928E-01  6.9674E+00  3.4808E-01  1.3925E+01  1.0000E+00
 3.0143E+03  3.4930E-01  6.9147E+00  3.4811E-01  1.3820E+01  1.0000E+00
 3.0374E+03  3.4932E-01  6.8624E+00  3.4814E-01  1.3717E+01  1.0000E+00
 3.0607E+03  3.4935E-01  6.8106E+00  3.4817E-01  1.3614E+01  1.0000E+00
 3.0841E+03  3.4937E-01  6.7591E+00  3.4820E-01  1.3511E+01  1.0000E+00
 3.1077E+03  3.4939E-01  6.7080E+00  3.4824E-01  1.3410E+01  1.0000E+00
 3.1315E+03  3.4942E-01  6.6573E+00  3.4827E-01  1.3309E+01  1.0000E+00
 3.1555E+03  3.4944E-01  6.6070E+00  3.4830E-01  1.3209E+01  1.0000E+00
 3.1797E+03  3.4946E-01  6.5571E+00  3.4833E-01  1.3110E+01  1.0000E+00
 3.2040E+03  3.4949E-01  6.5076E+00  3.4837E-01  1.3012E+01  1.0000E+00
 3.2286E+03  3.4951E-01  6.4584E+00  3.4840E-01  1.2914E+01  1.0000E+00
 3.2533E+03  3.4954E-01  6.4097E+00  3.4843E-01  1.2817E+01  1.0000E+00
 3.2782E+03  3.4956E-01  6.3613E+00  3.4847E-01  1.2721E+01  1.0000E+00
 3.3033E+03  3.4959E-01  6.3132E+00  3.4850E-01  1.2626E+01  1.0000E+00
 3.3286E+03  3.4962E-01  6.2656E+00  3.4854E-01  1.2531E+01  1.0000E+00
 3.3541E+03  3.4964E-01  6.2183E+00  3.4857E-01  1.2437E+01  1.0000E+00
 3.3798E+03  3.4967E-01  6.1713E+00  3.4861E-01  1.2344E+01  1.0000E+00
 3.4057E+03  3.4970E-01  6.1247E+00  3.4864E-01  1.2251E+01  1.0000E+00
 3.4317E+03  3.4972E-01  6.0785E+00  3.4868E-01  1.2159E+01  1.0000E+00
 3.4580E+03  3.4975E-01  6.0326E+00  3.4871E-01  1.2068E+01  1.0000E+00
 3.4845E+03  3.4978E-01  5.9871E+00  3.4875E-01  1.1978E+01  1.0000E+00
 3.5112E+03  3.4981E-01  5.9419E+00  3.4878E-01  1.1888E+01  1.0000E+00
 3.5381E+03  3.4984E-01  5.8971E+00  3.4882E-01  1.1799E+01  1.0000E+00
 3.5652E+03  3.4987E-01  5.8526E+00  3.4886E-01  1.1710E+01  1.0000E+00
 3.5925E+03  3.4990E-01  5.8085E+00  3.4889E-01  1.1623E+01  1.0000E+00
 3.6200E+03  3.4993E-01  5.7647E+00  3.4893E-01  1.1536E+01  1.0000E+00
 3.6477E+03  3.4996E-01  5.7212E+00  3.4897E-01  1.1449E+01  1.0000E+00
 3.6757E+03  3.4999E-01  5.6781E+00  3.4901E-01  1.1363E+01  1.0000E+00
 3.7038E+03  3.5002E-01  5.6352E+00  3.4904E-01  1.1278E+01  1.0000E+00
 3.7322E+03  3.5005E-01  5.5928E+00  3.4908E-01  1.1194E+01  1.0000E+00
 3.7608E+03  3.5008E-01  5.5506E+00  3.4912E-01  1.1110E+01  1.0000E+00
 3.7896E+03  3.5011E-01  5.5088E+00  3.4916E-01  1.1027E+01  1.0000E+00
 3.8186E+03  3.5014E-01  5.4672E+00  3.4920E-01  1.0944E+01  1.0000E+00
 3.8478E+03  3.5018E-01  5.4260E+00  3.4924E-01  1.0862E+01  1.0000E+00
 3.8773E+03  3.5021E-01  5.3852E+00  3.4928E-01  1.0781E+01  1.0000E+00
 3.9070E+03  3.5024E-01  5.3446E+00  3.4932E-01  1.0700E+01  1.0000E+00
 3.9369E+03  3.5028E-01  5.3043E+00  3.4936E-01  1.0620E+01  1.0000E+00
 3.9671E+03  3.5031E-01  5.2644E+00  3.4940E-01  1.0541E+01  1.0000E+00
 3.9974E+03  3.5035E-01  5.2247E+00  3.4944E-01  1.0462E+01  1.0000E+00
 4.0281E+03  3.5038E-01  5.1854E+00  3.4948E-01  1.0384E+01  1.0000E+00
 4.0589E+03  3.5042E-01  5.1463E+00  3.4953E-01  1.0306E+01  1.0000E+00
 4.0900E+03  3.5045E-01  5.1076E+00  3.4957E-01  1.0229E+01  1.0000E+00
 4.1213E+03  3.5049E-01  5.0691E+00  3.4961E-01  1.0152E+01  1.0000E+00
 4.1529E+03  3.5052E-01  5.0310E+00  3.4965E-01  1.0076E+01  1.0000E+00
 4.1847E+03  3.5056E-01  4.9931E+00  3.4970E-01  1.0001E+01  1.0000E+00
 4.2167E+03  3.5060E-01  4.9555E+00  3.4974E-01  9.9263E+00  1.0000E+00
 4.2490E+03  3.5064E-01  4.9182E+00  3.4978E-01  9.8521E+00  1.0000E+00
 4.2816E+03  3.5067E-01  4.8812E+00  3.4983E-01  9.7785E+00  1.0000E+00
 4.3143E+03  3.5071E-01  4.8445E+00  3.4987E-01  9.7054E+00  1.0000E+00
 4.3474E+03  3.5075E-01  4.8080E+00  3.4992E-01  9.6329E+00  1.0000E+00
 4.3807E+03  3.5079E-01  4.7719E+00  3.4996E-01  9.5609E+00  1.0000E+00
 4.4142E+03  3.5083E-01  4.7360E+00  3.5001E-01  9.4895E+00  1.0000E+00
 4.4480E+03  3.5087E-01  4.7004E+00  3.5005E-01  9.4186E+00  1.0000E+00
 4.4821E+03  3.5091E-01  4.6650E+00  3.5010E-01  9.3483E+00  1.0000E+00
 4.5164E+03  3.5095E-01  4.6300E+00  3.5015E-01  9.2785E+00  1.0000E+00
 4.5510E+03  3.5099E-01  4.5952E+00  3.5019E-01  9.2092E+00  1.0000E+00
 4.5859E+03  3.5103E-01  4.5606E+00  3.5024E-01  9.1404E+00  1.0000E+00
 4.6210E+03  3.5107E-01  4.5263E+00  3.5029E-01  9.0722E+00  1.0000E+00
 4.6564E+03  3.5112E-01  4.4923E+00  3.5034E-01  9.0045E+00  1.0000E+00
 4.6920E+03  3.5116E-01  4.4586E+00  3.5039E-01  8.9373E+00  1.0000E+00
 4.7280E+03  3.5120E-01  4.4251E+00  3.5044E-01  8.8706E+00  1.0000E+00
 4.7642E+03  3.5125E-01  4.3918E+00  3.5048E-01  8.8045E+00  1.0000E+00
 4.8007E+03  3.5129E-01  4.3588E+00  3.5053E-01  8.7388E+00  1.0000E+00
 4.8374E+03  3.5133E-01  4.3261E+00  3.5058E-01  8.6736E+00  1.0000E+00
 4.8745E+03  3.5138E-01  4.2936E+00  3.5063E-01  8.6089E+00  1.0000E+00
 4.9118E+03  3.5142E-01  4.2614E+00  3.5069E-01  8.5448E+00  1.0000E+00
 4.9494E+03  3.5147E-01  4.2294E+00  3.5074E-01  8.4811E+00  1.0000E+00
 4.9873E+03  3.5152E-01  4.1976E+00  3.5079E-01  8.4178E+00  1.0000E+00
 5.0255E+03  3.5156E-01  4.1661E+00  3.5084E-01  8.3551E+00  1.0000E+00
 5.0640E+03  3.5161E-01  4.1349E+00  3.5089E-01  8.2929E+00  1.0000E+00
 5.1028E+03  3.5166E-01  4.1038E+00  3.5094E-01  8.2311E+00  1.0000E+00
 5.1419E+03  3.5170E-01  4.0730E+00  3.5100E-01  8.1698E+00  1.0000E+00
 5.1812E+03  3.5175E-01  4.0425E+00  3.5105E-01  8.1089E+00  1.0000E+00
 5.2209E+03  3.5180E-01  4.0122E+00  3.5111E-01  8.0485E+00  1.0000E+00
 5.2609E+03  3.5185E-01  3.9821E+00  3.5116E-01  7.9886E+00  1.0000E+00
 5.3012E+03  3.5190E-01  3.9522E+00  3.5121E-01  7.9291E+00  1.0000E+00
 5.3418E+03  3.5195E-01  3.9226E+00  3.5127E-01  7.8701E+00  1.0000E+00
 5.3827E+03  3.5200E-01  3.8932E+00  3.5133E-01  7.8115E+00  1.0000E+00
 5.4239E+03  3.5205E-01  3.8640E+00  3.5138E-01  7.7534E+00  1.0000E+00
 5.4655E+03  3.5210E-01  3.8350E+00  3.5144E-01  7.6957E+00  1.0000E+00
 5.5073E+03  3.5216E-01  3.8063E+00  3.5150E-01  7.6385E+00  1.0000E+00
 5.5495E+03  3.5221E-01  3.7778E+00  3.5155E-01  7.5817E+00  1.0000E+00
 5.5920E+03  3.5226E-01  3.7495E+00  3.5161E-01  7.5253E+00  1.0000E+00
 5.6348E+03  3.5231E-01  3.7214E+00  3.5167E-01  7.4693E+00  1.0000E+00
 5.6780E+03  3.5237E-01  3.6935E+00  3.5173E-01  7.4138E+00  1.0000E+00
 5.7215E+03  3.5242E-01  3.6659E+00  3.5179E-01  7.3587E+00  1.0000E+00
 5.7653E+03  3.5248E-01  3.6384E+00  3.5185E-01  7.3040E+00  1.0000E+00
 5.8094E+03  3.5253E-01  3.6112E+00  3.5191E-01  7.2498E+00  1.0000E+00
 5.8539E+03  3.5259E-01  3.5841E+00  3.5197E-01  7.1959E+00  1.0000E+00
 5.8988E+03  3.5265E-01  3.5573E+00  3.5203E-01  7.1425E+00  1.0000E+00
 5.9439E+03  3.5270E-01  3.5307E+00  3.5209E-01  7.0894E+00  1.0000E+00
 5.9895E+03  3.5276E-01  3.5043E+00  3.5215E-01  7.0368E+00  1.0000E+00
 6.0353E+03  3.5282E-01  3.4781E+00  3.5221E-01  6.9846E+00  1.0000E+00
 6.0815E+03  3.5288E-01  3.4520E+00  3.5228E-01  6.9327E+00  1.0000E+00
 6.1281E+03  3.5294E-01  3.4262E+00  3.5234E-01  6.8813E+00  1.0000E+00
 6.1751E+03  3.5300E-01  3.4006E+00  3.5240E-01  6.8302E+00  1.0000E+00
 6.2223E+03  3.5306E-01  3.3752E+00  3.5247E-01  6.7795E+00  1.0000E+00
 6.2700E+03  3.5312E-01  3.3499E+00  3.5253E-01  6.7293E+00  1.0000E+00
 6.3180E+03  3.5318E-01  3.3249E+00  3.5260E-01  6.6794E+00  1.0000E+00
 6.3664E+03  3.5324E-01  3.3001E+00  3.5267E-01  6.6298E+00  1.0000E+00
 6.4152E+03  3.5330E-01  3.2754E+00  3.5273E-01  6.5807E+00  1.0000E+00
 6.4643E+03  3.5336E-01  3.2509E+00  3.5280E-01  6.5319E+00  1.0000E+00
 6.5138E+03  3.5343E-01  3.2266E+00  3.5287E-01  6.4835E+00  1.0000E+00
 6.5637E+03  3.5349E-01  3.2025E+00  3.5293E-01  6.4355E+00  1.0000E+00
 6.6139E+03  3.5356E-01  3.1786E+00  3.5300E-01  6.3878E+00  1.0000E+00
 6.6646E+03  3.5362E-01  3.1549E+00  3.5307E-01  6.3405E+00  1.0000E+00
 6.7156E+03  3.5369E-01  3.1313E+00  3.5314E-01  6.2936E+00  1.0000E+00
 6.7671E+03  3.5375E-01  3.1080E+00  3.5321E-01  6.2470E+00  1.0000E+00
 6.8189E+03  3.5382E-01  3.0848E+00  3.5328E-01  6.2008E+00  1.0000E+00
 6.8711E+03  3.5389E-01  3.0617E+00  3.5335E-01  6.1549E+00  1.0000E+00
 6.9237E+03  3.5395E-01  3.0389E+00  3.5343E-01  6.1094E+00  1.0000E+00
 6.9768E+03  3.5402E-01  3.0162E+00  3.5350E-01  6.0642E+00  1.0000E+00
 7.0302E+03  3.5409E-01  2.9937E+00  3.5357E-01  6.0193E+00  1.0000E+00
 7.0840E+03  3.5416E-01  2.9714E+00  3.5364E-01  5.9748E+00  1.0000E+00
 7.1383E+03  3.5423E-01  2.9493E+00  3.5372E-01  5.9307E+00  1.0000E+00
 7.1929E+03  3.5430E-01  2.9273E+00  3.5379E-01  5.8868E+00  1.0000E+00
 7.2480E+03  3.5437E-01  2.9055E+00  3.5387E-01  5.8433E+00  1.0000E+00
 7.3035E+03  3.5445E-01  2.8838E+00  3.5394E-01  5.8002E+00  1.0000E+00
 7.3595E+03  3.5452E-01  2.8623E+00  3.5402E-01  5.7573E+00  1.0000E+00
 7.4158E+03  3.5459E-01  2.8410E+00  3.5410E-01  5.7148E+00  1.0000E+00
 7.4726E+03  3.5467E-01  2.8198E+00  3.5418E-01  5.6726E+00  1.0000E+00
 7.5299E+03  3.5474E-01  2.7988E+00  3.5425E-01  5.6308E+00  1.0000E+00
 7.5875E+03  3.5482E-01  2.7780E+00  3.5433E-01  5.5892E+00  1.0000E+00
 7.6456E+03  3.5489E-01  2.7573E+00  3.5441E-01  5.5480E+00  1.0000E+00
 7.7042E+03  3.5497E-01  2.7368E+00  3.5449E-01  5.5071E+00  1.0000E+00
 7.7632E+03  3.5505E-01  2.7164E+00  3.5457E-01  5.4665E+00  1.0000E+00
 7.8226E+03  3.5512E-01  2.6962E+00  3.5465E-01  5.4262E+00  1.0000E+00
 7.8825E+03  3.5520E-01  2.6762E+00  3.5474E-01  5.3862E+00  1.0000E+00
 7.9429E+03  3.5528E-01  2.6563E+00  3.5482E-01  5.3465E+00  1.0000E+00
 8.0037E+03  3.5536E-01  2.6365E+00  3.5490E-01  5.3071E+00  1.0000E+00
 8.0650E+03  3.5544E-01  2.6169E+00  3.5498E-01  5.2680E+00  1.0000E+00
 8.1268E+03  3.5552E-01  2.5975E+00  3.5507E-01  5.2292E+00  1.0000E+00
 8.1890E+03  3.5560E-01  2.5782E+00  3.5515E-01  5.1907E+00  1.0000E+00
 8.2518E+03  3.5569E-01  2.5590E+00  3.5524E-01  5.1525E+00  1.0000E+00
 8.3150E+03  3.5577E-01  2.5400E+00  3.5533E-01  5.1146E+00  1.0000E+00
 8.3786E+03  3.5585E-01  2.5211E+00  3.5541E-01  5.0770E+00  1.0000E+00
 8.4428E+03  3.5594E-01  2.5024E+00  3.5550E-01  5.0396E+00  1.0000E+00
 8.5075E+03  3.5602E-01  2.4838E+00  3.5559E-01  5.0026E+00  1.0000E+00
 8.5726E+03  3.5611E-01  2.4654E+00  3.5568E-01  4.9658E+00  1.0000E+00
 8.6383E+03  3.5620E-01  2.4471E+00  3.5577E-01  4.9293E+00  1.0000E+00
 8.7044E+03  3.5628E-01  2.4289E+00  3.5586E-01  4.8931E+00  1.0000E+00
 8.7711E+03  3.5637E-01  2.4109E+00  3.5595E-01  4.8572E+00  1.0000E+00
 8.8383E+03  3.5646E-01  2.3930E+00  3.5604E-01  4.8215E+00  1.0000E+00
 8.9059E+03  3.5655E-01  2.3753E+00  3.5614E-01  4.7861E+00  1.0000E+00
 8.9741E+03  3.5664E-01  2.3577E+00  3.5623E-01  4.7510E+00  1.0000E+00
 9.0429E+03  3.5673E-01  2.3402E+00  3.5632E-01  4.7161E+00  1.0000E+00
 9.1121E+03  3.5682E-01  2.3229E+00  3.5642E-01  4.6815E+00  1.0000E+00
 9.1819E+03  3.5692E-01  2.3056E+00  3.5651E-01  4.6472E+00  1.0000E+00
 9.2522E+03  3.5701E-01  2.2886E+00  3.5661E-01  4.6131E+00  1.0000E+00
 9.3231E+03  3.5710E-01  2.2716E+00  3.5671E-01  4.5793E+00  1.0000E+00
 9.3945E+03  3.5720E-01  2.2548E+00  3.5681E-01  4.5458E+00  1.0000E+00
 9.4664E+03  3.5730E-01  2.2381E+00  3.5690E-01  4.5125E+00  1.0000E+00
 9.5389E+03  3.5739E-01  2.2215E+00  3.5700E-01  4.4794E+00  1.0000E+00
 9.6120E+03  3.5749E-01  2.2051E+00  3.5710E-01  4.4466E+00  1.0000E+00
 9.6856E+03  3.5759E-01  2.1888E+00  3.5720E-01  4.4141E+00  1.0000E+00
 9.7598E+03  3.5769E-01  2.1726E+00  3.5731E-01  4.3818E+00  1.0000E+00
 9.8345E+03  3.5779E-01  2.1565E+00  3.5741E-01  4.3497E+00  1.0000E+00
 9.9098E+03  3.5789E-01  2.1406E+00  3.5751E-01  4.3179E+00  1.0000E+00
 9.9857E+03  3.5799E-01  2.1248E+00  3.5762E-01  4.2863E+00  1.0000E+00
 1.0062E+04  3.5809E-01  2.1091E+00  3.5772E-01  4.2550E+00  1.0000E+00
 1.0139E+04  3.5819E-01  2.0935E+00  3.5783E-01  4.2239E+00  1.0000E+00
 1.0217E+04  3.5830E-01  2.0780E+00  3.5793E-01  4.1931E+00  1.0000E+00
 1.0295E+04  3.5840E-01  2.0627E+00  3.5804E-01  4.1625E+00  1.0000E+00
 1.0374E+04  3.5851E-01  2.0474E+00  3.5815E-01  4.1321E+00  1.0000E+00
 1.0453E+04  3.5861E-01  2.0323E+00  3.5826E-01  4.1019E+00  1.0000E+00
 1.0533E+04  3.5872E-01  2.0173E+00  3.5837E-01  4.0720E+00  1.0000E+00
 1.0614E+04  3.5883E-01  2.0024E+00  3.5848E-01  4.0423E+00  1.0000E+00
 1.0695E+04  3.5894E-01  1.9877E+00  3.5859E-01  4.0128E+00  1.0000E+00
 1.0777E+04  3.5905E-01  1.9730E+00  3.5870E-01  3.9836E+00  1.0000E+00
 1.0860E+04  3.5916E-01  1.9585E+00  3.5882E-01  3.9546E+00  1.0000E+00
 1.0943E+04  3.5927E-01  1.9440E+00  3.5893E-01  3.9258E+00  1.0000E+00
 1.1027E+04  3.5939E-01  1.9297E+00  3.5905E-01  3.8972E+00  1.0000E+00
 1.1111E+04  3.5950E-01  1.9155E+00  3.5916E-01  3.8688E+00  1.0000E+00
 1.1196E+04  3.5961E-01  1.9014E+00  3.5928E-01  3.8407E+00  1.0000E+00
 1.1282E+04  3.5973E-01  1.8874E+00  3.5940E-01  3.8127E+00  1.0000E+00
 1.1369E+04  3.5985E-01  1.8735E+00  3.5952E-01  3.7850E+00  1.0000E+00
 1.1456E+04  3.5996E-01  1.8597E+00  3.5964E-01  3.7575E+00  1.0000E+00
 1.1543E+04  3.6008E-01  1.8460E+00  3.5976E-01  3.7302E+00  1.0000E+00
 1.1632E+04  3.6020E-01  1.8324E+00  3.5988E-01  3.7031E+00  1.0000E+00
 1.1721E+04  3.6032E-01  1.8190E+00  3.6000E-01  3.6762E+00  1.0000E+00
 1.1811E+04  3.6044E-01  1.8056E+00  3.6013E-01  3.6495E+00  1.0000E+00
 1.1901E+04  3.6057E-01  1.7923E+00  3.6025E-01  3.6230E+00  1.0000E+00
 1.1992E+04  3.6069E-01  1.7791E+00  3.6038E-01  3.5967E+00  1.0000E+00
 1.2084E+04  3.6081E-01  1.7661E+00  3.6050E-01  3.5707E+00  1.0000E+00
 1.2177E+04  3.6094E-01  1.7531E+00  3.6063E-01  3.5448E+00  1.0000E+00
 1.2270E+04  3.6106E-01  1.7402E+00  3.6076E-01  3.5191E+00  1.0000E+00
 1.2364E+04  3.6119E-01  1.7275E+00  3.6089E-01  3.4936E+00  1.0000E+00
 1.2458E+04  3.6132E-01  1.7148E+00  3.6102E-01  3.4683E+00  1.0000E+00
 1.2554E+04  3.6145E-01  1.7022E+00  3.6115E-01  3.4432E+00  1.0000E+00
 1.2650E+04  3.6158E-01  1.6897E+00  3.6128E-01  3.4183E+00  1.0000E+00
 1.2747E+04  3.6171E-01  1.6773E+00  3.6142E-01  3.3936E+00  1.0000E+00
 1.2845E+04  3.6184E-01  1.6650E+00  3.6155E-01  3.3690E+00  1.0000E+00
 1.2943E+04  3.6198E-01  1.6528E+00  3.6169E-01  3.3447E+00  1.0000E+00
 1.3042E+04  3.6211E-01  1.6407E+00  3.6182E-01  3.3205E+00  1.0000E+00
 1.3142E+04  3.6225E-01  1.6287E+00  3.6196E-01  3.2965E+00  1.0000E+00
 1.3243E+04  3.6239E-01  1.6168E+00  3.6210E-01  3.2728E+00  1.0000E+00
 1.3344E+04  3.6252E-01  1.6049E+00  3.6224E-01  3.2491E+00  1.0000E+00
 1.3446E+04  3.6266E-01  1.5932E+00  3.6238E-01  3.2257E+00  1.0000E+00
 1.3549E+04  3.6280E-01  1.5815E+00  3.6253E-01  3.2024E+00  1.0000E+00
 1.3653E+04  3.6294E-01  1.5700E+00  3.6267E-01  3.1794E+00  1.0000E+00
 1.3757E+04  3.6309E-01  1.5585E+00  3.6281E-01  3.1565E+00  1.0000E+00
 1.3863E+04  3.6323E-01  1.5471E+00  3.6296E-01  3.1337E+00  1.0000E+00
 1.3969E+04  3.6338E-01  1.5358E+00  3.6311E-01  3.1112E+00  1.0000E+00
 1.4076E+04  3.6352E-01  1.5246E+00  3.6325E-01  3.0888E+00  1.0000E+00
 1.4184E+04  3.6367E-01  1.5135E+00  3.6340E-01  3.0666E+00  1.0000E+00
 1.4292E+04  3.6382E-01  1.5024E+00  3.6355E-01  3.0445E+00  1.0000E+00
 1.4402E+04  3.6397E-01  1.4915E+00  3.6371E-01  3.0226E+00  1.0000E+00
 1.4512E+04  3.6412E-01  1.4806E+00  3.6386E-01  3.0009E+00  1.0000E+00
 1.4623E+04  3.6427E-01  1.4698E+00  3.6401E-01  2.9794E+00  1.0000E+00
 1.4735E+04  3.6442E-01  1.4591E+00  3.6417E-01  2.9580E+00  1.0000E+00
 1.4848E+04  3.6458E-01  1.4484E+00  3.6432E-01  2.9368E+00  1.0000E+00
 1.4962E+04  3.6473E-01  1.4379E+00  3.6448E-01  2.9157E+00  1.0000E+00
 1.5076E+04  3.6489E-01  1.4274E+00  3.6464E-01  2.8948E+00  1.0000E+00
 1.5192E+04  3.6505E-01  1.4170E+00  3.6480E-01  2.8741E+00  1.0000E+00
 1.5308E+04  3.6521E-01  1.4067E+00  3.6496E-01  2.8535E+00  1.0000E+00
 1.5425E+04  3.6537E-01  1.3965E+00  3.6512E-01  2.8331E+00  1.0000E+00
 1.5544E+04  3.6553E-01  1.3863E+00  3.6529E-01  2.8128E+00  1.0000E+00
 1.5663E+04  3.6570E-01  1.3762E+00  3.6545E-01  2.7927E+00  1.0000E+00
 1.5783E+04  3.6586E-01  1.3662E+00  3.6562E-01  2.7727E+00  1.0000E+00
 1.5903E+04  3.6603E-01  1.3563E+00  3.6579E-01  2.7529E+00  1.0000E+00
 1.6025E+04  3.6619E-01  1.3465E+00  3.6596E-01  2.7333E+00  1.0000E+00
 1.6148E+04  3.6636E-01  1.3367E+00  3.6613E-01  2.7138E+00  1.0000E+00
 1.6272E+04  3.6653E-01  1.3270E+00  3.6630E-01  2.6944E+00  1.0000E+00
 1.6396E+04  3.6670E-01  1.3174E+00  3.6647E-01  2.6752E+00  1.0000E+00
 1.6522E+04  3.6688E-01  1.3078E+00  3.6665E-01  2.6561E+00  1.0000E+00
 1.6648E+04  3.6705E-01  1.2983E+00  3.6682E-01  2.6372E+00  1.0000E+00
 1.6776E+04  3.6723E-01  1.2889E+00  3.6700E-01  2.6184E+00  1.0000E+00
 1.6904E+04  3.6740E-01  1.2796E+00  3.6718E-01  2.5998E+00  1.0000E+00
 1.7034E+04  3.6758E-01  1.2703E+00  3.6736E-01  2.5813E+00  1.0000E+00
 1.7164E+04  3.6776E-01  1.2611E+00  3.6754E-01  2.5629E+00  1.0000E+00
 1.7296E+04  3.6794E-01  1.2520E+00  3.6772E-01  2.5447E+00  1.0000E+00
 1.7428E+04  3.6813E-01  1.2429E+00  3.6791E-01  2.5267E+00  1.0000E+00
 1.7562E+04  3.6831E-01  1.2339E+00  3.6809E-01  2.5087E+00  1.0000E+00
 1.7696E+04  3.6850E-01  1.2250E+00  3.6828E-01  2.4909E+00  1.0000E+00
 1.7832E+04  3.6868E-01  1.2162E+00  3.6847E-01  2.4733E+00  1.0000E+00
 1.7968E+04  3.6887E-01  1.2074E+00  3.6866E-01  2.4557E+00  1.0000E+00
 1.8106E+04  3.6906E-01  1.1987E+00  3.6885E-01  2.4383E+00  1.0000E+00
 1.8244E+04  3.6925E-01  1.1900E+00  3.6904E-01  2.4211E+00  1.0000E+00
 1.8384E+04  3.6945E-01  1.1814E+00  3.6924E-01  2.4039E+00  1.0000E+00
 1.8525E+04  3.6964E-01  1.1729E+00  3.6944E-01  2.3869E+00  1.0000E+00
 1.8667E+04  3.6984E-01  1.1645E+00  3.6963E-01  2.3701E+00  1.0000E+00
 1.8810E+04  3.7004E-01  1.1561E+00  3.6983E-01  2.3533E+00  1.0000E+00
 1.8954E+04  3.7024E-01  1.1477E+00  3.7003E-01  2.3367E+00  1.0000E+00
 1.9099E+04  3.7044E-01  1.1395E+00  3.7024E-01  2.3202E+00  1.0000E+00
 1.9245E+04  3.7064E-01  1.1313E+00  3.7044E-01  2.3039E+00  1.0000E+00
 1.9393E+04  3.7085E-01  1.1231E+00  3.7065E-01  2.2876E+00  1.0000E+00
 1.9541E+04  3.7105E-01  1.1151E+00  3.7086E-01  2.2715E+00  1.0000E+00
 1.9691E+04  3.7126E-01  1.1071E+00  3.7106E-01  2.2555E+00  1.0000E+00
 1.9842E+04  3.7147E-01  1.0991E+00  3.7128E-01  2.2396E+00  1.0000E+00
 1.9994E+04  3.7168E-01  1.0912E+00  3.7149E-01  2.2239E+00  1.0000E+00
 2.0147E+04  3.7189E-01  1.0834E+00  3.7170E-01  2.2083E+00  1.0000E+00
 2.0301E+04  3.7211E-01  1.0756E+00  3.7192E-01  2.1928E+00  1.0000E+00
 2.0456E+04  3.7232E-01  1.0679E+00  3.7214E-01  2.1774E+00  1.0000E+00
 2.0613E+04  3.7254E-01  1.0602E+00  3.7236E-01  2.1621E+00  1.0000E+00
 2.0771E+04  3.7276E-01  1.0526E+00  3.7258E-01  2.1469E+00  1.0000E+00
 2.0930E+04  3.7298E-01  1.0451E+00  3.7280E-01  2.1319E+00  1.0000E+00
 2.1090E+04  3.7321E-01  1.0376E+00  3.7302E-01  2.1170E+00  1.0000E+00
 2.1252E+04  3.7343E-01  1.0302E+00  3.7325E-01  2.1022E+00  1.0000E+00
 2.1415E+04  3.7366E-01  1.0228E+00  3.7348E-01  2.0875E+00  1.0000E+00
 2.1579E+04  3.7389E-01  1.0155E+00  3.7371E-01  2.0729E+00  1.0000E+00
 2.1744E+04  3.7412E-01  1.0083E+00  3.7394E-01  2.0584E+00  1.0000E+00
 2.1910E+04  3.7435E-01  1.0011E+00  3.7417E-01  2.0440E+00  1.0000E+00
 2.2078E+04  3.7459E-01  9.9391E-01  3.7441E-01  2.0298E+00  1.0000E+00
 2.2247E+04  3.7482E-01  9.8682E-01  3.7465E-01  2.0156E+00  1.0000E+00
 2.2418E+04  3.7506E-01  9.7979E-01  3.7489E-01  2.0016E+00  1.0000E+00
 2.2589E+04  3.7530E-01  9.7280E-01  3.7513E-01  1.9876E+00  1.0000E+00
 2.2762E+04  3.7554E-01  9.6587E-01  3.7537E-01  1.9738E+00  1.0000E+00
 2.2937E+04  3.7579E-01  9.5899E-01  3.7562E-01  1.9601E+00  1.0000E+00
 2.3112E+04  3.7603E-01  9.5217E-01  3.7586E-01  1.9465E+00  1.0000E+00
 2.3289E+04  3.7628E-01  9.4539E-01  3.7611E-01  1.9330E+00  1.0000E+00
 2.3468E+04  3.7653E-01  9.3867E-01  3.7637E-01  1.9196E+00  1.0000E+00
 2.3647E+04  3.7678E-01  9.3200E-01  3.7662E-01  1.9062E+00  1.0000E+00
 2.3829E+04  3.7704E-01  9.2538E-01  3.7687E-01  1.8930E+00  1.0000E+00
 2.4011E+04  3.7729E-01  9.1881E-01  3.7713E-01  1.8799E+00  1.0000E+00
 2.4195E+04  3.7755E-01  9.1229E-01  3.7739E-01  1.8669E+00  1.0000E+00
 2.4380E+04  3.7781E-01  9.0582E-01  3.7765E-01  1.8540E+00  1.0000E+00
 2.4567E+04  3.7807E-01  8.9940E-01  3.7791E-01  1.8412E+00  1.0000E+00
 2.4755E+04  3.7834E-01  8.9303E-01  3.7818E-01  1.8285E+00  1.0000E+00
 2.4945E+04  3.7861E-01  8.8671E-01  3.7845E-01  1.8159E+00  1.0000E+00
 2.5136E+04  3.7887E-01  8.8043E-01  3.7872E-01  1.8034E+00  1.0000E+00
 2.5328E+04  3.7915E-01  8.7420E-01  3.7899E-01  1.7910E+00  1.0000E+00
 2.5522E+04  3.7942E-01  8.6802E-01  3.7926E-01  1.7786E+00  1.0000E+00
 2.5718E+04  3.7969E-01  8.6189E-01  3.7954E-01  1.7664E+00  1.0000E+00
 2.5915E+04  3.7997E-01  8.5581E-01  3.7982E-01  1.7543E+00  1.0000E+00
 2.6113E+04  3.8025E-01  8.4977E-01  3.8010E-01  1.7422E+00  1.0000E+00
 2.6313E+04  3.8053E-01  8.4377E-01  3.8038E-01  1.7303E+00  1.0000E+00
 2.6515E+04  3.8082E-01  8.3782E-01  3.8067E-01  1.7184E+00  1.0000E+00
 2.6718E+04  3.8110E-01  8.3192E-01  3.8096E-01  1.7066E+00  1.0000E+00
 2.6922E+04  3.8139E-01  8.2606E-01  3.8125E-01  1.6950E+00  1.0000E+00
 2.7128E+04  3.8168E-01  8.2025E-01  3.8154E-01  1.6834E+00  1.0000E+00
 2.7336E+04  3.8198E-01  8.1448E-01  3.8183E-01  1.6719E+00  1.0000E+00
 2.7545E+04  3.8227E-01  8.0876E-01  3.8213E-01  1.6604E+00  1.0000E+00
 2.7756E+04  3.8257E-01  8.0307E-01  3.8243E-01  1.6491E+00  1.0000E+00
 2.7969E+04  3.8287E-01  7.9744E-01  3.8273E-01  1.6379E+00  1.0000E+00
 2.8183E+04  3.8318E-01  7.9184E-01  3.8304E-01  1.6267E+00  1.0000E+00
 2.8399E+04  3.8348E-01  7.8629E-01  3.8334E-01  1.6156E+00  1.0000E+00
 2.8617E+04  3.8379E-01  7.8078E-01  3.8365E-01  1.6047E+00  1.0000E+00
 2.8836E+04  3.8410E-01  7.7531E-01  3.8396E-01  1.5938E+00  1.0000E+00
 2.9056E+04  3.8441E-01  7.6988E-01  3.8428E-01  1.5829E+00  1.0000E+00
 2.9279E+04  3.8473E-01  7.6450E-01  3.8459E-01  1.5722E+00  1.0000E+00
 2.9503E+04  3.8505E-01  7.5915E-01  3.8491E-01  1.5616E+00  1.0000E+00
 2.9729E+04  3.8537E-01  7.5385E-01  3.8524E-01  1.5510E+00  1.0000E+00
 2.9957E+04  3.8569E-01  7.4859E-01  3.8556E-01  1.5405E+00  1.0000E+00
 3.0186E+04  3.8602E-01  7.4336E-01  3.8589E-01  1.5301E+00  1.0000E+00
 3.0417E+04  3.8635E-01  7.3818E-01  3.8622E-01  1.5197E+00  1.0000E+00
 3.0650E+04  3.8668E-01  7.3304E-01  3.8655E-01  1.5095E+00  1.0000E+00
 3.0885E+04  3.8701E-01  7.2793E-01  3.8688E-01  1.4993E+00  1.0000E+00
 3.1122E+04  3.8735E-01  7.2286E-01  3.8722E-01  1.4892E+00  1.0000E+00
 3.1360E+04  3.8769E-01  7.1784E-01  3.8756E-01  1.4792E+00  1.0000E+00
 3.1600E+04  3.8803E-01  7.1285E-01  3.8791E-01  1.4693E+00  1.0000E+00
 3.1842E+04  3.8838E-01  7.0790E-01  3.8825E-01  1.4594E+00  1.0000E+00
 3.2086E+04  3.8873E-01  7.0298E-01  3.8860E-01  1.4496E+00  1.0000E+00
 3.2332E+04  3.8908E-01  6.9811E-01  3.8895E-01  1.4399E+00  1.0000E+00
 3.2579E+04  3.8943E-01  6.9327E-01  3.8931E-01  1.4303E+00  1.0000E+00
 3.2829E+04  3.8979E-01  6.8847E-01  3.8966E-01  1.4207E+00  1.0000E+00
 3.3080E+04  3.9015E-01  6.8370E-01  3.9002E-01  1.4112E+00  1.0000E+00
 3.3334E+04  3.9051E-01  6.7897E-01  3.9039E-01  1.4018E+00  1.0000E+00
 3.3589E+04  3.9088E-01  6.7428E-01  3.9075E-01  1.3924E+00  1.0000E+00
 3.3846E+04  3.9124E-01  6.6962E-01  3.9112E-01  1.3832E+00  1.0000E+00
 3.4105E+04  3.9162E-01  6.6500E-01  3.9150E-01  1.3739E+00  1.0000E+00
 3.4367E+04  3.9199E-01  6.6042E-01  3.9187E-01  1.3648E+00  1.0000E+00
 3.4630E+04  3.9237E-01  6.5586E-01  3.9225E-01  1.3557E+00  1.0000E+00
 3.4895E+04  3.9275E-01  6.5135E-01  3.9263E-01  1.3468E+00  1.0000E+00
 3.5162E+04  3.9313E-01  6.4687E-01  3.9302E-01  1.3378E+00  1.0000E+00
 3.5431E+04  3.9352E-01  6.4242E-01  3.9340E-01  1.3290E+00  1.0000E+00
 3.5703E+04  3.9391E-01  6.3800E-01  3.9379E-01  1.3202E+00  1.0000E+00
 3.5976E+04  3.9430E-01  6.3362E-01  3.9419E-01  1.3115E+00  1.0000E+00
 3.6252E+04  3.9470E-01  6.2928E-01  3.9459E-01  1.3028E+00  1.0000E+00
 3.6529E+04  3.9510E-01  6.2496E-01  3.9499E-01  1.2942E+00  1.0000E+00
 3.6809E+04  3.9550E-01  6.2068E-01  3.9539E-01  1.2857E+00  1.0000E+00
 3.7091E+04  3.9591E-01  6.1643E-01  3.9580E-01  1.2772E+00  1.0000E+00
 3.7375E+04  3.9632E-01  6.1221E-01  3.9621E-01  1.2688E+00  1.0000E+00
 3.7661E+04  3.9673E-01  6.0803E-01  3.9662E-01  1.2605E+00  1.0000E+00
 3.7950E+04  3.9715E-01  6.0388E-01  3.9704E-01  1.2522E+00  1.0000E+00
 3.8240E+04  3.9757E-01  5.9976E-01  3.9746E-01  1.2440E+00  1.0000E+00
 3.8533E+04  3.9799E-01  5.9567E-01  3.9788E-01  1.2359E+00  1.0000E+00
 3.8828E+04  3.9842E-01  5.9161E-01  3.9831E-01  1.2278E+00  1.0000E+00
 3.9126E+04  3.9885E-01  5.8758E-01  3.9874E-01  1.2198E+00  1.0000E+00
 3.9425E+04  3.9928E-01  5.8359E-01  3.9917E-01  1.2119E+00  1.0000E+00
 3.9727E+04  3.9972E-01  5.7962E-01  3.9961E-01  1.2040E+00  1.0000E+00
 4.0032E+04  4.0016E-01  5.7569E-01  4.0005E-01  1.1961E+00  1.0000E+00
 4.0338E+04  4.0060E-01  5.7178E-01  4.0050E-01  1.1884E+00  1.0000E+00
 4.0647E+04  4.0105E-01  5.6790E-01  4.0095E-01  1.1807E+00  1.0000E+00
 4.0958E+04  4.0150E-01  5.6406E-01  4.0140E-01  1.1730E+00  1.0000E+00
 4.1272E+04  4.0196E-01  5.6024E-01  4.0186E-01  1.1654E+00  1.0000E+00
 4.1588E+04  4.0242E-01  5.5645E-01  4.0232E-01  1.1579E+00  1.0000E+00
 4.1907E+04  4.0288E-01  5.5270E-01  4.0278E-01  1.1504E+00  1.0000E+00
 4.2228E+04  4.0335E-01  5.4896E-01  4.0325E-01  1.1430E+00  1.0000E+00
 4.2551E+04  4.0382E-01  5.4526E-01  4.0372E-01  1.1356E+00  1.0000E+00
 4.2877E+04  4.0429E-01  5.4159E-01  4.0420E-01  1.1283E+00  1.0000E+00
 4.3205E+04  4.0477E-01  5.3794E-01  4.0468E-01  1.1211E+00  1.0000E+00
 4.3536E+04  4.0526E-01  5.3433E-01  4.0516E-01  1.1139E+00  1.0000E+00
 4.3869E+04  4.0574E-01  5.3074E-01  4.0565E-01  1.1068E+00  1.0000E+00
 4.4205E+04  4.0623E-01  5.2717E-01  4.0614E-01  1.0997E+00  1.0000E+00
 4.4544E+04  4.0673E-01  5.2364E-01  4.0663E-01  1.0927E+00  1.0000E+00
 4.4885E+04  4.0723E-01  5.2013E-01  4.0713E-01  1.0857E+00  1.0000E+00
 4.5229E+04  4.0773E-01  5.1665E-01  4.0764E-01  1.0788E+00  1.0000E+00
 4.5575E+04  4.0824E-01  5.1319E-01  4.0814E-01  1.0719E+00  1.0000E+00
 4.5924E+04  4.0875E-01  5.0976E-01  4.0866E-01  1.0651E+00  1.0000E+00
 4.6276E+04  4.0926E-01  5.0636E-01  4.0917E-01  1.0583E+00  1.0000E+00
 4.6630E+04  4.0978E-01  5.0298E-01  4.0969E-01  1.0516E+00  1.0000E+00
 4.6987E+04  4.1031E-01  4.9963E-01  4.1022E-01  1.0450E+00  1.0000E+00
 4.7347E+04  4.1084E-01  4.9631E-01  4.1075E-01  1.0384E+00  1.0000E+00
 4.7710E+04  4.1137E-01  4.9301E-01  4.1128E-01  1.0318E+00  1.0000E+00
 4.8075E+04  4.1191E-01  4.8973E-01  4.1182E-01  1.0253E+00  1.0000E+00
 4.8443E+04  4.1245E-01  4.8648E-01  4.1236E-01  1.0189E+00  1.0000E+00
 4.8814E+04  4.1300E-01  4.8326E-01  4.1291E-01  1.0124E+00  1.0000E+00
 4.9188E+04  4.1355E-01  4.8006E-01  4.1346E-01  1.0061E+00  1.0000E+00
 4.9565E+04  4.1410E-01  4.7688E-01  4.1402E-01  9.9979E-01  1.0000E+00
 4.9945E+04  4.1466E-01  4.7373E-01  4.1458E-01  9.9354E-01  1.0000E+00
 5.0327E+04  4.1523E-01  4.7060E-01  4.1514E-01  9.8733E-01  1.0000E+00
 5.0713E+04  4.1580E-01  4.6750E-01  4.1571E-01  9.8118E-01  1.0000E+00
 5.1101E+04  4.1637E-01  4.6442E-01  4.1629E-01  9.7507E-01  1.0000E+00
 5.1492E+04  4.1695E-01  4.6136E-01  4.1687E-01  9.6900E-01  1.0000E+00
 5.1887E+04  4.1754E-01  4.5833E-01  4.1745E-01  9.6299E-01  1.0000E+00
 5.2284E+04  4.1813E-01  4.5532E-01  4.1804E-01  9.5702E-01  1.0000E+00
 5.2684E+04  4.1872E-01  4.5233E-01  4.1864E-01  9.5110E-01  1.0000E+00
 5.3088E+04  4.1932E-01  4.4937E-01  4.1924E-01  9.4522E-01  1.0000E+00
 5.3494E+04  4.1992E-01  4.4642E-01  4.1984E-01  9.3939E-01  1.0000E+00
 5.3904E+04  4.2053E-01  4.4350E-01  4.2045E-01  9.3360E-01  1.0000E+00
 5.4317E+04  4.2115E-01  4.4061E-01  4.2107E-01  9.2786E-01  1.0000E+00
 5.4733E+04  4.2177E-01  4.3773E-01  4.2169E-01  9.2217E-01  1.0000E+00
 5.5152E+04  4.2239E-01  4.3488E-01  4.2231E-01  9.1651E-01  1.0000E+00
 5.5574E+04  4.2302E-01  4.3205E-01  4.2294E-01  9.1091E-01  1.0000E+00
 5.6000E+04  4.2366E-01  4.2924E-01  4.2358E-01  9.0534E-01  1.0000E+00
 5.6429E+04  4.2430E-01  4.2645E-01  4.2422E-01  8.9982E-01  1.0000E+00
 5.6861E+04  4.2494E-01  4.2369E-01  4.2486E-01  8.9434E-01  1.0000E+00
 5.7297E+04  4.2559E-01  4.2094E-01  4.2552E-01  8.8891E-01  1.0000E+00
 5.7735E+04  4.2625E-01  4.1822E-01  4.2617E-01  8.8351E-01  1.0000E+00
 5.8177E+04  4.2691E-01  4.1551E-01  4.2684E-01  8.7816E-01  1.0000E+00
 5.8623E+04  4.2758E-01  4.1283E-01  4.2751E-01  8.7285E-01  1.0000E+00
 5.9072E+04  4.2825E-01  4.1017E-01  4.2818E-01  8.6759E-01  1.0000E+00
 5.9524E+04  4.2893E-01  4.0752E-01  4.2886E-01  8.6236E-01  1.0000E+00
 5.9980E+04  4.2962E-01  4.0490E-01  4.2954E-01  8.5717E-01  1.0000E+00
 6.0440E+04  4.3031E-01  4.0230E-01  4.3024E-01  8.5203E-01  1.0000E+00
 6.0902E+04  4.3101E-01  3.9972E-01  4.3093E-01  8.4692E-01  1.0000E+00
 6.1369E+04  4.3171E-01  3.9716E-01  4.3164E-01  8.4186E-01  1.0000E+00
 6.1839E+04  4.3242E-01  3.9461E-01  4.3235E-01  8.3683E-01  1.0000E+00
 6.2312E+04  4.3313E-01  3.9209E-01  4.3306E-01  8.3185E-01  1.0000E+00
 6.2790E+04  4.3385E-01  3.8959E-01  4.3378E-01  8.2690E-01  1.0000E+00
 6.3270E+04  4.3458E-01  3.8710E-01  4.3451E-01  8.2199E-01  1.0000E+00
 6.3755E+04  4.3531E-01  3.8464E-01  4.3524E-01  8.1712E-01  1.0000E+00
 6.4243E+04  4.3605E-01  3.8219E-01  4.3598E-01  8.1229E-01  1.0000E+00
 6.4735E+04  4.3680E-01  3.7976E-01  4.3673E-01  8.0749E-01  1.0000E+00
 6.5231E+04  4.3755E-01  3.7735E-01  4.3748E-01  8.0274E-01  1.0000E+00
 6.5731E+04  4.3831E-01  3.7496E-01  4.3824E-01  7.9802E-01  1.0000E+00
 6.6234E+04  4.3907E-01  3.7259E-01  4.3901E-01  7.9334E-01  1.0000E+00
 6.6741E+04  4.3985E-01  3.7023E-01  4.3978E-01  7.8869E-01  1.0000E+00
 6.7252E+04  4.4062E-01  3.6790E-01  4.4056E-01  7.8408E-01  1.0000E+00
 6.7767E+04  4.4141E-01  3.6558E-01  4.4134E-01  7.7951E-01  1.0000E+00
 6.8286E+04  4.4220E-01  3.6328E-01  4.4213E-01  7.7497E-01  1.0000E+00
 6.8809E+04  4.4300E-01  3.6099E-01  4.4293E-01  7.7047E-01  1.0000E+00
 6.9336E+04  4.4380E-01  3.5873E-01  4.4374E-01  7.6601E-01  1.0000E+00
 6.9867E+04  4.4462E-01  3.5648E-01  4.4455E-01  7.6158E-01  1.0000E+00
 7.0402E+04  4.4543E-01  3.5425E-01  4.4537E-01  7.5718E-01  1.0000E+00
 7.0942E+04  4.4626E-01  3.5203E-01  4.4620E-01  7.5282E-01  1.0000E+00
 7.1485E+04  4.4709E-01  3.4984E-01  4.4703E-01  7.4850E-01  1.0000E+00
 7.2032E+04  4.4793E-01  3.4766E-01  4.4787E-01  7.4421E-01  1.0000E+00
 7.2584E+04  4.4878E-01  3.4549E-01  4.4872E-01  7.3995E-01  1.0000E+00
 7.3140E+04  4.4964E-01  3.4335E-01  4.4957E-01  7.3572E-01  1.0000E+00
 7.3700E+04  4.5050E-01  3.4122E-01  4.5044E-01  7.3153E-01  1.0000E+00
 7.4264E+04  4.5137E-01  3.3910E-01  4.5131E-01  7.2738E-01  1.0000E+00
 7.4833E+04  4.5225E-01  3.3700E-01  4.5218E-01  7.2325E-01  1.0000E+00
 7.5406E+04  4.5313E-01  3.3492E-01  4.5307E-01  7.1916E-01  1.0000E+00
 7.5984E+04  4.5402E-01  3.3286E-01  4.5396E-01  7.1510E-01  1.0000E+00
 7.6566E+04  4.5492E-01  3.3080E-01  4.5486E-01  7.1107E-01  1.0000E+00
 7.7152E+04  4.5583E-01  3.2877E-01  4.5577E-01  7.0708E-01  1.0000E+00
 7.7743E+04  4.5675E-01  3.2675E-01  4.5669E-01  7.0311E-01  1.0000E+00
 7.8338E+04  4.5767E-01  3.2475E-01  4.5761E-01  6.9918E-01  1.0000E+00
 7.8938E+04  4.5860E-01  3.2276E-01  4.5854E-01  6.9528E-01  1.0000E+00
 7.9543E+04  4.5954E-01  3.2079E-01  4.5948E-01  6.9141E-01  1.0000E+00
 8.0152E+04  4.6049E-01  3.1883E-01  4.6043E-01  6.8757E-01  1.0000E+00
 8.0766E+04  4.6145E-01  3.1689E-01  4.6139E-01  6.8377E-01  1.0000E+00
 8.1384E+04  4.6241E-01  3.1496E-01  4.6235E-01  6.7999E-01  1.0000E+00
 8.2008E+04  4.6339E-01  3.1305E-01  4.6333E-01  6.7624E-01  1.0000E+00
 8.2636E+04  4.6437E-01  3.1115E-01  4.6431E-01  6.7253E-01  1.0000E+00
 8.3268E+04  4.6536E-01  3.0927E-01  4.6530E-01  6.6884E-01  1.0000E+00
 8.3906E+04  4.6636E-01  3.0740E-01  4.6630E-01  6.6518E-01  1.0000E+00
 8.4549E+04  4.6736E-01  3.0554E-01  4.6731E-01  6.6155E-01  1.0000E+00
 8.5196E+04  4.6838E-01  3.0370E-01  4.6832E-01  6.5795E-01  1.0000E+00
 8.5849E+04  4.6940E-01  3.0187E-01  4.6935E-01  6.5438E-01  1.0000E+00
 8.6506E+04  4.7044E-01  3.0006E-01  4.7038E-01  6.5084E-01  1.0000E+00
 8.7169E+04  4.7148E-01  2.9826E-01  4.7143E-01  6.4733E-01  1.0000E+00
 8.7836E+04  4.7254E-01  2.9648E-01  4.7248E-01  6.4384E-01  1.0000E+00
 8.8509E+04  4.7360E-01  2.9471E-01  4.7354E-01  6.4038E-01  1.0000E+00
 8.9187E+04  4.7467E-01  2.9295E-01  4.7461E-01  6.3695E-01  1.0000E+00
 8.9870E+04  4.7575E-01  2.9121E-01  4.7569E-01  6.3355E-01  1.0000E+00
 9.0558E+04  4.7684E-01  2.8948E-01  4.7678E-01  6.3018E-01  1.0000E+00
 9.1252E+04  4.7794E-01  2.8776E-01  4.7788E-01  6.2683E-01  1.0000E+00
 9.1950E+04  4.7905E-01  2.8606E-01  4.7899E-01  6.2351E-01  1.0000E+00
 9.2655E+04  4.8017E-01  2.8437E-01  4.8011E-01  6.2022E-01  1.0000E+00
 9.3364E+04  4.8130E-01  2.8269E-01  4.8124E-01  6.1695E-01  1.0000E+00
 9.4079E+04  4.8244E-01  2.8102E-01  4.8238E-01  6.1372E-01  1.0000E+00
 9.4800E+04  4.8358E-01  2.7937E-01  4.8353E-01  6.1050E-01  1.0000E+00
 9.5526E+04  4.8474E-01  2.7773E-01  4.8469E-01  6.0732E-01  1.0000E+00
 9.6257E+04  4.8591E-01  2.7611E-01  4.8586E-01  6.0415E-01  1.0000E+00
 9.6994E+04  4.8709E-01  2.7449E-01  4.8704E-01  6.0102E-01  1.0000E+00
 9.7737E+04  4.8828E-01  2.7289E-01  4.8823E-01  5.9791E-01  1.0000E+00
 9.8486E+04  4.8949E-01  2.7130E-01  4.8943E-01  5.9483E-01  1.0000E+00
 9.9240E+04  4.9070E-01  2.6973E-01  4.9065E-01  5.9177E-01  1.0000E+00
 1.0000E+05  4.9192E-01  2.6816E-01  4.9187E-01  5.8873E-01  1.0000E+00


