#     0	 1	    7	 3	 7.7759E+01	 1000	1
 4.8978E+01  0.0000E+00  0.0000E+00  0.0000E+00  0.0000E+00  0.0000E+00
 4.9353E+01  0.0000E+00  0.0000E+00  0.0000E+00  0.0000E+00  0.0000E+00
 4.9731E+01  0.0000E+00  0.0000E+00  0.0000E+00  0.0000E+00  0.0000E+00
 5.0112E+01  0.0000E+00  0.0000E+00  0.0000E+00  0.0000E+00  0.0000E+00
 5.0496E+01  0.0000E+00  0.0000E+00  0.0000E+00  0.0000E+00  0.0000E+00
 5.0882E+01  0.0000E+00  0.0000E+00  0.0000E+00  0.0000E+00  0.0000E+00
 5.1272E+01  0.0000E+00  0.0000E+00  0.0000E+00  0.0000E+00  0.0000E+00
 5.1665E+01  0.0000E+00  0.0000E+00  0.0000E+00  0.0000E+00  0.0000E+00
 5.2060E+01  0.0000E+00  0.0000E+00  0.0000E+00  0.0000E+00  0.0000E+00
 5.2459E+01  0.0000E+00  0.0000E+00  0.0000E+00  0.0000E+00  0.0000E+00
 5.2861E+01  0.0000E+00  0.0000E+00  0.0000E+00  0.0000E+00  0.0000E+00
 5.3266E+01  0.0000E+00  0.0000E+00  0.0000E+00  0.0000E+00  0.0000E+00
 5.3673E+01  0.0000E+00  0.0000E+00  0.0000E+00  0.0000E+00  0.0000E+00
 5.4085E+01  0.0000E+00  0.0000E+00  0.0000E+00  0.0000E+00  0.0000E+00
 5.4499E+01  0.0000E+00  0.0000E+00  0.0000E+00  0.0000E+00  0.0000E+00
 5.4916E+01  0.0000E+00  0.0000E+00  0.0000E+00  0.0000E+00  0.0000E+00
 5.5337E+01  0.0000E+00  0.0000E+00  0.0000E+00  0.0000E+00  0.0000E+00
 5.5760E+01  0.0000E+00  0.0000E+00  0.0000E+00  0.0000E+00  0.0000E+00
 5.6187E+01  0.0000E+00  0.0000E+00  0.0000E+00  0.0000E+00  0.0000E+00
 5.6618E+01  0.0000E+00  0.0000E+00  0.0000E+00  0.0000E+00  0.0000E+00
 5.7051E+01  0.0000E+00  0.0000E+00  0.0000E+00  0.0000E+00  0.0000E+00
 5.7488E+01  0.0000E+00  0.0000E+00  0.0000E+00  0.0000E+00  0.0000E+00
 5.7929E+01  0.0000E+00  0.0000E+00  0.0000E+00  0.0000E+00  0.0000E+00
 5.8372E+01  0.0000E+00  0.0000E+00  0.0000E+00  0.0000E+00  0.0000E+00
 5.8819E+01  0.0000E+00  0.0000E+00  0.0000E+00  0.0000E+00  0.0000E+00
 5.9270E+01  0.0000E+00  0.0000E+00  0.0000E+00  0.0000E+00  0.0000E+00
 5.9724E+01  0.0000E+00  0.0000E+00  0.0000E+00  0.0000E+00  0.0000E+00
 6.0181E+01  0.0000E+00  0.0000E+00  0.0000E+00  0.0000E+00  0.0000E+00
 6.0642E+01  0.0000E+00  0.0000E+00  0.0000E+00  0.0000E+00  0.0000E+00
 6.1106E+01  0.0000E+00  0.0000E+00  0.0000E+00  0.0000E+00  0.0000E+00
 6.1574E+01  0.0000E+00  0.0000E+00  0.0000E+00  0.0000E+00  0.0000E+00
 6.2046E+01  0.0000E+00  0.0000E+00  0.0000E+00  0.0000E+00  0.0000E+00
 6.2521E+01  0.0000E+00  0.0000E+00  0.0000E+00  0.0000E+00  0.0000E+00
 6.3000E+01  0.0000E+00  0.0000E+00  0.0000E+00  0.0000E+00  0.0000E+00
 6.3482E+01  0.0000E+00  0.0000E+00  0.0000E+00  0.0000E+00  0.0000E+00
 6.3968E+01  0.0000E+00  0.0000E+00  0.0000E+00  0.0000E+00  0.0000E+00
 6.4458E+01  0.0000E+00  0.0000E+00  0.0000E+00  0.0000E+00  0.0000E+00
 6.4952E+01  0.0000E+00  0.0000E+00  0.0000E+00  0.0000E+00  0.0000E+00
 6.5449E+01  0.0000E+00  0.0000E+00  0.0000E+00  0.0000E+00  0.0000E+00
 6.5951E+01  0.0000E+00  0.0000E+00  0.0000E+00  0.0000E+00  0.0000E+00
 6.6456E+01  0.0000E+00  0.0000E+00  0.0000E+00  0.0000E+00  0.0000E+00
 6.6965E+01  0.0000E+00  0.0000E+00  0.0000E+00  0.0000E+00  0.0000E+00
 6.7478E+01  0.0000E+00  0.0000E+00  0.0000E+00  0.0000E+00  0.0000E+00
 6.7994E+01  0.0000E+00  0.0000E+00  0.0000E+00  0.0000E+00  0.0000E+00
 6.8515E+01  0.0000E+00  0.0000E+00  0.0000E+00  0.0000E+00  0.0000E+00
 6.9040E+01  0.0000E+00  0.0000E+00  0.0000E+00  0.0000E+00  0.0000E+00
 6.9568E+01  0.0000E+00  0.0000E+00  0.0000E+00  0.0000E+00  0.0000E+00
 7.0101E+01  0.0000E+00  0.0000E+00  0.0000E+00  0.0000E+00  0.0000E+00
 7.0638E+01  0.0000E+00  0.0000E+00  0.0000E+00  0.0000E+00  0.0000E+00
 7.1179E+01  0.0000E+00  0.0000E+00  0.0000E+00  0.0000E+00  0.0000E+00
 7.1724E+01  0.0000E+00  0.0000E+00  0.0000E+00  0.0000E+00  0.0000E+00
 7.2273E+01  0.0000E+00  0.0000E+00  0.0000E+00  0.0000E+00  0.0000E+00
 7.2827E+01  0.0000E+00  0.0000E+00  0.0000E+00  0.0000E+00  0.0000E+00
 7.3385E+01  0.0000E+00  0.0000E+00  0.0000E+00  0.0000E+00  0.0000E+00
 7.3947E+01  0.0000E+00  0.0000E+00  0.0000E+00  0.0000E+00  0.0000E+00
 7.4513E+01  0.0000E+00  0.0000E+00  0.0000E+00  0.0000E+00  0.0000E+00
 7.5084E+01  0.0000E+00  0.0000E+00  0.0000E+00  0.0000E+00  0.0000E+00
 7.5659E+01  0.0000E+00  0.0000E+00  0.0000E+00  0.0000E+00  0.0000E+00
 7.6238E+01  0.0000E+00  0.0000E+00  0.0000E+00  0.0000E+00  0.0000E+00
 7.6822E+01  0.0000E+00  0.0000E+00  0.0000E+00  0.0000E+00  0.0000E+00
 7.7410E+01  0.0000E+00  0.0000E+00  0.0000E+00  0.0000E+00  0.0000E+00
 7.8003E+01  3.6424E-02  2.7944E+01 -1.2818E-01 -1.9655E+02  1.0000E+00
 7.8601E+01  3.6439E-02  2.7743E+01 -1.2736E-01 -1.9381E+02  1.0000E+00
 7.9202E+01  3.6453E-02  2.7543E+01 -1.2654E-01 -1.9110E+02  1.0000E+00
 7.9809E+01  3.6468E-02  2.7344E+01 -1.2572E-01 -1.8842E+02  1.0000E+00
 8.0420E+01  3.6482E-02  2.7147E+01 -1.2490E-01 -1.8576E+02  1.0000E+00
 8.1036E+01  3.6496E-02  2.6951E+01 -1.2408E-01 -1.8314E+02  1.0000E+00
 8.1657E+01  3.6511E-02  2.6757E+01 -1.2326E-01 -1.8055E+02  1.0000E+00
 8.2282E+01  3.6525E-02  2.6564E+01 -1.2244E-01 -1.7798E+02  1.0000E+00
 8.2912E+01  3.6540E-02  2.6373E+01 -1.2162E-01 -1.7545E+02  1.0000E+00
 8.3547E+01  3.6556E-02  2.6184E+01 -1.2080E-01 -1.7294E+02  1.0000E+00
 8.4187E+01  3.6574E-02  2.5998E+01 -1.1998E-01 -1.7046E+02  1.0000E+00
 8.4832E+01  3.6594E-02  2.5814E+01 -1.1916E-01 -1.6801E+02  1.0000E+00
 8.5481E+01  3.6615E-02  2.5632E+01 -1.1833E-01 -1.6558E+02  1.0000E+00
 8.6136E+01  3.6638E-02  2.5454E+01 -1.1751E-01 -1.6319E+02  1.0000E+00
 8.6796E+01  3.6662E-02  2.5277E+01 -1.1669E-01 -1.6081E+02  1.0000E+00
 8.7460E+01  3.6689E-02  2.5103E+01 -1.1587E-01 -1.5847E+02  1.0000E+00
 8.8130E+01  3.6717E-02  2.4932E+01 -1.1505E-01 -1.5615E+02  1.0000E+00
 8.8805E+01  3.6747E-02  2.4762E+01 -1.1423E-01 -1.5386E+02  1.0000E+00
 8.9485E+01  3.6779E-02  2.4595E+01 -1.1341E-01 -1.5160E+02  1.0000E+00
 9.0171E+01  3.6813E-02  2.4431E+01 -1.1259E-01 -1.4935E+02  1.0000E+00
 9.0861E+01  3.6848E-02  2.4269E+01 -1.1177E-01 -1.4714E+02  1.0000E+00
 9.1557E+01  3.6886E-02  2.4109E+01 -1.1095E-01 -1.4495E+02  1.0000E+00
 9.2258E+01  3.6925E-02  2.3951E+01 -1.1013E-01 -1.4278E+02  1.0000E+00
 9.2965E+01  3.6966E-02  2.3795E+01 -1.0930E-01 -1.4064E+02  1.0000E+00
 9.3677E+01  3.7010E-02  2.3642E+01 -1.0848E-01 -1.3853E+02  1.0000E+00
 9.4394E+01  3.7055E-02  2.3491E+01 -1.0766E-01 -1.3643E+02  1.0000E+00
 9.5117E+01  3.7102E-02  2.3342E+01 -1.0684E-01 -1.3437E+02  1.0000E+00
 9.5845E+01  3.7151E-02  2.3195E+01 -1.0602E-01 -1.3232E+02  1.0000E+00
 9.6579E+01  3.7202E-02  2.3050E+01 -1.0520E-01 -1.3030E+02  1.0000E+00
 9.7319E+01  3.7255E-02  2.2908E+01 -1.0438E-01 -1.2830E+02  1.0000E+00
 9.8064E+01  3.7310E-02  2.2767E+01 -1.0356E-01 -1.2632E+02  1.0000E+00
 9.8815E+01  3.7367E-02  2.2629E+01 -1.0274E-01 -1.2437E+02  1.0000E+00
 9.9572E+01  3.7426E-02  2.2492E+01 -1.0192E-01 -1.2244E+02  1.0000E+00
 1.0033E+02  3.7487E-02  2.2358E+01 -1.0110E-01 -1.2053E+02  1.0000E+00
 1.0110E+02  3.7551E-02  2.2226E+01 -1.0028E-01 -1.1864E+02  1.0000E+00
 1.0188E+02  3.7616E-02  2.2095E+01 -9.9454E-02 -1.1678E+02  1.0000E+00
 1.0266E+02  3.7684E-02  2.1967E+01 -9.8634E-02 -1.1493E+02  1.0000E+00
 1.0344E+02  3.7754E-02  2.1840E+01 -9.7813E-02 -1.1311E+02  1.0000E+00
 1.0424E+02  3.7826E-02  2.1716E+01 -9.6992E-02 -1.1131E+02  1.0000E+00
 1.0503E+02  3.7900E-02  2.1593E+01 -9.6171E-02 -1.0953E+02  1.0000E+00
 1.0584E+02  3.7977E-02  2.1472E+01 -9.5350E-02 -1.0777E+02  1.0000E+00
 1.0665E+02  3.8056E-02  2.1353E+01 -9.4529E-02 -1.0603E+02  1.0000E+00
 1.0747E+02  3.8137E-02  2.1236E+01 -9.3708E-02 -1.0431E+02  1.0000E+00
 1.0829E+02  3.8221E-02  2.1121E+01 -9.2887E-02 -1.0261E+02  1.0000E+00
 1.0912E+02  3.8307E-02  2.1007E+01 -9.2067E-02 -1.0093E+02  1.0000E+00
 1.0995E+02  3.8395E-02  2.0896E+01 -9.1246E-02 -9.9273E+01  1.0000E+00
 1.1080E+02  3.8486E-02  2.0786E+01 -9.0425E-02 -9.7633E+01  1.0000E+00
 1.1164E+02  3.8579E-02  2.0678E+01 -8.9604E-02 -9.6011E+01  1.0000E+00
 1.1250E+02  3.8674E-02  2.0572E+01 -8.8783E-02 -9.4409E+01  1.0000E+00
 1.1336E+02  3.8772E-02  2.0467E+01 -8.7962E-02 -9.2825E+01  1.0000E+00
 1.1423E+02  3.8873E-02  2.0364E+01 -8.7141E-02 -9.1261E+01  1.0000E+00
 1.1510E+02  3.8976E-02  2.0263E+01 -8.6320E-02 -8.9714E+01  1.0000E+00
 1.1599E+02  3.9082E-02  2.0164E+01 -8.5499E-02 -8.8186E+01  1.0000E+00
 1.1687E+02  3.9191E-02  2.0066E+01 -8.4678E-02 -8.6675E+01  1.0000E+00
 1.1777E+02  3.9302E-02  1.9970E+01 -8.3858E-02 -8.5183E+01  1.0000E+00
 1.1867E+02  3.9416E-02  1.9875E+01 -8.3037E-02 -8.3708E+01  1.0000E+00
 1.1958E+02  3.9532E-02  1.9783E+01 -8.2216E-02 -8.2251E+01  1.0000E+00
 1.2050E+02  3.9651E-02  1.9692E+01 -8.1395E-02 -8.0811E+01  1.0000E+00
 1.2142E+02  3.9773E-02  1.9602E+01 -8.0574E-02 -7.9388E+01  1.0000E+00
 1.2235E+02  3.9898E-02  1.9514E+01 -7.9753E-02 -7.7982E+01  1.0000E+00
 1.2329E+02  4.0026E-02  1.9428E+01 -7.8932E-02 -7.6593E+01  1.0000E+00
 1.2423E+02  4.0157E-02  1.9343E+01 -7.8111E-02 -7.5221E+01  1.0000E+00
 1.2518E+02  4.0291E-02  1.9260E+01 -7.7290E-02 -7.3865E+01  1.0000E+00
 1.2614E+02  4.0427E-02  1.9178E+01 -7.6469E-02 -7.2525E+01  1.0000E+00
 1.2711E+02  4.0567E-02  1.9098E+01 -7.5649E-02 -7.1201E+01  1.0000E+00
 1.2808E+02  4.0710E-02  1.9020E+01 -7.4828E-02 -6.9894E+01  1.0000E+00
 1.2906E+02  4.0855E-02  1.8943E+01 -7.4007E-02 -6.8602E+01  1.0000E+00
 1.3005E+02  4.1004E-02  1.8867E+01 -7.3186E-02 -6.7325E+01  1.0000E+00
 1.3104E+02  4.1157E-02  1.8794E+01 -7.2365E-02 -6.6064E+01  1.0000E+00
 1.3205E+02  4.1312E-02  1.8721E+01 -7.1544E-02 -6.4818E+01  1.0000E+00
 1.3306E+02  4.1471E-02  1.8650E+01 -7.0723E-02 -6.3588E+01  1.0000E+00
 1.3408E+02  4.1633E-02  1.8581E+01 -6.9902E-02 -6.2372E+01  1.0000E+00
 1.3510E+02  4.1798E-02  1.8513E+01 -6.9081E-02 -6.1171E+01  1.0000E+00
 1.3614E+02  4.1967E-02  1.8446E+01 -6.8260E-02 -5.9985E+01  1.0000E+00
 1.3718E+02  4.2139E-02  1.8381E+01 -6.7439E-02 -5.8813E+01  1.0000E+00
 1.3823E+02  4.2315E-02  1.8318E+01 -6.6618E-02 -5.7656E+01  1.0000E+00
 1.3929E+02  4.2494E-02  1.8255E+01 -6.5797E-02 -5.6513E+01  1.0000E+00
 1.4036E+02  4.2677E-02  1.8195E+01 -6.4976E-02 -5.5384E+01  1.0000E+00
 1.4143E+02  4.2864E-02  1.8135E+01 -6.4156E-02 -5.4268E+01  1.0000E+00
 1.4252E+02  4.3055E-02  1.8077E+01 -6.3335E-02 -5.3167E+01  1.0000E+00
 1.4361E+02  4.3249E-02  1.8021E+01 -6.2514E-02 -5.2079E+01  1.0000E+00
 1.4471E+02  4.3447E-02  1.7966E+01 -6.1693E-02 -5.1004E+01  1.0000E+00
 1.4582E+02  4.3649E-02  1.7912E+01 -6.0872E-02 -4.9943E+01  1.0000E+00
 1.4693E+02  4.3855E-02  1.7860E+01 -6.0051E-02 -4.8895E+01  1.0000E+00
 1.4806E+02  4.4063E-02  1.7808E+01 -5.9230E-02 -4.7860E+01  1.0000E+00
 1.4919E+02  4.4273E-02  1.7757E+01 -5.8409E-02 -4.6838E+01  1.0000E+00
 1.5033E+02  4.4485E-02  1.7707E+01 -5.7588E-02 -4.5829E+01  1.0000E+00
 1.5149E+02  4.4699E-02  1.7656E+01 -5.6767E-02 -4.4833E+01  1.0000E+00
 1.5265E+02  4.4914E-02  1.7607E+01 -5.5946E-02 -4.3848E+01  1.0000E+00
 1.5381E+02  4.5132E-02  1.7557E+01 -5.5125E-02 -4.2877E+01  1.0000E+00
 1.5499E+02  4.5351E-02  1.7509E+01 -5.4304E-02 -4.1917E+01  1.0000E+00
 1.5618E+02  4.5572E-02  1.7460E+01 -5.3483E-02 -4.0970E+01  1.0000E+00
 1.5738E+02  4.5795E-02  1.7412E+01 -5.2662E-02 -4.0034E+01  1.0000E+00
 1.5858E+02  4.6019E-02  1.7365E+01 -5.1841E-02 -3.9111E+01  1.0000E+00
 1.5980E+02  4.6246E-02  1.7318E+01 -5.1020E-02 -3.8199E+01  1.0000E+00
 1.6102E+02  4.6475E-02  1.7271E+01 -5.0199E-02 -3.7299E+01  1.0000E+00
 1.6225E+02  4.6705E-02  1.7225E+01 -4.9378E-02 -3.6410E+01  1.0000E+00
 1.6349E+02  4.6937E-02  1.7179E+01 -4.8557E-02 -3.5532E+01  1.0000E+00
 1.6475E+02  4.7172E-02  1.7133E+01 -4.7736E-02 -3.4666E+01  1.0000E+00
 1.6601E+02  4.7408E-02  1.7088E+01 -4.6915E-02 -3.3811E+01  1.0000E+00
 1.6728E+02  4.7646E-02  1.7043E+01 -4.6094E-02 -3.2967E+01  1.0000E+00
 1.6856E+02  4.7886E-02  1.6999E+01 -4.5273E-02 -3.2134E+01  1.0000E+00
 1.6985E+02  4.8128E-02  1.6955E+01 -4.4452E-02 -3.1311E+01  1.0000E+00
 1.7115E+02  4.8372E-02  1.6911E+01 -4.3631E-02 -3.0499E+01  1.0000E+00
 1.7246E+02  4.8618E-02  1.6868E+01 -4.2810E-02 -2.9698E+01  1.0000E+00
 1.7378E+02  4.8866E-02  1.6825E+01 -4.1989E-02 -2.8907E+01  1.0000E+00
 1.7511E+02  4.9116E-02  1.6783E+01 -4.1168E-02 -2.8127E+01  1.0000E+00
 1.7646E+02  4.9368E-02  1.6741E+01 -4.0347E-02 -2.7356E+01  1.0000E+00
 1.7781E+02  4.9622E-02  1.6699E+01 -3.9526E-02 -2.6596E+01  1.0000E+00
 1.7917E+02  4.9878E-02  1.6657E+01 -3.8705E-02 -2.5845E+01  1.0000E+00
 1.8054E+02  5.0136E-02  1.6616E+01 -3.7884E-02 -2.5105E+01  1.0000E+00
 1.8192E+02  5.0396E-02  1.6576E+01 -3.7063E-02 -2.4374E+01  1.0000E+00
 1.8332E+02  5.0658E-02  1.6535E+01 -3.6242E-02 -2.3653E+01  1.0000E+00
 1.8472E+02  5.0922E-02  1.6495E+01 -3.5421E-02 -2.2942E+01  1.0000E+00
 1.8614E+02  5.1188E-02  1.6455E+01 -3.4600E-02 -2.2240E+01  1.0000E+00
 1.8756E+02  5.1457E-02  1.6416E+01 -3.3779E-02 -2.1547E+01  1.0000E+00
 1.8900E+02  5.1727E-02  1.6377E+01 -3.2958E-02 -2.0863E+01  1.0000E+00
 1.9045E+02  5.2000E-02  1.6338E+01 -3.2137E-02 -2.0189E+01  1.0000E+00
 1.9190E+02  5.2274E-02  1.6299E+01 -3.1316E-02 -1.9524E+01  1.0000E+00
 1.9337E+02  5.2551E-02  1.6261E+01 -3.0494E-02 -1.8867E+01  1.0000E+00
 1.9485E+02  5.2830E-02  1.6223E+01 -2.9673E-02 -1.8220E+01  1.0000E+00
 1.9635E+02  5.3111E-02  1.6185E+01 -2.8852E-02 -1.7581E+01  1.0000E+00
 1.9785E+02  5.3394E-02  1.6148E+01 -2.8031E-02 -1.6951E+01  1.0000E+00
 1.9937E+02  5.3679E-02  1.6111E+01 -2.7210E-02 -1.6329E+01  1.0000E+00
 2.0089E+02  5.3967E-02  1.6074E+01 -2.6389E-02 -1.5716E+01  1.0000E+00
 2.0243E+02  5.4257E-02  1.6037E+01 -2.5568E-02 -1.5111E+01  1.0000E+00
 2.0398E+02  5.4548E-02  1.6001E+01 -2.4747E-02 -1.4515E+01  1.0000E+00
 2.0554E+02  5.4843E-02  1.5965E+01 -2.3926E-02 -1.3927E+01  1.0000E+00
 2.0712E+02  5.5139E-02  1.5929E+01 -2.3105E-02 -1.3347E+01  1.0000E+00
 2.0870E+02  5.5437E-02  1.5894E+01 -2.2283E-02 -1.2774E+01  1.0000E+00
 2.1030E+02  5.5738E-02  1.5858E+01 -2.1462E-02 -1.2210E+01  1.0000E+00
 2.1191E+02  5.6041E-02  1.5823E+01 -2.0641E-02 -1.1654E+01  1.0000E+00
 2.1354E+02  5.6346E-02  1.5789E+01 -1.9820E-02 -1.1105E+01  1.0000E+00
 2.1517E+02  5.6653E-02  1.5754E+01 -1.8999E-02 -1.0564E+01  1.0000E+00
 2.1682E+02  5.6963E-02  1.5720E+01 -1.8178E-02 -1.0031E+01  1.0000E+00
 2.1848E+02  5.7275E-02  1.5686E+01 -1.7357E-02 -9.5048E+00  1.0000E+00
 2.2015E+02  5.7589E-02  1.5652E+01 -1.6535E-02 -8.9863E+00  1.0000E+00
 2.2184E+02  5.7906E-02  1.5618E+01 -1.5714E-02 -8.4752E+00  1.0000E+00
 2.2354E+02  5.8224E-02  1.5585E+01 -1.4893E-02 -7.9712E+00  1.0000E+00
 2.2525E+02  5.8546E-02  1.5552E+01 -1.4072E-02 -7.4745E+00  1.0000E+00
 2.2697E+02  5.8869E-02  1.5519E+01 -1.3251E-02 -6.9848E+00  1.0000E+00
 2.2871E+02  5.9195E-02  1.5486E+01 -1.2429E-02 -6.5021E+00  1.0000E+00
 2.3046E+02  5.9523E-02  1.5453E+01 -1.1608E-02 -6.0264E+00  1.0000E+00
 2.3223E+02  5.9853E-02  1.5421E+01 -1.0787E-02 -5.5575E+00  1.0000E+00
 2.3401E+02  6.0185E-02  1.5389E+01 -9.9658E-03 -5.0954E+00  1.0000E+00
 2.3580E+02  6.0520E-02  1.5357E+01 -9.1446E-03 -4.6400E+00  1.0000E+00
 2.3761E+02  6.0858E-02  1.5325E+01 -8.3234E-03 -4.1912E+00  1.0000E+00
 2.3942E+02  6.1197E-02  1.5293E+01 -7.5021E-03 -3.7490E+00  1.0000E+00
 2.4126E+02  6.1540E-02  1.5262E+01 -6.6809E-03 -3.3132E+00  1.0000E+00
 2.4311E+02  6.1884E-02  1.5231E+01 -5.8597E-03 -2.8839E+00  1.0000E+00
 2.4497E+02  6.2231E-02  1.5200E+01 -5.0384E-03 -2.4608E+00  1.0000E+00
 2.4684E+02  6.2580E-02  1.5169E+01 -4.2171E-03 -2.0441E+00  1.0000E+00
 2.4873E+02  6.2931E-02  1.5138E+01 -3.3959E-03 -1.6335E+00  1.0000E+00
 2.5064E+02  6.3285E-02  1.5107E+01 -2.5746E-03 -1.2290E+00  1.0000E+00
 2.5256E+02  6.3642E-02  1.5077E+01 -1.7533E-03 -8.3060E-01  1.0000E+00
 2.5449E+02  6.4000E-02  1.5047E+01 -9.3201E-04 -4.3817E-01  1.0000E+00
 2.5644E+02  6.4362E-02  1.5017E+01 -1.1071E-04 -5.1652E-02  1.0000E+00
 2.5841E+02  6.4725E-02  1.4987E+01  7.1060E-04  3.2902E-01  1.0000E+00
 2.6038E+02  6.5091E-02  1.4957E+01  1.5319E-03  7.0391E-01  1.0000E+00
 2.6238E+02  6.5460E-02  1.4927E+01  2.3532E-03  1.0731E+00  1.0000E+00
 2.6439E+02  6.5831E-02  1.4898E+01  3.1746E-03  1.4366E+00  1.0000E+00
 2.6641E+02  6.6204E-02  1.4868E+01  3.9959E-03  1.7946E+00  1.0000E+00
 2.6845E+02  6.6580E-02  1.4839E+01  4.8173E-03  2.1470E+00  1.0000E+00
 2.7051E+02  6.6958E-02  1.4810E+01  5.6386E-03  2.4940E+00  1.0000E+00
 2.7258E+02  6.7339E-02  1.4781E+01  6.4600E-03  2.8356E+00  1.0000E+00
 2.7467E+02  6.7722E-02  1.4752E+01  7.2814E-03  3.1718E+00  1.0000E+00
 2.7677E+02  6.8108E-02  1.4723E+01  8.1028E-03  3.5028E+00  1.0000E+00
 2.7889E+02  6.8496E-02  1.4694E+01  8.9241E-03  3.8285E+00  1.0000E+00
 2.8103E+02  6.8887E-02  1.4666E+01  9.7456E-03  4.1492E+00  1.0000E+00
 2.8318E+02  6.9280E-02  1.4637E+01  1.0567E-02  4.4647E+00  1.0000E+00
 2.8535E+02  6.9675E-02  1.4609E+01  1.1388E-02  4.7752E+00  1.0000E+00
 2.8753E+02  7.0073E-02  1.4581E+01  1.2210E-02  5.0807E+00  1.0000E+00
 2.8974E+02  7.0474E-02  1.4553E+01  1.3031E-02  5.3813E+00  1.0000E+00
 2.9195E+02  7.0877E-02  1.4525E+01  1.3853E-02  5.6771E+00  1.0000E+00
 2.9419E+02  7.1283E-02  1.4497E+01  1.4674E-02  5.9680E+00  1.0000E+00
 2.9644E+02  7.1691E-02  1.4469E+01  1.5496E-02  6.2542E+00  1.0000E+00
 2.9871E+02  7.2102E-02  1.4441E+01  1.6317E-02  6.5357E+00  1.0000E+00
 3.0100E+02  7.2515E-02  1.4414E+01  1.7139E-02  6.8126E+00  1.0000E+00
 3.0331E+02  7.2931E-02  1.4386E+01  1.7960E-02  7.0849E+00  1.0000E+00
 3.0563E+02  7.3349E-02  1.4359E+01  1.8782E-02  7.3527E+00  1.0000E+00
 3.0797E+02  7.3770E-02  1.4331E+01  1.9603E-02  7.6160E+00  1.0000E+00
 3.1033E+02  7.4193E-02  1.4304E+01  2.0425E-02  7.8748E+00  1.0000E+00
 3.1271E+02  7.4619E-02  1.4277E+01  2.1246E-02  8.1293E+00  1.0000E+00
 3.1510E+02  7.5048E-02  1.4249E+01  2.2068E-02  8.3795E+00  1.0000E+00
 3.1751E+02  7.5479E-02  1.4222E+01  2.2889E-02  8.6254E+00  1.0000E+00
 3.1994E+02  7.5912E-02  1.4195E+01  2.3711E-02  8.8671E+00  1.0000E+00
 3.2240E+02  7.6348E-02  1.4168E+01  2.4533E-02  9.1046E+00  1.0000E+00
 3.2486E+02  7.6787E-02  1.4141E+01  2.5354E-02  9.3380E+00  1.0000E+00
 3.2735E+02  7.7228E-02  1.4114E+01  2.6176E-02  9.5674E+00  1.0000E+00
 3.2986E+02  7.7672E-02  1.4088E+01  2.6997E-02  9.7927E+00  1.0000E+00
 3.3239E+02  7.8118E-02  1.4061E+01  2.7819E-02  1.0014E+01  1.0000E+00
 3.3493E+02  7.8567E-02  1.4034E+01  2.8641E-02  1.0231E+01  1.0000E+00
 3.3750E+02  7.9018E-02  1.4007E+01  2.9462E-02  1.0445E+01  1.0000E+00
 3.4008E+02  7.9472E-02  1.3981E+01  3.0284E-02  1.0655E+01  1.0000E+00
 3.4268E+02  7.9928E-02  1.3954E+01  3.1106E-02  1.0861E+01  1.0000E+00
 3.4531E+02  8.0387E-02  1.3928E+01  3.1927E-02  1.1063E+01  1.0000E+00
 3.4795E+02  8.0849E-02  1.3901E+01  3.2749E-02  1.1261E+01  1.0000E+00
 3.5062E+02  8.1313E-02  1.3874E+01  3.3571E-02  1.1456E+01  1.0000E+00
 3.5330E+02  8.1779E-02  1.3848E+01  3.4393E-02  1.1647E+01  1.0000E+00
 3.5601E+02  8.2248E-02  1.3822E+01  3.5214E-02  1.1835E+01  1.0000E+00
 3.5874E+02  8.2720E-02  1.3795E+01  3.6036E-02  1.2019E+01  1.0000E+00
 3.6148E+02  8.3194E-02  1.3769E+01  3.6858E-02  1.2200E+01  1.0000E+00
 3.6425E+02  8.3671E-02  1.3742E+01  3.7680E-02  1.2377E+01  1.0000E+00
 3.6704E+02  8.4150E-02  1.3716E+01  3.8501E-02  1.2551E+01  1.0000E+00
 3.6985E+02  8.4632E-02  1.3690E+01  3.9323E-02  1.2721E+01  1.0000E+00
 3.7268E+02  8.5116E-02  1.3663E+01  4.0145E-02  1.2889E+01  1.0000E+00
 3.7554E+02  8.5602E-02  1.3637E+01  4.0967E-02  1.3053E+01  1.0000E+00
 3.7841E+02  8.6092E-02  1.3611E+01  4.1789E-02  1.3213E+01  1.0000E+00
 3.8131E+02  8.6583E-02  1.3584E+01  4.2611E-02  1.3371E+01  1.0000E+00
 3.8423E+02  8.7078E-02  1.3558E+01  4.3433E-02  1.3525E+01  1.0000E+00
 3.8718E+02  8.7574E-02  1.3532E+01  4.4255E-02  1.3676E+01  1.0000E+00
 3.9014E+02  8.8073E-02  1.3505E+01  4.5076E-02  1.3824E+01  1.0000E+00
 3.9313E+02  8.8575E-02  1.3479E+01  4.5898E-02  1.3969E+01  1.0000E+00
 3.9614E+02  8.9079E-02  1.3452E+01  4.6720E-02  1.4112E+01  1.0000E+00
 3.9917E+02  8.9586E-02  1.3426E+01  4.7542E-02  1.4251E+01  1.0000E+00
 4.0223E+02  9.0095E-02  1.3400E+01  4.8364E-02  1.4387E+01  1.0000E+00
 4.0531E+02  9.0606E-02  1.3373E+01  4.9186E-02  1.4520E+01  1.0000E+00
 4.0841E+02  9.1120E-02  1.3347E+01  5.0008E-02  1.4651E+01  1.0000E+00
 4.1154E+02  9.1636E-02  1.3321E+01  5.0830E-02  1.4778E+01  1.0000E+00
 4.1469E+02  9.2155E-02  1.3294E+01  5.1652E-02  1.4903E+01  1.0000E+00
 4.1787E+02  9.2676E-02  1.3268E+01  5.2475E-02  1.5025E+01  1.0000E+00
 4.2107E+02  9.3199E-02  1.3241E+01  5.3297E-02  1.5145E+01  1.0000E+00
 4.2429E+02  9.3725E-02  1.3215E+01  5.4119E-02  1.5262E+01  1.0000E+00
 4.2754E+02  9.4254E-02  1.3188E+01  5.4941E-02  1.5376E+01  1.0000E+00
 4.3082E+02  9.4784E-02  1.3161E+01  5.5763E-02  1.5487E+01  1.0000E+00
 4.3412E+02  9.5317E-02  1.3135E+01  5.6585E-02  1.5596E+01  1.0000E+00
 4.3744E+02  9.5853E-02  1.3108E+01  5.7407E-02  1.5702E+01  1.0000E+00
 4.4079E+02  9.6390E-02  1.3081E+01  5.8230E-02  1.5806E+01  1.0000E+00
 4.4417E+02  9.6930E-02  1.3055E+01  5.9052E-02  1.5908E+01  1.0000E+00
 4.4757E+02  9.7473E-02  1.3028E+01  5.9874E-02  1.6007E+01  1.0000E+00
 4.5100E+02  9.8017E-02  1.3001E+01  6.0696E-02  1.6103E+01  1.0000E+00
 4.5445E+02  9.8564E-02  1.2974E+01  6.1519E-02  1.6197E+01  1.0000E+00
 4.5793E+02  9.9114E-02  1.2947E+01  6.2341E-02  1.6289E+01  1.0000E+00
 4.6144E+02  9.9665E-02  1.2920E+01  6.3163E-02  1.6379E+01  1.0000E+00
 4.6497E+02  1.0022E-01  1.2893E+01  6.3986E-02  1.6466E+01  1.0000E+00
 4.6853E+02  1.0077E-01  1.2866E+01  6.4808E-02  1.6551E+01  1.0000E+00
 4.7212E+02  1.0133E-01  1.2839E+01  6.5630E-02  1.6633E+01  1.0000E+00
 4.7574E+02  1.0189E-01  1.2812E+01  6.6453E-02  1.6714E+01  1.0000E+00
 4.7938E+02  1.0246E-01  1.2785E+01  6.7275E-02  1.6792E+01  1.0000E+00
 4.8305E+02  1.0302E-01  1.2758E+01  6.8098E-02  1.6868E+01  1.0000E+00
 4.8675E+02  1.0359E-01  1.2730E+01  6.8920E-02  1.6942E+01  1.0000E+00
 4.9048E+02  1.0416E-01  1.2703E+01  6.9743E-02  1.7014E+01  1.0000E+00
 4.9424E+02  1.0473E-01  1.2675E+01  7.0565E-02  1.7084E+01  1.0000E+00
 4.9802E+02  1.0530E-01  1.2648E+01  7.1388E-02  1.7152E+01  1.0000E+00
 5.0183E+02  1.0587E-01  1.2620E+01  7.2210E-02  1.7217E+01  1.0000E+00
 5.0568E+02  1.0645E-01  1.2592E+01  7.3033E-02  1.7281E+01  1.0000E+00
 5.0955E+02  1.0703E-01  1.2565E+01  7.3856E-02  1.7343E+01  1.0000E+00
 5.1345E+02  1.0761E-01  1.2537E+01  7.4678E-02  1.7403E+01  1.0000E+00
 5.1738E+02  1.0820E-01  1.2509E+01  7.5501E-02  1.7461E+01  1.0000E+00
 5.2135E+02  1.0878E-01  1.2481E+01  7.6324E-02  1.7517E+01  1.0000E+00
 5.2534E+02  1.0937E-01  1.2453E+01  7.7146E-02  1.7571E+01  1.0000E+00
 5.2936E+02  1.0996E-01  1.2425E+01  7.7969E-02  1.7624E+01  1.0000E+00
 5.3342E+02  1.1055E-01  1.2396E+01  7.8792E-02  1.7674E+01  1.0000E+00
 5.3750E+02  1.1114E-01  1.2368E+01  7.9615E-02  1.7723E+01  1.0000E+00
 5.4162E+02  1.1173E-01  1.2340E+01  8.0438E-02  1.7770E+01  1.0000E+00
 5.4577E+02  1.1233E-01  1.2311E+01  8.1260E-02  1.7816E+01  1.0000E+00
 5.4995E+02  1.1293E-01  1.2283E+01  8.2083E-02  1.7859E+01  1.0000E+00
 5.5416E+02  1.1353E-01  1.2254E+01  8.2906E-02  1.7901E+01  1.0000E+00
 5.5840E+02  1.1413E-01  1.2225E+01  8.3729E-02  1.7942E+01  1.0000E+00
 5.6268E+02  1.1473E-01  1.2196E+01  8.4552E-02  1.7980E+01  1.0000E+00
 5.6699E+02  1.1534E-01  1.2167E+01  8.5375E-02  1.8017E+01  1.0000E+00
 5.7133E+02  1.1594E-01  1.2138E+01  8.6198E-02  1.8053E+01  1.0000E+00
 5.7571E+02  1.1655E-01  1.2109E+01  8.7021E-02  1.8087E+01  1.0000E+00
 5.8011E+02  1.1716E-01  1.2080E+01  8.7844E-02  1.8119E+01  1.0000E+00
 5.8456E+02  1.1777E-01  1.2051E+01  8.8667E-02  1.8150E+01  1.0000E+00
 5.8903E+02  1.1838E-01  1.2021E+01  8.9490E-02  1.8179E+01  1.0000E+00
 5.9354E+02  1.1900E-01  1.1992E+01  9.0314E-02  1.8207E+01  1.0000E+00
 5.9809E+02  1.1961E-01  1.1962E+01  9.1137E-02  1.8233E+01  1.0000E+00
 6.0267E+02  1.2023E-01  1.1932E+01  9.1960E-02  1.8258E+01  1.0000E+00
 6.0729E+02  1.2085E-01  1.1902E+01  9.2783E-02  1.8281E+01  1.0000E+00
 6.1194E+02  1.2147E-01  1.1872E+01  9.3607E-02  1.8304E+01  1.0000E+00
 6.1662E+02  1.2209E-01  1.1842E+01  9.4430E-02  1.8324E+01  1.0000E+00
 6.2135E+02  1.2271E-01  1.1812E+01  9.5253E-02  1.8344E+01  1.0000E+00
 6.2610E+02  1.2333E-01  1.1782E+01  9.6077E-02  1.8361E+01  1.0000E+00
 6.3090E+02  1.2396E-01  1.1751E+01  9.6900E-02  1.8378E+01  1.0000E+00
 6.3573E+02  1.2458E-01  1.1721E+01  9.7723E-02  1.8393E+01  1.0000E+00
 6.4060E+02  1.2521E-01  1.1690E+01  9.8547E-02  1.8407E+01  1.0000E+00
 6.4551E+02  1.2584E-01  1.1659E+01  9.9370E-02  1.8420E+01  1.0000E+00
 6.5045E+02  1.2646E-01  1.1628E+01  1.0019E-01  1.8432E+01  1.0000E+00
 6.5543E+02  1.2709E-01  1.1597E+01  1.0102E-01  1.8442E+01  1.0000E+00
 6.6045E+02  1.2772E-01  1.1566E+01  1.0184E-01  1.8451E+01  1.0000E+00
 6.6551E+02  1.2835E-01  1.1535E+01  1.0266E-01  1.8459E+01  1.0000E+00
 6.7060E+02  1.2899E-01  1.1504E+01  1.0349E-01  1.8466E+01  1.0000E+00
 6.7574E+02  1.2962E-01  1.1472E+01  1.0431E-01  1.8471E+01  1.0000E+00
 6.8092E+02  1.3025E-01  1.1441E+01  1.0514E-01  1.8476E+01  1.0000E+00
 6.8613E+02  1.3089E-01  1.1409E+01  1.0596E-01  1.8479E+01  1.0000E+00
 6.9138E+02  1.3153E-01  1.1377E+01  1.0678E-01  1.8481E+01  1.0000E+00
 6.9668E+02  1.3216E-01  1.1346E+01  1.0761E-01  1.8482E+01  1.0000E+00
 7.0201E+02  1.3280E-01  1.1314E+01  1.0843E-01  1.8482E+01  1.0000E+00
 7.0739E+02  1.3345E-01  1.1282E+01  1.0926E-01  1.8481E+01  1.0000E+00
 7.1281E+02  1.3409E-01  1.1250E+01  1.1008E-01  1.8479E+01  1.0000E+00
 7.1827E+02  1.3473E-01  1.1218E+01  1.1090E-01  1.8476E+01  1.0000E+00
 7.2377E+02  1.3538E-01  1.1186E+01  1.1173E-01  1.8472E+01  1.0000E+00
 7.2931E+02  1.3602E-01  1.1154E+01  1.1255E-01  1.8466E+01  1.0000E+00
 7.3490E+02  1.3667E-01  1.1122E+01  1.1338E-01  1.8460E+01  1.0000E+00
 7.4052E+02  1.3731E-01  1.1089E+01  1.1420E-01  1.8453E+01  1.0000E+00
 7.4620E+02  1.3796E-01  1.1057E+01  1.1502E-01  1.8445E+01  1.0000E+00
 7.5191E+02  1.3861E-01  1.1025E+01  1.1585E-01  1.8436E+01  1.0000E+00
 7.5767E+02  1.3926E-01  1.0992E+01  1.1667E-01  1.8426E+01  1.0000E+00
 7.6347E+02  1.3991E-01  1.0959E+01  1.1750E-01  1.8415E+01  1.0000E+00
 7.6932E+02  1.4057E-01  1.0927E+01  1.1832E-01  1.8404E+01  1.0000E+00
 7.7521E+02  1.4122E-01  1.0894E+01  1.1915E-01  1.8391E+01  1.0000E+00
 7.8115E+02  1.4187E-01  1.0861E+01  1.1997E-01  1.8378E+01  1.0000E+00
 7.8713E+02  1.4252E-01  1.0828E+01  1.2080E-01  1.8363E+01  1.0000E+00
 7.9316E+02  1.4318E-01  1.0795E+01  1.2162E-01  1.8348E+01  1.0000E+00
 7.9923E+02  1.4383E-01  1.0762E+01  1.2244E-01  1.8332E+01  1.0000E+00
 8.0535E+02  1.4449E-01  1.0729E+01  1.2327E-01  1.8315E+01  1.0000E+00
 8.1152E+02  1.4514E-01  1.0695E+01  1.2409E-01  1.8298E+01  1.0000E+00
 8.1774E+02  1.4580E-01  1.0662E+01  1.2492E-01  1.8280E+01  1.0000E+00
 8.2400E+02  1.4646E-01  1.0629E+01  1.2574E-01  1.8260E+01  1.0000E+00
 8.3031E+02  1.4711E-01  1.0595E+01  1.2657E-01  1.8240E+01  1.0000E+00
 8.3667E+02  1.4777E-01  1.0561E+01  1.2739E-01  1.8220E+01  1.0000E+00
 8.4307E+02  1.4842E-01  1.0527E+01  1.2822E-01  1.8198E+01  1.0000E+00
 8.4953E+02  1.4908E-01  1.0494E+01  1.2904E-01  1.8176E+01  1.0000E+00
 8.5604E+02  1.4974E-01  1.0460E+01  1.2987E-01  1.8154E+01  1.0000E+00
 8.6259E+02  1.5039E-01  1.0426E+01  1.3069E-01  1.8130E+01  1.0000E+00
 8.6920E+02  1.5105E-01  1.0391E+01  1.3152E-01  1.8106E+01  1.0000E+00
 8.7586E+02  1.5171E-01  1.0357E+01  1.3234E-01  1.8081E+01  1.0000E+00
 8.8256E+02  1.5236E-01  1.0323E+01  1.3317E-01  1.8056E+01  1.0000E+00
 8.8932E+02  1.5302E-01  1.0288E+01  1.3399E-01  1.8029E+01  1.0000E+00
 8.9613E+02  1.5367E-01  1.0254E+01  1.3482E-01  1.8003E+01  1.0000E+00
 9.0300E+02  1.5433E-01  1.0219E+01  1.3565E-01  1.7975E+01  1.0000E+00
 9.0991E+02  1.5498E-01  1.0184E+01  1.3647E-01  1.7947E+01  1.0000E+00
 9.1688E+02  1.5563E-01  1.0149E+01  1.3730E-01  1.7919E+01  1.0000E+00
 9.2390E+02  1.5628E-01  1.0114E+01  1.3812E-01  1.7889E+01  1.0000E+00
 9.3098E+02  1.5694E-01  1.0079E+01  1.3895E-01  1.7860E+01  1.0000E+00
 9.3811E+02  1.5759E-01  1.0044E+01  1.3977E-01  1.7829E+01  1.0000E+00
 9.4529E+02  1.5824E-01  1.0009E+01  1.4060E-01  1.7798E+01  1.0000E+00
 9.5253E+02  1.5889E-01  9.9734E+00  1.4143E-01  1.7767E+01  1.0000E+00
 9.5983E+02  1.5953E-01  9.9379E+00  1.4225E-01  1.7735E+01  1.0000E+00
 9.6718E+02  1.6018E-01  9.9022E+00  1.4308E-01  1.7702E+01  1.0000E+00
 9.7458E+02  1.6082E-01  9.8665E+00  1.4390E-01  1.7669E+01  1.0000E+00
 9.8205E+02  1.6147E-01  9.8307E+00  1.4473E-01  1.7635E+01  1.0000E+00
 9.8957E+02  1.6211E-01  9.7947E+00  1.4556E-01  1.7601E+01  1.0000E+00
 9.9715E+02  1.6275E-01  9.7587E+00  1.4638E-01  1.7567E+01  1.0000E+00
 1.0048E+03  1.6339E-01  9.7225E+00  1.4721E-01  1.7532E+01  1.0000E+00
 1.0125E+03  1.6403E-01  9.6862E+00  1.4803E-01  1.7496E+01  1.0000E+00
 1.0202E+03  1.6467E-01  9.6498E+00  1.4886E-01  1.7460E+01  1.0000E+00
 1.0280E+03  1.6530E-01  9.6134E+00  1.4969E-01  1.7423E+01  1.0000E+00
 1.0359E+03  1.6594E-01  9.5768E+00  1.5051E-01  1.7387E+01  1.0000E+00
 1.0439E+03  1.6657E-01  9.5401E+00  1.5134E-01  1.7349E+01  1.0000E+00
 1.0518E+03  1.6720E-01  9.5032E+00  1.5217E-01  1.7311E+01  1.0000E+00
 1.0599E+03  1.6782E-01  9.4663E+00  1.5299E-01  1.7273E+01  1.0000E+00
 1.0680E+03  1.6845E-01  9.4293E+00  1.5382E-01  1.7235E+01  1.0000E+00
 1.0762E+03  1.6908E-01  9.3925E+00  1.5465E-01  1.7196E+01  1.0000E+00
 1.0844E+03  1.6980E-01  9.3608E+00  1.5547E-01  1.7156E+01  1.0000E+00
 1.0927E+03  1.7052E-01  9.3290E+00  1.5630E-01  1.7116E+01  1.0000E+00
 1.1011E+03  1.7124E-01  9.2972E+00  1.5713E-01  1.7076E+01  1.0000E+00
 1.1095E+03  1.7196E-01  9.2653E+00  1.5796E-01  1.7036E+01  1.0000E+00
 1.1180E+03  1.7269E-01  9.2335E+00  1.5878E-01  1.6995E+01  1.0000E+00
 1.1266E+03  1.7341E-01  9.2017E+00  1.5961E-01  1.6953E+01  1.0000E+00
 1.1352E+03  1.7414E-01  9.1698E+00  1.6044E-01  1.6912E+01  1.0000E+00
 1.1439E+03  1.7486E-01  9.1380E+00  1.6127E-01  1.6870E+01  1.0000E+00
 1.1527E+03  1.7559E-01  9.1061E+00  1.6209E-01  1.6828E+01  1.0000E+00
 1.1615E+03  1.7631E-01  9.0743E+00  1.6292E-01  1.6785E+01  1.0000E+00
 1.1704E+03  1.7704E-01  9.0424E+00  1.6375E-01  1.6742E+01  1.0000E+00
 1.1794E+03  1.7777E-01  9.0106E+00  1.6458E-01  1.6699E+01  1.0000E+00
 1.1884E+03  1.7850E-01  8.9787E+00  1.6540E-01  1.6655E+01  1.0000E+00
 1.1975E+03  1.7923E-01  8.9469E+00  1.6623E-01  1.6611E+01  1.0000E+00
 1.2067E+03  1.7996E-01  8.9150E+00  1.6706E-01  1.6567E+01  1.0000E+00
 1.2159E+03  1.8070E-01  8.8832E+00  1.6789E-01  1.6523E+01  1.0000E+00
 1.2252E+03  1.8143E-01  8.8513E+00  1.6872E-01  1.6478E+01  1.0000E+00
 1.2346E+03  1.8216E-01  8.8195E+00  1.6954E-01  1.6433E+01  1.0000E+00
 1.2441E+03  1.8290E-01  8.7877E+00  1.7037E-01  1.6388E+01  1.0000E+00
 1.2536E+03  1.8363E-01  8.7559E+00  1.7120E-01  1.6343E+01  1.0000E+00
 1.2632E+03  1.8437E-01  8.7241E+00  1.7203E-01  1.6297E+01  1.0000E+00
 1.2729E+03  1.8510E-01  8.6923E+00  1.7286E-01  1.6251E+01  1.0000E+00
 1.2826E+03  1.8584E-01  8.6605E+00  1.7369E-01  1.6205E+01  1.0000E+00
 1.2924E+03  1.8658E-01  8.6288E+00  1.7452E-01  1.6158E+01  1.0000E+00
 1.3023E+03  1.8732E-01  8.5970E+00  1.7535E-01  1.6112E+01  1.0000E+00
 1.3123E+03  1.8806E-01  8.5653E+00  1.7617E-01  1.6065E+01  1.0000E+00
 1.3224E+03  1.8880E-01  8.5336E+00  1.7700E-01  1.6018E+01  1.0000E+00
 1.3325E+03  1.8954E-01  8.5019E+00  1.7783E-01  1.5971E+01  1.0000E+00
 1.3427E+03  1.9028E-01  8.4702E+00  1.7866E-01  1.5923E+01  1.0000E+00
 1.3530E+03  1.9103E-01  8.4386E+00  1.7949E-01  1.5876E+01  1.0000E+00
 1.3633E+03  1.9177E-01  8.4070E+00  1.8032E-01  1.5828E+01  1.0000E+00
 1.3738E+03  1.9251E-01  8.3754E+00  1.8115E-01  1.5780E+01  1.0000E+00
 1.3843E+03  1.9326E-01  8.3438E+00  1.8198E-01  1.5731E+01  1.0000E+00
 1.3949E+03  1.9400E-01  8.3122E+00  1.8281E-01  1.5683E+01  1.0000E+00
 1.4056E+03  1.9475E-01  8.2807E+00  1.8364E-01  1.5635E+01  1.0000E+00
 1.4164E+03  1.9550E-01  8.2492E+00  1.8447E-01  1.5586E+01  1.0000E+00
 1.4272E+03  1.9625E-01  8.2178E+00  1.8530E-01  1.5537E+01  1.0000E+00
 1.4381E+03  1.9700E-01  8.1863E+00  1.8613E-01  1.5488E+01  1.0000E+00
 1.4491E+03  1.9774E-01  8.1549E+00  1.8696E-01  1.5439E+01  1.0000E+00
 1.4602E+03  1.9849E-01  8.1236E+00  1.8779E-01  1.5390E+01  1.0000E+00
 1.4714E+03  1.9925E-01  8.0922E+00  1.8862E-01  1.5340E+01  1.0000E+00
 1.4827E+03  2.0000E-01  8.0609E+00  1.8945E-01  1.5291E+01  1.0000E+00
 1.4940E+03  2.0075E-01  8.0297E+00  1.9028E-01  1.5241E+01  1.0000E+00
 1.5055E+03  2.0150E-01  7.9984E+00  1.9111E-01  1.5191E+01  1.0000E+00
 1.5170E+03  2.0225E-01  7.9672E+00  1.9194E-01  1.5141E+01  1.0000E+00
 1.5286E+03  2.0301E-01  7.9361E+00  1.9278E-01  1.5091E+01  1.0000E+00
 1.5403E+03  2.0376E-01  7.9049E+00  1.9361E-01  1.5041E+01  1.0000E+00
 1.5521E+03  2.0452E-01  7.8739E+00  1.9444E-01  1.4991E+01  1.0000E+00
 1.5640E+03  2.0528E-01  7.8428E+00  1.9527E-01  1.4941E+01  1.0000E+00
 1.5760E+03  2.0603E-01  7.8118E+00  1.9610E-01  1.4890E+01  1.0000E+00
 1.5881E+03  2.0679E-01  7.7809E+00  1.9693E-01  1.4840E+01  1.0000E+00
 1.6002E+03  2.0755E-01  7.7500E+00  1.9776E-01  1.4789E+01  1.0000E+00
 1.6125E+03  2.0831E-01  7.7191E+00  1.9860E-01  1.4739E+01  1.0000E+00
 1.6248E+03  2.0907E-01  7.6883E+00  1.9943E-01  1.4688E+01  1.0000E+00
 1.6373E+03  2.0983E-01  7.6575E+00  2.0026E-01  1.4637E+01  1.0000E+00
 1.6498E+03  2.1059E-01  7.6267E+00  2.0109E-01  1.4586E+01  1.0000E+00
 1.6625E+03  2.1135E-01  7.5961E+00  2.0193E-01  1.4535E+01  1.0000E+00
 1.6752E+03  2.1211E-01  7.5654E+00  2.0276E-01  1.4484E+01  1.0000E+00
 1.6880E+03  2.1287E-01  7.5348E+00  2.0359E-01  1.4433E+01  1.0000E+00
 1.7009E+03  2.1364E-01  7.5043E+00  2.0442E-01  1.4382E+01  1.0000E+00
 1.7140E+03  2.1440E-01  7.4738E+00  2.0526E-01  1.4331E+01  1.0000E+00
 1.7271E+03  2.1517E-01  7.4434E+00  2.0609E-01  1.4280E+01  1.0000E+00
 1.7403E+03  2.1593E-01  7.4130E+00  2.0692E-01  1.4229E+01  1.0000E+00
 1.7537E+03  2.1670E-01  7.3826E+00  2.0776E-01  1.4177E+01  1.0000E+00
 1.7671E+03  2.1747E-01  7.3523E+00  2.0859E-01  1.4126E+01  1.0000E+00
 1.7806E+03  2.1823E-01  7.3221E+00  2.0942E-01  1.4075E+01  1.0000E+00
 1.7943E+03  2.1900E-01  7.2919E+00  2.1026E-01  1.4023E+01  1.0000E+00
 1.8080E+03  2.1977E-01  7.2618E+00  2.1109E-01  1.3972E+01  1.0000E+00
 1.8218E+03  2.2054E-01  7.2318E+00  2.1192E-01  1.3921E+01  1.0000E+00
 1.8358E+03  2.2131E-01  7.2017E+00  2.1276E-01  1.3869E+01  1.0000E+00
 1.8499E+03  2.2208E-01  7.1718E+00  2.1359E-01  1.3818E+01  1.0000E+00
 1.8640E+03  2.2285E-01  7.1419E+00  2.1443E-01  1.3766E+01  1.0000E+00
 1.8783E+03  2.2362E-01  7.1121E+00  2.1526E-01  1.3715E+01  1.0000E+00
 1.8927E+03  2.2439E-01  7.0823E+00  2.1610E-01  1.3663E+01  1.0000E+00
 1.9072E+03  2.2517E-01  7.0526E+00  2.1693E-01  1.3612E+01  1.0000E+00
 1.9218E+03  2.2594E-01  7.0229E+00  2.1777E-01  1.3561E+01  1.0000E+00
 1.9365E+03  2.2672E-01  6.9933E+00  2.1860E-01  1.3509E+01  1.0000E+00
 1.9513E+03  2.2749E-01  6.9638E+00  2.1944E-01  1.3458E+01  1.0000E+00
 1.9663E+03  2.2827E-01  6.9343E+00  2.2027E-01  1.3406E+01  1.0000E+00
 1.9813E+03  2.2904E-01  6.9049E+00  2.2111E-01  1.3355E+01  1.0000E+00
 1.9965E+03  2.2982E-01  6.8756E+00  2.2194E-01  1.3304E+01  1.0000E+00
 2.0118E+03  2.3060E-01  6.8463E+00  2.2278E-01  1.3252E+01  1.0000E+00
 2.0272E+03  2.3137E-01  6.8171E+00  2.2362E-01  1.3201E+01  1.0000E+00
 2.0427E+03  2.3215E-01  6.7879E+00  2.2445E-01  1.3149E+01  1.0000E+00
 2.0584E+03  2.3293E-01  6.7588E+00  2.2529E-01  1.3098E+01  1.0000E+00
 2.0741E+03  2.3371E-01  6.7298E+00  2.2613E-01  1.3047E+01  1.0000E+00
 2.0900E+03  2.3449E-01  6.7009E+00  2.2696E-01  1.2996E+01  1.0000E+00
 2.1060E+03  2.3527E-01  6.6720E+00  2.2780E-01  1.2945E+01  1.0000E+00
 2.1222E+03  2.3605E-01  6.6431E+00  2.2864E-01  1.2893E+01  1.0000E+00
 2.1384E+03  2.3683E-01  6.6144E+00  2.2947E-01  1.2842E+01  1.0000E+00
 2.1548E+03  2.3762E-01  6.5857E+00  2.3031E-01  1.2791E+01  1.0000E+00
 2.1713E+03  2.3840E-01  6.5571E+00  2.3115E-01  1.2740E+01  1.0000E+00
 2.1879E+03  2.3918E-01  6.5285E+00  2.3199E-01  1.2689E+01  1.0000E+00
 2.2047E+03  2.3997E-01  6.5001E+00  2.3283E-01  1.2638E+01  1.0000E+00
 2.2216E+03  2.4075E-01  6.4717E+00  2.3366E-01  1.2587E+01  1.0000E+00
 2.2386E+03  2.4154E-01  6.4433E+00  2.3450E-01  1.2536E+01  1.0000E+00
 2.2557E+03  2.4233E-01  6.4151E+00  2.3534E-01  1.2486E+01  1.0000E+00
 2.2730E+03  2.4311E-01  6.3869E+00  2.3618E-01  1.2435E+01  1.0000E+00
 2.2904E+03  2.4390E-01  6.3587E+00  2.3702E-01  1.2384E+01  1.0000E+00
 2.3079E+03  2.4469E-01  6.3307E+00  2.3786E-01  1.2334E+01  1.0000E+00
 2.3256E+03  2.4548E-01  6.3027E+00  2.3870E-01  1.2283E+01  1.0000E+00
 2.3434E+03  2.4626E-01  6.2748E+00  2.3954E-01  1.2233E+01  1.0000E+00
 2.3614E+03  2.4705E-01  6.2470E+00  2.4038E-01  1.2182E+01  1.0000E+00
 2.3794E+03  2.4784E-01  6.2192E+00  2.4122E-01  1.2132E+01  1.0000E+00
 2.3977E+03  2.4863E-01  6.1915E+00  2.4206E-01  1.2082E+01  1.0000E+00
 2.4160E+03  2.4943E-01  6.1639E+00  2.4290E-01  1.2032E+01  1.0000E+00
 2.4345E+03  2.5022E-01  6.1364E+00  2.4374E-01  1.1981E+01  1.0000E+00
 2.4532E+03  2.5101E-01  6.1089E+00  2.4458E-01  1.1931E+01  1.0000E+00
 2.4720E+03  2.5180E-01  6.0815E+00  2.4542E-01  1.1881E+01  1.0000E+00
 2.4909E+03  2.5260E-01  6.0542E+00  2.4626E-01  1.1832E+01  1.0000E+00
 2.5100E+03  2.5339E-01  6.0270E+00  2.4710E-01  1.1782E+01  1.0000E+00
 2.5292E+03  2.5419E-01  5.9998E+00  2.4794E-01  1.1732E+01  1.0000E+00
 2.5486E+03  2.5498E-01  5.9727E+00  2.4879E-01  1.1682E+01  1.0000E+00
 2.5681E+03  2.5578E-01  5.9457E+00  2.4963E-01  1.1633E+01  1.0000E+00
 2.5878E+03  2.5657E-01  5.9188E+00  2.5047E-01  1.1583E+01  1.0000E+00
 2.6076E+03  2.5737E-01  5.8920E+00  2.5131E-01  1.1534E+01  1.0000E+00
 2.6275E+03  2.5817E-01  5.8652E+00  2.5216E-01  1.1485E+01  1.0000E+00
 2.6477E+03  2.5897E-01  5.8385E+00  2.5300E-01  1.1436E+01  1.0000E+00
 2.6679E+03  2.5977E-01  5.8119E+00  2.5384E-01  1.1387E+01  1.0000E+00
 2.6884E+03  2.6057E-01  5.7853E+00  2.5469E-01  1.1338E+01  1.0000E+00
 2.7090E+03  2.6137E-01  5.7589E+00  2.5553E-01  1.1289E+01  1.0000E+00
 2.7297E+03  2.6217E-01  5.7325E+00  2.5637E-01  1.1240E+01  1.0000E+00
 2.7506E+03  2.6297E-01  5.7062E+00  2.5722E-01  1.1191E+01  1.0000E+00
 2.7717E+03  2.6377E-01  5.6800E+00  2.5806E-01  1.1143E+01  1.0000E+00
 2.7929E+03  2.6457E-01  5.6538E+00  2.5891E-01  1.1094E+01  1.0000E+00
 2.8143E+03  2.6537E-01  5.6278E+00  2.5975E-01  1.1046E+01  1.0000E+00
 2.8358E+03  2.6618E-01  5.6018E+00  2.6060E-01  1.0998E+01  1.0000E+00
 2.8576E+03  2.6698E-01  5.5759E+00  2.6144E-01  1.0949E+01  1.0000E+00
 2.8794E+03  2.6778E-01  5.5501E+00  2.6229E-01  1.0901E+01  1.0000E+00
 2.9015E+03  2.6859E-01  5.5243E+00  2.6314E-01  1.0853E+01  1.0000E+00
 2.9237E+03  2.6940E-01  5.4987E+00  2.6398E-01  1.0806E+01  1.0000E+00
 2.9461E+03  2.7020E-01  5.4731E+00  2.6483E-01  1.0758E+01  1.0000E+00
 2.9687E+03  2.7101E-01  5.4476E+00  2.6568E-01  1.0710E+01  1.0000E+00
 2.9914E+03  2.7182E-01  5.4222E+00  2.6652E-01  1.0663E+01  1.0000E+00
 3.0143E+03  2.7262E-01  5.3968E+00  2.6737E-01  1.0615E+01  1.0000E+00
 3.0374E+03  2.7343E-01  5.3716E+00  2.6822E-01  1.0568E+01  1.0000E+00
 3.0607E+03  2.7424E-01  5.3464E+00  2.6907E-01  1.0521E+01  1.0000E+00
 3.0841E+03  2.7505E-01  5.3213E+00  2.6991E-01  1.0474E+01  1.0000E+00
 3.1077E+03  2.7586E-01  5.2963E+00  2.7076E-01  1.0427E+01  1.0000E+00
 3.1315E+03  2.7667E-01  5.2714E+00  2.7161E-01  1.0380E+01  1.0000E+00
 3.1555E+03  2.7748E-01  5.2465E+00  2.7246E-01  1.0333E+01  1.0000E+00
 3.1797E+03  2.7830E-01  5.2218E+00  2.7331E-01  1.0287E+01  1.0000E+00
 3.2040E+03  2.7911E-01  5.1971E+00  2.7416E-01  1.0240E+01  1.0000E+00
 3.2286E+03  2.7992E-01  5.1725E+00  2.7501E-01  1.0194E+01  1.0000E+00
 3.2533E+03  2.8073E-01  5.1480E+00  2.7586E-01  1.0148E+01  1.0000E+00
 3.2782E+03  2.8155E-01  5.1235E+00  2.7671E-01  1.0102E+01  1.0000E+00
 3.3033E+03  2.8236E-01  5.0992E+00  2.7756E-01  1.0056E+01  1.0000E+00
 3.3286E+03  2.8318E-01  5.0749E+00  2.7841E-01  1.0010E+01  1.0000E+00
 3.3541E+03  2.8400E-01  5.0507E+00  2.7926E-01  9.9645E+00  1.0000E+00
 3.3798E+03  2.8481E-01  5.0266E+00  2.8012E-01  9.9189E+00  1.0000E+00
 3.4057E+03  2.8563E-01  5.0026E+00  2.8097E-01  9.8735E+00  1.0000E+00
 3.4317E+03  2.8645E-01  4.9787E+00  2.8182E-01  9.8282E+00  1.0000E+00
 3.4580E+03  2.8727E-01  4.9548E+00  2.8267E-01  9.7830E+00  1.0000E+00
 3.4845E+03  2.8808E-01  4.9311E+00  2.8353E-01  9.7380E+00  1.0000E+00
 3.5112E+03  2.8890E-01  4.9074E+00  2.8438E-01  9.6931E+00  1.0000E+00
 3.5381E+03  2.8972E-01  4.8838E+00  2.8523E-01  9.6483E+00  1.0000E+00
 3.5652E+03  2.9054E-01  4.8603E+00  2.8609E-01  9.6036E+00  1.0000E+00
 3.5925E+03  2.9137E-01  4.8368E+00  2.8694E-01  9.5591E+00  1.0000E+00
 3.6200E+03  2.9219E-01  4.8135E+00  2.8780E-01  9.5147E+00  1.0000E+00
 3.6477E+03  2.9301E-01  4.7902E+00  2.8865E-01  9.4705E+00  1.0000E+00
 3.6757E+03  2.9383E-01  4.7670E+00  2.8951E-01  9.4264E+00  1.0000E+00
 3.7038E+03  2.9466E-01  4.7440E+00  2.9036E-01  9.3824E+00  1.0000E+00
 3.7322E+03  2.9548E-01  4.7209E+00  2.9122E-01  9.3385E+00  1.0000E+00
 3.7608E+03  2.9631E-01  4.6980E+00  2.9208E-01  9.2948E+00  1.0000E+00
 3.7896E+03  2.9713E-01  4.6752E+00  2.9293E-01  9.2513E+00  1.0000E+00
 3.8186E+03  2.9796E-01  4.6524E+00  2.9379E-01  9.2078E+00  1.0000E+00
 3.8478E+03  2.9878E-01  4.6297E+00  2.9465E-01  9.1645E+00  1.0000E+00
 3.8773E+03  2.9961E-01  4.6071E+00  2.9551E-01  9.1214E+00  1.0000E+00
 3.9070E+03  3.0044E-01  4.5846E+00  2.9637E-01  9.0784E+00  1.0000E+00
 3.9369E+03  3.0127E-01  4.5622E+00  2.9723E-01  9.0355E+00  1.0000E+00
 3.9671E+03  3.0210E-01  4.5398E+00  2.9808E-01  8.9927E+00  1.0000E+00
 3.9974E+03  3.0293E-01  4.5176E+00  2.9894E-01  8.9501E+00  1.0000E+00
 4.0281E+03  3.0376E-01  4.4954E+00  2.9980E-01  8.9077E+00  1.0000E+00
 4.0589E+03  3.0459E-01  4.4733E+00  3.0067E-01  8.8654E+00  1.0000E+00
 4.0900E+03  3.0542E-01  4.4513E+00  3.0153E-01  8.8232E+00  1.0000E+00
 4.1213E+03  3.0625E-01  4.4294E+00  3.0239E-01  8.7811E+00  1.0000E+00
 4.1529E+03  3.0709E-01  4.4075E+00  3.0325E-01  8.7392E+00  1.0000E+00
 4.1847E+03  3.0792E-01  4.3858E+00  3.0411E-01  8.6975E+00  1.0000E+00
 4.2167E+03  3.0875E-01  4.3641E+00  3.0497E-01  8.6559E+00  1.0000E+00
 4.2490E+03  3.0959E-01  4.3425E+00  3.0584E-01  8.6144E+00  1.0000E+00
 4.2816E+03  3.1042E-01  4.3210E+00  3.0670E-01  8.5731E+00  1.0000E+00
 4.3143E+03  3.1126E-01  4.2995E+00  3.0756E-01  8.5319E+00  1.0000E+00
 4.3474E+03  3.1210E-01  4.2782E+00  3.0843E-01  8.4908E+00  1.0000E+00
 4.3807E+03  3.1293E-01  4.2569E+00  3.0929E-01  8.4499E+00  1.0000E+00
 4.4142E+03  3.1377E-01  4.2358E+00  3.1016E-01  8.4092E+00  1.0000E+00
 4.4480E+03  3.1461E-01  4.2147E+00  3.1102E-01  8.3685E+00  1.0000E+00
 4.4821E+03  3.1545E-01  4.1937E+00  3.1189E-01  8.3281E+00  1.0000E+00
 4.5164E+03  3.1629E-01  4.1727E+00  3.1276E-01  8.2877E+00  1.0000E+00
 4.5510E+03  3.1713E-01  4.1519E+00  3.1362E-01  8.2476E+00  1.0000E+00
 4.5859E+03  3.1797E-01  4.1311E+00  3.1449E-01  8.2075E+00  1.0000E+00
 4.6210E+03  3.1882E-01  4.1104E+00  3.1536E-01  8.1676E+00  1.0000E+00
 4.6564E+03  3.1966E-01  4.0898E+00  3.1623E-01  8.1279E+00  1.0000E+00
 4.6920E+03  3.2050E-01  4.0693E+00  3.1710E-01  8.0883E+00  1.0000E+00
 4.7280E+03  3.2135E-01  4.0489E+00  3.1797E-01  8.0488E+00  1.0000E+00
 4.7642E+03  3.2219E-01  4.0285E+00  3.1884E-01  8.0095E+00  1.0000E+00
 4.8007E+03  3.2304E-01  4.0083E+00  3.1971E-01  7.9703E+00  1.0000E+00
 4.8374E+03  3.2388E-01  3.9881E+00  3.2058E-01  7.9313E+00  1.0000E+00
 4.8745E+03  3.2473E-01  3.9680E+00  3.2145E-01  7.8924E+00  1.0000E+00
 4.9118E+03  3.2558E-01  3.9480E+00  3.2232E-01  7.8537E+00  1.0000E+00
 4.9494E+03  3.2642E-01  3.9280E+00  3.2319E-01  7.8151E+00  1.0000E+00
 4.9873E+03  3.2727E-01  3.9082E+00  3.2407E-01  7.7767E+00  1.0000E+00
 5.0255E+03  3.2812E-01  3.8884E+00  3.2494E-01  7.7384E+00  1.0000E+00
 5.0640E+03  3.2897E-01  3.8687E+00  3.2581E-01  7.7002E+00  1.0000E+00
 5.1028E+03  3.2982E-01  3.8491E+00  3.2669E-01  7.6622E+00  1.0000E+00
 5.1419E+03  3.3068E-01  3.8295E+00  3.2756E-01  7.6243E+00  1.0000E+00
 5.1812E+03  3.3153E-01  3.8101E+00  3.2844E-01  7.5866E+00  1.0000E+00
 5.2209E+03  3.3238E-01  3.7907E+00  3.2931E-01  7.5490E+00  1.0000E+00
 5.2609E+03  3.3324E-01  3.7714E+00  3.3019E-01  7.5116E+00  1.0000E+00
 5.3012E+03  3.3409E-01  3.7522E+00  3.3107E-01  7.4743E+00  1.0000E+00
 5.3418E+03  3.3495E-01  3.7331E+00  3.3195E-01  7.4372E+00  1.0000E+00
 5.3827E+03  3.3580E-01  3.7140E+00  3.3282E-01  7.4002E+00  1.0000E+00
 5.4239E+03  3.3666E-01  3.6951E+00  3.3370E-01  7.3634E+00  1.0000E+00
 5.4655E+03  3.3752E-01  3.6762E+00  3.3458E-01  7.3267E+00  1.0000E+00
 5.5073E+03  3.3838E-01  3.6574E+00  3.3546E-01  7.2901E+00  1.0000E+00
 5.5495E+03  3.3923E-01  3.6386E+00  3.3634E-01  7.2537E+00  1.0000E+00
 5.5920E+03  3.4009E-01  3.6200E+00  3.3723E-01  7.2174E+00  1.0000E+00
 5.6348E+03  3.4096E-01  3.6014E+00  3.3811E-01  7.1813E+00  1.0000E+00
 5.6780E+03  3.4182E-01  3.5829E+00  3.3899E-01  7.1454E+00  1.0000E+00
 5.7215E+03  3.4268E-01  3.5645E+00  3.3987E-01  7.1095E+00  1.0000E+00
 5.7653E+03  3.4354E-01  3.5462E+00  3.4076E-01  7.0738E+00  1.0000E+00
 5.8094E+03  3.4441E-01  3.5279E+00  3.4164E-01  7.0383E+00  1.0000E+00
 5.8539E+03  3.4527E-01  3.5097E+00  3.4253E-01  7.0029E+00  1.0000E+00
 5.8988E+03  3.4614E-01  3.4916E+00  3.4341E-01  6.9677E+00  1.0000E+00
 5.9439E+03  3.4700E-01  3.4736E+00  3.4430E-01  6.9326E+00  1.0000E+00
 5.9895E+03  3.4787E-01  3.4557E+00  3.4519E-01  6.8976E+00  1.0000E+00
 6.0353E+03  3.4874E-01  3.4378E+00  3.4607E-01  6.8628E+00  1.0000E+00
 6.0815E+03  3.4961E-01  3.4200E+00  3.4696E-01  6.8281E+00  1.0000E+00
 6.1281E+03  3.5048E-01  3.4023E+00  3.4785E-01  6.7936E+00  1.0000E+00
 6.1751E+03  3.5135E-01  3.3847E+00  3.4874E-01  6.7592E+00  1.0000E+00
 6.2223E+03  3.5222E-01  3.3671E+00  3.4963E-01  6.7250E+00  1.0000E+00
 6.2700E+03  3.5309E-01  3.3497E+00  3.5052E-01  6.6909E+00  1.0000E+00
 6.3180E+03  3.5396E-01  3.3323E+00  3.5141E-01  6.6569E+00  1.0000E+00
 6.3664E+03  3.5483E-01  3.3150E+00  3.5231E-01  6.6231E+00  1.0000E+00
 6.4152E+03  3.5571E-01  3.2977E+00  3.5320E-01  6.5894E+00  1.0000E+00
 6.4643E+03  3.5658E-01  3.2806E+00  3.5409E-01  6.5559E+00  1.0000E+00
 6.5138E+03  3.5746E-01  3.2635E+00  3.5499E-01  6.5225E+00  1.0000E+00
 6.5637E+03  3.5834E-01  3.2464E+00  3.5588E-01  6.4893E+00  1.0000E+00
 6.6139E+03  3.5922E-01  3.2295E+00  3.5678E-01  6.4562E+00  1.0000E+00
 6.6646E+03  3.6009E-01  3.2126E+00  3.5768E-01  6.4232E+00  1.0000E+00
 6.7156E+03  3.6097E-01  3.1959E+00  3.5857E-01  6.3904E+00  1.0000E+00
 6.7671E+03  3.6186E-01  3.1792E+00  3.5947E-01  6.3577E+00  1.0000E+00
 6.8189E+03  3.6274E-01  3.1625E+00  3.6037E-01  6.3252E+00  1.0000E+00
 6.8711E+03  3.6362E-01  3.1460E+00  3.6127E-01  6.2928E+00  1.0000E+00
 6.9237E+03  3.6450E-01  3.1295E+00  3.6217E-01  6.2605E+00  1.0000E+00
 6.9768E+03  3.6539E-01  3.1131E+00  3.6307E-01  6.2284E+00  1.0000E+00
 7.0302E+03  3.6627E-01  3.0967E+00  3.6398E-01  6.1964E+00  1.0000E+00
 7.0840E+03  3.6716E-01  3.0805E+00  3.6488E-01  6.1646E+00  1.0000E+00
 7.1383E+03  3.6805E-01  3.0643E+00  3.6578E-01  6.1329E+00  1.0000E+00
 7.1929E+03  3.6893E-01  3.0482E+00  3.6669E-01  6.1014E+00  1.0000E+00
 7.2480E+03  3.6982E-01  3.0321E+00  3.6759E-01  6.0699E+00  1.0000E+00
 7.3035E+03  3.7071E-01  3.0162E+00  3.6850E-01  6.0387E+00  1.0000E+00
 7.3595E+03  3.7160E-01  3.0003E+00  3.6941E-01  6.0075E+00  1.0000E+00
 7.4158E+03  3.7250E-01  2.9844E+00  3.7031E-01  5.9765E+00  1.0000E+00
 7.4726E+03  3.7339E-01  2.9687E+00  3.7122E-01  5.9457E+00  1.0000E+00
 7.5299E+03  3.7428E-01  2.9530E+00  3.7213E-01  5.9149E+00  1.0000E+00
 7.5875E+03  3.7518E-01  2.9374E+00  3.7304E-01  5.8844E+00  1.0000E+00
 7.6456E+03  3.7607E-01  2.9219E+00  3.7396E-01  5.8539E+00  1.0000E+00
 7.7042E+03  3.7697E-01  2.9064E+00  3.7487E-01  5.8236E+00  1.0000E+00
 7.7632E+03  3.7787E-01  2.8911E+00  3.7578E-01  5.7934E+00  1.0000E+00
 7.8226E+03  3.7877E-01  2.8757E+00  3.7670E-01  5.7634E+00  1.0000E+00
 7.8825E+03  3.7967E-01  2.8605E+00  3.7761E-01  5.7335E+00  1.0000E+00
 7.9429E+03  3.8057E-01  2.8453E+00  3.7853E-01  5.7037E+00  1.0000E+00
 8.0037E+03  3.8147E-01  2.8302E+00  3.7944E-01  5.6741E+00  1.0000E+00
 8.0650E+03  3.8237E-01  2.8152E+00  3.8036E-01  5.6446E+00  1.0000E+00
 8.1268E+03  3.8328E-01  2.8002E+00  3.8128E-01  5.6152E+00  1.0000E+00
 8.1890E+03  3.8418E-01  2.7854E+00  3.8220E-01  5.5860E+00  1.0000E+00
 8.2518E+03  3.8509E-01  2.7705E+00  3.8312E-01  5.5569E+00  1.0000E+00
 8.3150E+03  3.8600E-01  2.7558E+00  3.8404E-01  5.5279E+00  1.0000E+00
 8.3786E+03  3.8691E-01  2.7411E+00  3.8497E-01  5.4991E+00  1.0000E+00
 8.4428E+03  3.8781E-01  2.7265E+00  3.8589E-01  5.4704E+00  1.0000E+00
 8.5075E+03  3.8873E-01  2.7120E+00  3.8682E-01  5.4418E+00  1.0000E+00
 8.5726E+03  3.8964E-01  2.6975E+00  3.8774E-01  5.4134E+00  1.0000E+00
 8.6383E+03  3.9055E-01  2.6831E+00  3.8867E-01  5.3851E+00  1.0000E+00
 8.7044E+03  3.9147E-01  2.6688E+00  3.8960E-01  5.3570E+00  1.0000E+00
 8.7711E+03  3.9238E-01  2.6545E+00  3.9053E-01  5.3289E+00  1.0000E+00
 8.8383E+03  3.9330E-01  2.6403E+00  3.9146E-01  5.3010E+00  1.0000E+00
 8.9059E+03  3.9421E-01  2.6262E+00  3.9239E-01  5.2732E+00  1.0000E+00
 8.9741E+03  3.9513E-01  2.6121E+00  3.9332E-01  5.2456E+00  1.0000E+00
 9.0429E+03  3.9605E-01  2.5982E+00  3.9425E-01  5.2181E+00  1.0000E+00
 9.1121E+03  3.9697E-01  2.5842E+00  3.9519E-01  5.1907E+00  1.0000E+00
 9.1819E+03  3.9790E-01  2.5704E+00  3.9612E-01  5.1635E+00  1.0000E+00
 9.2522E+03  3.9882E-01  2.5566E+00  3.9706E-01  5.1363E+00  1.0000E+00
 9.3231E+03  3.9975E-01  2.5429E+00  3.9800E-01  5.1093E+00  1.0000E+00
 9.3945E+03  4.0067E-01  2.5292E+00  3.9894E-01  5.0825E+00  1.0000E+00
 9.4664E+03  4.0160E-01  2.5156E+00  3.9988E-01  5.0557E+00  1.0000E+00
 9.5389E+03  4.0253E-01  2.5021E+00  4.0082E-01  5.0291E+00  1.0000E+00
 9.6120E+03  4.0346E-01  2.4886E+00  4.0176E-01  5.0026E+00  1.0000E+00
 9.6856E+03  4.0439E-01  2.4753E+00  4.0270E-01  4.9763E+00  1.0000E+00
 9.7598E+03  4.0532E-01  2.4619E+00  4.0365E-01  4.9500E+00  1.0000E+00
 9.8345E+03  4.0626E-01  2.4487E+00  4.0460E-01  4.9239E+00  1.0000E+00
 9.9098E+03  4.0719E-01  2.4355E+00  4.0554E-01  4.8980E+00  1.0000E+00
 9.9857E+03  4.0813E-01  2.4224E+00  4.0649E-01  4.8721E+00  1.0000E+00
 1.0062E+04  4.0907E-01  2.4093E+00  4.0744E-01  4.8464E+00  1.0000E+00
 1.0139E+04  4.1001E-01  2.3963E+00  4.0839E-01  4.8208E+00  1.0000E+00
 1.0217E+04  4.1095E-01  2.3833E+00  4.0934E-01  4.7953E+00  1.0000E+00
 1.0295E+04  4.1189E-01  2.3705E+00  4.1030E-01  4.7699E+00  1.0000E+00
 1.0374E+04  4.1283E-01  2.3577E+00  4.1125E-01  4.7447E+00  1.0000E+00
 1.0453E+04  4.1378E-01  2.3449E+00  4.1221E-01  4.7196E+00  1.0000E+00
 1.0533E+04  4.1472E-01  2.3322E+00  4.1317E-01  4.6946E+00  1.0000E+00
 1.0614E+04  4.1567E-01  2.3196E+00  4.1413E-01  4.6697E+00  1.0000E+00
 1.0695E+04  4.1662E-01  2.3071E+00  4.1509E-01  4.6450E+00  1.0000E+00
 1.0777E+04  4.1757E-01  2.2946E+00  4.1605E-01  4.6204E+00  1.0000E+00
 1.0860E+04  4.1852E-01  2.2821E+00  4.1701E-01  4.5959E+00  1.0000E+00
 1.0943E+04  4.1947E-01  2.2698E+00  4.1797E-01  4.5715E+00  1.0000E+00
 1.1027E+04  4.2043E-01  2.2575E+00  4.1894E-01  4.5472E+00  1.0000E+00
 1.1111E+04  4.2138E-01  2.2452E+00  4.1991E-01  4.5231E+00  1.0000E+00
 1.1196E+04  4.2234E-01  2.2330E+00  4.2088E-01  4.4991E+00  1.0000E+00
 1.1282E+04  4.2330E-01  2.2209E+00  4.2185E-01  4.4752E+00  1.0000E+00
 1.1369E+04  4.2426E-01  2.2089E+00  4.2282E-01  4.4514E+00  1.0000E+00
 1.1456E+04  4.2523E-01  2.1969E+00  4.2379E-01  4.4277E+00  1.0000E+00
 1.1543E+04  4.2619E-01  2.1849E+00  4.2476E-01  4.4042E+00  1.0000E+00
 1.1632E+04  4.2715E-01  2.1730E+00  4.2574E-01  4.3807E+00  1.0000E+00
 1.1721E+04  4.2812E-01  2.1612E+00  4.2672E-01  4.3574E+00  1.0000E+00
 1.1811E+04  4.2909E-01  2.1495E+00  4.2770E-01  4.3342E+00  1.0000E+00
 1.1901E+04  4.3006E-01  2.1378E+00  4.2868E-01  4.3111E+00  1.0000E+00
 1.1992E+04  4.3103E-01  2.1261E+00  4.2966E-01  4.2882E+00  1.0000E+00
 1.2084E+04  4.3201E-01  2.1145E+00  4.3064E-01  4.2653E+00  1.0000E+00
 1.2177E+04  4.3298E-01  2.1030E+00  4.3163E-01  4.2426E+00  1.0000E+00
 1.2270E+04  4.3396E-01  2.0916E+00  4.3261E-01  4.2200E+00  1.0000E+00
 1.2364E+04  4.3494E-01  2.0802E+00  4.3360E-01  4.1975E+00  1.0000E+00
 1.2458E+04  4.3592E-01  2.0688E+00  4.3459E-01  4.1751E+00  1.0000E+00
 1.2554E+04  4.3690E-01  2.0575E+00  4.3558E-01  4.1528E+00  1.0000E+00
 1.2650E+04  4.3788E-01  2.0463E+00  4.3658E-01  4.1306E+00  1.0000E+00
 1.2747E+04  4.3887E-01  2.0351E+00  4.3757E-01  4.1086E+00  1.0000E+00
 1.2845E+04  4.3986E-01  2.0240E+00  4.3857E-01  4.0867E+00  1.0000E+00
 1.2943E+04  4.4084E-01  2.0129E+00  4.3957E-01  4.0648E+00  1.0000E+00
 1.3042E+04  4.4184E-01  2.0019E+00  4.4057E-01  4.0431E+00  1.0000E+00
 1.3142E+04  4.4283E-01  1.9910E+00  4.4157E-01  4.0215E+00  1.0000E+00
 1.3243E+04  4.4382E-01  1.9801E+00  4.4257E-01  4.0000E+00  1.0000E+00
 1.3344E+04  4.4482E-01  1.9693E+00  4.4358E-01  3.9786E+00  1.0000E+00
 1.3446E+04  4.4582E-01  1.9585E+00  4.4458E-01  3.9574E+00  1.0000E+00
 1.3549E+04  4.4682E-01  1.9478E+00  4.4559E-01  3.9362E+00  1.0000E+00
 1.3653E+04  4.4782E-01  1.9371E+00  4.4660E-01  3.9151E+00  1.0000E+00
 1.3757E+04  4.4882E-01  1.9265E+00  4.4762E-01  3.8942E+00  1.0000E+00
 1.3863E+04  4.4983E-01  1.9160E+00  4.4863E-01  3.8734E+00  1.0000E+00
 1.3969E+04  4.5084E-01  1.9055E+00  4.4965E-01  3.8526E+00  1.0000E+00
 1.4076E+04  4.5185E-01  1.8950E+00  4.5067E-01  3.8320E+00  1.0000E+00
 1.4184E+04  4.5286E-01  1.8846E+00  4.5169E-01  3.8115E+00  1.0000E+00
 1.4292E+04  4.5387E-01  1.8743E+00  4.5271E-01  3.7911E+00  1.0000E+00
 1.4402E+04  4.5489E-01  1.8640E+00  4.5373E-01  3.7708E+00  1.0000E+00
 1.4512E+04  4.5590E-01  1.8538E+00  4.5476E-01  3.7506E+00  1.0000E+00
 1.4623E+04  4.5692E-01  1.8436E+00  4.5578E-01  3.7305E+00  1.0000E+00
 1.4735E+04  4.5794E-01  1.8335E+00  4.5681E-01  3.7105E+00  1.0000E+00
 1.4848E+04  4.5897E-01  1.8234E+00  4.5785E-01  3.6906E+00  1.0000E+00
 1.4962E+04  4.5999E-01  1.8134E+00  4.5888E-01  3.6708E+00  1.0000E+00
 1.5076E+04  4.6102E-01  1.8035E+00  4.5992E-01  3.6512E+00  1.0000E+00
 1.5192E+04  4.6205E-01  1.7936E+00  4.6095E-01  3.6316E+00  1.0000E+00
 1.5308E+04  4.6308E-01  1.7837E+00  4.6199E-01  3.6121E+00  1.0000E+00
 1.5425E+04  4.6412E-01  1.7739E+00  4.6304E-01  3.5928E+00  1.0000E+00
 1.5544E+04  4.6516E-01  1.7641E+00  4.6408E-01  3.5735E+00  1.0000E+00
 1.5663E+04  4.6619E-01  1.7544E+00  4.6513E-01  3.5543E+00  1.0000E+00
 1.5783E+04  4.6724E-01  1.7448E+00  4.6618E-01  3.5353E+00  1.0000E+00
 1.5903E+04  4.6828E-01  1.7352E+00  4.6723E-01  3.5163E+00  1.0000E+00
 1.6025E+04  4.6932E-01  1.7257E+00  4.6828E-01  3.4975E+00  1.0000E+00
 1.6148E+04  4.7037E-01  1.7162E+00  4.6934E-01  3.4787E+00  1.0000E+00
 1.6272E+04  4.7142E-01  1.7067E+00  4.7039E-01  3.4600E+00  1.0000E+00
 1.6396E+04  4.7248E-01  1.6973E+00  4.7145E-01  3.4415E+00  1.0000E+00
 1.6522E+04  4.7353E-01  1.6880E+00  4.7251E-01  3.4230E+00  1.0000E+00
 1.6648E+04  4.7459E-01  1.6787E+00  4.7358E-01  3.4047E+00  1.0000E+00
 1.6776E+04  4.7565E-01  1.6694E+00  4.7465E-01  3.3864E+00  1.0000E+00
 1.6904E+04  4.7671E-01  1.6603E+00  4.7572E-01  3.3682E+00  1.0000E+00
 1.7034E+04  4.7777E-01  1.6511E+00  4.7679E-01  3.3502E+00  1.0000E+00
 1.7164E+04  4.7884E-01  1.6420E+00  4.7786E-01  3.3322E+00  1.0000E+00
 1.7296E+04  4.7991E-01  1.6330E+00  4.7894E-01  3.3143E+00  1.0000E+00
 1.7428E+04  4.8098E-01  1.6240E+00  4.8002E-01  3.2965E+00  1.0000E+00
 1.7562E+04  4.8206E-01  1.6150E+00  4.8110E-01  3.2789E+00  1.0000E+00
 1.7696E+04  4.8313E-01  1.6061E+00  4.8218E-01  3.2613E+00  1.0000E+00
 1.7832E+04  4.8421E-01  1.5973E+00  4.8327E-01  3.2438E+00  1.0000E+00
 1.7968E+04  4.8530E-01  1.5885E+00  4.8436E-01  3.2264E+00  1.0000E+00
 1.8106E+04  4.8638E-01  1.5797E+00  4.8545E-01  3.2091E+00  1.0000E+00
 1.8244E+04  4.8747E-01  1.5710E+00  4.8654E-01  3.1919E+00  1.0000E+00
 1.8384E+04  4.8856E-01  1.5623E+00  4.8764E-01  3.1748E+00  1.0000E+00
 1.8525E+04  4.8965E-01  1.5537E+00  4.8874E-01  3.1577E+00  1.0000E+00
 1.8667E+04  4.9075E-01  1.5451E+00  4.8984E-01  3.1408E+00  1.0000E+00
 1.8810E+04  4.9185E-01  1.5366E+00  4.9095E-01  3.1240E+00  1.0000E+00
 1.8954E+04  4.9295E-01  1.5281E+00  4.9205E-01  3.1072E+00  1.0000E+00
 1.9099E+04  4.9405E-01  1.5197E+00  4.9316E-01  3.0906E+00  1.0000E+00
 1.9245E+04  4.9516E-01  1.5113E+00  4.9428E-01  3.0740E+00  1.0000E+00
 1.9393E+04  4.9627E-01  1.5030E+00  4.9539E-01  3.0575E+00  1.0000E+00
 1.9541E+04  4.9738E-01  1.4947E+00  4.9651E-01  3.0411E+00  1.0000E+00
 1.9691E+04  4.9850E-01  1.4865E+00  4.9763E-01  3.0248E+00  1.0000E+00
 1.9842E+04  4.9962E-01  1.4783E+00  4.9876E-01  3.0086E+00  1.0000E+00
 1.9994E+04  5.0074E-01  1.4701E+00  4.9989E-01  2.9925E+00  1.0000E+00
 2.0147E+04  5.0186E-01  1.4620E+00  5.0102E-01  2.9765E+00  1.0000E+00
 2.0301E+04  5.0299E-01  1.4539E+00  5.0215E-01  2.9606E+00  1.0000E+00
 2.0456E+04  5.0412E-01  1.4459E+00  5.0329E-01  2.9447E+00  1.0000E+00
 2.0613E+04  5.0525E-01  1.4379E+00  5.0443E-01  2.9289E+00  1.0000E+00
 2.0771E+04  5.0639E-01  1.4300E+00  5.0557E-01  2.9133E+00  1.0000E+00
 2.0930E+04  5.0753E-01  1.4221E+00  5.0671E-01  2.8977E+00  1.0000E+00
 2.1090E+04  5.0867E-01  1.4142E+00  5.0786E-01  2.8822E+00  1.0000E+00
 2.1252E+04  5.0982E-01  1.4064E+00  5.0902E-01  2.8668E+00  1.0000E+00
 2.1415E+04  5.1097E-01  1.3987E+00  5.1017E-01  2.8514E+00  1.0000E+00
 2.1579E+04  5.1212E-01  1.3910E+00  5.1133E-01  2.8362E+00  1.0000E+00
 2.1744E+04  5.1328E-01  1.3833E+00  5.1249E-01  2.8210E+00  1.0000E+00
 2.1910E+04  5.1444E-01  1.3757E+00  5.1366E-01  2.8059E+00  1.0000E+00
 2.2078E+04  5.1560E-01  1.3681E+00  5.1482E-01  2.7909E+00  1.0000E+00
 2.2247E+04  5.1677E-01  1.3605E+00  5.1599E-01  2.7760E+00  1.0000E+00
 2.2418E+04  5.1793E-01  1.3530E+00  5.1717E-01  2.7612E+00  1.0000E+00
 2.2589E+04  5.1911E-01  1.3456E+00  5.1835E-01  2.7465E+00  1.0000E+00
 2.2762E+04  5.2028E-01  1.3381E+00  5.1953E-01  2.7318E+00  1.0000E+00
 2.2937E+04  5.2146E-01  1.3308E+00  5.2071E-01  2.7172E+00  1.0000E+00
 2.3112E+04  5.2265E-01  1.3234E+00  5.2190E-01  2.7027E+00  1.0000E+00
 2.3289E+04  5.2383E-01  1.3161E+00  5.2310E-01  2.6883E+00  1.0000E+00
 2.3468E+04  5.2503E-01  1.3089E+00  5.2429E-01  2.6740E+00  1.0000E+00
 2.3647E+04  5.2622E-01  1.3016E+00  5.2549E-01  2.6597E+00  1.0000E+00
 2.3829E+04  5.2742E-01  1.2945E+00  5.2669E-01  2.6456E+00  1.0000E+00
 2.4011E+04  5.2862E-01  1.2873E+00  5.2790E-01  2.6315E+00  1.0000E+00
 2.4195E+04  5.2982E-01  1.2802E+00  5.2911E-01  2.6175E+00  1.0000E+00
 2.4380E+04  5.3103E-01  1.2732E+00  5.3033E-01  2.6035E+00  1.0000E+00
 2.4567E+04  5.3225E-01  1.2662E+00  5.3154E-01  2.5897E+00  1.0000E+00
 2.4755E+04  5.3346E-01  1.2592E+00  5.3276E-01  2.5759E+00  1.0000E+00
 2.4945E+04  5.3468E-01  1.2522E+00  5.3399E-01  2.5622E+00  1.0000E+00
 2.5136E+04  5.3591E-01  1.2454E+00  5.3522E-01  2.5486E+00  1.0000E+00
 2.5328E+04  5.3714E-01  1.2385E+00  5.3645E-01  2.5351E+00  1.0000E+00
 2.5522E+04  5.3837E-01  1.2317E+00  5.3769E-01  2.5216E+00  1.0000E+00
 2.5718E+04  5.3961E-01  1.2249E+00  5.3893E-01  2.5082E+00  1.0000E+00
 2.5915E+04  5.4085E-01  1.2181E+00  5.4018E-01  2.4949E+00  1.0000E+00
 2.6113E+04  5.4209E-01  1.2114E+00  5.4143E-01  2.4817E+00  1.0000E+00
 2.6313E+04  5.4334E-01  1.2048E+00  5.4268E-01  2.4685E+00  1.0000E+00
 2.6515E+04  5.4460E-01  1.1981E+00  5.4394E-01  2.4554E+00  1.0000E+00
 2.6718E+04  5.4585E-01  1.1916E+00  5.4520E-01  2.4424E+00  1.0000E+00
 2.6922E+04  5.4711E-01  1.1850E+00  5.4647E-01  2.4295E+00  1.0000E+00
 2.7128E+04  5.4838E-01  1.1785E+00  5.4774E-01  2.4166E+00  1.0000E+00
 2.7336E+04  5.4965E-01  1.1720E+00  5.4901E-01  2.4038E+00  1.0000E+00
 2.7545E+04  5.5093E-01  1.1656E+00  5.5029E-01  2.3911E+00  1.0000E+00
 2.7756E+04  5.5221E-01  1.1592E+00  5.5157E-01  2.3785E+00  1.0000E+00
 2.7969E+04  5.5349E-01  1.1528E+00  5.5286E-01  2.3659E+00  1.0000E+00
 2.8183E+04  5.5478E-01  1.1465E+00  5.5416E-01  2.3534E+00  1.0000E+00
 2.8399E+04  5.5607E-01  1.1402E+00  5.5545E-01  2.3410E+00  1.0000E+00
 2.8617E+04  5.5737E-01  1.1339E+00  5.5675E-01  2.3287E+00  1.0000E+00
 2.8836E+04  5.5867E-01  1.1277E+00  5.5806E-01  2.3164E+00  1.0000E+00
 2.9056E+04  5.5998E-01  1.1215E+00  5.5937E-01  2.3042E+00  1.0000E+00
 2.9279E+04  5.6129E-01  1.1153E+00  5.6069E-01  2.2921E+00  1.0000E+00
 2.9503E+04  5.6260E-01  1.1092E+00  5.6201E-01  2.2800E+00  1.0000E+00
 2.9729E+04  5.6393E-01  1.1031E+00  5.6333E-01  2.2680E+00  1.0000E+00
 2.9957E+04  5.6525E-01  1.0971E+00  5.6466E-01  2.2561E+00  1.0000E+00
 3.0186E+04  5.6658E-01  1.0911E+00  5.6600E-01  2.2442E+00  1.0000E+00
 3.0417E+04  5.6792E-01  1.0851E+00  5.6734E-01  2.2324E+00  1.0000E+00
 3.0650E+04  5.6926E-01  1.0792E+00  5.6868E-01  2.2207E+00  1.0000E+00
 3.0885E+04  5.7061E-01  1.0732E+00  5.7003E-01  2.2091E+00  1.0000E+00
 3.1122E+04  5.7196E-01  1.0674E+00  5.7139E-01  2.1975E+00  1.0000E+00
 3.1360E+04  5.7331E-01  1.0615E+00  5.7275E-01  2.1860E+00  1.0000E+00
 3.1600E+04  5.7468E-01  1.0557E+00  5.7411E-01  2.1745E+00  1.0000E+00
 3.1842E+04  5.7604E-01  1.0500E+00  5.7548E-01  2.1632E+00  1.0000E+00
 3.2086E+04  5.7742E-01  1.0442E+00  5.7686E-01  2.1519E+00  1.0000E+00
 3.2332E+04  5.7879E-01  1.0385E+00  5.7824E-01  2.1406E+00  1.0000E+00
 3.2579E+04  5.8018E-01  1.0328E+00  5.7963E-01  2.1295E+00  1.0000E+00
 3.2829E+04  5.8156E-01  1.0272E+00  5.8102E-01  2.1183E+00  1.0000E+00
 3.3080E+04  5.8296E-01  1.0216E+00  5.8242E-01  2.1073E+00  1.0000E+00
 3.3334E+04  5.8436E-01  1.0160E+00  5.8382E-01  2.0963E+00  1.0000E+00
 3.3589E+04  5.8576E-01  1.0105E+00  5.8523E-01  2.0854E+00  1.0000E+00
 3.3846E+04  5.8717E-01  1.0050E+00  5.8665E-01  2.0746E+00  1.0000E+00
 3.4105E+04  5.8859E-01  9.9949E-01  5.8807E-01  2.0638E+00  1.0000E+00
 3.4367E+04  5.9001E-01  9.9404E-01  5.8949E-01  2.0531E+00  1.0000E+00
 3.4630E+04  5.9144E-01  9.8863E-01  5.9092E-01  2.0424E+00  1.0000E+00
 3.4895E+04  5.9288E-01  9.8325E-01  5.9236E-01  2.0318E+00  1.0000E+00
 3.5162E+04  5.9432E-01  9.7790E-01  5.9381E-01  2.0213E+00  1.0000E+00
 3.5431E+04  5.9576E-01  9.7258E-01  5.9526E-01  2.0108E+00  1.0000E+00
 3.5703E+04  5.9722E-01  9.6730E-01  5.9671E-01  2.0004E+00  1.0000E+00
 3.5976E+04  5.9867E-01  9.6204E-01  5.9817E-01  1.9901E+00  1.0000E+00
 3.6252E+04  6.0014E-01  9.5681E-01  5.9964E-01  1.9798E+00  1.0000E+00
 3.6529E+04  6.0161E-01  9.5162E-01  6.0112E-01  1.9696E+00  1.0000E+00
 3.6809E+04  6.0309E-01  9.4646E-01  6.0260E-01  1.9594E+00  1.0000E+00
 3.7091E+04  6.0457E-01  9.4132E-01  6.0408E-01  1.9494E+00  1.0000E+00
 3.7375E+04  6.0606E-01  9.3622E-01  6.0558E-01  1.9393E+00  1.0000E+00
 3.7661E+04  6.0756E-01  9.3115E-01  6.0708E-01  1.9293E+00  1.0000E+00
 3.7950E+04  6.0906E-01  9.2611E-01  6.0858E-01  1.9194E+00  1.0000E+00
 3.8240E+04  6.1057E-01  9.2110E-01  6.1010E-01  1.9096E+00  1.0000E+00
 3.8533E+04  6.1209E-01  9.1611E-01  6.1162E-01  1.8998E+00  1.0000E+00
 3.8828E+04  6.1361E-01  9.1116E-01  6.1314E-01  1.8901E+00  1.0000E+00
 3.9126E+04  6.1514E-01  9.0624E-01  6.1468E-01  1.8804E+00  1.0000E+00
 3.9425E+04  6.1668E-01  9.0134E-01  6.1622E-01  1.8708E+00  1.0000E+00
 3.9727E+04  6.1823E-01  8.9648E-01  6.1777E-01  1.8612E+00  1.0000E+00
 4.0032E+04  6.1978E-01  8.9164E-01  6.1932E-01  1.8517E+00  1.0000E+00
 4.0338E+04  6.2134E-01  8.8683E-01  6.2088E-01  1.8423E+00  1.0000E+00
 4.0647E+04  6.2290E-01  8.8205E-01  6.2245E-01  1.8329E+00  1.0000E+00
 4.0958E+04  6.2447E-01  8.7730E-01  6.2403E-01  1.8236E+00  1.0000E+00
 4.1272E+04  6.2606E-01  8.7258E-01  6.2561E-01  1.8143E+00  1.0000E+00
 4.1588E+04  6.2764E-01  8.6789E-01  6.2720E-01  1.8051E+00  1.0000E+00
 4.1907E+04  6.2924E-01  8.6322E-01  6.2880E-01  1.7959E+00  1.0000E+00
 4.2228E+04  6.3084E-01  8.5859E-01  6.3040E-01  1.7868E+00  1.0000E+00
 4.2551E+04  6.3245E-01  8.5398E-01  6.3202E-01  1.7778E+00  1.0000E+00
 4.2877E+04  6.3407E-01  8.4939E-01  6.3364E-01  1.7688E+00  1.0000E+00
 4.3205E+04  6.3570E-01  8.4484E-01  6.3527E-01  1.7599E+00  1.0000E+00
 4.3536E+04  6.3733E-01  8.4031E-01  6.3690E-01  1.7510E+00  1.0000E+00
 4.3869E+04  6.3897E-01  8.3581E-01  6.3855E-01  1.7422E+00  1.0000E+00
 4.4205E+04  6.4062E-01  8.3134E-01  6.4020E-01  1.7334E+00  1.0000E+00
 4.4544E+04  6.4228E-01  8.2689E-01  6.4186E-01  1.7247E+00  1.0000E+00
 4.4885E+04  6.4395E-01  8.2248E-01  6.4353E-01  1.7161E+00  1.0000E+00
 4.5229E+04  6.4562E-01  8.1808E-01  6.4521E-01  1.7074E+00  1.0000E+00
 4.5575E+04  6.4730E-01  8.1372E-01  6.4689E-01  1.6989E+00  1.0000E+00
 4.5924E+04  6.4899E-01  8.0938E-01  6.4859E-01  1.6904E+00  1.0000E+00
 4.6276E+04  6.5069E-01  8.0506E-01  6.5029E-01  1.6820E+00  1.0000E+00
 4.6630E+04  6.5240E-01  8.0078E-01  6.5200E-01  1.6736E+00  1.0000E+00
 4.6987E+04  6.5412E-01  7.9652E-01  6.5372E-01  1.6652E+00  1.0000E+00
 4.7347E+04  6.5584E-01  7.9228E-01  6.5545E-01  1.6569E+00  1.0000E+00
 4.7710E+04  6.5758E-01  7.8807E-01  6.5718E-01  1.6487E+00  1.0000E+00
 4.8075E+04  6.5932E-01  7.8389E-01  6.5893E-01  1.6405E+00  1.0000E+00
 4.8443E+04  6.6107E-01  7.7973E-01  6.6068E-01  1.6324E+00  1.0000E+00
 4.8814E+04  6.6284E-01  7.7560E-01  6.6245E-01  1.6243E+00  1.0000E+00
 4.9188E+04  6.6461E-01  7.7149E-01  6.6422E-01  1.6163E+00  1.0000E+00
 4.9565E+04  6.6639E-01  7.6741E-01  6.6600E-01  1.6083E+00  1.0000E+00
 4.9945E+04  6.6818E-01  7.6335E-01  6.6780E-01  1.6004E+00  1.0000E+00
 5.0327E+04  6.6997E-01  7.5932E-01  6.6960E-01  1.5925E+00  1.0000E+00
 5.0713E+04  6.7178E-01  7.5531E-01  6.7141E-01  1.5847E+00  1.0000E+00
 5.1101E+04  6.7360E-01  7.5132E-01  6.7323E-01  1.5769E+00  1.0000E+00
 5.1492E+04  6.7543E-01  7.4737E-01  6.7506E-01  1.5691E+00  1.0000E+00
 5.1887E+04  6.7727E-01  7.4343E-01  6.7690E-01  1.5615E+00  1.0000E+00
 5.2284E+04  6.7911E-01  7.3952E-01  6.7875E-01  1.5538E+00  1.0000E+00
 5.2684E+04  6.8097E-01  7.3563E-01  6.8061E-01  1.5463E+00  1.0000E+00
 5.3088E+04  6.8284E-01  7.3177E-01  6.8248E-01  1.5387E+00  1.0000E+00
 5.3494E+04  6.8472E-01  7.2793E-01  6.8436E-01  1.5312E+00  1.0000E+00
 5.3904E+04  6.8661E-01  7.2411E-01  6.8625E-01  1.5238E+00  1.0000E+00
 5.4317E+04  6.8851E-01  7.2032E-01  6.8815E-01  1.5164E+00  1.0000E+00
 5.4733E+04  6.9042E-01  7.1655E-01  6.9006E-01  1.5091E+00  1.0000E+00
 5.5152E+04  6.9234E-01  7.1281E-01  6.9199E-01  1.5018E+00  1.0000E+00
 5.5574E+04  6.9427E-01  7.0909E-01  6.9392E-01  1.4945E+00  1.0000E+00
 5.6000E+04  6.9621E-01  7.0539E-01  6.9587E-01  1.4873E+00  1.0000E+00
 5.6429E+04  6.9816E-01  7.0171E-01  6.9782E-01  1.4802E+00  1.0000E+00
 5.6861E+04  7.0013E-01  6.9806E-01  6.9979E-01  1.4730E+00  1.0000E+00
 5.7297E+04  7.0211E-01  6.9443E-01  7.0177E-01  1.4660E+00  1.0000E+00
 5.7735E+04  7.0409E-01  6.9082E-01  7.0375E-01  1.4590E+00  1.0000E+00
 5.8177E+04  7.0609E-01  6.8723E-01  7.0575E-01  1.4520E+00  1.0000E+00
 5.8623E+04  7.0810E-01  6.8367E-01  7.0777E-01  1.4451E+00  1.0000E+00
 5.9072E+04  7.1012E-01  6.8013E-01  7.0979E-01  1.4382E+00  1.0000E+00
 5.9524E+04  7.1216E-01  6.7661E-01  7.1183E-01  1.4313E+00  1.0000E+00
 5.9980E+04  7.1420E-01  6.7311E-01  7.1387E-01  1.4246E+00  1.0000E+00
 6.0440E+04  7.1626E-01  6.6964E-01  7.1593E-01  1.4178E+00  1.0000E+00
 6.0902E+04  7.1833E-01  6.6618E-01  7.1801E-01  1.4111E+00  1.0000E+00
 6.1369E+04  7.2041E-01  6.6275E-01  7.2009E-01  1.4044E+00  1.0000E+00
 6.1839E+04  7.2251E-01  6.5934E-01  7.2219E-01  1.3978E+00  1.0000E+00
 6.2312E+04  7.2461E-01  6.5595E-01  7.2430E-01  1.3913E+00  1.0000E+00
 6.2790E+04  7.2673E-01  6.5258E-01  7.2642E-01  1.3847E+00  1.0000E+00
 6.3270E+04  7.2887E-01  6.4924E-01  7.2855E-01  1.3782E+00  1.0000E+00
 6.3755E+04  7.3101E-01  6.4591E-01  7.3070E-01  1.3718E+00  1.0000E+00
 6.4243E+04  7.3317E-01  6.4261E-01  7.3286E-01  1.3654E+00  1.0000E+00
 6.4735E+04  7.3535E-01  6.3932E-01  7.3504E-01  1.3590E+00  1.0000E+00
 6.5231E+04  7.3753E-01  6.3606E-01  7.3722E-01  1.3527E+00  1.0000E+00
 6.5731E+04  7.3973E-01  6.3282E-01  7.3943E-01  1.3465E+00  1.0000E+00
 6.6234E+04  7.4194E-01  6.2959E-01  7.4164E-01  1.3402E+00  1.0000E+00
 6.6741E+04  7.4417E-01  6.2639E-01  7.4387E-01  1.3340E+00  1.0000E+00
 6.7252E+04  7.4641E-01  6.2321E-01  7.4611E-01  1.3279E+00  1.0000E+00
 6.7767E+04  7.4867E-01  6.2005E-01  7.4837E-01  1.3218E+00  1.0000E+00
 6.8286E+04  7.5093E-01  6.1691E-01  7.5064E-01  1.3157E+00  1.0000E+00
 6.8809E+04  7.5322E-01  6.1379E-01  7.5292E-01  1.3097E+00  1.0000E+00
 6.9336E+04  7.5552E-01  6.1069E-01  7.5522E-01  1.3037E+00  1.0000E+00
 6.9867E+04  7.5783E-01  6.0760E-01  7.5754E-01  1.2978E+00  1.0000E+00
 7.0402E+04  7.6016E-01  6.0454E-01  7.5987E-01  1.2919E+00  1.0000E+00
 7.0942E+04  7.6250E-01  6.0150E-01  7.6221E-01  1.2860E+00  1.0000E+00
 7.1485E+04  7.6486E-01  5.9848E-01  7.6457E-01  1.2802E+00  1.0000E+00
 7.2032E+04  7.6723E-01  5.9547E-01  7.6694E-01  1.2744E+00  1.0000E+00
 7.2584E+04  7.6962E-01  5.9249E-01  7.6933E-01  1.2686E+00  1.0000E+00
 7.3140E+04  7.7202E-01  5.8952E-01  7.7174E-01  1.2629E+00  1.0000E+00
 7.3700E+04  7.7444E-01  5.8657E-01  7.7416E-01  1.2573E+00  1.0000E+00
 7.4264E+04  7.7688E-01  5.8365E-01  7.7660E-01  1.2516E+00  1.0000E+00
 7.4833E+04  7.7933E-01  5.8074E-01  7.7905E-01  1.2461E+00  1.0000E+00
 7.5406E+04  7.8180E-01  5.7785E-01  7.8152E-01  1.2405E+00  1.0000E+00
 7.5984E+04  7.8428E-01  5.7497E-01  7.8401E-01  1.2350E+00  1.0000E+00
 7.6566E+04  7.8678E-01  5.7212E-01  7.8651E-01  1.2295E+00  1.0000E+00
 7.7152E+04  7.8930E-01  5.6929E-01  7.8903E-01  1.2241E+00  1.0000E+00
 7.7743E+04  7.9183E-01  5.6647E-01  7.9157E-01  1.2187E+00  1.0000E+00
 7.8338E+04  7.9439E-01  5.6367E-01  7.9412E-01  1.2133E+00  1.0000E+00
 7.8938E+04  7.9696E-01  5.6089E-01  7.9669E-01  1.2080E+00  1.0000E+00
 7.9543E+04  7.9954E-01  5.5813E-01  7.9928E-01  1.2027E+00  1.0000E+00
 8.0152E+04  8.0215E-01  5.5538E-01  8.0188E-01  1.1975E+00  1.0000E+00
 8.0766E+04  8.0477E-01  5.5266E-01  8.0451E-01  1.1923E+00  1.0000E+00
 8.1384E+04  8.0741E-01  5.4995E-01  8.0715E-01  1.1871E+00  1.0000E+00
 8.2008E+04  8.1007E-01  5.4726E-01  8.0981E-01  1.1819E+00  1.0000E+00
 8.2636E+04  8.1275E-01  5.4458E-01  8.1249E-01  1.1768E+00  1.0000E+00
 8.3268E+04  8.1544E-01  5.4193E-01  8.1519E-01  1.1718E+00  1.0000E+00
 8.3906E+04  8.1816E-01  5.3929E-01  8.1790E-01  1.1667E+00  1.0000E+00
 8.4549E+04  8.2089E-01  5.3666E-01  8.2064E-01  1.1617E+00  1.0000E+00
 8.5196E+04  8.2365E-01  5.3406E-01  8.2339E-01  1.1568E+00  1.0000E+00
 8.5849E+04  8.2642E-01  5.3147E-01  8.2617E-01  1.1519E+00  1.0000E+00
 8.6506E+04  8.2921E-01  5.2890E-01  8.2896E-01  1.1470E+00  1.0000E+00
 8.7169E+04  8.3202E-01  5.2635E-01  8.3178E-01  1.1421E+00  1.0000E+00
 8.7836E+04  8.3486E-01  5.2381E-01  8.3461E-01  1.1373E+00  1.0000E+00
 8.8509E+04  8.3771E-01  5.2129E-01  8.3746E-01  1.1325E+00  1.0000E+00
 8.9187E+04  8.4058E-01  5.1878E-01  8.4034E-01  1.1278E+00  1.0000E+00
 8.9870E+04  8.4348E-01  5.1630E-01  8.4323E-01  1.1231E+00  1.0000E+00
 9.0558E+04  8.4639E-01  5.1383E-01  8.4615E-01  1.1184E+00  1.0000E+00
 9.1252E+04  8.4933E-01  5.1137E-01  8.4909E-01  1.1137E+00  1.0000E+00
 9.1950E+04  8.5229E-01  5.0893E-01  8.5205E-01  1.1091E+00  1.0000E+00
 9.2655E+04  8.5526E-01  5.0651E-01  8.5503E-01  1.1045E+00  1.0000E+00
 9.3364E+04  8.5827E-01  5.0410E-01  8.5803E-01  1.1000E+00  1.0000E+00
 9.4079E+04  8.6129E-01  5.0171E-01  8.6105E-01  1.0955E+00  1.0000E+00
 9.4800E+04  8.6434E-01  4.9934E-01  8.6410E-01  1.0910E+00  1.0000E+00
 9.5526E+04  8.6740E-01  4.9698E-01  8.6717E-01  1.0866E+00  1.0000E+00
 9.6257E+04  8.7049E-01  4.9463E-01  8.7026E-01  1.0821E+00  1.0000E+00
 9.6994E+04  8.7361E-01  4.9231E-01  8.7338E-01  1.0778E+00  1.0000E+00
 9.7737E+04  8.7675E-01  4.9000E-01  8.7652E-01  1.0734E+00  1.0000E+00
 9.8486E+04  8.7991E-01  4.8770E-01  8.7968E-01  1.0691E+00  1.0000E+00
 9.9240E+04  8.8309E-01  4.8542E-01  8.8287E-01  1.0648E+00  1.0000E+00
 1.0000E+05  8.8630E-01  4.8315E-01  8.8608E-01  1.0606E+00  1.0000E+00


