#     0	 1	   16	 1	 9.3488E+02	 1000	1
 4.8978E+01  0.0000E+00  0.0000E+00  0.0000E+00  0.0000E+00  0.0000E+00
 4.9353E+01  0.0000E+00  0.0000E+00  0.0000E+00  0.0000E+00  0.0000E+00
 4.9731E+01  0.0000E+00  0.0000E+00  0.0000E+00  0.0000E+00  0.0000E+00
 5.0112E+01  0.0000E+00  0.0000E+00  0.0000E+00  0.0000E+00  0.0000E+00
 5.0496E+01  0.0000E+00  0.0000E+00  0.0000E+00  0.0000E+00  0.0000E+00
 5.0882E+01  0.0000E+00  0.0000E+00  0.0000E+00  0.0000E+00  0.0000E+00
 5.1272E+01  0.0000E+00  0.0000E+00  0.0000E+00  0.0000E+00  0.0000E+00
 5.1665E+01  0.0000E+00  0.0000E+00  0.0000E+00  0.0000E+00  0.0000E+00
 5.2060E+01  0.0000E+00  0.0000E+00  0.0000E+00  0.0000E+00  0.0000E+00
 5.2459E+01  0.0000E+00  0.0000E+00  0.0000E+00  0.0000E+00  0.0000E+00
 5.2861E+01  0.0000E+00  0.0000E+00  0.0000E+00  0.0000E+00  0.0000E+00
 5.3266E+01  0.0000E+00  0.0000E+00  0.0000E+00  0.0000E+00  0.0000E+00
 5.3673E+01  0.0000E+00  0.0000E+00  0.0000E+00  0.0000E+00  0.0000E+00
 5.4085E+01  0.0000E+00  0.0000E+00  0.0000E+00  0.0000E+00  0.0000E+00
 5.4499E+01  0.0000E+00  0.0000E+00  0.0000E+00  0.0000E+00  0.0000E+00
 5.4916E+01  0.0000E+00  0.0000E+00  0.0000E+00  0.0000E+00  0.0000E+00
 5.5337E+01  0.0000E+00  0.0000E+00  0.0000E+00  0.0000E+00  0.0000E+00
 5.5760E+01  0.0000E+00  0.0000E+00  0.0000E+00  0.0000E+00  0.0000E+00
 5.6187E+01  0.0000E+00  0.0000E+00  0.0000E+00  0.0000E+00  0.0000E+00
 5.6618E+01  0.0000E+00  0.0000E+00  0.0000E+00  0.0000E+00  0.0000E+00
 5.7051E+01  0.0000E+00  0.0000E+00  0.0000E+00  0.0000E+00  0.0000E+00
 5.7488E+01  0.0000E+00  0.0000E+00  0.0000E+00  0.0000E+00  0.0000E+00
 5.7929E+01  0.0000E+00  0.0000E+00  0.0000E+00  0.0000E+00  0.0000E+00
 5.8372E+01  0.0000E+00  0.0000E+00  0.0000E+00  0.0000E+00  0.0000E+00
 5.8819E+01  0.0000E+00  0.0000E+00  0.0000E+00  0.0000E+00  0.0000E+00
 5.9270E+01  0.0000E+00  0.0000E+00  0.0000E+00  0.0000E+00  0.0000E+00
 5.9724E+01  0.0000E+00  0.0000E+00  0.0000E+00  0.0000E+00  0.0000E+00
 6.0181E+01  0.0000E+00  0.0000E+00  0.0000E+00  0.0000E+00  0.0000E+00
 6.0642E+01  0.0000E+00  0.0000E+00  0.0000E+00  0.0000E+00  0.0000E+00
 6.1106E+01  0.0000E+00  0.0000E+00  0.0000E+00  0.0000E+00  0.0000E+00
 6.1574E+01  0.0000E+00  0.0000E+00  0.0000E+00  0.0000E+00  0.0000E+00
 6.2046E+01  0.0000E+00  0.0000E+00  0.0000E+00  0.0000E+00  0.0000E+00
 6.2521E+01  0.0000E+00  0.0000E+00  0.0000E+00  0.0000E+00  0.0000E+00
 6.3000E+01  0.0000E+00  0.0000E+00  0.0000E+00  0.0000E+00  0.0000E+00
 6.3482E+01  0.0000E+00  0.0000E+00  0.0000E+00  0.0000E+00  0.0000E+00
 6.3968E+01  0.0000E+00  0.0000E+00  0.0000E+00  0.0000E+00  0.0000E+00
 6.4458E+01  0.0000E+00  0.0000E+00  0.0000E+00  0.0000E+00  0.0000E+00
 6.4952E+01  0.0000E+00  0.0000E+00  0.0000E+00  0.0000E+00  0.0000E+00
 6.5449E+01  0.0000E+00  0.0000E+00  0.0000E+00  0.0000E+00  0.0000E+00
 6.5951E+01  0.0000E+00  0.0000E+00  0.0000E+00  0.0000E+00  0.0000E+00
 6.6456E+01  0.0000E+00  0.0000E+00  0.0000E+00  0.0000E+00  0.0000E+00
 6.6965E+01  0.0000E+00  0.0000E+00  0.0000E+00  0.0000E+00  0.0000E+00
 6.7478E+01  0.0000E+00  0.0000E+00  0.0000E+00  0.0000E+00  0.0000E+00
 6.7994E+01  0.0000E+00  0.0000E+00  0.0000E+00  0.0000E+00  0.0000E+00
 6.8515E+01  0.0000E+00  0.0000E+00  0.0000E+00  0.0000E+00  0.0000E+00
 6.9040E+01  0.0000E+00  0.0000E+00  0.0000E+00  0.0000E+00  0.0000E+00
 6.9568E+01  0.0000E+00  0.0000E+00  0.0000E+00  0.0000E+00  0.0000E+00
 7.0101E+01  0.0000E+00  0.0000E+00  0.0000E+00  0.0000E+00  0.0000E+00
 7.0638E+01  0.0000E+00  0.0000E+00  0.0000E+00  0.0000E+00  0.0000E+00
 7.1179E+01  0.0000E+00  0.0000E+00  0.0000E+00  0.0000E+00  0.0000E+00
 7.1724E+01  0.0000E+00  0.0000E+00  0.0000E+00  0.0000E+00  0.0000E+00
 7.2273E+01  0.0000E+00  0.0000E+00  0.0000E+00  0.0000E+00  0.0000E+00
 7.2827E+01  0.0000E+00  0.0000E+00  0.0000E+00  0.0000E+00  0.0000E+00
 7.3385E+01  0.0000E+00  0.0000E+00  0.0000E+00  0.0000E+00  0.0000E+00
 7.3947E+01  0.0000E+00  0.0000E+00  0.0000E+00  0.0000E+00  0.0000E+00
 7.4513E+01  0.0000E+00  0.0000E+00  0.0000E+00  0.0000E+00  0.0000E+00
 7.5084E+01  0.0000E+00  0.0000E+00  0.0000E+00  0.0000E+00  0.0000E+00
 7.5659E+01  0.0000E+00  0.0000E+00  0.0000E+00  0.0000E+00  0.0000E+00
 7.6238E+01  0.0000E+00  0.0000E+00  0.0000E+00  0.0000E+00  0.0000E+00
 7.6822E+01  0.0000E+00  0.0000E+00  0.0000E+00  0.0000E+00  0.0000E+00
 7.7410E+01  0.0000E+00  0.0000E+00  0.0000E+00  0.0000E+00  0.0000E+00
 7.8003E+01  0.0000E+00  0.0000E+00  0.0000E+00  0.0000E+00  0.0000E+00
 7.8601E+01  0.0000E+00  0.0000E+00  0.0000E+00  0.0000E+00  0.0000E+00
 7.9202E+01  0.0000E+00  0.0000E+00  0.0000E+00  0.0000E+00  0.0000E+00
 7.9809E+01  0.0000E+00  0.0000E+00  0.0000E+00  0.0000E+00  0.0000E+00
 8.0420E+01  0.0000E+00  0.0000E+00  0.0000E+00  0.0000E+00  0.0000E+00
 8.1036E+01  0.0000E+00  0.0000E+00  0.0000E+00  0.0000E+00  0.0000E+00
 8.1657E+01  0.0000E+00  0.0000E+00  0.0000E+00  0.0000E+00  0.0000E+00
 8.2282E+01  0.0000E+00  0.0000E+00  0.0000E+00  0.0000E+00  0.0000E+00
 8.2912E+01  0.0000E+00  0.0000E+00  0.0000E+00  0.0000E+00  0.0000E+00
 8.3547E+01  0.0000E+00  0.0000E+00  0.0000E+00  0.0000E+00  0.0000E+00
 8.4187E+01  0.0000E+00  0.0000E+00  0.0000E+00  0.0000E+00  0.0000E+00
 8.4832E+01  0.0000E+00  0.0000E+00  0.0000E+00  0.0000E+00  0.0000E+00
 8.5481E+01  0.0000E+00  0.0000E+00  0.0000E+00  0.0000E+00  0.0000E+00
 8.6136E+01  0.0000E+00  0.0000E+00  0.0000E+00  0.0000E+00  0.0000E+00
 8.6796E+01  0.0000E+00  0.0000E+00  0.0000E+00  0.0000E+00  0.0000E+00
 8.7460E+01  0.0000E+00  0.0000E+00  0.0000E+00  0.0000E+00  0.0000E+00
 8.8130E+01  0.0000E+00  0.0000E+00  0.0000E+00  0.0000E+00  0.0000E+00
 8.8805E+01  0.0000E+00  0.0000E+00  0.0000E+00  0.0000E+00  0.0000E+00
 8.9485E+01  0.0000E+00  0.0000E+00  0.0000E+00  0.0000E+00  0.0000E+00
 9.0171E+01  0.0000E+00  0.0000E+00  0.0000E+00  0.0000E+00  0.0000E+00
 9.0861E+01  0.0000E+00  0.0000E+00  0.0000E+00  0.0000E+00  0.0000E+00
 9.1557E+01  0.0000E+00  0.0000E+00  0.0000E+00  0.0000E+00  0.0000E+00
 9.2258E+01  0.0000E+00  0.0000E+00  0.0000E+00  0.0000E+00  0.0000E+00
 9.2965E+01  0.0000E+00  0.0000E+00  0.0000E+00  0.0000E+00  0.0000E+00
 9.3677E+01  0.0000E+00  0.0000E+00  0.0000E+00  0.0000E+00  0.0000E+00
 9.4394E+01  0.0000E+00  0.0000E+00  0.0000E+00  0.0000E+00  0.0000E+00
 9.5117E+01  0.0000E+00  0.0000E+00  0.0000E+00  0.0000E+00  0.0000E+00
 9.5845E+01  0.0000E+00  0.0000E+00  0.0000E+00  0.0000E+00  0.0000E+00
 9.6579E+01  0.0000E+00  0.0000E+00  0.0000E+00  0.0000E+00  0.0000E+00
 9.7319E+01  0.0000E+00  0.0000E+00  0.0000E+00  0.0000E+00  0.0000E+00
 9.8064E+01  0.0000E+00  0.0000E+00  0.0000E+00  0.0000E+00  0.0000E+00
 9.8815E+01  0.0000E+00  0.0000E+00  0.0000E+00  0.0000E+00  0.0000E+00
 9.9572E+01  0.0000E+00  0.0000E+00  0.0000E+00  0.0000E+00  0.0000E+00
 1.0033E+02  0.0000E+00  0.0000E+00  0.0000E+00  0.0000E+00  0.0000E+00
 1.0110E+02  0.0000E+00  0.0000E+00  0.0000E+00  0.0000E+00  0.0000E+00
 1.0188E+02  0.0000E+00  0.0000E+00  0.0000E+00  0.0000E+00  0.0000E+00
 1.0266E+02  0.0000E+00  0.0000E+00  0.0000E+00  0.0000E+00  0.0000E+00
 1.0344E+02  0.0000E+00  0.0000E+00  0.0000E+00  0.0000E+00  0.0000E+00
 1.0424E+02  0.0000E+00  0.0000E+00  0.0000E+00  0.0000E+00  0.0000E+00
 1.0503E+02  0.0000E+00  0.0000E+00  0.0000E+00  0.0000E+00  0.0000E+00
 1.0584E+02  0.0000E+00  0.0000E+00  0.0000E+00  0.0000E+00  0.0000E+00
 1.0665E+02  0.0000E+00  0.0000E+00  0.0000E+00  0.0000E+00  0.0000E+00
 1.0747E+02  0.0000E+00  0.0000E+00  0.0000E+00  0.0000E+00  0.0000E+00
 1.0829E+02  0.0000E+00  0.0000E+00  0.0000E+00  0.0000E+00  0.0000E+00
 1.0912E+02  0.0000E+00  0.0000E+00  0.0000E+00  0.0000E+00  0.0000E+00
 1.0995E+02  0.0000E+00  0.0000E+00  0.0000E+00  0.0000E+00  0.0000E+00
 1.1080E+02  0.0000E+00  0.0000E+00  0.0000E+00  0.0000E+00  0.0000E+00
 1.1164E+02  0.0000E+00  0.0000E+00  0.0000E+00  0.0000E+00  0.0000E+00
 1.1250E+02  0.0000E+00  0.0000E+00  0.0000E+00  0.0000E+00  0.0000E+00
 1.1336E+02  0.0000E+00  0.0000E+00  0.0000E+00  0.0000E+00  0.0000E+00
 1.1423E+02  0.0000E+00  0.0000E+00  0.0000E+00  0.0000E+00  0.0000E+00
 1.1510E+02  0.0000E+00  0.0000E+00  0.0000E+00  0.0000E+00  0.0000E+00
 1.1599E+02  0.0000E+00  0.0000E+00  0.0000E+00  0.0000E+00  0.0000E+00
 1.1687E+02  0.0000E+00  0.0000E+00  0.0000E+00  0.0000E+00  0.0000E+00
 1.1777E+02  0.0000E+00  0.0000E+00  0.0000E+00  0.0000E+00  0.0000E+00
 1.1867E+02  0.0000E+00  0.0000E+00  0.0000E+00  0.0000E+00  0.0000E+00
 1.1958E+02  0.0000E+00  0.0000E+00  0.0000E+00  0.0000E+00  0.0000E+00
 1.2050E+02  0.0000E+00  0.0000E+00  0.0000E+00  0.0000E+00  0.0000E+00
 1.2142E+02  0.0000E+00  0.0000E+00  0.0000E+00  0.0000E+00  0.0000E+00
 1.2235E+02  0.0000E+00  0.0000E+00  0.0000E+00  0.0000E+00  0.0000E+00
 1.2329E+02  0.0000E+00  0.0000E+00  0.0000E+00  0.0000E+00  0.0000E+00
 1.2423E+02  0.0000E+00  0.0000E+00  0.0000E+00  0.0000E+00  0.0000E+00
 1.2518E+02  0.0000E+00  0.0000E+00  0.0000E+00  0.0000E+00  0.0000E+00
 1.2614E+02  0.0000E+00  0.0000E+00  0.0000E+00  0.0000E+00  0.0000E+00
 1.2711E+02  0.0000E+00  0.0000E+00  0.0000E+00  0.0000E+00  0.0000E+00
 1.2808E+02  0.0000E+00  0.0000E+00  0.0000E+00  0.0000E+00  0.0000E+00
 1.2906E+02  0.0000E+00  0.0000E+00  0.0000E+00  0.0000E+00  0.0000E+00
 1.3005E+02  0.0000E+00  0.0000E+00  0.0000E+00  0.0000E+00  0.0000E+00
 1.3104E+02  0.0000E+00  0.0000E+00  0.0000E+00  0.0000E+00  0.0000E+00
 1.3205E+02  0.0000E+00  0.0000E+00  0.0000E+00  0.0000E+00  0.0000E+00
 1.3306E+02  0.0000E+00  0.0000E+00  0.0000E+00  0.0000E+00  0.0000E+00
 1.3408E+02  0.0000E+00  0.0000E+00  0.0000E+00  0.0000E+00  0.0000E+00
 1.3510E+02  0.0000E+00  0.0000E+00  0.0000E+00  0.0000E+00  0.0000E+00
 1.3614E+02  0.0000E+00  0.0000E+00  0.0000E+00  0.0000E+00  0.0000E+00
 1.3718E+02  0.0000E+00  0.0000E+00  0.0000E+00  0.0000E+00  0.0000E+00
 1.3823E+02  0.0000E+00  0.0000E+00  0.0000E+00  0.0000E+00  0.0000E+00
 1.3929E+02  0.0000E+00  0.0000E+00  0.0000E+00  0.0000E+00  0.0000E+00
 1.4036E+02  0.0000E+00  0.0000E+00  0.0000E+00  0.0000E+00  0.0000E+00
 1.4143E+02  0.0000E+00  0.0000E+00  0.0000E+00  0.0000E+00  0.0000E+00
 1.4252E+02  0.0000E+00  0.0000E+00  0.0000E+00  0.0000E+00  0.0000E+00
 1.4361E+02  0.0000E+00  0.0000E+00  0.0000E+00  0.0000E+00  0.0000E+00
 1.4471E+02  0.0000E+00  0.0000E+00  0.0000E+00  0.0000E+00  0.0000E+00
 1.4582E+02  0.0000E+00  0.0000E+00  0.0000E+00  0.0000E+00  0.0000E+00
 1.4693E+02  0.0000E+00  0.0000E+00  0.0000E+00  0.0000E+00  0.0000E+00
 1.4806E+02  0.0000E+00  0.0000E+00  0.0000E+00  0.0000E+00  0.0000E+00
 1.4919E+02  0.0000E+00  0.0000E+00  0.0000E+00  0.0000E+00  0.0000E+00
 1.5033E+02  0.0000E+00  0.0000E+00  0.0000E+00  0.0000E+00  0.0000E+00
 1.5149E+02  0.0000E+00  0.0000E+00  0.0000E+00  0.0000E+00  0.0000E+00
 1.5265E+02  0.0000E+00  0.0000E+00  0.0000E+00  0.0000E+00  0.0000E+00
 1.5381E+02  0.0000E+00  0.0000E+00  0.0000E+00  0.0000E+00  0.0000E+00
 1.5499E+02  0.0000E+00  0.0000E+00  0.0000E+00  0.0000E+00  0.0000E+00
 1.5618E+02  0.0000E+00  0.0000E+00  0.0000E+00  0.0000E+00  0.0000E+00
 1.5738E+02  0.0000E+00  0.0000E+00  0.0000E+00  0.0000E+00  0.0000E+00
 1.5858E+02  0.0000E+00  0.0000E+00  0.0000E+00  0.0000E+00  0.0000E+00
 1.5980E+02  0.0000E+00  0.0000E+00  0.0000E+00  0.0000E+00  0.0000E+00
 1.6102E+02  0.0000E+00  0.0000E+00  0.0000E+00  0.0000E+00  0.0000E+00
 1.6225E+02  0.0000E+00  0.0000E+00  0.0000E+00  0.0000E+00  0.0000E+00
 1.6349E+02  0.0000E+00  0.0000E+00  0.0000E+00  0.0000E+00  0.0000E+00
 1.6475E+02  0.0000E+00  0.0000E+00  0.0000E+00  0.0000E+00  0.0000E+00
 1.6601E+02  0.0000E+00  0.0000E+00  0.0000E+00  0.0000E+00  0.0000E+00
 1.6728E+02  0.0000E+00  0.0000E+00  0.0000E+00  0.0000E+00  0.0000E+00
 1.6856E+02  0.0000E+00  0.0000E+00  0.0000E+00  0.0000E+00  0.0000E+00
 1.6985E+02  0.0000E+00  0.0000E+00  0.0000E+00  0.0000E+00  0.0000E+00
 1.7115E+02  0.0000E+00  0.0000E+00  0.0000E+00  0.0000E+00  0.0000E+00
 1.7246E+02  0.0000E+00  0.0000E+00  0.0000E+00  0.0000E+00  0.0000E+00
 1.7378E+02  0.0000E+00  0.0000E+00  0.0000E+00  0.0000E+00  0.0000E+00
 1.7511E+02  0.0000E+00  0.0000E+00  0.0000E+00  0.0000E+00  0.0000E+00
 1.7646E+02  0.0000E+00  0.0000E+00  0.0000E+00  0.0000E+00  0.0000E+00
 1.7781E+02  0.0000E+00  0.0000E+00  0.0000E+00  0.0000E+00  0.0000E+00
 1.7917E+02  0.0000E+00  0.0000E+00  0.0000E+00  0.0000E+00  0.0000E+00
 1.8054E+02  0.0000E+00  0.0000E+00  0.0000E+00  0.0000E+00  0.0000E+00
 1.8192E+02  0.0000E+00  0.0000E+00  0.0000E+00  0.0000E+00  0.0000E+00
 1.8332E+02  0.0000E+00  0.0000E+00  0.0000E+00  0.0000E+00  0.0000E+00
 1.8472E+02  0.0000E+00  0.0000E+00  0.0000E+00  0.0000E+00  0.0000E+00
 1.8614E+02  0.0000E+00  0.0000E+00  0.0000E+00  0.0000E+00  0.0000E+00
 1.8756E+02  0.0000E+00  0.0000E+00  0.0000E+00  0.0000E+00  0.0000E+00
 1.8900E+02  0.0000E+00  0.0000E+00  0.0000E+00  0.0000E+00  0.0000E+00
 1.9045E+02  0.0000E+00  0.0000E+00  0.0000E+00  0.0000E+00  0.0000E+00
 1.9190E+02  0.0000E+00  0.0000E+00  0.0000E+00  0.0000E+00  0.0000E+00
 1.9337E+02  0.0000E+00  0.0000E+00  0.0000E+00  0.0000E+00  0.0000E+00
 1.9485E+02  0.0000E+00  0.0000E+00  0.0000E+00  0.0000E+00  0.0000E+00
 1.9635E+02  0.0000E+00  0.0000E+00  0.0000E+00  0.0000E+00  0.0000E+00
 1.9785E+02  0.0000E+00  0.0000E+00  0.0000E+00  0.0000E+00  0.0000E+00
 1.9937E+02  0.0000E+00  0.0000E+00  0.0000E+00  0.0000E+00  0.0000E+00
 2.0089E+02  0.0000E+00  0.0000E+00  0.0000E+00  0.0000E+00  0.0000E+00
 2.0243E+02  0.0000E+00  0.0000E+00  0.0000E+00  0.0000E+00  0.0000E+00
 2.0398E+02  0.0000E+00  0.0000E+00  0.0000E+00  0.0000E+00  0.0000E+00
 2.0554E+02  0.0000E+00  0.0000E+00  0.0000E+00  0.0000E+00  0.0000E+00
 2.0712E+02  0.0000E+00  0.0000E+00  0.0000E+00  0.0000E+00  0.0000E+00
 2.0870E+02  0.0000E+00  0.0000E+00  0.0000E+00  0.0000E+00  0.0000E+00
 2.1030E+02  0.0000E+00  0.0000E+00  0.0000E+00  0.0000E+00  0.0000E+00
 2.1191E+02  0.0000E+00  0.0000E+00  0.0000E+00  0.0000E+00  0.0000E+00
 2.1354E+02  0.0000E+00  0.0000E+00  0.0000E+00  0.0000E+00  0.0000E+00
 2.1517E+02  0.0000E+00  0.0000E+00  0.0000E+00  0.0000E+00  0.0000E+00
 2.1682E+02  0.0000E+00  0.0000E+00  0.0000E+00  0.0000E+00  0.0000E+00
 2.1848E+02  0.0000E+00  0.0000E+00  0.0000E+00  0.0000E+00  0.0000E+00
 2.2015E+02  0.0000E+00  0.0000E+00  0.0000E+00  0.0000E+00  0.0000E+00
 2.2184E+02  0.0000E+00  0.0000E+00  0.0000E+00  0.0000E+00  0.0000E+00
 2.2354E+02  0.0000E+00  0.0000E+00  0.0000E+00  0.0000E+00  0.0000E+00
 2.2525E+02  0.0000E+00  0.0000E+00  0.0000E+00  0.0000E+00  0.0000E+00
 2.2697E+02  0.0000E+00  0.0000E+00  0.0000E+00  0.0000E+00  0.0000E+00
 2.2871E+02  0.0000E+00  0.0000E+00  0.0000E+00  0.0000E+00  0.0000E+00
 2.3046E+02  0.0000E+00  0.0000E+00  0.0000E+00  0.0000E+00  0.0000E+00
 2.3223E+02  0.0000E+00  0.0000E+00  0.0000E+00  0.0000E+00  0.0000E+00
 2.3401E+02  0.0000E+00  0.0000E+00  0.0000E+00  0.0000E+00  0.0000E+00
 2.3580E+02  0.0000E+00  0.0000E+00  0.0000E+00  0.0000E+00  0.0000E+00
 2.3761E+02  0.0000E+00  0.0000E+00  0.0000E+00  0.0000E+00  0.0000E+00
 2.3942E+02  0.0000E+00  0.0000E+00  0.0000E+00  0.0000E+00  0.0000E+00
 2.4126E+02  0.0000E+00  0.0000E+00  0.0000E+00  0.0000E+00  0.0000E+00
 2.4311E+02  0.0000E+00  0.0000E+00  0.0000E+00  0.0000E+00  0.0000E+00
 2.4497E+02  0.0000E+00  0.0000E+00  0.0000E+00  0.0000E+00  0.0000E+00
 2.4684E+02  0.0000E+00  0.0000E+00  0.0000E+00  0.0000E+00  0.0000E+00
 2.4873E+02  0.0000E+00  0.0000E+00  0.0000E+00  0.0000E+00  0.0000E+00
 2.5064E+02  0.0000E+00  0.0000E+00  0.0000E+00  0.0000E+00  0.0000E+00
 2.5256E+02  0.0000E+00  0.0000E+00  0.0000E+00  0.0000E+00  0.0000E+00
 2.5449E+02  0.0000E+00  0.0000E+00  0.0000E+00  0.0000E+00  0.0000E+00
 2.5644E+02  0.0000E+00  0.0000E+00  0.0000E+00  0.0000E+00  0.0000E+00
 2.5841E+02  0.0000E+00  0.0000E+00  0.0000E+00  0.0000E+00  0.0000E+00
 2.6038E+02  0.0000E+00  0.0000E+00  0.0000E+00  0.0000E+00  0.0000E+00
 2.6238E+02  0.0000E+00  0.0000E+00  0.0000E+00  0.0000E+00  0.0000E+00
 2.6439E+02  0.0000E+00  0.0000E+00  0.0000E+00  0.0000E+00  0.0000E+00
 2.6641E+02  0.0000E+00  0.0000E+00  0.0000E+00  0.0000E+00  0.0000E+00
 2.6845E+02  0.0000E+00  0.0000E+00  0.0000E+00  0.0000E+00  0.0000E+00
 2.7051E+02  0.0000E+00  0.0000E+00  0.0000E+00  0.0000E+00  0.0000E+00
 2.7258E+02  0.0000E+00  0.0000E+00  0.0000E+00  0.0000E+00  0.0000E+00
 2.7467E+02  0.0000E+00  0.0000E+00  0.0000E+00  0.0000E+00  0.0000E+00
 2.7677E+02  0.0000E+00  0.0000E+00  0.0000E+00  0.0000E+00  0.0000E+00
 2.7889E+02  0.0000E+00  0.0000E+00  0.0000E+00  0.0000E+00  0.0000E+00
 2.8103E+02  0.0000E+00  0.0000E+00  0.0000E+00  0.0000E+00  0.0000E+00
 2.8318E+02  0.0000E+00  0.0000E+00  0.0000E+00  0.0000E+00  0.0000E+00
 2.8535E+02  0.0000E+00  0.0000E+00  0.0000E+00  0.0000E+00  0.0000E+00
 2.8753E+02  0.0000E+00  0.0000E+00  0.0000E+00  0.0000E+00  0.0000E+00
 2.8974E+02  0.0000E+00  0.0000E+00  0.0000E+00  0.0000E+00  0.0000E+00
 2.9195E+02  0.0000E+00  0.0000E+00  0.0000E+00  0.0000E+00  0.0000E+00
 2.9419E+02  0.0000E+00  0.0000E+00  0.0000E+00  0.0000E+00  0.0000E+00
 2.9644E+02  0.0000E+00  0.0000E+00  0.0000E+00  0.0000E+00  0.0000E+00
 2.9871E+02  0.0000E+00  0.0000E+00  0.0000E+00  0.0000E+00  0.0000E+00
 3.0100E+02  0.0000E+00  0.0000E+00  0.0000E+00  0.0000E+00  0.0000E+00
 3.0331E+02  0.0000E+00  0.0000E+00  0.0000E+00  0.0000E+00  0.0000E+00
 3.0563E+02  0.0000E+00  0.0000E+00  0.0000E+00  0.0000E+00  0.0000E+00
 3.0797E+02  0.0000E+00  0.0000E+00  0.0000E+00  0.0000E+00  0.0000E+00
 3.1033E+02  0.0000E+00  0.0000E+00  0.0000E+00  0.0000E+00  0.0000E+00
 3.1271E+02  0.0000E+00  0.0000E+00  0.0000E+00  0.0000E+00  0.0000E+00
 3.1510E+02  0.0000E+00  0.0000E+00  0.0000E+00  0.0000E+00  0.0000E+00
 3.1751E+02  0.0000E+00  0.0000E+00  0.0000E+00  0.0000E+00  0.0000E+00
 3.1994E+02  0.0000E+00  0.0000E+00  0.0000E+00  0.0000E+00  0.0000E+00
 3.2240E+02  0.0000E+00  0.0000E+00  0.0000E+00  0.0000E+00  0.0000E+00
 3.2486E+02  0.0000E+00  0.0000E+00  0.0000E+00  0.0000E+00  0.0000E+00
 3.2735E+02  0.0000E+00  0.0000E+00  0.0000E+00  0.0000E+00  0.0000E+00
 3.2986E+02  0.0000E+00  0.0000E+00  0.0000E+00  0.0000E+00  0.0000E+00
 3.3239E+02  0.0000E+00  0.0000E+00  0.0000E+00  0.0000E+00  0.0000E+00
 3.3493E+02  0.0000E+00  0.0000E+00  0.0000E+00  0.0000E+00  0.0000E+00
 3.3750E+02  0.0000E+00  0.0000E+00  0.0000E+00  0.0000E+00  0.0000E+00
 3.4008E+02  0.0000E+00  0.0000E+00  0.0000E+00  0.0000E+00  0.0000E+00
 3.4268E+02  0.0000E+00  0.0000E+00  0.0000E+00  0.0000E+00  0.0000E+00
 3.4531E+02  0.0000E+00  0.0000E+00  0.0000E+00  0.0000E+00  0.0000E+00
 3.4795E+02  0.0000E+00  0.0000E+00  0.0000E+00  0.0000E+00  0.0000E+00
 3.5062E+02  0.0000E+00  0.0000E+00  0.0000E+00  0.0000E+00  0.0000E+00
 3.5330E+02  0.0000E+00  0.0000E+00  0.0000E+00  0.0000E+00  0.0000E+00
 3.5601E+02  0.0000E+00  0.0000E+00  0.0000E+00  0.0000E+00  0.0000E+00
 3.5874E+02  0.0000E+00  0.0000E+00  0.0000E+00  0.0000E+00  0.0000E+00
 3.6148E+02  0.0000E+00  0.0000E+00  0.0000E+00  0.0000E+00  0.0000E+00
 3.6425E+02  0.0000E+00  0.0000E+00  0.0000E+00  0.0000E+00  0.0000E+00
 3.6704E+02  0.0000E+00  0.0000E+00  0.0000E+00  0.0000E+00  0.0000E+00
 3.6985E+02  0.0000E+00  0.0000E+00  0.0000E+00  0.0000E+00  0.0000E+00
 3.7268E+02  0.0000E+00  0.0000E+00  0.0000E+00  0.0000E+00  0.0000E+00
 3.7554E+02  0.0000E+00  0.0000E+00  0.0000E+00  0.0000E+00  0.0000E+00
 3.7841E+02  0.0000E+00  0.0000E+00  0.0000E+00  0.0000E+00  0.0000E+00
 3.8131E+02  0.0000E+00  0.0000E+00  0.0000E+00  0.0000E+00  0.0000E+00
 3.8423E+02  0.0000E+00  0.0000E+00  0.0000E+00  0.0000E+00  0.0000E+00
 3.8718E+02  0.0000E+00  0.0000E+00  0.0000E+00  0.0000E+00  0.0000E+00
 3.9014E+02  0.0000E+00  0.0000E+00  0.0000E+00  0.0000E+00  0.0000E+00
 3.9313E+02  0.0000E+00  0.0000E+00  0.0000E+00  0.0000E+00  0.0000E+00
 3.9614E+02  0.0000E+00  0.0000E+00  0.0000E+00  0.0000E+00  0.0000E+00
 3.9917E+02  0.0000E+00  0.0000E+00  0.0000E+00  0.0000E+00  0.0000E+00
 4.0223E+02  0.0000E+00  0.0000E+00  0.0000E+00  0.0000E+00  0.0000E+00
 4.0531E+02  0.0000E+00  0.0000E+00  0.0000E+00  0.0000E+00  0.0000E+00
 4.0841E+02  0.0000E+00  0.0000E+00  0.0000E+00  0.0000E+00  0.0000E+00
 4.1154E+02  0.0000E+00  0.0000E+00  0.0000E+00  0.0000E+00  0.0000E+00
 4.1469E+02  0.0000E+00  0.0000E+00  0.0000E+00  0.0000E+00  0.0000E+00
 4.1787E+02  0.0000E+00  0.0000E+00  0.0000E+00  0.0000E+00  0.0000E+00
 4.2107E+02  0.0000E+00  0.0000E+00  0.0000E+00  0.0000E+00  0.0000E+00
 4.2429E+02  0.0000E+00  0.0000E+00  0.0000E+00  0.0000E+00  0.0000E+00
 4.2754E+02  0.0000E+00  0.0000E+00  0.0000E+00  0.0000E+00  0.0000E+00
 4.3082E+02  0.0000E+00  0.0000E+00  0.0000E+00  0.0000E+00  0.0000E+00
 4.3412E+02  0.0000E+00  0.0000E+00  0.0000E+00  0.0000E+00  0.0000E+00
 4.3744E+02  0.0000E+00  0.0000E+00  0.0000E+00  0.0000E+00  0.0000E+00
 4.4079E+02  0.0000E+00  0.0000E+00  0.0000E+00  0.0000E+00  0.0000E+00
 4.4417E+02  0.0000E+00  0.0000E+00  0.0000E+00  0.0000E+00  0.0000E+00
 4.4757E+02  0.0000E+00  0.0000E+00  0.0000E+00  0.0000E+00  0.0000E+00
 4.5100E+02  0.0000E+00  0.0000E+00  0.0000E+00  0.0000E+00  0.0000E+00
 4.5445E+02  0.0000E+00  0.0000E+00  0.0000E+00  0.0000E+00  0.0000E+00
 4.5793E+02  0.0000E+00  0.0000E+00  0.0000E+00  0.0000E+00  0.0000E+00
 4.6144E+02  0.0000E+00  0.0000E+00  0.0000E+00  0.0000E+00  0.0000E+00
 4.6497E+02  0.0000E+00  0.0000E+00  0.0000E+00  0.0000E+00  0.0000E+00
 4.6853E+02  0.0000E+00  0.0000E+00  0.0000E+00  0.0000E+00  0.0000E+00
 4.7212E+02  0.0000E+00  0.0000E+00  0.0000E+00  0.0000E+00  0.0000E+00
 4.7574E+02  0.0000E+00  0.0000E+00  0.0000E+00  0.0000E+00  0.0000E+00
 4.7938E+02  0.0000E+00  0.0000E+00  0.0000E+00  0.0000E+00  0.0000E+00
 4.8305E+02  0.0000E+00  0.0000E+00  0.0000E+00  0.0000E+00  0.0000E+00
 4.8675E+02  0.0000E+00  0.0000E+00  0.0000E+00  0.0000E+00  0.0000E+00
 4.9048E+02  0.0000E+00  0.0000E+00  0.0000E+00  0.0000E+00  0.0000E+00
 4.9424E+02  0.0000E+00  0.0000E+00  0.0000E+00  0.0000E+00  0.0000E+00
 4.9802E+02  0.0000E+00  0.0000E+00  0.0000E+00  0.0000E+00  0.0000E+00
 5.0183E+02  0.0000E+00  0.0000E+00  0.0000E+00  0.0000E+00  0.0000E+00
 5.0568E+02  0.0000E+00  0.0000E+00  0.0000E+00  0.0000E+00  0.0000E+00
 5.0955E+02  0.0000E+00  0.0000E+00  0.0000E+00  0.0000E+00  0.0000E+00
 5.1345E+02  0.0000E+00  0.0000E+00  0.0000E+00  0.0000E+00  0.0000E+00
 5.1738E+02  0.0000E+00  0.0000E+00  0.0000E+00  0.0000E+00  0.0000E+00
 5.2135E+02  0.0000E+00  0.0000E+00  0.0000E+00  0.0000E+00  0.0000E+00
 5.2534E+02  0.0000E+00  0.0000E+00  0.0000E+00  0.0000E+00  0.0000E+00
 5.2936E+02  0.0000E+00  0.0000E+00  0.0000E+00  0.0000E+00  0.0000E+00
 5.3342E+02  0.0000E+00  0.0000E+00  0.0000E+00  0.0000E+00  0.0000E+00
 5.3750E+02  0.0000E+00  0.0000E+00  0.0000E+00  0.0000E+00  0.0000E+00
 5.4162E+02  0.0000E+00  0.0000E+00  0.0000E+00  0.0000E+00  0.0000E+00
 5.4577E+02  0.0000E+00  0.0000E+00  0.0000E+00  0.0000E+00  0.0000E+00
 5.4995E+02  0.0000E+00  0.0000E+00  0.0000E+00  0.0000E+00  0.0000E+00
 5.5416E+02  0.0000E+00  0.0000E+00  0.0000E+00  0.0000E+00  0.0000E+00
 5.5840E+02  0.0000E+00  0.0000E+00  0.0000E+00  0.0000E+00  0.0000E+00
 5.6268E+02  0.0000E+00  0.0000E+00  0.0000E+00  0.0000E+00  0.0000E+00
 5.6699E+02  0.0000E+00  0.0000E+00  0.0000E+00  0.0000E+00  0.0000E+00
 5.7133E+02  0.0000E+00  0.0000E+00  0.0000E+00  0.0000E+00  0.0000E+00
 5.7571E+02  0.0000E+00  0.0000E+00  0.0000E+00  0.0000E+00  0.0000E+00
 5.8011E+02  0.0000E+00  0.0000E+00  0.0000E+00  0.0000E+00  0.0000E+00
 5.8456E+02  0.0000E+00  0.0000E+00  0.0000E+00  0.0000E+00  0.0000E+00
 5.8903E+02  0.0000E+00  0.0000E+00  0.0000E+00  0.0000E+00  0.0000E+00
 5.9354E+02  0.0000E+00  0.0000E+00  0.0000E+00  0.0000E+00  0.0000E+00
 5.9809E+02  0.0000E+00  0.0000E+00  0.0000E+00  0.0000E+00  0.0000E+00
 6.0267E+02  0.0000E+00  0.0000E+00  0.0000E+00  0.0000E+00  0.0000E+00
 6.0729E+02  0.0000E+00  0.0000E+00  0.0000E+00  0.0000E+00  0.0000E+00
 6.1194E+02  0.0000E+00  0.0000E+00  0.0000E+00  0.0000E+00  0.0000E+00
 6.1662E+02  0.0000E+00  0.0000E+00  0.0000E+00  0.0000E+00  0.0000E+00
 6.2135E+02  0.0000E+00  0.0000E+00  0.0000E+00  0.0000E+00  0.0000E+00
 6.2610E+02  0.0000E+00  0.0000E+00  0.0000E+00  0.0000E+00  0.0000E+00
 6.3090E+02  0.0000E+00  0.0000E+00  0.0000E+00  0.0000E+00  0.0000E+00
 6.3573E+02  0.0000E+00  0.0000E+00  0.0000E+00  0.0000E+00  0.0000E+00
 6.4060E+02  0.0000E+00  0.0000E+00  0.0000E+00  0.0000E+00  0.0000E+00
 6.4551E+02  0.0000E+00  0.0000E+00  0.0000E+00  0.0000E+00  0.0000E+00
 6.5045E+02  0.0000E+00  0.0000E+00  0.0000E+00  0.0000E+00  0.0000E+00
 6.5543E+02  0.0000E+00  0.0000E+00  0.0000E+00  0.0000E+00  0.0000E+00
 6.6045E+02  0.0000E+00  0.0000E+00  0.0000E+00  0.0000E+00  0.0000E+00
 6.6551E+02  0.0000E+00  0.0000E+00  0.0000E+00  0.0000E+00  0.0000E+00
 6.7060E+02  0.0000E+00  0.0000E+00  0.0000E+00  0.0000E+00  0.0000E+00
 6.7574E+02  0.0000E+00  0.0000E+00  0.0000E+00  0.0000E+00  0.0000E+00
 6.8092E+02  0.0000E+00  0.0000E+00  0.0000E+00  0.0000E+00  0.0000E+00
 6.8613E+02  0.0000E+00  0.0000E+00  0.0000E+00  0.0000E+00  0.0000E+00
 6.9138E+02  0.0000E+00  0.0000E+00  0.0000E+00  0.0000E+00  0.0000E+00
 6.9668E+02  0.0000E+00  0.0000E+00  0.0000E+00  0.0000E+00  0.0000E+00
 7.0201E+02  0.0000E+00  0.0000E+00  0.0000E+00  0.0000E+00  0.0000E+00
 7.0739E+02  0.0000E+00  0.0000E+00  0.0000E+00  0.0000E+00  0.0000E+00
 7.1281E+02  0.0000E+00  0.0000E+00  0.0000E+00  0.0000E+00  0.0000E+00
 7.1827E+02  0.0000E+00  0.0000E+00  0.0000E+00  0.0000E+00  0.0000E+00
 7.2377E+02  0.0000E+00  0.0000E+00  0.0000E+00  0.0000E+00  0.0000E+00
 7.2931E+02  0.0000E+00  0.0000E+00  0.0000E+00  0.0000E+00  0.0000E+00
 7.3490E+02  0.0000E+00  0.0000E+00  0.0000E+00  0.0000E+00  0.0000E+00
 7.4052E+02  0.0000E+00  0.0000E+00  0.0000E+00  0.0000E+00  0.0000E+00
 7.4620E+02  0.0000E+00  0.0000E+00  0.0000E+00  0.0000E+00  0.0000E+00
 7.5191E+02  0.0000E+00  0.0000E+00  0.0000E+00  0.0000E+00  0.0000E+00
 7.5767E+02  0.0000E+00  0.0000E+00  0.0000E+00  0.0000E+00  0.0000E+00
 7.6347E+02  0.0000E+00  0.0000E+00  0.0000E+00  0.0000E+00  0.0000E+00
 7.6932E+02  0.0000E+00  0.0000E+00  0.0000E+00  0.0000E+00  0.0000E+00
 7.7521E+02  0.0000E+00  0.0000E+00  0.0000E+00  0.0000E+00  0.0000E+00
 7.8115E+02  0.0000E+00  0.0000E+00  0.0000E+00  0.0000E+00  0.0000E+00
 7.8713E+02  0.0000E+00  0.0000E+00  0.0000E+00  0.0000E+00  0.0000E+00
 7.9316E+02  0.0000E+00  0.0000E+00  0.0000E+00  0.0000E+00  0.0000E+00
 7.9923E+02  0.0000E+00  0.0000E+00  0.0000E+00  0.0000E+00  0.0000E+00
 8.0535E+02  0.0000E+00  0.0000E+00  0.0000E+00  0.0000E+00  0.0000E+00
 8.1152E+02  0.0000E+00  0.0000E+00  0.0000E+00  0.0000E+00  0.0000E+00
 8.1774E+02  0.0000E+00  0.0000E+00  0.0000E+00  0.0000E+00  0.0000E+00
 8.2400E+02  0.0000E+00  0.0000E+00  0.0000E+00  0.0000E+00  0.0000E+00
 8.3031E+02  0.0000E+00  0.0000E+00  0.0000E+00  0.0000E+00  0.0000E+00
 8.3667E+02  0.0000E+00  0.0000E+00  0.0000E+00  0.0000E+00  0.0000E+00
 8.4307E+02  0.0000E+00  0.0000E+00  0.0000E+00  0.0000E+00  0.0000E+00
 8.4953E+02  0.0000E+00  0.0000E+00  0.0000E+00  0.0000E+00  0.0000E+00
 8.5604E+02  0.0000E+00  0.0000E+00  0.0000E+00  0.0000E+00  0.0000E+00
 8.6259E+02  0.0000E+00  0.0000E+00  0.0000E+00  0.0000E+00  0.0000E+00
 8.6920E+02  0.0000E+00  0.0000E+00  0.0000E+00  0.0000E+00  0.0000E+00
 8.7586E+02  0.0000E+00  0.0000E+00  0.0000E+00  0.0000E+00  0.0000E+00
 8.8256E+02  0.0000E+00  0.0000E+00  0.0000E+00  0.0000E+00  0.0000E+00
 8.8932E+02  0.0000E+00  0.0000E+00  0.0000E+00  0.0000E+00  0.0000E+00
 8.9613E+02  0.0000E+00  0.0000E+00  0.0000E+00  0.0000E+00  0.0000E+00
 9.0300E+02  0.0000E+00  0.0000E+00  0.0000E+00  0.0000E+00  0.0000E+00
 9.0991E+02  0.0000E+00  0.0000E+00  0.0000E+00  0.0000E+00  0.0000E+00
 9.1688E+02  0.0000E+00  0.0000E+00  0.0000E+00  0.0000E+00  0.0000E+00
 9.2390E+02  0.0000E+00  0.0000E+00  0.0000E+00  0.0000E+00  0.0000E+00
 9.3098E+02  0.0000E+00  0.0000E+00  0.0000E+00  0.0000E+00  0.0000E+00
 9.3811E+02  4.3148E-04  2.7501E-02 -1.0910E-03 -1.3920E-01  1.0000E+00
 9.4529E+02  4.3368E-04  2.7431E-02 -1.0793E-03 -1.3667E-01  1.0000E+00
 9.5253E+02  4.3590E-04  2.7362E-02 -1.0677E-03 -1.3416E-01  1.0000E+00
 9.5983E+02  4.3812E-04  2.7292E-02 -1.0560E-03 -1.3169E-01  1.0000E+00
 9.6718E+02  4.4036E-04  2.7223E-02 -1.0443E-03 -1.2924E-01  1.0000E+00
 9.7458E+02  4.4261E-04  2.7154E-02 -1.0326E-03 -1.2682E-01  1.0000E+00
 9.8205E+02  4.4488E-04  2.7085E-02 -1.0210E-03 -1.2444E-01  1.0000E+00
 9.8957E+02  4.4716E-04  2.7017E-02 -1.0093E-03 -1.2208E-01  1.0000E+00
 9.9715E+02  4.4947E-04  2.6950E-02 -9.9760E-04 -1.1975E-01  1.0000E+00
 1.0048E+03  4.5182E-04  2.6885E-02 -9.8592E-04 -1.1745E-01  1.0000E+00
 1.0125E+03  4.5420E-04  2.6821E-02 -9.7424E-04 -1.1517E-01  1.0000E+00
 1.0202E+03  4.5661E-04  2.6758E-02 -9.6256E-04 -1.1293E-01  1.0000E+00
 1.0280E+03  4.5905E-04  2.6697E-02 -9.5088E-04 -1.1071E-01  1.0000E+00
 1.0359E+03  4.6153E-04  2.6637E-02 -9.3920E-04 -1.0852E-01  1.0000E+00
 1.0439E+03  4.6404E-04  2.6578E-02 -9.2753E-04 -1.0636E-01  1.0000E+00
 1.0518E+03  4.6659E-04  2.6520E-02 -9.1585E-04 -1.0422E-01  1.0000E+00
 1.0599E+03  4.6917E-04  2.6464E-02 -9.0417E-04 -1.0211E-01  1.0000E+00
 1.0680E+03  4.7178E-04  2.6409E-02 -8.9249E-04 -1.0002E-01  1.0000E+00
 1.0762E+03  4.7443E-04  2.6355E-02 -8.8081E-04 -9.7963E-02  1.0000E+00
 1.0844E+03  4.7711E-04  2.6302E-02 -8.6913E-04 -9.5929E-02  1.0000E+00
 1.0927E+03  4.7983E-04  2.6251E-02 -8.5745E-04 -9.3921E-02  1.0000E+00
 1.1011E+03  4.8258E-04  2.6201E-02 -8.4577E-04 -9.1937E-02  1.0000E+00
 1.1095E+03  4.8536E-04  2.6151E-02 -8.3408E-04 -8.9978E-02  1.0000E+00
 1.1180E+03  4.8819E-04  2.6103E-02 -8.2240E-04 -8.8044E-02  1.0000E+00
 1.1266E+03  4.9104E-04  2.6056E-02 -8.1072E-04 -8.6134E-02  1.0000E+00
 1.1352E+03  4.9394E-04  2.6011E-02 -7.9904E-04 -8.4247E-02  1.0000E+00
 1.1439E+03  4.9687E-04  2.5966E-02 -7.8736E-04 -8.2385E-02  1.0000E+00
 1.1527E+03  4.9984E-04  2.5922E-02 -7.7567E-04 -8.0545E-02  1.0000E+00
 1.1615E+03  5.0284E-04  2.5879E-02 -7.6399E-04 -7.8729E-02  1.0000E+00
 1.1704E+03  5.0588E-04  2.5838E-02 -7.5231E-04 -7.6936E-02  1.0000E+00
 1.1794E+03  5.0896E-04  2.5797E-02 -7.4063E-04 -7.5166E-02  1.0000E+00
 1.1884E+03  5.1207E-04  2.5758E-02 -7.2894E-04 -7.3418E-02  1.0000E+00
 1.1975E+03  5.1523E-04  2.5719E-02 -7.1726E-04 -7.1692E-02  1.0000E+00
 1.2067E+03  5.1842E-04  2.5681E-02 -7.0557E-04 -6.9988E-02  1.0000E+00
 1.2159E+03  5.2165E-04  2.5645E-02 -6.9389E-04 -6.8306E-02  1.0000E+00
 1.2252E+03  5.2491E-04  2.5609E-02 -6.8220E-04 -6.6645E-02  1.0000E+00
 1.2346E+03  5.2822E-04  2.5574E-02 -6.7052E-04 -6.5006E-02  1.0000E+00
 1.2441E+03  5.3156E-04  2.5540E-02 -6.5883E-04 -6.3387E-02  1.0000E+00
 1.2536E+03  5.3495E-04  2.5507E-02 -6.4715E-04 -6.1790E-02  1.0000E+00
 1.2632E+03  5.3837E-04  2.5475E-02 -6.3546E-04 -6.0213E-02  1.0000E+00
 1.2729E+03  5.4183E-04  2.5444E-02 -6.2377E-04 -5.8656E-02  1.0000E+00
 1.2826E+03  5.4534E-04  2.5414E-02 -6.1209E-04 -5.7120E-02  1.0000E+00
 1.2924E+03  5.4888E-04  2.5384E-02 -6.0040E-04 -5.5603E-02  1.0000E+00
 1.3023E+03  5.5246E-04  2.5355E-02 -5.8871E-04 -5.4106E-02  1.0000E+00
 1.3123E+03  5.5609E-04  2.5327E-02 -5.7702E-04 -5.2629E-02  1.0000E+00
 1.3224E+03  5.5975E-04  2.5300E-02 -5.6533E-04 -5.1171E-02  1.0000E+00
 1.3325E+03  5.6346E-04  2.5274E-02 -5.5364E-04 -4.9732E-02  1.0000E+00
 1.3427E+03  5.6721E-04  2.5249E-02 -5.4195E-04 -4.8312E-02  1.0000E+00
 1.3530E+03  5.7100E-04  2.5224E-02 -5.3026E-04 -4.6911E-02  1.0000E+00
 1.3633E+03  5.7483E-04  2.5200E-02 -5.1857E-04 -4.5528E-02  1.0000E+00
 1.3738E+03  5.7871E-04  2.5177E-02 -5.0688E-04 -4.4163E-02  1.0000E+00
 1.3843E+03  5.8262E-04  2.5154E-02 -4.9519E-04 -4.2817E-02  1.0000E+00
 1.3949E+03  5.8658E-04  2.5133E-02 -4.8350E-04 -4.1488E-02  1.0000E+00
 1.4056E+03  5.9059E-04  2.5111E-02 -4.7181E-04 -4.0177E-02  1.0000E+00
 1.4164E+03  5.9463E-04  2.5091E-02 -4.6011E-04 -3.8884E-02  1.0000E+00
 1.4272E+03  5.9872E-04  2.5071E-02 -4.4842E-04 -3.7607E-02  1.0000E+00
 1.4381E+03  6.0286E-04  2.5052E-02 -4.3673E-04 -3.6348E-02  1.0000E+00
 1.4491E+03  6.0704E-04  2.5034E-02 -4.2503E-04 -3.5106E-02  1.0000E+00
 1.4602E+03  6.1126E-04  2.5016E-02 -4.1334E-04 -3.3881E-02  1.0000E+00
 1.4714E+03  6.1553E-04  2.4999E-02 -4.0164E-04 -3.2672E-02  1.0000E+00
 1.4827E+03  6.1984E-04  2.4983E-02 -3.8995E-04 -3.1479E-02  1.0000E+00
 1.4940E+03  6.2420E-04  2.4967E-02 -3.7825E-04 -3.0303E-02  1.0000E+00
 1.5055E+03  6.2860E-04  2.4952E-02 -3.6655E-04 -2.9143E-02  1.0000E+00
 1.5170E+03  6.3305E-04  2.4937E-02 -3.5486E-04 -2.7998E-02  1.0000E+00
 1.5286E+03  6.3754E-04  2.4923E-02 -3.4316E-04 -2.6870E-02  1.0000E+00
 1.5403E+03  6.4208E-04  2.4909E-02 -3.3146E-04 -2.5756E-02  1.0000E+00
 1.5521E+03  6.4667E-04  2.4896E-02 -3.1976E-04 -2.4659E-02  1.0000E+00
 1.5640E+03  6.5130E-04  2.4884E-02 -3.0806E-04 -2.3576E-02  1.0000E+00
 1.5760E+03  6.5599E-04  2.4872E-02 -2.9636E-04 -2.2508E-02  1.0000E+00
 1.5881E+03  6.6071E-04  2.4861E-02 -2.8466E-04 -2.1455E-02  1.0000E+00
 1.6002E+03  6.6549E-04  2.4850E-02 -2.7296E-04 -2.0417E-02  1.0000E+00
 1.6125E+03  6.7031E-04  2.4839E-02 -2.6126E-04 -1.9393E-02  1.0000E+00
 1.6248E+03  6.7519E-04  2.4829E-02 -2.4955E-04 -1.8383E-02  1.0000E+00
 1.6373E+03  6.8011E-04  2.4820E-02 -2.3785E-04 -1.7388E-02  1.0000E+00
 1.6498E+03  6.8507E-04  2.4811E-02 -2.2615E-04 -1.6407E-02  1.0000E+00
 1.6625E+03  6.9009E-04  2.4802E-02 -2.1444E-04 -1.5440E-02  1.0000E+00
 1.6752E+03  6.9516E-04  2.4794E-02 -2.0274E-04 -1.4486E-02  1.0000E+00
 1.6880E+03  7.0027E-04  2.4786E-02 -1.9103E-04 -1.3546E-02  1.0000E+00
 1.7009E+03  7.0543E-04  2.4779E-02 -1.7933E-04 -1.2619E-02  1.0000E+00
 1.7140E+03  7.1063E-04  2.4772E-02 -1.6762E-04 -1.1706E-02  1.0000E+00
 1.7271E+03  7.1588E-04  2.4765E-02 -1.5591E-04 -1.0805E-02  1.0000E+00
 1.7403E+03  7.2118E-04  2.4758E-02 -1.4420E-04 -9.9178E-03  1.0000E+00
 1.7537E+03  7.2652E-04  2.4751E-02 -1.3249E-04 -9.0432E-03  1.0000E+00
 1.7671E+03  7.3191E-04  2.4745E-02 -1.2078E-04 -8.1813E-03  1.0000E+00
 1.7806E+03  7.3734E-04  2.4739E-02 -1.0907E-04 -7.3320E-03  1.0000E+00
 1.7943E+03  7.4283E-04  2.4733E-02 -9.7362E-05 -6.4950E-03  1.0000E+00
 1.8080E+03  7.4836E-04  2.4728E-02 -8.5650E-05 -5.6702E-03  1.0000E+00
 1.8218E+03  7.5393E-04  2.4722E-02 -7.3937E-05 -4.8576E-03  1.0000E+00
 1.8358E+03  7.5956E-04  2.4717E-02 -6.2223E-05 -4.0570E-03  1.0000E+00
 1.8499E+03  7.6523E-04  2.4712E-02 -5.0509E-05 -3.2682E-03  1.0000E+00
 1.8640E+03  7.7094E-04  2.4707E-02 -3.8794E-05 -2.4910E-03  1.0000E+00
 1.8783E+03  7.7671E-04  2.4702E-02 -2.7078E-05 -1.7255E-03  1.0000E+00
 1.8927E+03  7.8252E-04  2.4698E-02 -1.5361E-05 -9.7142E-04  1.0000E+00
 1.9072E+03  7.8838E-04  2.4693E-02 -3.6430E-06 -2.2863E-04  1.0000E+00
 1.9218E+03  7.9428E-04  2.4689E-02  8.0755E-06  5.0297E-04  1.0000E+00
 1.9365E+03  8.0023E-04  2.4684E-02  1.9795E-05  1.2235E-03  1.0000E+00
 1.9513E+03  8.0623E-04  2.4680E-02  3.1515E-05  1.9331E-03  1.0000E+00
 1.9663E+03  8.1228E-04  2.4676E-02  4.3236E-05  2.6319E-03  1.0000E+00
 1.9813E+03  8.1837E-04  2.4671E-02  5.4958E-05  3.3201E-03  1.0000E+00
 1.9965E+03  8.2451E-04  2.4667E-02  6.6681E-05  3.9977E-03  1.0000E+00
 2.0118E+03  8.3070E-04  2.4663E-02  7.8405E-05  4.6648E-03  1.0000E+00
 2.0272E+03  8.3693E-04  2.4659E-02  9.0130E-05  5.3216E-03  1.0000E+00
 2.0427E+03  8.4321E-04  2.4655E-02  1.0186E-04  5.9682E-03  1.0000E+00
 2.0584E+03  8.4954E-04  2.4651E-02  1.1358E-04  6.6048E-03  1.0000E+00
 2.0741E+03  8.5591E-04  2.4646E-02  1.2531E-04  7.2314E-03  1.0000E+00
 2.0900E+03  8.6233E-04  2.4642E-02  1.3704E-04  7.8481E-03  1.0000E+00
 2.1060E+03  8.6880E-04  2.4638E-02  1.4877E-04  8.4551E-03  1.0000E+00
 2.1222E+03  8.7531E-04  2.4634E-02  1.6050E-04  9.0524E-03  1.0000E+00
 2.1384E+03  8.8187E-04  2.4629E-02  1.7223E-04  9.6403E-03  1.0000E+00
 2.1548E+03  8.8847E-04  2.4625E-02  1.8396E-04  1.0219E-02  1.0000E+00
 2.1713E+03  8.9512E-04  2.4620E-02  1.9570E-04  1.0788E-02  1.0000E+00
 2.1879E+03  9.0182E-04  2.4615E-02  2.0743E-04  1.1348E-02  1.0000E+00
 2.2047E+03  9.0856E-04  2.4610E-02  2.1917E-04  1.1899E-02  1.0000E+00
 2.2216E+03  9.1535E-04  2.4605E-02  2.3090E-04  1.2441E-02  1.0000E+00
 2.2386E+03  9.2218E-04  2.4600E-02  2.4264E-04  1.2974E-02  1.0000E+00
 2.2557E+03  9.2905E-04  2.4595E-02  2.5438E-04  1.3498E-02  1.0000E+00
 2.2730E+03  9.3597E-04  2.4589E-02  2.6612E-04  1.4014E-02  1.0000E+00
 2.2904E+03  9.4294E-04  2.4584E-02  2.7786E-04  1.4521E-02  1.0000E+00
 2.3079E+03  9.4995E-04  2.4578E-02  2.8960E-04  1.5019E-02  1.0000E+00
 2.3256E+03  9.5700E-04  2.4571E-02  3.0135E-04  1.5510E-02  1.0000E+00
 2.3434E+03  9.6410E-04  2.4565E-02  3.1309E-04  1.5992E-02  1.0000E+00
 2.3614E+03  9.7123E-04  2.4558E-02  3.2484E-04  1.6466E-02  1.0000E+00
 2.3794E+03  9.7842E-04  2.4552E-02  3.3659E-04  1.6931E-02  1.0000E+00
 2.3977E+03  9.8564E-04  2.4544E-02  3.4833E-04  1.7389E-02  1.0000E+00
 2.4160E+03  9.9291E-04  2.4537E-02  3.6008E-04  1.7839E-02  1.0000E+00
 2.4345E+03  1.0002E-03  2.4529E-02  3.7184E-04  1.8281E-02  1.0000E+00
 2.4532E+03  1.0076E-03  2.4521E-02  3.8359E-04  1.8716E-02  1.0000E+00
 2.4720E+03  1.0150E-03  2.4513E-02  3.9534E-04  1.9143E-02  1.0000E+00
 2.4909E+03  1.0224E-03  2.4504E-02  4.0710E-04  1.9562E-02  1.0000E+00
 2.5100E+03  1.0299E-03  2.4495E-02  4.1885E-04  1.9974E-02  1.0000E+00
 2.5292E+03  1.0374E-03  2.4486E-02  4.3061E-04  2.0379E-02  1.0000E+00
 2.5486E+03  1.0449E-03  2.4476E-02  4.4237E-04  2.0776E-02  1.0000E+00
 2.5681E+03  1.0525E-03  2.4466E-02  4.5413E-04  2.1166E-02  1.0000E+00
 2.5878E+03  1.0601E-03  2.4456E-02  4.6589E-04  2.1549E-02  1.0000E+00
 2.6076E+03  1.0678E-03  2.4445E-02  4.7765E-04  2.1925E-02  1.0000E+00
 2.6275E+03  1.0755E-03  2.4433E-02  4.8942E-04  2.2295E-02  1.0000E+00
 2.6477E+03  1.0832E-03  2.4422E-02  5.0118E-04  2.2657E-02  1.0000E+00
 2.6679E+03  1.0910E-03  2.4410E-02  5.1295E-04  2.3013E-02  1.0000E+00
 2.6884E+03  1.0988E-03  2.4397E-02  5.2472E-04  2.3362E-02  1.0000E+00
 2.7090E+03  1.1067E-03  2.4384E-02  5.3649E-04  2.3705E-02  1.0000E+00
 2.7297E+03  1.1145E-03  2.4370E-02  5.4826E-04  2.4041E-02  1.0000E+00
 2.7506E+03  1.1224E-03  2.4356E-02  5.6004E-04  2.4370E-02  1.0000E+00
 2.7717E+03  1.1304E-03  2.4341E-02  5.7181E-04  2.4694E-02  1.0000E+00
 2.7929E+03  1.1383E-03  2.4326E-02  5.8359E-04  2.5011E-02  1.0000E+00
 2.8143E+03  1.1463E-03  2.4310E-02  5.9537E-04  2.5321E-02  1.0000E+00
 2.8358E+03  1.1543E-03  2.4293E-02  6.0715E-04  2.5626E-02  1.0000E+00
 2.8576E+03  1.1624E-03  2.4276E-02  6.1893E-04  2.5925E-02  1.0000E+00
 2.8794E+03  1.1704E-03  2.4258E-02  6.3071E-04  2.6218E-02  1.0000E+00
 2.9015E+03  1.1785E-03  2.4240E-02  6.4250E-04  2.6505E-02  1.0000E+00
 2.9237E+03  1.1866E-03  2.4221E-02  6.5428E-04  2.6786E-02  1.0000E+00
 2.9461E+03  1.1948E-03  2.4201E-02  6.6607E-04  2.7061E-02  1.0000E+00
 2.9687E+03  1.2029E-03  2.4181E-02  6.7786E-04  2.7331E-02  1.0000E+00
 2.9914E+03  1.2111E-03  2.4160E-02  6.8965E-04  2.7595E-02  1.0000E+00
 3.0143E+03  1.2193E-03  2.4138E-02  7.0145E-04  2.7853E-02  1.0000E+00
 3.0374E+03  1.2276E-03  2.4116E-02  7.1324E-04  2.8107E-02  1.0000E+00
 3.0607E+03  1.2358E-03  2.4093E-02  7.2504E-04  2.8354E-02  1.0000E+00
 3.0841E+03  1.2441E-03  2.4070E-02  7.3684E-04  2.8597E-02  1.0000E+00
 3.1077E+03  1.2524E-03  2.4046E-02  7.4864E-04  2.8834E-02  1.0000E+00
 3.1315E+03  1.2608E-03  2.4021E-02  7.6044E-04  2.9066E-02  1.0000E+00
 3.1555E+03  1.2691E-03  2.3996E-02  7.7225E-04  2.9293E-02  1.0000E+00
 3.1797E+03  1.2775E-03  2.3970E-02  7.8406E-04  2.9515E-02  1.0000E+00
 3.2040E+03  1.2859E-03  2.3943E-02  7.9587E-04  2.9731E-02  1.0000E+00
 3.2286E+03  1.2943E-03  2.3916E-02  8.0768E-04  2.9943E-02  1.0000E+00
 3.2533E+03  1.3027E-03  2.3888E-02  8.1949E-04  3.0150E-02  1.0000E+00
 3.2782E+03  1.3111E-03  2.3860E-02  8.3130E-04  3.0353E-02  1.0000E+00
 3.3033E+03  1.3196E-03  2.3831E-02  8.4312E-04  3.0550E-02  1.0000E+00
 3.3286E+03  1.3281E-03  2.3801E-02  8.5494E-04  3.0743E-02  1.0000E+00
 3.3541E+03  1.3366E-03  2.3771E-02  8.6676E-04  3.0931E-02  1.0000E+00
 3.3798E+03  1.3451E-03  2.3740E-02  8.7859E-04  3.1115E-02  1.0000E+00
 3.4057E+03  1.3537E-03  2.3708E-02  8.9041E-04  3.1294E-02  1.0000E+00
 3.4317E+03  1.3622E-03  2.3676E-02  9.0224E-04  3.1469E-02  1.0000E+00
 3.4580E+03  1.3708E-03  2.3644E-02  9.1407E-04  3.1639E-02  1.0000E+00
 3.4845E+03  1.3794E-03  2.3610E-02  9.2590E-04  3.1805E-02  1.0000E+00
 3.5112E+03  1.3880E-03  2.3576E-02  9.3774E-04  3.1967E-02  1.0000E+00
 3.5381E+03  1.3966E-03  2.3542E-02  9.4957E-04  3.2124E-02  1.0000E+00
 3.5652E+03  1.4052E-03  2.3507E-02  9.6141E-04  3.2278E-02  1.0000E+00
 3.5925E+03  1.4138E-03  2.3471E-02  9.7325E-04  3.2427E-02  1.0000E+00
 3.6200E+03  1.4225E-03  2.3434E-02  9.8510E-04  3.2572E-02  1.0000E+00
 3.6477E+03  1.4312E-03  2.3397E-02  9.9694E-04  3.2713E-02  1.0000E+00
 3.6757E+03  1.4399E-03  2.3360E-02  1.0088E-03  3.2850E-02  1.0000E+00
 3.7038E+03  1.4485E-03  2.3321E-02  1.0206E-03  3.2984E-02  1.0000E+00
 3.7322E+03  1.4572E-03  2.3283E-02  1.0325E-03  3.3113E-02  1.0000E+00
 3.7608E+03  1.4660E-03  2.3243E-02  1.0444E-03  3.3239E-02  1.0000E+00
 3.7896E+03  1.4747E-03  2.3203E-02  1.0562E-03  3.3361E-02  1.0000E+00
 3.8186E+03  1.4834E-03  2.3162E-02  1.0681E-03  3.3479E-02  1.0000E+00
 3.8478E+03  1.4921E-03  2.3121E-02  1.0799E-03  3.3594E-02  1.0000E+00
 3.8773E+03  1.5009E-03  2.3079E-02  1.0918E-03  3.3705E-02  1.0000E+00
 3.9070E+03  1.5096E-03  2.3037E-02  1.1037E-03  3.3812E-02  1.0000E+00
 3.9369E+03  1.5184E-03  2.2994E-02  1.1155E-03  3.3916E-02  1.0000E+00
 3.9671E+03  1.5272E-03  2.2950E-02  1.1274E-03  3.4017E-02  1.0000E+00
 3.9974E+03  1.5359E-03  2.2906E-02  1.1393E-03  3.4114E-02  1.0000E+00
 4.0281E+03  1.5447E-03  2.2861E-02  1.1512E-03  3.4208E-02  1.0000E+00
 4.0589E+03  1.5535E-03  2.2815E-02  1.1631E-03  3.4298E-02  1.0000E+00
 4.0900E+03  1.5623E-03  2.2769E-02  1.1750E-03  3.4385E-02  1.0000E+00
 4.1213E+03  1.5711E-03  2.2723E-02  1.1868E-03  3.4469E-02  1.0000E+00
 4.1529E+03  1.5799E-03  2.2675E-02  1.1987E-03  3.4550E-02  1.0000E+00
 4.1847E+03  1.5887E-03  2.2628E-02  1.2106E-03  3.4628E-02  1.0000E+00
 4.2167E+03  1.5975E-03  2.2579E-02  1.2225E-03  3.4702E-02  1.0000E+00
 4.2490E+03  1.6063E-03  2.2530E-02  1.2344E-03  3.4774E-02  1.0000E+00
 4.2816E+03  1.6151E-03  2.2481E-02  1.2463E-03  3.4842E-02  1.0000E+00
 4.3143E+03  1.6239E-03  2.2431E-02  1.2582E-03  3.4908E-02  1.0000E+00
 4.3474E+03  1.6328E-03  2.2382E-02  1.2702E-03  3.4970E-02  1.0000E+00
 4.3807E+03  1.6417E-03  2.2332E-02  1.2821E-03  3.5030E-02  1.0000E+00
 4.4142E+03  1.6506E-03  2.2282E-02  1.2940E-03  3.5087E-02  1.0000E+00
 4.4480E+03  1.6596E-03  2.2232E-02  1.3059E-03  3.5141E-02  1.0000E+00
 4.4821E+03  1.6685E-03  2.2182E-02  1.3178E-03  3.5192E-02  1.0000E+00
 4.5164E+03  1.6776E-03  2.2132E-02  1.3298E-03  3.5241E-02  1.0000E+00
 4.5510E+03  1.6866E-03  2.2081E-02  1.3417E-03  3.5287E-02  1.0000E+00
 4.5859E+03  1.6957E-03  2.2031E-02  1.3536E-03  3.5330E-02  1.0000E+00
 4.6210E+03  1.7048E-03  2.1980E-02  1.3656E-03  3.5371E-02  1.0000E+00
 4.6564E+03  1.7140E-03  2.1929E-02  1.3775E-03  3.5409E-02  1.0000E+00
 4.6920E+03  1.7232E-03  2.1879E-02  1.3894E-03  3.5445E-02  1.0000E+00
 4.7280E+03  1.7324E-03  2.1827E-02  1.4014E-03  3.5478E-02  1.0000E+00
 4.7642E+03  1.7416E-03  2.1776E-02  1.4133E-03  3.5508E-02  1.0000E+00
 4.8007E+03  1.7509E-03  2.1725E-02  1.4253E-03  3.5537E-02  1.0000E+00
 4.8374E+03  1.7602E-03  2.1674E-02  1.4373E-03  3.5562E-02  1.0000E+00
 4.8745E+03  1.7695E-03  2.1622E-02  1.4492E-03  3.5586E-02  1.0000E+00
 4.9118E+03  1.7788E-03  2.1570E-02  1.4612E-03  3.5607E-02  1.0000E+00
 4.9494E+03  1.7882E-03  2.1518E-02  1.4732E-03  3.5626E-02  1.0000E+00
 4.9873E+03  1.7976E-03  2.1466E-02  1.4851E-03  3.5643E-02  1.0000E+00
 5.0255E+03  1.8070E-03  2.1414E-02  1.4971E-03  3.5657E-02  1.0000E+00
 5.0640E+03  1.8165E-03  2.1362E-02  1.5091E-03  3.5669E-02  1.0000E+00
 5.1028E+03  1.8260E-03  2.1309E-02  1.5211E-03  3.5679E-02  1.0000E+00
 5.1419E+03  1.8355E-03  2.1257E-02  1.5331E-03  3.5687E-02  1.0000E+00
 5.1812E+03  1.8450E-03  2.1204E-02  1.5451E-03  3.5693E-02  1.0000E+00
 5.2209E+03  1.8546E-03  2.1151E-02  1.5571E-03  3.5697E-02  1.0000E+00
 5.2609E+03  1.8642E-03  2.1098E-02  1.5691E-03  3.5699E-02  1.0000E+00
 5.3012E+03  1.8738E-03  2.1045E-02  1.5811E-03  3.5698E-02  1.0000E+00
 5.3418E+03  1.8834E-03  2.0991E-02  1.5931E-03  3.5696E-02  1.0000E+00
 5.3827E+03  1.8931E-03  2.0937E-02  1.6051E-03  3.5692E-02  1.0000E+00
 5.4239E+03  1.9027E-03  2.0884E-02  1.6171E-03  3.5686E-02  1.0000E+00
 5.4655E+03  1.9124E-03  2.0830E-02  1.6291E-03  3.5678E-02  1.0000E+00
 5.5073E+03  1.9221E-03  2.0776E-02  1.6412E-03  3.5668E-02  1.0000E+00
 5.5495E+03  1.9319E-03  2.0721E-02  1.6532E-03  3.5657E-02  1.0000E+00
 5.5920E+03  1.9416E-03  2.0667E-02  1.6652E-03  3.5644E-02  1.0000E+00
 5.6348E+03  1.9514E-03  2.0612E-02  1.6773E-03  3.5628E-02  1.0000E+00
 5.6780E+03  1.9612E-03  2.0557E-02  1.6893E-03  3.5612E-02  1.0000E+00
 5.7215E+03  1.9710E-03  2.0503E-02  1.7014E-03  3.5593E-02  1.0000E+00
 5.7653E+03  1.9809E-03  2.0447E-02  1.7134E-03  3.5573E-02  1.0000E+00
 5.8094E+03  1.9907E-03  2.0392E-02  1.7255E-03  3.5551E-02  1.0000E+00
 5.8539E+03  2.0006E-03  2.0337E-02  1.7376E-03  3.5528E-02  1.0000E+00
 5.8988E+03  2.0105E-03  2.0281E-02  1.7496E-03  3.5502E-02  1.0000E+00
 5.9439E+03  2.0204E-03  2.0225E-02  1.7617E-03  3.5476E-02  1.0000E+00
 5.9895E+03  2.0303E-03  2.0169E-02  1.7738E-03  3.5448E-02  1.0000E+00
 6.0353E+03  2.0403E-03  2.0113E-02  1.7859E-03  3.5418E-02  1.0000E+00
 6.0815E+03  2.0502E-03  2.0056E-02  1.7980E-03  3.5387E-02  1.0000E+00
 6.1281E+03  2.0602E-03  2.0000E-02  1.8101E-03  3.5354E-02  1.0000E+00
 6.1751E+03  2.0702E-03  1.9943E-02  1.8222E-03  3.5320E-02  1.0000E+00
 6.2223E+03  2.0801E-03  1.9886E-02  1.8343E-03  3.5284E-02  1.0000E+00
 6.2700E+03  2.0901E-03  1.9829E-02  1.8464E-03  3.5248E-02  1.0000E+00
 6.3180E+03  2.1002E-03  1.9771E-02  1.8585E-03  3.5209E-02  1.0000E+00
 6.3664E+03  2.1102E-03  1.9714E-02  1.8706E-03  3.5170E-02  1.0000E+00
 6.4152E+03  2.1202E-03  1.9656E-02  1.8828E-03  3.5129E-02  1.0000E+00
 6.4643E+03  2.1303E-03  1.9599E-02  1.8949E-03  3.5086E-02  1.0000E+00
 6.5138E+03  2.1404E-03  1.9541E-02  1.9070E-03  3.5043E-02  1.0000E+00
 6.5637E+03  2.1506E-03  1.9484E-02  1.9192E-03  3.4998E-02  1.0000E+00
 6.6139E+03  2.1608E-03  1.9426E-02  1.9313E-03  3.4952E-02  1.0000E+00
 6.6646E+03  2.1710E-03  1.9369E-02  1.9435E-03  3.4905E-02  1.0000E+00
 6.7156E+03  2.1813E-03  1.9312E-02  1.9557E-03  3.4856E-02  1.0000E+00
 6.7671E+03  2.1916E-03  1.9254E-02  1.9678E-03  3.4806E-02  1.0000E+00
 6.8189E+03  2.2019E-03  1.9197E-02  1.9800E-03  3.4756E-02  1.0000E+00
 6.8711E+03  2.2123E-03  1.9140E-02  1.9922E-03  3.4704E-02  1.0000E+00
 6.9237E+03  2.2227E-03  1.9083E-02  2.0044E-03  3.4651E-02  1.0000E+00
 6.9768E+03  2.2331E-03  1.9026E-02  2.0166E-03  3.4597E-02  1.0000E+00
 7.0302E+03  2.2436E-03  1.8969E-02  2.0288E-03  3.4541E-02  1.0000E+00
 7.0840E+03  2.2541E-03  1.8912E-02  2.0410E-03  3.4485E-02  1.0000E+00
 7.1383E+03  2.2646E-03  1.8855E-02  2.0532E-03  3.4428E-02  1.0000E+00
 7.1929E+03  2.2752E-03  1.8798E-02  2.0654E-03  3.4370E-02  1.0000E+00
 7.2480E+03  2.2858E-03  1.8741E-02  2.0776E-03  3.4310E-02  1.0000E+00
 7.3035E+03  2.2965E-03  1.8684E-02  2.0899E-03  3.4250E-02  1.0000E+00
 7.3595E+03  2.3072E-03  1.8628E-02  2.1021E-03  3.4189E-02  1.0000E+00
 7.4158E+03  2.3179E-03  1.8571E-02  2.1144E-03  3.4127E-02  1.0000E+00
 7.4726E+03  2.3287E-03  1.8515E-02  2.1266E-03  3.4064E-02  1.0000E+00
 7.5299E+03  2.3395E-03  1.8458E-02  2.1389E-03  3.4000E-02  1.0000E+00
 7.5875E+03  2.3504E-03  1.8402E-02  2.1512E-03  3.3935E-02  1.0000E+00
 7.6456E+03  2.3613E-03  1.8346E-02  2.1634E-03  3.3869E-02  1.0000E+00
 7.7042E+03  2.3722E-03  1.8290E-02  2.1757E-03  3.3802E-02  1.0000E+00
 7.7632E+03  2.3832E-03  1.8234E-02  2.1880E-03  3.3735E-02  1.0000E+00
 7.8226E+03  2.3942E-03  1.8178E-02  2.2003E-03  3.3667E-02  1.0000E+00
 7.8825E+03  2.4052E-03  1.8122E-02  2.2126E-03  3.3598E-02  1.0000E+00
 7.9429E+03  2.4163E-03  1.8066E-02  2.2249E-03  3.3528E-02  1.0000E+00
 8.0037E+03  2.4275E-03  1.8010E-02  2.2372E-03  3.3457E-02  1.0000E+00
 8.0650E+03  2.4387E-03  1.7955E-02  2.2496E-03  3.3386E-02  1.0000E+00
 8.1268E+03  2.4499E-03  1.7899E-02  2.2619E-03  3.3314E-02  1.0000E+00
 8.1890E+03  2.4612E-03  1.7844E-02  2.2742E-03  3.3241E-02  1.0000E+00
 8.2518E+03  2.4725E-03  1.7788E-02  2.2866E-03  3.3168E-02  1.0000E+00
 8.3150E+03  2.4838E-03  1.7733E-02  2.2990E-03  3.3094E-02  1.0000E+00
 8.3786E+03  2.4952E-03  1.7678E-02  2.3113E-03  3.3019E-02  1.0000E+00
 8.4428E+03  2.5067E-03  1.7623E-02  2.3237E-03  3.2943E-02  1.0000E+00
 8.5075E+03  2.5181E-03  1.7568E-02  2.3361E-03  3.2867E-02  1.0000E+00
 8.5726E+03  2.5297E-03  1.7513E-02  2.3485E-03  3.2790E-02  1.0000E+00
 8.6383E+03  2.5413E-03  1.7459E-02  2.3609E-03  3.2713E-02  1.0000E+00
 8.7044E+03  2.5529E-03  1.7404E-02  2.3733E-03  3.2635E-02  1.0000E+00
 8.7711E+03  2.5645E-03  1.7350E-02  2.3857E-03  3.2557E-02  1.0000E+00
 8.8383E+03  2.5763E-03  1.7295E-02  2.3981E-03  3.2477E-02  1.0000E+00
 8.9059E+03  2.5880E-03  1.7241E-02  2.4106E-03  3.2398E-02  1.0000E+00
 8.9741E+03  2.5998E-03  1.7187E-02  2.4230E-03  3.2317E-02  1.0000E+00
 9.0429E+03  2.6117E-03  1.7133E-02  2.4355E-03  3.2237E-02  1.0000E+00
 9.1121E+03  2.6229E-03  1.7075E-02  2.4479E-03  3.2155E-02  1.0000E+00
 9.1819E+03  2.6341E-03  1.7016E-02  2.4604E-03  3.2074E-02  1.0000E+00
 9.2522E+03  2.6453E-03  1.6957E-02  2.4729E-03  3.1991E-02  1.0000E+00
 9.3231E+03  2.6565E-03  1.6899E-02  2.4854E-03  3.1909E-02  1.0000E+00
 9.3945E+03  2.6678E-03  1.6840E-02  2.4979E-03  3.1825E-02  1.0000E+00
 9.4664E+03  2.6791E-03  1.6782E-02  2.5104E-03  3.1742E-02  1.0000E+00
 9.5389E+03  2.6903E-03  1.6723E-02  2.5229E-03  3.1658E-02  1.0000E+00
 9.6120E+03  2.7017E-03  1.6665E-02  2.5355E-03  3.1573E-02  1.0000E+00
 9.6856E+03  2.7130E-03  1.6606E-02  2.5480E-03  3.1488E-02  1.0000E+00
 9.7598E+03  2.7243E-03  1.6548E-02  2.5605E-03  3.1403E-02  1.0000E+00
 9.8345E+03  2.7357E-03  1.6489E-02  2.5731E-03  3.1317E-02  1.0000E+00
 9.9098E+03  2.7471E-03  1.6431E-02  2.5857E-03  3.1231E-02  1.0000E+00
 9.9857E+03  2.7585E-03  1.6372E-02  2.5983E-03  3.1144E-02  1.0000E+00
 1.0062E+04  2.7699E-03  1.6314E-02  2.6109E-03  3.1057E-02  1.0000E+00
 1.0139E+04  2.7814E-03  1.6256E-02  2.6235E-03  3.0970E-02  1.0000E+00
 1.0217E+04  2.7928E-03  1.6197E-02  2.6361E-03  3.0882E-02  1.0000E+00
 1.0295E+04  2.8043E-03  1.6139E-02  2.6487E-03  3.0794E-02  1.0000E+00
 1.0374E+04  2.8158E-03  1.6081E-02  2.6613E-03  3.0706E-02  1.0000E+00
 1.0453E+04  2.8273E-03  1.6023E-02  2.6740E-03  3.0618E-02  1.0000E+00
 1.0533E+04  2.8389E-03  1.5965E-02  2.6866E-03  3.0529E-02  1.0000E+00
 1.0614E+04  2.8504E-03  1.5907E-02  2.6993E-03  3.0440E-02  1.0000E+00
 1.0695E+04  2.8620E-03  1.5849E-02  2.7120E-03  3.0350E-02  1.0000E+00
 1.0777E+04  2.8736E-03  1.5791E-02  2.7247E-03  3.0260E-02  1.0000E+00
 1.0860E+04  2.8852E-03  1.5733E-02  2.7374E-03  3.0170E-02  1.0000E+00
 1.0943E+04  2.8969E-03  1.5675E-02  2.7501E-03  3.0080E-02  1.0000E+00
 1.1027E+04  2.9085E-03  1.5617E-02  2.7628E-03  2.9990E-02  1.0000E+00
 1.1111E+04  2.9202E-03  1.5560E-02  2.7756E-03  2.9899E-02  1.0000E+00
 1.1196E+04  2.9319E-03  1.5502E-02  2.7883E-03  2.9808E-02  1.0000E+00
 1.1282E+04  2.9437E-03  1.5444E-02  2.8011E-03  2.9717E-02  1.0000E+00
 1.1369E+04  2.9554E-03  1.5387E-02  2.8138E-03  2.9626E-02  1.0000E+00
 1.1456E+04  2.9672E-03  1.5329E-02  2.8266E-03  2.9534E-02  1.0000E+00
 1.1543E+04  2.9789E-03  1.5272E-02  2.8394E-03  2.9442E-02  1.0000E+00
 1.1632E+04  2.9907E-03  1.5215E-02  2.8522E-03  2.9350E-02  1.0000E+00
 1.1721E+04  3.0026E-03  1.5157E-02  2.8651E-03  2.9258E-02  1.0000E+00
 1.1811E+04  3.0144E-03  1.5100E-02  2.8779E-03  2.9166E-02  1.0000E+00
 1.1901E+04  3.0263E-03  1.5043E-02  2.8908E-03  2.9074E-02  1.0000E+00
 1.1992E+04  3.0382E-03  1.4986E-02  2.9036E-03  2.8981E-02  1.0000E+00
 1.2084E+04  3.0501E-03  1.4929E-02  2.9165E-03  2.8888E-02  1.0000E+00
 1.2177E+04  3.0620E-03  1.4872E-02  2.9294E-03  2.8796E-02  1.0000E+00
 1.2270E+04  3.0739E-03  1.4816E-02  2.9423E-03  2.8703E-02  1.0000E+00
 1.2364E+04  3.0859E-03  1.4759E-02  2.9552E-03  2.8610E-02  1.0000E+00
 1.2458E+04  3.0979E-03  1.4702E-02  2.9682E-03  2.8516E-02  1.0000E+00
 1.2554E+04  3.1099E-03  1.4646E-02  2.9811E-03  2.8423E-02  1.0000E+00
 1.2650E+04  3.1220E-03  1.4589E-02  2.9941E-03  2.8330E-02  1.0000E+00
 1.2747E+04  3.1340E-03  1.4533E-02  3.0071E-03  2.8236E-02  1.0000E+00
 1.2845E+04  3.1461E-03  1.4477E-02  3.0200E-03  2.8143E-02  1.0000E+00
 1.2943E+04  3.1582E-03  1.4421E-02  3.0331E-03  2.8049E-02  1.0000E+00
 1.3042E+04  3.1703E-03  1.4365E-02  3.0461E-03  2.7956E-02  1.0000E+00
 1.3142E+04  3.1825E-03  1.4309E-02  3.0591E-03  2.7862E-02  1.0000E+00
 1.3243E+04  3.1946E-03  1.4253E-02  3.0722E-03  2.7768E-02  1.0000E+00
 1.3344E+04  3.2068E-03  1.4197E-02  3.0852E-03  2.7674E-02  1.0000E+00
 1.3446E+04  3.2190E-03  1.4141E-02  3.0983E-03  2.7580E-02  1.0000E+00
 1.3549E+04  3.2312E-03  1.4086E-02  3.1114E-03  2.7487E-02  1.0000E+00
 1.3653E+04  3.2435E-03  1.4030E-02  3.1245E-03  2.7393E-02  1.0000E+00
 1.3757E+04  3.2558E-03  1.3975E-02  3.1377E-03  2.7299E-02  1.0000E+00
 1.3863E+04  3.2681E-03  1.3920E-02  3.1508E-03  2.7205E-02  1.0000E+00
 1.3969E+04  3.2804E-03  1.3865E-02  3.1640E-03  2.7111E-02  1.0000E+00
 1.4076E+04  3.2927E-03  1.3810E-02  3.1772E-03  2.7017E-02  1.0000E+00
 1.4184E+04  3.3051E-03  1.3755E-02  3.1904E-03  2.6923E-02  1.0000E+00
 1.4292E+04  3.3175E-03  1.3700E-02  3.2036E-03  2.6829E-02  1.0000E+00
 1.4402E+04  3.3299E-03  1.3645E-02  3.2168E-03  2.6735E-02  1.0000E+00
 1.4512E+04  3.3424E-03  1.3591E-02  3.2301E-03  2.6641E-02  1.0000E+00
 1.4623E+04  3.3548E-03  1.3536E-02  3.2433E-03  2.6547E-02  1.0000E+00
 1.4735E+04  3.3673E-03  1.3482E-02  3.2566E-03  2.6453E-02  1.0000E+00
 1.4848E+04  3.3798E-03  1.3428E-02  3.2699E-03  2.6359E-02  1.0000E+00
 1.4962E+04  3.3924E-03  1.3374E-02  3.2832E-03  2.6266E-02  1.0000E+00
 1.5076E+04  3.4049E-03  1.3320E-02  3.2966E-03  2.6172E-02  1.0000E+00
 1.5192E+04  3.4175E-03  1.3266E-02  3.3099E-03  2.6078E-02  1.0000E+00
 1.5308E+04  3.4301E-03  1.3212E-02  3.3233E-03  2.5985E-02  1.0000E+00
 1.5425E+04  3.4427E-03  1.3158E-02  3.3367E-03  2.5891E-02  1.0000E+00
 1.5544E+04  3.4554E-03  1.3105E-02  3.3501E-03  2.5798E-02  1.0000E+00
 1.5663E+04  3.4681E-03  1.3052E-02  3.3635E-03  2.5704E-02  1.0000E+00
 1.5783E+04  3.4808E-03  1.2998E-02  3.3770E-03  2.5611E-02  1.0000E+00
 1.5903E+04  3.4935E-03  1.2945E-02  3.3905E-03  2.5518E-02  1.0000E+00
 1.6025E+04  3.5063E-03  1.2892E-02  3.4040E-03  2.5424E-02  1.0000E+00
 1.6148E+04  3.5190E-03  1.2839E-02  3.4175E-03  2.5331E-02  1.0000E+00
 1.6272E+04  3.5319E-03  1.2787E-02  3.4310E-03  2.5238E-02  1.0000E+00
 1.6396E+04  3.5447E-03  1.2734E-02  3.4445E-03  2.5146E-02  1.0000E+00
 1.6522E+04  3.5576E-03  1.2682E-02  3.4581E-03  2.5053E-02  1.0000E+00
 1.6648E+04  3.5704E-03  1.2629E-02  3.4717E-03  2.4960E-02  1.0000E+00
 1.6776E+04  3.5834E-03  1.2577E-02  3.4853E-03  2.4867E-02  1.0000E+00
 1.6904E+04  3.5963E-03  1.2525E-02  3.4990E-03  2.4775E-02  1.0000E+00
 1.7034E+04  3.6093E-03  1.2473E-02  3.5126E-03  2.4683E-02  1.0000E+00
 1.7164E+04  3.6222E-03  1.2421E-02  3.5263E-03  2.4590E-02  1.0000E+00
 1.7296E+04  3.6353E-03  1.2370E-02  3.5400E-03  2.4498E-02  1.0000E+00
 1.7428E+04  3.6483E-03  1.2318E-02  3.5537E-03  2.4406E-02  1.0000E+00
 1.7562E+04  3.6614E-03  1.2267E-02  3.5675E-03  2.4315E-02  1.0000E+00
 1.7696E+04  3.6745E-03  1.2215E-02  3.5812E-03  2.4223E-02  1.0000E+00
 1.7832E+04  3.6876E-03  1.2164E-02  3.5950E-03  2.4131E-02  1.0000E+00
 1.7968E+04  3.7008E-03  1.2113E-02  3.6088E-03  2.4040E-02  1.0000E+00
 1.8106E+04  3.7140E-03  1.2062E-02  3.6227E-03  2.3949E-02  1.0000E+00
 1.8244E+04  3.7272E-03  1.2012E-02  3.6365E-03  2.3858E-02  1.0000E+00
 1.8384E+04  3.7404E-03  1.1961E-02  3.6504E-03  2.3767E-02  1.0000E+00
 1.8525E+04  3.7537E-03  1.1911E-02  3.6643E-03  2.3676E-02  1.0000E+00
 1.8667E+04  3.7670E-03  1.1861E-02  3.6783E-03  2.3585E-02  1.0000E+00
 1.8810E+04  3.7803E-03  1.1811E-02  3.6922E-03  2.3495E-02  1.0000E+00
 1.8954E+04  3.7937E-03  1.1761E-02  3.7062E-03  2.3405E-02  1.0000E+00
 1.9099E+04  3.8071E-03  1.1711E-02  3.7202E-03  2.3315E-02  1.0000E+00
 1.9245E+04  3.8205E-03  1.1661E-02  3.7342E-03  2.3225E-02  1.0000E+00
 1.9393E+04  3.8340E-03  1.1612E-02  3.7483E-03  2.3135E-02  1.0000E+00
 1.9541E+04  3.8474E-03  1.1562E-02  3.7624E-03  2.3045E-02  1.0000E+00
 1.9691E+04  3.8610E-03  1.1513E-02  3.7765E-03  2.2956E-02  1.0000E+00
 1.9842E+04  3.8745E-03  1.1464E-02  3.7906E-03  2.2867E-02  1.0000E+00
 1.9994E+04  3.8881E-03  1.1415E-02  3.8048E-03  2.2778E-02  1.0000E+00
 2.0147E+04  3.9017E-03  1.1366E-02  3.8190E-03  2.2689E-02  1.0000E+00
 2.0301E+04  3.9153E-03  1.1317E-02  3.8332E-03  2.2600E-02  1.0000E+00
 2.0456E+04  3.9290E-03  1.1269E-02  3.8474E-03  2.2512E-02  1.0000E+00
 2.0613E+04  3.9427E-03  1.1221E-02  3.8617E-03  2.2424E-02  1.0000E+00
 2.0771E+04  3.9564E-03  1.1172E-02  3.8760E-03  2.2336E-02  1.0000E+00
 2.0930E+04  3.9702E-03  1.1124E-02  3.8903E-03  2.2248E-02  1.0000E+00
 2.1090E+04  3.9840E-03  1.1077E-02  3.9047E-03  2.2160E-02  1.0000E+00
 2.1252E+04  3.9978E-03  1.1029E-02  3.9191E-03  2.2073E-02  1.0000E+00
 2.1415E+04  4.0117E-03  1.0981E-02  3.9335E-03  2.1986E-02  1.0000E+00
 2.1579E+04  4.0256E-03  1.0934E-02  3.9480E-03  2.1899E-02  1.0000E+00
 2.1744E+04  4.0395E-03  1.0887E-02  3.9624E-03  2.1812E-02  1.0000E+00
 2.1910E+04  4.0535E-03  1.0839E-02  3.9769E-03  2.1726E-02  1.0000E+00
 2.2078E+04  4.0675E-03  1.0793E-02  3.9915E-03  2.1639E-02  1.0000E+00
 2.2247E+04  4.0815E-03  1.0746E-02  4.0060E-03  2.1553E-02  1.0000E+00
 2.2418E+04  4.0956E-03  1.0699E-02  4.0206E-03  2.1467E-02  1.0000E+00
 2.2589E+04  4.1097E-03  1.0653E-02  4.0353E-03  2.1382E-02  1.0000E+00
 2.2762E+04  4.1239E-03  1.0606E-02  4.0499E-03  2.1296E-02  1.0000E+00
 2.2937E+04  4.1380E-03  1.0560E-02  4.0646E-03  2.1211E-02  1.0000E+00
 2.3112E+04  4.1523E-03  1.0514E-02  4.0793E-03  2.1126E-02  1.0000E+00
 2.3289E+04  4.1665E-03  1.0468E-02  4.0941E-03  2.1041E-02  1.0000E+00
 2.3468E+04  4.1808E-03  1.0422E-02  4.1089E-03  2.0957E-02  1.0000E+00
 2.3647E+04  4.1951E-03  1.0377E-02  4.1237E-03  2.0873E-02  1.0000E+00
 2.3829E+04  4.2095E-03  1.0332E-02  4.1386E-03  2.0789E-02  1.0000E+00
 2.4011E+04  4.2239E-03  1.0286E-02  4.1535E-03  2.0705E-02  1.0000E+00
 2.4195E+04  4.2383E-03  1.0241E-02  4.1684E-03  2.0621E-02  1.0000E+00
 2.4380E+04  4.2528E-03  1.0196E-02  4.1834E-03  2.0538E-02  1.0000E+00
 2.4567E+04  4.2673E-03  1.0152E-02  4.1984E-03  2.0455E-02  1.0000E+00
 2.4755E+04  4.2819E-03  1.0107E-02  4.2134E-03  2.0372E-02  1.0000E+00
 2.4945E+04  4.2965E-03  1.0062E-02  4.2285E-03  2.0290E-02  1.0000E+00
 2.5136E+04  4.3111E-03  1.0018E-02  4.2436E-03  2.0207E-02  1.0000E+00
 2.5328E+04  4.3258E-03  9.9741E-03  4.2587E-03  2.0125E-02  1.0000E+00
 2.5522E+04  4.3405E-03  9.9301E-03  4.2739E-03  2.0044E-02  1.0000E+00
 2.5718E+04  4.3553E-03  9.8863E-03  4.2891E-03  1.9962E-02  1.0000E+00
 2.5915E+04  4.3701E-03  9.8427E-03  4.3043E-03  1.9881E-02  1.0000E+00
 2.6113E+04  4.3849E-03  9.7992E-03  4.3196E-03  1.9800E-02  1.0000E+00
 2.6313E+04  4.3998E-03  9.7558E-03  4.3350E-03  1.9719E-02  1.0000E+00
 2.6515E+04  4.4147E-03  9.7127E-03  4.3503E-03  1.9639E-02  1.0000E+00
 2.6718E+04  4.4297E-03  9.6697E-03  4.3657E-03  1.9558E-02  1.0000E+00
 2.6922E+04  4.4447E-03  9.6268E-03  4.3812E-03  1.9478E-02  1.0000E+00
 2.7128E+04  4.4598E-03  9.5841E-03  4.3967E-03  1.9399E-02  1.0000E+00
 2.7336E+04  4.4748E-03  9.5416E-03  4.4122E-03  1.9319E-02  1.0000E+00
 2.7545E+04  4.4900E-03  9.4992E-03  4.4278E-03  1.9240E-02  1.0000E+00
 2.7756E+04  4.5052E-03  9.4570E-03  4.4434E-03  1.9161E-02  1.0000E+00
 2.7969E+04  4.5204E-03  9.4150E-03  4.4590E-03  1.9083E-02  1.0000E+00
 2.8183E+04  4.5357E-03  9.3731E-03  4.4747E-03  1.9004E-02  1.0000E+00
 2.8399E+04  4.5510E-03  9.3314E-03  4.4905E-03  1.8926E-02  1.0000E+00
 2.8617E+04  4.5664E-03  9.2898E-03  4.5063E-03  1.8848E-02  1.0000E+00
 2.8836E+04  4.5818E-03  9.2484E-03  4.5221E-03  1.8771E-02  1.0000E+00
 2.9056E+04  4.5973E-03  9.2071E-03  4.5380E-03  1.8693E-02  1.0000E+00
 2.9279E+04  4.6128E-03  9.1660E-03  4.5539E-03  1.8616E-02  1.0000E+00
 2.9503E+04  4.6283E-03  9.1251E-03  4.5698E-03  1.8540E-02  1.0000E+00
 2.9729E+04  4.6440E-03  9.0844E-03  4.5858E-03  1.8463E-02  1.0000E+00
 2.9957E+04  4.6596E-03  9.0438E-03  4.6019E-03  1.8387E-02  1.0000E+00
 3.0186E+04  4.6753E-03  9.0033E-03  4.6180E-03  1.8311E-02  1.0000E+00
 3.0417E+04  4.6911E-03  8.9630E-03  4.6341E-03  1.8235E-02  1.0000E+00
 3.0650E+04  4.7069E-03  8.9229E-03  4.6503E-03  1.8160E-02  1.0000E+00
 3.0885E+04  4.7227E-03  8.8829E-03  4.6666E-03  1.8085E-02  1.0000E+00
 3.1122E+04  4.7387E-03  8.8431E-03  4.6828E-03  1.8010E-02  1.0000E+00
 3.1360E+04  4.7546E-03  8.8035E-03  4.6992E-03  1.7936E-02  1.0000E+00
 3.1600E+04  4.7706E-03  8.7640E-03  4.7156E-03  1.7861E-02  1.0000E+00
 3.1842E+04  4.7867E-03  8.7247E-03  4.7320E-03  1.7787E-02  1.0000E+00
 3.2086E+04  4.8028E-03  8.6855E-03  4.7485E-03  1.7714E-02  1.0000E+00
 3.2332E+04  4.8190E-03  8.6465E-03  4.7650E-03  1.7640E-02  1.0000E+00
 3.2579E+04  4.8352E-03  8.6077E-03  4.7816E-03  1.7567E-02  1.0000E+00
 3.2829E+04  4.8515E-03  8.5690E-03  4.7983E-03  1.7494E-02  1.0000E+00
 3.3080E+04  4.8678E-03  8.5305E-03  4.8149E-03  1.7422E-02  1.0000E+00
 3.3334E+04  4.8842E-03  8.4921E-03  4.8317E-03  1.7350E-02  1.0000E+00
 3.3589E+04  4.9007E-03  8.4539E-03  4.8485E-03  1.7278E-02  1.0000E+00
 3.3846E+04  4.9172E-03  8.4159E-03  4.8653E-03  1.7206E-02  1.0000E+00
 3.4105E+04  4.9337E-03  8.3780E-03  4.8823E-03  1.7134E-02  1.0000E+00
 3.4367E+04  4.9504E-03  8.3403E-03  4.8992E-03  1.7063E-02  1.0000E+00
 3.4630E+04  4.9671E-03  8.3027E-03  4.9162E-03  1.6992E-02  1.0000E+00
 3.4895E+04  4.9838E-03  8.2653E-03  4.9333E-03  1.6922E-02  1.0000E+00
 3.5162E+04  5.0006E-03  8.2281E-03  4.9505E-03  1.6852E-02  1.0000E+00
 3.5431E+04  5.0175E-03  8.1910E-03  4.9676E-03  1.6782E-02  1.0000E+00
 3.5703E+04  5.0344E-03  8.1540E-03  4.9849E-03  1.6712E-02  1.0000E+00
 3.5976E+04  5.0514E-03  8.1173E-03  5.0022E-03  1.6642E-02  1.0000E+00
 3.6252E+04  5.0684E-03  8.0806E-03  5.0196E-03  1.6573E-02  1.0000E+00
 3.6529E+04  5.0855E-03  8.0442E-03  5.0370E-03  1.6504E-02  1.0000E+00
 3.6809E+04  5.1027E-03  8.0079E-03  5.0545E-03  1.6436E-02  1.0000E+00
 3.7091E+04  5.1199E-03  7.9717E-03  5.0720E-03  1.6368E-02  1.0000E+00
 3.7375E+04  5.1372E-03  7.9358E-03  5.0896E-03  1.6300E-02  1.0000E+00
 3.7661E+04  5.1546E-03  7.8999E-03  5.1073E-03  1.6232E-02  1.0000E+00
 3.7950E+04  5.1720E-03  7.8643E-03  5.1251E-03  1.6165E-02  1.0000E+00
 3.8240E+04  5.1895E-03  7.8287E-03  5.1429E-03  1.6097E-02  1.0000E+00
 3.8533E+04  5.2071E-03  7.7934E-03  5.1607E-03  1.6031E-02  1.0000E+00
 3.8828E+04  5.2247E-03  7.7582E-03  5.1787E-03  1.5964E-02  1.0000E+00
 3.9126E+04  5.2424E-03  7.7231E-03  5.1967E-03  1.5898E-02  1.0000E+00
 3.9425E+04  5.2601E-03  7.6882E-03  5.2147E-03  1.5832E-02  1.0000E+00
 3.9727E+04  5.2780E-03  7.6535E-03  5.2329E-03  1.5766E-02  1.0000E+00
 4.0032E+04  5.2959E-03  7.6189E-03  5.2511E-03  1.5701E-02  1.0000E+00
 4.0338E+04  5.3139E-03  7.5845E-03  5.2693E-03  1.5636E-02  1.0000E+00
 4.0647E+04  5.3319E-03  7.5502E-03  5.2877E-03  1.5571E-02  1.0000E+00
 4.0958E+04  5.3500E-03  7.5161E-03  5.3061E-03  1.5506E-02  1.0000E+00
 4.1272E+04  5.3682E-03  7.4821E-03  5.3246E-03  1.5442E-02  1.0000E+00
 4.1588E+04  5.3865E-03  7.4483E-03  5.3431E-03  1.5378E-02  1.0000E+00
 4.1907E+04  5.4048E-03  7.4147E-03  5.3617E-03  1.5314E-02  1.0000E+00
 4.2228E+04  5.4233E-03  7.3812E-03  5.3804E-03  1.5251E-02  1.0000E+00
 4.2551E+04  5.4418E-03  7.3478E-03  5.3992E-03  1.5188E-02  1.0000E+00
 4.2877E+04  5.4603E-03  7.3146E-03  5.4180E-03  1.5125E-02  1.0000E+00
 4.3205E+04  5.4790E-03  7.2816E-03  5.4370E-03  1.5062E-02  1.0000E+00
 4.3536E+04  5.4977E-03  7.2487E-03  5.4560E-03  1.5000E-02  1.0000E+00
 4.3869E+04  5.5165E-03  7.2159E-03  5.4750E-03  1.4938E-02  1.0000E+00
 4.4205E+04  5.5354E-03  7.1833E-03  5.4942E-03  1.4876E-02  1.0000E+00
 4.4544E+04  5.5544E-03  7.1509E-03  5.5134E-03  1.4815E-02  1.0000E+00
 4.4885E+04  5.5734E-03  7.1186E-03  5.5327E-03  1.4754E-02  1.0000E+00
 4.5229E+04  5.5926E-03  7.0865E-03  5.5521E-03  1.4693E-02  1.0000E+00
 4.5575E+04  5.6118E-03  7.0545E-03  5.5716E-03  1.4633E-02  1.0000E+00
 4.5924E+04  5.6311E-03  7.0227E-03  5.5911E-03  1.4572E-02  1.0000E+00
 4.6276E+04  5.6505E-03  6.9910E-03  5.6108E-03  1.4512E-02  1.0000E+00
 4.6630E+04  5.6699E-03  6.9594E-03  5.6305E-03  1.4453E-02  1.0000E+00
 4.6987E+04  5.6895E-03  6.9281E-03  5.6503E-03  1.4393E-02  1.0000E+00
 4.7347E+04  5.7091E-03  6.8968E-03  5.6702E-03  1.4334E-02  1.0000E+00
 4.7710E+04  5.7289E-03  6.8657E-03  5.6902E-03  1.4275E-02  1.0000E+00
 4.8075E+04  5.7487E-03  6.8348E-03  5.7102E-03  1.4217E-02  1.0000E+00
 4.8443E+04  5.7686E-03  6.8040E-03  5.7304E-03  1.4159E-02  1.0000E+00
 4.8814E+04  5.7886E-03  6.7734E-03  5.7506E-03  1.4101E-02  1.0000E+00
 4.9188E+04  5.8087E-03  6.7429E-03  5.7710E-03  1.4043E-02  1.0000E+00
 4.9565E+04  5.8289E-03  6.7125E-03  5.7914E-03  1.3986E-02  1.0000E+00
 4.9945E+04  5.8492E-03  6.6823E-03  5.8119E-03  1.3928E-02  1.0000E+00
 5.0327E+04  5.8695E-03  6.6523E-03  5.8325E-03  1.3872E-02  1.0000E+00
 5.0713E+04  5.8900E-03  6.6223E-03  5.8532E-03  1.3815E-02  1.0000E+00
 5.1101E+04  5.9106E-03  6.5926E-03  5.8740E-03  1.3759E-02  1.0000E+00
 5.1492E+04  5.9313E-03  6.5630E-03  5.8949E-03  1.3703E-02  1.0000E+00
 5.1887E+04  5.9520E-03  6.5335E-03  5.9159E-03  1.3647E-02  1.0000E+00
 5.2284E+04  5.9729E-03  6.5042E-03  5.9370E-03  1.3592E-02  1.0000E+00
 5.2684E+04  5.9939E-03  6.4750E-03  5.9582E-03  1.3537E-02  1.0000E+00
 5.3088E+04  6.0149E-03  6.4459E-03  5.9795E-03  1.3482E-02  1.0000E+00
 5.3494E+04  6.0361E-03  6.4170E-03  6.0009E-03  1.3427E-02  1.0000E+00
 5.3904E+04  6.0574E-03  6.3883E-03  6.0224E-03  1.3373E-02  1.0000E+00
 5.4317E+04  6.0788E-03  6.3597E-03  6.0440E-03  1.3319E-02  1.0000E+00
 5.4733E+04  6.1003E-03  6.3312E-03  6.0657E-03  1.3265E-02  1.0000E+00
 5.5152E+04  6.1219E-03  6.3029E-03  6.0875E-03  1.3211E-02  1.0000E+00
 5.5574E+04  6.1436E-03  6.2747E-03  6.1094E-03  1.3158E-02  1.0000E+00
 5.6000E+04  6.1654E-03  6.2466E-03  6.1314E-03  1.3105E-02  1.0000E+00
 5.6429E+04  6.1873E-03  6.2187E-03  6.1536E-03  1.3053E-02  1.0000E+00
 5.6861E+04  6.2093E-03  6.1910E-03  6.1758E-03  1.3000E-02  1.0000E+00
 5.7297E+04  6.2315E-03  6.1633E-03  6.1982E-03  1.2948E-02  1.0000E+00
 5.7735E+04  6.2538E-03  6.1359E-03  6.2206E-03  1.2896E-02  1.0000E+00
 5.8177E+04  6.2761E-03  6.1085E-03  6.2432E-03  1.2845E-02  1.0000E+00
 5.8623E+04  6.2986E-03  6.0813E-03  6.2659E-03  1.2793E-02  1.0000E+00
 5.9072E+04  6.3212E-03  6.0542E-03  6.2887E-03  1.2742E-02  1.0000E+00
 5.9524E+04  6.3440E-03  6.0273E-03  6.3116E-03  1.2692E-02  1.0000E+00
 5.9980E+04  6.3668E-03  6.0005E-03  6.3347E-03  1.2641E-02  1.0000E+00
 6.0440E+04  6.3898E-03  5.9739E-03  6.3579E-03  1.2591E-02  1.0000E+00
 6.0902E+04  6.4129E-03  5.9474E-03  6.3812E-03  1.2541E-02  1.0000E+00
 6.1369E+04  6.4361E-03  5.9210E-03  6.4046E-03  1.2491E-02  1.0000E+00
 6.1839E+04  6.4595E-03  5.8947E-03  6.4281E-03  1.2442E-02  1.0000E+00
 6.2312E+04  6.4830E-03  5.8686E-03  6.4518E-03  1.2393E-02  1.0000E+00
 6.2790E+04  6.5066E-03  5.8427E-03  6.4756E-03  1.2344E-02  1.0000E+00
 6.3270E+04  6.5303E-03  5.8168E-03  6.4995E-03  1.2296E-02  1.0000E+00
 6.3755E+04  6.5542E-03  5.7911E-03  6.5235E-03  1.2247E-02  1.0000E+00
 6.4243E+04  6.5782E-03  5.7656E-03  6.5477E-03  1.2199E-02  1.0000E+00
 6.4735E+04  6.6023E-03  5.7401E-03  6.5720E-03  1.2151E-02  1.0000E+00
 6.5231E+04  6.6265E-03  5.7148E-03  6.5964E-03  1.2104E-02  1.0000E+00
 6.5731E+04  6.6509E-03  5.6897E-03  6.6210E-03  1.2057E-02  1.0000E+00
 6.6234E+04  6.6755E-03  5.6647E-03  6.6457E-03  1.2010E-02  1.0000E+00
 6.6741E+04  6.7002E-03  5.6398E-03  6.6706E-03  1.1963E-02  1.0000E+00
 6.7252E+04  6.7250E-03  5.6150E-03  6.6956E-03  1.1917E-02  1.0000E+00
 6.7767E+04  6.7500E-03  5.5904E-03  6.7207E-03  1.1870E-02  1.0000E+00
 6.8286E+04  6.7751E-03  5.5659E-03  6.7460E-03  1.1825E-02  1.0000E+00
 6.8809E+04  6.8003E-03  5.5415E-03  6.7714E-03  1.1779E-02  1.0000E+00
 6.9336E+04  6.8257E-03  5.5172E-03  6.7970E-03  1.1734E-02  1.0000E+00
 6.9867E+04  6.8513E-03  5.4931E-03  6.8227E-03  1.1688E-02  1.0000E+00
 7.0402E+04  6.8770E-03  5.4691E-03  6.8486E-03  1.1644E-02  1.0000E+00
 7.0942E+04  6.9028E-03  5.4453E-03  6.8746E-03  1.1599E-02  1.0000E+00
 7.1485E+04  6.9288E-03  5.4216E-03  6.9007E-03  1.1555E-02  1.0000E+00
 7.2032E+04  6.9550E-03  5.3980E-03  6.9271E-03  1.1511E-02  1.0000E+00
 7.2584E+04  6.9813E-03  5.3745E-03  6.9535E-03  1.1467E-02  1.0000E+00
 7.3140E+04  7.0078E-03  5.3512E-03  6.9802E-03  1.1423E-02  1.0000E+00
 7.3700E+04  7.0344E-03  5.3280E-03  7.0070E-03  1.1380E-02  1.0000E+00
 7.4264E+04  7.0612E-03  5.3049E-03  7.0339E-03  1.1337E-02  1.0000E+00
 7.4833E+04  7.0881E-03  5.2819E-03  7.0610E-03  1.1294E-02  1.0000E+00
 7.5406E+04  7.1153E-03  5.2591E-03  7.0883E-03  1.1251E-02  1.0000E+00
 7.5984E+04  7.1426E-03  5.2364E-03  7.1157E-03  1.1209E-02  1.0000E+00
 7.6566E+04  7.1700E-03  5.2138E-03  7.1434E-03  1.1167E-02  1.0000E+00
 7.7152E+04  7.1977E-03  5.1913E-03  7.1711E-03  1.1125E-02  1.0000E+00
 7.7743E+04  7.2255E-03  5.1690E-03  7.1991E-03  1.1084E-02  1.0000E+00
 7.8338E+04  7.2534E-03  5.1468E-03  7.2272E-03  1.1043E-02  1.0000E+00
 7.8938E+04  7.2816E-03  5.1247E-03  7.2555E-03  1.1002E-02  1.0000E+00
 7.9543E+04  7.3099E-03  5.1028E-03  7.2840E-03  1.0961E-02  1.0000E+00
 8.0152E+04  7.3384E-03  5.0809E-03  7.3127E-03  1.0920E-02  1.0000E+00
 8.0766E+04  7.3671E-03  5.0592E-03  7.3415E-03  1.0880E-02  1.0000E+00
 8.1384E+04  7.3960E-03  5.0376E-03  7.3705E-03  1.0840E-02  1.0000E+00
 8.2008E+04  7.4251E-03  5.0161E-03  7.3997E-03  1.0800E-02  1.0000E+00
 8.2636E+04  7.4543E-03  4.9948E-03  7.4291E-03  1.0761E-02  1.0000E+00
 8.3268E+04  7.4838E-03  4.9736E-03  7.4587E-03  1.0721E-02  1.0000E+00
 8.3906E+04  7.5134E-03  4.9524E-03  7.4885E-03  1.0682E-02  1.0000E+00
 8.4549E+04  7.5433E-03  4.9315E-03  7.5184E-03  1.0644E-02  1.0000E+00
 8.5196E+04  7.5733E-03  4.9106E-03  7.5486E-03  1.0605E-02  1.0000E+00
 8.5849E+04  7.6035E-03  4.8898E-03  7.5790E-03  1.0567E-02  1.0000E+00
 8.6506E+04  7.6339E-03  4.8692E-03  7.6095E-03  1.0529E-02  1.0000E+00
 8.7169E+04  7.6646E-03  4.8487E-03  7.6403E-03  1.0491E-02  1.0000E+00
 8.7836E+04  7.6954E-03  4.8283E-03  7.6713E-03  1.0454E-02  1.0000E+00
 8.8509E+04  7.7265E-03  4.8080E-03  7.7024E-03  1.0416E-02  1.0000E+00
 8.9187E+04  7.7577E-03  4.7878E-03  7.7338E-03  1.0379E-02  1.0000E+00
 8.9870E+04  7.7892E-03  4.7678E-03  7.7654E-03  1.0342E-02  1.0000E+00
 9.0558E+04  7.8209E-03  4.7479E-03  7.7972E-03  1.0306E-02  1.0000E+00
 9.1252E+04  7.8528E-03  4.7281E-03  7.8293E-03  1.0270E-02  1.0000E+00
 9.1950E+04  7.8849E-03  4.7084E-03  7.8615E-03  1.0234E-02  1.0000E+00
 9.2655E+04  7.9172E-03  4.6888E-03  7.8940E-03  1.0198E-02  1.0000E+00
 9.3364E+04  7.9498E-03  4.6693E-03  7.9266E-03  1.0162E-02  1.0000E+00
 9.4079E+04  7.9826E-03  4.6500E-03  7.9596E-03  1.0127E-02  1.0000E+00
 9.4800E+04  8.0156E-03  4.6307E-03  7.9927E-03  1.0092E-02  1.0000E+00
 9.5526E+04  8.0489E-03  4.6116E-03  8.0261E-03  1.0057E-02  1.0000E+00
 9.6257E+04  8.0823E-03  4.5926E-03  8.0597E-03  1.0022E-02  1.0000E+00
 9.6994E+04  8.1161E-03  4.5737E-03  8.0935E-03  9.9877E-03  1.0000E+00
 9.7737E+04  8.1500E-03  4.5549E-03  8.1276E-03  9.9535E-03  1.0000E+00
 9.8486E+04  8.1842E-03  4.5362E-03  8.1619E-03  9.9196E-03  1.0000E+00
 9.9240E+04  8.2187E-03  4.5176E-03  8.1965E-03  9.8859E-03  1.0000E+00
 1.0000E+05  8.2534E-03  4.4992E-03  8.2313E-03  9.8524E-03  1.0000E+00


