#     0	 1	   20	 1	 1.0039E+03	 1000	1
 4.8978E+01  0.0000E+00  0.0000E+00  0.0000E+00  0.0000E+00  0.0000E+00
 4.9353E+01  0.0000E+00  0.0000E+00  0.0000E+00  0.0000E+00  0.0000E+00
 4.9731E+01  0.0000E+00  0.0000E+00  0.0000E+00  0.0000E+00  0.0000E+00
 5.0112E+01  0.0000E+00  0.0000E+00  0.0000E+00  0.0000E+00  0.0000E+00
 5.0496E+01  0.0000E+00  0.0000E+00  0.0000E+00  0.0000E+00  0.0000E+00
 5.0882E+01  0.0000E+00  0.0000E+00  0.0000E+00  0.0000E+00  0.0000E+00
 5.1272E+01  0.0000E+00  0.0000E+00  0.0000E+00  0.0000E+00  0.0000E+00
 5.1665E+01  0.0000E+00  0.0000E+00  0.0000E+00  0.0000E+00  0.0000E+00
 5.2060E+01  0.0000E+00  0.0000E+00  0.0000E+00  0.0000E+00  0.0000E+00
 5.2459E+01  0.0000E+00  0.0000E+00  0.0000E+00  0.0000E+00  0.0000E+00
 5.2861E+01  0.0000E+00  0.0000E+00  0.0000E+00  0.0000E+00  0.0000E+00
 5.3266E+01  0.0000E+00  0.0000E+00  0.0000E+00  0.0000E+00  0.0000E+00
 5.3673E+01  0.0000E+00  0.0000E+00  0.0000E+00  0.0000E+00  0.0000E+00
 5.4085E+01  0.0000E+00  0.0000E+00  0.0000E+00  0.0000E+00  0.0000E+00
 5.4499E+01  0.0000E+00  0.0000E+00  0.0000E+00  0.0000E+00  0.0000E+00
 5.4916E+01  0.0000E+00  0.0000E+00  0.0000E+00  0.0000E+00  0.0000E+00
 5.5337E+01  0.0000E+00  0.0000E+00  0.0000E+00  0.0000E+00  0.0000E+00
 5.5760E+01  0.0000E+00  0.0000E+00  0.0000E+00  0.0000E+00  0.0000E+00
 5.6187E+01  0.0000E+00  0.0000E+00  0.0000E+00  0.0000E+00  0.0000E+00
 5.6618E+01  0.0000E+00  0.0000E+00  0.0000E+00  0.0000E+00  0.0000E+00
 5.7051E+01  0.0000E+00  0.0000E+00  0.0000E+00  0.0000E+00  0.0000E+00
 5.7488E+01  0.0000E+00  0.0000E+00  0.0000E+00  0.0000E+00  0.0000E+00
 5.7929E+01  0.0000E+00  0.0000E+00  0.0000E+00  0.0000E+00  0.0000E+00
 5.8372E+01  0.0000E+00  0.0000E+00  0.0000E+00  0.0000E+00  0.0000E+00
 5.8819E+01  0.0000E+00  0.0000E+00  0.0000E+00  0.0000E+00  0.0000E+00
 5.9270E+01  0.0000E+00  0.0000E+00  0.0000E+00  0.0000E+00  0.0000E+00
 5.9724E+01  0.0000E+00  0.0000E+00  0.0000E+00  0.0000E+00  0.0000E+00
 6.0181E+01  0.0000E+00  0.0000E+00  0.0000E+00  0.0000E+00  0.0000E+00
 6.0642E+01  0.0000E+00  0.0000E+00  0.0000E+00  0.0000E+00  0.0000E+00
 6.1106E+01  0.0000E+00  0.0000E+00  0.0000E+00  0.0000E+00  0.0000E+00
 6.1574E+01  0.0000E+00  0.0000E+00  0.0000E+00  0.0000E+00  0.0000E+00
 6.2046E+01  0.0000E+00  0.0000E+00  0.0000E+00  0.0000E+00  0.0000E+00
 6.2521E+01  0.0000E+00  0.0000E+00  0.0000E+00  0.0000E+00  0.0000E+00
 6.3000E+01  0.0000E+00  0.0000E+00  0.0000E+00  0.0000E+00  0.0000E+00
 6.3482E+01  0.0000E+00  0.0000E+00  0.0000E+00  0.0000E+00  0.0000E+00
 6.3968E+01  0.0000E+00  0.0000E+00  0.0000E+00  0.0000E+00  0.0000E+00
 6.4458E+01  0.0000E+00  0.0000E+00  0.0000E+00  0.0000E+00  0.0000E+00
 6.4952E+01  0.0000E+00  0.0000E+00  0.0000E+00  0.0000E+00  0.0000E+00
 6.5449E+01  0.0000E+00  0.0000E+00  0.0000E+00  0.0000E+00  0.0000E+00
 6.5951E+01  0.0000E+00  0.0000E+00  0.0000E+00  0.0000E+00  0.0000E+00
 6.6456E+01  0.0000E+00  0.0000E+00  0.0000E+00  0.0000E+00  0.0000E+00
 6.6965E+01  0.0000E+00  0.0000E+00  0.0000E+00  0.0000E+00  0.0000E+00
 6.7478E+01  0.0000E+00  0.0000E+00  0.0000E+00  0.0000E+00  0.0000E+00
 6.7994E+01  0.0000E+00  0.0000E+00  0.0000E+00  0.0000E+00  0.0000E+00
 6.8515E+01  0.0000E+00  0.0000E+00  0.0000E+00  0.0000E+00  0.0000E+00
 6.9040E+01  0.0000E+00  0.0000E+00  0.0000E+00  0.0000E+00  0.0000E+00
 6.9568E+01  0.0000E+00  0.0000E+00  0.0000E+00  0.0000E+00  0.0000E+00
 7.0101E+01  0.0000E+00  0.0000E+00  0.0000E+00  0.0000E+00  0.0000E+00
 7.0638E+01  0.0000E+00  0.0000E+00  0.0000E+00  0.0000E+00  0.0000E+00
 7.1179E+01  0.0000E+00  0.0000E+00  0.0000E+00  0.0000E+00  0.0000E+00
 7.1724E+01  0.0000E+00  0.0000E+00  0.0000E+00  0.0000E+00  0.0000E+00
 7.2273E+01  0.0000E+00  0.0000E+00  0.0000E+00  0.0000E+00  0.0000E+00
 7.2827E+01  0.0000E+00  0.0000E+00  0.0000E+00  0.0000E+00  0.0000E+00
 7.3385E+01  0.0000E+00  0.0000E+00  0.0000E+00  0.0000E+00  0.0000E+00
 7.3947E+01  0.0000E+00  0.0000E+00  0.0000E+00  0.0000E+00  0.0000E+00
 7.4513E+01  0.0000E+00  0.0000E+00  0.0000E+00  0.0000E+00  0.0000E+00
 7.5084E+01  0.0000E+00  0.0000E+00  0.0000E+00  0.0000E+00  0.0000E+00
 7.5659E+01  0.0000E+00  0.0000E+00  0.0000E+00  0.0000E+00  0.0000E+00
 7.6238E+01  0.0000E+00  0.0000E+00  0.0000E+00  0.0000E+00  0.0000E+00
 7.6822E+01  0.0000E+00  0.0000E+00  0.0000E+00  0.0000E+00  0.0000E+00
 7.7410E+01  0.0000E+00  0.0000E+00  0.0000E+00  0.0000E+00  0.0000E+00
 7.8003E+01  0.0000E+00  0.0000E+00  0.0000E+00  0.0000E+00  0.0000E+00
 7.8601E+01  0.0000E+00  0.0000E+00  0.0000E+00  0.0000E+00  0.0000E+00
 7.9202E+01  0.0000E+00  0.0000E+00  0.0000E+00  0.0000E+00  0.0000E+00
 7.9809E+01  0.0000E+00  0.0000E+00  0.0000E+00  0.0000E+00  0.0000E+00
 8.0420E+01  0.0000E+00  0.0000E+00  0.0000E+00  0.0000E+00  0.0000E+00
 8.1036E+01  0.0000E+00  0.0000E+00  0.0000E+00  0.0000E+00  0.0000E+00
 8.1657E+01  0.0000E+00  0.0000E+00  0.0000E+00  0.0000E+00  0.0000E+00
 8.2282E+01  0.0000E+00  0.0000E+00  0.0000E+00  0.0000E+00  0.0000E+00
 8.2912E+01  0.0000E+00  0.0000E+00  0.0000E+00  0.0000E+00  0.0000E+00
 8.3547E+01  0.0000E+00  0.0000E+00  0.0000E+00  0.0000E+00  0.0000E+00
 8.4187E+01  0.0000E+00  0.0000E+00  0.0000E+00  0.0000E+00  0.0000E+00
 8.4832E+01  0.0000E+00  0.0000E+00  0.0000E+00  0.0000E+00  0.0000E+00
 8.5481E+01  0.0000E+00  0.0000E+00  0.0000E+00  0.0000E+00  0.0000E+00
 8.6136E+01  0.0000E+00  0.0000E+00  0.0000E+00  0.0000E+00  0.0000E+00
 8.6796E+01  0.0000E+00  0.0000E+00  0.0000E+00  0.0000E+00  0.0000E+00
 8.7460E+01  0.0000E+00  0.0000E+00  0.0000E+00  0.0000E+00  0.0000E+00
 8.8130E+01  0.0000E+00  0.0000E+00  0.0000E+00  0.0000E+00  0.0000E+00
 8.8805E+01  0.0000E+00  0.0000E+00  0.0000E+00  0.0000E+00  0.0000E+00
 8.9485E+01  0.0000E+00  0.0000E+00  0.0000E+00  0.0000E+00  0.0000E+00
 9.0171E+01  0.0000E+00  0.0000E+00  0.0000E+00  0.0000E+00  0.0000E+00
 9.0861E+01  0.0000E+00  0.0000E+00  0.0000E+00  0.0000E+00  0.0000E+00
 9.1557E+01  0.0000E+00  0.0000E+00  0.0000E+00  0.0000E+00  0.0000E+00
 9.2258E+01  0.0000E+00  0.0000E+00  0.0000E+00  0.0000E+00  0.0000E+00
 9.2965E+01  0.0000E+00  0.0000E+00  0.0000E+00  0.0000E+00  0.0000E+00
 9.3677E+01  0.0000E+00  0.0000E+00  0.0000E+00  0.0000E+00  0.0000E+00
 9.4394E+01  0.0000E+00  0.0000E+00  0.0000E+00  0.0000E+00  0.0000E+00
 9.5117E+01  0.0000E+00  0.0000E+00  0.0000E+00  0.0000E+00  0.0000E+00
 9.5845E+01  0.0000E+00  0.0000E+00  0.0000E+00  0.0000E+00  0.0000E+00
 9.6579E+01  0.0000E+00  0.0000E+00  0.0000E+00  0.0000E+00  0.0000E+00
 9.7319E+01  0.0000E+00  0.0000E+00  0.0000E+00  0.0000E+00  0.0000E+00
 9.8064E+01  0.0000E+00  0.0000E+00  0.0000E+00  0.0000E+00  0.0000E+00
 9.8815E+01  0.0000E+00  0.0000E+00  0.0000E+00  0.0000E+00  0.0000E+00
 9.9572E+01  0.0000E+00  0.0000E+00  0.0000E+00  0.0000E+00  0.0000E+00
 1.0033E+02  0.0000E+00  0.0000E+00  0.0000E+00  0.0000E+00  0.0000E+00
 1.0110E+02  0.0000E+00  0.0000E+00  0.0000E+00  0.0000E+00  0.0000E+00
 1.0188E+02  0.0000E+00  0.0000E+00  0.0000E+00  0.0000E+00  0.0000E+00
 1.0266E+02  0.0000E+00  0.0000E+00  0.0000E+00  0.0000E+00  0.0000E+00
 1.0344E+02  0.0000E+00  0.0000E+00  0.0000E+00  0.0000E+00  0.0000E+00
 1.0424E+02  0.0000E+00  0.0000E+00  0.0000E+00  0.0000E+00  0.0000E+00
 1.0503E+02  0.0000E+00  0.0000E+00  0.0000E+00  0.0000E+00  0.0000E+00
 1.0584E+02  0.0000E+00  0.0000E+00  0.0000E+00  0.0000E+00  0.0000E+00
 1.0665E+02  0.0000E+00  0.0000E+00  0.0000E+00  0.0000E+00  0.0000E+00
 1.0747E+02  0.0000E+00  0.0000E+00  0.0000E+00  0.0000E+00  0.0000E+00
 1.0829E+02  0.0000E+00  0.0000E+00  0.0000E+00  0.0000E+00  0.0000E+00
 1.0912E+02  0.0000E+00  0.0000E+00  0.0000E+00  0.0000E+00  0.0000E+00
 1.0995E+02  0.0000E+00  0.0000E+00  0.0000E+00  0.0000E+00  0.0000E+00
 1.1080E+02  0.0000E+00  0.0000E+00  0.0000E+00  0.0000E+00  0.0000E+00
 1.1164E+02  0.0000E+00  0.0000E+00  0.0000E+00  0.0000E+00  0.0000E+00
 1.1250E+02  0.0000E+00  0.0000E+00  0.0000E+00  0.0000E+00  0.0000E+00
 1.1336E+02  0.0000E+00  0.0000E+00  0.0000E+00  0.0000E+00  0.0000E+00
 1.1423E+02  0.0000E+00  0.0000E+00  0.0000E+00  0.0000E+00  0.0000E+00
 1.1510E+02  0.0000E+00  0.0000E+00  0.0000E+00  0.0000E+00  0.0000E+00
 1.1599E+02  0.0000E+00  0.0000E+00  0.0000E+00  0.0000E+00  0.0000E+00
 1.1687E+02  0.0000E+00  0.0000E+00  0.0000E+00  0.0000E+00  0.0000E+00
 1.1777E+02  0.0000E+00  0.0000E+00  0.0000E+00  0.0000E+00  0.0000E+00
 1.1867E+02  0.0000E+00  0.0000E+00  0.0000E+00  0.0000E+00  0.0000E+00
 1.1958E+02  0.0000E+00  0.0000E+00  0.0000E+00  0.0000E+00  0.0000E+00
 1.2050E+02  0.0000E+00  0.0000E+00  0.0000E+00  0.0000E+00  0.0000E+00
 1.2142E+02  0.0000E+00  0.0000E+00  0.0000E+00  0.0000E+00  0.0000E+00
 1.2235E+02  0.0000E+00  0.0000E+00  0.0000E+00  0.0000E+00  0.0000E+00
 1.2329E+02  0.0000E+00  0.0000E+00  0.0000E+00  0.0000E+00  0.0000E+00
 1.2423E+02  0.0000E+00  0.0000E+00  0.0000E+00  0.0000E+00  0.0000E+00
 1.2518E+02  0.0000E+00  0.0000E+00  0.0000E+00  0.0000E+00  0.0000E+00
 1.2614E+02  0.0000E+00  0.0000E+00  0.0000E+00  0.0000E+00  0.0000E+00
 1.2711E+02  0.0000E+00  0.0000E+00  0.0000E+00  0.0000E+00  0.0000E+00
 1.2808E+02  0.0000E+00  0.0000E+00  0.0000E+00  0.0000E+00  0.0000E+00
 1.2906E+02  0.0000E+00  0.0000E+00  0.0000E+00  0.0000E+00  0.0000E+00
 1.3005E+02  0.0000E+00  0.0000E+00  0.0000E+00  0.0000E+00  0.0000E+00
 1.3104E+02  0.0000E+00  0.0000E+00  0.0000E+00  0.0000E+00  0.0000E+00
 1.3205E+02  0.0000E+00  0.0000E+00  0.0000E+00  0.0000E+00  0.0000E+00
 1.3306E+02  0.0000E+00  0.0000E+00  0.0000E+00  0.0000E+00  0.0000E+00
 1.3408E+02  0.0000E+00  0.0000E+00  0.0000E+00  0.0000E+00  0.0000E+00
 1.3510E+02  0.0000E+00  0.0000E+00  0.0000E+00  0.0000E+00  0.0000E+00
 1.3614E+02  0.0000E+00  0.0000E+00  0.0000E+00  0.0000E+00  0.0000E+00
 1.3718E+02  0.0000E+00  0.0000E+00  0.0000E+00  0.0000E+00  0.0000E+00
 1.3823E+02  0.0000E+00  0.0000E+00  0.0000E+00  0.0000E+00  0.0000E+00
 1.3929E+02  0.0000E+00  0.0000E+00  0.0000E+00  0.0000E+00  0.0000E+00
 1.4036E+02  0.0000E+00  0.0000E+00  0.0000E+00  0.0000E+00  0.0000E+00
 1.4143E+02  0.0000E+00  0.0000E+00  0.0000E+00  0.0000E+00  0.0000E+00
 1.4252E+02  0.0000E+00  0.0000E+00  0.0000E+00  0.0000E+00  0.0000E+00
 1.4361E+02  0.0000E+00  0.0000E+00  0.0000E+00  0.0000E+00  0.0000E+00
 1.4471E+02  0.0000E+00  0.0000E+00  0.0000E+00  0.0000E+00  0.0000E+00
 1.4582E+02  0.0000E+00  0.0000E+00  0.0000E+00  0.0000E+00  0.0000E+00
 1.4693E+02  0.0000E+00  0.0000E+00  0.0000E+00  0.0000E+00  0.0000E+00
 1.4806E+02  0.0000E+00  0.0000E+00  0.0000E+00  0.0000E+00  0.0000E+00
 1.4919E+02  0.0000E+00  0.0000E+00  0.0000E+00  0.0000E+00  0.0000E+00
 1.5033E+02  0.0000E+00  0.0000E+00  0.0000E+00  0.0000E+00  0.0000E+00
 1.5149E+02  0.0000E+00  0.0000E+00  0.0000E+00  0.0000E+00  0.0000E+00
 1.5265E+02  0.0000E+00  0.0000E+00  0.0000E+00  0.0000E+00  0.0000E+00
 1.5381E+02  0.0000E+00  0.0000E+00  0.0000E+00  0.0000E+00  0.0000E+00
 1.5499E+02  0.0000E+00  0.0000E+00  0.0000E+00  0.0000E+00  0.0000E+00
 1.5618E+02  0.0000E+00  0.0000E+00  0.0000E+00  0.0000E+00  0.0000E+00
 1.5738E+02  0.0000E+00  0.0000E+00  0.0000E+00  0.0000E+00  0.0000E+00
 1.5858E+02  0.0000E+00  0.0000E+00  0.0000E+00  0.0000E+00  0.0000E+00
 1.5980E+02  0.0000E+00  0.0000E+00  0.0000E+00  0.0000E+00  0.0000E+00
 1.6102E+02  0.0000E+00  0.0000E+00  0.0000E+00  0.0000E+00  0.0000E+00
 1.6225E+02  0.0000E+00  0.0000E+00  0.0000E+00  0.0000E+00  0.0000E+00
 1.6349E+02  0.0000E+00  0.0000E+00  0.0000E+00  0.0000E+00  0.0000E+00
 1.6475E+02  0.0000E+00  0.0000E+00  0.0000E+00  0.0000E+00  0.0000E+00
 1.6601E+02  0.0000E+00  0.0000E+00  0.0000E+00  0.0000E+00  0.0000E+00
 1.6728E+02  0.0000E+00  0.0000E+00  0.0000E+00  0.0000E+00  0.0000E+00
 1.6856E+02  0.0000E+00  0.0000E+00  0.0000E+00  0.0000E+00  0.0000E+00
 1.6985E+02  0.0000E+00  0.0000E+00  0.0000E+00  0.0000E+00  0.0000E+00
 1.7115E+02  0.0000E+00  0.0000E+00  0.0000E+00  0.0000E+00  0.0000E+00
 1.7246E+02  0.0000E+00  0.0000E+00  0.0000E+00  0.0000E+00  0.0000E+00
 1.7378E+02  0.0000E+00  0.0000E+00  0.0000E+00  0.0000E+00  0.0000E+00
 1.7511E+02  0.0000E+00  0.0000E+00  0.0000E+00  0.0000E+00  0.0000E+00
 1.7646E+02  0.0000E+00  0.0000E+00  0.0000E+00  0.0000E+00  0.0000E+00
 1.7781E+02  0.0000E+00  0.0000E+00  0.0000E+00  0.0000E+00  0.0000E+00
 1.7917E+02  0.0000E+00  0.0000E+00  0.0000E+00  0.0000E+00  0.0000E+00
 1.8054E+02  0.0000E+00  0.0000E+00  0.0000E+00  0.0000E+00  0.0000E+00
 1.8192E+02  0.0000E+00  0.0000E+00  0.0000E+00  0.0000E+00  0.0000E+00
 1.8332E+02  0.0000E+00  0.0000E+00  0.0000E+00  0.0000E+00  0.0000E+00
 1.8472E+02  0.0000E+00  0.0000E+00  0.0000E+00  0.0000E+00  0.0000E+00
 1.8614E+02  0.0000E+00  0.0000E+00  0.0000E+00  0.0000E+00  0.0000E+00
 1.8756E+02  0.0000E+00  0.0000E+00  0.0000E+00  0.0000E+00  0.0000E+00
 1.8900E+02  0.0000E+00  0.0000E+00  0.0000E+00  0.0000E+00  0.0000E+00
 1.9045E+02  0.0000E+00  0.0000E+00  0.0000E+00  0.0000E+00  0.0000E+00
 1.9190E+02  0.0000E+00  0.0000E+00  0.0000E+00  0.0000E+00  0.0000E+00
 1.9337E+02  0.0000E+00  0.0000E+00  0.0000E+00  0.0000E+00  0.0000E+00
 1.9485E+02  0.0000E+00  0.0000E+00  0.0000E+00  0.0000E+00  0.0000E+00
 1.9635E+02  0.0000E+00  0.0000E+00  0.0000E+00  0.0000E+00  0.0000E+00
 1.9785E+02  0.0000E+00  0.0000E+00  0.0000E+00  0.0000E+00  0.0000E+00
 1.9937E+02  0.0000E+00  0.0000E+00  0.0000E+00  0.0000E+00  0.0000E+00
 2.0089E+02  0.0000E+00  0.0000E+00  0.0000E+00  0.0000E+00  0.0000E+00
 2.0243E+02  0.0000E+00  0.0000E+00  0.0000E+00  0.0000E+00  0.0000E+00
 2.0398E+02  0.0000E+00  0.0000E+00  0.0000E+00  0.0000E+00  0.0000E+00
 2.0554E+02  0.0000E+00  0.0000E+00  0.0000E+00  0.0000E+00  0.0000E+00
 2.0712E+02  0.0000E+00  0.0000E+00  0.0000E+00  0.0000E+00  0.0000E+00
 2.0870E+02  0.0000E+00  0.0000E+00  0.0000E+00  0.0000E+00  0.0000E+00
 2.1030E+02  0.0000E+00  0.0000E+00  0.0000E+00  0.0000E+00  0.0000E+00
 2.1191E+02  0.0000E+00  0.0000E+00  0.0000E+00  0.0000E+00  0.0000E+00
 2.1354E+02  0.0000E+00  0.0000E+00  0.0000E+00  0.0000E+00  0.0000E+00
 2.1517E+02  0.0000E+00  0.0000E+00  0.0000E+00  0.0000E+00  0.0000E+00
 2.1682E+02  0.0000E+00  0.0000E+00  0.0000E+00  0.0000E+00  0.0000E+00
 2.1848E+02  0.0000E+00  0.0000E+00  0.0000E+00  0.0000E+00  0.0000E+00
 2.2015E+02  0.0000E+00  0.0000E+00  0.0000E+00  0.0000E+00  0.0000E+00
 2.2184E+02  0.0000E+00  0.0000E+00  0.0000E+00  0.0000E+00  0.0000E+00
 2.2354E+02  0.0000E+00  0.0000E+00  0.0000E+00  0.0000E+00  0.0000E+00
 2.2525E+02  0.0000E+00  0.0000E+00  0.0000E+00  0.0000E+00  0.0000E+00
 2.2697E+02  0.0000E+00  0.0000E+00  0.0000E+00  0.0000E+00  0.0000E+00
 2.2871E+02  0.0000E+00  0.0000E+00  0.0000E+00  0.0000E+00  0.0000E+00
 2.3046E+02  0.0000E+00  0.0000E+00  0.0000E+00  0.0000E+00  0.0000E+00
 2.3223E+02  0.0000E+00  0.0000E+00  0.0000E+00  0.0000E+00  0.0000E+00
 2.3401E+02  0.0000E+00  0.0000E+00  0.0000E+00  0.0000E+00  0.0000E+00
 2.3580E+02  0.0000E+00  0.0000E+00  0.0000E+00  0.0000E+00  0.0000E+00
 2.3761E+02  0.0000E+00  0.0000E+00  0.0000E+00  0.0000E+00  0.0000E+00
 2.3942E+02  0.0000E+00  0.0000E+00  0.0000E+00  0.0000E+00  0.0000E+00
 2.4126E+02  0.0000E+00  0.0000E+00  0.0000E+00  0.0000E+00  0.0000E+00
 2.4311E+02  0.0000E+00  0.0000E+00  0.0000E+00  0.0000E+00  0.0000E+00
 2.4497E+02  0.0000E+00  0.0000E+00  0.0000E+00  0.0000E+00  0.0000E+00
 2.4684E+02  0.0000E+00  0.0000E+00  0.0000E+00  0.0000E+00  0.0000E+00
 2.4873E+02  0.0000E+00  0.0000E+00  0.0000E+00  0.0000E+00  0.0000E+00
 2.5064E+02  0.0000E+00  0.0000E+00  0.0000E+00  0.0000E+00  0.0000E+00
 2.5256E+02  0.0000E+00  0.0000E+00  0.0000E+00  0.0000E+00  0.0000E+00
 2.5449E+02  0.0000E+00  0.0000E+00  0.0000E+00  0.0000E+00  0.0000E+00
 2.5644E+02  0.0000E+00  0.0000E+00  0.0000E+00  0.0000E+00  0.0000E+00
 2.5841E+02  0.0000E+00  0.0000E+00  0.0000E+00  0.0000E+00  0.0000E+00
 2.6038E+02  0.0000E+00  0.0000E+00  0.0000E+00  0.0000E+00  0.0000E+00
 2.6238E+02  0.0000E+00  0.0000E+00  0.0000E+00  0.0000E+00  0.0000E+00
 2.6439E+02  0.0000E+00  0.0000E+00  0.0000E+00  0.0000E+00  0.0000E+00
 2.6641E+02  0.0000E+00  0.0000E+00  0.0000E+00  0.0000E+00  0.0000E+00
 2.6845E+02  0.0000E+00  0.0000E+00  0.0000E+00  0.0000E+00  0.0000E+00
 2.7051E+02  0.0000E+00  0.0000E+00  0.0000E+00  0.0000E+00  0.0000E+00
 2.7258E+02  0.0000E+00  0.0000E+00  0.0000E+00  0.0000E+00  0.0000E+00
 2.7467E+02  0.0000E+00  0.0000E+00  0.0000E+00  0.0000E+00  0.0000E+00
 2.7677E+02  0.0000E+00  0.0000E+00  0.0000E+00  0.0000E+00  0.0000E+00
 2.7889E+02  0.0000E+00  0.0000E+00  0.0000E+00  0.0000E+00  0.0000E+00
 2.8103E+02  0.0000E+00  0.0000E+00  0.0000E+00  0.0000E+00  0.0000E+00
 2.8318E+02  0.0000E+00  0.0000E+00  0.0000E+00  0.0000E+00  0.0000E+00
 2.8535E+02  0.0000E+00  0.0000E+00  0.0000E+00  0.0000E+00  0.0000E+00
 2.8753E+02  0.0000E+00  0.0000E+00  0.0000E+00  0.0000E+00  0.0000E+00
 2.8974E+02  0.0000E+00  0.0000E+00  0.0000E+00  0.0000E+00  0.0000E+00
 2.9195E+02  0.0000E+00  0.0000E+00  0.0000E+00  0.0000E+00  0.0000E+00
 2.9419E+02  0.0000E+00  0.0000E+00  0.0000E+00  0.0000E+00  0.0000E+00
 2.9644E+02  0.0000E+00  0.0000E+00  0.0000E+00  0.0000E+00  0.0000E+00
 2.9871E+02  0.0000E+00  0.0000E+00  0.0000E+00  0.0000E+00  0.0000E+00
 3.0100E+02  0.0000E+00  0.0000E+00  0.0000E+00  0.0000E+00  0.0000E+00
 3.0331E+02  0.0000E+00  0.0000E+00  0.0000E+00  0.0000E+00  0.0000E+00
 3.0563E+02  0.0000E+00  0.0000E+00  0.0000E+00  0.0000E+00  0.0000E+00
 3.0797E+02  0.0000E+00  0.0000E+00  0.0000E+00  0.0000E+00  0.0000E+00
 3.1033E+02  0.0000E+00  0.0000E+00  0.0000E+00  0.0000E+00  0.0000E+00
 3.1271E+02  0.0000E+00  0.0000E+00  0.0000E+00  0.0000E+00  0.0000E+00
 3.1510E+02  0.0000E+00  0.0000E+00  0.0000E+00  0.0000E+00  0.0000E+00
 3.1751E+02  0.0000E+00  0.0000E+00  0.0000E+00  0.0000E+00  0.0000E+00
 3.1994E+02  0.0000E+00  0.0000E+00  0.0000E+00  0.0000E+00  0.0000E+00
 3.2240E+02  0.0000E+00  0.0000E+00  0.0000E+00  0.0000E+00  0.0000E+00
 3.2486E+02  0.0000E+00  0.0000E+00  0.0000E+00  0.0000E+00  0.0000E+00
 3.2735E+02  0.0000E+00  0.0000E+00  0.0000E+00  0.0000E+00  0.0000E+00
 3.2986E+02  0.0000E+00  0.0000E+00  0.0000E+00  0.0000E+00  0.0000E+00
 3.3239E+02  0.0000E+00  0.0000E+00  0.0000E+00  0.0000E+00  0.0000E+00
 3.3493E+02  0.0000E+00  0.0000E+00  0.0000E+00  0.0000E+00  0.0000E+00
 3.3750E+02  0.0000E+00  0.0000E+00  0.0000E+00  0.0000E+00  0.0000E+00
 3.4008E+02  0.0000E+00  0.0000E+00  0.0000E+00  0.0000E+00  0.0000E+00
 3.4268E+02  0.0000E+00  0.0000E+00  0.0000E+00  0.0000E+00  0.0000E+00
 3.4531E+02  0.0000E+00  0.0000E+00  0.0000E+00  0.0000E+00  0.0000E+00
 3.4795E+02  0.0000E+00  0.0000E+00  0.0000E+00  0.0000E+00  0.0000E+00
 3.5062E+02  0.0000E+00  0.0000E+00  0.0000E+00  0.0000E+00  0.0000E+00
 3.5330E+02  0.0000E+00  0.0000E+00  0.0000E+00  0.0000E+00  0.0000E+00
 3.5601E+02  0.0000E+00  0.0000E+00  0.0000E+00  0.0000E+00  0.0000E+00
 3.5874E+02  0.0000E+00  0.0000E+00  0.0000E+00  0.0000E+00  0.0000E+00
 3.6148E+02  0.0000E+00  0.0000E+00  0.0000E+00  0.0000E+00  0.0000E+00
 3.6425E+02  0.0000E+00  0.0000E+00  0.0000E+00  0.0000E+00  0.0000E+00
 3.6704E+02  0.0000E+00  0.0000E+00  0.0000E+00  0.0000E+00  0.0000E+00
 3.6985E+02  0.0000E+00  0.0000E+00  0.0000E+00  0.0000E+00  0.0000E+00
 3.7268E+02  0.0000E+00  0.0000E+00  0.0000E+00  0.0000E+00  0.0000E+00
 3.7554E+02  0.0000E+00  0.0000E+00  0.0000E+00  0.0000E+00  0.0000E+00
 3.7841E+02  0.0000E+00  0.0000E+00  0.0000E+00  0.0000E+00  0.0000E+00
 3.8131E+02  0.0000E+00  0.0000E+00  0.0000E+00  0.0000E+00  0.0000E+00
 3.8423E+02  0.0000E+00  0.0000E+00  0.0000E+00  0.0000E+00  0.0000E+00
 3.8718E+02  0.0000E+00  0.0000E+00  0.0000E+00  0.0000E+00  0.0000E+00
 3.9014E+02  0.0000E+00  0.0000E+00  0.0000E+00  0.0000E+00  0.0000E+00
 3.9313E+02  0.0000E+00  0.0000E+00  0.0000E+00  0.0000E+00  0.0000E+00
 3.9614E+02  0.0000E+00  0.0000E+00  0.0000E+00  0.0000E+00  0.0000E+00
 3.9917E+02  0.0000E+00  0.0000E+00  0.0000E+00  0.0000E+00  0.0000E+00
 4.0223E+02  0.0000E+00  0.0000E+00  0.0000E+00  0.0000E+00  0.0000E+00
 4.0531E+02  0.0000E+00  0.0000E+00  0.0000E+00  0.0000E+00  0.0000E+00
 4.0841E+02  0.0000E+00  0.0000E+00  0.0000E+00  0.0000E+00  0.0000E+00
 4.1154E+02  0.0000E+00  0.0000E+00  0.0000E+00  0.0000E+00  0.0000E+00
 4.1469E+02  0.0000E+00  0.0000E+00  0.0000E+00  0.0000E+00  0.0000E+00
 4.1787E+02  0.0000E+00  0.0000E+00  0.0000E+00  0.0000E+00  0.0000E+00
 4.2107E+02  0.0000E+00  0.0000E+00  0.0000E+00  0.0000E+00  0.0000E+00
 4.2429E+02  0.0000E+00  0.0000E+00  0.0000E+00  0.0000E+00  0.0000E+00
 4.2754E+02  0.0000E+00  0.0000E+00  0.0000E+00  0.0000E+00  0.0000E+00
 4.3082E+02  0.0000E+00  0.0000E+00  0.0000E+00  0.0000E+00  0.0000E+00
 4.3412E+02  0.0000E+00  0.0000E+00  0.0000E+00  0.0000E+00  0.0000E+00
 4.3744E+02  0.0000E+00  0.0000E+00  0.0000E+00  0.0000E+00  0.0000E+00
 4.4079E+02  0.0000E+00  0.0000E+00  0.0000E+00  0.0000E+00  0.0000E+00
 4.4417E+02  0.0000E+00  0.0000E+00  0.0000E+00  0.0000E+00  0.0000E+00
 4.4757E+02  0.0000E+00  0.0000E+00  0.0000E+00  0.0000E+00  0.0000E+00
 4.5100E+02  0.0000E+00  0.0000E+00  0.0000E+00  0.0000E+00  0.0000E+00
 4.5445E+02  0.0000E+00  0.0000E+00  0.0000E+00  0.0000E+00  0.0000E+00
 4.5793E+02  0.0000E+00  0.0000E+00  0.0000E+00  0.0000E+00  0.0000E+00
 4.6144E+02  0.0000E+00  0.0000E+00  0.0000E+00  0.0000E+00  0.0000E+00
 4.6497E+02  0.0000E+00  0.0000E+00  0.0000E+00  0.0000E+00  0.0000E+00
 4.6853E+02  0.0000E+00  0.0000E+00  0.0000E+00  0.0000E+00  0.0000E+00
 4.7212E+02  0.0000E+00  0.0000E+00  0.0000E+00  0.0000E+00  0.0000E+00
 4.7574E+02  0.0000E+00  0.0000E+00  0.0000E+00  0.0000E+00  0.0000E+00
 4.7938E+02  0.0000E+00  0.0000E+00  0.0000E+00  0.0000E+00  0.0000E+00
 4.8305E+02  0.0000E+00  0.0000E+00  0.0000E+00  0.0000E+00  0.0000E+00
 4.8675E+02  0.0000E+00  0.0000E+00  0.0000E+00  0.0000E+00  0.0000E+00
 4.9048E+02  0.0000E+00  0.0000E+00  0.0000E+00  0.0000E+00  0.0000E+00
 4.9424E+02  0.0000E+00  0.0000E+00  0.0000E+00  0.0000E+00  0.0000E+00
 4.9802E+02  0.0000E+00  0.0000E+00  0.0000E+00  0.0000E+00  0.0000E+00
 5.0183E+02  0.0000E+00  0.0000E+00  0.0000E+00  0.0000E+00  0.0000E+00
 5.0568E+02  0.0000E+00  0.0000E+00  0.0000E+00  0.0000E+00  0.0000E+00
 5.0955E+02  0.0000E+00  0.0000E+00  0.0000E+00  0.0000E+00  0.0000E+00
 5.1345E+02  0.0000E+00  0.0000E+00  0.0000E+00  0.0000E+00  0.0000E+00
 5.1738E+02  0.0000E+00  0.0000E+00  0.0000E+00  0.0000E+00  0.0000E+00
 5.2135E+02  0.0000E+00  0.0000E+00  0.0000E+00  0.0000E+00  0.0000E+00
 5.2534E+02  0.0000E+00  0.0000E+00  0.0000E+00  0.0000E+00  0.0000E+00
 5.2936E+02  0.0000E+00  0.0000E+00  0.0000E+00  0.0000E+00  0.0000E+00
 5.3342E+02  0.0000E+00  0.0000E+00  0.0000E+00  0.0000E+00  0.0000E+00
 5.3750E+02  0.0000E+00  0.0000E+00  0.0000E+00  0.0000E+00  0.0000E+00
 5.4162E+02  0.0000E+00  0.0000E+00  0.0000E+00  0.0000E+00  0.0000E+00
 5.4577E+02  0.0000E+00  0.0000E+00  0.0000E+00  0.0000E+00  0.0000E+00
 5.4995E+02  0.0000E+00  0.0000E+00  0.0000E+00  0.0000E+00  0.0000E+00
 5.5416E+02  0.0000E+00  0.0000E+00  0.0000E+00  0.0000E+00  0.0000E+00
 5.5840E+02  0.0000E+00  0.0000E+00  0.0000E+00  0.0000E+00  0.0000E+00
 5.6268E+02  0.0000E+00  0.0000E+00  0.0000E+00  0.0000E+00  0.0000E+00
 5.6699E+02  0.0000E+00  0.0000E+00  0.0000E+00  0.0000E+00  0.0000E+00
 5.7133E+02  0.0000E+00  0.0000E+00  0.0000E+00  0.0000E+00  0.0000E+00
 5.7571E+02  0.0000E+00  0.0000E+00  0.0000E+00  0.0000E+00  0.0000E+00
 5.8011E+02  0.0000E+00  0.0000E+00  0.0000E+00  0.0000E+00  0.0000E+00
 5.8456E+02  0.0000E+00  0.0000E+00  0.0000E+00  0.0000E+00  0.0000E+00
 5.8903E+02  0.0000E+00  0.0000E+00  0.0000E+00  0.0000E+00  0.0000E+00
 5.9354E+02  0.0000E+00  0.0000E+00  0.0000E+00  0.0000E+00  0.0000E+00
 5.9809E+02  0.0000E+00  0.0000E+00  0.0000E+00  0.0000E+00  0.0000E+00
 6.0267E+02  0.0000E+00  0.0000E+00  0.0000E+00  0.0000E+00  0.0000E+00
 6.0729E+02  0.0000E+00  0.0000E+00  0.0000E+00  0.0000E+00  0.0000E+00
 6.1194E+02  0.0000E+00  0.0000E+00  0.0000E+00  0.0000E+00  0.0000E+00
 6.1662E+02  0.0000E+00  0.0000E+00  0.0000E+00  0.0000E+00  0.0000E+00
 6.2135E+02  0.0000E+00  0.0000E+00  0.0000E+00  0.0000E+00  0.0000E+00
 6.2610E+02  0.0000E+00  0.0000E+00  0.0000E+00  0.0000E+00  0.0000E+00
 6.3090E+02  0.0000E+00  0.0000E+00  0.0000E+00  0.0000E+00  0.0000E+00
 6.3573E+02  0.0000E+00  0.0000E+00  0.0000E+00  0.0000E+00  0.0000E+00
 6.4060E+02  0.0000E+00  0.0000E+00  0.0000E+00  0.0000E+00  0.0000E+00
 6.4551E+02  0.0000E+00  0.0000E+00  0.0000E+00  0.0000E+00  0.0000E+00
 6.5045E+02  0.0000E+00  0.0000E+00  0.0000E+00  0.0000E+00  0.0000E+00
 6.5543E+02  0.0000E+00  0.0000E+00  0.0000E+00  0.0000E+00  0.0000E+00
 6.6045E+02  0.0000E+00  0.0000E+00  0.0000E+00  0.0000E+00  0.0000E+00
 6.6551E+02  0.0000E+00  0.0000E+00  0.0000E+00  0.0000E+00  0.0000E+00
 6.7060E+02  0.0000E+00  0.0000E+00  0.0000E+00  0.0000E+00  0.0000E+00
 6.7574E+02  0.0000E+00  0.0000E+00  0.0000E+00  0.0000E+00  0.0000E+00
 6.8092E+02  0.0000E+00  0.0000E+00  0.0000E+00  0.0000E+00  0.0000E+00
 6.8613E+02  0.0000E+00  0.0000E+00  0.0000E+00  0.0000E+00  0.0000E+00
 6.9138E+02  0.0000E+00  0.0000E+00  0.0000E+00  0.0000E+00  0.0000E+00
 6.9668E+02  0.0000E+00  0.0000E+00  0.0000E+00  0.0000E+00  0.0000E+00
 7.0201E+02  0.0000E+00  0.0000E+00  0.0000E+00  0.0000E+00  0.0000E+00
 7.0739E+02  0.0000E+00  0.0000E+00  0.0000E+00  0.0000E+00  0.0000E+00
 7.1281E+02  0.0000E+00  0.0000E+00  0.0000E+00  0.0000E+00  0.0000E+00
 7.1827E+02  0.0000E+00  0.0000E+00  0.0000E+00  0.0000E+00  0.0000E+00
 7.2377E+02  0.0000E+00  0.0000E+00  0.0000E+00  0.0000E+00  0.0000E+00
 7.2931E+02  0.0000E+00  0.0000E+00  0.0000E+00  0.0000E+00  0.0000E+00
 7.3490E+02  0.0000E+00  0.0000E+00  0.0000E+00  0.0000E+00  0.0000E+00
 7.4052E+02  0.0000E+00  0.0000E+00  0.0000E+00  0.0000E+00  0.0000E+00
 7.4620E+02  0.0000E+00  0.0000E+00  0.0000E+00  0.0000E+00  0.0000E+00
 7.5191E+02  0.0000E+00  0.0000E+00  0.0000E+00  0.0000E+00  0.0000E+00
 7.5767E+02  0.0000E+00  0.0000E+00  0.0000E+00  0.0000E+00  0.0000E+00
 7.6347E+02  0.0000E+00  0.0000E+00  0.0000E+00  0.0000E+00  0.0000E+00
 7.6932E+02  0.0000E+00  0.0000E+00  0.0000E+00  0.0000E+00  0.0000E+00
 7.7521E+02  0.0000E+00  0.0000E+00  0.0000E+00  0.0000E+00  0.0000E+00
 7.8115E+02  0.0000E+00  0.0000E+00  0.0000E+00  0.0000E+00  0.0000E+00
 7.8713E+02  0.0000E+00  0.0000E+00  0.0000E+00  0.0000E+00  0.0000E+00
 7.9316E+02  0.0000E+00  0.0000E+00  0.0000E+00  0.0000E+00  0.0000E+00
 7.9923E+02  0.0000E+00  0.0000E+00  0.0000E+00  0.0000E+00  0.0000E+00
 8.0535E+02  0.0000E+00  0.0000E+00  0.0000E+00  0.0000E+00  0.0000E+00
 8.1152E+02  0.0000E+00  0.0000E+00  0.0000E+00  0.0000E+00  0.0000E+00
 8.1774E+02  0.0000E+00  0.0000E+00  0.0000E+00  0.0000E+00  0.0000E+00
 8.2400E+02  0.0000E+00  0.0000E+00  0.0000E+00  0.0000E+00  0.0000E+00
 8.3031E+02  0.0000E+00  0.0000E+00  0.0000E+00  0.0000E+00  0.0000E+00
 8.3667E+02  0.0000E+00  0.0000E+00  0.0000E+00  0.0000E+00  0.0000E+00
 8.4307E+02  0.0000E+00  0.0000E+00  0.0000E+00  0.0000E+00  0.0000E+00
 8.4953E+02  0.0000E+00  0.0000E+00  0.0000E+00  0.0000E+00  0.0000E+00
 8.5604E+02  0.0000E+00  0.0000E+00  0.0000E+00  0.0000E+00  0.0000E+00
 8.6259E+02  0.0000E+00  0.0000E+00  0.0000E+00  0.0000E+00  0.0000E+00
 8.6920E+02  0.0000E+00  0.0000E+00  0.0000E+00  0.0000E+00  0.0000E+00
 8.7586E+02  0.0000E+00  0.0000E+00  0.0000E+00  0.0000E+00  0.0000E+00
 8.8256E+02  0.0000E+00  0.0000E+00  0.0000E+00  0.0000E+00  0.0000E+00
 8.8932E+02  0.0000E+00  0.0000E+00  0.0000E+00  0.0000E+00  0.0000E+00
 8.9613E+02  0.0000E+00  0.0000E+00  0.0000E+00  0.0000E+00  0.0000E+00
 9.0300E+02  0.0000E+00  0.0000E+00  0.0000E+00  0.0000E+00  0.0000E+00
 9.0991E+02  0.0000E+00  0.0000E+00  0.0000E+00  0.0000E+00  0.0000E+00
 9.1688E+02  0.0000E+00  0.0000E+00  0.0000E+00  0.0000E+00  0.0000E+00
 9.2390E+02  0.0000E+00  0.0000E+00  0.0000E+00  0.0000E+00  0.0000E+00
 9.3098E+02  0.0000E+00  0.0000E+00  0.0000E+00  0.0000E+00  0.0000E+00
 9.3811E+02  0.0000E+00  0.0000E+00  0.0000E+00  0.0000E+00  0.0000E+00
 9.4529E+02  0.0000E+00  0.0000E+00  0.0000E+00  0.0000E+00  0.0000E+00
 9.5253E+02  0.0000E+00  0.0000E+00  0.0000E+00  0.0000E+00  0.0000E+00
 9.5983E+02  0.0000E+00  0.0000E+00  0.0000E+00  0.0000E+00  0.0000E+00
 9.6718E+02  0.0000E+00  0.0000E+00  0.0000E+00  0.0000E+00  0.0000E+00
 9.7458E+02  0.0000E+00  0.0000E+00  0.0000E+00  0.0000E+00  0.0000E+00
 9.8205E+02  0.0000E+00  0.0000E+00  0.0000E+00  0.0000E+00  0.0000E+00
 9.8957E+02  0.0000E+00  0.0000E+00  0.0000E+00  0.0000E+00  0.0000E+00
 9.9715E+02  0.0000E+00  0.0000E+00  0.0000E+00  0.0000E+00  0.0000E+00
 1.0048E+03  1.5567E-03  9.2632E-02  1.8366E-03  2.1879E-01  1.0000E+00
 1.0125E+03  1.5586E-03  9.2035E-02  1.8367E-03  2.1713E-01  1.0000E+00
 1.0202E+03  1.5604E-03  9.1441E-02  1.8367E-03  2.1549E-01  1.0000E+00
 1.0280E+03  1.5622E-03  9.0852E-02  1.8368E-03  2.1386E-01  1.0000E+00
 1.0359E+03  1.5640E-03  9.0267E-02  1.8369E-03  2.1224E-01  1.0000E+00
 1.0439E+03  1.5659E-03  8.9685E-02  1.8369E-03  2.1063E-01  1.0000E+00
 1.0518E+03  1.5677E-03  8.9107E-02  1.8370E-03  2.0904E-01  1.0000E+00
 1.0599E+03  1.5695E-03  8.8532E-02  1.8370E-03  2.0745E-01  1.0000E+00
 1.0680E+03  1.5714E-03  8.7961E-02  1.8371E-03  2.0588E-01  1.0000E+00
 1.0762E+03  1.5732E-03  8.7393E-02  1.8371E-03  2.0433E-01  1.0000E+00
 1.0844E+03  1.5750E-03  8.6828E-02  1.8372E-03  2.0278E-01  1.0000E+00
 1.0927E+03  1.5768E-03  8.6267E-02  1.8373E-03  2.0124E-01  1.0000E+00
 1.1011E+03  1.5786E-03  8.5709E-02  1.8373E-03  1.9972E-01  1.0000E+00
 1.1095E+03  1.5804E-03  8.5154E-02  1.8374E-03  1.9821E-01  1.0000E+00
 1.1180E+03  1.5822E-03  8.4602E-02  1.8374E-03  1.9671E-01  1.0000E+00
 1.1266E+03  1.5840E-03  8.4054E-02  1.8375E-03  1.9522E-01  1.0000E+00
 1.1352E+03  1.5858E-03  8.3508E-02  1.8376E-03  1.9374E-01  1.0000E+00
 1.1439E+03  1.5876E-03  8.2966E-02  1.8376E-03  1.9228E-01  1.0000E+00
 1.1527E+03  1.5894E-03  8.2427E-02  1.8377E-03  1.9082E-01  1.0000E+00
 1.1615E+03  1.5912E-03  8.1892E-02  1.8378E-03  1.8938E-01  1.0000E+00
 1.1704E+03  1.5929E-03  8.1359E-02  1.8378E-03  1.8795E-01  1.0000E+00
 1.1794E+03  1.5947E-03  8.0830E-02  1.8379E-03  1.8653E-01  1.0000E+00
 1.1884E+03  1.5965E-03  8.0303E-02  1.8380E-03  1.8511E-01  1.0000E+00
 1.1975E+03  1.5982E-03  7.9780E-02  1.8380E-03  1.8371E-01  1.0000E+00
 1.2067E+03  1.6000E-03  7.9260E-02  1.8381E-03  1.8232E-01  1.0000E+00
 1.2159E+03  1.6017E-03  7.8742E-02  1.8381E-03  1.8095E-01  1.0000E+00
 1.2252E+03  1.6035E-03  7.8228E-02  1.8382E-03  1.7958E-01  1.0000E+00
 1.2346E+03  1.6052E-03  7.7717E-02  1.8383E-03  1.7822E-01  1.0000E+00
 1.2441E+03  1.6069E-03  7.7209E-02  1.8383E-03  1.7687E-01  1.0000E+00
 1.2536E+03  1.6087E-03  7.6704E-02  1.8384E-03  1.7553E-01  1.0000E+00
 1.2632E+03  1.6104E-03  7.6202E-02  1.8385E-03  1.7421E-01  1.0000E+00
 1.2729E+03  1.6121E-03  7.5702E-02  1.8386E-03  1.7289E-01  1.0000E+00
 1.2826E+03  1.6138E-03  7.5206E-02  1.8386E-03  1.7158E-01  1.0000E+00
 1.2924E+03  1.6155E-03  7.4713E-02  1.8387E-03  1.7028E-01  1.0000E+00
 1.3023E+03  1.6172E-03  7.4223E-02  1.8388E-03  1.6900E-01  1.0000E+00
 1.3123E+03  1.6189E-03  7.3735E-02  1.8388E-03  1.6772E-01  1.0000E+00
 1.3224E+03  1.6206E-03  7.3250E-02  1.8389E-03  1.6645E-01  1.0000E+00
 1.3325E+03  1.6223E-03  7.2769E-02  1.8390E-03  1.6519E-01  1.0000E+00
 1.3427E+03  1.6240E-03  7.2290E-02  1.8391E-03  1.6394E-01  1.0000E+00
 1.3530E+03  1.6257E-03  7.1814E-02  1.8391E-03  1.6270E-01  1.0000E+00
 1.3633E+03  1.6273E-03  7.1341E-02  1.8392E-03  1.6147E-01  1.0000E+00
 1.3738E+03  1.6290E-03  7.0870E-02  1.8393E-03  1.6025E-01  1.0000E+00
 1.3843E+03  1.6307E-03  7.0403E-02  1.8394E-03  1.5904E-01  1.0000E+00
 1.3949E+03  1.6323E-03  6.9938E-02  1.8394E-03  1.5784E-01  1.0000E+00
 1.4056E+03  1.6340E-03  6.9476E-02  1.8395E-03  1.5664E-01  1.0000E+00
 1.4164E+03  1.6356E-03  6.9017E-02  1.8396E-03  1.5546E-01  1.0000E+00
 1.4272E+03  1.6373E-03  6.8561E-02  1.8397E-03  1.5429E-01  1.0000E+00
 1.4381E+03  1.6389E-03  6.8107E-02  1.8397E-03  1.5312E-01  1.0000E+00
 1.4491E+03  1.6405E-03  6.7656E-02  1.8398E-03  1.5196E-01  1.0000E+00
 1.4602E+03  1.6422E-03  6.7208E-02  1.8399E-03  1.5081E-01  1.0000E+00
 1.4714E+03  1.6438E-03  6.6762E-02  1.8400E-03  1.4967E-01  1.0000E+00
 1.4827E+03  1.6454E-03  6.6319E-02  1.8401E-03  1.4854E-01  1.0000E+00
 1.4940E+03  1.6470E-03  6.5879E-02  1.8401E-03  1.4742E-01  1.0000E+00
 1.5055E+03  1.6486E-03  6.5441E-02  1.8402E-03  1.4631E-01  1.0000E+00
 1.5170E+03  1.6502E-03  6.5006E-02  1.8403E-03  1.4520E-01  1.0000E+00
 1.5286E+03  1.6518E-03  6.4574E-02  1.8404E-03  1.4410E-01  1.0000E+00
 1.5403E+03  1.6534E-03  6.4144E-02  1.8405E-03  1.4302E-01  1.0000E+00
 1.5521E+03  1.6550E-03  6.3717E-02  1.8406E-03  1.4194E-01  1.0000E+00
 1.5640E+03  1.6566E-03  6.3292E-02  1.8406E-03  1.4086E-01  1.0000E+00
 1.5760E+03  1.6582E-03  6.2870E-02  1.8407E-03  1.3980E-01  1.0000E+00
 1.5881E+03  1.6597E-03  6.2451E-02  1.8408E-03  1.3874E-01  1.0000E+00
 1.6002E+03  1.6613E-03  6.2034E-02  1.8409E-03  1.3770E-01  1.0000E+00
 1.6125E+03  1.6629E-03  6.1620E-02  1.8410E-03  1.3666E-01  1.0000E+00
 1.6248E+03  1.6644E-03  6.1208E-02  1.8411E-03  1.3562E-01  1.0000E+00
 1.6373E+03  1.6660E-03  6.0798E-02  1.8412E-03  1.3460E-01  1.0000E+00
 1.6498E+03  1.6675E-03  6.0392E-02  1.8413E-03  1.3358E-01  1.0000E+00
 1.6625E+03  1.6691E-03  5.9987E-02  1.8414E-03  1.3257E-01  1.0000E+00
 1.6752E+03  1.6706E-03  5.9585E-02  1.8414E-03  1.3157E-01  1.0000E+00
 1.6880E+03  1.6721E-03  5.9186E-02  1.8415E-03  1.3058E-01  1.0000E+00
 1.7009E+03  1.6737E-03  5.8789E-02  1.8416E-03  1.2959E-01  1.0000E+00
 1.7140E+03  1.6752E-03  5.8394E-02  1.8417E-03  1.2862E-01  1.0000E+00
 1.7271E+03  1.6767E-03  5.8002E-02  1.8418E-03  1.2764E-01  1.0000E+00
 1.7403E+03  1.6782E-03  5.7612E-02  1.8419E-03  1.2668E-01  1.0000E+00
 1.7537E+03  1.6797E-03  5.7225E-02  1.8420E-03  1.2572E-01  1.0000E+00
 1.7671E+03  1.6812E-03  5.6839E-02  1.8421E-03  1.2478E-01  1.0000E+00
 1.7806E+03  1.6827E-03  5.6456E-02  1.8422E-03  1.2383E-01  1.0000E+00
 1.7943E+03  1.6841E-03  5.6075E-02  1.8423E-03  1.2290E-01  1.0000E+00
 1.8080E+03  1.6856E-03  5.5697E-02  1.8424E-03  1.2197E-01  1.0000E+00
 1.8218E+03  1.6870E-03  5.5320E-02  1.8425E-03  1.2105E-01  1.0000E+00
 1.8358E+03  1.6885E-03  5.4946E-02  1.8426E-03  1.2014E-01  1.0000E+00
 1.8499E+03  1.6899E-03  5.4574E-02  1.8427E-03  1.1923E-01  1.0000E+00
 1.8640E+03  1.6914E-03  5.4205E-02  1.8428E-03  1.1833E-01  1.0000E+00
 1.8783E+03  1.6928E-03  5.3837E-02  1.8429E-03  1.1744E-01  1.0000E+00
 1.8927E+03  1.6942E-03  5.3472E-02  1.8430E-03  1.1655E-01  1.0000E+00
 1.9072E+03  1.6956E-03  5.3109E-02  1.8431E-03  1.1567E-01  1.0000E+00
 1.9218E+03  1.6970E-03  5.2748E-02  1.8432E-03  1.1480E-01  1.0000E+00
 1.9365E+03  1.6984E-03  5.2389E-02  1.8433E-03  1.1393E-01  1.0000E+00
 1.9513E+03  1.6998E-03  5.2033E-02  1.8434E-03  1.1308E-01  1.0000E+00
 1.9663E+03  1.7012E-03  5.1678E-02  1.8435E-03  1.1222E-01  1.0000E+00
 1.9813E+03  1.7025E-03  5.1326E-02  1.8436E-03  1.1138E-01  1.0000E+00
 1.9965E+03  1.7039E-03  5.0976E-02  1.8438E-03  1.1054E-01  1.0000E+00
 2.0118E+03  1.7052E-03  5.0628E-02  1.8439E-03  1.0970E-01  1.0000E+00
 2.0272E+03  1.7066E-03  5.0283E-02  1.8440E-03  1.0888E-01  1.0000E+00
 2.0427E+03  1.7079E-03  4.9939E-02  1.8441E-03  1.0805E-01  1.0000E+00
 2.0584E+03  1.7093E-03  4.9598E-02  1.8442E-03  1.0724E-01  1.0000E+00
 2.0741E+03  1.7106E-03  4.9258E-02  1.8443E-03  1.0643E-01  1.0000E+00
 2.0900E+03  1.7119E-03  4.8921E-02  1.8444E-03  1.0563E-01  1.0000E+00
 2.1060E+03  1.7133E-03  4.8586E-02  1.8445E-03  1.0483E-01  1.0000E+00
 2.1222E+03  1.7146E-03  4.8253E-02  1.8447E-03  1.0404E-01  1.0000E+00
 2.1384E+03  1.7159E-03  4.7922E-02  1.8448E-03  1.0326E-01  1.0000E+00
 2.1548E+03  1.7172E-03  4.7594E-02  1.8449E-03  1.0248E-01  1.0000E+00
 2.1713E+03  1.7185E-03  4.7267E-02  1.8450E-03  1.0171E-01  1.0000E+00
 2.1879E+03  1.7198E-03  4.6942E-02  1.8451E-03  1.0094E-01  1.0000E+00
 2.2047E+03  1.7211E-03  4.6620E-02  1.8453E-03  1.0018E-01  1.0000E+00
 2.2216E+03  1.7224E-03  4.6299E-02  1.8454E-03  9.9426E-02  1.0000E+00
 2.2386E+03  1.7237E-03  4.5981E-02  1.8455E-03  9.8677E-02  1.0000E+00
 2.2557E+03  1.7250E-03  4.5665E-02  1.8456E-03  9.7933E-02  1.0000E+00
 2.2730E+03  1.7262E-03  4.5351E-02  1.8457E-03  9.7196E-02  1.0000E+00
 2.2904E+03  1.7275E-03  4.5038E-02  1.8459E-03  9.6464E-02  1.0000E+00
 2.3079E+03  1.7288E-03  4.4728E-02  1.8460E-03  9.5737E-02  1.0000E+00
 2.3256E+03  1.7301E-03  4.4420E-02  1.8461E-03  9.5016E-02  1.0000E+00
 2.3434E+03  1.7313E-03  4.4114E-02  1.8462E-03  9.4300E-02  1.0000E+00
 2.3614E+03  1.7326E-03  4.3810E-02  1.8464E-03  9.3590E-02  1.0000E+00
 2.3794E+03  1.7338E-03  4.3508E-02  1.8465E-03  9.2885E-02  1.0000E+00
 2.3977E+03  1.7351E-03  4.3208E-02  1.8466E-03  9.2186E-02  1.0000E+00
 2.4160E+03  1.7364E-03  4.2910E-02  1.8468E-03  9.1492E-02  1.0000E+00
 2.4345E+03  1.7376E-03  4.2613E-02  1.8469E-03  9.0803E-02  1.0000E+00
 2.4532E+03  1.7389E-03  4.2319E-02  1.8470E-03  9.0119E-02  1.0000E+00
 2.4720E+03  1.7401E-03  4.2027E-02  1.8472E-03  8.9441E-02  1.0000E+00
 2.4909E+03  1.7414E-03  4.1737E-02  1.8473E-03  8.8768E-02  1.0000E+00
 2.5100E+03  1.7426E-03  4.1448E-02  1.8474E-03  8.8100E-02  1.0000E+00
 2.5292E+03  1.7439E-03  4.1162E-02  1.8476E-03  8.7437E-02  1.0000E+00
 2.5486E+03  1.7451E-03  4.0878E-02  1.8477E-03  8.6779E-02  1.0000E+00
 2.5681E+03  1.7463E-03  4.0595E-02  1.8479E-03  8.6126E-02  1.0000E+00
 2.5878E+03  1.7476E-03  4.0314E-02  1.8480E-03  8.5478E-02  1.0000E+00
 2.6076E+03  1.7488E-03  4.0036E-02  1.8481E-03  8.4835E-02  1.0000E+00
 2.6275E+03  1.7501E-03  3.9759E-02  1.8483E-03  8.4196E-02  1.0000E+00
 2.6477E+03  1.7513E-03  3.9484E-02  1.8484E-03  8.3563E-02  1.0000E+00
 2.6679E+03  1.7526E-03  3.9211E-02  1.8486E-03  8.2935E-02  1.0000E+00
 2.6884E+03  1.7538E-03  3.8940E-02  1.8487E-03  8.2311E-02  1.0000E+00
 2.7090E+03  1.7550E-03  3.8670E-02  1.8489E-03  8.1692E-02  1.0000E+00
 2.7297E+03  1.7563E-03  3.8403E-02  1.8490E-03  8.1077E-02  1.0000E+00
 2.7506E+03  1.7575E-03  3.8137E-02  1.8492E-03  8.0468E-02  1.0000E+00
 2.7717E+03  1.7588E-03  3.7873E-02  1.8493E-03  7.9863E-02  1.0000E+00
 2.7929E+03  1.7600E-03  3.7611E-02  1.8495E-03  7.9262E-02  1.0000E+00
 2.8143E+03  1.7613E-03  3.7351E-02  1.8496E-03  7.8666E-02  1.0000E+00
 2.8358E+03  1.7625E-03  3.7092E-02  1.8498E-03  7.8075E-02  1.0000E+00
 2.8576E+03  1.7637E-03  3.6835E-02  1.8499E-03  7.7488E-02  1.0000E+00
 2.8794E+03  1.7649E-03  3.6579E-02  1.8501E-03  7.6906E-02  1.0000E+00
 2.9015E+03  1.7661E-03  3.6325E-02  1.8503E-03  7.6328E-02  1.0000E+00
 2.9237E+03  1.7673E-03  3.6072E-02  1.8504E-03  7.5754E-02  1.0000E+00
 2.9461E+03  1.7684E-03  3.5821E-02  1.8506E-03  7.5185E-02  1.0000E+00
 2.9687E+03  1.7696E-03  3.5571E-02  1.8507E-03  7.4620E-02  1.0000E+00
 2.9914E+03  1.7707E-03  3.5323E-02  1.8509E-03  7.4060E-02  1.0000E+00
 3.0143E+03  1.7719E-03  3.5076E-02  1.8511E-03  7.3503E-02  1.0000E+00
 3.0374E+03  1.7730E-03  3.4830E-02  1.8512E-03  7.2951E-02  1.0000E+00
 3.0607E+03  1.7741E-03  3.4587E-02  1.8514E-03  7.2404E-02  1.0000E+00
 3.0841E+03  1.7752E-03  3.4344E-02  1.8516E-03  7.1860E-02  1.0000E+00
 3.1077E+03  1.7763E-03  3.4103E-02  1.8518E-03  7.1320E-02  1.0000E+00
 3.1315E+03  1.7774E-03  3.3864E-02  1.8519E-03  7.0785E-02  1.0000E+00
 3.1555E+03  1.7784E-03  3.3626E-02  1.8521E-03  7.0253E-02  1.0000E+00
 3.1797E+03  1.7795E-03  3.3389E-02  1.8523E-03  6.9726E-02  1.0000E+00
 3.2040E+03  1.7805E-03  3.3154E-02  1.8524E-03  6.9203E-02  1.0000E+00
 3.2286E+03  1.7816E-03  3.2920E-02  1.8526E-03  6.8683E-02  1.0000E+00
 3.2533E+03  1.7826E-03  3.2688E-02  1.8528E-03  6.8168E-02  1.0000E+00
 3.2782E+03  1.7836E-03  3.2457E-02  1.8530E-03  6.7656E-02  1.0000E+00
 3.3033E+03  1.7846E-03  3.2228E-02  1.8532E-03  6.7149E-02  1.0000E+00
 3.3286E+03  1.7856E-03  3.2000E-02  1.8533E-03  6.6645E-02  1.0000E+00
 3.3541E+03  1.7865E-03  3.1773E-02  1.8535E-03  6.6145E-02  1.0000E+00
 3.3798E+03  1.7875E-03  3.1548E-02  1.8537E-03  6.5649E-02  1.0000E+00
 3.4057E+03  1.7885E-03  3.1324E-02  1.8539E-03  6.5156E-02  1.0000E+00
 3.4317E+03  1.7894E-03  3.1102E-02  1.8541E-03  6.4668E-02  1.0000E+00
 3.4580E+03  1.7904E-03  3.0881E-02  1.8543E-03  6.4183E-02  1.0000E+00
 3.4845E+03  1.7913E-03  3.0661E-02  1.8545E-03  6.3701E-02  1.0000E+00
 3.5112E+03  1.7922E-03  3.0443E-02  1.8547E-03  6.3224E-02  1.0000E+00
 3.5381E+03  1.7931E-03  3.0226E-02  1.8549E-03  6.2750E-02  1.0000E+00
 3.5652E+03  1.7940E-03  3.0010E-02  1.8550E-03  6.2280E-02  1.0000E+00
 3.5925E+03  1.7949E-03  2.9796E-02  1.8552E-03  6.1813E-02  1.0000E+00
 3.6200E+03  1.7958E-03  2.9583E-02  1.8554E-03  6.1350E-02  1.0000E+00
 3.6477E+03  1.7966E-03  2.9372E-02  1.8556E-03  6.0890E-02  1.0000E+00
 3.6757E+03  1.7975E-03  2.9162E-02  1.8558E-03  6.0434E-02  1.0000E+00
 3.7038E+03  1.7983E-03  2.8953E-02  1.8560E-03  5.9981E-02  1.0000E+00
 3.7322E+03  1.7992E-03  2.8745E-02  1.8563E-03  5.9532E-02  1.0000E+00
 3.7608E+03  1.8000E-03  2.8539E-02  1.8565E-03  5.9086E-02  1.0000E+00
 3.7896E+03  1.8008E-03  2.8335E-02  1.8567E-03  5.8643E-02  1.0000E+00
 3.8186E+03  1.8016E-03  2.8131E-02  1.8569E-03  5.8204E-02  1.0000E+00
 3.8478E+03  1.8024E-03  2.7929E-02  1.8571E-03  5.7768E-02  1.0000E+00
 3.8773E+03  1.8032E-03  2.7728E-02  1.8573E-03  5.7336E-02  1.0000E+00
 3.9070E+03  1.8040E-03  2.7528E-02  1.8575E-03  5.6907E-02  1.0000E+00
 3.9369E+03  1.8048E-03  2.7330E-02  1.8577E-03  5.6481E-02  1.0000E+00
 3.9671E+03  1.8055E-03  2.7133E-02  1.8579E-03  5.6058E-02  1.0000E+00
 3.9974E+03  1.8063E-03  2.6937E-02  1.8582E-03  5.5638E-02  1.0000E+00
 4.0281E+03  1.8070E-03  2.6743E-02  1.8584E-03  5.5222E-02  1.0000E+00
 4.0589E+03  1.8078E-03  2.6550E-02  1.8586E-03  5.4809E-02  1.0000E+00
 4.0900E+03  1.8085E-03  2.6358E-02  1.8588E-03  5.4399E-02  1.0000E+00
 4.1213E+03  1.8092E-03  2.6167E-02  1.8591E-03  5.3992E-02  1.0000E+00
 4.1529E+03  1.8099E-03  2.5977E-02  1.8593E-03  5.3588E-02  1.0000E+00
 4.1847E+03  1.8106E-03  2.5789E-02  1.8595E-03  5.3188E-02  1.0000E+00
 4.2167E+03  1.8113E-03  2.5602E-02  1.8597E-03  5.2790E-02  1.0000E+00
 4.2490E+03  1.8120E-03  2.5417E-02  1.8600E-03  5.2395E-02  1.0000E+00
 4.2816E+03  1.8127E-03  2.5232E-02  1.8602E-03  5.2004E-02  1.0000E+00
 4.3143E+03  1.8134E-03  2.5049E-02  1.8605E-03  5.1615E-02  1.0000E+00
 4.3474E+03  1.8140E-03  2.4867E-02  1.8607E-03  5.1229E-02  1.0000E+00
 4.3807E+03  1.8147E-03  2.4686E-02  1.8609E-03  5.0847E-02  1.0000E+00
 4.4142E+03  1.8153E-03  2.4506E-02  1.8612E-03  5.0467E-02  1.0000E+00
 4.4480E+03  1.8160E-03  2.4328E-02  1.8614E-03  5.0090E-02  1.0000E+00
 4.4821E+03  1.8166E-03  2.4150E-02  1.8617E-03  4.9716E-02  1.0000E+00
 4.5164E+03  1.8173E-03  2.3974E-02  1.8619E-03  4.9344E-02  1.0000E+00
 4.5510E+03  1.8179E-03  2.3800E-02  1.8622E-03  4.8976E-02  1.0000E+00
 4.5859E+03  1.8185E-03  2.3626E-02  1.8624E-03  4.8610E-02  1.0000E+00
 4.6210E+03  1.8191E-03  2.3454E-02  1.8627E-03  4.8247E-02  1.0000E+00
 4.6564E+03  1.8197E-03  2.3282E-02  1.8629E-03  4.7887E-02  1.0000E+00
 4.6920E+03  1.8203E-03  2.3112E-02  1.8632E-03  4.7530E-02  1.0000E+00
 4.7280E+03  1.8209E-03  2.2943E-02  1.8634E-03  4.7175E-02  1.0000E+00
 4.7642E+03  1.8215E-03  2.2775E-02  1.8637E-03  4.6823E-02  1.0000E+00
 4.8007E+03  1.8221E-03  2.2609E-02  1.8640E-03  4.6474E-02  1.0000E+00
 4.8374E+03  1.8227E-03  2.2443E-02  1.8642E-03  4.6127E-02  1.0000E+00
 4.8745E+03  1.8233E-03  2.2279E-02  1.8645E-03  4.5783E-02  1.0000E+00
 4.9118E+03  1.8238E-03  2.2116E-02  1.8648E-03  4.5442E-02  1.0000E+00
 4.9494E+03  1.8244E-03  2.1954E-02  1.8650E-03  4.5103E-02  1.0000E+00
 4.9873E+03  1.8250E-03  2.1793E-02  1.8653E-03  4.4767E-02  1.0000E+00
 5.0255E+03  1.8255E-03  2.1633E-02  1.8656E-03  4.4433E-02  1.0000E+00
 5.0640E+03  1.8261E-03  2.1475E-02  1.8659E-03  4.4102E-02  1.0000E+00
 5.1028E+03  1.8267E-03  2.1317E-02  1.8662E-03  4.3774E-02  1.0000E+00
 5.1419E+03  1.8272E-03  2.1161E-02  1.8664E-03  4.3447E-02  1.0000E+00
 5.1812E+03  1.8278E-03  2.1005E-02  1.8667E-03  4.3124E-02  1.0000E+00
 5.2209E+03  1.8283E-03  2.0851E-02  1.8670E-03  4.2803E-02  1.0000E+00
 5.2609E+03  1.8289E-03  2.0698E-02  1.8673E-03  4.2484E-02  1.0000E+00
 5.3012E+03  1.8294E-03  2.0546E-02  1.8676E-03  4.2168E-02  1.0000E+00
 5.3418E+03  1.8299E-03  2.0395E-02  1.8679E-03  4.1854E-02  1.0000E+00
 5.3827E+03  1.8305E-03  2.0245E-02  1.8682E-03  4.1542E-02  1.0000E+00
 5.4239E+03  1.8310E-03  2.0097E-02  1.8685E-03  4.1233E-02  1.0000E+00
 5.4655E+03  1.8316E-03  1.9949E-02  1.8688E-03  4.0926E-02  1.0000E+00
 5.5073E+03  1.8321E-03  1.9802E-02  1.8691E-03  4.0622E-02  1.0000E+00
 5.5495E+03  1.8326E-03  1.9657E-02  1.8694E-03  4.0320E-02  1.0000E+00
 5.5920E+03  1.8332E-03  1.9512E-02  1.8697E-03  4.0020E-02  1.0000E+00
 5.6348E+03  1.8337E-03  1.9369E-02  1.8700E-03  3.9722E-02  1.0000E+00
 5.6780E+03  1.8342E-03  1.9226E-02  1.8703E-03  3.9427E-02  1.0000E+00
 5.7215E+03  1.8348E-03  1.9085E-02  1.8706E-03  3.9134E-02  1.0000E+00
 5.7653E+03  1.8353E-03  1.8945E-02  1.8709E-03  3.8843E-02  1.0000E+00
 5.8094E+03  1.8358E-03  1.8805E-02  1.8713E-03  3.8554E-02  1.0000E+00
 5.8539E+03  1.8364E-03  1.8667E-02  1.8716E-03  3.8268E-02  1.0000E+00
 5.8988E+03  1.8369E-03  1.8530E-02  1.8719E-03  3.7984E-02  1.0000E+00
 5.9439E+03  1.8374E-03  1.8393E-02  1.8722E-03  3.7702E-02  1.0000E+00
 5.9895E+03  1.8380E-03  1.8258E-02  1.8726E-03  3.7422E-02  1.0000E+00
 6.0353E+03  1.8385E-03  1.8124E-02  1.8729E-03  3.7144E-02  1.0000E+00
 6.0815E+03  1.8390E-03  1.7991E-02  1.8732E-03  3.6868E-02  1.0000E+00
 6.1281E+03  1.8396E-03  1.7858E-02  1.8736E-03  3.6595E-02  1.0000E+00
 6.1751E+03  1.8401E-03  1.7727E-02  1.8739E-03  3.6323E-02  1.0000E+00
 6.2223E+03  1.8407E-03  1.7597E-02  1.8743E-03  3.6054E-02  1.0000E+00
 6.2700E+03  1.8412E-03  1.7467E-02  1.8746E-03  3.5786E-02  1.0000E+00
 6.3180E+03  1.8418E-03  1.7339E-02  1.8749E-03  3.5521E-02  1.0000E+00
 6.3664E+03  1.8423E-03  1.7211E-02  1.8753E-03  3.5257E-02  1.0000E+00
 6.4152E+03  1.8429E-03  1.7085E-02  1.8757E-03  3.4996E-02  1.0000E+00
 6.4643E+03  1.8434E-03  1.6959E-02  1.8760E-03  3.4737E-02  1.0000E+00
 6.5138E+03  1.8440E-03  1.6835E-02  1.8764E-03  3.4479E-02  1.0000E+00
 6.5637E+03  1.8445E-03  1.6711E-02  1.8767E-03  3.4224E-02  1.0000E+00
 6.6139E+03  1.8451E-03  1.6588E-02  1.8771E-03  3.3970E-02  1.0000E+00
 6.6646E+03  1.8457E-03  1.6466E-02  1.8775E-03  3.3719E-02  1.0000E+00
 6.7156E+03  1.8462E-03  1.6346E-02  1.8778E-03  3.3469E-02  1.0000E+00
 6.7671E+03  1.8468E-03  1.6226E-02  1.8782E-03  3.3221E-02  1.0000E+00
 6.8189E+03  1.8474E-03  1.6107E-02  1.8786E-03  3.2975E-02  1.0000E+00
 6.8711E+03  1.8480E-03  1.5989E-02  1.8790E-03  3.2731E-02  1.0000E+00
 6.9237E+03  1.8486E-03  1.5871E-02  1.8793E-03  3.2489E-02  1.0000E+00
 6.9768E+03  1.8492E-03  1.5755E-02  1.8797E-03  3.2249E-02  1.0000E+00
 7.0302E+03  1.8498E-03  1.5640E-02  1.8801E-03  3.2010E-02  1.0000E+00
 7.0840E+03  1.8504E-03  1.5525E-02  1.8805E-03  3.1774E-02  1.0000E+00
 7.1383E+03  1.8511E-03  1.5411E-02  1.8809E-03  3.1539E-02  1.0000E+00
 7.1929E+03  1.8517E-03  1.5299E-02  1.8813E-03  3.1306E-02  1.0000E+00
 7.2480E+03  1.8523E-03  1.5187E-02  1.8817E-03  3.1074E-02  1.0000E+00
 7.3035E+03  1.8530E-03  1.5076E-02  1.8821E-03  3.0845E-02  1.0000E+00
 7.3595E+03  1.8536E-03  1.4966E-02  1.8825E-03  3.0617E-02  1.0000E+00
 7.4158E+03  1.8543E-03  1.4856E-02  1.8829E-03  3.0391E-02  1.0000E+00
 7.4726E+03  1.8549E-03  1.4748E-02  1.8833E-03  3.0167E-02  1.0000E+00
 7.5299E+03  1.8556E-03  1.4640E-02  1.8837E-03  2.9944E-02  1.0000E+00
 7.5875E+03  1.8563E-03  1.4533E-02  1.8842E-03  2.9723E-02  1.0000E+00
 7.6456E+03  1.8569E-03  1.4428E-02  1.8846E-03  2.9504E-02  1.0000E+00
 7.7042E+03  1.8576E-03  1.4322E-02  1.8850E-03  2.9286E-02  1.0000E+00
 7.7632E+03  1.8583E-03  1.4218E-02  1.8854E-03  2.9070E-02  1.0000E+00
 7.8226E+03  1.8590E-03  1.4115E-02  1.8859E-03  2.8856E-02  1.0000E+00
 7.8825E+03  1.8598E-03  1.4012E-02  1.8863E-03  2.8643E-02  1.0000E+00
 7.9429E+03  1.8605E-03  1.3910E-02  1.8867E-03  2.8432E-02  1.0000E+00
 8.0037E+03  1.8612E-03  1.3809E-02  1.8872E-03  2.8222E-02  1.0000E+00
 8.0650E+03  1.8620E-03  1.3709E-02  1.8876E-03  2.8015E-02  1.0000E+00
 8.1268E+03  1.8627E-03  1.3609E-02  1.8881E-03  2.7808E-02  1.0000E+00
 8.1890E+03  1.8635E-03  1.3510E-02  1.8885E-03  2.7604E-02  1.0000E+00
 8.2518E+03  1.8642E-03  1.3412E-02  1.8890E-03  2.7400E-02  1.0000E+00
 8.3150E+03  1.8650E-03  1.3315E-02  1.8895E-03  2.7199E-02  1.0000E+00
 8.3786E+03  1.8658E-03  1.3219E-02  1.8899E-03  2.6999E-02  1.0000E+00
 8.4428E+03  1.8666E-03  1.3123E-02  1.8904E-03  2.6800E-02  1.0000E+00
 8.5075E+03  1.8674E-03  1.3028E-02  1.8909E-03  2.6603E-02  1.0000E+00
 8.5726E+03  1.8682E-03  1.2934E-02  1.8913E-03  2.6407E-02  1.0000E+00
 8.6383E+03  1.8691E-03  1.2841E-02  1.8918E-03  2.6213E-02  1.0000E+00
 8.7044E+03  1.8699E-03  1.2748E-02  1.8923E-03  2.6021E-02  1.0000E+00
 8.7711E+03  1.8707E-03  1.2656E-02  1.8928E-03  2.5830E-02  1.0000E+00
 8.8383E+03  1.8716E-03  1.2565E-02  1.8933E-03  2.5640E-02  1.0000E+00
 8.9059E+03  1.8725E-03  1.2474E-02  1.8938E-03  2.5452E-02  1.0000E+00
 8.9741E+03  1.8734E-03  1.2384E-02  1.8943E-03  2.5265E-02  1.0000E+00
 9.0429E+03  1.8743E-03  1.2295E-02  1.8948E-03  2.5080E-02  1.0000E+00
 9.1121E+03  1.8752E-03  1.2207E-02  1.8953E-03  2.4896E-02  1.0000E+00
 9.1819E+03  1.8758E-03  1.2118E-02  1.8958E-03  2.4713E-02  1.0000E+00
 9.2522E+03  1.8765E-03  1.2029E-02  1.8963E-03  2.4532E-02  1.0000E+00
 9.3231E+03  1.8771E-03  1.1941E-02  1.8968E-03  2.4352E-02  1.0000E+00
 9.3945E+03  1.8778E-03  1.1854E-02  1.8973E-03  2.4174E-02  1.0000E+00
 9.4664E+03  1.8785E-03  1.1767E-02  1.8978E-03  2.3996E-02  1.0000E+00
 9.5389E+03  1.8792E-03  1.1681E-02  1.8984E-03  2.3821E-02  1.0000E+00
 9.6120E+03  1.8798E-03  1.1595E-02  1.8989E-03  2.3646E-02  1.0000E+00
 9.6856E+03  1.8805E-03  1.1511E-02  1.8994E-03  2.3473E-02  1.0000E+00
 9.7598E+03  1.8812E-03  1.1426E-02  1.9000E-03  2.3301E-02  1.0000E+00
 9.8345E+03  1.8819E-03  1.1343E-02  1.9005E-03  2.3131E-02  1.0000E+00
 9.9098E+03  1.8826E-03  1.1260E-02  1.9011E-03  2.2962E-02  1.0000E+00
 9.9857E+03  1.8832E-03  1.1178E-02  1.9016E-03  2.2794E-02  1.0000E+00
 1.0062E+04  1.8839E-03  1.1096E-02  1.9022E-03  2.2627E-02  1.0000E+00
 1.0139E+04  1.8846E-03  1.1015E-02  1.9028E-03  2.2462E-02  1.0000E+00
 1.0217E+04  1.8853E-03  1.0934E-02  1.9033E-03  2.2298E-02  1.0000E+00
 1.0295E+04  1.8860E-03  1.0854E-02  1.9039E-03  2.2135E-02  1.0000E+00
 1.0374E+04  1.8867E-03  1.0775E-02  1.9045E-03  2.1974E-02  1.0000E+00
 1.0453E+04  1.8875E-03  1.0696E-02  1.9050E-03  2.1813E-02  1.0000E+00
 1.0533E+04  1.8882E-03  1.0618E-02  1.9056E-03  2.1654E-02  1.0000E+00
 1.0614E+04  1.8889E-03  1.0541E-02  1.9062E-03  2.1496E-02  1.0000E+00
 1.0695E+04  1.8896E-03  1.0464E-02  1.9068E-03  2.1339E-02  1.0000E+00
 1.0777E+04  1.8903E-03  1.0388E-02  1.9074E-03  2.1184E-02  1.0000E+00
 1.0860E+04  1.8911E-03  1.0312E-02  1.9080E-03  2.1030E-02  1.0000E+00
 1.0943E+04  1.8918E-03  1.0236E-02  1.9086E-03  2.0876E-02  1.0000E+00
 1.1027E+04  1.8925E-03  1.0162E-02  1.9092E-03  2.0724E-02  1.0000E+00
 1.1111E+04  1.8933E-03  1.0088E-02  1.9099E-03  2.0573E-02  1.0000E+00
 1.1196E+04  1.8940E-03  1.0014E-02  1.9105E-03  2.0424E-02  1.0000E+00
 1.1282E+04  1.8948E-03  9.9411E-03  1.9111E-03  2.0275E-02  1.0000E+00
 1.1369E+04  1.8955E-03  9.8687E-03  1.9117E-03  2.0128E-02  1.0000E+00
 1.1456E+04  1.8963E-03  9.7967E-03  1.9124E-03  1.9981E-02  1.0000E+00
 1.1543E+04  1.8970E-03  9.7254E-03  1.9130E-03  1.9836E-02  1.0000E+00
 1.1632E+04  1.8978E-03  9.6545E-03  1.9137E-03  1.9692E-02  1.0000E+00
 1.1721E+04  1.8986E-03  9.5842E-03  1.9143E-03  1.9549E-02  1.0000E+00
 1.1811E+04  1.8993E-03  9.5144E-03  1.9150E-03  1.9407E-02  1.0000E+00
 1.1901E+04  1.9001E-03  9.4451E-03  1.9156E-03  1.9266E-02  1.0000E+00
 1.1992E+04  1.9009E-03  9.3763E-03  1.9163E-03  1.9127E-02  1.0000E+00
 1.2084E+04  1.9017E-03  9.3081E-03  1.9170E-03  1.8988E-02  1.0000E+00
 1.2177E+04  1.9025E-03  9.2404E-03  1.9177E-03  1.8850E-02  1.0000E+00
 1.2270E+04  1.9033E-03  9.1731E-03  1.9183E-03  1.8714E-02  1.0000E+00
 1.2364E+04  1.9041E-03  9.1064E-03  1.9190E-03  1.8578E-02  1.0000E+00
 1.2458E+04  1.9049E-03  9.0402E-03  1.9197E-03  1.8444E-02  1.0000E+00
 1.2554E+04  1.9057E-03  8.9745E-03  1.9204E-03  1.8310E-02  1.0000E+00
 1.2650E+04  1.9065E-03  8.9092E-03  1.9211E-03  1.8178E-02  1.0000E+00
 1.2747E+04  1.9073E-03  8.8445E-03  1.9218E-03  1.8046E-02  1.0000E+00
 1.2845E+04  1.9081E-03  8.7802E-03  1.9226E-03  1.7916E-02  1.0000E+00
 1.2943E+04  1.9089E-03  8.7164E-03  1.9233E-03  1.7786E-02  1.0000E+00
 1.3042E+04  1.9098E-03  8.6531E-03  1.9240E-03  1.7658E-02  1.0000E+00
 1.3142E+04  1.9106E-03  8.5903E-03  1.9247E-03  1.7530E-02  1.0000E+00
 1.3243E+04  1.9115E-03  8.5279E-03  1.9255E-03  1.7404E-02  1.0000E+00
 1.3344E+04  1.9123E-03  8.4660E-03  1.9262E-03  1.7278E-02  1.0000E+00
 1.3446E+04  1.9132E-03  8.4046E-03  1.9270E-03  1.7153E-02  1.0000E+00
 1.3549E+04  1.9140E-03  8.3436E-03  1.9277E-03  1.7030E-02  1.0000E+00
 1.3653E+04  1.9149E-03  8.2831E-03  1.9285E-03  1.6907E-02  1.0000E+00
 1.3757E+04  1.9157E-03  8.2230E-03  1.9293E-03  1.6785E-02  1.0000E+00
 1.3863E+04  1.9166E-03  8.1634E-03  1.9300E-03  1.6664E-02  1.0000E+00
 1.3969E+04  1.9175E-03  8.1043E-03  1.9308E-03  1.6544E-02  1.0000E+00
 1.4076E+04  1.9184E-03  8.0456E-03  1.9316E-03  1.6425E-02  1.0000E+00
 1.4184E+04  1.9193E-03  7.9873E-03  1.9324E-03  1.6307E-02  1.0000E+00
 1.4292E+04  1.9202E-03  7.9294E-03  1.9332E-03  1.6190E-02  1.0000E+00
 1.4402E+04  1.9211E-03  7.8720E-03  1.9340E-03  1.6074E-02  1.0000E+00
 1.4512E+04  1.9220E-03  7.8150E-03  1.9348E-03  1.5958E-02  1.0000E+00
 1.4623E+04  1.9229E-03  7.7585E-03  1.9356E-03  1.5844E-02  1.0000E+00
 1.4735E+04  1.9238E-03  7.7024E-03  1.9365E-03  1.5730E-02  1.0000E+00
 1.4848E+04  1.9247E-03  7.6467E-03  1.9373E-03  1.5617E-02  1.0000E+00
 1.4962E+04  1.9256E-03  7.5914E-03  1.9381E-03  1.5505E-02  1.0000E+00
 1.5076E+04  1.9266E-03  7.5365E-03  1.9390E-03  1.5394E-02  1.0000E+00
 1.5192E+04  1.9275E-03  7.4820E-03  1.9398E-03  1.5284E-02  1.0000E+00
 1.5308E+04  1.9285E-03  7.4280E-03  1.9407E-03  1.5174E-02  1.0000E+00
 1.5425E+04  1.9294E-03  7.3743E-03  1.9415E-03  1.5065E-02  1.0000E+00
 1.5544E+04  1.9304E-03  7.3211E-03  1.9424E-03  1.4958E-02  1.0000E+00
 1.5663E+04  1.9313E-03  7.2682E-03  1.9433E-03  1.4851E-02  1.0000E+00
 1.5783E+04  1.9323E-03  7.2158E-03  1.9442E-03  1.4745E-02  1.0000E+00
 1.5903E+04  1.9333E-03  7.1637E-03  1.9451E-03  1.4639E-02  1.0000E+00
 1.6025E+04  1.9343E-03  7.1121E-03  1.9460E-03  1.4535E-02  1.0000E+00
 1.6148E+04  1.9353E-03  7.0608E-03  1.9469E-03  1.4431E-02  1.0000E+00
 1.6272E+04  1.9363E-03  7.0099E-03  1.9478E-03  1.4328E-02  1.0000E+00
 1.6396E+04  1.9373E-03  6.9594E-03  1.9487E-03  1.4226E-02  1.0000E+00
 1.6522E+04  1.9383E-03  6.9093E-03  1.9496E-03  1.4124E-02  1.0000E+00
 1.6648E+04  1.9393E-03  6.8595E-03  1.9506E-03  1.4024E-02  1.0000E+00
 1.6776E+04  1.9403E-03  6.8102E-03  1.9515E-03  1.3924E-02  1.0000E+00
 1.6904E+04  1.9413E-03  6.7612E-03  1.9525E-03  1.3825E-02  1.0000E+00
 1.7034E+04  1.9424E-03  6.7125E-03  1.9534E-03  1.3726E-02  1.0000E+00
 1.7164E+04  1.9434E-03  6.6642E-03  1.9544E-03  1.3629E-02  1.0000E+00
 1.7296E+04  1.9445E-03  6.6163E-03  1.9554E-03  1.3532E-02  1.0000E+00
 1.7428E+04  1.9455E-03  6.5688E-03  1.9563E-03  1.3436E-02  1.0000E+00
 1.7562E+04  1.9466E-03  6.5216E-03  1.9573E-03  1.3341E-02  1.0000E+00
 1.7696E+04  1.9477E-03  6.4748E-03  1.9583E-03  1.3246E-02  1.0000E+00
 1.7832E+04  1.9487E-03  6.4283E-03  1.9593E-03  1.3152E-02  1.0000E+00
 1.7968E+04  1.9498E-03  6.3821E-03  1.9603E-03  1.3059E-02  1.0000E+00
 1.8106E+04  1.9509E-03  6.3363E-03  1.9614E-03  1.2966E-02  1.0000E+00
 1.8244E+04  1.9520E-03  6.2909E-03  1.9624E-03  1.2874E-02  1.0000E+00
 1.8384E+04  1.9531E-03  6.2458E-03  1.9634E-03  1.2783E-02  1.0000E+00
 1.8525E+04  1.9543E-03  6.2010E-03  1.9645E-03  1.2693E-02  1.0000E+00
 1.8667E+04  1.9554E-03  6.1566E-03  1.9655E-03  1.2603E-02  1.0000E+00
 1.8810E+04  1.9565E-03  6.1125E-03  1.9666E-03  1.2514E-02  1.0000E+00
 1.8954E+04  1.9577E-03  6.0688E-03  1.9677E-03  1.2426E-02  1.0000E+00
 1.9099E+04  1.9588E-03  6.0253E-03  1.9687E-03  1.2338E-02  1.0000E+00
 1.9245E+04  1.9600E-03  5.9822E-03  1.9698E-03  1.2251E-02  1.0000E+00
 1.9393E+04  1.9611E-03  5.9395E-03  1.9709E-03  1.2165E-02  1.0000E+00
 1.9541E+04  1.9623E-03  5.8970E-03  1.9720E-03  1.2079E-02  1.0000E+00
 1.9691E+04  1.9635E-03  5.8549E-03  1.9731E-03  1.1994E-02  1.0000E+00
 1.9842E+04  1.9647E-03  5.8130E-03  1.9743E-03  1.1910E-02  1.0000E+00
 1.9994E+04  1.9659E-03  5.7715E-03  1.9754E-03  1.1826E-02  1.0000E+00
 2.0147E+04  1.9671E-03  5.7304E-03  1.9765E-03  1.1743E-02  1.0000E+00
 2.0301E+04  1.9683E-03  5.6895E-03  1.9777E-03  1.1660E-02  1.0000E+00
 2.0456E+04  1.9695E-03  5.6489E-03  1.9788E-03  1.1578E-02  1.0000E+00
 2.0613E+04  1.9707E-03  5.6086E-03  1.9800E-03  1.1497E-02  1.0000E+00
 2.0771E+04  1.9720E-03  5.5687E-03  1.9812E-03  1.1417E-02  1.0000E+00
 2.0930E+04  1.9732E-03  5.5290E-03  1.9824E-03  1.1337E-02  1.0000E+00
 2.1090E+04  1.9745E-03  5.4896E-03  1.9836E-03  1.1257E-02  1.0000E+00
 2.1252E+04  1.9758E-03  5.4506E-03  1.9848E-03  1.1179E-02  1.0000E+00
 2.1415E+04  1.9770E-03  5.4118E-03  1.9860E-03  1.1100E-02  1.0000E+00
 2.1579E+04  1.9783E-03  5.3733E-03  1.9872E-03  1.1023E-02  1.0000E+00
 2.1744E+04  1.9796E-03  5.3351E-03  1.9884E-03  1.0946E-02  1.0000E+00
 2.1910E+04  1.9809E-03  5.2972E-03  1.9897E-03  1.0869E-02  1.0000E+00
 2.2078E+04  1.9822E-03  5.2596E-03  1.9909E-03  1.0794E-02  1.0000E+00
 2.2247E+04  1.9836E-03  5.2223E-03  1.9922E-03  1.0718E-02  1.0000E+00
 2.2418E+04  1.9849E-03  5.1852E-03  1.9935E-03  1.0644E-02  1.0000E+00
 2.2589E+04  1.9862E-03  5.1484E-03  1.9948E-03  1.0570E-02  1.0000E+00
 2.2762E+04  1.9876E-03  5.1119E-03  1.9960E-03  1.0496E-02  1.0000E+00
 2.2937E+04  1.9890E-03  5.0757E-03  1.9973E-03  1.0423E-02  1.0000E+00
 2.3112E+04  1.9903E-03  5.0398E-03  1.9987E-03  1.0351E-02  1.0000E+00
 2.3289E+04  1.9917E-03  5.0041E-03  2.0000E-03  1.0279E-02  1.0000E+00
 2.3468E+04  1.9931E-03  4.9687E-03  2.0013E-03  1.0208E-02  1.0000E+00
 2.3647E+04  1.9945E-03  4.9336E-03  2.0027E-03  1.0137E-02  1.0000E+00
 2.3829E+04  1.9959E-03  4.8987E-03  2.0040E-03  1.0067E-02  1.0000E+00
 2.4011E+04  1.9973E-03  4.8641E-03  2.0054E-03  9.9968E-03  1.0000E+00
 2.4195E+04  1.9988E-03  4.8297E-03  2.0068E-03  9.9277E-03  1.0000E+00
 2.4380E+04  2.0002E-03  4.7956E-03  2.0082E-03  9.8590E-03  1.0000E+00
 2.4567E+04  2.0017E-03  4.7618E-03  2.0096E-03  9.7909E-03  1.0000E+00
 2.4755E+04  2.0031E-03  4.7282E-03  2.0110E-03  9.7234E-03  1.0000E+00
 2.4945E+04  2.0046E-03  4.6949E-03  2.0124E-03  9.6563E-03  1.0000E+00
 2.5136E+04  2.0061E-03  4.6618E-03  2.0138E-03  9.5897E-03  1.0000E+00
 2.5328E+04  2.0076E-03  4.6290E-03  2.0153E-03  9.5237E-03  1.0000E+00
 2.5522E+04  2.0091E-03  4.5964E-03  2.0167E-03  9.4581E-03  1.0000E+00
 2.5718E+04  2.0106E-03  4.5641E-03  2.0182E-03  9.3931E-03  1.0000E+00
 2.5915E+04  2.0122E-03  4.5320E-03  2.0197E-03  9.3285E-03  1.0000E+00
 2.6113E+04  2.0137E-03  4.5002E-03  2.0212E-03  9.2645E-03  1.0000E+00
 2.6313E+04  2.0153E-03  4.4686E-03  2.0227E-03  9.2009E-03  1.0000E+00
 2.6515E+04  2.0169E-03  4.4372E-03  2.0242E-03  9.1379E-03  1.0000E+00
 2.6718E+04  2.0184E-03  4.4061E-03  2.0257E-03  9.0753E-03  1.0000E+00
 2.6922E+04  2.0200E-03  4.3752E-03  2.0273E-03  9.0131E-03  1.0000E+00
 2.7128E+04  2.0216E-03  4.3445E-03  2.0288E-03  8.9515E-03  1.0000E+00
 2.7336E+04  2.0232E-03  4.3141E-03  2.0304E-03  8.8903E-03  1.0000E+00
 2.7545E+04  2.0249E-03  4.2839E-03  2.0320E-03  8.8296E-03  1.0000E+00
 2.7756E+04  2.0265E-03  4.2539E-03  2.0336E-03  8.7694E-03  1.0000E+00
 2.7969E+04  2.0282E-03  4.2242E-03  2.0352E-03  8.7096E-03  1.0000E+00
 2.8183E+04  2.0298E-03  4.1947E-03  2.0368E-03  8.6503E-03  1.0000E+00
 2.8399E+04  2.0315E-03  4.1654E-03  2.0384E-03  8.5914E-03  1.0000E+00
 2.8617E+04  2.0332E-03  4.1363E-03  2.0401E-03  8.5330E-03  1.0000E+00
 2.8836E+04  2.0349E-03  4.1075E-03  2.0417E-03  8.4750E-03  1.0000E+00
 2.9056E+04  2.0366E-03  4.0788E-03  2.0434E-03  8.4175E-03  1.0000E+00
 2.9279E+04  2.0384E-03  4.0504E-03  2.0451E-03  8.3604E-03  1.0000E+00
 2.9503E+04  2.0401E-03  4.0222E-03  2.0468E-03  8.3037E-03  1.0000E+00
 2.9729E+04  2.0419E-03  3.9942E-03  2.0485E-03  8.2475E-03  1.0000E+00
 2.9957E+04  2.0436E-03  3.9664E-03  2.0502E-03  8.1917E-03  1.0000E+00
 3.0186E+04  2.0454E-03  3.9389E-03  2.0520E-03  8.1364E-03  1.0000E+00
 3.0417E+04  2.0472E-03  3.9115E-03  2.0537E-03  8.0814E-03  1.0000E+00
 3.0650E+04  2.0490E-03  3.8844E-03  2.0555E-03  8.0269E-03  1.0000E+00
 3.0885E+04  2.0508E-03  3.8574E-03  2.0573E-03  7.9728E-03  1.0000E+00
 3.1122E+04  2.0527E-03  3.8307E-03  2.0591E-03  7.9191E-03  1.0000E+00
 3.1360E+04  2.0545E-03  3.8041E-03  2.0609E-03  7.8659E-03  1.0000E+00
 3.1600E+04  2.0564E-03  3.7778E-03  2.0627E-03  7.8130E-03  1.0000E+00
 3.1842E+04  2.0583E-03  3.7516E-03  2.0645E-03  7.7605E-03  1.0000E+00
 3.2086E+04  2.0602E-03  3.7257E-03  2.0664E-03  7.7085E-03  1.0000E+00
 3.2332E+04  2.0621E-03  3.6999E-03  2.0683E-03  7.6568E-03  1.0000E+00
 3.2579E+04  2.0640E-03  3.6744E-03  2.0701E-03  7.6055E-03  1.0000E+00
 3.2829E+04  2.0660E-03  3.6490E-03  2.0720E-03  7.5547E-03  1.0000E+00
 3.3080E+04  2.0679E-03  3.6239E-03  2.0740E-03  7.5042E-03  1.0000E+00
 3.3334E+04  2.0699E-03  3.5989E-03  2.0759E-03  7.4541E-03  1.0000E+00
 3.3589E+04  2.0719E-03  3.5741E-03  2.0778E-03  7.4044E-03  1.0000E+00
 3.3846E+04  2.0739E-03  3.5495E-03  2.0798E-03  7.3550E-03  1.0000E+00
 3.4105E+04  2.0759E-03  3.5251E-03  2.0818E-03  7.3061E-03  1.0000E+00
 3.4367E+04  2.0779E-03  3.5009E-03  2.0838E-03  7.2575E-03  1.0000E+00
 3.4630E+04  2.0800E-03  3.4768E-03  2.0858E-03  7.2093E-03  1.0000E+00
 3.4895E+04  2.0821E-03  3.4530E-03  2.0878E-03  7.1615E-03  1.0000E+00
 3.5162E+04  2.0841E-03  3.4293E-03  2.0899E-03  7.1140E-03  1.0000E+00
 3.5431E+04  2.0862E-03  3.4058E-03  2.0919E-03  7.0669E-03  1.0000E+00
 3.5703E+04  2.0884E-03  3.3824E-03  2.0940E-03  7.0202E-03  1.0000E+00
 3.5976E+04  2.0905E-03  3.3593E-03  2.0961E-03  6.9738E-03  1.0000E+00
 3.6252E+04  2.0926E-03  3.3363E-03  2.0982E-03  6.9278E-03  1.0000E+00
 3.6529E+04  2.0948E-03  3.3135E-03  2.1003E-03  6.8821E-03  1.0000E+00
 3.6809E+04  2.0970E-03  3.2909E-03  2.1025E-03  6.8368E-03  1.0000E+00
 3.7091E+04  2.0992E-03  3.2684E-03  2.1046E-03  6.7918E-03  1.0000E+00
 3.7375E+04  2.1014E-03  3.2462E-03  2.1068E-03  6.7471E-03  1.0000E+00
 3.7661E+04  2.1036E-03  3.2240E-03  2.1090E-03  6.7029E-03  1.0000E+00
 3.7950E+04  2.1059E-03  3.2021E-03  2.1112E-03  6.6589E-03  1.0000E+00
 3.8240E+04  2.1082E-03  3.1803E-03  2.1135E-03  6.6153E-03  1.0000E+00
 3.8533E+04  2.1105E-03  3.1587E-03  2.1157E-03  6.5720E-03  1.0000E+00
 3.8828E+04  2.1128E-03  3.1373E-03  2.1180E-03  6.5291E-03  1.0000E+00
 3.9126E+04  2.1151E-03  3.1160E-03  2.1203E-03  6.4865E-03  1.0000E+00
 3.9425E+04  2.1174E-03  3.0948E-03  2.1226E-03  6.4442E-03  1.0000E+00
 3.9727E+04  2.1198E-03  3.0739E-03  2.1249E-03  6.4022E-03  1.0000E+00
 4.0032E+04  2.1222E-03  3.0531E-03  2.1273E-03  6.3606E-03  1.0000E+00
 4.0338E+04  2.1246E-03  3.0324E-03  2.1297E-03  6.3193E-03  1.0000E+00
 4.0647E+04  2.1270E-03  3.0119E-03  2.1320E-03  6.2783E-03  1.0000E+00
 4.0958E+04  2.1294E-03  2.9916E-03  2.1345E-03  6.2376E-03  1.0000E+00
 4.1272E+04  2.1319E-03  2.9714E-03  2.1369E-03  6.1972E-03  1.0000E+00
 4.1588E+04  2.1344E-03  2.9514E-03  2.1393E-03  6.1572E-03  1.0000E+00
 4.1907E+04  2.1369E-03  2.9315E-03  2.1418E-03  6.1174E-03  1.0000E+00
 4.2228E+04  2.1394E-03  2.9117E-03  2.1443E-03  6.0780E-03  1.0000E+00
 4.2551E+04  2.1419E-03  2.8922E-03  2.1468E-03  6.0388E-03  1.0000E+00
 4.2877E+04  2.1445E-03  2.8727E-03  2.1493E-03  6.0000E-03  1.0000E+00
 4.3205E+04  2.1471E-03  2.8535E-03  2.1519E-03  5.9615E-03  1.0000E+00
 4.3536E+04  2.1497E-03  2.8343E-03  2.1544E-03  5.9232E-03  1.0000E+00
 4.3869E+04  2.1523E-03  2.8153E-03  2.1570E-03  5.8853E-03  1.0000E+00
 4.4205E+04  2.1549E-03  2.7965E-03  2.1596E-03  5.8476E-03  1.0000E+00
 4.4544E+04  2.1576E-03  2.7778E-03  2.1623E-03  5.8103E-03  1.0000E+00
 4.4885E+04  2.1603E-03  2.7592E-03  2.1649E-03  5.7732E-03  1.0000E+00
 4.5229E+04  2.1630E-03  2.7408E-03  2.1676E-03  5.7364E-03  1.0000E+00
 4.5575E+04  2.1657E-03  2.7225E-03  2.1703E-03  5.6999E-03  1.0000E+00
 4.5924E+04  2.1685E-03  2.7044E-03  2.1730E-03  5.6637E-03  1.0000E+00
 4.6276E+04  2.1713E-03  2.6864E-03  2.1758E-03  5.6277E-03  1.0000E+00
 4.6630E+04  2.1740E-03  2.6685E-03  2.1785E-03  5.5921E-03  1.0000E+00
 4.6987E+04  2.1769E-03  2.6508E-03  2.1813E-03  5.5567E-03  1.0000E+00
 4.7347E+04  2.1797E-03  2.6332E-03  2.1842E-03  5.5215E-03  1.0000E+00
 4.7710E+04  2.1826E-03  2.6157E-03  2.1870E-03  5.4867E-03  1.0000E+00
 4.8075E+04  2.1855E-03  2.5984E-03  2.1899E-03  5.4521E-03  1.0000E+00
 4.8443E+04  2.1884E-03  2.5812E-03  2.1927E-03  5.4178E-03  1.0000E+00
 4.8814E+04  2.1913E-03  2.5641E-03  2.1956E-03  5.3838E-03  1.0000E+00
 4.9188E+04  2.1943E-03  2.5472E-03  2.1986E-03  5.3500E-03  1.0000E+00
 4.9565E+04  2.1973E-03  2.5304E-03  2.2015E-03  5.3165E-03  1.0000E+00
 4.9945E+04  2.2003E-03  2.5137E-03  2.2045E-03  5.2832E-03  1.0000E+00
 5.0327E+04  2.2033E-03  2.4971E-03  2.2075E-03  5.2502E-03  1.0000E+00
 5.0713E+04  2.2064E-03  2.4807E-03  2.2106E-03  5.2175E-03  1.0000E+00
 5.1101E+04  2.2094E-03  2.4644E-03  2.2136E-03  5.1850E-03  1.0000E+00
 5.1492E+04  2.2126E-03  2.4482E-03  2.2167E-03  5.1527E-03  1.0000E+00
 5.1887E+04  2.2157E-03  2.4321E-03  2.2198E-03  5.1208E-03  1.0000E+00
 5.2284E+04  2.2189E-03  2.4162E-03  2.2229E-03  5.0890E-03  1.0000E+00
 5.2684E+04  2.2220E-03  2.4004E-03  2.2261E-03  5.0575E-03  1.0000E+00
 5.3088E+04  2.2253E-03  2.3847E-03  2.2293E-03  5.0263E-03  1.0000E+00
 5.3494E+04  2.2285E-03  2.3691E-03  2.2325E-03  4.9953E-03  1.0000E+00
 5.3904E+04  2.2318E-03  2.3537E-03  2.2358E-03  4.9645E-03  1.0000E+00
 5.4317E+04  2.2351E-03  2.3383E-03  2.2390E-03  4.9340E-03  1.0000E+00
 5.4733E+04  2.2384E-03  2.3231E-03  2.2423E-03  4.9037E-03  1.0000E+00
 5.5152E+04  2.2417E-03  2.3080E-03  2.2456E-03  4.8736E-03  1.0000E+00
 5.5574E+04  2.2451E-03  2.2930E-03  2.2490E-03  4.8438E-03  1.0000E+00
 5.6000E+04  2.2485E-03  2.2781E-03  2.2524E-03  4.8142E-03  1.0000E+00
 5.6429E+04  2.2519E-03  2.2634E-03  2.2558E-03  4.7849E-03  1.0000E+00
 5.6861E+04  2.2554E-03  2.2487E-03  2.2592E-03  4.7557E-03  1.0000E+00
 5.7297E+04  2.2589E-03  2.2342E-03  2.2627E-03  4.7268E-03  1.0000E+00
 5.7735E+04  2.2624E-03  2.2198E-03  2.2662E-03  4.6981E-03  1.0000E+00
 5.8177E+04  2.2660E-03  2.2054E-03  2.2697E-03  4.6697E-03  1.0000E+00
 5.8623E+04  2.2695E-03  2.1912E-03  2.2733E-03  4.6415E-03  1.0000E+00
 5.9072E+04  2.2731E-03  2.1771E-03  2.2768E-03  4.6134E-03  1.0000E+00
 5.9524E+04  2.2768E-03  2.1631E-03  2.2805E-03  4.5857E-03  1.0000E+00
 5.9980E+04  2.2804E-03  2.1492E-03  2.2841E-03  4.5581E-03  1.0000E+00
 6.0440E+04  2.2841E-03  2.1355E-03  2.2878E-03  4.5307E-03  1.0000E+00
 6.0902E+04  2.2879E-03  2.1218E-03  2.2915E-03  4.5036E-03  1.0000E+00
 6.1369E+04  2.2916E-03  2.1082E-03  2.2952E-03  4.4766E-03  1.0000E+00
 6.1839E+04  2.2954E-03  2.0947E-03  2.2990E-03  4.4499E-03  1.0000E+00
 6.2312E+04  2.2992E-03  2.0814E-03  2.3028E-03  4.4234E-03  1.0000E+00
 6.2790E+04  2.3031E-03  2.0681E-03  2.3066E-03  4.3971E-03  1.0000E+00
 6.3270E+04  2.3070E-03  2.0549E-03  2.3105E-03  4.3710E-03  1.0000E+00
 6.3755E+04  2.3109E-03  2.0419E-03  2.3144E-03  4.3451E-03  1.0000E+00
 6.4243E+04  2.3149E-03  2.0289E-03  2.3183E-03  4.3194E-03  1.0000E+00
 6.4735E+04  2.3189E-03  2.0161E-03  2.3223E-03  4.2939E-03  1.0000E+00
 6.5231E+04  2.3229E-03  2.0033E-03  2.3263E-03  4.2686E-03  1.0000E+00
 6.5731E+04  2.3269E-03  1.9906E-03  2.3303E-03  4.2435E-03  1.0000E+00
 6.6234E+04  2.3310E-03  1.9780E-03  2.3344E-03  4.2186E-03  1.0000E+00
 6.6741E+04  2.3351E-03  1.9656E-03  2.3385E-03  4.1939E-03  1.0000E+00
 6.7252E+04  2.3393E-03  1.9532E-03  2.3427E-03  4.1694E-03  1.0000E+00
 6.7767E+04  2.3435E-03  1.9409E-03  2.3468E-03  4.1451E-03  1.0000E+00
 6.8286E+04  2.3477E-03  1.9287E-03  2.3510E-03  4.1210E-03  1.0000E+00
 6.8809E+04  2.3520E-03  1.9166E-03  2.3553E-03  4.0970E-03  1.0000E+00
 6.9336E+04  2.3563E-03  1.9046E-03  2.3596E-03  4.0733E-03  1.0000E+00
 6.9867E+04  2.3606E-03  1.8927E-03  2.3639E-03  4.0497E-03  1.0000E+00
 7.0402E+04  2.3650E-03  1.8809E-03  2.3683E-03  4.0264E-03  1.0000E+00
 7.0942E+04  2.3694E-03  1.8691E-03  2.3726E-03  4.0032E-03  1.0000E+00
 7.1485E+04  2.3739E-03  1.8575E-03  2.3771E-03  3.9802E-03  1.0000E+00
 7.2032E+04  2.3784E-03  1.8459E-03  2.3816E-03  3.9574E-03  1.0000E+00
 7.2584E+04  2.3829E-03  1.8345E-03  2.3861E-03  3.9347E-03  1.0000E+00
 7.3140E+04  2.3875E-03  1.8231E-03  2.3906E-03  3.9123E-03  1.0000E+00
 7.3700E+04  2.3921E-03  1.8118E-03  2.3952E-03  3.8900E-03  1.0000E+00
 7.4264E+04  2.3967E-03  1.8006E-03  2.3998E-03  3.8679E-03  1.0000E+00
 7.4833E+04  2.4014E-03  1.7895E-03  2.4045E-03  3.8459E-03  1.0000E+00
 7.5406E+04  2.4061E-03  1.7784E-03  2.4092E-03  3.8242E-03  1.0000E+00
 7.5984E+04  2.4109E-03  1.7675E-03  2.4139E-03  3.8026E-03  1.0000E+00
 7.6566E+04  2.4157E-03  1.7566E-03  2.4187E-03  3.7812E-03  1.0000E+00
 7.7152E+04  2.4205E-03  1.7458E-03  2.4236E-03  3.7599E-03  1.0000E+00
 7.7743E+04  2.4254E-03  1.7351E-03  2.4284E-03  3.7389E-03  1.0000E+00
 7.8338E+04  2.4304E-03  1.7245E-03  2.4333E-03  3.7179E-03  1.0000E+00
 7.8938E+04  2.4353E-03  1.7140E-03  2.4383E-03  3.6972E-03  1.0000E+00
 7.9543E+04  2.4403E-03  1.7035E-03  2.4433E-03  3.6766E-03  1.0000E+00
 8.0152E+04  2.4454E-03  1.6931E-03  2.4483E-03  3.6562E-03  1.0000E+00
 8.0766E+04  2.4505E-03  1.6828E-03  2.4534E-03  3.6360E-03  1.0000E+00
 8.1384E+04  2.4557E-03  1.6726E-03  2.4586E-03  3.6159E-03  1.0000E+00
 8.2008E+04  2.4608E-03  1.6625E-03  2.4637E-03  3.5960E-03  1.0000E+00
 8.2636E+04  2.4661E-03  1.6524E-03  2.4690E-03  3.5762E-03  1.0000E+00
 8.3268E+04  2.4714E-03  1.6424E-03  2.4742E-03  3.5566E-03  1.0000E+00
 8.3906E+04  2.4767E-03  1.6325E-03  2.4795E-03  3.5371E-03  1.0000E+00
 8.4549E+04  2.4821E-03  1.6227E-03  2.4849E-03  3.5178E-03  1.0000E+00
 8.5196E+04  2.4875E-03  1.6129E-03  2.4903E-03  3.4987E-03  1.0000E+00
 8.5849E+04  2.4930E-03  1.6032E-03  2.4958E-03  3.4797E-03  1.0000E+00
 8.6506E+04  2.4985E-03  1.5936E-03  2.5013E-03  3.4609E-03  1.0000E+00
 8.7169E+04  2.5040E-03  1.5841E-03  2.5068E-03  3.4422E-03  1.0000E+00
 8.7836E+04  2.5097E-03  1.5746E-03  2.5124E-03  3.4237E-03  1.0000E+00
 8.8509E+04  2.5153E-03  1.5652E-03  2.5181E-03  3.4053E-03  1.0000E+00
 8.9187E+04  2.5210E-03  1.5559E-03  2.5238E-03  3.3870E-03  1.0000E+00
 8.9870E+04  2.5268E-03  1.5467E-03  2.5295E-03  3.3689E-03  1.0000E+00
 9.0558E+04  2.5326E-03  1.5375E-03  2.5353E-03  3.3510E-03  1.0000E+00
 9.1252E+04  2.5385E-03  1.5284E-03  2.5412E-03  3.3332E-03  1.0000E+00
 9.1950E+04  2.5444E-03  1.5193E-03  2.5471E-03  3.3156E-03  1.0000E+00
 9.2655E+04  2.5504E-03  1.5104E-03  2.5530E-03  3.2981E-03  1.0000E+00
 9.3364E+04  2.5564E-03  1.5015E-03  2.5590E-03  3.2807E-03  1.0000E+00
 9.4079E+04  2.5624E-03  1.4927E-03  2.5651E-03  3.2635E-03  1.0000E+00
 9.4800E+04  2.5686E-03  1.4839E-03  2.5712E-03  3.2464E-03  1.0000E+00
 9.5526E+04  2.5748E-03  1.4752E-03  2.5773E-03  3.2294E-03  1.0000E+00
 9.6257E+04  2.5810E-03  1.4666E-03  2.5836E-03  3.2126E-03  1.0000E+00
 9.6994E+04  2.5873E-03  1.4580E-03  2.5898E-03  3.1959E-03  1.0000E+00
 9.7737E+04  2.5936E-03  1.4495E-03  2.5962E-03  3.1794E-03  1.0000E+00
 9.8486E+04  2.6000E-03  1.4411E-03  2.6026E-03  3.1630E-03  1.0000E+00
 9.9240E+04  2.6065E-03  1.4327E-03  2.6090E-03  3.1467E-03  1.0000E+00
 1.0000E+05  2.6130E-03  1.4244E-03  2.6155E-03  3.1306E-03  1.0000E+00


