#     0	 1	    5	 1	 5.5681E+02	 1000	1
 4.8978E+01  0.0000E+00  0.0000E+00  0.0000E+00  0.0000E+00  0.0000E+00
 4.9353E+01  0.0000E+00  0.0000E+00  0.0000E+00  0.0000E+00  0.0000E+00
 4.9731E+01  0.0000E+00  0.0000E+00  0.0000E+00  0.0000E+00  0.0000E+00
 5.0112E+01  0.0000E+00  0.0000E+00  0.0000E+00  0.0000E+00  0.0000E+00
 5.0496E+01  0.0000E+00  0.0000E+00  0.0000E+00  0.0000E+00  0.0000E+00
 5.0882E+01  0.0000E+00  0.0000E+00  0.0000E+00  0.0000E+00  0.0000E+00
 5.1272E+01  0.0000E+00  0.0000E+00  0.0000E+00  0.0000E+00  0.0000E+00
 5.1665E+01  0.0000E+00  0.0000E+00  0.0000E+00  0.0000E+00  0.0000E+00
 5.2060E+01  0.0000E+00  0.0000E+00  0.0000E+00  0.0000E+00  0.0000E+00
 5.2459E+01  0.0000E+00  0.0000E+00  0.0000E+00  0.0000E+00  0.0000E+00
 5.2861E+01  0.0000E+00  0.0000E+00  0.0000E+00  0.0000E+00  0.0000E+00
 5.3266E+01  0.0000E+00  0.0000E+00  0.0000E+00  0.0000E+00  0.0000E+00
 5.3673E+01  0.0000E+00  0.0000E+00  0.0000E+00  0.0000E+00  0.0000E+00
 5.4085E+01  0.0000E+00  0.0000E+00  0.0000E+00  0.0000E+00  0.0000E+00
 5.4499E+01  0.0000E+00  0.0000E+00  0.0000E+00  0.0000E+00  0.0000E+00
 5.4916E+01  0.0000E+00  0.0000E+00  0.0000E+00  0.0000E+00  0.0000E+00
 5.5337E+01  0.0000E+00  0.0000E+00  0.0000E+00  0.0000E+00  0.0000E+00
 5.5760E+01  0.0000E+00  0.0000E+00  0.0000E+00  0.0000E+00  0.0000E+00
 5.6187E+01  0.0000E+00  0.0000E+00  0.0000E+00  0.0000E+00  0.0000E+00
 5.6618E+01  0.0000E+00  0.0000E+00  0.0000E+00  0.0000E+00  0.0000E+00
 5.7051E+01  0.0000E+00  0.0000E+00  0.0000E+00  0.0000E+00  0.0000E+00
 5.7488E+01  0.0000E+00  0.0000E+00  0.0000E+00  0.0000E+00  0.0000E+00
 5.7929E+01  0.0000E+00  0.0000E+00  0.0000E+00  0.0000E+00  0.0000E+00
 5.8372E+01  0.0000E+00  0.0000E+00  0.0000E+00  0.0000E+00  0.0000E+00
 5.8819E+01  0.0000E+00  0.0000E+00  0.0000E+00  0.0000E+00  0.0000E+00
 5.9270E+01  0.0000E+00  0.0000E+00  0.0000E+00  0.0000E+00  0.0000E+00
 5.9724E+01  0.0000E+00  0.0000E+00  0.0000E+00  0.0000E+00  0.0000E+00
 6.0181E+01  0.0000E+00  0.0000E+00  0.0000E+00  0.0000E+00  0.0000E+00
 6.0642E+01  0.0000E+00  0.0000E+00  0.0000E+00  0.0000E+00  0.0000E+00
 6.1106E+01  0.0000E+00  0.0000E+00  0.0000E+00  0.0000E+00  0.0000E+00
 6.1574E+01  0.0000E+00  0.0000E+00  0.0000E+00  0.0000E+00  0.0000E+00
 6.2046E+01  0.0000E+00  0.0000E+00  0.0000E+00  0.0000E+00  0.0000E+00
 6.2521E+01  0.0000E+00  0.0000E+00  0.0000E+00  0.0000E+00  0.0000E+00
 6.3000E+01  0.0000E+00  0.0000E+00  0.0000E+00  0.0000E+00  0.0000E+00
 6.3482E+01  0.0000E+00  0.0000E+00  0.0000E+00  0.0000E+00  0.0000E+00
 6.3968E+01  0.0000E+00  0.0000E+00  0.0000E+00  0.0000E+00  0.0000E+00
 6.4458E+01  0.0000E+00  0.0000E+00  0.0000E+00  0.0000E+00  0.0000E+00
 6.4952E+01  0.0000E+00  0.0000E+00  0.0000E+00  0.0000E+00  0.0000E+00
 6.5449E+01  0.0000E+00  0.0000E+00  0.0000E+00  0.0000E+00  0.0000E+00
 6.5951E+01  0.0000E+00  0.0000E+00  0.0000E+00  0.0000E+00  0.0000E+00
 6.6456E+01  0.0000E+00  0.0000E+00  0.0000E+00  0.0000E+00  0.0000E+00
 6.6965E+01  0.0000E+00  0.0000E+00  0.0000E+00  0.0000E+00  0.0000E+00
 6.7478E+01  0.0000E+00  0.0000E+00  0.0000E+00  0.0000E+00  0.0000E+00
 6.7994E+01  0.0000E+00  0.0000E+00  0.0000E+00  0.0000E+00  0.0000E+00
 6.8515E+01  0.0000E+00  0.0000E+00  0.0000E+00  0.0000E+00  0.0000E+00
 6.9040E+01  0.0000E+00  0.0000E+00  0.0000E+00  0.0000E+00  0.0000E+00
 6.9568E+01  0.0000E+00  0.0000E+00  0.0000E+00  0.0000E+00  0.0000E+00
 7.0101E+01  0.0000E+00  0.0000E+00  0.0000E+00  0.0000E+00  0.0000E+00
 7.0638E+01  0.0000E+00  0.0000E+00  0.0000E+00  0.0000E+00  0.0000E+00
 7.1179E+01  0.0000E+00  0.0000E+00  0.0000E+00  0.0000E+00  0.0000E+00
 7.1724E+01  0.0000E+00  0.0000E+00  0.0000E+00  0.0000E+00  0.0000E+00
 7.2273E+01  0.0000E+00  0.0000E+00  0.0000E+00  0.0000E+00  0.0000E+00
 7.2827E+01  0.0000E+00  0.0000E+00  0.0000E+00  0.0000E+00  0.0000E+00
 7.3385E+01  0.0000E+00  0.0000E+00  0.0000E+00  0.0000E+00  0.0000E+00
 7.3947E+01  0.0000E+00  0.0000E+00  0.0000E+00  0.0000E+00  0.0000E+00
 7.4513E+01  0.0000E+00  0.0000E+00  0.0000E+00  0.0000E+00  0.0000E+00
 7.5084E+01  0.0000E+00  0.0000E+00  0.0000E+00  0.0000E+00  0.0000E+00
 7.5659E+01  0.0000E+00  0.0000E+00  0.0000E+00  0.0000E+00  0.0000E+00
 7.6238E+01  0.0000E+00  0.0000E+00  0.0000E+00  0.0000E+00  0.0000E+00
 7.6822E+01  0.0000E+00  0.0000E+00  0.0000E+00  0.0000E+00  0.0000E+00
 7.7410E+01  0.0000E+00  0.0000E+00  0.0000E+00  0.0000E+00  0.0000E+00
 7.8003E+01  0.0000E+00  0.0000E+00  0.0000E+00  0.0000E+00  0.0000E+00
 7.8601E+01  0.0000E+00  0.0000E+00  0.0000E+00  0.0000E+00  0.0000E+00
 7.9202E+01  0.0000E+00  0.0000E+00  0.0000E+00  0.0000E+00  0.0000E+00
 7.9809E+01  0.0000E+00  0.0000E+00  0.0000E+00  0.0000E+00  0.0000E+00
 8.0420E+01  0.0000E+00  0.0000E+00  0.0000E+00  0.0000E+00  0.0000E+00
 8.1036E+01  0.0000E+00  0.0000E+00  0.0000E+00  0.0000E+00  0.0000E+00
 8.1657E+01  0.0000E+00  0.0000E+00  0.0000E+00  0.0000E+00  0.0000E+00
 8.2282E+01  0.0000E+00  0.0000E+00  0.0000E+00  0.0000E+00  0.0000E+00
 8.2912E+01  0.0000E+00  0.0000E+00  0.0000E+00  0.0000E+00  0.0000E+00
 8.3547E+01  0.0000E+00  0.0000E+00  0.0000E+00  0.0000E+00  0.0000E+00
 8.4187E+01  0.0000E+00  0.0000E+00  0.0000E+00  0.0000E+00  0.0000E+00
 8.4832E+01  0.0000E+00  0.0000E+00  0.0000E+00  0.0000E+00  0.0000E+00
 8.5481E+01  0.0000E+00  0.0000E+00  0.0000E+00  0.0000E+00  0.0000E+00
 8.6136E+01  0.0000E+00  0.0000E+00  0.0000E+00  0.0000E+00  0.0000E+00
 8.6796E+01  0.0000E+00  0.0000E+00  0.0000E+00  0.0000E+00  0.0000E+00
 8.7460E+01  0.0000E+00  0.0000E+00  0.0000E+00  0.0000E+00  0.0000E+00
 8.8130E+01  0.0000E+00  0.0000E+00  0.0000E+00  0.0000E+00  0.0000E+00
 8.8805E+01  0.0000E+00  0.0000E+00  0.0000E+00  0.0000E+00  0.0000E+00
 8.9485E+01  0.0000E+00  0.0000E+00  0.0000E+00  0.0000E+00  0.0000E+00
 9.0171E+01  0.0000E+00  0.0000E+00  0.0000E+00  0.0000E+00  0.0000E+00
 9.0861E+01  0.0000E+00  0.0000E+00  0.0000E+00  0.0000E+00  0.0000E+00
 9.1557E+01  0.0000E+00  0.0000E+00  0.0000E+00  0.0000E+00  0.0000E+00
 9.2258E+01  0.0000E+00  0.0000E+00  0.0000E+00  0.0000E+00  0.0000E+00
 9.2965E+01  0.0000E+00  0.0000E+00  0.0000E+00  0.0000E+00  0.0000E+00
 9.3677E+01  0.0000E+00  0.0000E+00  0.0000E+00  0.0000E+00  0.0000E+00
 9.4394E+01  0.0000E+00  0.0000E+00  0.0000E+00  0.0000E+00  0.0000E+00
 9.5117E+01  0.0000E+00  0.0000E+00  0.0000E+00  0.0000E+00  0.0000E+00
 9.5845E+01  0.0000E+00  0.0000E+00  0.0000E+00  0.0000E+00  0.0000E+00
 9.6579E+01  0.0000E+00  0.0000E+00  0.0000E+00  0.0000E+00  0.0000E+00
 9.7319E+01  0.0000E+00  0.0000E+00  0.0000E+00  0.0000E+00  0.0000E+00
 9.8064E+01  0.0000E+00  0.0000E+00  0.0000E+00  0.0000E+00  0.0000E+00
 9.8815E+01  0.0000E+00  0.0000E+00  0.0000E+00  0.0000E+00  0.0000E+00
 9.9572E+01  0.0000E+00  0.0000E+00  0.0000E+00  0.0000E+00  0.0000E+00
 1.0033E+02  0.0000E+00  0.0000E+00  0.0000E+00  0.0000E+00  0.0000E+00
 1.0110E+02  0.0000E+00  0.0000E+00  0.0000E+00  0.0000E+00  0.0000E+00
 1.0188E+02  0.0000E+00  0.0000E+00  0.0000E+00  0.0000E+00  0.0000E+00
 1.0266E+02  0.0000E+00  0.0000E+00  0.0000E+00  0.0000E+00  0.0000E+00
 1.0344E+02  0.0000E+00  0.0000E+00  0.0000E+00  0.0000E+00  0.0000E+00
 1.0424E+02  0.0000E+00  0.0000E+00  0.0000E+00  0.0000E+00  0.0000E+00
 1.0503E+02  0.0000E+00  0.0000E+00  0.0000E+00  0.0000E+00  0.0000E+00
 1.0584E+02  0.0000E+00  0.0000E+00  0.0000E+00  0.0000E+00  0.0000E+00
 1.0665E+02  0.0000E+00  0.0000E+00  0.0000E+00  0.0000E+00  0.0000E+00
 1.0747E+02  0.0000E+00  0.0000E+00  0.0000E+00  0.0000E+00  0.0000E+00
 1.0829E+02  0.0000E+00  0.0000E+00  0.0000E+00  0.0000E+00  0.0000E+00
 1.0912E+02  0.0000E+00  0.0000E+00  0.0000E+00  0.0000E+00  0.0000E+00
 1.0995E+02  0.0000E+00  0.0000E+00  0.0000E+00  0.0000E+00  0.0000E+00
 1.1080E+02  0.0000E+00  0.0000E+00  0.0000E+00  0.0000E+00  0.0000E+00
 1.1164E+02  0.0000E+00  0.0000E+00  0.0000E+00  0.0000E+00  0.0000E+00
 1.1250E+02  0.0000E+00  0.0000E+00  0.0000E+00  0.0000E+00  0.0000E+00
 1.1336E+02  0.0000E+00  0.0000E+00  0.0000E+00  0.0000E+00  0.0000E+00
 1.1423E+02  0.0000E+00  0.0000E+00  0.0000E+00  0.0000E+00  0.0000E+00
 1.1510E+02  0.0000E+00  0.0000E+00  0.0000E+00  0.0000E+00  0.0000E+00
 1.1599E+02  0.0000E+00  0.0000E+00  0.0000E+00  0.0000E+00  0.0000E+00
 1.1687E+02  0.0000E+00  0.0000E+00  0.0000E+00  0.0000E+00  0.0000E+00
 1.1777E+02  0.0000E+00  0.0000E+00  0.0000E+00  0.0000E+00  0.0000E+00
 1.1867E+02  0.0000E+00  0.0000E+00  0.0000E+00  0.0000E+00  0.0000E+00
 1.1958E+02  0.0000E+00  0.0000E+00  0.0000E+00  0.0000E+00  0.0000E+00
 1.2050E+02  0.0000E+00  0.0000E+00  0.0000E+00  0.0000E+00  0.0000E+00
 1.2142E+02  0.0000E+00  0.0000E+00  0.0000E+00  0.0000E+00  0.0000E+00
 1.2235E+02  0.0000E+00  0.0000E+00  0.0000E+00  0.0000E+00  0.0000E+00
 1.2329E+02  0.0000E+00  0.0000E+00  0.0000E+00  0.0000E+00  0.0000E+00
 1.2423E+02  0.0000E+00  0.0000E+00  0.0000E+00  0.0000E+00  0.0000E+00
 1.2518E+02  0.0000E+00  0.0000E+00  0.0000E+00  0.0000E+00  0.0000E+00
 1.2614E+02  0.0000E+00  0.0000E+00  0.0000E+00  0.0000E+00  0.0000E+00
 1.2711E+02  0.0000E+00  0.0000E+00  0.0000E+00  0.0000E+00  0.0000E+00
 1.2808E+02  0.0000E+00  0.0000E+00  0.0000E+00  0.0000E+00  0.0000E+00
 1.2906E+02  0.0000E+00  0.0000E+00  0.0000E+00  0.0000E+00  0.0000E+00
 1.3005E+02  0.0000E+00  0.0000E+00  0.0000E+00  0.0000E+00  0.0000E+00
 1.3104E+02  0.0000E+00  0.0000E+00  0.0000E+00  0.0000E+00  0.0000E+00
 1.3205E+02  0.0000E+00  0.0000E+00  0.0000E+00  0.0000E+00  0.0000E+00
 1.3306E+02  0.0000E+00  0.0000E+00  0.0000E+00  0.0000E+00  0.0000E+00
 1.3408E+02  0.0000E+00  0.0000E+00  0.0000E+00  0.0000E+00  0.0000E+00
 1.3510E+02  0.0000E+00  0.0000E+00  0.0000E+00  0.0000E+00  0.0000E+00
 1.3614E+02  0.0000E+00  0.0000E+00  0.0000E+00  0.0000E+00  0.0000E+00
 1.3718E+02  0.0000E+00  0.0000E+00  0.0000E+00  0.0000E+00  0.0000E+00
 1.3823E+02  0.0000E+00  0.0000E+00  0.0000E+00  0.0000E+00  0.0000E+00
 1.3929E+02  0.0000E+00  0.0000E+00  0.0000E+00  0.0000E+00  0.0000E+00
 1.4036E+02  0.0000E+00  0.0000E+00  0.0000E+00  0.0000E+00  0.0000E+00
 1.4143E+02  0.0000E+00  0.0000E+00  0.0000E+00  0.0000E+00  0.0000E+00
 1.4252E+02  0.0000E+00  0.0000E+00  0.0000E+00  0.0000E+00  0.0000E+00
 1.4361E+02  0.0000E+00  0.0000E+00  0.0000E+00  0.0000E+00  0.0000E+00
 1.4471E+02  0.0000E+00  0.0000E+00  0.0000E+00  0.0000E+00  0.0000E+00
 1.4582E+02  0.0000E+00  0.0000E+00  0.0000E+00  0.0000E+00  0.0000E+00
 1.4693E+02  0.0000E+00  0.0000E+00  0.0000E+00  0.0000E+00  0.0000E+00
 1.4806E+02  0.0000E+00  0.0000E+00  0.0000E+00  0.0000E+00  0.0000E+00
 1.4919E+02  0.0000E+00  0.0000E+00  0.0000E+00  0.0000E+00  0.0000E+00
 1.5033E+02  0.0000E+00  0.0000E+00  0.0000E+00  0.0000E+00  0.0000E+00
 1.5149E+02  0.0000E+00  0.0000E+00  0.0000E+00  0.0000E+00  0.0000E+00
 1.5265E+02  0.0000E+00  0.0000E+00  0.0000E+00  0.0000E+00  0.0000E+00
 1.5381E+02  0.0000E+00  0.0000E+00  0.0000E+00  0.0000E+00  0.0000E+00
 1.5499E+02  0.0000E+00  0.0000E+00  0.0000E+00  0.0000E+00  0.0000E+00
 1.5618E+02  0.0000E+00  0.0000E+00  0.0000E+00  0.0000E+00  0.0000E+00
 1.5738E+02  0.0000E+00  0.0000E+00  0.0000E+00  0.0000E+00  0.0000E+00
 1.5858E+02  0.0000E+00  0.0000E+00  0.0000E+00  0.0000E+00  0.0000E+00
 1.5980E+02  0.0000E+00  0.0000E+00  0.0000E+00  0.0000E+00  0.0000E+00
 1.6102E+02  0.0000E+00  0.0000E+00  0.0000E+00  0.0000E+00  0.0000E+00
 1.6225E+02  0.0000E+00  0.0000E+00  0.0000E+00  0.0000E+00  0.0000E+00
 1.6349E+02  0.0000E+00  0.0000E+00  0.0000E+00  0.0000E+00  0.0000E+00
 1.6475E+02  0.0000E+00  0.0000E+00  0.0000E+00  0.0000E+00  0.0000E+00
 1.6601E+02  0.0000E+00  0.0000E+00  0.0000E+00  0.0000E+00  0.0000E+00
 1.6728E+02  0.0000E+00  0.0000E+00  0.0000E+00  0.0000E+00  0.0000E+00
 1.6856E+02  0.0000E+00  0.0000E+00  0.0000E+00  0.0000E+00  0.0000E+00
 1.6985E+02  0.0000E+00  0.0000E+00  0.0000E+00  0.0000E+00  0.0000E+00
 1.7115E+02  0.0000E+00  0.0000E+00  0.0000E+00  0.0000E+00  0.0000E+00
 1.7246E+02  0.0000E+00  0.0000E+00  0.0000E+00  0.0000E+00  0.0000E+00
 1.7378E+02  0.0000E+00  0.0000E+00  0.0000E+00  0.0000E+00  0.0000E+00
 1.7511E+02  0.0000E+00  0.0000E+00  0.0000E+00  0.0000E+00  0.0000E+00
 1.7646E+02  0.0000E+00  0.0000E+00  0.0000E+00  0.0000E+00  0.0000E+00
 1.7781E+02  0.0000E+00  0.0000E+00  0.0000E+00  0.0000E+00  0.0000E+00
 1.7917E+02  0.0000E+00  0.0000E+00  0.0000E+00  0.0000E+00  0.0000E+00
 1.8054E+02  0.0000E+00  0.0000E+00  0.0000E+00  0.0000E+00  0.0000E+00
 1.8192E+02  0.0000E+00  0.0000E+00  0.0000E+00  0.0000E+00  0.0000E+00
 1.8332E+02  0.0000E+00  0.0000E+00  0.0000E+00  0.0000E+00  0.0000E+00
 1.8472E+02  0.0000E+00  0.0000E+00  0.0000E+00  0.0000E+00  0.0000E+00
 1.8614E+02  0.0000E+00  0.0000E+00  0.0000E+00  0.0000E+00  0.0000E+00
 1.8756E+02  0.0000E+00  0.0000E+00  0.0000E+00  0.0000E+00  0.0000E+00
 1.8900E+02  0.0000E+00  0.0000E+00  0.0000E+00  0.0000E+00  0.0000E+00
 1.9045E+02  0.0000E+00  0.0000E+00  0.0000E+00  0.0000E+00  0.0000E+00
 1.9190E+02  0.0000E+00  0.0000E+00  0.0000E+00  0.0000E+00  0.0000E+00
 1.9337E+02  0.0000E+00  0.0000E+00  0.0000E+00  0.0000E+00  0.0000E+00
 1.9485E+02  0.0000E+00  0.0000E+00  0.0000E+00  0.0000E+00  0.0000E+00
 1.9635E+02  0.0000E+00  0.0000E+00  0.0000E+00  0.0000E+00  0.0000E+00
 1.9785E+02  0.0000E+00  0.0000E+00  0.0000E+00  0.0000E+00  0.0000E+00
 1.9937E+02  0.0000E+00  0.0000E+00  0.0000E+00  0.0000E+00  0.0000E+00
 2.0089E+02  0.0000E+00  0.0000E+00  0.0000E+00  0.0000E+00  0.0000E+00
 2.0243E+02  0.0000E+00  0.0000E+00  0.0000E+00  0.0000E+00  0.0000E+00
 2.0398E+02  0.0000E+00  0.0000E+00  0.0000E+00  0.0000E+00  0.0000E+00
 2.0554E+02  0.0000E+00  0.0000E+00  0.0000E+00  0.0000E+00  0.0000E+00
 2.0712E+02  0.0000E+00  0.0000E+00  0.0000E+00  0.0000E+00  0.0000E+00
 2.0870E+02  0.0000E+00  0.0000E+00  0.0000E+00  0.0000E+00  0.0000E+00
 2.1030E+02  0.0000E+00  0.0000E+00  0.0000E+00  0.0000E+00  0.0000E+00
 2.1191E+02  0.0000E+00  0.0000E+00  0.0000E+00  0.0000E+00  0.0000E+00
 2.1354E+02  0.0000E+00  0.0000E+00  0.0000E+00  0.0000E+00  0.0000E+00
 2.1517E+02  0.0000E+00  0.0000E+00  0.0000E+00  0.0000E+00  0.0000E+00
 2.1682E+02  0.0000E+00  0.0000E+00  0.0000E+00  0.0000E+00  0.0000E+00
 2.1848E+02  0.0000E+00  0.0000E+00  0.0000E+00  0.0000E+00  0.0000E+00
 2.2015E+02  0.0000E+00  0.0000E+00  0.0000E+00  0.0000E+00  0.0000E+00
 2.2184E+02  0.0000E+00  0.0000E+00  0.0000E+00  0.0000E+00  0.0000E+00
 2.2354E+02  0.0000E+00  0.0000E+00  0.0000E+00  0.0000E+00  0.0000E+00
 2.2525E+02  0.0000E+00  0.0000E+00  0.0000E+00  0.0000E+00  0.0000E+00
 2.2697E+02  0.0000E+00  0.0000E+00  0.0000E+00  0.0000E+00  0.0000E+00
 2.2871E+02  0.0000E+00  0.0000E+00  0.0000E+00  0.0000E+00  0.0000E+00
 2.3046E+02  0.0000E+00  0.0000E+00  0.0000E+00  0.0000E+00  0.0000E+00
 2.3223E+02  0.0000E+00  0.0000E+00  0.0000E+00  0.0000E+00  0.0000E+00
 2.3401E+02  0.0000E+00  0.0000E+00  0.0000E+00  0.0000E+00  0.0000E+00
 2.3580E+02  0.0000E+00  0.0000E+00  0.0000E+00  0.0000E+00  0.0000E+00
 2.3761E+02  0.0000E+00  0.0000E+00  0.0000E+00  0.0000E+00  0.0000E+00
 2.3942E+02  0.0000E+00  0.0000E+00  0.0000E+00  0.0000E+00  0.0000E+00
 2.4126E+02  0.0000E+00  0.0000E+00  0.0000E+00  0.0000E+00  0.0000E+00
 2.4311E+02  0.0000E+00  0.0000E+00  0.0000E+00  0.0000E+00  0.0000E+00
 2.4497E+02  0.0000E+00  0.0000E+00  0.0000E+00  0.0000E+00  0.0000E+00
 2.4684E+02  0.0000E+00  0.0000E+00  0.0000E+00  0.0000E+00  0.0000E+00
 2.4873E+02  0.0000E+00  0.0000E+00  0.0000E+00  0.0000E+00  0.0000E+00
 2.5064E+02  0.0000E+00  0.0000E+00  0.0000E+00  0.0000E+00  0.0000E+00
 2.5256E+02  0.0000E+00  0.0000E+00  0.0000E+00  0.0000E+00  0.0000E+00
 2.5449E+02  0.0000E+00  0.0000E+00  0.0000E+00  0.0000E+00  0.0000E+00
 2.5644E+02  0.0000E+00  0.0000E+00  0.0000E+00  0.0000E+00  0.0000E+00
 2.5841E+02  0.0000E+00  0.0000E+00  0.0000E+00  0.0000E+00  0.0000E+00
 2.6038E+02  0.0000E+00  0.0000E+00  0.0000E+00  0.0000E+00  0.0000E+00
 2.6238E+02  0.0000E+00  0.0000E+00  0.0000E+00  0.0000E+00  0.0000E+00
 2.6439E+02  0.0000E+00  0.0000E+00  0.0000E+00  0.0000E+00  0.0000E+00
 2.6641E+02  0.0000E+00  0.0000E+00  0.0000E+00  0.0000E+00  0.0000E+00
 2.6845E+02  0.0000E+00  0.0000E+00  0.0000E+00  0.0000E+00  0.0000E+00
 2.7051E+02  0.0000E+00  0.0000E+00  0.0000E+00  0.0000E+00  0.0000E+00
 2.7258E+02  0.0000E+00  0.0000E+00  0.0000E+00  0.0000E+00  0.0000E+00
 2.7467E+02  0.0000E+00  0.0000E+00  0.0000E+00  0.0000E+00  0.0000E+00
 2.7677E+02  0.0000E+00  0.0000E+00  0.0000E+00  0.0000E+00  0.0000E+00
 2.7889E+02  0.0000E+00  0.0000E+00  0.0000E+00  0.0000E+00  0.0000E+00
 2.8103E+02  0.0000E+00  0.0000E+00  0.0000E+00  0.0000E+00  0.0000E+00
 2.8318E+02  0.0000E+00  0.0000E+00  0.0000E+00  0.0000E+00  0.0000E+00
 2.8535E+02  0.0000E+00  0.0000E+00  0.0000E+00  0.0000E+00  0.0000E+00
 2.8753E+02  0.0000E+00  0.0000E+00  0.0000E+00  0.0000E+00  0.0000E+00
 2.8974E+02  0.0000E+00  0.0000E+00  0.0000E+00  0.0000E+00  0.0000E+00
 2.9195E+02  0.0000E+00  0.0000E+00  0.0000E+00  0.0000E+00  0.0000E+00
 2.9419E+02  0.0000E+00  0.0000E+00  0.0000E+00  0.0000E+00  0.0000E+00
 2.9644E+02  0.0000E+00  0.0000E+00  0.0000E+00  0.0000E+00  0.0000E+00
 2.9871E+02  0.0000E+00  0.0000E+00  0.0000E+00  0.0000E+00  0.0000E+00
 3.0100E+02  0.0000E+00  0.0000E+00  0.0000E+00  0.0000E+00  0.0000E+00
 3.0331E+02  0.0000E+00  0.0000E+00  0.0000E+00  0.0000E+00  0.0000E+00
 3.0563E+02  0.0000E+00  0.0000E+00  0.0000E+00  0.0000E+00  0.0000E+00
 3.0797E+02  0.0000E+00  0.0000E+00  0.0000E+00  0.0000E+00  0.0000E+00
 3.1033E+02  0.0000E+00  0.0000E+00  0.0000E+00  0.0000E+00  0.0000E+00
 3.1271E+02  0.0000E+00  0.0000E+00  0.0000E+00  0.0000E+00  0.0000E+00
 3.1510E+02  0.0000E+00  0.0000E+00  0.0000E+00  0.0000E+00  0.0000E+00
 3.1751E+02  0.0000E+00  0.0000E+00  0.0000E+00  0.0000E+00  0.0000E+00
 3.1994E+02  0.0000E+00  0.0000E+00  0.0000E+00  0.0000E+00  0.0000E+00
 3.2240E+02  0.0000E+00  0.0000E+00  0.0000E+00  0.0000E+00  0.0000E+00
 3.2486E+02  0.0000E+00  0.0000E+00  0.0000E+00  0.0000E+00  0.0000E+00
 3.2735E+02  0.0000E+00  0.0000E+00  0.0000E+00  0.0000E+00  0.0000E+00
 3.2986E+02  0.0000E+00  0.0000E+00  0.0000E+00  0.0000E+00  0.0000E+00
 3.3239E+02  0.0000E+00  0.0000E+00  0.0000E+00  0.0000E+00  0.0000E+00
 3.3493E+02  0.0000E+00  0.0000E+00  0.0000E+00  0.0000E+00  0.0000E+00
 3.3750E+02  0.0000E+00  0.0000E+00  0.0000E+00  0.0000E+00  0.0000E+00
 3.4008E+02  0.0000E+00  0.0000E+00  0.0000E+00  0.0000E+00  0.0000E+00
 3.4268E+02  0.0000E+00  0.0000E+00  0.0000E+00  0.0000E+00  0.0000E+00
 3.4531E+02  0.0000E+00  0.0000E+00  0.0000E+00  0.0000E+00  0.0000E+00
 3.4795E+02  0.0000E+00  0.0000E+00  0.0000E+00  0.0000E+00  0.0000E+00
 3.5062E+02  0.0000E+00  0.0000E+00  0.0000E+00  0.0000E+00  0.0000E+00
 3.5330E+02  0.0000E+00  0.0000E+00  0.0000E+00  0.0000E+00  0.0000E+00
 3.5601E+02  0.0000E+00  0.0000E+00  0.0000E+00  0.0000E+00  0.0000E+00
 3.5874E+02  0.0000E+00  0.0000E+00  0.0000E+00  0.0000E+00  0.0000E+00
 3.6148E+02  0.0000E+00  0.0000E+00  0.0000E+00  0.0000E+00  0.0000E+00
 3.6425E+02  0.0000E+00  0.0000E+00  0.0000E+00  0.0000E+00  0.0000E+00
 3.6704E+02  0.0000E+00  0.0000E+00  0.0000E+00  0.0000E+00  0.0000E+00
 3.6985E+02  0.0000E+00  0.0000E+00  0.0000E+00  0.0000E+00  0.0000E+00
 3.7268E+02  0.0000E+00  0.0000E+00  0.0000E+00  0.0000E+00  0.0000E+00
 3.7554E+02  0.0000E+00  0.0000E+00  0.0000E+00  0.0000E+00  0.0000E+00
 3.7841E+02  0.0000E+00  0.0000E+00  0.0000E+00  0.0000E+00  0.0000E+00
 3.8131E+02  0.0000E+00  0.0000E+00  0.0000E+00  0.0000E+00  0.0000E+00
 3.8423E+02  0.0000E+00  0.0000E+00  0.0000E+00  0.0000E+00  0.0000E+00
 3.8718E+02  0.0000E+00  0.0000E+00  0.0000E+00  0.0000E+00  0.0000E+00
 3.9014E+02  0.0000E+00  0.0000E+00  0.0000E+00  0.0000E+00  0.0000E+00
 3.9313E+02  0.0000E+00  0.0000E+00  0.0000E+00  0.0000E+00  0.0000E+00
 3.9614E+02  0.0000E+00  0.0000E+00  0.0000E+00  0.0000E+00  0.0000E+00
 3.9917E+02  0.0000E+00  0.0000E+00  0.0000E+00  0.0000E+00  0.0000E+00
 4.0223E+02  0.0000E+00  0.0000E+00  0.0000E+00  0.0000E+00  0.0000E+00
 4.0531E+02  0.0000E+00  0.0000E+00  0.0000E+00  0.0000E+00  0.0000E+00
 4.0841E+02  0.0000E+00  0.0000E+00  0.0000E+00  0.0000E+00  0.0000E+00
 4.1154E+02  0.0000E+00  0.0000E+00  0.0000E+00  0.0000E+00  0.0000E+00
 4.1469E+02  0.0000E+00  0.0000E+00  0.0000E+00  0.0000E+00  0.0000E+00
 4.1787E+02  0.0000E+00  0.0000E+00  0.0000E+00  0.0000E+00  0.0000E+00
 4.2107E+02  0.0000E+00  0.0000E+00  0.0000E+00  0.0000E+00  0.0000E+00
 4.2429E+02  0.0000E+00  0.0000E+00  0.0000E+00  0.0000E+00  0.0000E+00
 4.2754E+02  0.0000E+00  0.0000E+00  0.0000E+00  0.0000E+00  0.0000E+00
 4.3082E+02  0.0000E+00  0.0000E+00  0.0000E+00  0.0000E+00  0.0000E+00
 4.3412E+02  0.0000E+00  0.0000E+00  0.0000E+00  0.0000E+00  0.0000E+00
 4.3744E+02  0.0000E+00  0.0000E+00  0.0000E+00  0.0000E+00  0.0000E+00
 4.4079E+02  0.0000E+00  0.0000E+00  0.0000E+00  0.0000E+00  0.0000E+00
 4.4417E+02  0.0000E+00  0.0000E+00  0.0000E+00  0.0000E+00  0.0000E+00
 4.4757E+02  0.0000E+00  0.0000E+00  0.0000E+00  0.0000E+00  0.0000E+00
 4.5100E+02  0.0000E+00  0.0000E+00  0.0000E+00  0.0000E+00  0.0000E+00
 4.5445E+02  0.0000E+00  0.0000E+00  0.0000E+00  0.0000E+00  0.0000E+00
 4.5793E+02  0.0000E+00  0.0000E+00  0.0000E+00  0.0000E+00  0.0000E+00
 4.6144E+02  0.0000E+00  0.0000E+00  0.0000E+00  0.0000E+00  0.0000E+00
 4.6497E+02  0.0000E+00  0.0000E+00  0.0000E+00  0.0000E+00  0.0000E+00
 4.6853E+02  0.0000E+00  0.0000E+00  0.0000E+00  0.0000E+00  0.0000E+00
 4.7212E+02  0.0000E+00  0.0000E+00  0.0000E+00  0.0000E+00  0.0000E+00
 4.7574E+02  0.0000E+00  0.0000E+00  0.0000E+00  0.0000E+00  0.0000E+00
 4.7938E+02  0.0000E+00  0.0000E+00  0.0000E+00  0.0000E+00  0.0000E+00
 4.8305E+02  0.0000E+00  0.0000E+00  0.0000E+00  0.0000E+00  0.0000E+00
 4.8675E+02  0.0000E+00  0.0000E+00  0.0000E+00  0.0000E+00  0.0000E+00
 4.9048E+02  0.0000E+00  0.0000E+00  0.0000E+00  0.0000E+00  0.0000E+00
 4.9424E+02  0.0000E+00  0.0000E+00  0.0000E+00  0.0000E+00  0.0000E+00
 4.9802E+02  0.0000E+00  0.0000E+00  0.0000E+00  0.0000E+00  0.0000E+00
 5.0183E+02  0.0000E+00  0.0000E+00  0.0000E+00  0.0000E+00  0.0000E+00
 5.0568E+02  0.0000E+00  0.0000E+00  0.0000E+00  0.0000E+00  0.0000E+00
 5.0955E+02  0.0000E+00  0.0000E+00  0.0000E+00  0.0000E+00  0.0000E+00
 5.1345E+02  0.0000E+00  0.0000E+00  0.0000E+00  0.0000E+00  0.0000E+00
 5.1738E+02  0.0000E+00  0.0000E+00  0.0000E+00  0.0000E+00  0.0000E+00
 5.2135E+02  0.0000E+00  0.0000E+00  0.0000E+00  0.0000E+00  0.0000E+00
 5.2534E+02  0.0000E+00  0.0000E+00  0.0000E+00  0.0000E+00  0.0000E+00
 5.2936E+02  0.0000E+00  0.0000E+00  0.0000E+00  0.0000E+00  0.0000E+00
 5.3342E+02  0.0000E+00  0.0000E+00  0.0000E+00  0.0000E+00  0.0000E+00
 5.3750E+02  0.0000E+00  0.0000E+00  0.0000E+00  0.0000E+00  0.0000E+00
 5.4162E+02  0.0000E+00  0.0000E+00  0.0000E+00  0.0000E+00  0.0000E+00
 5.4577E+02  0.0000E+00  0.0000E+00  0.0000E+00  0.0000E+00  0.0000E+00
 5.4995E+02  0.0000E+00  0.0000E+00  0.0000E+00  0.0000E+00  0.0000E+00
 5.5416E+02  0.0000E+00  0.0000E+00  0.0000E+00  0.0000E+00  0.0000E+00
 5.5840E+02  4.2805E-02  4.5852E+00  4.9648E-02  1.0641E+01  1.0000E+00
 5.6268E+02  4.2841E-02  4.5541E+00  4.9649E-02  1.0560E+01  1.0000E+00
 5.6699E+02  4.2877E-02  4.5233E+00  4.9649E-02  1.0480E+01  1.0000E+00
 5.7133E+02  4.2913E-02  4.4926E+00  4.9650E-02  1.0401E+01  1.0000E+00
 5.7571E+02  4.2949E-02  4.4622E+00  4.9651E-02  1.0322E+01  1.0000E+00
 5.8011E+02  4.2985E-02  4.4320E+00  4.9652E-02  1.0243E+01  1.0000E+00
 5.8456E+02  4.3021E-02  4.4020E+00  4.9653E-02  1.0166E+01  1.0000E+00
 5.8903E+02  4.3058E-02  4.3722E+00  4.9654E-02  1.0089E+01  1.0000E+00
 5.9354E+02  4.3094E-02  4.3426E+00  4.9655E-02  1.0012E+01  1.0000E+00
 5.9809E+02  4.3130E-02  4.3133E+00  4.9655E-02  9.9363E+00  1.0000E+00
 6.0267E+02  4.3167E-02  4.2841E+00  4.9656E-02  9.8609E+00  1.0000E+00
 6.0729E+02  4.3203E-02  4.2551E+00  4.9657E-02  9.7862E+00  1.0000E+00
 6.1194E+02  4.3240E-02  4.2263E+00  4.9658E-02  9.7120E+00  1.0000E+00
 6.1662E+02  4.3276E-02  4.1977E+00  4.9659E-02  9.6383E+00  1.0000E+00
 6.2135E+02  4.3312E-02  4.1692E+00  4.9660E-02  9.5653E+00  1.0000E+00
 6.2610E+02  4.3349E-02  4.1410E+00  4.9661E-02  9.4928E+00  1.0000E+00
 6.3090E+02  4.3385E-02  4.1129E+00  4.9662E-02  9.4208E+00  1.0000E+00
 6.3573E+02  4.3421E-02  4.0851E+00  4.9663E-02  9.3494E+00  1.0000E+00
 6.4060E+02  4.3457E-02  4.0574E+00  4.9664E-02  9.2785E+00  1.0000E+00
 6.4551E+02  4.3494E-02  4.0299E+00  4.9665E-02  9.2082E+00  1.0000E+00
 6.5045E+02  4.3530E-02  4.0026E+00  4.9666E-02  9.1384E+00  1.0000E+00
 6.5543E+02  4.3566E-02  3.9755E+00  4.9667E-02  9.0691E+00  1.0000E+00
 6.6045E+02  4.3603E-02  3.9485E+00  4.9668E-02  9.0004E+00  1.0000E+00
 6.6551E+02  4.3639E-02  3.9217E+00  4.9669E-02  8.9321E+00  1.0000E+00
 6.7060E+02  4.3675E-02  3.8952E+00  4.9670E-02  8.8644E+00  1.0000E+00
 6.7574E+02  4.3711E-02  3.8687E+00  4.9671E-02  8.7973E+00  1.0000E+00
 6.8092E+02  4.3747E-02  3.8425E+00  4.9672E-02  8.7306E+00  1.0000E+00
 6.8613E+02  4.3784E-02  3.8164E+00  4.9673E-02  8.6644E+00  1.0000E+00
 6.9138E+02  4.3820E-02  3.7905E+00  4.9674E-02  8.5987E+00  1.0000E+00
 6.9668E+02  4.3856E-02  3.7648E+00  4.9675E-02  8.5336E+00  1.0000E+00
 7.0201E+02  4.3892E-02  3.7393E+00  4.9676E-02  8.4689E+00  1.0000E+00
 7.0739E+02  4.3929E-02  3.7139E+00  4.9677E-02  8.4047E+00  1.0000E+00
 7.1281E+02  4.3965E-02  3.6887E+00  4.9678E-02  8.3410E+00  1.0000E+00
 7.1827E+02  4.4001E-02  3.6636E+00  4.9679E-02  8.2778E+00  1.0000E+00
 7.2377E+02  4.4037E-02  3.6388E+00  4.9680E-02  8.2151E+00  1.0000E+00
 7.2931E+02  4.4073E-02  3.6141E+00  4.9681E-02  8.1528E+00  1.0000E+00
 7.3490E+02  4.4109E-02  3.5895E+00  4.9682E-02  8.0910E+00  1.0000E+00
 7.4052E+02  4.4146E-02  3.5651E+00  4.9683E-02  8.0297E+00  1.0000E+00
 7.4620E+02  4.4182E-02  3.5409E+00  4.9684E-02  7.9689E+00  1.0000E+00
 7.5191E+02  4.4218E-02  3.5169E+00  4.9685E-02  7.9085E+00  1.0000E+00
 7.5767E+02  4.4254E-02  3.4930E+00  4.9686E-02  7.8486E+00  1.0000E+00
 7.6347E+02  4.4290E-02  3.4692E+00  4.9688E-02  7.7891E+00  1.0000E+00
 7.6932E+02  4.4326E-02  3.4457E+00  4.9689E-02  7.7301E+00  1.0000E+00
 7.7521E+02  4.4363E-02  3.4223E+00  4.9690E-02  7.6715E+00  1.0000E+00
 7.8115E+02  4.4399E-02  3.3990E+00  4.9691E-02  7.6134E+00  1.0000E+00
 7.8713E+02  4.4435E-02  3.3759E+00  4.9692E-02  7.5557E+00  1.0000E+00
 7.9316E+02  4.4471E-02  3.3529E+00  4.9693E-02  7.4985E+00  1.0000E+00
 7.9923E+02  4.4507E-02  3.3301E+00  4.9694E-02  7.4417E+00  1.0000E+00
 8.0535E+02  4.4544E-02  3.3075E+00  4.9696E-02  7.3853E+00  1.0000E+00
 8.1152E+02  4.4580E-02  3.2850E+00  4.9697E-02  7.3293E+00  1.0000E+00
 8.1774E+02  4.4616E-02  3.2627E+00  4.9698E-02  7.2738E+00  1.0000E+00
 8.2400E+02  4.4652E-02  3.2405E+00  4.9699E-02  7.2187E+00  1.0000E+00
 8.3031E+02  4.4688E-02  3.2184E+00  4.9701E-02  7.1640E+00  1.0000E+00
 8.3667E+02  4.4724E-02  3.1965E+00  4.9702E-02  7.1098E+00  1.0000E+00
 8.4307E+02  4.4761E-02  3.1748E+00  4.9703E-02  7.0559E+00  1.0000E+00
 8.4953E+02  4.4797E-02  3.1532E+00  4.9704E-02  7.0025E+00  1.0000E+00
 8.5604E+02  4.4833E-02  3.1317E+00  4.9706E-02  6.9494E+00  1.0000E+00
 8.6259E+02  4.4869E-02  3.1104E+00  4.9707E-02  6.8968E+00  1.0000E+00
 8.6920E+02  4.4906E-02  3.0893E+00  4.9708E-02  6.8446E+00  1.0000E+00
 8.7586E+02  4.4942E-02  3.0682E+00  4.9709E-02  6.7927E+00  1.0000E+00
 8.8256E+02  4.4978E-02  3.0474E+00  4.9711E-02  6.7413E+00  1.0000E+00
 8.8932E+02  4.5014E-02  3.0266E+00  4.9712E-02  6.6902E+00  1.0000E+00
 8.9613E+02  4.5051E-02  3.0060E+00  4.9713E-02  6.6395E+00  1.0000E+00
 9.0300E+02  4.5087E-02  2.9855E+00  4.9715E-02  6.5893E+00  1.0000E+00
 9.0991E+02  4.5123E-02  2.9652E+00  4.9716E-02  6.5394E+00  1.0000E+00
 9.1688E+02  4.5160E-02  2.9450E+00  4.9717E-02  6.4898E+00  1.0000E+00
 9.2390E+02  4.5196E-02  2.9250E+00  4.9719E-02  6.4407E+00  1.0000E+00
 9.3098E+02  4.5232E-02  2.9051E+00  4.9720E-02  6.3919E+00  1.0000E+00
 9.3811E+02  4.5269E-02  2.8853E+00  4.9721E-02  6.3435E+00  1.0000E+00
 9.4529E+02  4.5305E-02  2.8656E+00  4.9723E-02  6.2955E+00  1.0000E+00
 9.5253E+02  4.5341E-02  2.8461E+00  4.9724E-02  6.2478E+00  1.0000E+00
 9.5983E+02  4.5378E-02  2.8267E+00  4.9726E-02  6.2005E+00  1.0000E+00
 9.6718E+02  4.5414E-02  2.8075E+00  4.9727E-02  6.1536E+00  1.0000E+00
 9.7458E+02  4.5451E-02  2.7884E+00  4.9729E-02  6.1070E+00  1.0000E+00
 9.8205E+02  4.5487E-02  2.7694E+00  4.9730E-02  6.0608E+00  1.0000E+00
 9.8957E+02  4.5524E-02  2.7505E+00  4.9731E-02  6.0149E+00  1.0000E+00
 9.9715E+02  4.5560E-02  2.7318E+00  4.9733E-02  5.9693E+00  1.0000E+00
 1.0048E+03  4.5597E-02  2.7132E+00  4.9734E-02  5.9242E+00  1.0000E+00
 1.0125E+03  4.5633E-02  2.6947E+00  4.9736E-02  5.8793E+00  1.0000E+00
 1.0202E+03  4.5670E-02  2.6763E+00  4.9737E-02  5.8348E+00  1.0000E+00
 1.0280E+03  4.5706E-02  2.6581E+00  4.9739E-02  5.7906E+00  1.0000E+00
 1.0359E+03  4.5743E-02  2.6400E+00  4.9740E-02  5.7468E+00  1.0000E+00
 1.0439E+03  4.5780E-02  2.6220E+00  4.9742E-02  5.7033E+00  1.0000E+00
 1.0518E+03  4.5816E-02  2.6041E+00  4.9744E-02  5.6601E+00  1.0000E+00
 1.0599E+03  4.5853E-02  2.5864E+00  4.9745E-02  5.6173E+00  1.0000E+00
 1.0680E+03  4.5890E-02  2.5688E+00  4.9747E-02  5.5748E+00  1.0000E+00
 1.0762E+03  4.5927E-02  2.5513E+00  4.9748E-02  5.5326E+00  1.0000E+00
 1.0844E+03  4.5964E-02  2.5339E+00  4.9750E-02  5.4907E+00  1.0000E+00
 1.0927E+03  4.6000E-02  2.5166E+00  4.9752E-02  5.4492E+00  1.0000E+00
 1.1011E+03  4.6037E-02  2.4995E+00  4.9753E-02  5.4079E+00  1.0000E+00
 1.1095E+03  4.6074E-02  2.4825E+00  4.9755E-02  5.3670E+00  1.0000E+00
 1.1180E+03  4.6111E-02  2.4655E+00  4.9756E-02  5.3264E+00  1.0000E+00
 1.1266E+03  4.6147E-02  2.4487E+00  4.9758E-02  5.2861E+00  1.0000E+00
 1.1352E+03  4.6184E-02  2.4320E+00  4.9760E-02  5.2461E+00  1.0000E+00
 1.1439E+03  4.6220E-02  2.4154E+00  4.9761E-02  5.2064E+00  1.0000E+00
 1.1527E+03  4.6257E-02  2.3989E+00  4.9763E-02  5.1670E+00  1.0000E+00
 1.1615E+03  4.6293E-02  2.3825E+00  4.9765E-02  5.1279E+00  1.0000E+00
 1.1704E+03  4.6329E-02  2.3663E+00  4.9767E-02  5.0891E+00  1.0000E+00
 1.1794E+03  4.6365E-02  2.3501E+00  4.9768E-02  5.0506E+00  1.0000E+00
 1.1884E+03  4.6401E-02  2.3340E+00  4.9770E-02  5.0124E+00  1.0000E+00
 1.1975E+03  4.6437E-02  2.3180E+00  4.9772E-02  4.9745E+00  1.0000E+00
 1.2067E+03  4.6472E-02  2.3022E+00  4.9774E-02  4.9369E+00  1.0000E+00
 1.2159E+03  4.6508E-02  2.2864E+00  4.9775E-02  4.8996E+00  1.0000E+00
 1.2252E+03  4.6543E-02  2.2707E+00  4.9777E-02  4.8625E+00  1.0000E+00
 1.2346E+03  4.6579E-02  2.2551E+00  4.9779E-02  4.8257E+00  1.0000E+00
 1.2441E+03  4.6614E-02  2.2397E+00  4.9781E-02  4.7892E+00  1.0000E+00
 1.2536E+03  4.6649E-02  2.2243E+00  4.9783E-02  4.7530E+00  1.0000E+00
 1.2632E+03  4.6684E-02  2.2090E+00  4.9785E-02  4.7171E+00  1.0000E+00
 1.2729E+03  4.6718E-02  2.1938E+00  4.9787E-02  4.6814E+00  1.0000E+00
 1.2826E+03  4.6753E-02  2.1788E+00  4.9788E-02  4.6460E+00  1.0000E+00
 1.2924E+03  4.6787E-02  2.1638E+00  4.9790E-02  4.6109E+00  1.0000E+00
 1.3023E+03  4.6822E-02  2.1489E+00  4.9792E-02  4.5760E+00  1.0000E+00
 1.3123E+03  4.6856E-02  2.1341E+00  4.9794E-02  4.5414E+00  1.0000E+00
 1.3224E+03  4.6890E-02  2.1194E+00  4.9796E-02  4.5071E+00  1.0000E+00
 1.3325E+03  4.6924E-02  2.1048E+00  4.9798E-02  4.4730E+00  1.0000E+00
 1.3427E+03  4.6957E-02  2.0902E+00  4.9800E-02  4.4392E+00  1.0000E+00
 1.3530E+03  4.6991E-02  2.0758E+00  4.9802E-02  4.4056E+00  1.0000E+00
 1.3633E+03  4.7024E-02  2.0615E+00  4.9804E-02  4.3723E+00  1.0000E+00
 1.3738E+03  4.7057E-02  2.0472E+00  4.9806E-02  4.3392E+00  1.0000E+00
 1.3843E+03  4.7090E-02  2.0331E+00  4.9808E-02  4.3064E+00  1.0000E+00
 1.3949E+03  4.7123E-02  2.0190E+00  4.9810E-02  4.2739E+00  1.0000E+00
 1.4056E+03  4.7155E-02  2.0050E+00  4.9812E-02  4.2416E+00  1.0000E+00
 1.4164E+03  4.7187E-02  1.9911E+00  4.9814E-02  4.2095E+00  1.0000E+00
 1.4272E+03  4.7219E-02  1.9773E+00  4.9817E-02  4.1777E+00  1.0000E+00
 1.4381E+03  4.7251E-02  1.9636E+00  4.9819E-02  4.1461E+00  1.0000E+00
 1.4491E+03  4.7283E-02  1.9499E+00  4.9821E-02  4.1148E+00  1.0000E+00
 1.4602E+03  4.7315E-02  1.9364E+00  4.9823E-02  4.0837E+00  1.0000E+00
 1.4714E+03  4.7346E-02  1.9229E+00  4.9825E-02  4.0529E+00  1.0000E+00
 1.4827E+03  4.7377E-02  1.9095E+00  4.9827E-02  4.0222E+00  1.0000E+00
 1.4940E+03  4.7408E-02  1.8962E+00  4.9830E-02  3.9918E+00  1.0000E+00
 1.5055E+03  4.7438E-02  1.8830E+00  4.9832E-02  3.9617E+00  1.0000E+00
 1.5170E+03  4.7469E-02  1.8699E+00  4.9834E-02  3.9317E+00  1.0000E+00
 1.5286E+03  4.7499E-02  1.8568E+00  4.9836E-02  3.9020E+00  1.0000E+00
 1.5403E+03  4.7529E-02  1.8439E+00  4.9839E-02  3.8726E+00  1.0000E+00
 1.5521E+03  4.7558E-02  1.8310E+00  4.9841E-02  3.8433E+00  1.0000E+00
 1.5640E+03  4.7588E-02  1.8182E+00  4.9843E-02  3.8143E+00  1.0000E+00
 1.5760E+03  4.7617E-02  1.8054E+00  4.9845E-02  3.7855E+00  1.0000E+00
 1.5881E+03  4.7646E-02  1.7928E+00  4.9848E-02  3.7569E+00  1.0000E+00
 1.6002E+03  4.7675E-02  1.7802E+00  4.9850E-02  3.7285E+00  1.0000E+00
 1.6125E+03  4.7703E-02  1.7677E+00  4.9853E-02  3.7003E+00  1.0000E+00
 1.6248E+03  4.7731E-02  1.7553E+00  4.9855E-02  3.6724E+00  1.0000E+00
 1.6373E+03  4.7759E-02  1.7429E+00  4.9857E-02  3.6447E+00  1.0000E+00
 1.6498E+03  4.7786E-02  1.7307E+00  4.9860E-02  3.6171E+00  1.0000E+00
 1.6625E+03  4.7814E-02  1.7185E+00  4.9862E-02  3.5898E+00  1.0000E+00
 1.6752E+03  4.7841E-02  1.7063E+00  4.9865E-02  3.5627E+00  1.0000E+00
 1.6880E+03  4.7868E-02  1.6943E+00  4.9867E-02  3.5358E+00  1.0000E+00
 1.7009E+03  4.7894E-02  1.6823E+00  4.9870E-02  3.5091E+00  1.0000E+00
 1.7140E+03  4.7920E-02  1.6704E+00  4.9872E-02  3.4826E+00  1.0000E+00
 1.7271E+03  4.7946E-02  1.6586E+00  4.9875E-02  3.4564E+00  1.0000E+00
 1.7403E+03  4.7972E-02  1.6469E+00  4.9877E-02  3.4303E+00  1.0000E+00
 1.7537E+03  4.7997E-02  1.6352E+00  4.9880E-02  3.4044E+00  1.0000E+00
 1.7671E+03  4.8022E-02  1.6236E+00  4.9883E-02  3.3787E+00  1.0000E+00
 1.7806E+03  4.8046E-02  1.6120E+00  4.9885E-02  3.3532E+00  1.0000E+00
 1.7943E+03  4.8071E-02  1.6006E+00  4.9888E-02  3.3279E+00  1.0000E+00
 1.8080E+03  4.8095E-02  1.5892E+00  4.9891E-02  3.3028E+00  1.0000E+00
 1.8218E+03  4.8118E-02  1.5779E+00  4.9893E-02  3.2778E+00  1.0000E+00
 1.8358E+03  4.8141E-02  1.5666E+00  4.9896E-02  3.2531E+00  1.0000E+00
 1.8499E+03  4.8164E-02  1.5554E+00  4.9899E-02  3.2285E+00  1.0000E+00
 1.8640E+03  4.8187E-02  1.5443E+00  4.9901E-02  3.2042E+00  1.0000E+00
 1.8783E+03  4.8209E-02  1.5333E+00  4.9904E-02  3.1800E+00  1.0000E+00
 1.8927E+03  4.8231E-02  1.5223E+00  4.9907E-02  3.1560E+00  1.0000E+00
 1.9072E+03  4.8253E-02  1.5114E+00  4.9910E-02  3.1322E+00  1.0000E+00
 1.9218E+03  4.8274E-02  1.5005E+00  4.9913E-02  3.1086E+00  1.0000E+00
 1.9365E+03  4.8296E-02  1.4897E+00  4.9916E-02  3.0851E+00  1.0000E+00
 1.9513E+03  4.8317E-02  1.4791E+00  4.9918E-02  3.0619E+00  1.0000E+00
 1.9663E+03  4.8338E-02  1.4684E+00  4.9921E-02  3.0388E+00  1.0000E+00
 1.9813E+03  4.8359E-02  1.4579E+00  4.9924E-02  3.0159E+00  1.0000E+00
 1.9965E+03  4.8380E-02  1.4474E+00  4.9927E-02  2.9931E+00  1.0000E+00
 2.0118E+03  4.8400E-02  1.4370E+00  4.9930E-02  2.9705E+00  1.0000E+00
 2.0272E+03  4.8421E-02  1.4267E+00  4.9933E-02  2.9481E+00  1.0000E+00
 2.0427E+03  4.8441E-02  1.4164E+00  4.9936E-02  2.9259E+00  1.0000E+00
 2.0584E+03  4.8462E-02  1.4062E+00  4.9939E-02  2.9039E+00  1.0000E+00
 2.0741E+03  4.8482E-02  1.3961E+00  4.9942E-02  2.8820E+00  1.0000E+00
 2.0900E+03  4.8502E-02  1.3860E+00  4.9945E-02  2.8602E+00  1.0000E+00
 2.1060E+03  4.8522E-02  1.3760E+00  4.9949E-02  2.8387E+00  1.0000E+00
 2.1222E+03  4.8542E-02  1.3661E+00  4.9952E-02  2.8173E+00  1.0000E+00
 2.1384E+03  4.8562E-02  1.3562E+00  4.9955E-02  2.7961E+00  1.0000E+00
 2.1548E+03  4.8581E-02  1.3465E+00  4.9958E-02  2.7750E+00  1.0000E+00
 2.1713E+03  4.8601E-02  1.3367E+00  4.9961E-02  2.7541E+00  1.0000E+00
 2.1879E+03  4.8620E-02  1.3271E+00  4.9965E-02  2.7333E+00  1.0000E+00
 2.2047E+03  4.8639E-02  1.3175E+00  4.9968E-02  2.7127E+00  1.0000E+00
 2.2216E+03  4.8659E-02  1.3080E+00  4.9971E-02  2.6923E+00  1.0000E+00
 2.2386E+03  4.8678E-02  1.2985E+00  4.9974E-02  2.6720E+00  1.0000E+00
 2.2557E+03  4.8697E-02  1.2891E+00  4.9978E-02  2.6519E+00  1.0000E+00
 2.2730E+03  4.8715E-02  1.2798E+00  4.9981E-02  2.6319E+00  1.0000E+00
 2.2904E+03  4.8734E-02  1.2706E+00  4.9984E-02  2.6121E+00  1.0000E+00
 2.3079E+03  4.8753E-02  1.2614E+00  4.9988E-02  2.5924E+00  1.0000E+00
 2.3256E+03  4.8771E-02  1.2522E+00  4.9991E-02  2.5729E+00  1.0000E+00
 2.3434E+03  4.8790E-02  1.2432E+00  4.9995E-02  2.5535E+00  1.0000E+00
 2.3614E+03  4.8808E-02  1.2342E+00  4.9998E-02  2.5343E+00  1.0000E+00
 2.3794E+03  4.8826E-02  1.2252E+00  5.0002E-02  2.5152E+00  1.0000E+00
 2.3977E+03  4.8844E-02  1.2163E+00  5.0005E-02  2.4962E+00  1.0000E+00
 2.4160E+03  4.8863E-02  1.2075E+00  5.0009E-02  2.4774E+00  1.0000E+00
 2.4345E+03  4.8880E-02  1.1987E+00  5.0013E-02  2.4588E+00  1.0000E+00
 2.4532E+03  4.8898E-02  1.1901E+00  5.0016E-02  2.4403E+00  1.0000E+00
 2.4720E+03  4.8916E-02  1.1814E+00  5.0020E-02  2.4219E+00  1.0000E+00
 2.4909E+03  4.8934E-02  1.1728E+00  5.0024E-02  2.4037E+00  1.0000E+00
 2.5100E+03  4.8951E-02  1.1643E+00  5.0027E-02  2.3856E+00  1.0000E+00
 2.5292E+03  4.8969E-02  1.1559E+00  5.0031E-02  2.3676E+00  1.0000E+00
 2.5486E+03  4.8986E-02  1.1475E+00  5.0035E-02  2.3498E+00  1.0000E+00
 2.5681E+03  4.9003E-02  1.1391E+00  5.0039E-02  2.3321E+00  1.0000E+00
 2.5878E+03  4.9021E-02  1.1308E+00  5.0042E-02  2.3146E+00  1.0000E+00
 2.6076E+03  4.9038E-02  1.1226E+00  5.0046E-02  2.2972E+00  1.0000E+00
 2.6275E+03  4.9055E-02  1.1144E+00  5.0050E-02  2.2799E+00  1.0000E+00
 2.6477E+03  4.9072E-02  1.1063E+00  5.0054E-02  2.2628E+00  1.0000E+00
 2.6679E+03  4.9089E-02  1.0983E+00  5.0058E-02  2.2457E+00  1.0000E+00
 2.6884E+03  4.9105E-02  1.0903E+00  5.0062E-02  2.2288E+00  1.0000E+00
 2.7090E+03  4.9122E-02  1.0823E+00  5.0066E-02  2.2121E+00  1.0000E+00
 2.7297E+03  4.9139E-02  1.0745E+00  5.0070E-02  2.1954E+00  1.0000E+00
 2.7506E+03  4.9155E-02  1.0666E+00  5.0074E-02  2.1789E+00  1.0000E+00
 2.7717E+03  4.9172E-02  1.0589E+00  5.0078E-02  2.1626E+00  1.0000E+00
 2.7929E+03  4.9188E-02  1.0511E+00  5.0082E-02  2.1463E+00  1.0000E+00
 2.8143E+03  4.9204E-02  1.0435E+00  5.0087E-02  2.1302E+00  1.0000E+00
 2.8358E+03  4.9221E-02  1.0359E+00  5.0091E-02  2.1142E+00  1.0000E+00
 2.8576E+03  4.9237E-02  1.0283E+00  5.0095E-02  2.0983E+00  1.0000E+00
 2.8794E+03  4.9253E-02  1.0208E+00  5.0099E-02  2.0825E+00  1.0000E+00
 2.9015E+03  4.9269E-02  1.0134E+00  5.0104E-02  2.0668E+00  1.0000E+00
 2.9237E+03  4.9285E-02  1.0060E+00  5.0108E-02  2.0513E+00  1.0000E+00
 2.9461E+03  4.9301E-02  9.9861E-01  5.0112E-02  2.0359E+00  1.0000E+00
 2.9687E+03  4.9317E-02  9.9132E-01  5.0117E-02  2.0206E+00  1.0000E+00
 2.9914E+03  4.9332E-02  9.8408E-01  5.0121E-02  2.0054E+00  1.0000E+00
 3.0143E+03  4.9348E-02  9.7689E-01  5.0126E-02  1.9904E+00  1.0000E+00
 3.0374E+03  4.9364E-02  9.6975E-01  5.0130E-02  1.9754E+00  1.0000E+00
 3.0607E+03  4.9379E-02  9.6266E-01  5.0135E-02  1.9606E+00  1.0000E+00
 3.0841E+03  4.9395E-02  9.5562E-01  5.0139E-02  1.9459E+00  1.0000E+00
 3.1077E+03  4.9410E-02  9.4863E-01  5.0144E-02  1.9312E+00  1.0000E+00
 3.1315E+03  4.9425E-02  9.4169E-01  5.0148E-02  1.9167E+00  1.0000E+00
 3.1555E+03  4.9441E-02  9.3480E-01  5.0153E-02  1.9024E+00  1.0000E+00
 3.1797E+03  4.9456E-02  9.2796E-01  5.0158E-02  1.8881E+00  1.0000E+00
 3.2040E+03  4.9471E-02  9.2117E-01  5.0163E-02  1.8739E+00  1.0000E+00
 3.2286E+03  4.9486E-02  9.1443E-01  5.0167E-02  1.8598E+00  1.0000E+00
 3.2533E+03  4.9501E-02  9.0773E-01  5.0172E-02  1.8459E+00  1.0000E+00
 3.2782E+03  4.9517E-02  9.0109E-01  5.0177E-02  1.8320E+00  1.0000E+00
 3.3033E+03  4.9531E-02  8.9449E-01  5.0182E-02  1.8183E+00  1.0000E+00
 3.3286E+03  4.9546E-02  8.8793E-01  5.0187E-02  1.8046E+00  1.0000E+00
 3.3541E+03  4.9561E-02  8.8143E-01  5.0192E-02  1.7911E+00  1.0000E+00
 3.3798E+03  4.9576E-02  8.7497E-01  5.0197E-02  1.7777E+00  1.0000E+00
 3.4057E+03  4.9591E-02  8.6855E-01  5.0202E-02  1.7643E+00  1.0000E+00
 3.4317E+03  4.9605E-02  8.6218E-01  5.0207E-02  1.7511E+00  1.0000E+00
 3.4580E+03  4.9620E-02  8.5586E-01  5.0212E-02  1.7380E+00  1.0000E+00
 3.4845E+03  4.9634E-02  8.4958E-01  5.0217E-02  1.7249E+00  1.0000E+00
 3.5112E+03  4.9649E-02  8.4335E-01  5.0223E-02  1.7120E+00  1.0000E+00
 3.5381E+03  4.9663E-02  8.3716E-01  5.0228E-02  1.6992E+00  1.0000E+00
 3.5652E+03  4.9678E-02  8.3102E-01  5.0233E-02  1.6864E+00  1.0000E+00
 3.5925E+03  4.9692E-02  8.2492E-01  5.0238E-02  1.6738E+00  1.0000E+00
 3.6200E+03  4.9706E-02  8.1886E-01  5.0244E-02  1.6613E+00  1.0000E+00
 3.6477E+03  4.9720E-02  8.1285E-01  5.0249E-02  1.6488E+00  1.0000E+00
 3.6757E+03  4.9734E-02  8.0687E-01  5.0255E-02  1.6365E+00  1.0000E+00
 3.7038E+03  4.9749E-02  8.0095E-01  5.0260E-02  1.6242E+00  1.0000E+00
 3.7322E+03  4.9762E-02  7.9506E-01  5.0266E-02  1.6120E+00  1.0000E+00
 3.7608E+03  4.9776E-02  7.8922E-01  5.0271E-02  1.6000E+00  1.0000E+00
 3.7896E+03  4.9790E-02  7.8341E-01  5.0277E-02  1.5880E+00  1.0000E+00
 3.8186E+03  4.9804E-02  7.7765E-01  5.0283E-02  1.5761E+00  1.0000E+00
 3.8478E+03  4.9818E-02  7.7193E-01  5.0288E-02  1.5643E+00  1.0000E+00
 3.8773E+03  4.9831E-02  7.6625E-01  5.0294E-02  1.5526E+00  1.0000E+00
 3.9070E+03  4.9845E-02  7.6062E-01  5.0300E-02  1.5410E+00  1.0000E+00
 3.9369E+03  4.9859E-02  7.5502E-01  5.0306E-02  1.5294E+00  1.0000E+00
 3.9671E+03  4.9872E-02  7.4946E-01  5.0312E-02  1.5180E+00  1.0000E+00
 3.9974E+03  4.9885E-02  7.4394E-01  5.0318E-02  1.5066E+00  1.0000E+00
 4.0281E+03  4.9899E-02  7.3846E-01  5.0323E-02  1.4953E+00  1.0000E+00
 4.0589E+03  4.9912E-02  7.3303E-01  5.0330E-02  1.4842E+00  1.0000E+00
 4.0900E+03  4.9925E-02  7.2763E-01  5.0336E-02  1.4731E+00  1.0000E+00
 4.1213E+03  4.9939E-02  7.2226E-01  5.0342E-02  1.4620E+00  1.0000E+00
 4.1529E+03  4.9952E-02  7.1694E-01  5.0348E-02  1.4511E+00  1.0000E+00
 4.1847E+03  4.9965E-02  7.1165E-01  5.0354E-02  1.4402E+00  1.0000E+00
 4.2167E+03  4.9978E-02  7.0641E-01  5.0360E-02  1.4295E+00  1.0000E+00
 4.2490E+03  4.9991E-02  7.0120E-01  5.0367E-02  1.4188E+00  1.0000E+00
 4.2816E+03  5.0003E-02  6.9603E-01  5.0373E-02  1.4082E+00  1.0000E+00
 4.3143E+03  5.0016E-02  6.9089E-01  5.0379E-02  1.3977E+00  1.0000E+00
 4.3474E+03  5.0029E-02  6.8579E-01  5.0386E-02  1.3872E+00  1.0000E+00
 4.3807E+03  5.0042E-02  6.8073E-01  5.0392E-02  1.3769E+00  1.0000E+00
 4.4142E+03  5.0054E-02  6.7570E-01  5.0399E-02  1.3666E+00  1.0000E+00
 4.4480E+03  5.0067E-02  6.7071E-01  5.0406E-02  1.3564E+00  1.0000E+00
 4.4821E+03  5.0079E-02  6.6576E-01  5.0412E-02  1.3462E+00  1.0000E+00
 4.5164E+03  5.0092E-02  6.6084E-01  5.0419E-02  1.3362E+00  1.0000E+00
 4.5510E+03  5.0104E-02  6.5596E-01  5.0426E-02  1.3262E+00  1.0000E+00
 4.5859E+03  5.0116E-02  6.5111E-01  5.0433E-02  1.3163E+00  1.0000E+00
 4.6210E+03  5.0128E-02  6.4630E-01  5.0439E-02  1.3065E+00  1.0000E+00
 4.6564E+03  5.0140E-02  6.4152E-01  5.0446E-02  1.2967E+00  1.0000E+00
 4.6920E+03  5.0153E-02  6.3677E-01  5.0453E-02  1.2870E+00  1.0000E+00
 4.7280E+03  5.0165E-02  6.3206E-01  5.0460E-02  1.2774E+00  1.0000E+00
 4.7642E+03  5.0177E-02  6.2739E-01  5.0467E-02  1.2679E+00  1.0000E+00
 4.8007E+03  5.0188E-02  6.2274E-01  5.0475E-02  1.2585E+00  1.0000E+00
 4.8374E+03  5.0200E-02  6.1814E-01  5.0482E-02  1.2491E+00  1.0000E+00
 4.8745E+03  5.0212E-02  6.1356E-01  5.0489E-02  1.2398E+00  1.0000E+00
 4.9118E+03  5.0224E-02  6.0902E-01  5.0496E-02  1.2305E+00  1.0000E+00
 4.9494E+03  5.0235E-02  6.0450E-01  5.0504E-02  1.2213E+00  1.0000E+00
 4.9873E+03  5.0247E-02  6.0003E-01  5.0511E-02  1.2122E+00  1.0000E+00
 5.0255E+03  5.0258E-02  5.9558E-01  5.0519E-02  1.2032E+00  1.0000E+00
 5.0640E+03  5.0270E-02  5.9116E-01  5.0526E-02  1.1942E+00  1.0000E+00
 5.1028E+03  5.0281E-02  5.8678E-01  5.0534E-02  1.1853E+00  1.0000E+00
 5.1419E+03  5.0292E-02  5.8243E-01  5.0541E-02  1.1765E+00  1.0000E+00
 5.1812E+03  5.0304E-02  5.7811E-01  5.0549E-02  1.1677E+00  1.0000E+00
 5.2209E+03  5.0315E-02  5.7382E-01  5.0557E-02  1.1590E+00  1.0000E+00
 5.2609E+03  5.0326E-02  5.6956E-01  5.0565E-02  1.1504E+00  1.0000E+00
 5.3012E+03  5.0337E-02  5.6534E-01  5.0573E-02  1.1418E+00  1.0000E+00
 5.3418E+03  5.0348E-02  5.6114E-01  5.0581E-02  1.1333E+00  1.0000E+00
 5.3827E+03  5.0358E-02  5.5697E-01  5.0589E-02  1.1249E+00  1.0000E+00
 5.4239E+03  5.0369E-02  5.5283E-01  5.0597E-02  1.1165E+00  1.0000E+00
 5.4655E+03  5.0380E-02  5.4873E-01  5.0605E-02  1.1082E+00  1.0000E+00
 5.5073E+03  5.0391E-02  5.4465E-01  5.0613E-02  1.1000E+00  1.0000E+00
 5.5495E+03  5.0401E-02  5.4060E-01  5.0621E-02  1.0918E+00  1.0000E+00
 5.5920E+03  5.0412E-02  5.3658E-01  5.0630E-02  1.0837E+00  1.0000E+00
 5.6348E+03  5.0422E-02  5.3259E-01  5.0638E-02  1.0756E+00  1.0000E+00
 5.6780E+03  5.0432E-02  5.2863E-01  5.0646E-02  1.0676E+00  1.0000E+00
 5.7215E+03  5.0443E-02  5.2470E-01  5.0655E-02  1.0597E+00  1.0000E+00
 5.7653E+03  5.0453E-02  5.2079E-01  5.0664E-02  1.0518E+00  1.0000E+00
 5.8094E+03  5.0463E-02  5.1692E-01  5.0672E-02  1.0440E+00  1.0000E+00
 5.8539E+03  5.0473E-02  5.1307E-01  5.0681E-02  1.0362E+00  1.0000E+00
 5.8988E+03  5.0483E-02  5.0925E-01  5.0690E-02  1.0286E+00  1.0000E+00
 5.9439E+03  5.0493E-02  5.0546E-01  5.0699E-02  1.0209E+00  1.0000E+00
 5.9895E+03  5.0503E-02  5.0169E-01  5.0708E-02  1.0133E+00  1.0000E+00
 6.0353E+03  5.0513E-02  4.9796E-01  5.0717E-02  1.0058E+00  1.0000E+00
 6.0815E+03  5.0523E-02  4.9425E-01  5.0726E-02  9.9834E-01  1.0000E+00
 6.1281E+03  5.0533E-02  4.9056E-01  5.0735E-02  9.9093E-01  1.0000E+00
 6.1751E+03  5.0543E-02  4.8690E-01  5.0744E-02  9.8358E-01  1.0000E+00
 6.2223E+03  5.0552E-02  4.8327E-01  5.0753E-02  9.7629E-01  1.0000E+00
 6.2700E+03  5.0562E-02  4.7967E-01  5.0763E-02  9.6904E-01  1.0000E+00
 6.3180E+03  5.0571E-02  4.7609E-01  5.0772E-02  9.6186E-01  1.0000E+00
 6.3664E+03  5.0581E-02  4.7254E-01  5.0781E-02  9.5473E-01  1.0000E+00
 6.4152E+03  5.0590E-02  4.6901E-01  5.0791E-02  9.4765E-01  1.0000E+00
 6.4643E+03  5.0600E-02  4.6551E-01  5.0801E-02  9.4063E-01  1.0000E+00
 6.5138E+03  5.0609E-02  4.6204E-01  5.0810E-02  9.3366E-01  1.0000E+00
 6.5637E+03  5.0618E-02  4.5859E-01  5.0820E-02  9.2674E-01  1.0000E+00
 6.6139E+03  5.0627E-02  4.5516E-01  5.0830E-02  9.1987E-01  1.0000E+00
 6.6646E+03  5.0637E-02  4.5176E-01  5.0840E-02  9.1306E-01  1.0000E+00
 6.7156E+03  5.0646E-02  4.4839E-01  5.0850E-02  9.0630E-01  1.0000E+00
 6.7671E+03  5.0655E-02  4.4504E-01  5.0860E-02  8.9959E-01  1.0000E+00
 6.8189E+03  5.0664E-02  4.4171E-01  5.0870E-02  8.9293E-01  1.0000E+00
 6.8711E+03  5.0673E-02  4.3841E-01  5.0881E-02  8.8633E-01  1.0000E+00
 6.9237E+03  5.0682E-02  4.3513E-01  5.0891E-02  8.7977E-01  1.0000E+00
 6.9768E+03  5.0691E-02  4.3188E-01  5.0901E-02  8.7326E-01  1.0000E+00
 7.0302E+03  5.0699E-02  4.2865E-01  5.0912E-02  8.6680E-01  1.0000E+00
 7.0840E+03  5.0708E-02  4.2544E-01  5.0922E-02  8.6039E-01  1.0000E+00
 7.1383E+03  5.0717E-02  4.2226E-01  5.0933E-02  8.5403E-01  1.0000E+00
 7.1929E+03  5.0726E-02  4.1910E-01  5.0944E-02  8.4772E-01  1.0000E+00
 7.2480E+03  5.0738E-02  4.1600E-01  5.0955E-02  8.4146E-01  1.0000E+00
 7.3035E+03  5.0751E-02  4.1291E-01  5.0966E-02  8.3524E-01  1.0000E+00
 7.3595E+03  5.0763E-02  4.0986E-01  5.0977E-02  8.2907E-01  1.0000E+00
 7.4158E+03  5.0776E-02  4.0682E-01  5.0988E-02  8.2295E-01  1.0000E+00
 7.4726E+03  5.0789E-02  4.0381E-01  5.0999E-02  8.1687E-01  1.0000E+00
 7.5299E+03  5.0802E-02  4.0082E-01  5.1010E-02  8.1085E-01  1.0000E+00
 7.5875E+03  5.0814E-02  3.9785E-01  5.1021E-02  8.0486E-01  1.0000E+00
 7.6456E+03  5.0827E-02  3.9490E-01  5.1033E-02  7.9892E-01  1.0000E+00
 7.7042E+03  5.0840E-02  3.9198E-01  5.1044E-02  7.9303E-01  1.0000E+00
 7.7632E+03  5.0853E-02  3.8908E-01  5.1056E-02  7.8718E-01  1.0000E+00
 7.8226E+03  5.0867E-02  3.8620E-01  5.1068E-02  7.8138E-01  1.0000E+00
 7.8825E+03  5.0880E-02  3.8334E-01  5.1080E-02  7.7562E-01  1.0000E+00
 7.9429E+03  5.0893E-02  3.8051E-01  5.1091E-02  7.6990E-01  1.0000E+00
 8.0037E+03  5.0907E-02  3.7769E-01  5.1103E-02  7.6423E-01  1.0000E+00
 8.0650E+03  5.0920E-02  3.7490E-01  5.1115E-02  7.5860E-01  1.0000E+00
 8.1268E+03  5.0934E-02  3.7212E-01  5.1128E-02  7.5302E-01  1.0000E+00
 8.1890E+03  5.0947E-02  3.6937E-01  5.1140E-02  7.4747E-01  1.0000E+00
 8.2518E+03  5.0961E-02  3.6664E-01  5.1152E-02  7.4197E-01  1.0000E+00
 8.3150E+03  5.0975E-02  3.6393E-01  5.1165E-02  7.3651E-01  1.0000E+00
 8.3786E+03  5.0989E-02  3.6124E-01  5.1177E-02  7.3109E-01  1.0000E+00
 8.4428E+03  5.1003E-02  3.5857E-01  5.1190E-02  7.2572E-01  1.0000E+00
 8.5075E+03  5.1017E-02  3.5592E-01  5.1203E-02  7.2038E-01  1.0000E+00
 8.5726E+03  5.1031E-02  3.5330E-01  5.1216E-02  7.1508E-01  1.0000E+00
 8.6383E+03  5.1045E-02  3.5069E-01  5.1228E-02  7.0983E-01  1.0000E+00
 8.7044E+03  5.1060E-02  3.4810E-01  5.1241E-02  7.0461E-01  1.0000E+00
 8.7711E+03  5.1074E-02  3.4553E-01  5.1255E-02  6.9944E-01  1.0000E+00
 8.8383E+03  5.1089E-02  3.4298E-01  5.1268E-02  6.9430E-01  1.0000E+00
 8.9059E+03  5.1103E-02  3.4044E-01  5.1281E-02  6.8920E-01  1.0000E+00
 8.9741E+03  5.1118E-02  3.3793E-01  5.1295E-02  6.8415E-01  1.0000E+00
 9.0429E+03  5.1133E-02  3.3544E-01  5.1308E-02  6.7913E-01  1.0000E+00
 9.1121E+03  5.1148E-02  3.3296E-01  5.1322E-02  6.7414E-01  1.0000E+00
 9.1819E+03  5.1163E-02  3.3051E-01  5.1336E-02  6.6920E-01  1.0000E+00
 9.2522E+03  5.1178E-02  3.2807E-01  5.1350E-02  6.6429E-01  1.0000E+00
 9.3231E+03  5.1193E-02  3.2565E-01  5.1364E-02  6.5942E-01  1.0000E+00
 9.3945E+03  5.1209E-02  3.2325E-01  5.1378E-02  6.5459E-01  1.0000E+00
 9.4664E+03  5.1224E-02  3.2087E-01  5.1392E-02  6.4980E-01  1.0000E+00
 9.5389E+03  5.1240E-02  3.1850E-01  5.1406E-02  6.4504E-01  1.0000E+00
 9.6120E+03  5.1255E-02  3.1616E-01  5.1421E-02  6.4032E-01  1.0000E+00
 9.6856E+03  5.1271E-02  3.1383E-01  5.1435E-02  6.3563E-01  1.0000E+00
 9.7598E+03  5.1287E-02  3.1152E-01  5.1450E-02  6.3098E-01  1.0000E+00
 9.8345E+03  5.1303E-02  3.0922E-01  5.1465E-02  6.2636E-01  1.0000E+00
 9.9098E+03  5.1319E-02  3.0695E-01  5.1479E-02  6.2178E-01  1.0000E+00
 9.9857E+03  5.1335E-02  3.0469E-01  5.1494E-02  6.1724E-01  1.0000E+00
 1.0062E+04  5.1351E-02  3.0244E-01  5.1510E-02  6.1272E-01  1.0000E+00
 1.0139E+04  5.1368E-02  3.0022E-01  5.1525E-02  6.0825E-01  1.0000E+00
 1.0217E+04  5.1384E-02  2.9801E-01  5.1540E-02  6.0380E-01  1.0000E+00
 1.0295E+04  5.1401E-02  2.9582E-01  5.1556E-02  5.9940E-01  1.0000E+00
 1.0374E+04  5.1417E-02  2.9364E-01  5.1571E-02  5.9502E-01  1.0000E+00
 1.0453E+04  5.1434E-02  2.9149E-01  5.1587E-02  5.9068E-01  1.0000E+00
 1.0533E+04  5.1451E-02  2.8934E-01  5.1603E-02  5.8637E-01  1.0000E+00
 1.0614E+04  5.1468E-02  2.8722E-01  5.1619E-02  5.8209E-01  1.0000E+00
 1.0695E+04  5.1485E-02  2.8511E-01  5.1635E-02  5.7785E-01  1.0000E+00
 1.0777E+04  5.1503E-02  2.8301E-01  5.1651E-02  5.7364E-01  1.0000E+00
 1.0860E+04  5.1520E-02  2.8093E-01  5.1667E-02  5.6946E-01  1.0000E+00
 1.0943E+04  5.1538E-02  2.7887E-01  5.1684E-02  5.6531E-01  1.0000E+00
 1.1027E+04  5.1555E-02  2.7682E-01  5.1700E-02  5.6119E-01  1.0000E+00
 1.1111E+04  5.1573E-02  2.7479E-01  5.1717E-02  5.5711E-01  1.0000E+00
 1.1196E+04  5.1591E-02  2.7278E-01  5.1734E-02  5.5305E-01  1.0000E+00
 1.1282E+04  5.1609E-02  2.7077E-01  5.1751E-02  5.4903E-01  1.0000E+00
 1.1369E+04  5.1627E-02  2.6879E-01  5.1768E-02  5.4504E-01  1.0000E+00
 1.1456E+04  5.1645E-02  2.6682E-01  5.1785E-02  5.4108E-01  1.0000E+00
 1.1543E+04  5.1664E-02  2.6486E-01  5.1803E-02  5.3714E-01  1.0000E+00
 1.1632E+04  5.1682E-02  2.6292E-01  5.1820E-02  5.3324E-01  1.0000E+00
 1.1721E+04  5.1701E-02  2.6099E-01  5.1838E-02  5.2937E-01  1.0000E+00
 1.1811E+04  5.1720E-02  2.5908E-01  5.1856E-02  5.2553E-01  1.0000E+00
 1.1901E+04  5.1739E-02  2.5718E-01  5.1874E-02  5.2171E-01  1.0000E+00
 1.1992E+04  5.1758E-02  2.5530E-01  5.1892E-02  5.1793E-01  1.0000E+00
 1.2084E+04  5.1777E-02  2.5343E-01  5.1910E-02  5.1417E-01  1.0000E+00
 1.2177E+04  5.1796E-02  2.5158E-01  5.1928E-02  5.1045E-01  1.0000E+00
 1.2270E+04  5.1816E-02  2.4974E-01  5.1947E-02  5.0675E-01  1.0000E+00
 1.2364E+04  5.1835E-02  2.4791E-01  5.1966E-02  5.0308E-01  1.0000E+00
 1.2458E+04  5.1855E-02  2.4610E-01  5.1984E-02  4.9943E-01  1.0000E+00
 1.2554E+04  5.1875E-02  2.4430E-01  5.2003E-02  4.9582E-01  1.0000E+00
 1.2650E+04  5.1895E-02  2.4251E-01  5.2023E-02  4.9223E-01  1.0000E+00
 1.2747E+04  5.1915E-02  2.4074E-01  5.2042E-02  4.8867E-01  1.0000E+00
 1.2845E+04  5.1935E-02  2.3898E-01  5.2061E-02  4.8514E-01  1.0000E+00
 1.2943E+04  5.1956E-02  2.3724E-01  5.2081E-02  4.8163E-01  1.0000E+00
 1.3042E+04  5.1976E-02  2.3550E-01  5.2100E-02  4.7815E-01  1.0000E+00
 1.3142E+04  5.1997E-02  2.3378E-01  5.2120E-02  4.7470E-01  1.0000E+00
 1.3243E+04  5.2018E-02  2.3208E-01  5.2140E-02  4.7127E-01  1.0000E+00
 1.3344E+04  5.2039E-02  2.3039E-01  5.2160E-02  4.6787E-01  1.0000E+00
 1.3446E+04  5.2060E-02  2.2870E-01  5.2181E-02  4.6450E-01  1.0000E+00
 1.3549E+04  5.2082E-02  2.2704E-01  5.2201E-02  4.6115E-01  1.0000E+00
 1.3653E+04  5.2103E-02  2.2538E-01  5.2222E-02  4.5782E-01  1.0000E+00
 1.3757E+04  5.2125E-02  2.2374E-01  5.2243E-02  4.5453E-01  1.0000E+00
 1.3863E+04  5.2147E-02  2.2211E-01  5.2264E-02  4.5125E-01  1.0000E+00
 1.3969E+04  5.2169E-02  2.2049E-01  5.2285E-02  4.4800E-01  1.0000E+00
 1.4076E+04  5.2191E-02  2.1889E-01  5.2306E-02  4.4478E-01  1.0000E+00
 1.4184E+04  5.2213E-02  2.1729E-01  5.2328E-02  4.4158E-01  1.0000E+00
 1.4292E+04  5.2236E-02  2.1571E-01  5.2349E-02  4.3841E-01  1.0000E+00
 1.4402E+04  5.2258E-02  2.1414E-01  5.2371E-02  4.3526E-01  1.0000E+00
 1.4512E+04  5.2281E-02  2.1258E-01  5.2393E-02  4.3213E-01  1.0000E+00
 1.4623E+04  5.2304E-02  2.1104E-01  5.2415E-02  4.2903E-01  1.0000E+00
 1.4735E+04  5.2327E-02  2.0951E-01  5.2438E-02  4.2595E-01  1.0000E+00
 1.4848E+04  5.2350E-02  2.0798E-01  5.2460E-02  4.2289E-01  1.0000E+00
 1.4962E+04  5.2374E-02  2.0647E-01  5.2483E-02  4.1986E-01  1.0000E+00
 1.5076E+04  5.2398E-02  2.0497E-01  5.2506E-02  4.1685E-01  1.0000E+00
 1.5192E+04  5.2421E-02  2.0348E-01  5.2529E-02  4.1386E-01  1.0000E+00
 1.5308E+04  5.2445E-02  2.0201E-01  5.2552E-02  4.1090E-01  1.0000E+00
 1.5425E+04  5.2470E-02  2.0054E-01  5.2575E-02  4.0796E-01  1.0000E+00
 1.5544E+04  5.2494E-02  1.9909E-01  5.2599E-02  4.0504E-01  1.0000E+00
 1.5663E+04  5.2518E-02  1.9764E-01  5.2623E-02  4.0214E-01  1.0000E+00
 1.5783E+04  5.2543E-02  1.9621E-01  5.2647E-02  3.9927E-01  1.0000E+00
 1.5903E+04  5.2568E-02  1.9479E-01  5.2671E-02  3.9642E-01  1.0000E+00
 1.6025E+04  5.2593E-02  1.9338E-01  5.2695E-02  3.9358E-01  1.0000E+00
 1.6148E+04  5.2618E-02  1.9198E-01  5.2720E-02  3.9077E-01  1.0000E+00
 1.6272E+04  5.2644E-02  1.9059E-01  5.2745E-02  3.8799E-01  1.0000E+00
 1.6396E+04  5.2669E-02  1.8921E-01  5.2770E-02  3.8522E-01  1.0000E+00
 1.6522E+04  5.2695E-02  1.8784E-01  5.2795E-02  3.8247E-01  1.0000E+00
 1.6648E+04  5.2721E-02  1.8648E-01  5.2820E-02  3.7975E-01  1.0000E+00
 1.6776E+04  5.2748E-02  1.8514E-01  5.2846E-02  3.7705E-01  1.0000E+00
 1.6904E+04  5.2774E-02  1.8380E-01  5.2871E-02  3.7436E-01  1.0000E+00
 1.7034E+04  5.2801E-02  1.8247E-01  5.2897E-02  3.7170E-01  1.0000E+00
 1.7164E+04  5.2827E-02  1.8115E-01  5.2923E-02  3.6906E-01  1.0000E+00
 1.7296E+04  5.2854E-02  1.7984E-01  5.2950E-02  3.6643E-01  1.0000E+00
 1.7428E+04  5.2882E-02  1.7855E-01  5.2976E-02  3.6383E-01  1.0000E+00
 1.7562E+04  5.2909E-02  1.7726E-01  5.3003E-02  3.6125E-01  1.0000E+00
 1.7696E+04  5.2937E-02  1.7598E-01  5.3030E-02  3.5869E-01  1.0000E+00
 1.7832E+04  5.2965E-02  1.7471E-01  5.3057E-02  3.5614E-01  1.0000E+00
 1.7968E+04  5.2993E-02  1.7345E-01  5.3085E-02  3.5362E-01  1.0000E+00
 1.8106E+04  5.3021E-02  1.7220E-01  5.3112E-02  3.5111E-01  1.0000E+00
 1.8244E+04  5.3049E-02  1.7097E-01  5.3140E-02  3.4863E-01  1.0000E+00
 1.8384E+04  5.3078E-02  1.6973E-01  5.3168E-02  3.4616E-01  1.0000E+00
 1.8525E+04  5.3107E-02  1.6851E-01  5.3196E-02  3.4371E-01  1.0000E+00
 1.8667E+04  5.3136E-02  1.6730E-01  5.3225E-02  3.4128E-01  1.0000E+00
 1.8810E+04  5.3165E-02  1.6610E-01  5.3254E-02  3.3887E-01  1.0000E+00
 1.8954E+04  5.3195E-02  1.6491E-01  5.3283E-02  3.3648E-01  1.0000E+00
 1.9099E+04  5.3225E-02  1.6372E-01  5.3312E-02  3.3411E-01  1.0000E+00
 1.9245E+04  5.3255E-02  1.6255E-01  5.3341E-02  3.3175E-01  1.0000E+00
 1.9393E+04  5.3285E-02  1.6138E-01  5.3371E-02  3.2941E-01  1.0000E+00
 1.9541E+04  5.3316E-02  1.6022E-01  5.3401E-02  3.2709E-01  1.0000E+00
 1.9691E+04  5.3346E-02  1.5907E-01  5.3431E-02  3.2479E-01  1.0000E+00
 1.9842E+04  5.3377E-02  1.5793E-01  5.3461E-02  3.2250E-01  1.0000E+00
 1.9994E+04  5.3409E-02  1.5680E-01  5.3492E-02  3.2023E-01  1.0000E+00
 2.0147E+04  5.3440E-02  1.5568E-01  5.3523E-02  3.1798E-01  1.0000E+00
 2.0301E+04  5.3472E-02  1.5456E-01  5.3554E-02  3.1575E-01  1.0000E+00
 2.0456E+04  5.3504E-02  1.5346E-01  5.3585E-02  3.1353E-01  1.0000E+00
 2.0613E+04  5.3536E-02  1.5236E-01  5.3617E-02  3.1133E-01  1.0000E+00
 2.0771E+04  5.3568E-02  1.5127E-01  5.3649E-02  3.0915E-01  1.0000E+00
 2.0930E+04  5.3601E-02  1.5019E-01  5.3681E-02  3.0699E-01  1.0000E+00
 2.1090E+04  5.3634E-02  1.4912E-01  5.3713E-02  3.0484E-01  1.0000E+00
 2.1252E+04  5.3667E-02  1.4805E-01  5.3746E-02  3.0270E-01  1.0000E+00
 2.1415E+04  5.3700E-02  1.4700E-01  5.3779E-02  3.0059E-01  1.0000E+00
 2.1579E+04  5.3734E-02  1.4595E-01  5.3812E-02  2.9849E-01  1.0000E+00
 2.1744E+04  5.3768E-02  1.4491E-01  5.3845E-02  2.9640E-01  1.0000E+00
 2.1910E+04  5.3802E-02  1.4387E-01  5.3879E-02  2.9433E-01  1.0000E+00
 2.2078E+04  5.3837E-02  1.4285E-01  5.3913E-02  2.9228E-01  1.0000E+00
 2.2247E+04  5.3871E-02  1.4183E-01  5.3947E-02  2.9024E-01  1.0000E+00
 2.2418E+04  5.3906E-02  1.4082E-01  5.3981E-02  2.8822E-01  1.0000E+00
 2.2589E+04  5.3942E-02  1.3982E-01  5.4016E-02  2.8621E-01  1.0000E+00
 2.2762E+04  5.3977E-02  1.3883E-01  5.4051E-02  2.8422E-01  1.0000E+00
 2.2937E+04  5.4013E-02  1.3784E-01  5.4086E-02  2.8225E-01  1.0000E+00
 2.3112E+04  5.4049E-02  1.3686E-01  5.4122E-02  2.8029E-01  1.0000E+00
 2.3289E+04  5.4085E-02  1.3589E-01  5.4158E-02  2.7834E-01  1.0000E+00
 2.3468E+04  5.4122E-02  1.3492E-01  5.4194E-02  2.7641E-01  1.0000E+00
 2.3647E+04  5.4159E-02  1.3397E-01  5.4231E-02  2.7449E-01  1.0000E+00
 2.3829E+04  5.4196E-02  1.3302E-01  5.4267E-02  2.7259E-01  1.0000E+00
 2.4011E+04  5.4234E-02  1.3207E-01  5.4304E-02  2.7070E-01  1.0000E+00
 2.4195E+04  5.4272E-02  1.3114E-01  5.4342E-02  2.6883E-01  1.0000E+00
 2.4380E+04  5.4310E-02  1.3021E-01  5.4379E-02  2.6697E-01  1.0000E+00
 2.4567E+04  5.4348E-02  1.2929E-01  5.4417E-02  2.6513E-01  1.0000E+00
 2.4755E+04  5.4387E-02  1.2837E-01  5.4455E-02  2.6330E-01  1.0000E+00
 2.4945E+04  5.4426E-02  1.2747E-01  5.4494E-02  2.6148E-01  1.0000E+00
 2.5136E+04  5.4465E-02  1.2657E-01  5.4533E-02  2.5968E-01  1.0000E+00
 2.5328E+04  5.4505E-02  1.2567E-01  5.4572E-02  2.5789E-01  1.0000E+00
 2.5522E+04  5.4545E-02  1.2479E-01  5.4612E-02  2.5612E-01  1.0000E+00
 2.5718E+04  5.4585E-02  1.2391E-01  5.4651E-02  2.5436E-01  1.0000E+00
 2.5915E+04  5.4626E-02  1.2303E-01  5.4691E-02  2.5261E-01  1.0000E+00
 2.6113E+04  5.4667E-02  1.2217E-01  5.4732E-02  2.5087E-01  1.0000E+00
 2.6313E+04  5.4708E-02  1.2131E-01  5.4773E-02  2.4915E-01  1.0000E+00
 2.6515E+04  5.4749E-02  1.2045E-01  5.4814E-02  2.4744E-01  1.0000E+00
 2.6718E+04  5.4791E-02  1.1960E-01  5.4855E-02  2.4575E-01  1.0000E+00
 2.6922E+04  5.4833E-02  1.1876E-01  5.4897E-02  2.4407E-01  1.0000E+00
 2.7128E+04  5.4876E-02  1.1793E-01  5.4939E-02  2.4240E-01  1.0000E+00
 2.7336E+04  5.4919E-02  1.1710E-01  5.4981E-02  2.4074E-01  1.0000E+00
 2.7545E+04  5.4962E-02  1.1628E-01  5.5024E-02  2.3910E-01  1.0000E+00
 2.7756E+04  5.5005E-02  1.1546E-01  5.5067E-02  2.3747E-01  1.0000E+00
 2.7969E+04  5.5049E-02  1.1465E-01  5.5111E-02  2.3585E-01  1.0000E+00
 2.8183E+04  5.5094E-02  1.1385E-01  5.5155E-02  2.3424E-01  1.0000E+00
 2.8399E+04  5.5138E-02  1.1305E-01  5.5199E-02  2.3265E-01  1.0000E+00
 2.8617E+04  5.5183E-02  1.1226E-01  5.5243E-02  2.3107E-01  1.0000E+00
 2.8836E+04  5.5228E-02  1.1148E-01  5.5288E-02  2.2950E-01  1.0000E+00
 2.9056E+04  5.5274E-02  1.1070E-01  5.5333E-02  2.2794E-01  1.0000E+00
 2.9279E+04  5.5320E-02  1.0993E-01  5.5379E-02  2.2639E-01  1.0000E+00
 2.9503E+04  5.5366E-02  1.0916E-01  5.5425E-02  2.2486E-01  1.0000E+00
 2.9729E+04  5.5413E-02  1.0840E-01  5.5471E-02  2.2334E-01  1.0000E+00
 2.9957E+04  5.5460E-02  1.0764E-01  5.5518E-02  2.2182E-01  1.0000E+00
 3.0186E+04  5.5508E-02  1.0689E-01  5.5565E-02  2.2033E-01  1.0000E+00
 3.0417E+04  5.5556E-02  1.0615E-01  5.5613E-02  2.1884E-01  1.0000E+00
 3.0650E+04  5.5604E-02  1.0541E-01  5.5661E-02  2.1736E-01  1.0000E+00
 3.0885E+04  5.5652E-02  1.0468E-01  5.5709E-02  2.1590E-01  1.0000E+00
 3.1122E+04  5.5701E-02  1.0395E-01  5.5757E-02  2.1444E-01  1.0000E+00
 3.1360E+04  5.5751E-02  1.0323E-01  5.5806E-02  2.1300E-01  1.0000E+00
 3.1600E+04  5.5801E-02  1.0251E-01  5.5856E-02  2.1157E-01  1.0000E+00
 3.1842E+04  5.5851E-02  1.0180E-01  5.5906E-02  2.1015E-01  1.0000E+00
 3.2086E+04  5.5902E-02  1.0109E-01  5.5956E-02  2.0874E-01  1.0000E+00
 3.2332E+04  5.5953E-02  1.0039E-01  5.6007E-02  2.0734E-01  1.0000E+00
 3.2579E+04  5.6004E-02  9.9699E-02  5.6058E-02  2.0595E-01  1.0000E+00
 3.2829E+04  5.6056E-02  9.9009E-02  5.6109E-02  2.0457E-01  1.0000E+00
 3.3080E+04  5.6108E-02  9.8325E-02  5.6161E-02  2.0321E-01  1.0000E+00
 3.3334E+04  5.6161E-02  9.7646E-02  5.6213E-02  2.0185E-01  1.0000E+00
 3.3589E+04  5.6214E-02  9.6972E-02  5.6266E-02  2.0050E-01  1.0000E+00
 3.3846E+04  5.6267E-02  9.6303E-02  5.6319E-02  1.9917E-01  1.0000E+00
 3.4105E+04  5.6321E-02  9.5639E-02  5.6373E-02  1.9784E-01  1.0000E+00
 3.4367E+04  5.6376E-02  9.4980E-02  5.6427E-02  1.9653E-01  1.0000E+00
 3.4630E+04  5.6430E-02  9.4327E-02  5.6481E-02  1.9522E-01  1.0000E+00
 3.4895E+04  5.6486E-02  9.3678E-02  5.6536E-02  1.9393E-01  1.0000E+00
 3.5162E+04  5.6541E-02  9.3034E-02  5.6592E-02  1.9264E-01  1.0000E+00
 3.5431E+04  5.6598E-02  9.2395E-02  5.6647E-02  1.9137E-01  1.0000E+00
 3.5703E+04  5.6654E-02  9.1761E-02  5.6704E-02  1.9010E-01  1.0000E+00
 3.5976E+04  5.6711E-02  9.1132E-02  5.6760E-02  1.8884E-01  1.0000E+00
 3.6252E+04  5.6769E-02  9.0508E-02  5.6818E-02  1.8760E-01  1.0000E+00
 3.6529E+04  5.6827E-02  8.9888E-02  5.6875E-02  1.8636E-01  1.0000E+00
 3.6809E+04  5.6885E-02  8.9273E-02  5.6933E-02  1.8513E-01  1.0000E+00
 3.7091E+04  5.6944E-02  8.8662E-02  5.6992E-02  1.8391E-01  1.0000E+00
 3.7375E+04  5.7003E-02  8.8057E-02  5.7051E-02  1.8271E-01  1.0000E+00
 3.7661E+04  5.7063E-02  8.7456E-02  5.7111E-02  1.8151E-01  1.0000E+00
 3.7950E+04  5.7124E-02  8.6859E-02  5.7171E-02  1.8032E-01  1.0000E+00
 3.8240E+04  5.7185E-02  8.6267E-02  5.7231E-02  1.7914E-01  1.0000E+00
 3.8533E+04  5.7246E-02  8.5680E-02  5.7292E-02  1.7796E-01  1.0000E+00
 3.8828E+04  5.7308E-02  8.5097E-02  5.7354E-02  1.7680E-01  1.0000E+00
 3.9126E+04  5.7370E-02  8.4518E-02  5.7416E-02  1.7565E-01  1.0000E+00
 3.9425E+04  5.7433E-02  8.3944E-02  5.7479E-02  1.7450E-01  1.0000E+00
 3.9727E+04  5.7496E-02  8.3374E-02  5.7542E-02  1.7337E-01  1.0000E+00
 4.0032E+04  5.7560E-02  8.2809E-02  5.7605E-02  1.7224E-01  1.0000E+00
 4.0338E+04  5.7625E-02  8.2248E-02  5.7669E-02  1.7112E-01  1.0000E+00
 4.0647E+04  5.7690E-02  8.1691E-02  5.7734E-02  1.7001E-01  1.0000E+00
 4.0958E+04  5.7755E-02  8.1138E-02  5.7799E-02  1.6891E-01  1.0000E+00
 4.1272E+04  5.7821E-02  8.0590E-02  5.7865E-02  1.6782E-01  1.0000E+00
 4.1588E+04  5.7888E-02  8.0046E-02  5.7931E-02  1.6673E-01  1.0000E+00
 4.1907E+04  5.7955E-02  7.9505E-02  5.7998E-02  1.6565E-01  1.0000E+00
 4.2228E+04  5.8022E-02  7.8969E-02  5.8065E-02  1.6459E-01  1.0000E+00
 4.2551E+04  5.8091E-02  7.8437E-02  5.8133E-02  1.6353E-01  1.0000E+00
 4.2877E+04  5.8159E-02  7.7910E-02  5.8202E-02  1.6247E-01  1.0000E+00
 4.3205E+04  5.8229E-02  7.7386E-02  5.8271E-02  1.6143E-01  1.0000E+00
 4.3536E+04  5.8298E-02  7.6866E-02  5.8340E-02  1.6040E-01  1.0000E+00
 4.3869E+04  5.8369E-02  7.6350E-02  5.8410E-02  1.5937E-01  1.0000E+00
 4.4205E+04  5.8440E-02  7.5838E-02  5.8481E-02  1.5835E-01  1.0000E+00
 4.4544E+04  5.8511E-02  7.5330E-02  5.8553E-02  1.5734E-01  1.0000E+00
 4.4885E+04  5.8584E-02  7.4826E-02  5.8625E-02  1.5633E-01  1.0000E+00
 4.5229E+04  5.8656E-02  7.4325E-02  5.8697E-02  1.5534E-01  1.0000E+00
 4.5575E+04  5.8730E-02  7.3829E-02  5.8770E-02  1.5435E-01  1.0000E+00
 4.5924E+04  5.8804E-02  7.3336E-02  5.8844E-02  1.5337E-01  1.0000E+00
 4.6276E+04  5.8878E-02  7.2847E-02  5.8918E-02  1.5239E-01  1.0000E+00
 4.6630E+04  5.8954E-02  7.2362E-02  5.8993E-02  1.5143E-01  1.0000E+00
 4.6987E+04  5.9029E-02  7.1880E-02  5.9069E-02  1.5047E-01  1.0000E+00
 4.7347E+04  5.9106E-02  7.1402E-02  5.9145E-02  1.4952E-01  1.0000E+00
 4.7710E+04  5.9183E-02  7.0928E-02  5.9222E-02  1.4857E-01  1.0000E+00
 4.8075E+04  5.9261E-02  7.0457E-02  5.9299E-02  1.4764E-01  1.0000E+00
 4.8443E+04  5.9339E-02  6.9990E-02  5.9377E-02  1.4671E-01  1.0000E+00
 4.8814E+04  5.9418E-02  6.9526E-02  5.9456E-02  1.4579E-01  1.0000E+00
 4.9188E+04  5.9498E-02  6.9066E-02  5.9536E-02  1.4487E-01  1.0000E+00
 4.9565E+04  5.9578E-02  6.8610E-02  5.9616E-02  1.4397E-01  1.0000E+00
 4.9945E+04  5.9659E-02  6.8157E-02  5.9697E-02  1.4306E-01  1.0000E+00
 5.0327E+04  5.9741E-02  6.7707E-02  5.9778E-02  1.4217E-01  1.0000E+00
 5.0713E+04  5.9823E-02  6.7261E-02  5.9860E-02  1.4128E-01  1.0000E+00
 5.1101E+04  5.9906E-02  6.6818E-02  5.9943E-02  1.4040E-01  1.0000E+00
 5.1492E+04  5.9990E-02  6.6379E-02  6.0026E-02  1.3953E-01  1.0000E+00
 5.1887E+04  6.0074E-02  6.5943E-02  6.0111E-02  1.3867E-01  1.0000E+00
 5.2284E+04  6.0159E-02  6.5510E-02  6.0195E-02  1.3781E-01  1.0000E+00
 5.2684E+04  6.0245E-02  6.5081E-02  6.0281E-02  1.3695E-01  1.0000E+00
 5.3088E+04  6.0332E-02  6.4655E-02  6.0367E-02  1.3611E-01  1.0000E+00
 5.3494E+04  6.0419E-02  6.4232E-02  6.0454E-02  1.3527E-01  1.0000E+00
 5.3904E+04  6.0507E-02  6.3812E-02  6.0542E-02  1.3443E-01  1.0000E+00
 5.4317E+04  6.0596E-02  6.3396E-02  6.0631E-02  1.3361E-01  1.0000E+00
 5.4733E+04  6.0685E-02  6.2983E-02  6.0720E-02  1.3279E-01  1.0000E+00
 5.5152E+04  6.0776E-02  6.2573E-02  6.0810E-02  1.3197E-01  1.0000E+00
 5.5574E+04  6.0867E-02  6.2166E-02  6.0901E-02  1.3117E-01  1.0000E+00
 5.6000E+04  6.0958E-02  6.1762E-02  6.0992E-02  1.3036E-01  1.0000E+00
 5.6429E+04  6.1051E-02  6.1361E-02  6.1085E-02  1.2957E-01  1.0000E+00
 5.6861E+04  6.1144E-02  6.0963E-02  6.1178E-02  1.2878E-01  1.0000E+00
 5.7297E+04  6.1238E-02  6.0569E-02  6.1272E-02  1.2800E-01  1.0000E+00
 5.7735E+04  6.1333E-02  6.0177E-02  6.1366E-02  1.2722E-01  1.0000E+00
 5.8177E+04  6.1429E-02  5.9788E-02  6.1462E-02  1.2645E-01  1.0000E+00
 5.8623E+04  6.1525E-02  5.9402E-02  6.1558E-02  1.2569E-01  1.0000E+00
 5.9072E+04  6.1622E-02  5.9020E-02  6.1655E-02  1.2493E-01  1.0000E+00
 5.9524E+04  6.1720E-02  5.8640E-02  6.1753E-02  1.2418E-01  1.0000E+00
 5.9980E+04  6.1819E-02  5.8263E-02  6.1852E-02  1.2343E-01  1.0000E+00
 6.0440E+04  6.1919E-02  5.7889E-02  6.1951E-02  1.2269E-01  1.0000E+00
 6.0902E+04  6.2020E-02  5.7517E-02  6.2052E-02  1.2195E-01  1.0000E+00
 6.1369E+04  6.2121E-02  5.7149E-02  6.2153E-02  1.2122E-01  1.0000E+00
 6.1839E+04  6.2223E-02  5.6783E-02  6.2255E-02  1.2050E-01  1.0000E+00
 6.2312E+04  6.2327E-02  5.6421E-02  6.2358E-02  1.1978E-01  1.0000E+00
 6.2790E+04  6.2431E-02  5.6061E-02  6.2462E-02  1.1907E-01  1.0000E+00
 6.3270E+04  6.2536E-02  5.5703E-02  6.2567E-02  1.1836E-01  1.0000E+00
 6.3755E+04  6.2641E-02  5.5349E-02  6.2672E-02  1.1766E-01  1.0000E+00
 6.4243E+04  6.2748E-02  5.4997E-02  6.2779E-02  1.1697E-01  1.0000E+00
 6.4735E+04  6.2856E-02  5.4648E-02  6.2886E-02  1.1627E-01  1.0000E+00
 6.5231E+04  6.2964E-02  5.4301E-02  6.2994E-02  1.1559E-01  1.0000E+00
 6.5731E+04  6.3074E-02  5.3958E-02  6.3104E-02  1.1491E-01  1.0000E+00
 6.6234E+04  6.3184E-02  5.3616E-02  6.3214E-02  1.1424E-01  1.0000E+00
 6.6741E+04  6.3295E-02  5.3278E-02  6.3325E-02  1.1357E-01  1.0000E+00
 6.7252E+04  6.3408E-02  5.2942E-02  6.3437E-02  1.1290E-01  1.0000E+00
 6.7767E+04  6.3521E-02  5.2608E-02  6.3550E-02  1.1225E-01  1.0000E+00
 6.8286E+04  6.3635E-02  5.2278E-02  6.3664E-02  1.1159E-01  1.0000E+00
 6.8809E+04  6.3750E-02  5.1949E-02  6.3779E-02  1.1094E-01  1.0000E+00
 6.9336E+04  6.3866E-02  5.1623E-02  6.3895E-02  1.1030E-01  1.0000E+00
 6.9867E+04  6.3984E-02  5.1300E-02  6.4012E-02  1.0966E-01  1.0000E+00
 7.0402E+04  6.4102E-02  5.0979E-02  6.4130E-02  1.0903E-01  1.0000E+00
 7.0942E+04  6.4221E-02  5.0661E-02  6.4249E-02  1.0840E-01  1.0000E+00
 7.1485E+04  6.4341E-02  5.0345E-02  6.4369E-02  1.0778E-01  1.0000E+00
 7.2032E+04  6.4462E-02  5.0031E-02  6.4490E-02  1.0716E-01  1.0000E+00
 7.2584E+04  6.4585E-02  4.9720E-02  6.4612E-02  1.0655E-01  1.0000E+00
 7.3140E+04  6.4708E-02  4.9411E-02  6.4736E-02  1.0594E-01  1.0000E+00
 7.3700E+04  6.4832E-02  4.9105E-02  6.4860E-02  1.0534E-01  1.0000E+00
 7.4264E+04  6.4958E-02  4.8801E-02  6.4985E-02  1.0474E-01  1.0000E+00
 7.4833E+04  6.5084E-02  4.8499E-02  6.5111E-02  1.0414E-01  1.0000E+00
 7.5406E+04  6.5212E-02  4.8200E-02  6.5239E-02  1.0356E-01  1.0000E+00
 7.5984E+04  6.5341E-02  4.7903E-02  6.5367E-02  1.0297E-01  1.0000E+00
 7.6566E+04  6.5470E-02  4.7608E-02  6.5497E-02  1.0239E-01  1.0000E+00
 7.7152E+04  6.5601E-02  4.7315E-02  6.5628E-02  1.0182E-01  1.0000E+00
 7.7743E+04  6.5733E-02  4.7025E-02  6.5760E-02  1.0124E-01  1.0000E+00
 7.8338E+04  6.5867E-02  4.6737E-02  6.5893E-02  1.0068E-01  1.0000E+00
 7.8938E+04  6.6001E-02  4.6451E-02  6.6027E-02  1.0012E-01  1.0000E+00
 7.9543E+04  6.6136E-02  4.6167E-02  6.6162E-02  9.9560E-02  1.0000E+00
 8.0152E+04  6.6273E-02  4.5886E-02  6.6299E-02  9.9007E-02  1.0000E+00
 8.0766E+04  6.6411E-02  4.5606E-02  6.6437E-02  9.8459E-02  1.0000E+00
 8.1384E+04  6.6550E-02  4.5329E-02  6.6576E-02  9.7915E-02  1.0000E+00
 8.2008E+04  6.6690E-02  4.5054E-02  6.6716E-02  9.7375E-02  1.0000E+00
 8.2636E+04  6.6832E-02  4.4781E-02  6.6857E-02  9.6840E-02  1.0000E+00
 8.3268E+04  6.6975E-02  4.4510E-02  6.7000E-02  9.6309E-02  1.0000E+00
 8.3906E+04  6.7119E-02  4.4241E-02  6.7144E-02  9.5782E-02  1.0000E+00
 8.4549E+04  6.7264E-02  4.3974E-02  6.7289E-02  9.5260E-02  1.0000E+00
 8.5196E+04  6.7411E-02  4.3710E-02  6.7435E-02  9.4741E-02  1.0000E+00
 8.5849E+04  6.7558E-02  4.3447E-02  6.7583E-02  9.4227E-02  1.0000E+00
 8.6506E+04  6.7708E-02  4.3186E-02  6.7732E-02  9.3717E-02  1.0000E+00
 8.7169E+04  6.7858E-02  4.2928E-02  6.7882E-02  9.3211E-02  1.0000E+00
 8.7836E+04  6.8010E-02  4.2671E-02  6.8034E-02  9.2709E-02  1.0000E+00
 8.8509E+04  6.8163E-02  4.2416E-02  6.8187E-02  9.2212E-02  1.0000E+00
 8.9187E+04  6.8317E-02  4.2163E-02  6.8341E-02  9.1718E-02  1.0000E+00
 8.9870E+04  6.8473E-02  4.1913E-02  6.8497E-02  9.1228E-02  1.0000E+00
 9.0558E+04  6.8630E-02  4.1664E-02  6.8654E-02  9.0742E-02  1.0000E+00
 9.1252E+04  6.8789E-02  4.1417E-02  6.8812E-02  9.0260E-02  1.0000E+00
 9.1950E+04  6.8948E-02  4.1172E-02  6.8972E-02  8.9782E-02  1.0000E+00
 9.2655E+04  6.9110E-02  4.0929E-02  6.9133E-02  8.9308E-02  1.0000E+00
 9.3364E+04  6.9273E-02  4.0687E-02  6.9296E-02  8.8838E-02  1.0000E+00
 9.4079E+04  6.9437E-02  4.0448E-02  6.9460E-02  8.8372E-02  1.0000E+00
 9.4800E+04  6.9602E-02  4.0210E-02  6.9625E-02  8.7909E-02  1.0000E+00
 9.5526E+04  6.9769E-02  3.9974E-02  6.9792E-02  8.7450E-02  1.0000E+00
 9.6257E+04  6.9938E-02  3.9740E-02  6.9961E-02  8.6995E-02  1.0000E+00
 9.6994E+04  7.0108E-02  3.9508E-02  7.0131E-02  8.6543E-02  1.0000E+00
 9.7737E+04  7.0280E-02  3.9278E-02  7.0302E-02  8.6096E-02  1.0000E+00
 9.8486E+04  7.0453E-02  3.9049E-02  7.0475E-02  8.5652E-02  1.0000E+00
 9.9240E+04  7.0627E-02  3.8822E-02  7.0650E-02  8.5211E-02  1.0000E+00
 1.0000E+05  7.0804E-02  3.8597E-02  7.0826E-02  8.4774E-02  1.0000E+00


