#     0	 1	    4	 5	 1.4700E+02	 1000	1
 4.8978E+01  0.0000E+00  0.0000E+00  0.0000E+00  0.0000E+00  0.0000E+00
 4.9353E+01  0.0000E+00  0.0000E+00  0.0000E+00  0.0000E+00  0.0000E+00
 4.9731E+01  0.0000E+00  0.0000E+00  0.0000E+00  0.0000E+00  0.0000E+00
 5.0112E+01  0.0000E+00  0.0000E+00  0.0000E+00  0.0000E+00  0.0000E+00
 5.0496E+01  0.0000E+00  0.0000E+00  0.0000E+00  0.0000E+00  0.0000E+00
 5.0882E+01  0.0000E+00  0.0000E+00  0.0000E+00  0.0000E+00  0.0000E+00
 5.1272E+01  0.0000E+00  0.0000E+00  0.0000E+00  0.0000E+00  0.0000E+00
 5.1665E+01  0.0000E+00  0.0000E+00  0.0000E+00  0.0000E+00  0.0000E+00
 5.2060E+01  0.0000E+00  0.0000E+00  0.0000E+00  0.0000E+00  0.0000E+00
 5.2459E+01  0.0000E+00  0.0000E+00  0.0000E+00  0.0000E+00  0.0000E+00
 5.2861E+01  0.0000E+00  0.0000E+00  0.0000E+00  0.0000E+00  0.0000E+00
 5.3266E+01  0.0000E+00  0.0000E+00  0.0000E+00  0.0000E+00  0.0000E+00
 5.3673E+01  0.0000E+00  0.0000E+00  0.0000E+00  0.0000E+00  0.0000E+00
 5.4085E+01  0.0000E+00  0.0000E+00  0.0000E+00  0.0000E+00  0.0000E+00
 5.4499E+01  0.0000E+00  0.0000E+00  0.0000E+00  0.0000E+00  0.0000E+00
 5.4916E+01  0.0000E+00  0.0000E+00  0.0000E+00  0.0000E+00  0.0000E+00
 5.5337E+01  0.0000E+00  0.0000E+00  0.0000E+00  0.0000E+00  0.0000E+00
 5.5760E+01  0.0000E+00  0.0000E+00  0.0000E+00  0.0000E+00  0.0000E+00
 5.6187E+01  0.0000E+00  0.0000E+00  0.0000E+00  0.0000E+00  0.0000E+00
 5.6618E+01  0.0000E+00  0.0000E+00  0.0000E+00  0.0000E+00  0.0000E+00
 5.7051E+01  0.0000E+00  0.0000E+00  0.0000E+00  0.0000E+00  0.0000E+00
 5.7488E+01  0.0000E+00  0.0000E+00  0.0000E+00  0.0000E+00  0.0000E+00
 5.7929E+01  0.0000E+00  0.0000E+00  0.0000E+00  0.0000E+00  0.0000E+00
 5.8372E+01  0.0000E+00  0.0000E+00  0.0000E+00  0.0000E+00  0.0000E+00
 5.8819E+01  0.0000E+00  0.0000E+00  0.0000E+00  0.0000E+00  0.0000E+00
 5.9270E+01  0.0000E+00  0.0000E+00  0.0000E+00  0.0000E+00  0.0000E+00
 5.9724E+01  0.0000E+00  0.0000E+00  0.0000E+00  0.0000E+00  0.0000E+00
 6.0181E+01  0.0000E+00  0.0000E+00  0.0000E+00  0.0000E+00  0.0000E+00
 6.0642E+01  0.0000E+00  0.0000E+00  0.0000E+00  0.0000E+00  0.0000E+00
 6.1106E+01  0.0000E+00  0.0000E+00  0.0000E+00  0.0000E+00  0.0000E+00
 6.1574E+01  0.0000E+00  0.0000E+00  0.0000E+00  0.0000E+00  0.0000E+00
 6.2046E+01  0.0000E+00  0.0000E+00  0.0000E+00  0.0000E+00  0.0000E+00
 6.2521E+01  0.0000E+00  0.0000E+00  0.0000E+00  0.0000E+00  0.0000E+00
 6.3000E+01  0.0000E+00  0.0000E+00  0.0000E+00  0.0000E+00  0.0000E+00
 6.3482E+01  0.0000E+00  0.0000E+00  0.0000E+00  0.0000E+00  0.0000E+00
 6.3968E+01  0.0000E+00  0.0000E+00  0.0000E+00  0.0000E+00  0.0000E+00
 6.4458E+01  0.0000E+00  0.0000E+00  0.0000E+00  0.0000E+00  0.0000E+00
 6.4952E+01  0.0000E+00  0.0000E+00  0.0000E+00  0.0000E+00  0.0000E+00
 6.5449E+01  0.0000E+00  0.0000E+00  0.0000E+00  0.0000E+00  0.0000E+00
 6.5951E+01  0.0000E+00  0.0000E+00  0.0000E+00  0.0000E+00  0.0000E+00
 6.6456E+01  0.0000E+00  0.0000E+00  0.0000E+00  0.0000E+00  0.0000E+00
 6.6965E+01  0.0000E+00  0.0000E+00  0.0000E+00  0.0000E+00  0.0000E+00
 6.7478E+01  0.0000E+00  0.0000E+00  0.0000E+00  0.0000E+00  0.0000E+00
 6.7994E+01  0.0000E+00  0.0000E+00  0.0000E+00  0.0000E+00  0.0000E+00
 6.8515E+01  0.0000E+00  0.0000E+00  0.0000E+00  0.0000E+00  0.0000E+00
 6.9040E+01  0.0000E+00  0.0000E+00  0.0000E+00  0.0000E+00  0.0000E+00
 6.9568E+01  0.0000E+00  0.0000E+00  0.0000E+00  0.0000E+00  0.0000E+00
 7.0101E+01  0.0000E+00  0.0000E+00  0.0000E+00  0.0000E+00  0.0000E+00
 7.0638E+01  0.0000E+00  0.0000E+00  0.0000E+00  0.0000E+00  0.0000E+00
 7.1179E+01  0.0000E+00  0.0000E+00  0.0000E+00  0.0000E+00  0.0000E+00
 7.1724E+01  0.0000E+00  0.0000E+00  0.0000E+00  0.0000E+00  0.0000E+00
 7.2273E+01  0.0000E+00  0.0000E+00  0.0000E+00  0.0000E+00  0.0000E+00
 7.2827E+01  0.0000E+00  0.0000E+00  0.0000E+00  0.0000E+00  0.0000E+00
 7.3385E+01  0.0000E+00  0.0000E+00  0.0000E+00  0.0000E+00  0.0000E+00
 7.3947E+01  0.0000E+00  0.0000E+00  0.0000E+00  0.0000E+00  0.0000E+00
 7.4513E+01  0.0000E+00  0.0000E+00  0.0000E+00  0.0000E+00  0.0000E+00
 7.5084E+01  0.0000E+00  0.0000E+00  0.0000E+00  0.0000E+00  0.0000E+00
 7.5659E+01  0.0000E+00  0.0000E+00  0.0000E+00  0.0000E+00  0.0000E+00
 7.6238E+01  0.0000E+00  0.0000E+00  0.0000E+00  0.0000E+00  0.0000E+00
 7.6822E+01  0.0000E+00  0.0000E+00  0.0000E+00  0.0000E+00  0.0000E+00
 7.7410E+01  0.0000E+00  0.0000E+00  0.0000E+00  0.0000E+00  0.0000E+00
 7.8003E+01  0.0000E+00  0.0000E+00  0.0000E+00  0.0000E+00  0.0000E+00
 7.8601E+01  0.0000E+00  0.0000E+00  0.0000E+00  0.0000E+00  0.0000E+00
 7.9202E+01  0.0000E+00  0.0000E+00  0.0000E+00  0.0000E+00  0.0000E+00
 7.9809E+01  0.0000E+00  0.0000E+00  0.0000E+00  0.0000E+00  0.0000E+00
 8.0420E+01  0.0000E+00  0.0000E+00  0.0000E+00  0.0000E+00  0.0000E+00
 8.1036E+01  0.0000E+00  0.0000E+00  0.0000E+00  0.0000E+00  0.0000E+00
 8.1657E+01  0.0000E+00  0.0000E+00  0.0000E+00  0.0000E+00  0.0000E+00
 8.2282E+01  0.0000E+00  0.0000E+00  0.0000E+00  0.0000E+00  0.0000E+00
 8.2912E+01  0.0000E+00  0.0000E+00  0.0000E+00  0.0000E+00  0.0000E+00
 8.3547E+01  0.0000E+00  0.0000E+00  0.0000E+00  0.0000E+00  0.0000E+00
 8.4187E+01  0.0000E+00  0.0000E+00  0.0000E+00  0.0000E+00  0.0000E+00
 8.4832E+01  0.0000E+00  0.0000E+00  0.0000E+00  0.0000E+00  0.0000E+00
 8.5481E+01  0.0000E+00  0.0000E+00  0.0000E+00  0.0000E+00  0.0000E+00
 8.6136E+01  0.0000E+00  0.0000E+00  0.0000E+00  0.0000E+00  0.0000E+00
 8.6796E+01  0.0000E+00  0.0000E+00  0.0000E+00  0.0000E+00  0.0000E+00
 8.7460E+01  0.0000E+00  0.0000E+00  0.0000E+00  0.0000E+00  0.0000E+00
 8.8130E+01  0.0000E+00  0.0000E+00  0.0000E+00  0.0000E+00  0.0000E+00
 8.8805E+01  0.0000E+00  0.0000E+00  0.0000E+00  0.0000E+00  0.0000E+00
 8.9485E+01  0.0000E+00  0.0000E+00  0.0000E+00  0.0000E+00  0.0000E+00
 9.0171E+01  0.0000E+00  0.0000E+00  0.0000E+00  0.0000E+00  0.0000E+00
 9.0861E+01  0.0000E+00  0.0000E+00  0.0000E+00  0.0000E+00  0.0000E+00
 9.1557E+01  0.0000E+00  0.0000E+00  0.0000E+00  0.0000E+00  0.0000E+00
 9.2258E+01  0.0000E+00  0.0000E+00  0.0000E+00  0.0000E+00  0.0000E+00
 9.2965E+01  0.0000E+00  0.0000E+00  0.0000E+00  0.0000E+00  0.0000E+00
 9.3677E+01  0.0000E+00  0.0000E+00  0.0000E+00  0.0000E+00  0.0000E+00
 9.4394E+01  0.0000E+00  0.0000E+00  0.0000E+00  0.0000E+00  0.0000E+00
 9.5117E+01  0.0000E+00  0.0000E+00  0.0000E+00  0.0000E+00  0.0000E+00
 9.5845E+01  0.0000E+00  0.0000E+00  0.0000E+00  0.0000E+00  0.0000E+00
 9.6579E+01  0.0000E+00  0.0000E+00  0.0000E+00  0.0000E+00  0.0000E+00
 9.7319E+01  0.0000E+00  0.0000E+00  0.0000E+00  0.0000E+00  0.0000E+00
 9.8064E+01  0.0000E+00  0.0000E+00  0.0000E+00  0.0000E+00  0.0000E+00
 9.8815E+01  0.0000E+00  0.0000E+00  0.0000E+00  0.0000E+00  0.0000E+00
 9.9572E+01  0.0000E+00  0.0000E+00  0.0000E+00  0.0000E+00  0.0000E+00
 1.0033E+02  0.0000E+00  0.0000E+00  0.0000E+00  0.0000E+00  0.0000E+00
 1.0110E+02  0.0000E+00  0.0000E+00  0.0000E+00  0.0000E+00  0.0000E+00
 1.0188E+02  0.0000E+00  0.0000E+00  0.0000E+00  0.0000E+00  0.0000E+00
 1.0266E+02  0.0000E+00  0.0000E+00  0.0000E+00  0.0000E+00  0.0000E+00
 1.0344E+02  0.0000E+00  0.0000E+00  0.0000E+00  0.0000E+00  0.0000E+00
 1.0424E+02  0.0000E+00  0.0000E+00  0.0000E+00  0.0000E+00  0.0000E+00
 1.0503E+02  0.0000E+00  0.0000E+00  0.0000E+00  0.0000E+00  0.0000E+00
 1.0584E+02  0.0000E+00  0.0000E+00  0.0000E+00  0.0000E+00  0.0000E+00
 1.0665E+02  0.0000E+00  0.0000E+00  0.0000E+00  0.0000E+00  0.0000E+00
 1.0747E+02  0.0000E+00  0.0000E+00  0.0000E+00  0.0000E+00  0.0000E+00
 1.0829E+02  0.0000E+00  0.0000E+00  0.0000E+00  0.0000E+00  0.0000E+00
 1.0912E+02  0.0000E+00  0.0000E+00  0.0000E+00  0.0000E+00  0.0000E+00
 1.0995E+02  0.0000E+00  0.0000E+00  0.0000E+00  0.0000E+00  0.0000E+00
 1.1080E+02  0.0000E+00  0.0000E+00  0.0000E+00  0.0000E+00  0.0000E+00
 1.1164E+02  0.0000E+00  0.0000E+00  0.0000E+00  0.0000E+00  0.0000E+00
 1.1250E+02  0.0000E+00  0.0000E+00  0.0000E+00  0.0000E+00  0.0000E+00
 1.1336E+02  0.0000E+00  0.0000E+00  0.0000E+00  0.0000E+00  0.0000E+00
 1.1423E+02  0.0000E+00  0.0000E+00  0.0000E+00  0.0000E+00  0.0000E+00
 1.1510E+02  0.0000E+00  0.0000E+00  0.0000E+00  0.0000E+00  0.0000E+00
 1.1599E+02  0.0000E+00  0.0000E+00  0.0000E+00  0.0000E+00  0.0000E+00
 1.1687E+02  0.0000E+00  0.0000E+00  0.0000E+00  0.0000E+00  0.0000E+00
 1.1777E+02  0.0000E+00  0.0000E+00  0.0000E+00  0.0000E+00  0.0000E+00
 1.1867E+02  0.0000E+00  0.0000E+00  0.0000E+00  0.0000E+00  0.0000E+00
 1.1958E+02  0.0000E+00  0.0000E+00  0.0000E+00  0.0000E+00  0.0000E+00
 1.2050E+02  0.0000E+00  0.0000E+00  0.0000E+00  0.0000E+00  0.0000E+00
 1.2142E+02  0.0000E+00  0.0000E+00  0.0000E+00  0.0000E+00  0.0000E+00
 1.2235E+02  0.0000E+00  0.0000E+00  0.0000E+00  0.0000E+00  0.0000E+00
 1.2329E+02  0.0000E+00  0.0000E+00  0.0000E+00  0.0000E+00  0.0000E+00
 1.2423E+02  0.0000E+00  0.0000E+00  0.0000E+00  0.0000E+00  0.0000E+00
 1.2518E+02  0.0000E+00  0.0000E+00  0.0000E+00  0.0000E+00  0.0000E+00
 1.2614E+02  0.0000E+00  0.0000E+00  0.0000E+00  0.0000E+00  0.0000E+00
 1.2711E+02  0.0000E+00  0.0000E+00  0.0000E+00  0.0000E+00  0.0000E+00
 1.2808E+02  0.0000E+00  0.0000E+00  0.0000E+00  0.0000E+00  0.0000E+00
 1.2906E+02  0.0000E+00  0.0000E+00  0.0000E+00  0.0000E+00  0.0000E+00
 1.3005E+02  0.0000E+00  0.0000E+00  0.0000E+00  0.0000E+00  0.0000E+00
 1.3104E+02  0.0000E+00  0.0000E+00  0.0000E+00  0.0000E+00  0.0000E+00
 1.3205E+02  0.0000E+00  0.0000E+00  0.0000E+00  0.0000E+00  0.0000E+00
 1.3306E+02  0.0000E+00  0.0000E+00  0.0000E+00  0.0000E+00  0.0000E+00
 1.3408E+02  0.0000E+00  0.0000E+00  0.0000E+00  0.0000E+00  0.0000E+00
 1.3510E+02  0.0000E+00  0.0000E+00  0.0000E+00  0.0000E+00  0.0000E+00
 1.3614E+02  0.0000E+00  0.0000E+00  0.0000E+00  0.0000E+00  0.0000E+00
 1.3718E+02  0.0000E+00  0.0000E+00  0.0000E+00  0.0000E+00  0.0000E+00
 1.3823E+02  0.0000E+00  0.0000E+00  0.0000E+00  0.0000E+00  0.0000E+00
 1.3929E+02  0.0000E+00  0.0000E+00  0.0000E+00  0.0000E+00  0.0000E+00
 1.4036E+02  0.0000E+00  0.0000E+00  0.0000E+00  0.0000E+00  0.0000E+00
 1.4143E+02  0.0000E+00  0.0000E+00  0.0000E+00  0.0000E+00  0.0000E+00
 1.4252E+02  0.0000E+00  0.0000E+00  0.0000E+00  0.0000E+00  0.0000E+00
 1.4361E+02  0.0000E+00  0.0000E+00  0.0000E+00  0.0000E+00  0.0000E+00
 1.4471E+02  0.0000E+00  0.0000E+00  0.0000E+00  0.0000E+00  0.0000E+00
 1.4582E+02  0.0000E+00  0.0000E+00  0.0000E+00  0.0000E+00  0.0000E+00
 1.4693E+02  0.0000E+00  0.0000E+00  0.0000E+00  0.0000E+00  0.0000E+00
 1.4806E+02  7.7508E-02  3.1325E+01  8.4087E-02  6.7921E+01  1.0000E+00
 1.4919E+02  7.7520E-02  3.1092E+01  8.4087E-02  6.7406E+01  1.0000E+00
 1.5033E+02  7.7532E-02  3.0861E+01  8.4087E-02  6.6894E+01  1.0000E+00
 1.5149E+02  7.7545E-02  3.0631E+01  8.4088E-02  6.6387E+01  1.0000E+00
 1.5265E+02  7.7557E-02  3.0403E+01  8.4088E-02  6.5883E+01  1.0000E+00
 1.5381E+02  7.7570E-02  3.0177E+01  8.4088E-02  6.5383E+01  1.0000E+00
 1.5499E+02  7.7582E-02  2.9952E+01  8.4089E-02  6.4887E+01  1.0000E+00
 1.5618E+02  7.7594E-02  2.9729E+01  8.4089E-02  6.4394E+01  1.0000E+00
 1.5738E+02  7.7607E-02  2.9508E+01  8.4090E-02  6.3905E+01  1.0000E+00
 1.5858E+02  7.7620E-02  2.9289E+01  8.4090E-02  6.3420E+01  1.0000E+00
 1.5980E+02  7.7633E-02  2.9071E+01  8.4090E-02  6.2939E+01  1.0000E+00
 1.6102E+02  7.7645E-02  2.8854E+01  8.4091E-02  6.2461E+01  1.0000E+00
 1.6225E+02  7.7658E-02  2.8640E+01  8.4091E-02  6.1987E+01  1.0000E+00
 1.6349E+02  7.7671E-02  2.8427E+01  8.4092E-02  6.1517E+01  1.0000E+00
 1.6475E+02  7.7685E-02  2.8216E+01  8.4092E-02  6.1050E+01  1.0000E+00
 1.6601E+02  7.7698E-02  2.8006E+01  8.4093E-02  6.0587E+01  1.0000E+00
 1.6728E+02  7.7711E-02  2.7798E+01  8.4093E-02  6.0127E+01  1.0000E+00
 1.6856E+02  7.7725E-02  2.7591E+01  8.4093E-02  5.9670E+01  1.0000E+00
 1.6985E+02  7.7738E-02  2.7386E+01  8.4094E-02  5.9217E+01  1.0000E+00
 1.7115E+02  7.7752E-02  2.7183E+01  8.4094E-02  5.8768E+01  1.0000E+00
 1.7246E+02  7.7766E-02  2.6981E+01  8.4095E-02  5.8322E+01  1.0000E+00
 1.7378E+02  7.7780E-02  2.6781E+01  8.4095E-02  5.7879E+01  1.0000E+00
 1.7511E+02  7.7793E-02  2.6582E+01  8.4096E-02  5.7440E+01  1.0000E+00
 1.7646E+02  7.7807E-02  2.6385E+01  8.4096E-02  5.7004E+01  1.0000E+00
 1.7781E+02  7.7822E-02  2.6189E+01  8.4096E-02  5.6571E+01  1.0000E+00
 1.7917E+02  7.7836E-02  2.5995E+01  8.4097E-02  5.6142E+01  1.0000E+00
 1.8054E+02  7.7850E-02  2.5802E+01  8.4097E-02  5.5716E+01  1.0000E+00
 1.8192E+02  7.7864E-02  2.5610E+01  8.4098E-02  5.5293E+01  1.0000E+00
 1.8332E+02  7.7879E-02  2.5420E+01  8.4098E-02  5.4873E+01  1.0000E+00
 1.8472E+02  7.7893E-02  2.5232E+01  8.4099E-02  5.4457E+01  1.0000E+00
 1.8614E+02  7.7908E-02  2.5045E+01  8.4099E-02  5.4044E+01  1.0000E+00
 1.8756E+02  7.7923E-02  2.4859E+01  8.4100E-02  5.3634E+01  1.0000E+00
 1.8900E+02  7.7938E-02  2.4675E+01  8.4100E-02  5.3226E+01  1.0000E+00
 1.9045E+02  7.7953E-02  2.4492E+01  8.4101E-02  5.2822E+01  1.0000E+00
 1.9190E+02  7.7968E-02  2.4310E+01  8.4101E-02  5.2422E+01  1.0000E+00
 1.9337E+02  7.7983E-02  2.4130E+01  8.4102E-02  5.2024E+01  1.0000E+00
 1.9485E+02  7.7998E-02  2.3952E+01  8.4102E-02  5.1629E+01  1.0000E+00
 1.9635E+02  7.8013E-02  2.3774E+01  8.4102E-02  5.1237E+01  1.0000E+00
 1.9785E+02  7.8028E-02  2.3598E+01  8.4103E-02  5.0848E+01  1.0000E+00
 1.9937E+02  7.8044E-02  2.3423E+01  8.4103E-02  5.0462E+01  1.0000E+00
 2.0089E+02  7.8059E-02  2.3250E+01  8.4104E-02  5.0079E+01  1.0000E+00
 2.0243E+02  7.8075E-02  2.3078E+01  8.4104E-02  4.9699E+01  1.0000E+00
 2.0398E+02  7.8091E-02  2.2907E+01  8.4105E-02  4.9322E+01  1.0000E+00
 2.0554E+02  7.8106E-02  2.2737E+01  8.4106E-02  4.8948E+01  1.0000E+00
 2.0712E+02  7.8122E-02  2.2569E+01  8.4106E-02  4.8576E+01  1.0000E+00
 2.0870E+02  7.8138E-02  2.2402E+01  8.4107E-02  4.8207E+01  1.0000E+00
 2.1030E+02  7.8154E-02  2.2236E+01  8.4107E-02  4.7842E+01  1.0000E+00
 2.1191E+02  7.8170E-02  2.2072E+01  8.4108E-02  4.7478E+01  1.0000E+00
 2.1354E+02  7.8186E-02  2.1909E+01  8.4108E-02  4.7118E+01  1.0000E+00
 2.1517E+02  7.8203E-02  2.1747E+01  8.4109E-02  4.6761E+01  1.0000E+00
 2.1682E+02  7.8219E-02  2.1586E+01  8.4109E-02  4.6406E+01  1.0000E+00
 2.1848E+02  7.8236E-02  2.1426E+01  8.4110E-02  4.6053E+01  1.0000E+00
 2.2015E+02  7.8252E-02  2.1268E+01  8.4110E-02  4.5704E+01  1.0000E+00
 2.2184E+02  7.8269E-02  2.1111E+01  8.4111E-02  4.5357E+01  1.0000E+00
 2.2354E+02  7.8285E-02  2.0955E+01  8.4111E-02  4.5013E+01  1.0000E+00
 2.2525E+02  7.8302E-02  2.0800E+01  8.4112E-02  4.4671E+01  1.0000E+00
 2.2697E+02  7.8319E-02  2.0646E+01  8.4113E-02  4.4332E+01  1.0000E+00
 2.2871E+02  7.8336E-02  2.0494E+01  8.4113E-02  4.3996E+01  1.0000E+00
 2.3046E+02  7.8353E-02  2.0342E+01  8.4114E-02  4.3662E+01  1.0000E+00
 2.3223E+02  7.8370E-02  2.0192E+01  8.4114E-02  4.3330E+01  1.0000E+00
 2.3401E+02  7.8387E-02  2.0043E+01  8.4115E-02  4.3002E+01  1.0000E+00
 2.3580E+02  7.8404E-02  1.9895E+01  8.4115E-02  4.2675E+01  1.0000E+00
 2.3761E+02  7.8422E-02  1.9748E+01  8.4116E-02  4.2351E+01  1.0000E+00
 2.3942E+02  7.8439E-02  1.9602E+01  8.4117E-02  4.2030E+01  1.0000E+00
 2.4126E+02  7.8456E-02  1.9457E+01  8.4117E-02  4.1711E+01  1.0000E+00
 2.4311E+02  7.8474E-02  1.9314E+01  8.4118E-02  4.1394E+01  1.0000E+00
 2.4497E+02  7.8492E-02  1.9171E+01  8.4118E-02  4.1080E+01  1.0000E+00
 2.4684E+02  7.8509E-02  1.9030E+01  8.4119E-02  4.0769E+01  1.0000E+00
 2.4873E+02  7.8527E-02  1.8889E+01  8.4120E-02  4.0459E+01  1.0000E+00
 2.5064E+02  7.8545E-02  1.8750E+01  8.4120E-02  4.0152E+01  1.0000E+00
 2.5256E+02  7.8563E-02  1.8612E+01  8.4121E-02  3.9847E+01  1.0000E+00
 2.5449E+02  7.8581E-02  1.8475E+01  8.4122E-02  3.9545E+01  1.0000E+00
 2.5644E+02  7.8599E-02  1.8338E+01  8.4122E-02  3.9245E+01  1.0000E+00
 2.5841E+02  7.8617E-02  1.8203E+01  8.4123E-02  3.8947E+01  1.0000E+00
 2.6038E+02  7.8635E-02  1.8069E+01  8.4124E-02  3.8651E+01  1.0000E+00
 2.6238E+02  7.8653E-02  1.7936E+01  8.4124E-02  3.8358E+01  1.0000E+00
 2.6439E+02  7.8672E-02  1.7804E+01  8.4125E-02  3.8067E+01  1.0000E+00
 2.6641E+02  7.8690E-02  1.7672E+01  8.4126E-02  3.7778E+01  1.0000E+00
 2.6845E+02  7.8709E-02  1.7542E+01  8.4126E-02  3.7491E+01  1.0000E+00
 2.7051E+02  7.8727E-02  1.7413E+01  8.4127E-02  3.7207E+01  1.0000E+00
 2.7258E+02  7.8746E-02  1.7285E+01  8.4128E-02  3.6925E+01  1.0000E+00
 2.7467E+02  7.8765E-02  1.7157E+01  8.4128E-02  3.6644E+01  1.0000E+00
 2.7677E+02  7.8783E-02  1.7031E+01  8.4129E-02  3.6366E+01  1.0000E+00
 2.7889E+02  7.8802E-02  1.6905E+01  8.4130E-02  3.6090E+01  1.0000E+00
 2.8103E+02  7.8821E-02  1.6781E+01  8.4130E-02  3.5816E+01  1.0000E+00
 2.8318E+02  7.8840E-02  1.6657E+01  8.4131E-02  3.5545E+01  1.0000E+00
 2.8535E+02  7.8859E-02  1.6535E+01  8.4132E-02  3.5275E+01  1.0000E+00
 2.8753E+02  7.8878E-02  1.6413E+01  8.4132E-02  3.5007E+01  1.0000E+00
 2.8974E+02  7.8898E-02  1.6292E+01  8.4133E-02  3.4742E+01  1.0000E+00
 2.9195E+02  7.8917E-02  1.6172E+01  8.4134E-02  3.4478E+01  1.0000E+00
 2.9419E+02  7.8936E-02  1.6053E+01  8.4135E-02  3.4216E+01  1.0000E+00
 2.9644E+02  7.8956E-02  1.5935E+01  8.4135E-02  3.3957E+01  1.0000E+00
 2.9871E+02  7.8975E-02  1.5818E+01  8.4136E-02  3.3699E+01  1.0000E+00
 3.0100E+02  7.8995E-02  1.5702E+01  8.4137E-02  3.3443E+01  1.0000E+00
 3.0331E+02  7.9014E-02  1.5586E+01  8.4138E-02  3.3190E+01  1.0000E+00
 3.0563E+02  7.9034E-02  1.5471E+01  8.4138E-02  3.2938E+01  1.0000E+00
 3.0797E+02  7.9054E-02  1.5358E+01  8.4139E-02  3.2688E+01  1.0000E+00
 3.1033E+02  7.9073E-02  1.5245E+01  8.4140E-02  3.2440E+01  1.0000E+00
 3.1271E+02  7.9093E-02  1.5133E+01  8.4141E-02  3.2194E+01  1.0000E+00
 3.1510E+02  7.9113E-02  1.5021E+01  8.4142E-02  3.1949E+01  1.0000E+00
 3.1751E+02  7.9133E-02  1.4911E+01  8.4142E-02  3.1707E+01  1.0000E+00
 3.1994E+02  7.9153E-02  1.4801E+01  8.4143E-02  3.1466E+01  1.0000E+00
 3.2240E+02  7.9173E-02  1.4692E+01  8.4144E-02  3.1228E+01  1.0000E+00
 3.2486E+02  7.9192E-02  1.4584E+01  8.4145E-02  3.0991E+01  1.0000E+00
 3.2735E+02  7.9212E-02  1.4477E+01  8.4146E-02  3.0755E+01  1.0000E+00
 3.2986E+02  7.9232E-02  1.4371E+01  8.4146E-02  3.0522E+01  1.0000E+00
 3.3239E+02  7.9252E-02  1.4265E+01  8.4147E-02  3.0290E+01  1.0000E+00
 3.3493E+02  7.9273E-02  1.4160E+01  8.4148E-02  3.0061E+01  1.0000E+00
 3.3750E+02  7.9293E-02  1.4056E+01  8.4149E-02  2.9833E+01  1.0000E+00
 3.4008E+02  7.9313E-02  1.3953E+01  8.4150E-02  2.9606E+01  1.0000E+00
 3.4268E+02  7.9333E-02  1.3850E+01  8.4151E-02  2.9382E+01  1.0000E+00
 3.4531E+02  7.9353E-02  1.3748E+01  8.4152E-02  2.9159E+01  1.0000E+00
 3.4795E+02  7.9373E-02  1.3647E+01  8.4152E-02  2.8937E+01  1.0000E+00
 3.5062E+02  7.9394E-02  1.3547E+01  8.4153E-02  2.8718E+01  1.0000E+00
 3.5330E+02  7.9414E-02  1.3448E+01  8.4154E-02  2.8500E+01  1.0000E+00
 3.5601E+02  7.9434E-02  1.3349E+01  8.4155E-02  2.8284E+01  1.0000E+00
 3.5874E+02  7.9455E-02  1.3251E+01  8.4156E-02  2.8069E+01  1.0000E+00
 3.6148E+02  7.9475E-02  1.3153E+01  8.4157E-02  2.7856E+01  1.0000E+00
 3.6425E+02  7.9496E-02  1.3057E+01  8.4158E-02  2.7645E+01  1.0000E+00
 3.6704E+02  7.9516E-02  1.2961E+01  8.4159E-02  2.7435E+01  1.0000E+00
 3.6985E+02  7.9536E-02  1.2865E+01  8.4160E-02  2.7227E+01  1.0000E+00
 3.7268E+02  7.9557E-02  1.2771E+01  8.4161E-02  2.7020E+01  1.0000E+00
 3.7554E+02  7.9578E-02  1.2677E+01  8.4161E-02  2.6815E+01  1.0000E+00
 3.7841E+02  7.9598E-02  1.2584E+01  8.4162E-02  2.6612E+01  1.0000E+00
 3.8131E+02  7.9619E-02  1.2492E+01  8.4163E-02  2.6410E+01  1.0000E+00
 3.8423E+02  7.9639E-02  1.2400E+01  8.4164E-02  2.6210E+01  1.0000E+00
 3.8718E+02  7.9660E-02  1.2309E+01  8.4165E-02  2.6011E+01  1.0000E+00
 3.9014E+02  7.9681E-02  1.2218E+01  8.4166E-02  2.5814E+01  1.0000E+00
 3.9313E+02  7.9701E-02  1.2129E+01  8.4167E-02  2.5618E+01  1.0000E+00
 3.9614E+02  7.9722E-02  1.2039E+01  8.4168E-02  2.5423E+01  1.0000E+00
 3.9917E+02  7.9743E-02  1.1951E+01  8.4169E-02  2.5231E+01  1.0000E+00
 4.0223E+02  7.9764E-02  1.1863E+01  8.4170E-02  2.5039E+01  1.0000E+00
 4.0531E+02  7.9784E-02  1.1776E+01  8.4171E-02  2.4849E+01  1.0000E+00
 4.0841E+02  7.9805E-02  1.1690E+01  8.4172E-02  2.4661E+01  1.0000E+00
 4.1154E+02  7.9826E-02  1.1604E+01  8.4173E-02  2.4474E+01  1.0000E+00
 4.1469E+02  7.9847E-02  1.1519E+01  8.4174E-02  2.4288E+01  1.0000E+00
 4.1787E+02  7.9868E-02  1.1434E+01  8.4175E-02  2.4104E+01  1.0000E+00
 4.2107E+02  7.9889E-02  1.1350E+01  8.4176E-02  2.3921E+01  1.0000E+00
 4.2429E+02  7.9910E-02  1.1267E+01  8.4178E-02  2.3739E+01  1.0000E+00
 4.2754E+02  7.9931E-02  1.1184E+01  8.4179E-02  2.3559E+01  1.0000E+00
 4.3082E+02  7.9952E-02  1.1102E+01  8.4180E-02  2.3381E+01  1.0000E+00
 4.3412E+02  7.9973E-02  1.1020E+01  8.4181E-02  2.3203E+01  1.0000E+00
 4.3744E+02  7.9994E-02  1.0939E+01  8.4182E-02  2.3027E+01  1.0000E+00
 4.4079E+02  8.0015E-02  1.0859E+01  8.4183E-02  2.2853E+01  1.0000E+00
 4.4417E+02  8.0036E-02  1.0779E+01  8.4184E-02  2.2679E+01  1.0000E+00
 4.4757E+02  8.0057E-02  1.0700E+01  8.4185E-02  2.2507E+01  1.0000E+00
 4.5100E+02  8.0079E-02  1.0622E+01  8.4186E-02  2.2337E+01  1.0000E+00
 4.5445E+02  8.0100E-02  1.0544E+01  8.4187E-02  2.2167E+01  1.0000E+00
 4.5793E+02  8.0121E-02  1.0466E+01  8.4189E-02  2.1999E+01  1.0000E+00
 4.6144E+02  8.0142E-02  1.0389E+01  8.4190E-02  2.1832E+01  1.0000E+00
 4.6497E+02  8.0163E-02  1.0313E+01  8.4191E-02  2.1667E+01  1.0000E+00
 4.6853E+02  8.0185E-02  1.0238E+01  8.4192E-02  2.1502E+01  1.0000E+00
 4.7212E+02  8.0206E-02  1.0162E+01  8.4193E-02  2.1339E+01  1.0000E+00
 4.7574E+02  8.0227E-02  1.0088E+01  8.4194E-02  2.1177E+01  1.0000E+00
 4.7938E+02  8.0249E-02  1.0014E+01  8.4196E-02  2.1017E+01  1.0000E+00
 4.8305E+02  8.0270E-02  9.9402E+00  8.4197E-02  2.0857E+01  1.0000E+00
 4.8675E+02  8.0291E-02  9.8673E+00  8.4198E-02  2.0699E+01  1.0000E+00
 4.9048E+02  8.0313E-02  9.7949E+00  8.4199E-02  2.0542E+01  1.0000E+00
 4.9424E+02  8.0334E-02  9.7230E+00  8.4201E-02  2.0386E+01  1.0000E+00
 4.9802E+02  8.0356E-02  9.6516E+00  8.4202E-02  2.0232E+01  1.0000E+00
 5.0183E+02  8.0377E-02  9.5808E+00  8.4203E-02  2.0078E+01  1.0000E+00
 5.0568E+02  8.0399E-02  9.5105E+00  8.4204E-02  1.9926E+01  1.0000E+00
 5.0955E+02  8.0420E-02  9.4407E+00  8.4206E-02  1.9775E+01  1.0000E+00
 5.1345E+02  8.0442E-02  9.3714E+00  8.4207E-02  1.9625E+01  1.0000E+00
 5.1738E+02  8.0463E-02  9.3026E+00  8.4208E-02  1.9476E+01  1.0000E+00
 5.2135E+02  8.0485E-02  9.2344E+00  8.4209E-02  1.9329E+01  1.0000E+00
 5.2534E+02  8.0506E-02  9.1666E+00  8.4211E-02  1.9182E+01  1.0000E+00
 5.2936E+02  8.0528E-02  9.0993E+00  8.4212E-02  1.9037E+01  1.0000E+00
 5.3342E+02  8.0549E-02  9.0326E+00  8.4213E-02  1.8892E+01  1.0000E+00
 5.3750E+02  8.0571E-02  8.9663E+00  8.4215E-02  1.8749E+01  1.0000E+00
 5.4162E+02  8.0592E-02  8.9005E+00  8.4216E-02  1.8607E+01  1.0000E+00
 5.4577E+02  8.0614E-02  8.8352E+00  8.4217E-02  1.8466E+01  1.0000E+00
 5.4995E+02  8.0636E-02  8.7703E+00  8.4219E-02  1.8326E+01  1.0000E+00
 5.5416E+02  8.0657E-02  8.7060E+00  8.4220E-02  1.8187E+01  1.0000E+00
 5.5840E+02  8.0679E-02  8.6421E+00  8.4222E-02  1.8049E+01  1.0000E+00
 5.6268E+02  8.0701E-02  8.5787E+00  8.4223E-02  1.7912E+01  1.0000E+00
 5.6699E+02  8.0723E-02  8.5158E+00  8.4224E-02  1.7776E+01  1.0000E+00
 5.7133E+02  8.0744E-02  8.4533E+00  8.4226E-02  1.7641E+01  1.0000E+00
 5.7571E+02  8.0766E-02  8.3912E+00  8.4227E-02  1.7508E+01  1.0000E+00
 5.8011E+02  8.0788E-02  8.3297E+00  8.4229E-02  1.7375E+01  1.0000E+00
 5.8456E+02  8.0809E-02  8.2686E+00  8.4230E-02  1.7243E+01  1.0000E+00
 5.8903E+02  8.0831E-02  8.2079E+00  8.4232E-02  1.7113E+01  1.0000E+00
 5.9354E+02  8.0853E-02  8.1477E+00  8.4233E-02  1.6983E+01  1.0000E+00
 5.9809E+02  8.0875E-02  8.0879E+00  8.4235E-02  1.6854E+01  1.0000E+00
 6.0267E+02  8.0897E-02  8.0285E+00  8.4236E-02  1.6726E+01  1.0000E+00
 6.0729E+02  8.0918E-02  7.9696E+00  8.4238E-02  1.6599E+01  1.0000E+00
 6.1194E+02  8.0940E-02  7.9111E+00  8.4239E-02  1.6474E+01  1.0000E+00
 6.1662E+02  8.0962E-02  7.8531E+00  8.4241E-02  1.6349E+01  1.0000E+00
 6.2135E+02  8.0983E-02  7.7955E+00  8.4242E-02  1.6225E+01  1.0000E+00
 6.2610E+02  8.1005E-02  7.7383E+00  8.4244E-02  1.6102E+01  1.0000E+00
 6.3090E+02  8.1027E-02  7.6815E+00  8.4246E-02  1.5980E+01  1.0000E+00
 6.3573E+02  8.1049E-02  7.6251E+00  8.4247E-02  1.5859E+01  1.0000E+00
 6.4060E+02  8.1070E-02  7.5691E+00  8.4249E-02  1.5738E+01  1.0000E+00
 6.4551E+02  8.1092E-02  7.5136E+00  8.4250E-02  1.5619E+01  1.0000E+00
 6.5045E+02  8.1113E-02  7.4584E+00  8.4252E-02  1.5501E+01  1.0000E+00
 6.5543E+02  8.1135E-02  7.4037E+00  8.4254E-02  1.5383E+01  1.0000E+00
 6.6045E+02  8.1157E-02  7.3493E+00  8.4255E-02  1.5267E+01  1.0000E+00
 6.6551E+02  8.1178E-02  7.2954E+00  8.4257E-02  1.5151E+01  1.0000E+00
 6.7060E+02  8.1200E-02  7.2418E+00  8.4259E-02  1.5036E+01  1.0000E+00
 6.7574E+02  8.1221E-02  7.1886E+00  8.4260E-02  1.4922E+01  1.0000E+00
 6.8092E+02  8.1243E-02  7.1358E+00  8.4262E-02  1.4809E+01  1.0000E+00
 6.8613E+02  8.1264E-02  7.0835E+00  8.4264E-02  1.4697E+01  1.0000E+00
 6.9138E+02  8.1286E-02  7.0314E+00  8.4265E-02  1.4586E+01  1.0000E+00
 6.9668E+02  8.1307E-02  6.9798E+00  8.4267E-02  1.4475E+01  1.0000E+00
 7.0201E+02  8.1329E-02  6.9285E+00  8.4269E-02  1.4365E+01  1.0000E+00
 7.0739E+02  8.1350E-02  6.8777E+00  8.4271E-02  1.4256E+01  1.0000E+00
 7.1281E+02  8.1372E-02  6.8272E+00  8.4273E-02  1.4148E+01  1.0000E+00
 7.1827E+02  8.1393E-02  6.7770E+00  8.4274E-02  1.4041E+01  1.0000E+00
 7.2377E+02  8.1414E-02  6.7272E+00  8.4276E-02  1.3935E+01  1.0000E+00
 7.2931E+02  8.1436E-02  6.6778E+00  8.4278E-02  1.3829E+01  1.0000E+00
 7.3490E+02  8.1457E-02  6.6288E+00  8.4280E-02  1.3724E+01  1.0000E+00
 7.4052E+02  8.1478E-02  6.5801E+00  8.4282E-02  1.3620E+01  1.0000E+00
 7.4620E+02  8.1500E-02  6.5317E+00  8.4284E-02  1.3517E+01  1.0000E+00
 7.5191E+02  8.1521E-02  6.4837E+00  8.4285E-02  1.3415E+01  1.0000E+00
 7.5767E+02  8.1542E-02  6.4361E+00  8.4287E-02  1.3313E+01  1.0000E+00
 7.6347E+02  8.1563E-02  6.3888E+00  8.4289E-02  1.3212E+01  1.0000E+00
 7.6932E+02  8.1584E-02  6.3419E+00  8.4291E-02  1.3112E+01  1.0000E+00
 7.7521E+02  8.1606E-02  6.2953E+00  8.4293E-02  1.3013E+01  1.0000E+00
 7.8115E+02  8.1627E-02  6.2490E+00  8.4295E-02  1.2914E+01  1.0000E+00
 7.8713E+02  8.1648E-02  6.2031E+00  8.4297E-02  1.2816E+01  1.0000E+00
 7.9316E+02  8.1669E-02  6.1575E+00  8.4299E-02  1.2719E+01  1.0000E+00
 7.9923E+02  8.1690E-02  6.1122E+00  8.4301E-02  1.2623E+01  1.0000E+00
 8.0535E+02  8.1711E-02  6.0673E+00  8.4303E-02  1.2527E+01  1.0000E+00
 8.1152E+02  8.1732E-02  6.0227E+00  8.4305E-02  1.2432E+01  1.0000E+00
 8.1774E+02  8.1753E-02  5.9784E+00  8.4307E-02  1.2338E+01  1.0000E+00
 8.2400E+02  8.1774E-02  5.9345E+00  8.4309E-02  1.2245E+01  1.0000E+00
 8.3031E+02  8.1795E-02  5.8908E+00  8.4311E-02  1.2152E+01  1.0000E+00
 8.3667E+02  8.1816E-02  5.8475E+00  8.4313E-02  1.2060E+01  1.0000E+00
 8.4307E+02  8.1837E-02  5.8045E+00  8.4315E-02  1.1969E+01  1.0000E+00
 8.4953E+02  8.1858E-02  5.7618E+00  8.4318E-02  1.1878E+01  1.0000E+00
 8.5604E+02  8.1878E-02  5.7195E+00  8.4320E-02  1.1788E+01  1.0000E+00
 8.6259E+02  8.1899E-02  5.6774E+00  8.4322E-02  1.1699E+01  1.0000E+00
 8.6920E+02  8.1920E-02  5.6357E+00  8.4324E-02  1.1610E+01  1.0000E+00
 8.7586E+02  8.1941E-02  5.5942E+00  8.4326E-02  1.1522E+01  1.0000E+00
 8.8256E+02  8.1961E-02  5.5530E+00  8.4328E-02  1.1435E+01  1.0000E+00
 8.8932E+02  8.1982E-02  5.5122E+00  8.4331E-02  1.1348E+01  1.0000E+00
 8.9613E+02  8.2003E-02  5.4716E+00  8.4333E-02  1.1262E+01  1.0000E+00
 9.0300E+02  8.2023E-02  5.4314E+00  8.4335E-02  1.1177E+01  1.0000E+00
 9.0991E+02  8.2044E-02  5.3914E+00  8.4337E-02  1.1093E+01  1.0000E+00
 9.1688E+02  8.2064E-02  5.3518E+00  8.4340E-02  1.1009E+01  1.0000E+00
 9.2390E+02  8.2085E-02  5.3124E+00  8.4342E-02  1.0925E+01  1.0000E+00
 9.3098E+02  8.2105E-02  5.2733E+00  8.4344E-02  1.0842E+01  1.0000E+00
 9.3811E+02  8.2126E-02  5.2345E+00  8.4347E-02  1.0760E+01  1.0000E+00
 9.4529E+02  8.2146E-02  5.1959E+00  8.4349E-02  1.0679E+01  1.0000E+00
 9.5253E+02  8.2167E-02  5.1577E+00  8.4351E-02  1.0598E+01  1.0000E+00
 9.5983E+02  8.2187E-02  5.1197E+00  8.4354E-02  1.0518E+01  1.0000E+00
 9.6718E+02  8.2207E-02  5.0820E+00  8.4356E-02  1.0438E+01  1.0000E+00
 9.7458E+02  8.2228E-02  5.0446E+00  8.4359E-02  1.0359E+01  1.0000E+00
 9.8205E+02  8.2248E-02  5.0075E+00  8.4361E-02  1.0281E+01  1.0000E+00
 9.8957E+02  8.2268E-02  4.9706E+00  8.4364E-02  1.0203E+01  1.0000E+00
 9.9715E+02  8.2288E-02  4.9340E+00  8.4366E-02  1.0126E+01  1.0000E+00
 1.0048E+03  8.2308E-02  4.8976E+00  8.4369E-02  1.0049E+01  1.0000E+00
 1.0125E+03  8.2328E-02  4.8616E+00  8.4371E-02  9.9730E+00  1.0000E+00
 1.0202E+03  8.2348E-02  4.8258E+00  8.4374E-02  9.8975E+00  1.0000E+00
 1.0280E+03  8.2368E-02  4.7902E+00  8.4376E-02  9.8226E+00  1.0000E+00
 1.0359E+03  8.2388E-02  4.7549E+00  8.4379E-02  9.7483E+00  1.0000E+00
 1.0439E+03  8.2408E-02  4.7199E+00  8.4382E-02  9.6745E+00  1.0000E+00
 1.0518E+03  8.2428E-02  4.6851E+00  8.4384E-02  9.6013E+00  1.0000E+00
 1.0599E+03  8.2448E-02  4.6506E+00  8.4387E-02  9.5286E+00  1.0000E+00
 1.0680E+03  8.2468E-02  4.6163E+00  8.4390E-02  9.4565E+00  1.0000E+00
 1.0762E+03  8.2488E-02  4.5823E+00  8.4392E-02  9.3849E+00  1.0000E+00
 1.0844E+03  8.2507E-02  4.5485E+00  8.4395E-02  9.3139E+00  1.0000E+00
 1.0927E+03  8.2527E-02  4.5150E+00  8.4398E-02  9.2434E+00  1.0000E+00
 1.1011E+03  8.2547E-02  4.4817E+00  8.4400E-02  9.1735E+00  1.0000E+00
 1.1095E+03  8.2566E-02  4.4487E+00  8.4403E-02  9.1041E+00  1.0000E+00
 1.1180E+03  8.2586E-02  4.4159E+00  8.4406E-02  9.0352E+00  1.0000E+00
 1.1266E+03  8.2606E-02  4.3833E+00  8.4409E-02  8.9668E+00  1.0000E+00
 1.1352E+03  8.2625E-02  4.3510E+00  8.4412E-02  8.8990E+00  1.0000E+00
 1.1439E+03  8.2645E-02  4.3189E+00  8.4415E-02  8.8317E+00  1.0000E+00
 1.1527E+03  8.2664E-02  4.2870E+00  8.4417E-02  8.7648E+00  1.0000E+00
 1.1615E+03  8.2683E-02  4.2554E+00  8.4420E-02  8.6985E+00  1.0000E+00
 1.1704E+03  8.2703E-02  4.2240E+00  8.4423E-02  8.6327E+00  1.0000E+00
 1.1794E+03  8.2722E-02  4.1929E+00  8.4426E-02  8.5674E+00  1.0000E+00
 1.1884E+03  8.2741E-02  4.1619E+00  8.4429E-02  8.5026E+00  1.0000E+00
 1.1975E+03  8.2760E-02  4.1312E+00  8.4432E-02  8.4383E+00  1.0000E+00
 1.2067E+03  8.2780E-02  4.1007E+00  8.4435E-02  8.3745E+00  1.0000E+00
 1.2159E+03  8.2799E-02  4.0705E+00  8.4438E-02  8.3111E+00  1.0000E+00
 1.2252E+03  8.2818E-02  4.0404E+00  8.4441E-02  8.2483E+00  1.0000E+00
 1.2346E+03  8.2837E-02  4.0106E+00  8.4444E-02  8.1859E+00  1.0000E+00
 1.2441E+03  8.2856E-02  3.9810E+00  8.4448E-02  8.1240E+00  1.0000E+00
 1.2536E+03  8.2875E-02  3.9516E+00  8.4451E-02  8.0625E+00  1.0000E+00
 1.2632E+03  8.2894E-02  3.9225E+00  8.4454E-02  8.0016E+00  1.0000E+00
 1.2729E+03  8.2913E-02  3.8935E+00  8.4457E-02  7.9411E+00  1.0000E+00
 1.2826E+03  8.2932E-02  3.8648E+00  8.4460E-02  7.8810E+00  1.0000E+00
 1.2924E+03  8.2951E-02  3.8362E+00  8.4464E-02  7.8214E+00  1.0000E+00
 1.3023E+03  8.2970E-02  3.8079E+00  8.4467E-02  7.7623E+00  1.0000E+00
 1.3123E+03  8.2988E-02  3.7798E+00  8.4470E-02  7.7036E+00  1.0000E+00
 1.3224E+03  8.3007E-02  3.7519E+00  8.4473E-02  7.6454E+00  1.0000E+00
 1.3325E+03  8.3026E-02  3.7241E+00  8.4477E-02  7.5876E+00  1.0000E+00
 1.3427E+03  8.3045E-02  3.6966E+00  8.4480E-02  7.5302E+00  1.0000E+00
 1.3530E+03  8.3063E-02  3.6693E+00  8.4483E-02  7.4733E+00  1.0000E+00
 1.3633E+03  8.3082E-02  3.6422E+00  8.4487E-02  7.4168E+00  1.0000E+00
 1.3738E+03  8.3101E-02  3.6153E+00  8.4490E-02  7.3607E+00  1.0000E+00
 1.3843E+03  8.3119E-02  3.5886E+00  8.4494E-02  7.3051E+00  1.0000E+00
 1.3949E+03  8.3138E-02  3.5621E+00  8.4497E-02  7.2499E+00  1.0000E+00
 1.4056E+03  8.3156E-02  3.5358E+00  8.4501E-02  7.1951E+00  1.0000E+00
 1.4164E+03  8.3175E-02  3.5096E+00  8.4504E-02  7.1407E+00  1.0000E+00
 1.4272E+03  8.3193E-02  3.4837E+00  8.4508E-02  7.0867E+00  1.0000E+00
 1.4381E+03  8.3212E-02  3.4579E+00  8.4512E-02  7.0332E+00  1.0000E+00
 1.4491E+03  8.3230E-02  3.4324E+00  8.4515E-02  6.9800E+00  1.0000E+00
 1.4602E+03  8.3248E-02  3.4070E+00  8.4519E-02  6.9273E+00  1.0000E+00
 1.4714E+03  8.3267E-02  3.3818E+00  8.4523E-02  6.8749E+00  1.0000E+00
 1.4827E+03  8.3285E-02  3.3568E+00  8.4526E-02  6.8230E+00  1.0000E+00
 1.4940E+03  8.3303E-02  3.3320E+00  8.4530E-02  6.7714E+00  1.0000E+00
 1.5055E+03  8.3322E-02  3.3074E+00  8.4534E-02  6.7203E+00  1.0000E+00
 1.5170E+03  8.3340E-02  3.2829E+00  8.4538E-02  6.6695E+00  1.0000E+00
 1.5286E+03  8.3358E-02  3.2586E+00  8.4541E-02  6.6191E+00  1.0000E+00
 1.5403E+03  8.3376E-02  3.2345E+00  8.4545E-02  6.5691E+00  1.0000E+00
 1.5521E+03  8.3394E-02  3.2106E+00  8.4549E-02  6.5195E+00  1.0000E+00
 1.5640E+03  8.3412E-02  3.1869E+00  8.4553E-02  6.4703E+00  1.0000E+00
 1.5760E+03  8.3430E-02  3.1633E+00  8.4557E-02  6.4214E+00  1.0000E+00
 1.5881E+03  8.3448E-02  3.1399E+00  8.4561E-02  6.3729E+00  1.0000E+00
 1.6002E+03  8.3466E-02  3.1167E+00  8.4565E-02  6.3248E+00  1.0000E+00
 1.6125E+03  8.3484E-02  3.0936E+00  8.4569E-02  6.2770E+00  1.0000E+00
 1.6248E+03  8.3502E-02  3.0707E+00  8.4573E-02  6.2296E+00  1.0000E+00
 1.6373E+03  8.3520E-02  3.0480E+00  8.4577E-02  6.1825E+00  1.0000E+00
 1.6498E+03  8.3538E-02  3.0255E+00  8.4581E-02  6.1359E+00  1.0000E+00
 1.6625E+03  8.3556E-02  3.0031E+00  8.4586E-02  6.0895E+00  1.0000E+00
 1.6752E+03  8.3574E-02  2.9808E+00  8.4590E-02  6.0436E+00  1.0000E+00
 1.6880E+03  8.3592E-02  2.9588E+00  8.4594E-02  5.9979E+00  1.0000E+00
 1.7009E+03  8.3610E-02  2.9369E+00  8.4598E-02  5.9526E+00  1.0000E+00
 1.7140E+03  8.3627E-02  2.9151E+00  8.4603E-02  5.9077E+00  1.0000E+00
 1.7271E+03  8.3645E-02  2.8936E+00  8.4607E-02  5.8631E+00  1.0000E+00
 1.7403E+03  8.3663E-02  2.8721E+00  8.4611E-02  5.8189E+00  1.0000E+00
 1.7537E+03  8.3681E-02  2.8509E+00  8.4616E-02  5.7749E+00  1.0000E+00
 1.7671E+03  8.3698E-02  2.8298E+00  8.4620E-02  5.7313E+00  1.0000E+00
 1.7806E+03  8.3716E-02  2.8088E+00  8.4625E-02  5.6881E+00  1.0000E+00
 1.7943E+03  8.3734E-02  2.7880E+00  8.4629E-02  5.6452E+00  1.0000E+00
 1.8080E+03  8.3751E-02  2.7674E+00  8.4634E-02  5.6026E+00  1.0000E+00
 1.8218E+03  8.3769E-02  2.7469E+00  8.4638E-02  5.5603E+00  1.0000E+00
 1.8358E+03  8.3786E-02  2.7265E+00  8.4643E-02  5.5183E+00  1.0000E+00
 1.8499E+03  8.3804E-02  2.7064E+00  8.4647E-02  5.4767E+00  1.0000E+00
 1.8640E+03  8.3821E-02  2.6863E+00  8.4652E-02  5.4354E+00  1.0000E+00
 1.8783E+03  8.3839E-02  2.6664E+00  8.4657E-02  5.3944E+00  1.0000E+00
 1.8927E+03  8.3856E-02  2.6467E+00  8.4662E-02  5.3537E+00  1.0000E+00
 1.9072E+03  8.3874E-02  2.6271E+00  8.4666E-02  5.3133E+00  1.0000E+00
 1.9218E+03  8.3891E-02  2.6076E+00  8.4671E-02  5.2732E+00  1.0000E+00
 1.9365E+03  8.3909E-02  2.5883E+00  8.4676E-02  5.2334E+00  1.0000E+00
 1.9513E+03  8.3926E-02  2.5691E+00  8.4681E-02  5.1940E+00  1.0000E+00
 1.9663E+03  8.3943E-02  2.5501E+00  8.4686E-02  5.1548E+00  1.0000E+00
 1.9813E+03  8.3961E-02  2.5312E+00  8.4691E-02  5.1159E+00  1.0000E+00
 1.9965E+03  8.3978E-02  2.5124E+00  8.4696E-02  5.0773E+00  1.0000E+00
 2.0118E+03  8.3995E-02  2.4938E+00  8.4701E-02  5.0390E+00  1.0000E+00
 2.0272E+03  8.4013E-02  2.4753E+00  8.4706E-02  5.0011E+00  1.0000E+00
 2.0427E+03  8.4030E-02  2.4570E+00  8.4711E-02  4.9633E+00  1.0000E+00
 2.0584E+03  8.4047E-02  2.4388E+00  8.4716E-02  4.9259E+00  1.0000E+00
 2.0741E+03  8.4064E-02  2.4207E+00  8.4721E-02  4.8888E+00  1.0000E+00
 2.0900E+03  8.4081E-02  2.4027E+00  8.4727E-02  4.8519E+00  1.0000E+00
 2.1060E+03  8.4099E-02  2.3849E+00  8.4732E-02  4.8154E+00  1.0000E+00
 2.1222E+03  8.4116E-02  2.3672E+00  8.4737E-02  4.7791E+00  1.0000E+00
 2.1384E+03  8.4133E-02  2.3497E+00  8.4743E-02  4.7431E+00  1.0000E+00
 2.1548E+03  8.4150E-02  2.3323E+00  8.4748E-02  4.7073E+00  1.0000E+00
 2.1713E+03  8.4168E-02  2.3150E+00  8.4754E-02  4.6718E+00  1.0000E+00
 2.1879E+03  8.4185E-02  2.2978E+00  8.4759E-02  4.6366E+00  1.0000E+00
 2.2047E+03  8.4202E-02  2.2808E+00  8.4765E-02  4.6017E+00  1.0000E+00
 2.2216E+03  8.4220E-02  2.2639E+00  8.4770E-02  4.5670E+00  1.0000E+00
 2.2386E+03  8.4237E-02  2.2471E+00  8.4776E-02  4.5326E+00  1.0000E+00
 2.2557E+03  8.4254E-02  2.2305E+00  8.4781E-02  4.4985E+00  1.0000E+00
 2.2730E+03  8.4272E-02  2.2139E+00  8.4787E-02  4.4646E+00  1.0000E+00
 2.2904E+03  8.4289E-02  2.1975E+00  8.4793E-02  4.4310E+00  1.0000E+00
 2.3079E+03  8.4307E-02  2.1812E+00  8.4799E-02  4.3976E+00  1.0000E+00
 2.3256E+03  8.4324E-02  2.1651E+00  8.4805E-02  4.3645E+00  1.0000E+00
 2.3434E+03  8.4342E-02  2.1490E+00  8.4810E-02  4.3316E+00  1.0000E+00
 2.3614E+03  8.4359E-02  2.1331E+00  8.4816E-02  4.2990E+00  1.0000E+00
 2.3794E+03  8.4377E-02  2.1173E+00  8.4822E-02  4.2666E+00  1.0000E+00
 2.3977E+03  8.4394E-02  2.1016E+00  8.4828E-02  4.2345E+00  1.0000E+00
 2.4160E+03  8.4412E-02  2.0860E+00  8.4834E-02  4.2026E+00  1.0000E+00
 2.4345E+03  8.4429E-02  2.0706E+00  8.4841E-02  4.1710E+00  1.0000E+00
 2.4532E+03  8.4447E-02  2.0552E+00  8.4847E-02  4.1396E+00  1.0000E+00
 2.4720E+03  8.4465E-02  2.0400E+00  8.4853E-02  4.1084E+00  1.0000E+00
 2.4909E+03  8.4482E-02  2.0249E+00  8.4859E-02  4.0775E+00  1.0000E+00
 2.5100E+03  8.4500E-02  2.0099E+00  8.4865E-02  4.0468E+00  1.0000E+00
 2.5292E+03  8.4518E-02  1.9950E+00  8.4872E-02  4.0163E+00  1.0000E+00
 2.5486E+03  8.4535E-02  1.9802E+00  8.4878E-02  3.9861E+00  1.0000E+00
 2.5681E+03  8.4553E-02  1.9655E+00  8.4885E-02  3.9561E+00  1.0000E+00
 2.5878E+03  8.4571E-02  1.9509E+00  8.4891E-02  3.9264E+00  1.0000E+00
 2.6076E+03  8.4589E-02  1.9365E+00  8.4898E-02  3.8968E+00  1.0000E+00
 2.6275E+03  8.4606E-02  1.9221E+00  8.4904E-02  3.8675E+00  1.0000E+00
 2.6477E+03  8.4624E-02  1.9079E+00  8.4911E-02  3.8384E+00  1.0000E+00
 2.6679E+03  8.4642E-02  1.8937E+00  8.4918E-02  3.8095E+00  1.0000E+00
 2.6884E+03  8.4660E-02  1.8797E+00  8.4924E-02  3.7809E+00  1.0000E+00
 2.7090E+03  8.4678E-02  1.8658E+00  8.4931E-02  3.7525E+00  1.0000E+00
 2.7297E+03  8.4695E-02  1.8519E+00  8.4938E-02  3.7242E+00  1.0000E+00
 2.7506E+03  8.4713E-02  1.8382E+00  8.4945E-02  3.6962E+00  1.0000E+00
 2.7717E+03  8.4731E-02  1.8246E+00  8.4952E-02  3.6685E+00  1.0000E+00
 2.7929E+03  8.4749E-02  1.8111E+00  8.4959E-02  3.6409E+00  1.0000E+00
 2.8143E+03  8.4767E-02  1.7977E+00  8.4966E-02  3.6135E+00  1.0000E+00
 2.8358E+03  8.4785E-02  1.7843E+00  8.4973E-02  3.5863E+00  1.0000E+00
 2.8576E+03  8.4803E-02  1.7711E+00  8.4980E-02  3.5594E+00  1.0000E+00
 2.8794E+03  8.4821E-02  1.7580E+00  8.4988E-02  3.5326E+00  1.0000E+00
 2.9015E+03  8.4839E-02  1.7450E+00  8.4995E-02  3.5061E+00  1.0000E+00
 2.9237E+03  8.4857E-02  1.7320E+00  8.5002E-02  3.4797E+00  1.0000E+00
 2.9461E+03  8.4875E-02  1.7192E+00  8.5010E-02  3.4536E+00  1.0000E+00
 2.9687E+03  8.4893E-02  1.7064E+00  8.5017E-02  3.4277E+00  1.0000E+00
 2.9914E+03  8.4911E-02  1.6938E+00  8.5025E-02  3.4019E+00  1.0000E+00
 3.0143E+03  8.4929E-02  1.6812E+00  8.5032E-02  3.3764E+00  1.0000E+00
 3.0374E+03  8.4947E-02  1.6688E+00  8.5040E-02  3.3510E+00  1.0000E+00
 3.0607E+03  8.4965E-02  1.6564E+00  8.5048E-02  3.3258E+00  1.0000E+00
 3.0841E+03  8.4983E-02  1.6441E+00  8.5055E-02  3.3009E+00  1.0000E+00
 3.1077E+03  8.5001E-02  1.6319E+00  8.5063E-02  3.2761E+00  1.0000E+00
 3.1315E+03  8.5019E-02  1.6199E+00  8.5071E-02  3.2515E+00  1.0000E+00
 3.1555E+03  8.5037E-02  1.6078E+00  8.5079E-02  3.2271E+00  1.0000E+00
 3.1797E+03  8.5056E-02  1.5959E+00  8.5087E-02  3.2028E+00  1.0000E+00
 3.2040E+03  8.5074E-02  1.5841E+00  8.5095E-02  3.1788E+00  1.0000E+00
 3.2286E+03  8.5092E-02  1.5724E+00  8.5103E-02  3.1549E+00  1.0000E+00
 3.2533E+03  8.5110E-02  1.5607E+00  8.5111E-02  3.1313E+00  1.0000E+00
 3.2782E+03  8.5128E-02  1.5491E+00  8.5120E-02  3.1078E+00  1.0000E+00
 3.3033E+03  8.5146E-02  1.5377E+00  8.5128E-02  3.0845E+00  1.0000E+00
 3.3286E+03  8.5165E-02  1.5263E+00  8.5136E-02  3.0613E+00  1.0000E+00
 3.3541E+03  8.5183E-02  1.5149E+00  8.5145E-02  3.0383E+00  1.0000E+00
 3.3798E+03  8.5201E-02  1.5037E+00  8.5153E-02  3.0156E+00  1.0000E+00
 3.4057E+03  8.5219E-02  1.4926E+00  8.5162E-02  2.9929E+00  1.0000E+00
 3.4317E+03  8.5238E-02  1.4815E+00  8.5170E-02  2.9705E+00  1.0000E+00
 3.4580E+03  8.5256E-02  1.4705E+00  8.5179E-02  2.9482E+00  1.0000E+00
 3.4845E+03  8.5274E-02  1.4596E+00  8.5188E-02  2.9261E+00  1.0000E+00
 3.5112E+03  8.5292E-02  1.4488E+00  8.5197E-02  2.9042E+00  1.0000E+00
 3.5381E+03  8.5311E-02  1.4381E+00  8.5206E-02  2.8824E+00  1.0000E+00
 3.5652E+03  8.5329E-02  1.4274E+00  8.5215E-02  2.8608E+00  1.0000E+00
 3.5925E+03  8.5347E-02  1.4168E+00  8.5224E-02  2.8394E+00  1.0000E+00
 3.6200E+03  8.5366E-02  1.4063E+00  8.5233E-02  2.8181E+00  1.0000E+00
 3.6477E+03  8.5384E-02  1.3959E+00  8.5242E-02  2.7970E+00  1.0000E+00
 3.6757E+03  8.5402E-02  1.3855E+00  8.5251E-02  2.7760E+00  1.0000E+00
 3.7038E+03  8.5410E-02  1.3751E+00  8.5261E-02  2.7552E+00  1.0000E+00
 3.7322E+03  8.5419E-02  1.3647E+00  8.5270E-02  2.7346E+00  1.0000E+00
 3.7608E+03  8.5427E-02  1.3545E+00  8.5279E-02  2.7141E+00  1.0000E+00
 3.7896E+03  8.5435E-02  1.3443E+00  8.5289E-02  2.6938E+00  1.0000E+00
 3.8186E+03  8.5444E-02  1.3341E+00  8.5299E-02  2.6736E+00  1.0000E+00
 3.8478E+03  8.5453E-02  1.3241E+00  8.5308E-02  2.6536E+00  1.0000E+00
 3.8773E+03  8.5461E-02  1.3141E+00  8.5318E-02  2.6337E+00  1.0000E+00
 3.9070E+03  8.5470E-02  1.3042E+00  8.5328E-02  2.6140E+00  1.0000E+00
 3.9369E+03  8.5479E-02  1.2944E+00  8.5338E-02  2.5944E+00  1.0000E+00
 3.9671E+03  8.5488E-02  1.2847E+00  8.5348E-02  2.5750E+00  1.0000E+00
 3.9974E+03  8.5497E-02  1.2750E+00  8.5358E-02  2.5558E+00  1.0000E+00
 4.0281E+03  8.5506E-02  1.2654E+00  8.5368E-02  2.5366E+00  1.0000E+00
 4.0589E+03  8.5515E-02  1.2559E+00  8.5378E-02  2.5177E+00  1.0000E+00
 4.0900E+03  8.5524E-02  1.2465E+00  8.5389E-02  2.4988E+00  1.0000E+00
 4.1213E+03  8.5534E-02  1.2371E+00  8.5399E-02  2.4801E+00  1.0000E+00
 4.1529E+03  8.5543E-02  1.2278E+00  8.5409E-02  2.4616E+00  1.0000E+00
 4.1847E+03  8.5553E-02  1.2185E+00  8.5420E-02  2.4432E+00  1.0000E+00
 4.2167E+03  8.5562E-02  1.2094E+00  8.5431E-02  2.4249E+00  1.0000E+00
 4.2490E+03  8.5572E-02  1.2003E+00  8.5441E-02  2.4068E+00  1.0000E+00
 4.2816E+03  8.5582E-02  1.1913E+00  8.5452E-02  2.3888E+00  1.0000E+00
 4.3143E+03  8.5592E-02  1.1823E+00  8.5463E-02  2.3709E+00  1.0000E+00
 4.3474E+03  8.5602E-02  1.1734E+00  8.5474E-02  2.3532E+00  1.0000E+00
 4.3807E+03  8.5612E-02  1.1646E+00  8.5485E-02  2.3356E+00  1.0000E+00
 4.4142E+03  8.5622E-02  1.1559E+00  8.5496E-02  2.3182E+00  1.0000E+00
 4.4480E+03  8.5632E-02  1.1472E+00  8.5507E-02  2.3009E+00  1.0000E+00
 4.4821E+03  8.5643E-02  1.1385E+00  8.5519E-02  2.2837E+00  1.0000E+00
 4.5164E+03  8.5653E-02  1.1300E+00  8.5530E-02  2.2666E+00  1.0000E+00
 4.5510E+03  8.5664E-02  1.1215E+00  8.5541E-02  2.2497E+00  1.0000E+00
 4.5859E+03  8.5674E-02  1.1131E+00  8.5553E-02  2.2329E+00  1.0000E+00
 4.6210E+03  8.5685E-02  1.1047E+00  8.5565E-02  2.2163E+00  1.0000E+00
 4.6564E+03  8.5696E-02  1.0964E+00  8.5576E-02  2.1997E+00  1.0000E+00
 4.6920E+03  8.5707E-02  1.0882E+00  8.5588E-02  2.1833E+00  1.0000E+00
 4.7280E+03  8.5718E-02  1.0800E+00  8.5600E-02  2.1670E+00  1.0000E+00
 4.7642E+03  8.5729E-02  1.0719E+00  8.5612E-02  2.1508E+00  1.0000E+00
 4.8007E+03  8.5740E-02  1.0639E+00  8.5624E-02  2.1348E+00  1.0000E+00
 4.8374E+03  8.5752E-02  1.0559E+00  8.5637E-02  2.1189E+00  1.0000E+00
 4.8745E+03  8.5763E-02  1.0480E+00  8.5649E-02  2.1031E+00  1.0000E+00
 4.9118E+03  8.5775E-02  1.0401E+00  8.5661E-02  2.0874E+00  1.0000E+00
 4.9494E+03  8.5786E-02  1.0323E+00  8.5674E-02  2.0718E+00  1.0000E+00
 4.9873E+03  8.5798E-02  1.0246E+00  8.5686E-02  2.0564E+00  1.0000E+00
 5.0255E+03  8.5810E-02  1.0169E+00  8.5699E-02  2.0411E+00  1.0000E+00
 5.0640E+03  8.5822E-02  1.0093E+00  8.5712E-02  2.0258E+00  1.0000E+00
 5.1028E+03  8.5834E-02  1.0017E+00  8.5725E-02  2.0108E+00  1.0000E+00
 5.1419E+03  8.5846E-02  9.9418E-01  8.5738E-02  1.9958E+00  1.0000E+00
 5.1812E+03  8.5858E-02  9.8672E-01  8.5751E-02  1.9809E+00  1.0000E+00
 5.2209E+03  8.5871E-02  9.7933E-01  8.5764E-02  1.9662E+00  1.0000E+00
 5.2609E+03  8.5883E-02  9.7199E-01  8.5777E-02  1.9515E+00  1.0000E+00
 5.3012E+03  8.5896E-02  9.6470E-01  8.5791E-02  1.9370E+00  1.0000E+00
 5.3418E+03  8.5909E-02  9.5748E-01  8.5804E-02  1.9226E+00  1.0000E+00
 5.3827E+03  8.5921E-02  9.5030E-01  8.5818E-02  1.9083E+00  1.0000E+00
 5.4239E+03  8.5934E-02  9.4318E-01  8.5831E-02  1.8941E+00  1.0000E+00
 5.4655E+03  8.5947E-02  9.3612E-01  8.5845E-02  1.8800E+00  1.0000E+00
 5.5073E+03  8.5961E-02  9.2911E-01  8.5859E-02  1.8660E+00  1.0000E+00
 5.5495E+03  8.5974E-02  9.2215E-01  8.5873E-02  1.8521E+00  1.0000E+00
 5.5920E+03  8.5987E-02  9.1525E-01  8.5887E-02  1.8383E+00  1.0000E+00
 5.6348E+03  8.6001E-02  9.0840E-01  8.5901E-02  1.8247E+00  1.0000E+00
 5.6780E+03  8.6014E-02  9.0160E-01  8.5916E-02  1.8111E+00  1.0000E+00
 5.7215E+03  8.6028E-02  8.9485E-01  8.5930E-02  1.7976E+00  1.0000E+00
 5.7653E+03  8.6042E-02  8.8816E-01  8.5945E-02  1.7843E+00  1.0000E+00
 5.8094E+03  8.6056E-02  8.8151E-01  8.5960E-02  1.7710E+00  1.0000E+00
 5.8539E+03  8.6070E-02  8.7492E-01  8.5974E-02  1.7579E+00  1.0000E+00
 5.8988E+03  8.6084E-02  8.6837E-01  8.5989E-02  1.7448E+00  1.0000E+00
 5.9439E+03  8.6099E-02  8.6188E-01  8.6004E-02  1.7318E+00  1.0000E+00
 5.9895E+03  8.6113E-02  8.5543E-01  8.6019E-02  1.7190E+00  1.0000E+00
 6.0353E+03  8.6128E-02  8.4904E-01  8.6035E-02  1.7062E+00  1.0000E+00
 6.0815E+03  8.6142E-02  8.4269E-01  8.6050E-02  1.6936E+00  1.0000E+00
 6.1281E+03  8.6157E-02  8.3639E-01  8.6066E-02  1.6810E+00  1.0000E+00
 6.1751E+03  8.6172E-02  8.3014E-01  8.6081E-02  1.6685E+00  1.0000E+00
 6.2223E+03  8.6187E-02  8.2394E-01  8.6097E-02  1.6561E+00  1.0000E+00
 6.2700E+03  8.6202E-02  8.1778E-01  8.6113E-02  1.6439E+00  1.0000E+00
 6.3180E+03  8.6218E-02  8.1167E-01  8.6129E-02  1.6317E+00  1.0000E+00
 6.3664E+03  8.6233E-02  8.0561E-01  8.6145E-02  1.6196E+00  1.0000E+00
 6.4152E+03  8.6249E-02  7.9960E-01  8.6161E-02  1.6076E+00  1.0000E+00
 6.4643E+03  8.6264E-02  7.9362E-01  8.6178E-02  1.5956E+00  1.0000E+00
 6.5138E+03  8.6280E-02  7.8770E-01  8.6194E-02  1.5838E+00  1.0000E+00
 6.5637E+03  8.6296E-02  7.8182E-01  8.6211E-02  1.5721E+00  1.0000E+00
 6.6139E+03  8.6312E-02  7.7599E-01  8.6227E-02  1.5604E+00  1.0000E+00
 6.6646E+03  8.6329E-02  7.7019E-01  8.6244E-02  1.5489E+00  1.0000E+00
 6.7156E+03  8.6345E-02  7.6445E-01  8.6261E-02  1.5374E+00  1.0000E+00
 6.7671E+03  8.6361E-02  7.5875E-01  8.6278E-02  1.5260E+00  1.0000E+00
 6.8189E+03  8.6378E-02  7.5309E-01  8.6296E-02  1.5147E+00  1.0000E+00
 6.8711E+03  8.6395E-02  7.4747E-01  8.6313E-02  1.5035E+00  1.0000E+00
 6.9237E+03  8.6412E-02  7.4190E-01  8.6331E-02  1.4924E+00  1.0000E+00
 6.9768E+03  8.6429E-02  7.3637E-01  8.6348E-02  1.4814E+00  1.0000E+00
 7.0302E+03  8.6446E-02  7.3088E-01  8.6366E-02  1.4704E+00  1.0000E+00
 7.0840E+03  8.6463E-02  7.2543E-01  8.6384E-02  1.4595E+00  1.0000E+00
 7.1383E+03  8.6481E-02  7.2002E-01  8.6402E-02  1.4488E+00  1.0000E+00
 7.1929E+03  8.6499E-02  7.1466E-01  8.6420E-02  1.4381E+00  1.0000E+00
 7.2480E+03  8.6516E-02  7.0934E-01  8.6439E-02  1.4274E+00  1.0000E+00
 7.3035E+03  8.6534E-02  7.0405E-01  8.6457E-02  1.4169E+00  1.0000E+00
 7.3595E+03  8.6552E-02  6.9881E-01  8.6476E-02  1.4064E+00  1.0000E+00
 7.4158E+03  8.6571E-02  6.9361E-01  8.6495E-02  1.3960E+00  1.0000E+00
 7.4726E+03  8.6589E-02  6.8844E-01  8.6514E-02  1.3857E+00  1.0000E+00
 7.5299E+03  8.6608E-02  6.8332E-01  8.6533E-02  1.3755E+00  1.0000E+00
 7.5875E+03  8.6626E-02  6.7824E-01  8.6552E-02  1.3653E+00  1.0000E+00
 7.6456E+03  8.6645E-02  6.7319E-01  8.6571E-02  1.3553E+00  1.0000E+00
 7.7042E+03  8.6664E-02  6.6818E-01  8.6591E-02  1.3453E+00  1.0000E+00
 7.7632E+03  8.6683E-02  6.6321E-01  8.6611E-02  1.3354E+00  1.0000E+00
 7.8226E+03  8.6703E-02  6.5828E-01  8.6631E-02  1.3255E+00  1.0000E+00
 7.8825E+03  8.6722E-02  6.5339E-01  8.6651E-02  1.3157E+00  1.0000E+00
 7.9429E+03  8.6742E-02  6.4853E-01  8.6671E-02  1.3060E+00  1.0000E+00
 8.0037E+03  8.6762E-02  6.4371E-01  8.6691E-02  1.2964E+00  1.0000E+00
 8.0650E+03  8.6782E-02  6.3892E-01  8.6712E-02  1.2869E+00  1.0000E+00
 8.1268E+03  8.6802E-02  6.3418E-01  8.6732E-02  1.2774E+00  1.0000E+00
 8.1890E+03  8.6822E-02  6.2947E-01  8.6753E-02  1.2680E+00  1.0000E+00
 8.2518E+03  8.6842E-02  6.2479E-01  8.6774E-02  1.2587E+00  1.0000E+00
 8.3150E+03  8.6863E-02  6.2015E-01  8.6795E-02  1.2494E+00  1.0000E+00
 8.3786E+03  8.6884E-02  6.1555E-01  8.6816E-02  1.2402E+00  1.0000E+00
 8.4428E+03  8.6905E-02  6.1098E-01  8.6838E-02  1.2311E+00  1.0000E+00
 8.5075E+03  8.6926E-02  6.0645E-01  8.6859E-02  1.2220E+00  1.0000E+00
 8.5726E+03  8.6947E-02  6.0195E-01  8.6881E-02  1.2130E+00  1.0000E+00
 8.6383E+03  8.6969E-02  5.9748E-01  8.6903E-02  1.2041E+00  1.0000E+00
 8.7044E+03  8.6990E-02  5.9305E-01  8.6925E-02  1.1953E+00  1.0000E+00
 8.7711E+03  8.7012E-02  5.8865E-01  8.6948E-02  1.1865E+00  1.0000E+00
 8.8383E+03  8.7034E-02  5.8429E-01  8.6970E-02  1.1778E+00  1.0000E+00
 8.9059E+03  8.7056E-02  5.7996E-01  8.6993E-02  1.1691E+00  1.0000E+00
 8.9741E+03  8.7079E-02  5.7566E-01  8.7016E-02  1.1606E+00  1.0000E+00
 9.0429E+03  8.7101E-02  5.7139E-01  8.7039E-02  1.1521E+00  1.0000E+00
 9.1121E+03  8.7124E-02  5.6716E-01  8.7062E-02  1.1436E+00  1.0000E+00
 9.1819E+03  8.7147E-02  5.6296E-01  8.7085E-02  1.1352E+00  1.0000E+00
 9.2522E+03  8.7170E-02  5.5879E-01  8.7109E-02  1.1269E+00  1.0000E+00
 9.3231E+03  8.7193E-02  5.5465E-01  8.7132E-02  1.1186E+00  1.0000E+00
 9.3945E+03  8.7217E-02  5.5055E-01  8.7156E-02  1.1104E+00  1.0000E+00
 9.4664E+03  8.7240E-02  5.4647E-01  8.7180E-02  1.1023E+00  1.0000E+00
 9.5389E+03  8.7264E-02  5.4243E-01  8.7205E-02  1.0942E+00  1.0000E+00
 9.6120E+03  8.7288E-02  5.3842E-01  8.7229E-02  1.0862E+00  1.0000E+00
 9.6856E+03  8.7312E-02  5.3444E-01  8.7254E-02  1.0783E+00  1.0000E+00
 9.7598E+03  8.7337E-02  5.3049E-01  8.7279E-02  1.0704E+00  1.0000E+00
 9.8345E+03  8.7362E-02  5.2656E-01  8.7304E-02  1.0625E+00  1.0000E+00
 9.9098E+03  8.7386E-02  5.2267E-01  8.7329E-02  1.0548E+00  1.0000E+00
 9.9857E+03  8.7411E-02  5.1881E-01  8.7354E-02  1.0471E+00  1.0000E+00
 1.0062E+04  8.7437E-02  5.1498E-01  8.7380E-02  1.0394E+00  1.0000E+00
 1.0139E+04  8.7462E-02  5.1117E-01  8.7406E-02  1.0318E+00  1.0000E+00
 1.0217E+04  8.7488E-02  5.0740E-01  8.7432E-02  1.0243E+00  1.0000E+00
 1.0295E+04  8.7514E-02  5.0365E-01  8.7458E-02  1.0168E+00  1.0000E+00
 1.0374E+04  8.7540E-02  4.9994E-01  8.7485E-02  1.0094E+00  1.0000E+00
 1.0453E+04  8.7566E-02  4.9625E-01  8.7511E-02  1.0020E+00  1.0000E+00
 1.0533E+04  8.7592E-02  4.9259E-01  8.7538E-02  9.9470E-01  1.0000E+00
 1.0614E+04  8.7619E-02  4.8895E-01  8.7565E-02  9.8745E-01  1.0000E+00
 1.0695E+04  8.7646E-02  4.8535E-01  8.7593E-02  9.8025E-01  1.0000E+00
 1.0777E+04  8.7673E-02  4.8177E-01  8.7620E-02  9.7310E-01  1.0000E+00
 1.0860E+04  8.7700E-02  4.7822E-01  8.7648E-02  9.6601E-01  1.0000E+00
 1.0943E+04  8.7728E-02  4.7470E-01  8.7676E-02  9.5898E-01  1.0000E+00
 1.1027E+04  8.7756E-02  4.7120E-01  8.7704E-02  9.5199E-01  1.0000E+00
 1.1111E+04  8.7784E-02  4.6773E-01  8.7732E-02  9.4506E-01  1.0000E+00
 1.1196E+04  8.7812E-02  4.6429E-01  8.7761E-02  9.3819E-01  1.0000E+00
 1.1282E+04  8.7840E-02  4.6087E-01  8.7790E-02  9.3136E-01  1.0000E+00
 1.1369E+04  8.7869E-02  4.5748E-01  8.7819E-02  9.2459E-01  1.0000E+00
 1.1456E+04  8.7898E-02  4.5411E-01  8.7848E-02  9.1787E-01  1.0000E+00
 1.1543E+04  8.7927E-02  4.5077E-01  8.7878E-02  9.1120E-01  1.0000E+00
 1.1632E+04  8.7957E-02  4.4746E-01  8.7907E-02  9.0458E-01  1.0000E+00
 1.1721E+04  8.7986E-02  4.4417E-01  8.7937E-02  8.9801E-01  1.0000E+00
 1.1811E+04  8.8016E-02  4.4090E-01  8.7967E-02  8.9149E-01  1.0000E+00
 1.1901E+04  8.8046E-02  4.3766E-01  8.7998E-02  8.8502E-01  1.0000E+00
 1.1992E+04  8.8076E-02  4.3445E-01  8.8029E-02  8.7860E-01  1.0000E+00
 1.2084E+04  8.8107E-02  4.3126E-01  8.8060E-02  8.7223E-01  1.0000E+00
 1.2177E+04  8.8138E-02  4.2809E-01  8.8091E-02  8.6591E-01  1.0000E+00
 1.2270E+04  8.8169E-02  4.2495E-01  8.8122E-02  8.5963E-01  1.0000E+00
 1.2364E+04  8.8200E-02  4.2183E-01  8.8154E-02  8.5341E-01  1.0000E+00
 1.2458E+04  8.8232E-02  4.1874E-01  8.8186E-02  8.4723E-01  1.0000E+00
 1.2554E+04  8.8264E-02  4.1566E-01  8.8218E-02  8.4110E-01  1.0000E+00
 1.2650E+04  8.8296E-02  4.1262E-01  8.8250E-02  8.3501E-01  1.0000E+00
 1.2747E+04  8.8328E-02  4.0959E-01  8.8283E-02  8.2897E-01  1.0000E+00
 1.2845E+04  8.8361E-02  4.0659E-01  8.8316E-02  8.2298E-01  1.0000E+00
 1.2943E+04  8.8393E-02  4.0361E-01  8.8349E-02  8.1703E-01  1.0000E+00
 1.3042E+04  8.8426E-02  4.0066E-01  8.8382E-02  8.1113E-01  1.0000E+00
 1.3142E+04  8.8460E-02  3.9772E-01  8.8416E-02  8.0527E-01  1.0000E+00
 1.3243E+04  8.8493E-02  3.9481E-01  8.8450E-02  7.9946E-01  1.0000E+00
 1.3344E+04  8.8527E-02  3.9192E-01  8.8484E-02  7.9369E-01  1.0000E+00
 1.3446E+04  8.8562E-02  3.8906E-01  8.8519E-02  7.8796E-01  1.0000E+00
 1.3549E+04  8.8596E-02  3.8621E-01  8.8554E-02  7.8228E-01  1.0000E+00
 1.3653E+04  8.8631E-02  3.8339E-01  8.8589E-02  7.7664E-01  1.0000E+00
 1.3757E+04  8.8666E-02  3.8059E-01  8.8624E-02  7.7105E-01  1.0000E+00
 1.3863E+04  8.8701E-02  3.7781E-01  8.8659E-02  7.6549E-01  1.0000E+00
 1.3969E+04  8.8737E-02  3.7505E-01  8.8695E-02  7.5998E-01  1.0000E+00
 1.4076E+04  8.8773E-02  3.7231E-01  8.8731E-02  7.5451E-01  1.0000E+00
 1.4184E+04  8.8809E-02  3.6959E-01  8.8768E-02  7.4909E-01  1.0000E+00
 1.4292E+04  8.8845E-02  3.6689E-01  8.8805E-02  7.4370E-01  1.0000E+00
 1.4402E+04  8.8882E-02  3.6422E-01  8.8842E-02  7.3836E-01  1.0000E+00
 1.4512E+04  8.8919E-02  3.6156E-01  8.8879E-02  7.3305E-01  1.0000E+00
 1.4623E+04  8.8956E-02  3.5892E-01  8.8917E-02  7.2779E-01  1.0000E+00
 1.4735E+04  8.8994E-02  3.5631E-01  8.8954E-02  7.2257E-01  1.0000E+00
 1.4848E+04  8.9032E-02  3.5371E-01  8.8993E-02  7.1738E-01  1.0000E+00
 1.4962E+04  8.9070E-02  3.5114E-01  8.9031E-02  7.1224E-01  1.0000E+00
 1.5076E+04  8.9108E-02  3.4858E-01  8.9070E-02  7.0713E-01  1.0000E+00
 1.5192E+04  8.9147E-02  3.4604E-01  8.9109E-02  7.0207E-01  1.0000E+00
 1.5308E+04  8.9186E-02  3.4353E-01  8.9148E-02  6.9704E-01  1.0000E+00
 1.5425E+04  8.9226E-02  3.4103E-01  8.9188E-02  6.9205E-01  1.0000E+00
 1.5544E+04  8.9266E-02  3.3855E-01  8.9228E-02  6.8710E-01  1.0000E+00
 1.5663E+04  8.9306E-02  3.3609E-01  8.9269E-02  6.8219E-01  1.0000E+00
 1.5783E+04  8.9346E-02  3.3364E-01  8.9309E-02  6.7731E-01  1.0000E+00
 1.5903E+04  8.9387E-02  3.3122E-01  8.9350E-02  6.7247E-01  1.0000E+00
 1.6025E+04  8.9428E-02  3.2882E-01  8.9392E-02  6.6767E-01  1.0000E+00
 1.6148E+04  8.9469E-02  3.2643E-01  8.9433E-02  6.6290E-01  1.0000E+00
 1.6272E+04  8.9511E-02  3.2406E-01  8.9475E-02  6.5817E-01  1.0000E+00
 1.6396E+04  8.9553E-02  3.2171E-01  8.9517E-02  6.5348E-01  1.0000E+00
 1.6522E+04  8.9595E-02  3.1938E-01  8.9560E-02  6.4882E-01  1.0000E+00
 1.6648E+04  8.9638E-02  3.1706E-01  8.9603E-02  6.4420E-01  1.0000E+00
 1.6776E+04  8.9681E-02  3.1477E-01  8.9646E-02  6.3961E-01  1.0000E+00
 1.6904E+04  8.9725E-02  3.1249E-01  8.9690E-02  6.3506E-01  1.0000E+00
 1.7034E+04  8.9768E-02  3.1022E-01  8.9734E-02  6.3054E-01  1.0000E+00
 1.7164E+04  8.9812E-02  3.0798E-01  8.9778E-02  6.2606E-01  1.0000E+00
 1.7296E+04  8.9857E-02  3.0575E-01  8.9823E-02  6.2161E-01  1.0000E+00
 1.7428E+04  8.9902E-02  3.0354E-01  8.9868E-02  6.1720E-01  1.0000E+00
 1.7562E+04  8.9947E-02  3.0135E-01  8.9913E-02  6.1282E-01  1.0000E+00
 1.7696E+04  8.9992E-02  2.9917E-01  8.9959E-02  6.0847E-01  1.0000E+00
 1.7832E+04  9.0038E-02  2.9701E-01  9.0005E-02  6.0415E-01  1.0000E+00
 1.7968E+04  9.0084E-02  2.9486E-01  9.0052E-02  5.9987E-01  1.0000E+00
 1.8106E+04  9.0131E-02  2.9273E-01  9.0099E-02  5.9562E-01  1.0000E+00
 1.8244E+04  9.0178E-02  2.9062E-01  9.0146E-02  5.9140E-01  1.0000E+00
 1.8384E+04  9.0225E-02  2.8853E-01  9.0194E-02  5.8722E-01  1.0000E+00
 1.8525E+04  9.0273E-02  2.8645E-01  9.0242E-02  5.8307E-01  1.0000E+00
 1.8667E+04  9.0321E-02  2.8438E-01  9.0290E-02  5.7895E-01  1.0000E+00
 1.8810E+04  9.0370E-02  2.8233E-01  9.0339E-02  5.7486E-01  1.0000E+00
 1.8954E+04  9.0419E-02  2.8030E-01  9.0388E-02  5.7080E-01  1.0000E+00
 1.9099E+04  9.0468E-02  2.7828E-01  9.0437E-02  5.6677E-01  1.0000E+00
 1.9245E+04  9.0518E-02  2.7628E-01  9.0487E-02  5.6277E-01  1.0000E+00
 1.9393E+04  9.0568E-02  2.7429E-01  9.0537E-02  5.5881E-01  1.0000E+00
 1.9541E+04  9.0618E-02  2.7232E-01  9.0588E-02  5.5487E-01  1.0000E+00
 1.9691E+04  9.0669E-02  2.7037E-01  9.0639E-02  5.5096E-01  1.0000E+00
 1.9842E+04  9.0721E-02  2.6842E-01  9.0691E-02  5.4709E-01  1.0000E+00
 1.9994E+04  9.0772E-02  2.6650E-01  9.0743E-02  5.4324E-01  1.0000E+00
 2.0147E+04  9.0824E-02  2.6458E-01  9.0795E-02  5.3942E-01  1.0000E+00
 2.0301E+04  9.0877E-02  2.6269E-01  9.0848E-02  5.3563E-01  1.0000E+00
 2.0456E+04  9.0930E-02  2.6080E-01  9.0901E-02  5.3187E-01  1.0000E+00
 2.0613E+04  9.0983E-02  2.5893E-01  9.0955E-02  5.2814E-01  1.0000E+00
 2.0771E+04  9.1037E-02  2.5708E-01  9.1009E-02  5.2444E-01  1.0000E+00
 2.0930E+04  9.1091E-02  2.5524E-01  9.1063E-02  5.2076E-01  1.0000E+00
 2.1090E+04  9.1146E-02  2.5341E-01  9.1118E-02  5.1712E-01  1.0000E+00
 2.1252E+04  9.1201E-02  2.5160E-01  9.1173E-02  5.1350E-01  1.0000E+00
 2.1415E+04  9.1257E-02  2.4980E-01  9.1229E-02  5.0991E-01  1.0000E+00
 2.1579E+04  9.1313E-02  2.4801E-01  9.1285E-02  5.0635E-01  1.0000E+00
 2.1744E+04  9.1369E-02  2.4624E-01  9.1342E-02  5.0281E-01  1.0000E+00
 2.1910E+04  9.1426E-02  2.4448E-01  9.1399E-02  4.9930E-01  1.0000E+00
 2.2078E+04  9.1484E-02  2.4274E-01  9.1457E-02  4.9582E-01  1.0000E+00
 2.2247E+04  9.1541E-02  2.4101E-01  9.1515E-02  4.9236E-01  1.0000E+00
 2.2418E+04  9.1600E-02  2.3929E-01  9.1573E-02  4.8893E-01  1.0000E+00
 2.2589E+04  9.1659E-02  2.3758E-01  9.1632E-02  4.8553E-01  1.0000E+00
 2.2762E+04  9.1718E-02  2.3589E-01  9.1692E-02  4.8215E-01  1.0000E+00
 2.2937E+04  9.1777E-02  2.3421E-01  9.1751E-02  4.7880E-01  1.0000E+00
 2.3112E+04  9.1838E-02  2.3255E-01  9.1812E-02  4.7547E-01  1.0000E+00
 2.3289E+04  9.1898E-02  2.3089E-01  9.1873E-02  4.7217E-01  1.0000E+00
 2.3468E+04  9.1960E-02  2.2925E-01  9.1934E-02  4.6890E-01  1.0000E+00
 2.3647E+04  9.2021E-02  2.2762E-01  9.1996E-02  4.6564E-01  1.0000E+00
 2.3829E+04  9.2083E-02  2.2600E-01  9.2058E-02  4.6242E-01  1.0000E+00
 2.4011E+04  9.2146E-02  2.2440E-01  9.2121E-02  4.5922E-01  1.0000E+00
 2.4195E+04  9.2209E-02  2.2281E-01  9.2184E-02  4.5604E-01  1.0000E+00
 2.4380E+04  9.2273E-02  2.2123E-01  9.2248E-02  4.5289E-01  1.0000E+00
 2.4567E+04  9.2337E-02  2.1966E-01  9.2313E-02  4.4976E-01  1.0000E+00
 2.4755E+04  9.2402E-02  2.1810E-01  9.2377E-02  4.4666E-01  1.0000E+00
 2.4945E+04  9.2467E-02  2.1656E-01  9.2443E-02  4.4357E-01  1.0000E+00
 2.5136E+04  9.2533E-02  2.1503E-01  9.2509E-02  4.4052E-01  1.0000E+00
 2.5328E+04  9.2599E-02  2.1351E-01  9.2575E-02  4.3748E-01  1.0000E+00
 2.5522E+04  9.2666E-02  2.1200E-01  9.2642E-02  4.3447E-01  1.0000E+00
 2.5718E+04  9.2733E-02  2.1050E-01  9.2710E-02  4.3148E-01  1.0000E+00
 2.5915E+04  9.2801E-02  2.0901E-01  9.2778E-02  4.2852E-01  1.0000E+00
 2.6113E+04  9.2869E-02  2.0754E-01  9.2846E-02  4.2558E-01  1.0000E+00
 2.6313E+04  9.2938E-02  2.0608E-01  9.2915E-02  4.2266E-01  1.0000E+00
 2.6515E+04  9.3008E-02  2.0462E-01  9.2985E-02  4.1976E-01  1.0000E+00
 2.6718E+04  9.3078E-02  2.0318E-01  9.3055E-02  4.1688E-01  1.0000E+00
 2.6922E+04  9.3149E-02  2.0175E-01  9.3126E-02  4.1403E-01  1.0000E+00
 2.7128E+04  9.3220E-02  2.0033E-01  9.3198E-02  4.1120E-01  1.0000E+00
 2.7336E+04  9.3292E-02  1.9892E-01  9.3270E-02  4.0839E-01  1.0000E+00
 2.7545E+04  9.3364E-02  1.9753E-01  9.3342E-02  4.0560E-01  1.0000E+00
 2.7756E+04  9.3437E-02  1.9614E-01  9.3415E-02  4.0283E-01  1.0000E+00
 2.7969E+04  9.3511E-02  1.9476E-01  9.3489E-02  4.0009E-01  1.0000E+00
 2.8183E+04  9.3585E-02  1.9339E-01  9.3563E-02  3.9736E-01  1.0000E+00
 2.8399E+04  9.3660E-02  1.9204E-01  9.3638E-02  3.9466E-01  1.0000E+00
 2.8617E+04  9.3735E-02  1.9069E-01  9.3714E-02  3.9197E-01  1.0000E+00
 2.8836E+04  9.3811E-02  1.8936E-01  9.3790E-02  3.8931E-01  1.0000E+00
 2.9056E+04  9.3888E-02  1.8803E-01  9.3867E-02  3.8667E-01  1.0000E+00
 2.9279E+04  9.3965E-02  1.8672E-01  9.3944E-02  3.8405E-01  1.0000E+00
 2.9503E+04  9.4043E-02  1.8541E-01  9.4022E-02  3.8144E-01  1.0000E+00
 2.9729E+04  9.4121E-02  1.8412E-01  9.4101E-02  3.7886E-01  1.0000E+00
 2.9957E+04  9.4200E-02  1.8283E-01  9.4180E-02  3.7630E-01  1.0000E+00
 3.0186E+04  9.4280E-02  1.8156E-01  9.4260E-02  3.7376E-01  1.0000E+00
 3.0417E+04  9.4361E-02  1.8029E-01  9.4340E-02  3.7123E-01  1.0000E+00
 3.0650E+04  9.4442E-02  1.7903E-01  9.4422E-02  3.6873E-01  1.0000E+00
 3.0885E+04  9.4523E-02  1.7779E-01  9.4504E-02  3.6624E-01  1.0000E+00
 3.1122E+04  9.4606E-02  1.7655E-01  9.4586E-02  3.6378E-01  1.0000E+00
 3.1360E+04  9.4689E-02  1.7532E-01  9.4669E-02  3.6133E-01  1.0000E+00
 3.1600E+04  9.4773E-02  1.7410E-01  9.4753E-02  3.5890E-01  1.0000E+00
 3.1842E+04  9.4857E-02  1.7290E-01  9.4838E-02  3.5649E-01  1.0000E+00
 3.2086E+04  9.4942E-02  1.7170E-01  9.4923E-02  3.5410E-01  1.0000E+00
 3.2332E+04  9.5028E-02  1.7051E-01  9.5009E-02  3.5173E-01  1.0000E+00
 3.2579E+04  9.5114E-02  1.6932E-01  9.5095E-02  3.4937E-01  1.0000E+00
 3.2829E+04  9.5202E-02  1.6815E-01  9.5183E-02  3.4703E-01  1.0000E+00
 3.3080E+04  9.5289E-02  1.6699E-01  9.5271E-02  3.4472E-01  1.0000E+00
 3.3334E+04  9.5378E-02  1.6583E-01  9.5359E-02  3.4241E-01  1.0000E+00
 3.3589E+04  9.5467E-02  1.6469E-01  9.5449E-02  3.4013E-01  1.0000E+00
 3.3846E+04  9.5557E-02  1.6355E-01  9.5539E-02  3.3786E-01  1.0000E+00
 3.4105E+04  9.5648E-02  1.6242E-01  9.5630E-02  3.3562E-01  1.0000E+00
 3.4367E+04  9.5740E-02  1.6130E-01  9.5722E-02  3.3338E-01  1.0000E+00
 3.4630E+04  9.5832E-02  1.6019E-01  9.5814E-02  3.3117E-01  1.0000E+00
 3.4895E+04  9.5925E-02  1.5909E-01  9.5907E-02  3.2897E-01  1.0000E+00
 3.5162E+04  9.6019E-02  1.5799E-01  9.6001E-02  3.2679E-01  1.0000E+00
 3.5431E+04  9.6114E-02  1.5691E-01  9.6096E-02  3.2463E-01  1.0000E+00
 3.5703E+04  9.6209E-02  1.5583E-01  9.6191E-02  3.2248E-01  1.0000E+00
 3.5976E+04  9.6305E-02  1.5476E-01  9.6288E-02  3.2035E-01  1.0000E+00
 3.6252E+04  9.6402E-02  1.5370E-01  9.6385E-02  3.1824E-01  1.0000E+00
 3.6529E+04  9.6500E-02  1.5264E-01  9.6482E-02  3.1614E-01  1.0000E+00
 3.6809E+04  9.6598E-02  1.5160E-01  9.6581E-02  3.1406E-01  1.0000E+00
 3.7091E+04  9.6697E-02  1.5056E-01  9.6681E-02  3.1199E-01  1.0000E+00
 3.7375E+04  9.6798E-02  1.4953E-01  9.6781E-02  3.0994E-01  1.0000E+00
 3.7661E+04  9.6899E-02  1.4851E-01  9.6882E-02  3.0791E-01  1.0000E+00
 3.7950E+04  9.7000E-02  1.4749E-01  9.6984E-02  3.0589E-01  1.0000E+00
 3.8240E+04  9.7103E-02  1.4649E-01  9.7086E-02  3.0388E-01  1.0000E+00
 3.8533E+04  9.7206E-02  1.4549E-01  9.7190E-02  3.0190E-01  1.0000E+00
 3.8828E+04  9.7311E-02  1.4450E-01  9.7294E-02  2.9992E-01  1.0000E+00
 3.9126E+04  9.7416E-02  1.4351E-01  9.7400E-02  2.9797E-01  1.0000E+00
 3.9425E+04  9.7522E-02  1.4254E-01  9.7506E-02  2.9602E-01  1.0000E+00
 3.9727E+04  9.7629E-02  1.4157E-01  9.7613E-02  2.9410E-01  1.0000E+00
 4.0032E+04  9.7737E-02  1.4061E-01  9.7721E-02  2.9218E-01  1.0000E+00
 4.0338E+04  9.7845E-02  1.3965E-01  9.7829E-02  2.9029E-01  1.0000E+00
 4.0647E+04  9.7955E-02  1.3871E-01  9.7939E-02  2.8840E-01  1.0000E+00
 4.0958E+04  9.8065E-02  1.3777E-01  9.8050E-02  2.8653E-01  1.0000E+00
 4.1272E+04  9.8177E-02  1.3684E-01  9.8161E-02  2.8468E-01  1.0000E+00
 4.1588E+04  9.8289E-02  1.3591E-01  9.8274E-02  2.8284E-01  1.0000E+00
 4.1907E+04  9.8402E-02  1.3499E-01  9.8387E-02  2.8101E-01  1.0000E+00
 4.2228E+04  9.8516E-02  1.3408E-01  9.8501E-02  2.7920E-01  1.0000E+00
 4.2551E+04  9.8631E-02  1.3318E-01  9.8616E-02  2.7740E-01  1.0000E+00
 4.2877E+04  9.8747E-02  1.3228E-01  9.8732E-02  2.7562E-01  1.0000E+00
 4.3205E+04  9.8864E-02  1.3139E-01  9.8850E-02  2.7385E-01  1.0000E+00
 4.3536E+04  9.8982E-02  1.3051E-01  9.8968E-02  2.7209E-01  1.0000E+00
 4.3869E+04  9.9101E-02  1.2963E-01  9.9087E-02  2.7035E-01  1.0000E+00
 4.4205E+04  9.9221E-02  1.2876E-01  9.9207E-02  2.6862E-01  1.0000E+00
 4.4544E+04  9.9342E-02  1.2790E-01  9.9328E-02  2.6690E-01  1.0000E+00
 4.4885E+04  9.9464E-02  1.2704E-01  9.9450E-02  2.6520E-01  1.0000E+00
 4.5229E+04  9.9587E-02  1.2619E-01  9.9573E-02  2.6351E-01  1.0000E+00
 4.5575E+04  9.9711E-02  1.2535E-01  9.9697E-02  2.6183E-01  1.0000E+00
 4.5924E+04  9.9836E-02  1.2451E-01  9.9822E-02  2.6017E-01  1.0000E+00
 4.6276E+04  9.9962E-02  1.2368E-01  9.9948E-02  2.5852E-01  1.0000E+00
 4.6630E+04  1.0009E-01  1.2285E-01  1.0008E-01  2.5688E-01  1.0000E+00
 4.6987E+04  1.0022E-01  1.2203E-01  1.0020E-01  2.5525E-01  1.0000E+00
 4.7347E+04  1.0035E-01  1.2122E-01  1.0033E-01  2.5364E-01  1.0000E+00
 4.7710E+04  1.0048E-01  1.2042E-01  1.0046E-01  2.5204E-01  1.0000E+00
 4.8075E+04  1.0061E-01  1.1962E-01  1.0059E-01  2.5045E-01  1.0000E+00
 4.8443E+04  1.0074E-01  1.1882E-01  1.0073E-01  2.4888E-01  1.0000E+00
 4.8814E+04  1.0087E-01  1.1803E-01  1.0086E-01  2.4731E-01  1.0000E+00
 4.9188E+04  1.0101E-01  1.1725E-01  1.0100E-01  2.4576E-01  1.0000E+00
 4.9565E+04  1.0114E-01  1.1648E-01  1.0113E-01  2.4422E-01  1.0000E+00
 4.9945E+04  1.0128E-01  1.1571E-01  1.0127E-01  2.4269E-01  1.0000E+00
 5.0327E+04  1.0142E-01  1.1494E-01  1.0141E-01  2.4118E-01  1.0000E+00
 5.0713E+04  1.0156E-01  1.1419E-01  1.0155E-01  2.3967E-01  1.0000E+00
 5.1101E+04  1.0170E-01  1.1343E-01  1.0169E-01  2.3818E-01  1.0000E+00
 5.1492E+04  1.0184E-01  1.1269E-01  1.0183E-01  2.3670E-01  1.0000E+00
 5.1887E+04  1.0198E-01  1.1195E-01  1.0197E-01  2.3523E-01  1.0000E+00
 5.2284E+04  1.0213E-01  1.1121E-01  1.0211E-01  2.3377E-01  1.0000E+00
 5.2684E+04  1.0227E-01  1.1048E-01  1.0226E-01  2.3232E-01  1.0000E+00
 5.3088E+04  1.0242E-01  1.0976E-01  1.0241E-01  2.3089E-01  1.0000E+00
 5.3494E+04  1.0257E-01  1.0904E-01  1.0255E-01  2.2946E-01  1.0000E+00
 5.3904E+04  1.0272E-01  1.0833E-01  1.0270E-01  2.2805E-01  1.0000E+00
 5.4317E+04  1.0287E-01  1.0762E-01  1.0285E-01  2.2665E-01  1.0000E+00
 5.4733E+04  1.0302E-01  1.0692E-01  1.0300E-01  2.2526E-01  1.0000E+00
 5.5152E+04  1.0317E-01  1.0622E-01  1.0316E-01  2.2388E-01  1.0000E+00
 5.5574E+04  1.0332E-01  1.0553E-01  1.0331E-01  2.2251E-01  1.0000E+00
 5.6000E+04  1.0348E-01  1.0484E-01  1.0347E-01  2.2115E-01  1.0000E+00
 5.6429E+04  1.0364E-01  1.0416E-01  1.0362E-01  2.1980E-01  1.0000E+00
 5.6861E+04  1.0379E-01  1.0349E-01  1.0378E-01  2.1846E-01  1.0000E+00
 5.7297E+04  1.0395E-01  1.0282E-01  1.0394E-01  2.1713E-01  1.0000E+00
 5.7735E+04  1.0411E-01  1.0215E-01  1.0410E-01  2.1582E-01  1.0000E+00
 5.8177E+04  1.0427E-01  1.0149E-01  1.0426E-01  2.1451E-01  1.0000E+00
 5.8623E+04  1.0444E-01  1.0083E-01  1.0443E-01  2.1321E-01  1.0000E+00
 5.9072E+04  1.0460E-01  1.0018E-01  1.0459E-01  2.1193E-01  1.0000E+00
 5.9524E+04  1.0477E-01  9.9539E-02  1.0476E-01  2.1065E-01  1.0000E+00
 5.9980E+04  1.0494E-01  9.8898E-02  1.0492E-01  2.0938E-01  1.0000E+00
 6.0440E+04  1.0510E-01  9.8263E-02  1.0509E-01  2.0813E-01  1.0000E+00
 6.0902E+04  1.0527E-01  9.7632E-02  1.0526E-01  2.0688E-01  1.0000E+00
 6.1369E+04  1.0545E-01  9.7007E-02  1.0544E-01  2.0564E-01  1.0000E+00
 6.1839E+04  1.0562E-01  9.6386E-02  1.0561E-01  2.0441E-01  1.0000E+00
 6.2312E+04  1.0579E-01  9.5769E-02  1.0578E-01  2.0320E-01  1.0000E+00
 6.2790E+04  1.0597E-01  9.5158E-02  1.0596E-01  2.0199E-01  1.0000E+00
 6.3270E+04  1.0615E-01  9.4551E-02  1.0614E-01  2.0079E-01  1.0000E+00
 6.3755E+04  1.0633E-01  9.3949E-02  1.0632E-01  1.9960E-01  1.0000E+00
 6.4243E+04  1.0651E-01  9.3351E-02  1.0650E-01  1.9842E-01  1.0000E+00
 6.4735E+04  1.0669E-01  9.2758E-02  1.0668E-01  1.9725E-01  1.0000E+00
 6.5231E+04  1.0687E-01  9.2170E-02  1.0686E-01  1.9608E-01  1.0000E+00
 6.5731E+04  1.0706E-01  9.1586E-02  1.0705E-01  1.9493E-01  1.0000E+00
 6.6234E+04  1.0725E-01  9.1006E-02  1.0724E-01  1.9379E-01  1.0000E+00
 6.6741E+04  1.0743E-01  9.0431E-02  1.0742E-01  1.9265E-01  1.0000E+00
 6.7252E+04  1.0762E-01  8.9860E-02  1.0761E-01  1.9153E-01  1.0000E+00
 6.7767E+04  1.0782E-01  8.9294E-02  1.0781E-01  1.9041E-01  1.0000E+00
 6.8286E+04  1.0801E-01  8.8732E-02  1.0800E-01  1.8930E-01  1.0000E+00
 6.8809E+04  1.0820E-01  8.8174E-02  1.0819E-01  1.8820E-01  1.0000E+00
 6.9336E+04  1.0840E-01  8.7621E-02  1.0839E-01  1.8711E-01  1.0000E+00
 6.9867E+04  1.0860E-01  8.7072E-02  1.0859E-01  1.8603E-01  1.0000E+00
 7.0402E+04  1.0880E-01  8.6527E-02  1.0879E-01  1.8496E-01  1.0000E+00
 7.0942E+04  1.0900E-01  8.5986E-02  1.0899E-01  1.8389E-01  1.0000E+00
 7.1485E+04  1.0920E-01  8.5449E-02  1.0920E-01  1.8284E-01  1.0000E+00
 7.2032E+04  1.0941E-01  8.4917E-02  1.0940E-01  1.8179E-01  1.0000E+00
 7.2584E+04  1.0962E-01  8.4388E-02  1.0961E-01  1.8075E-01  1.0000E+00
 7.3140E+04  1.0983E-01  8.3864E-02  1.0982E-01  1.7972E-01  1.0000E+00
 7.3700E+04  1.1004E-01  8.3344E-02  1.1003E-01  1.7869E-01  1.0000E+00
 7.4264E+04  1.1025E-01  8.2827E-02  1.1024E-01  1.7768E-01  1.0000E+00
 7.4833E+04  1.1046E-01  8.2315E-02  1.1045E-01  1.7667E-01  1.0000E+00
 7.5406E+04  1.1068E-01  8.1806E-02  1.1067E-01  1.7567E-01  1.0000E+00
 7.5984E+04  1.1090E-01  8.1302E-02  1.1089E-01  1.7468E-01  1.0000E+00
 7.6566E+04  1.1112E-01  8.0801E-02  1.1111E-01  1.7369E-01  1.0000E+00
 7.7152E+04  1.1134E-01  8.0304E-02  1.1133E-01  1.7272E-01  1.0000E+00
 7.7743E+04  1.1156E-01  7.9811E-02  1.1155E-01  1.7175E-01  1.0000E+00
 7.8338E+04  1.1179E-01  7.9322E-02  1.1178E-01  1.7079E-01  1.0000E+00
 7.8938E+04  1.1202E-01  7.8836E-02  1.1201E-01  1.6984E-01  1.0000E+00
 7.9543E+04  1.1225E-01  7.8354E-02  1.1224E-01  1.6889E-01  1.0000E+00
 8.0152E+04  1.1248E-01  7.7876E-02  1.1247E-01  1.6795E-01  1.0000E+00
 8.0766E+04  1.1271E-01  7.7402E-02  1.1270E-01  1.6702E-01  1.0000E+00
 8.1384E+04  1.1295E-01  7.6931E-02  1.1294E-01  1.6610E-01  1.0000E+00
 8.2008E+04  1.1318E-01  7.6464E-02  1.1318E-01  1.6519E-01  1.0000E+00
 8.2636E+04  1.1342E-01  7.6000E-02  1.1342E-01  1.6428E-01  1.0000E+00
 8.3268E+04  1.1367E-01  7.5540E-02  1.1366E-01  1.6338E-01  1.0000E+00
 8.3906E+04  1.1391E-01  7.5084E-02  1.1390E-01  1.6248E-01  1.0000E+00
 8.4549E+04  1.1416E-01  7.4631E-02  1.1415E-01  1.6160E-01  1.0000E+00
 8.5196E+04  1.1441E-01  7.4181E-02  1.1440E-01  1.6072E-01  1.0000E+00
 8.5849E+04  1.1466E-01  7.3735E-02  1.1465E-01  1.5985E-01  1.0000E+00
 8.6506E+04  1.1491E-01  7.3293E-02  1.1490E-01  1.5898E-01  1.0000E+00
 8.7169E+04  1.1516E-01  7.2853E-02  1.1515E-01  1.5812E-01  1.0000E+00
 8.7836E+04  1.1542E-01  7.2417E-02  1.1541E-01  1.5727E-01  1.0000E+00
 8.8509E+04  1.1568E-01  7.1985E-02  1.1567E-01  1.5643E-01  1.0000E+00
 8.9187E+04  1.1594E-01  7.1556E-02  1.1593E-01  1.5559E-01  1.0000E+00
 8.9870E+04  1.1621E-01  7.1130E-02  1.1620E-01  1.5476E-01  1.0000E+00
 9.0558E+04  1.1647E-01  7.0707E-02  1.1646E-01  1.5393E-01  1.0000E+00
 9.1252E+04  1.1674E-01  7.0288E-02  1.1673E-01  1.5312E-01  1.0000E+00
 9.1950E+04  1.1701E-01  6.9872E-02  1.1700E-01  1.5231E-01  1.0000E+00
 9.2655E+04  1.1728E-01  6.9459E-02  1.1728E-01  1.5150E-01  1.0000E+00
 9.3364E+04  1.1756E-01  6.9049E-02  1.1755E-01  1.5070E-01  1.0000E+00
 9.4079E+04  1.1784E-01  6.8643E-02  1.1783E-01  1.4991E-01  1.0000E+00
 9.4800E+04  1.1812E-01  6.8239E-02  1.1811E-01  1.4913E-01  1.0000E+00
 9.5526E+04  1.1840E-01  6.7839E-02  1.1839E-01  1.4835E-01  1.0000E+00
 9.6257E+04  1.1869E-01  6.7441E-02  1.1868E-01  1.4758E-01  1.0000E+00
 9.6994E+04  1.1898E-01  6.7047E-02  1.1897E-01  1.4681E-01  1.0000E+00
 9.7737E+04  1.1927E-01  6.6656E-02  1.1926E-01  1.4605E-01  1.0000E+00
 9.8486E+04  1.1956E-01  6.6268E-02  1.1955E-01  1.4530E-01  1.0000E+00
 9.9240E+04  1.1986E-01  6.5883E-02  1.1985E-01  1.4455E-01  1.0000E+00
 1.0000E+05  1.2016E-01  6.5501E-02  1.2015E-01  1.4381E-01  1.0000E+00


