#     0	 1	   14	 5	 8.2854E+02	 1000	1
 4.8978E+01  0.0000E+00  0.0000E+00  0.0000E+00  0.0000E+00  0.0000E+00
 4.9353E+01  0.0000E+00  0.0000E+00  0.0000E+00  0.0000E+00  0.0000E+00
 4.9731E+01  0.0000E+00  0.0000E+00  0.0000E+00  0.0000E+00  0.0000E+00
 5.0112E+01  0.0000E+00  0.0000E+00  0.0000E+00  0.0000E+00  0.0000E+00
 5.0496E+01  0.0000E+00  0.0000E+00  0.0000E+00  0.0000E+00  0.0000E+00
 5.0882E+01  0.0000E+00  0.0000E+00  0.0000E+00  0.0000E+00  0.0000E+00
 5.1272E+01  0.0000E+00  0.0000E+00  0.0000E+00  0.0000E+00  0.0000E+00
 5.1665E+01  0.0000E+00  0.0000E+00  0.0000E+00  0.0000E+00  0.0000E+00
 5.2060E+01  0.0000E+00  0.0000E+00  0.0000E+00  0.0000E+00  0.0000E+00
 5.2459E+01  0.0000E+00  0.0000E+00  0.0000E+00  0.0000E+00  0.0000E+00
 5.2861E+01  0.0000E+00  0.0000E+00  0.0000E+00  0.0000E+00  0.0000E+00
 5.3266E+01  0.0000E+00  0.0000E+00  0.0000E+00  0.0000E+00  0.0000E+00
 5.3673E+01  0.0000E+00  0.0000E+00  0.0000E+00  0.0000E+00  0.0000E+00
 5.4085E+01  0.0000E+00  0.0000E+00  0.0000E+00  0.0000E+00  0.0000E+00
 5.4499E+01  0.0000E+00  0.0000E+00  0.0000E+00  0.0000E+00  0.0000E+00
 5.4916E+01  0.0000E+00  0.0000E+00  0.0000E+00  0.0000E+00  0.0000E+00
 5.5337E+01  0.0000E+00  0.0000E+00  0.0000E+00  0.0000E+00  0.0000E+00
 5.5760E+01  0.0000E+00  0.0000E+00  0.0000E+00  0.0000E+00  0.0000E+00
 5.6187E+01  0.0000E+00  0.0000E+00  0.0000E+00  0.0000E+00  0.0000E+00
 5.6618E+01  0.0000E+00  0.0000E+00  0.0000E+00  0.0000E+00  0.0000E+00
 5.7051E+01  0.0000E+00  0.0000E+00  0.0000E+00  0.0000E+00  0.0000E+00
 5.7488E+01  0.0000E+00  0.0000E+00  0.0000E+00  0.0000E+00  0.0000E+00
 5.7929E+01  0.0000E+00  0.0000E+00  0.0000E+00  0.0000E+00  0.0000E+00
 5.8372E+01  0.0000E+00  0.0000E+00  0.0000E+00  0.0000E+00  0.0000E+00
 5.8819E+01  0.0000E+00  0.0000E+00  0.0000E+00  0.0000E+00  0.0000E+00
 5.9270E+01  0.0000E+00  0.0000E+00  0.0000E+00  0.0000E+00  0.0000E+00
 5.9724E+01  0.0000E+00  0.0000E+00  0.0000E+00  0.0000E+00  0.0000E+00
 6.0181E+01  0.0000E+00  0.0000E+00  0.0000E+00  0.0000E+00  0.0000E+00
 6.0642E+01  0.0000E+00  0.0000E+00  0.0000E+00  0.0000E+00  0.0000E+00
 6.1106E+01  0.0000E+00  0.0000E+00  0.0000E+00  0.0000E+00  0.0000E+00
 6.1574E+01  0.0000E+00  0.0000E+00  0.0000E+00  0.0000E+00  0.0000E+00
 6.2046E+01  0.0000E+00  0.0000E+00  0.0000E+00  0.0000E+00  0.0000E+00
 6.2521E+01  0.0000E+00  0.0000E+00  0.0000E+00  0.0000E+00  0.0000E+00
 6.3000E+01  0.0000E+00  0.0000E+00  0.0000E+00  0.0000E+00  0.0000E+00
 6.3482E+01  0.0000E+00  0.0000E+00  0.0000E+00  0.0000E+00  0.0000E+00
 6.3968E+01  0.0000E+00  0.0000E+00  0.0000E+00  0.0000E+00  0.0000E+00
 6.4458E+01  0.0000E+00  0.0000E+00  0.0000E+00  0.0000E+00  0.0000E+00
 6.4952E+01  0.0000E+00  0.0000E+00  0.0000E+00  0.0000E+00  0.0000E+00
 6.5449E+01  0.0000E+00  0.0000E+00  0.0000E+00  0.0000E+00  0.0000E+00
 6.5951E+01  0.0000E+00  0.0000E+00  0.0000E+00  0.0000E+00  0.0000E+00
 6.6456E+01  0.0000E+00  0.0000E+00  0.0000E+00  0.0000E+00  0.0000E+00
 6.6965E+01  0.0000E+00  0.0000E+00  0.0000E+00  0.0000E+00  0.0000E+00
 6.7478E+01  0.0000E+00  0.0000E+00  0.0000E+00  0.0000E+00  0.0000E+00
 6.7994E+01  0.0000E+00  0.0000E+00  0.0000E+00  0.0000E+00  0.0000E+00
 6.8515E+01  0.0000E+00  0.0000E+00  0.0000E+00  0.0000E+00  0.0000E+00
 6.9040E+01  0.0000E+00  0.0000E+00  0.0000E+00  0.0000E+00  0.0000E+00
 6.9568E+01  0.0000E+00  0.0000E+00  0.0000E+00  0.0000E+00  0.0000E+00
 7.0101E+01  0.0000E+00  0.0000E+00  0.0000E+00  0.0000E+00  0.0000E+00
 7.0638E+01  0.0000E+00  0.0000E+00  0.0000E+00  0.0000E+00  0.0000E+00
 7.1179E+01  0.0000E+00  0.0000E+00  0.0000E+00  0.0000E+00  0.0000E+00
 7.1724E+01  0.0000E+00  0.0000E+00  0.0000E+00  0.0000E+00  0.0000E+00
 7.2273E+01  0.0000E+00  0.0000E+00  0.0000E+00  0.0000E+00  0.0000E+00
 7.2827E+01  0.0000E+00  0.0000E+00  0.0000E+00  0.0000E+00  0.0000E+00
 7.3385E+01  0.0000E+00  0.0000E+00  0.0000E+00  0.0000E+00  0.0000E+00
 7.3947E+01  0.0000E+00  0.0000E+00  0.0000E+00  0.0000E+00  0.0000E+00
 7.4513E+01  0.0000E+00  0.0000E+00  0.0000E+00  0.0000E+00  0.0000E+00
 7.5084E+01  0.0000E+00  0.0000E+00  0.0000E+00  0.0000E+00  0.0000E+00
 7.5659E+01  0.0000E+00  0.0000E+00  0.0000E+00  0.0000E+00  0.0000E+00
 7.6238E+01  0.0000E+00  0.0000E+00  0.0000E+00  0.0000E+00  0.0000E+00
 7.6822E+01  0.0000E+00  0.0000E+00  0.0000E+00  0.0000E+00  0.0000E+00
 7.7410E+01  0.0000E+00  0.0000E+00  0.0000E+00  0.0000E+00  0.0000E+00
 7.8003E+01  0.0000E+00  0.0000E+00  0.0000E+00  0.0000E+00  0.0000E+00
 7.8601E+01  0.0000E+00  0.0000E+00  0.0000E+00  0.0000E+00  0.0000E+00
 7.9202E+01  0.0000E+00  0.0000E+00  0.0000E+00  0.0000E+00  0.0000E+00
 7.9809E+01  0.0000E+00  0.0000E+00  0.0000E+00  0.0000E+00  0.0000E+00
 8.0420E+01  0.0000E+00  0.0000E+00  0.0000E+00  0.0000E+00  0.0000E+00
 8.1036E+01  0.0000E+00  0.0000E+00  0.0000E+00  0.0000E+00  0.0000E+00
 8.1657E+01  0.0000E+00  0.0000E+00  0.0000E+00  0.0000E+00  0.0000E+00
 8.2282E+01  0.0000E+00  0.0000E+00  0.0000E+00  0.0000E+00  0.0000E+00
 8.2912E+01  0.0000E+00  0.0000E+00  0.0000E+00  0.0000E+00  0.0000E+00
 8.3547E+01  0.0000E+00  0.0000E+00  0.0000E+00  0.0000E+00  0.0000E+00
 8.4187E+01  0.0000E+00  0.0000E+00  0.0000E+00  0.0000E+00  0.0000E+00
 8.4832E+01  0.0000E+00  0.0000E+00  0.0000E+00  0.0000E+00  0.0000E+00
 8.5481E+01  0.0000E+00  0.0000E+00  0.0000E+00  0.0000E+00  0.0000E+00
 8.6136E+01  0.0000E+00  0.0000E+00  0.0000E+00  0.0000E+00  0.0000E+00
 8.6796E+01  0.0000E+00  0.0000E+00  0.0000E+00  0.0000E+00  0.0000E+00
 8.7460E+01  0.0000E+00  0.0000E+00  0.0000E+00  0.0000E+00  0.0000E+00
 8.8130E+01  0.0000E+00  0.0000E+00  0.0000E+00  0.0000E+00  0.0000E+00
 8.8805E+01  0.0000E+00  0.0000E+00  0.0000E+00  0.0000E+00  0.0000E+00
 8.9485E+01  0.0000E+00  0.0000E+00  0.0000E+00  0.0000E+00  0.0000E+00
 9.0171E+01  0.0000E+00  0.0000E+00  0.0000E+00  0.0000E+00  0.0000E+00
 9.0861E+01  0.0000E+00  0.0000E+00  0.0000E+00  0.0000E+00  0.0000E+00
 9.1557E+01  0.0000E+00  0.0000E+00  0.0000E+00  0.0000E+00  0.0000E+00
 9.2258E+01  0.0000E+00  0.0000E+00  0.0000E+00  0.0000E+00  0.0000E+00
 9.2965E+01  0.0000E+00  0.0000E+00  0.0000E+00  0.0000E+00  0.0000E+00
 9.3677E+01  0.0000E+00  0.0000E+00  0.0000E+00  0.0000E+00  0.0000E+00
 9.4394E+01  0.0000E+00  0.0000E+00  0.0000E+00  0.0000E+00  0.0000E+00
 9.5117E+01  0.0000E+00  0.0000E+00  0.0000E+00  0.0000E+00  0.0000E+00
 9.5845E+01  0.0000E+00  0.0000E+00  0.0000E+00  0.0000E+00  0.0000E+00
 9.6579E+01  0.0000E+00  0.0000E+00  0.0000E+00  0.0000E+00  0.0000E+00
 9.7319E+01  0.0000E+00  0.0000E+00  0.0000E+00  0.0000E+00  0.0000E+00
 9.8064E+01  0.0000E+00  0.0000E+00  0.0000E+00  0.0000E+00  0.0000E+00
 9.8815E+01  0.0000E+00  0.0000E+00  0.0000E+00  0.0000E+00  0.0000E+00
 9.9572E+01  0.0000E+00  0.0000E+00  0.0000E+00  0.0000E+00  0.0000E+00
 1.0033E+02  0.0000E+00  0.0000E+00  0.0000E+00  0.0000E+00  0.0000E+00
 1.0110E+02  0.0000E+00  0.0000E+00  0.0000E+00  0.0000E+00  0.0000E+00
 1.0188E+02  0.0000E+00  0.0000E+00  0.0000E+00  0.0000E+00  0.0000E+00
 1.0266E+02  0.0000E+00  0.0000E+00  0.0000E+00  0.0000E+00  0.0000E+00
 1.0344E+02  0.0000E+00  0.0000E+00  0.0000E+00  0.0000E+00  0.0000E+00
 1.0424E+02  0.0000E+00  0.0000E+00  0.0000E+00  0.0000E+00  0.0000E+00
 1.0503E+02  0.0000E+00  0.0000E+00  0.0000E+00  0.0000E+00  0.0000E+00
 1.0584E+02  0.0000E+00  0.0000E+00  0.0000E+00  0.0000E+00  0.0000E+00
 1.0665E+02  0.0000E+00  0.0000E+00  0.0000E+00  0.0000E+00  0.0000E+00
 1.0747E+02  0.0000E+00  0.0000E+00  0.0000E+00  0.0000E+00  0.0000E+00
 1.0829E+02  0.0000E+00  0.0000E+00  0.0000E+00  0.0000E+00  0.0000E+00
 1.0912E+02  0.0000E+00  0.0000E+00  0.0000E+00  0.0000E+00  0.0000E+00
 1.0995E+02  0.0000E+00  0.0000E+00  0.0000E+00  0.0000E+00  0.0000E+00
 1.1080E+02  0.0000E+00  0.0000E+00  0.0000E+00  0.0000E+00  0.0000E+00
 1.1164E+02  0.0000E+00  0.0000E+00  0.0000E+00  0.0000E+00  0.0000E+00
 1.1250E+02  0.0000E+00  0.0000E+00  0.0000E+00  0.0000E+00  0.0000E+00
 1.1336E+02  0.0000E+00  0.0000E+00  0.0000E+00  0.0000E+00  0.0000E+00
 1.1423E+02  0.0000E+00  0.0000E+00  0.0000E+00  0.0000E+00  0.0000E+00
 1.1510E+02  0.0000E+00  0.0000E+00  0.0000E+00  0.0000E+00  0.0000E+00
 1.1599E+02  0.0000E+00  0.0000E+00  0.0000E+00  0.0000E+00  0.0000E+00
 1.1687E+02  0.0000E+00  0.0000E+00  0.0000E+00  0.0000E+00  0.0000E+00
 1.1777E+02  0.0000E+00  0.0000E+00  0.0000E+00  0.0000E+00  0.0000E+00
 1.1867E+02  0.0000E+00  0.0000E+00  0.0000E+00  0.0000E+00  0.0000E+00
 1.1958E+02  0.0000E+00  0.0000E+00  0.0000E+00  0.0000E+00  0.0000E+00
 1.2050E+02  0.0000E+00  0.0000E+00  0.0000E+00  0.0000E+00  0.0000E+00
 1.2142E+02  0.0000E+00  0.0000E+00  0.0000E+00  0.0000E+00  0.0000E+00
 1.2235E+02  0.0000E+00  0.0000E+00  0.0000E+00  0.0000E+00  0.0000E+00
 1.2329E+02  0.0000E+00  0.0000E+00  0.0000E+00  0.0000E+00  0.0000E+00
 1.2423E+02  0.0000E+00  0.0000E+00  0.0000E+00  0.0000E+00  0.0000E+00
 1.2518E+02  0.0000E+00  0.0000E+00  0.0000E+00  0.0000E+00  0.0000E+00
 1.2614E+02  0.0000E+00  0.0000E+00  0.0000E+00  0.0000E+00  0.0000E+00
 1.2711E+02  0.0000E+00  0.0000E+00  0.0000E+00  0.0000E+00  0.0000E+00
 1.2808E+02  0.0000E+00  0.0000E+00  0.0000E+00  0.0000E+00  0.0000E+00
 1.2906E+02  0.0000E+00  0.0000E+00  0.0000E+00  0.0000E+00  0.0000E+00
 1.3005E+02  0.0000E+00  0.0000E+00  0.0000E+00  0.0000E+00  0.0000E+00
 1.3104E+02  0.0000E+00  0.0000E+00  0.0000E+00  0.0000E+00  0.0000E+00
 1.3205E+02  0.0000E+00  0.0000E+00  0.0000E+00  0.0000E+00  0.0000E+00
 1.3306E+02  0.0000E+00  0.0000E+00  0.0000E+00  0.0000E+00  0.0000E+00
 1.3408E+02  0.0000E+00  0.0000E+00  0.0000E+00  0.0000E+00  0.0000E+00
 1.3510E+02  0.0000E+00  0.0000E+00  0.0000E+00  0.0000E+00  0.0000E+00
 1.3614E+02  0.0000E+00  0.0000E+00  0.0000E+00  0.0000E+00  0.0000E+00
 1.3718E+02  0.0000E+00  0.0000E+00  0.0000E+00  0.0000E+00  0.0000E+00
 1.3823E+02  0.0000E+00  0.0000E+00  0.0000E+00  0.0000E+00  0.0000E+00
 1.3929E+02  0.0000E+00  0.0000E+00  0.0000E+00  0.0000E+00  0.0000E+00
 1.4036E+02  0.0000E+00  0.0000E+00  0.0000E+00  0.0000E+00  0.0000E+00
 1.4143E+02  0.0000E+00  0.0000E+00  0.0000E+00  0.0000E+00  0.0000E+00
 1.4252E+02  0.0000E+00  0.0000E+00  0.0000E+00  0.0000E+00  0.0000E+00
 1.4361E+02  0.0000E+00  0.0000E+00  0.0000E+00  0.0000E+00  0.0000E+00
 1.4471E+02  0.0000E+00  0.0000E+00  0.0000E+00  0.0000E+00  0.0000E+00
 1.4582E+02  0.0000E+00  0.0000E+00  0.0000E+00  0.0000E+00  0.0000E+00
 1.4693E+02  0.0000E+00  0.0000E+00  0.0000E+00  0.0000E+00  0.0000E+00
 1.4806E+02  0.0000E+00  0.0000E+00  0.0000E+00  0.0000E+00  0.0000E+00
 1.4919E+02  0.0000E+00  0.0000E+00  0.0000E+00  0.0000E+00  0.0000E+00
 1.5033E+02  0.0000E+00  0.0000E+00  0.0000E+00  0.0000E+00  0.0000E+00
 1.5149E+02  0.0000E+00  0.0000E+00  0.0000E+00  0.0000E+00  0.0000E+00
 1.5265E+02  0.0000E+00  0.0000E+00  0.0000E+00  0.0000E+00  0.0000E+00
 1.5381E+02  0.0000E+00  0.0000E+00  0.0000E+00  0.0000E+00  0.0000E+00
 1.5499E+02  0.0000E+00  0.0000E+00  0.0000E+00  0.0000E+00  0.0000E+00
 1.5618E+02  0.0000E+00  0.0000E+00  0.0000E+00  0.0000E+00  0.0000E+00
 1.5738E+02  0.0000E+00  0.0000E+00  0.0000E+00  0.0000E+00  0.0000E+00
 1.5858E+02  0.0000E+00  0.0000E+00  0.0000E+00  0.0000E+00  0.0000E+00
 1.5980E+02  0.0000E+00  0.0000E+00  0.0000E+00  0.0000E+00  0.0000E+00
 1.6102E+02  0.0000E+00  0.0000E+00  0.0000E+00  0.0000E+00  0.0000E+00
 1.6225E+02  0.0000E+00  0.0000E+00  0.0000E+00  0.0000E+00  0.0000E+00
 1.6349E+02  0.0000E+00  0.0000E+00  0.0000E+00  0.0000E+00  0.0000E+00
 1.6475E+02  0.0000E+00  0.0000E+00  0.0000E+00  0.0000E+00  0.0000E+00
 1.6601E+02  0.0000E+00  0.0000E+00  0.0000E+00  0.0000E+00  0.0000E+00
 1.6728E+02  0.0000E+00  0.0000E+00  0.0000E+00  0.0000E+00  0.0000E+00
 1.6856E+02  0.0000E+00  0.0000E+00  0.0000E+00  0.0000E+00  0.0000E+00
 1.6985E+02  0.0000E+00  0.0000E+00  0.0000E+00  0.0000E+00  0.0000E+00
 1.7115E+02  0.0000E+00  0.0000E+00  0.0000E+00  0.0000E+00  0.0000E+00
 1.7246E+02  0.0000E+00  0.0000E+00  0.0000E+00  0.0000E+00  0.0000E+00
 1.7378E+02  0.0000E+00  0.0000E+00  0.0000E+00  0.0000E+00  0.0000E+00
 1.7511E+02  0.0000E+00  0.0000E+00  0.0000E+00  0.0000E+00  0.0000E+00
 1.7646E+02  0.0000E+00  0.0000E+00  0.0000E+00  0.0000E+00  0.0000E+00
 1.7781E+02  0.0000E+00  0.0000E+00  0.0000E+00  0.0000E+00  0.0000E+00
 1.7917E+02  0.0000E+00  0.0000E+00  0.0000E+00  0.0000E+00  0.0000E+00
 1.8054E+02  0.0000E+00  0.0000E+00  0.0000E+00  0.0000E+00  0.0000E+00
 1.8192E+02  0.0000E+00  0.0000E+00  0.0000E+00  0.0000E+00  0.0000E+00
 1.8332E+02  0.0000E+00  0.0000E+00  0.0000E+00  0.0000E+00  0.0000E+00
 1.8472E+02  0.0000E+00  0.0000E+00  0.0000E+00  0.0000E+00  0.0000E+00
 1.8614E+02  0.0000E+00  0.0000E+00  0.0000E+00  0.0000E+00  0.0000E+00
 1.8756E+02  0.0000E+00  0.0000E+00  0.0000E+00  0.0000E+00  0.0000E+00
 1.8900E+02  0.0000E+00  0.0000E+00  0.0000E+00  0.0000E+00  0.0000E+00
 1.9045E+02  0.0000E+00  0.0000E+00  0.0000E+00  0.0000E+00  0.0000E+00
 1.9190E+02  0.0000E+00  0.0000E+00  0.0000E+00  0.0000E+00  0.0000E+00
 1.9337E+02  0.0000E+00  0.0000E+00  0.0000E+00  0.0000E+00  0.0000E+00
 1.9485E+02  0.0000E+00  0.0000E+00  0.0000E+00  0.0000E+00  0.0000E+00
 1.9635E+02  0.0000E+00  0.0000E+00  0.0000E+00  0.0000E+00  0.0000E+00
 1.9785E+02  0.0000E+00  0.0000E+00  0.0000E+00  0.0000E+00  0.0000E+00
 1.9937E+02  0.0000E+00  0.0000E+00  0.0000E+00  0.0000E+00  0.0000E+00
 2.0089E+02  0.0000E+00  0.0000E+00  0.0000E+00  0.0000E+00  0.0000E+00
 2.0243E+02  0.0000E+00  0.0000E+00  0.0000E+00  0.0000E+00  0.0000E+00
 2.0398E+02  0.0000E+00  0.0000E+00  0.0000E+00  0.0000E+00  0.0000E+00
 2.0554E+02  0.0000E+00  0.0000E+00  0.0000E+00  0.0000E+00  0.0000E+00
 2.0712E+02  0.0000E+00  0.0000E+00  0.0000E+00  0.0000E+00  0.0000E+00
 2.0870E+02  0.0000E+00  0.0000E+00  0.0000E+00  0.0000E+00  0.0000E+00
 2.1030E+02  0.0000E+00  0.0000E+00  0.0000E+00  0.0000E+00  0.0000E+00
 2.1191E+02  0.0000E+00  0.0000E+00  0.0000E+00  0.0000E+00  0.0000E+00
 2.1354E+02  0.0000E+00  0.0000E+00  0.0000E+00  0.0000E+00  0.0000E+00
 2.1517E+02  0.0000E+00  0.0000E+00  0.0000E+00  0.0000E+00  0.0000E+00
 2.1682E+02  0.0000E+00  0.0000E+00  0.0000E+00  0.0000E+00  0.0000E+00
 2.1848E+02  0.0000E+00  0.0000E+00  0.0000E+00  0.0000E+00  0.0000E+00
 2.2015E+02  0.0000E+00  0.0000E+00  0.0000E+00  0.0000E+00  0.0000E+00
 2.2184E+02  0.0000E+00  0.0000E+00  0.0000E+00  0.0000E+00  0.0000E+00
 2.2354E+02  0.0000E+00  0.0000E+00  0.0000E+00  0.0000E+00  0.0000E+00
 2.2525E+02  0.0000E+00  0.0000E+00  0.0000E+00  0.0000E+00  0.0000E+00
 2.2697E+02  0.0000E+00  0.0000E+00  0.0000E+00  0.0000E+00  0.0000E+00
 2.2871E+02  0.0000E+00  0.0000E+00  0.0000E+00  0.0000E+00  0.0000E+00
 2.3046E+02  0.0000E+00  0.0000E+00  0.0000E+00  0.0000E+00  0.0000E+00
 2.3223E+02  0.0000E+00  0.0000E+00  0.0000E+00  0.0000E+00  0.0000E+00
 2.3401E+02  0.0000E+00  0.0000E+00  0.0000E+00  0.0000E+00  0.0000E+00
 2.3580E+02  0.0000E+00  0.0000E+00  0.0000E+00  0.0000E+00  0.0000E+00
 2.3761E+02  0.0000E+00  0.0000E+00  0.0000E+00  0.0000E+00  0.0000E+00
 2.3942E+02  0.0000E+00  0.0000E+00  0.0000E+00  0.0000E+00  0.0000E+00
 2.4126E+02  0.0000E+00  0.0000E+00  0.0000E+00  0.0000E+00  0.0000E+00
 2.4311E+02  0.0000E+00  0.0000E+00  0.0000E+00  0.0000E+00  0.0000E+00
 2.4497E+02  0.0000E+00  0.0000E+00  0.0000E+00  0.0000E+00  0.0000E+00
 2.4684E+02  0.0000E+00  0.0000E+00  0.0000E+00  0.0000E+00  0.0000E+00
 2.4873E+02  0.0000E+00  0.0000E+00  0.0000E+00  0.0000E+00  0.0000E+00
 2.5064E+02  0.0000E+00  0.0000E+00  0.0000E+00  0.0000E+00  0.0000E+00
 2.5256E+02  0.0000E+00  0.0000E+00  0.0000E+00  0.0000E+00  0.0000E+00
 2.5449E+02  0.0000E+00  0.0000E+00  0.0000E+00  0.0000E+00  0.0000E+00
 2.5644E+02  0.0000E+00  0.0000E+00  0.0000E+00  0.0000E+00  0.0000E+00
 2.5841E+02  0.0000E+00  0.0000E+00  0.0000E+00  0.0000E+00  0.0000E+00
 2.6038E+02  0.0000E+00  0.0000E+00  0.0000E+00  0.0000E+00  0.0000E+00
 2.6238E+02  0.0000E+00  0.0000E+00  0.0000E+00  0.0000E+00  0.0000E+00
 2.6439E+02  0.0000E+00  0.0000E+00  0.0000E+00  0.0000E+00  0.0000E+00
 2.6641E+02  0.0000E+00  0.0000E+00  0.0000E+00  0.0000E+00  0.0000E+00
 2.6845E+02  0.0000E+00  0.0000E+00  0.0000E+00  0.0000E+00  0.0000E+00
 2.7051E+02  0.0000E+00  0.0000E+00  0.0000E+00  0.0000E+00  0.0000E+00
 2.7258E+02  0.0000E+00  0.0000E+00  0.0000E+00  0.0000E+00  0.0000E+00
 2.7467E+02  0.0000E+00  0.0000E+00  0.0000E+00  0.0000E+00  0.0000E+00
 2.7677E+02  0.0000E+00  0.0000E+00  0.0000E+00  0.0000E+00  0.0000E+00
 2.7889E+02  0.0000E+00  0.0000E+00  0.0000E+00  0.0000E+00  0.0000E+00
 2.8103E+02  0.0000E+00  0.0000E+00  0.0000E+00  0.0000E+00  0.0000E+00
 2.8318E+02  0.0000E+00  0.0000E+00  0.0000E+00  0.0000E+00  0.0000E+00
 2.8535E+02  0.0000E+00  0.0000E+00  0.0000E+00  0.0000E+00  0.0000E+00
 2.8753E+02  0.0000E+00  0.0000E+00  0.0000E+00  0.0000E+00  0.0000E+00
 2.8974E+02  0.0000E+00  0.0000E+00  0.0000E+00  0.0000E+00  0.0000E+00
 2.9195E+02  0.0000E+00  0.0000E+00  0.0000E+00  0.0000E+00  0.0000E+00
 2.9419E+02  0.0000E+00  0.0000E+00  0.0000E+00  0.0000E+00  0.0000E+00
 2.9644E+02  0.0000E+00  0.0000E+00  0.0000E+00  0.0000E+00  0.0000E+00
 2.9871E+02  0.0000E+00  0.0000E+00  0.0000E+00  0.0000E+00  0.0000E+00
 3.0100E+02  0.0000E+00  0.0000E+00  0.0000E+00  0.0000E+00  0.0000E+00
 3.0331E+02  0.0000E+00  0.0000E+00  0.0000E+00  0.0000E+00  0.0000E+00
 3.0563E+02  0.0000E+00  0.0000E+00  0.0000E+00  0.0000E+00  0.0000E+00
 3.0797E+02  0.0000E+00  0.0000E+00  0.0000E+00  0.0000E+00  0.0000E+00
 3.1033E+02  0.0000E+00  0.0000E+00  0.0000E+00  0.0000E+00  0.0000E+00
 3.1271E+02  0.0000E+00  0.0000E+00  0.0000E+00  0.0000E+00  0.0000E+00
 3.1510E+02  0.0000E+00  0.0000E+00  0.0000E+00  0.0000E+00  0.0000E+00
 3.1751E+02  0.0000E+00  0.0000E+00  0.0000E+00  0.0000E+00  0.0000E+00
 3.1994E+02  0.0000E+00  0.0000E+00  0.0000E+00  0.0000E+00  0.0000E+00
 3.2240E+02  0.0000E+00  0.0000E+00  0.0000E+00  0.0000E+00  0.0000E+00
 3.2486E+02  0.0000E+00  0.0000E+00  0.0000E+00  0.0000E+00  0.0000E+00
 3.2735E+02  0.0000E+00  0.0000E+00  0.0000E+00  0.0000E+00  0.0000E+00
 3.2986E+02  0.0000E+00  0.0000E+00  0.0000E+00  0.0000E+00  0.0000E+00
 3.3239E+02  0.0000E+00  0.0000E+00  0.0000E+00  0.0000E+00  0.0000E+00
 3.3493E+02  0.0000E+00  0.0000E+00  0.0000E+00  0.0000E+00  0.0000E+00
 3.3750E+02  0.0000E+00  0.0000E+00  0.0000E+00  0.0000E+00  0.0000E+00
 3.4008E+02  0.0000E+00  0.0000E+00  0.0000E+00  0.0000E+00  0.0000E+00
 3.4268E+02  0.0000E+00  0.0000E+00  0.0000E+00  0.0000E+00  0.0000E+00
 3.4531E+02  0.0000E+00  0.0000E+00  0.0000E+00  0.0000E+00  0.0000E+00
 3.4795E+02  0.0000E+00  0.0000E+00  0.0000E+00  0.0000E+00  0.0000E+00
 3.5062E+02  0.0000E+00  0.0000E+00  0.0000E+00  0.0000E+00  0.0000E+00
 3.5330E+02  0.0000E+00  0.0000E+00  0.0000E+00  0.0000E+00  0.0000E+00
 3.5601E+02  0.0000E+00  0.0000E+00  0.0000E+00  0.0000E+00  0.0000E+00
 3.5874E+02  0.0000E+00  0.0000E+00  0.0000E+00  0.0000E+00  0.0000E+00
 3.6148E+02  0.0000E+00  0.0000E+00  0.0000E+00  0.0000E+00  0.0000E+00
 3.6425E+02  0.0000E+00  0.0000E+00  0.0000E+00  0.0000E+00  0.0000E+00
 3.6704E+02  0.0000E+00  0.0000E+00  0.0000E+00  0.0000E+00  0.0000E+00
 3.6985E+02  0.0000E+00  0.0000E+00  0.0000E+00  0.0000E+00  0.0000E+00
 3.7268E+02  0.0000E+00  0.0000E+00  0.0000E+00  0.0000E+00  0.0000E+00
 3.7554E+02  0.0000E+00  0.0000E+00  0.0000E+00  0.0000E+00  0.0000E+00
 3.7841E+02  0.0000E+00  0.0000E+00  0.0000E+00  0.0000E+00  0.0000E+00
 3.8131E+02  0.0000E+00  0.0000E+00  0.0000E+00  0.0000E+00  0.0000E+00
 3.8423E+02  0.0000E+00  0.0000E+00  0.0000E+00  0.0000E+00  0.0000E+00
 3.8718E+02  0.0000E+00  0.0000E+00  0.0000E+00  0.0000E+00  0.0000E+00
 3.9014E+02  0.0000E+00  0.0000E+00  0.0000E+00  0.0000E+00  0.0000E+00
 3.9313E+02  0.0000E+00  0.0000E+00  0.0000E+00  0.0000E+00  0.0000E+00
 3.9614E+02  0.0000E+00  0.0000E+00  0.0000E+00  0.0000E+00  0.0000E+00
 3.9917E+02  0.0000E+00  0.0000E+00  0.0000E+00  0.0000E+00  0.0000E+00
 4.0223E+02  0.0000E+00  0.0000E+00  0.0000E+00  0.0000E+00  0.0000E+00
 4.0531E+02  0.0000E+00  0.0000E+00  0.0000E+00  0.0000E+00  0.0000E+00
 4.0841E+02  0.0000E+00  0.0000E+00  0.0000E+00  0.0000E+00  0.0000E+00
 4.1154E+02  0.0000E+00  0.0000E+00  0.0000E+00  0.0000E+00  0.0000E+00
 4.1469E+02  0.0000E+00  0.0000E+00  0.0000E+00  0.0000E+00  0.0000E+00
 4.1787E+02  0.0000E+00  0.0000E+00  0.0000E+00  0.0000E+00  0.0000E+00
 4.2107E+02  0.0000E+00  0.0000E+00  0.0000E+00  0.0000E+00  0.0000E+00
 4.2429E+02  0.0000E+00  0.0000E+00  0.0000E+00  0.0000E+00  0.0000E+00
 4.2754E+02  0.0000E+00  0.0000E+00  0.0000E+00  0.0000E+00  0.0000E+00
 4.3082E+02  0.0000E+00  0.0000E+00  0.0000E+00  0.0000E+00  0.0000E+00
 4.3412E+02  0.0000E+00  0.0000E+00  0.0000E+00  0.0000E+00  0.0000E+00
 4.3744E+02  0.0000E+00  0.0000E+00  0.0000E+00  0.0000E+00  0.0000E+00
 4.4079E+02  0.0000E+00  0.0000E+00  0.0000E+00  0.0000E+00  0.0000E+00
 4.4417E+02  0.0000E+00  0.0000E+00  0.0000E+00  0.0000E+00  0.0000E+00
 4.4757E+02  0.0000E+00  0.0000E+00  0.0000E+00  0.0000E+00  0.0000E+00
 4.5100E+02  0.0000E+00  0.0000E+00  0.0000E+00  0.0000E+00  0.0000E+00
 4.5445E+02  0.0000E+00  0.0000E+00  0.0000E+00  0.0000E+00  0.0000E+00
 4.5793E+02  0.0000E+00  0.0000E+00  0.0000E+00  0.0000E+00  0.0000E+00
 4.6144E+02  0.0000E+00  0.0000E+00  0.0000E+00  0.0000E+00  0.0000E+00
 4.6497E+02  0.0000E+00  0.0000E+00  0.0000E+00  0.0000E+00  0.0000E+00
 4.6853E+02  0.0000E+00  0.0000E+00  0.0000E+00  0.0000E+00  0.0000E+00
 4.7212E+02  0.0000E+00  0.0000E+00  0.0000E+00  0.0000E+00  0.0000E+00
 4.7574E+02  0.0000E+00  0.0000E+00  0.0000E+00  0.0000E+00  0.0000E+00
 4.7938E+02  0.0000E+00  0.0000E+00  0.0000E+00  0.0000E+00  0.0000E+00
 4.8305E+02  0.0000E+00  0.0000E+00  0.0000E+00  0.0000E+00  0.0000E+00
 4.8675E+02  0.0000E+00  0.0000E+00  0.0000E+00  0.0000E+00  0.0000E+00
 4.9048E+02  0.0000E+00  0.0000E+00  0.0000E+00  0.0000E+00  0.0000E+00
 4.9424E+02  0.0000E+00  0.0000E+00  0.0000E+00  0.0000E+00  0.0000E+00
 4.9802E+02  0.0000E+00  0.0000E+00  0.0000E+00  0.0000E+00  0.0000E+00
 5.0183E+02  0.0000E+00  0.0000E+00  0.0000E+00  0.0000E+00  0.0000E+00
 5.0568E+02  0.0000E+00  0.0000E+00  0.0000E+00  0.0000E+00  0.0000E+00
 5.0955E+02  0.0000E+00  0.0000E+00  0.0000E+00  0.0000E+00  0.0000E+00
 5.1345E+02  0.0000E+00  0.0000E+00  0.0000E+00  0.0000E+00  0.0000E+00
 5.1738E+02  0.0000E+00  0.0000E+00  0.0000E+00  0.0000E+00  0.0000E+00
 5.2135E+02  0.0000E+00  0.0000E+00  0.0000E+00  0.0000E+00  0.0000E+00
 5.2534E+02  0.0000E+00  0.0000E+00  0.0000E+00  0.0000E+00  0.0000E+00
 5.2936E+02  0.0000E+00  0.0000E+00  0.0000E+00  0.0000E+00  0.0000E+00
 5.3342E+02  0.0000E+00  0.0000E+00  0.0000E+00  0.0000E+00  0.0000E+00
 5.3750E+02  0.0000E+00  0.0000E+00  0.0000E+00  0.0000E+00  0.0000E+00
 5.4162E+02  0.0000E+00  0.0000E+00  0.0000E+00  0.0000E+00  0.0000E+00
 5.4577E+02  0.0000E+00  0.0000E+00  0.0000E+00  0.0000E+00  0.0000E+00
 5.4995E+02  0.0000E+00  0.0000E+00  0.0000E+00  0.0000E+00  0.0000E+00
 5.5416E+02  0.0000E+00  0.0000E+00  0.0000E+00  0.0000E+00  0.0000E+00
 5.5840E+02  0.0000E+00  0.0000E+00  0.0000E+00  0.0000E+00  0.0000E+00
 5.6268E+02  0.0000E+00  0.0000E+00  0.0000E+00  0.0000E+00  0.0000E+00
 5.6699E+02  0.0000E+00  0.0000E+00  0.0000E+00  0.0000E+00  0.0000E+00
 5.7133E+02  0.0000E+00  0.0000E+00  0.0000E+00  0.0000E+00  0.0000E+00
 5.7571E+02  0.0000E+00  0.0000E+00  0.0000E+00  0.0000E+00  0.0000E+00
 5.8011E+02  0.0000E+00  0.0000E+00  0.0000E+00  0.0000E+00  0.0000E+00
 5.8456E+02  0.0000E+00  0.0000E+00  0.0000E+00  0.0000E+00  0.0000E+00
 5.8903E+02  0.0000E+00  0.0000E+00  0.0000E+00  0.0000E+00  0.0000E+00
 5.9354E+02  0.0000E+00  0.0000E+00  0.0000E+00  0.0000E+00  0.0000E+00
 5.9809E+02  0.0000E+00  0.0000E+00  0.0000E+00  0.0000E+00  0.0000E+00
 6.0267E+02  0.0000E+00  0.0000E+00  0.0000E+00  0.0000E+00  0.0000E+00
 6.0729E+02  0.0000E+00  0.0000E+00  0.0000E+00  0.0000E+00  0.0000E+00
 6.1194E+02  0.0000E+00  0.0000E+00  0.0000E+00  0.0000E+00  0.0000E+00
 6.1662E+02  0.0000E+00  0.0000E+00  0.0000E+00  0.0000E+00  0.0000E+00
 6.2135E+02  0.0000E+00  0.0000E+00  0.0000E+00  0.0000E+00  0.0000E+00
 6.2610E+02  0.0000E+00  0.0000E+00  0.0000E+00  0.0000E+00  0.0000E+00
 6.3090E+02  0.0000E+00  0.0000E+00  0.0000E+00  0.0000E+00  0.0000E+00
 6.3573E+02  0.0000E+00  0.0000E+00  0.0000E+00  0.0000E+00  0.0000E+00
 6.4060E+02  0.0000E+00  0.0000E+00  0.0000E+00  0.0000E+00  0.0000E+00
 6.4551E+02  0.0000E+00  0.0000E+00  0.0000E+00  0.0000E+00  0.0000E+00
 6.5045E+02  0.0000E+00  0.0000E+00  0.0000E+00  0.0000E+00  0.0000E+00
 6.5543E+02  0.0000E+00  0.0000E+00  0.0000E+00  0.0000E+00  0.0000E+00
 6.6045E+02  0.0000E+00  0.0000E+00  0.0000E+00  0.0000E+00  0.0000E+00
 6.6551E+02  0.0000E+00  0.0000E+00  0.0000E+00  0.0000E+00  0.0000E+00
 6.7060E+02  0.0000E+00  0.0000E+00  0.0000E+00  0.0000E+00  0.0000E+00
 6.7574E+02  0.0000E+00  0.0000E+00  0.0000E+00  0.0000E+00  0.0000E+00
 6.8092E+02  0.0000E+00  0.0000E+00  0.0000E+00  0.0000E+00  0.0000E+00
 6.8613E+02  0.0000E+00  0.0000E+00  0.0000E+00  0.0000E+00  0.0000E+00
 6.9138E+02  0.0000E+00  0.0000E+00  0.0000E+00  0.0000E+00  0.0000E+00
 6.9668E+02  0.0000E+00  0.0000E+00  0.0000E+00  0.0000E+00  0.0000E+00
 7.0201E+02  0.0000E+00  0.0000E+00  0.0000E+00  0.0000E+00  0.0000E+00
 7.0739E+02  0.0000E+00  0.0000E+00  0.0000E+00  0.0000E+00  0.0000E+00
 7.1281E+02  0.0000E+00  0.0000E+00  0.0000E+00  0.0000E+00  0.0000E+00
 7.1827E+02  0.0000E+00  0.0000E+00  0.0000E+00  0.0000E+00  0.0000E+00
 7.2377E+02  0.0000E+00  0.0000E+00  0.0000E+00  0.0000E+00  0.0000E+00
 7.2931E+02  0.0000E+00  0.0000E+00  0.0000E+00  0.0000E+00  0.0000E+00
 7.3490E+02  0.0000E+00  0.0000E+00  0.0000E+00  0.0000E+00  0.0000E+00
 7.4052E+02  0.0000E+00  0.0000E+00  0.0000E+00  0.0000E+00  0.0000E+00
 7.4620E+02  0.0000E+00  0.0000E+00  0.0000E+00  0.0000E+00  0.0000E+00
 7.5191E+02  0.0000E+00  0.0000E+00  0.0000E+00  0.0000E+00  0.0000E+00
 7.5767E+02  0.0000E+00  0.0000E+00  0.0000E+00  0.0000E+00  0.0000E+00
 7.6347E+02  0.0000E+00  0.0000E+00  0.0000E+00  0.0000E+00  0.0000E+00
 7.6932E+02  0.0000E+00  0.0000E+00  0.0000E+00  0.0000E+00  0.0000E+00
 7.7521E+02  0.0000E+00  0.0000E+00  0.0000E+00  0.0000E+00  0.0000E+00
 7.8115E+02  0.0000E+00  0.0000E+00  0.0000E+00  0.0000E+00  0.0000E+00
 7.8713E+02  0.0000E+00  0.0000E+00  0.0000E+00  0.0000E+00  0.0000E+00
 7.9316E+02  0.0000E+00  0.0000E+00  0.0000E+00  0.0000E+00  0.0000E+00
 7.9923E+02  0.0000E+00  0.0000E+00  0.0000E+00  0.0000E+00  0.0000E+00
 8.0535E+02  0.0000E+00  0.0000E+00  0.0000E+00  0.0000E+00  0.0000E+00
 8.1152E+02  0.0000E+00  0.0000E+00  0.0000E+00  0.0000E+00  0.0000E+00
 8.1774E+02  0.0000E+00  0.0000E+00  0.0000E+00  0.0000E+00  0.0000E+00
 8.2400E+02  0.0000E+00  0.0000E+00  0.0000E+00  0.0000E+00  0.0000E+00
 8.3031E+02  4.4264E-03  3.1878E-01  8.5840E-03  1.2374E+00  1.0000E+00
 8.3667E+02  4.4337E-03  3.1688E-01  8.5842E-03  1.2281E+00  1.0000E+00
 8.4307E+02  4.4410E-03  3.1499E-01  8.5844E-03  1.2187E+00  1.0000E+00
 8.4953E+02  4.4484E-03  3.1312E-01  8.5846E-03  1.2095E+00  1.0000E+00
 8.5604E+02  4.4557E-03  3.1125E-01  8.5848E-03  1.2004E+00  1.0000E+00
 8.6259E+02  4.4631E-03  3.0939E-01  8.5851E-03  1.1913E+00  1.0000E+00
 8.6920E+02  4.4704E-03  3.0754E-01  8.5853E-03  1.1822E+00  1.0000E+00
 8.7586E+02  4.4779E-03  3.0571E-01  8.5855E-03  1.1733E+00  1.0000E+00
 8.8256E+02  4.4854E-03  3.0390E-01  8.5857E-03  1.1644E+00  1.0000E+00
 8.8932E+02  4.4931E-03  3.0210E-01  8.5860E-03  1.1556E+00  1.0000E+00
 8.9613E+02  4.5008E-03  3.0032E-01  8.5862E-03  1.1468E+00  1.0000E+00
 9.0300E+02  4.5086E-03  2.9855E-01  8.5864E-03  1.1381E+00  1.0000E+00
 9.0991E+02  4.5165E-03  2.9679E-01  8.5866E-03  1.1295E+00  1.0000E+00
 9.1688E+02  4.5244E-03  2.9506E-01  8.5869E-03  1.1210E+00  1.0000E+00
 9.2390E+02  4.5325E-03  2.9333E-01  8.5871E-03  1.1125E+00  1.0000E+00
 9.3098E+02  4.5406E-03  2.9162E-01  8.5874E-03  1.1041E+00  1.0000E+00
 9.3811E+02  4.5488E-03  2.8993E-01  8.5876E-03  1.0957E+00  1.0000E+00
 9.4529E+02  4.5570E-03  2.8824E-01  8.5878E-03  1.0874E+00  1.0000E+00
 9.5253E+02  4.5654E-03  2.8657E-01  8.5881E-03  1.0792E+00  1.0000E+00
 9.5983E+02  4.5738E-03  2.8492E-01  8.5883E-03  1.0710E+00  1.0000E+00
 9.6718E+02  4.5823E-03  2.8328E-01  8.5886E-03  1.0629E+00  1.0000E+00
 9.7458E+02  4.5909E-03  2.8165E-01  8.5888E-03  1.0548E+00  1.0000E+00
 9.8205E+02  4.5995E-03  2.8003E-01  8.5891E-03  1.0468E+00  1.0000E+00
 9.8957E+02  4.6083E-03  2.7843E-01  8.5893E-03  1.0389E+00  1.0000E+00
 9.9715E+02  4.6171E-03  2.7684E-01  8.5896E-03  1.0311E+00  1.0000E+00
 1.0048E+03  4.6259E-03  2.7526E-01  8.5898E-03  1.0233E+00  1.0000E+00
 1.0125E+03  4.6349E-03  2.7369E-01  8.5901E-03  1.0155E+00  1.0000E+00
 1.0202E+03  4.6439E-03  2.7214E-01  8.5904E-03  1.0078E+00  1.0000E+00
 1.0280E+03  4.6530E-03  2.7060E-01  8.5906E-03  1.0002E+00  1.0000E+00
 1.0359E+03  4.6621E-03  2.6907E-01  8.5909E-03  9.9262E-01  1.0000E+00
 1.0439E+03  4.6713E-03  2.6755E-01  8.5911E-03  9.8510E-01  1.0000E+00
 1.0518E+03  4.6806E-03  2.6604E-01  8.5914E-03  9.7765E-01  1.0000E+00
 1.0599E+03  4.6900E-03  2.6454E-01  8.5917E-03  9.7025E-01  1.0000E+00
 1.0680E+03  4.6994E-03  2.6306E-01  8.5920E-03  9.6290E-01  1.0000E+00
 1.0762E+03  4.7089E-03  2.6158E-01  8.5922E-03  9.5562E-01  1.0000E+00
 1.0844E+03  4.7184E-03  2.6012E-01  8.5925E-03  9.4838E-01  1.0000E+00
 1.0927E+03  4.7281E-03  2.5867E-01  8.5928E-03  9.4121E-01  1.0000E+00
 1.1011E+03  4.7377E-03  2.5723E-01  8.5931E-03  9.3408E-01  1.0000E+00
 1.1095E+03  4.7475E-03  2.5579E-01  8.5933E-03  9.2702E-01  1.0000E+00
 1.1180E+03  4.7573E-03  2.5437E-01  8.5936E-03  9.2000E-01  1.0000E+00
 1.1266E+03  4.7672E-03  2.5296E-01  8.5939E-03  9.1304E-01  1.0000E+00
 1.1352E+03  4.7771E-03  2.5156E-01  8.5942E-03  9.0613E-01  1.0000E+00
 1.1439E+03  4.7871E-03  2.5017E-01  8.5945E-03  8.9927E-01  1.0000E+00
 1.1527E+03  4.7972E-03  2.4879E-01  8.5948E-03  8.9247E-01  1.0000E+00
 1.1615E+03  4.8073E-03  2.4741E-01  8.5951E-03  8.8572E-01  1.0000E+00
 1.1704E+03  4.8174E-03  2.4605E-01  8.5954E-03  8.7902E-01  1.0000E+00
 1.1794E+03  4.8277E-03  2.4470E-01  8.5957E-03  8.7237E-01  1.0000E+00
 1.1884E+03  4.8380E-03  2.4335E-01  8.5960E-03  8.6577E-01  1.0000E+00
 1.1975E+03  4.8483E-03  2.4202E-01  8.5963E-03  8.5922E-01  1.0000E+00
 1.2067E+03  4.8587E-03  2.4069E-01  8.5966E-03  8.5272E-01  1.0000E+00
 1.2159E+03  4.8692E-03  2.3937E-01  8.5969E-03  8.4627E-01  1.0000E+00
 1.2252E+03  4.8797E-03  2.3807E-01  8.5972E-03  8.3987E-01  1.0000E+00
 1.2346E+03  4.8903E-03  2.3677E-01  8.5975E-03  8.3351E-01  1.0000E+00
 1.2441E+03  4.9009E-03  2.3548E-01  8.5979E-03  8.2721E-01  1.0000E+00
 1.2536E+03  4.9116E-03  2.3419E-01  8.5982E-03  8.2095E-01  1.0000E+00
 1.2632E+03  4.9223E-03  2.3292E-01  8.5985E-03  8.1474E-01  1.0000E+00
 1.2729E+03  4.9331E-03  2.3165E-01  8.5988E-03  8.0858E-01  1.0000E+00
 1.2826E+03  4.9439E-03  2.3039E-01  8.5992E-03  8.0247E-01  1.0000E+00
 1.2924E+03  4.9548E-03  2.2914E-01  8.5995E-03  7.9640E-01  1.0000E+00
 1.3023E+03  4.9658E-03  2.2790E-01  8.5998E-03  7.9038E-01  1.0000E+00
 1.3123E+03  4.9767E-03  2.2667E-01  8.6002E-03  7.8440E-01  1.0000E+00
 1.3224E+03  4.9878E-03  2.2544E-01  8.6005E-03  7.7847E-01  1.0000E+00
 1.3325E+03  4.9989E-03  2.2422E-01  8.6008E-03  7.7258E-01  1.0000E+00
 1.3427E+03  5.0100E-03  2.2301E-01  8.6012E-03  7.6674E-01  1.0000E+00
 1.3530E+03  5.0212E-03  2.2181E-01  8.6015E-03  7.6095E-01  1.0000E+00
 1.3633E+03  5.0324E-03  2.2061E-01  8.6019E-03  7.5519E-01  1.0000E+00
 1.3738E+03  5.0437E-03  2.1943E-01  8.6022E-03  7.4948E-01  1.0000E+00
 1.3843E+03  5.0550E-03  2.1825E-01  8.6026E-03  7.4382E-01  1.0000E+00
 1.3949E+03  5.0664E-03  2.1707E-01  8.6029E-03  7.3820E-01  1.0000E+00
 1.4056E+03  5.0778E-03  2.1591E-01  8.6033E-03  7.3262E-01  1.0000E+00
 1.4164E+03  5.0893E-03  2.1475E-01  8.6036E-03  7.2708E-01  1.0000E+00
 1.4272E+03  5.1008E-03  2.1359E-01  8.6040E-03  7.2158E-01  1.0000E+00
 1.4381E+03  5.1124E-03  2.1245E-01  8.6044E-03  7.1613E-01  1.0000E+00
 1.4491E+03  5.1240E-03  2.1131E-01  8.6047E-03  7.1072E-01  1.0000E+00
 1.4602E+03  5.1357E-03  2.1018E-01  8.6051E-03  7.0535E-01  1.0000E+00
 1.4714E+03  5.1474E-03  2.0906E-01  8.6055E-03  7.0002E-01  1.0000E+00
 1.4827E+03  5.1592E-03  2.0794E-01  8.6059E-03  6.9473E-01  1.0000E+00
 1.4940E+03  5.1710E-03  2.0683E-01  8.6063E-03  6.8948E-01  1.0000E+00
 1.5055E+03  5.1829E-03  2.0573E-01  8.6066E-03  6.8427E-01  1.0000E+00
 1.5170E+03  5.1949E-03  2.0464E-01  8.6070E-03  6.7910E-01  1.0000E+00
 1.5286E+03  5.2068E-03  2.0355E-01  8.6074E-03  6.7397E-01  1.0000E+00
 1.5403E+03  5.2189E-03  2.0246E-01  8.6078E-03  6.6888E-01  1.0000E+00
 1.5521E+03  5.2310E-03  2.0139E-01  8.6082E-03  6.6382E-01  1.0000E+00
 1.5640E+03  5.2431E-03  2.0032E-01  8.6086E-03  6.5881E-01  1.0000E+00
 1.5760E+03  5.2553E-03  1.9926E-01  8.6090E-03  6.5383E-01  1.0000E+00
 1.5881E+03  5.2675E-03  1.9820E-01  8.6094E-03  6.4889E-01  1.0000E+00
 1.6002E+03  5.2798E-03  1.9715E-01  8.6098E-03  6.4399E-01  1.0000E+00
 1.6125E+03  5.2922E-03  1.9611E-01  8.6102E-03  6.3913E-01  1.0000E+00
 1.6248E+03  5.3046E-03  1.9507E-01  8.6106E-03  6.3430E-01  1.0000E+00
 1.6373E+03  5.3170E-03  1.9404E-01  8.6111E-03  6.2951E-01  1.0000E+00
 1.6498E+03  5.3295E-03  1.9301E-01  8.6115E-03  6.2476E-01  1.0000E+00
 1.6625E+03  5.3420E-03  1.9200E-01  8.6119E-03  6.2004E-01  1.0000E+00
 1.6752E+03  5.3546E-03  1.9098E-01  8.6123E-03  6.1536E-01  1.0000E+00
 1.6880E+03  5.3673E-03  1.8998E-01  8.6128E-03  6.1071E-01  1.0000E+00
 1.7009E+03  5.3800E-03  1.8898E-01  8.6132E-03  6.0610E-01  1.0000E+00
 1.7140E+03  5.3927E-03  1.8798E-01  8.6136E-03  6.0152E-01  1.0000E+00
 1.7271E+03  5.4055E-03  1.8699E-01  8.6141E-03  5.9698E-01  1.0000E+00
 1.7403E+03  5.4183E-03  1.8601E-01  8.6145E-03  5.9248E-01  1.0000E+00
 1.7537E+03  5.4312E-03  1.8503E-01  8.6150E-03  5.8800E-01  1.0000E+00
 1.7671E+03  5.4442E-03  1.8406E-01  8.6154E-03  5.8357E-01  1.0000E+00
 1.7806E+03  5.4572E-03  1.8310E-01  8.6159E-03  5.7916E-01  1.0000E+00
 1.7943E+03  5.4702E-03  1.8214E-01  8.6163E-03  5.7479E-01  1.0000E+00
 1.8080E+03  5.4833E-03  1.8118E-01  8.6168E-03  5.7045E-01  1.0000E+00
 1.8218E+03  5.4964E-03  1.8024E-01  8.6173E-03  5.6615E-01  1.0000E+00
 1.8358E+03  5.5096E-03  1.7929E-01  8.6177E-03  5.6188E-01  1.0000E+00
 1.8499E+03  5.5229E-03  1.7836E-01  8.6182E-03  5.5764E-01  1.0000E+00
 1.8640E+03  5.5362E-03  1.7742E-01  8.6187E-03  5.5343E-01  1.0000E+00
 1.8783E+03  5.5495E-03  1.7650E-01  8.6192E-03  5.4925E-01  1.0000E+00
 1.8927E+03  5.5629E-03  1.7558E-01  8.6197E-03  5.4511E-01  1.0000E+00
 1.9072E+03  5.5763E-03  1.7466E-01  8.6201E-03  5.4100E-01  1.0000E+00
 1.9218E+03  5.5898E-03  1.7375E-01  8.6206E-03  5.3692E-01  1.0000E+00
 1.9365E+03  5.6034E-03  1.7284E-01  8.6211E-03  5.3287E-01  1.0000E+00
 1.9513E+03  5.6170E-03  1.7194E-01  8.6216E-03  5.2885E-01  1.0000E+00
 1.9663E+03  5.6306E-03  1.7105E-01  8.6221E-03  5.2486E-01  1.0000E+00
 1.9813E+03  5.6443E-03  1.7016E-01  8.6226E-03  5.2090E-01  1.0000E+00
 1.9965E+03  5.6580E-03  1.6927E-01  8.6231E-03  5.1697E-01  1.0000E+00
 2.0118E+03  5.6718E-03  1.6839E-01  8.6237E-03  5.1307E-01  1.0000E+00
 2.0272E+03  5.6857E-03  1.6752E-01  8.6242E-03  5.0920E-01  1.0000E+00
 2.0427E+03  5.6995E-03  1.6665E-01  8.6247E-03  5.0536E-01  1.0000E+00
 2.0584E+03  5.7135E-03  1.6579E-01  8.6252E-03  5.0155E-01  1.0000E+00
 2.0741E+03  5.7275E-03  1.6493E-01  8.6258E-03  4.9777E-01  1.0000E+00
 2.0900E+03  5.7415E-03  1.6407E-01  8.6263E-03  4.9402E-01  1.0000E+00
 2.1060E+03  5.7556E-03  1.6322E-01  8.6268E-03  4.9030E-01  1.0000E+00
 2.1222E+03  5.7697E-03  1.6237E-01  8.6274E-03  4.8660E-01  1.0000E+00
 2.1384E+03  5.7839E-03  1.6153E-01  8.6279E-03  4.8293E-01  1.0000E+00
 2.1548E+03  5.7981E-03  1.6070E-01  8.6285E-03  4.7929E-01  1.0000E+00
 2.1713E+03  5.8124E-03  1.5987E-01  8.6290E-03  4.7568E-01  1.0000E+00
 2.1879E+03  5.8267E-03  1.5904E-01  8.6296E-03  4.7210E-01  1.0000E+00
 2.2047E+03  5.8411E-03  1.5822E-01  8.6301E-03  4.6854E-01  1.0000E+00
 2.2216E+03  5.8554E-03  1.5740E-01  8.6307E-03  4.6501E-01  1.0000E+00
 2.2386E+03  5.8698E-03  1.5658E-01  8.6313E-03  4.6150E-01  1.0000E+00
 2.2557E+03  5.8842E-03  1.5577E-01  8.6319E-03  4.5803E-01  1.0000E+00
 2.2730E+03  5.8986E-03  1.5497E-01  8.6324E-03  4.5458E-01  1.0000E+00
 2.2904E+03  5.9131E-03  1.5416E-01  8.6330E-03  4.5115E-01  1.0000E+00
 2.3079E+03  5.9276E-03  1.5336E-01  8.6336E-03  4.4776E-01  1.0000E+00
 2.3256E+03  5.9420E-03  1.5256E-01  8.6342E-03  4.4438E-01  1.0000E+00
 2.3434E+03  5.9565E-03  1.5177E-01  8.6348E-03  4.4104E-01  1.0000E+00
 2.3614E+03  5.9710E-03  1.5098E-01  8.6354E-03  4.3771E-01  1.0000E+00
 2.3794E+03  5.9856E-03  1.5020E-01  8.6360E-03  4.3442E-01  1.0000E+00
 2.3977E+03  6.0001E-03  1.4941E-01  8.6366E-03  4.3115E-01  1.0000E+00
 2.4160E+03  6.0146E-03  1.4864E-01  8.6373E-03  4.2790E-01  1.0000E+00
 2.4345E+03  6.0292E-03  1.4786E-01  8.6379E-03  4.2468E-01  1.0000E+00
 2.4532E+03  6.0437E-03  1.4709E-01  8.6385E-03  4.2148E-01  1.0000E+00
 2.4720E+03  6.0583E-03  1.4632E-01  8.6391E-03  4.1831E-01  1.0000E+00
 2.4909E+03  6.0729E-03  1.4555E-01  8.6398E-03  4.1516E-01  1.0000E+00
 2.5100E+03  6.0874E-03  1.4479E-01  8.6404E-03  4.1204E-01  1.0000E+00
 2.5292E+03  6.1020E-03  1.4403E-01  8.6411E-03  4.0894E-01  1.0000E+00
 2.5486E+03  6.1166E-03  1.4328E-01  8.6417E-03  4.0586E-01  1.0000E+00
 2.5681E+03  6.1311E-03  1.4252E-01  8.6424E-03  4.0280E-01  1.0000E+00
 2.5878E+03  6.1457E-03  1.4177E-01  8.6430E-03  3.9977E-01  1.0000E+00
 2.6076E+03  6.1603E-03  1.4103E-01  8.6437E-03  3.9677E-01  1.0000E+00
 2.6275E+03  6.1748E-03  1.4028E-01  8.6444E-03  3.9378E-01  1.0000E+00
 2.6477E+03  6.1894E-03  1.3954E-01  8.6450E-03  3.9082E-01  1.0000E+00
 2.6679E+03  6.2039E-03  1.3880E-01  8.6457E-03  3.8788E-01  1.0000E+00
 2.6884E+03  6.2185E-03  1.3807E-01  8.6464E-03  3.8496E-01  1.0000E+00
 2.7090E+03  6.2330E-03  1.3734E-01  8.6471E-03  3.8207E-01  1.0000E+00
 2.7297E+03  6.2475E-03  1.3661E-01  8.6478E-03  3.7919E-01  1.0000E+00
 2.7506E+03  6.2620E-03  1.3588E-01  8.6485E-03  3.7634E-01  1.0000E+00
 2.7717E+03  6.2765E-03  1.3516E-01  8.6492E-03  3.7351E-01  1.0000E+00
 2.7929E+03  6.2910E-03  1.3444E-01  8.6499E-03  3.7070E-01  1.0000E+00
 2.8143E+03  6.3054E-03  1.3372E-01  8.6507E-03  3.6792E-01  1.0000E+00
 2.8358E+03  6.3199E-03  1.3300E-01  8.6514E-03  3.6515E-01  1.0000E+00
 2.8576E+03  6.3343E-03  1.3229E-01  8.6521E-03  3.6241E-01  1.0000E+00
 2.8794E+03  6.3487E-03  1.3158E-01  8.6528E-03  3.5968E-01  1.0000E+00
 2.9015E+03  6.3631E-03  1.3087E-01  8.6536E-03  3.5698E-01  1.0000E+00
 2.9237E+03  6.3774E-03  1.3017E-01  8.6543E-03  3.5430E-01  1.0000E+00
 2.9461E+03  6.3917E-03  1.2947E-01  8.6551E-03  3.5164E-01  1.0000E+00
 2.9687E+03  6.4060E-03  1.2877E-01  8.6559E-03  3.4899E-01  1.0000E+00
 2.9914E+03  6.4203E-03  1.2807E-01  8.6566E-03  3.4637E-01  1.0000E+00
 3.0143E+03  6.4345E-03  1.2738E-01  8.6574E-03  3.4377E-01  1.0000E+00
 3.0374E+03  6.4487E-03  1.2668E-01  8.6582E-03  3.4119E-01  1.0000E+00
 3.0607E+03  6.4629E-03  1.2600E-01  8.6590E-03  3.3863E-01  1.0000E+00
 3.0841E+03  6.4770E-03  1.2531E-01  8.6597E-03  3.3608E-01  1.0000E+00
 3.1077E+03  6.4911E-03  1.2462E-01  8.6605E-03  3.3356E-01  1.0000E+00
 3.1315E+03  6.5051E-03  1.2394E-01  8.6613E-03  3.3106E-01  1.0000E+00
 3.1555E+03  6.5192E-03  1.2326E-01  8.6621E-03  3.2857E-01  1.0000E+00
 3.1797E+03  6.5331E-03  1.2258E-01  8.6630E-03  3.2610E-01  1.0000E+00
 3.2040E+03  6.5470E-03  1.2191E-01  8.6638E-03  3.2366E-01  1.0000E+00
 3.2286E+03  6.5609E-03  1.2124E-01  8.6646E-03  3.2123E-01  1.0000E+00
 3.2533E+03  6.5748E-03  1.2056E-01  8.6654E-03  3.1882E-01  1.0000E+00
 3.2782E+03  6.5886E-03  1.1990E-01  8.6663E-03  3.1642E-01  1.0000E+00
 3.3033E+03  6.6023E-03  1.1923E-01  8.6671E-03  3.1405E-01  1.0000E+00
 3.3286E+03  6.6160E-03  1.1857E-01  8.6680E-03  3.1169E-01  1.0000E+00
 3.3541E+03  6.6296E-03  1.1791E-01  8.6688E-03  3.0935E-01  1.0000E+00
 3.3798E+03  6.6432E-03  1.1725E-01  8.6697E-03  3.0703E-01  1.0000E+00
 3.4057E+03  6.6567E-03  1.1659E-01  8.6706E-03  3.0473E-01  1.0000E+00
 3.4317E+03  6.6702E-03  1.1593E-01  8.6715E-03  3.0245E-01  1.0000E+00
 3.4580E+03  6.6835E-03  1.1528E-01  8.6723E-03  3.0018E-01  1.0000E+00
 3.4845E+03  6.6968E-03  1.1463E-01  8.6732E-03  2.9793E-01  1.0000E+00
 3.5112E+03  6.7101E-03  1.1398E-01  8.6741E-03  2.9569E-01  1.0000E+00
 3.5381E+03  6.7232E-03  1.1333E-01  8.6750E-03  2.9348E-01  1.0000E+00
 3.5652E+03  6.7363E-03  1.1269E-01  8.6760E-03  2.9128E-01  1.0000E+00
 3.5925E+03  6.7494E-03  1.1204E-01  8.6769E-03  2.8909E-01  1.0000E+00
 3.6200E+03  6.7623E-03  1.1140E-01  8.6778E-03  2.8693E-01  1.0000E+00
 3.6477E+03  6.7752E-03  1.1076E-01  8.6787E-03  2.8478E-01  1.0000E+00
 3.6757E+03  6.7880E-03  1.1013E-01  8.6797E-03  2.8264E-01  1.0000E+00
 3.7038E+03  6.8008E-03  1.0949E-01  8.6806E-03  2.8053E-01  1.0000E+00
 3.7322E+03  6.8134E-03  1.0886E-01  8.6816E-03  2.7843E-01  1.0000E+00
 3.7608E+03  6.8261E-03  1.0823E-01  8.6826E-03  2.7634E-01  1.0000E+00
 3.7896E+03  6.8386E-03  1.0760E-01  8.6835E-03  2.7427E-01  1.0000E+00
 3.8186E+03  6.8511E-03  1.0697E-01  8.6845E-03  2.7222E-01  1.0000E+00
 3.8478E+03  6.8635E-03  1.0635E-01  8.6855E-03  2.7018E-01  1.0000E+00
 3.8773E+03  6.8758E-03  1.0573E-01  8.6865E-03  2.6816E-01  1.0000E+00
 3.9070E+03  6.8881E-03  1.0511E-01  8.6875E-03  2.6615E-01  1.0000E+00
 3.9369E+03  6.9003E-03  1.0449E-01  8.6885E-03  2.6416E-01  1.0000E+00
 3.9671E+03  6.9125E-03  1.0388E-01  8.6895E-03  2.6218E-01  1.0000E+00
 3.9974E+03  6.9246E-03  1.0327E-01  8.6905E-03  2.6022E-01  1.0000E+00
 4.0281E+03  6.9366E-03  1.0266E-01  8.6916E-03  2.5827E-01  1.0000E+00
 4.0589E+03  6.9486E-03  1.0205E-01  8.6926E-03  2.5634E-01  1.0000E+00
 4.0900E+03  6.9605E-03  1.0144E-01  8.6937E-03  2.5442E-01  1.0000E+00
 4.1213E+03  6.9723E-03  1.0084E-01  8.6947E-03  2.5252E-01  1.0000E+00
 4.1529E+03  6.9841E-03  1.0024E-01  8.6958E-03  2.5063E-01  1.0000E+00
 4.1847E+03  6.9958E-03  9.9642E-02  8.6969E-03  2.4876E-01  1.0000E+00
 4.2167E+03  7.0075E-03  9.9047E-02  8.6979E-03  2.4690E-01  1.0000E+00
 4.2490E+03  7.0191E-03  9.8454E-02  8.6990E-03  2.4505E-01  1.0000E+00
 4.2816E+03  7.0306E-03  9.7863E-02  8.7001E-03  2.4322E-01  1.0000E+00
 4.3143E+03  7.0421E-03  9.7275E-02  8.7012E-03  2.4140E-01  1.0000E+00
 4.3474E+03  7.0535E-03  9.6689E-02  8.7024E-03  2.3960E-01  1.0000E+00
 4.3807E+03  7.0649E-03  9.6106E-02  8.7035E-03  2.3781E-01  1.0000E+00
 4.4142E+03  7.0762E-03  9.5525E-02  8.7046E-03  2.3603E-01  1.0000E+00
 4.4480E+03  7.0874E-03  9.4946E-02  8.7058E-03  2.3427E-01  1.0000E+00
 4.4821E+03  7.0986E-03  9.4371E-02  8.7069E-03  2.3252E-01  1.0000E+00
 4.5164E+03  7.1098E-03  9.3797E-02  8.7081E-03  2.3078E-01  1.0000E+00
 4.5510E+03  7.1209E-03  9.3227E-02  8.7092E-03  2.2906E-01  1.0000E+00
 4.5859E+03  7.1319E-03  9.2658E-02  8.7104E-03  2.2735E-01  1.0000E+00
 4.6210E+03  7.1429E-03  9.2093E-02  8.7116E-03  2.2565E-01  1.0000E+00
 4.6564E+03  7.1539E-03  9.1529E-02  8.7128E-03  2.2397E-01  1.0000E+00
 4.6920E+03  7.1647E-03  9.0969E-02  8.7140E-03  2.2229E-01  1.0000E+00
 4.7280E+03  7.1756E-03  9.0411E-02  8.7152E-03  2.2064E-01  1.0000E+00
 4.7642E+03  7.1864E-03  8.9855E-02  8.7164E-03  2.1899E-01  1.0000E+00
 4.8007E+03  7.1971E-03  8.9303E-02  8.7177E-03  2.1736E-01  1.0000E+00
 4.8374E+03  7.2078E-03  8.8752E-02  8.7189E-03  2.1573E-01  1.0000E+00
 4.8745E+03  7.2184E-03  8.8205E-02  8.7202E-03  2.1413E-01  1.0000E+00
 4.9118E+03  7.2290E-03  8.7659E-02  8.7214E-03  2.1253E-01  1.0000E+00
 4.9494E+03  7.2396E-03  8.7117E-02  8.7227E-03  2.1094E-01  1.0000E+00
 4.9873E+03  7.2501E-03  8.6577E-02  8.7240E-03  2.0937E-01  1.0000E+00
 5.0255E+03  7.2605E-03  8.6040E-02  8.7253E-03  2.0781E-01  1.0000E+00
 5.0640E+03  7.2709E-03  8.5505E-02  8.7266E-03  2.0626E-01  1.0000E+00
 5.1028E+03  7.2813E-03  8.4973E-02  8.7279E-03  2.0473E-01  1.0000E+00
 5.1419E+03  7.2916E-03  8.4443E-02  8.7292E-03  2.0320E-01  1.0000E+00
 5.1812E+03  7.3020E-03  8.3917E-02  8.7305E-03  2.0169E-01  1.0000E+00
 5.2209E+03  7.3123E-03  8.3395E-02  8.7319E-03  2.0019E-01  1.0000E+00
 5.2609E+03  7.3228E-03  8.2876E-02  8.7332E-03  1.9869E-01  1.0000E+00
 5.3012E+03  7.3333E-03  8.2360E-02  8.7346E-03  1.9722E-01  1.0000E+00
 5.3418E+03  7.3438E-03  8.1848E-02  8.7360E-03  1.9575E-01  1.0000E+00
 5.3827E+03  7.3543E-03  8.1340E-02  8.7374E-03  1.9429E-01  1.0000E+00
 5.4239E+03  7.3650E-03  8.0835E-02  8.7388E-03  1.9284E-01  1.0000E+00
 5.4655E+03  7.3756E-03  8.0334E-02  8.7402E-03  1.9141E-01  1.0000E+00
 5.5073E+03  7.3863E-03  7.9835E-02  8.7416E-03  1.8999E-01  1.0000E+00
 5.5495E+03  7.3970E-03  7.9341E-02  8.7430E-03  1.8857E-01  1.0000E+00
 5.5920E+03  7.4078E-03  7.8849E-02  8.7444E-03  1.8717E-01  1.0000E+00
 5.6348E+03  7.4186E-03  7.8361E-02  8.7459E-03  1.8578E-01  1.0000E+00
 5.6780E+03  7.4295E-03  7.7876E-02  8.7474E-03  1.8440E-01  1.0000E+00
 5.7215E+03  7.4404E-03  7.7394E-02  8.7488E-03  1.8303E-01  1.0000E+00
 5.7653E+03  7.4513E-03  7.6915E-02  8.7503E-03  1.8167E-01  1.0000E+00
 5.8094E+03  7.4622E-03  7.6439E-02  8.7518E-03  1.8032E-01  1.0000E+00
 5.8539E+03  7.4732E-03  7.5967E-02  8.7533E-03  1.7898E-01  1.0000E+00
 5.8988E+03  7.4842E-03  7.5497E-02  8.7548E-03  1.7765E-01  1.0000E+00
 5.9439E+03  7.4953E-03  7.5031E-02  8.7564E-03  1.7633E-01  1.0000E+00
 5.9895E+03  7.5064E-03  7.4567E-02  8.7579E-03  1.7502E-01  1.0000E+00
 6.0353E+03  7.5175E-03  7.4107E-02  8.7595E-03  1.7372E-01  1.0000E+00
 6.0815E+03  7.5286E-03  7.3649E-02  8.7610E-03  1.7243E-01  1.0000E+00
 6.1281E+03  7.5398E-03  7.3194E-02  8.7626E-03  1.7115E-01  1.0000E+00
 6.1751E+03  7.5509E-03  7.2742E-02  8.7642E-03  1.6988E-01  1.0000E+00
 6.2223E+03  7.5621E-03  7.2293E-02  8.7658E-03  1.6862E-01  1.0000E+00
 6.2700E+03  7.5734E-03  7.1847E-02  8.7674E-03  1.6737E-01  1.0000E+00
 6.3180E+03  7.5846E-03  7.1403E-02  8.7690E-03  1.6613E-01  1.0000E+00
 6.3664E+03  7.5959E-03  7.0963E-02  8.7707E-03  1.6490E-01  1.0000E+00
 6.4152E+03  7.6071E-03  7.0524E-02  8.7723E-03  1.6367E-01  1.0000E+00
 6.4643E+03  7.6184E-03  7.0089E-02  8.7740E-03  1.6246E-01  1.0000E+00
 6.5138E+03  7.6298E-03  6.9656E-02  8.7757E-03  1.6126E-01  1.0000E+00
 6.5637E+03  7.6411E-03  6.9226E-02  8.7774E-03  1.6006E-01  1.0000E+00
 6.6139E+03  7.6524E-03  6.8799E-02  8.7791E-03  1.5888E-01  1.0000E+00
 6.6646E+03  7.6638E-03  6.8374E-02  8.7808E-03  1.5770E-01  1.0000E+00
 6.7156E+03  7.6751E-03  6.7951E-02  8.7825E-03  1.5653E-01  1.0000E+00
 6.7671E+03  7.6865E-03  6.7531E-02  8.7843E-03  1.5537E-01  1.0000E+00
 6.8189E+03  7.6979E-03  6.7114E-02  8.7860E-03  1.5422E-01  1.0000E+00
 6.8711E+03  7.7093E-03  6.6699E-02  8.7878E-03  1.5308E-01  1.0000E+00
 6.9237E+03  7.7207E-03  6.6287E-02  8.7896E-03  1.5195E-01  1.0000E+00
 6.9768E+03  7.7321E-03  6.5877E-02  8.7914E-03  1.5083E-01  1.0000E+00
 7.0302E+03  7.7435E-03  6.5469E-02  8.7932E-03  1.4971E-01  1.0000E+00
 7.0840E+03  7.7549E-03  6.5064E-02  8.7950E-03  1.4860E-01  1.0000E+00
 7.1383E+03  7.7663E-03  6.4661E-02  8.7969E-03  1.4750E-01  1.0000E+00
 7.1929E+03  7.7777E-03  6.4260E-02  8.7987E-03  1.4641E-01  1.0000E+00
 7.2480E+03  7.7891E-03  6.3862E-02  8.8006E-03  1.4533E-01  1.0000E+00
 7.3035E+03  7.8005E-03  6.3466E-02  8.8025E-03  1.4426E-01  1.0000E+00
 7.3595E+03  7.8119E-03  6.3072E-02  8.8044E-03  1.4319E-01  1.0000E+00
 7.4158E+03  7.8233E-03  6.2680E-02  8.8063E-03  1.4214E-01  1.0000E+00
 7.4726E+03  7.8341E-03  6.2286E-02  8.8082E-03  1.4109E-01  1.0000E+00
 7.5299E+03  7.8433E-03  6.1883E-02  8.8102E-03  1.4005E-01  1.0000E+00
 7.5875E+03  7.8526E-03  6.1481E-02  8.8121E-03  1.3901E-01  1.0000E+00
 7.6456E+03  7.8618E-03  6.1082E-02  8.8141E-03  1.3799E-01  1.0000E+00
 7.7042E+03  7.8709E-03  6.0685E-02  8.8161E-03  1.3697E-01  1.0000E+00
 7.7632E+03  7.8800E-03  6.0290E-02  8.8181E-03  1.3596E-01  1.0000E+00
 7.8226E+03  7.8891E-03  5.9897E-02  8.8201E-03  1.3496E-01  1.0000E+00
 7.8825E+03  7.8981E-03  5.9506E-02  8.8222E-03  1.3396E-01  1.0000E+00
 7.9429E+03  7.9071E-03  5.9118E-02  8.8242E-03  1.3297E-01  1.0000E+00
 8.0037E+03  7.9160E-03  5.8731E-02  8.8263E-03  1.3199E-01  1.0000E+00
 8.0650E+03  7.9249E-03  5.8347E-02  8.8284E-03  1.3102E-01  1.0000E+00
 8.1268E+03  7.9338E-03  5.7965E-02  8.8305E-03  1.3006E-01  1.0000E+00
 8.1890E+03  7.9426E-03  5.7585E-02  8.8326E-03  1.2910E-01  1.0000E+00
 8.2518E+03  7.9514E-03  5.7207E-02  8.8347E-03  1.2815E-01  1.0000E+00
 8.3150E+03  7.9602E-03  5.6831E-02  8.8369E-03  1.2721E-01  1.0000E+00
 8.3786E+03  7.9689E-03  5.6458E-02  8.8390E-03  1.2627E-01  1.0000E+00
 8.4428E+03  7.9776E-03  5.6086E-02  8.8412E-03  1.2534E-01  1.0000E+00
 8.5075E+03  7.9863E-03  5.5717E-02  8.8434E-03  1.2442E-01  1.0000E+00
 8.5726E+03  7.9949E-03  5.5350E-02  8.8456E-03  1.2351E-01  1.0000E+00
 8.6383E+03  8.0035E-03  5.4984E-02  8.8479E-03  1.2260E-01  1.0000E+00
 8.7044E+03  8.0120E-03  5.4621E-02  8.8501E-03  1.2170E-01  1.0000E+00
 8.7711E+03  8.0206E-03  5.4261E-02  8.8524E-03  1.2080E-01  1.0000E+00
 8.8383E+03  8.0291E-03  5.3902E-02  8.8547E-03  1.1992E-01  1.0000E+00
 8.9059E+03  8.0375E-03  5.3545E-02  8.8570E-03  1.1904E-01  1.0000E+00
 8.9741E+03  8.0460E-03  5.3190E-02  8.8593E-03  1.1816E-01  1.0000E+00
 9.0429E+03  8.0544E-03  5.2838E-02  8.8617E-03  1.1730E-01  1.0000E+00
 9.1121E+03  8.0627E-03  5.2487E-02  8.8640E-03  1.1643E-01  1.0000E+00
 9.1819E+03  8.0711E-03  5.2138E-02  8.8664E-03  1.1558E-01  1.0000E+00
 9.2522E+03  8.0794E-03  5.1792E-02  8.8688E-03  1.1473E-01  1.0000E+00
 9.3231E+03  8.0877E-03  5.1448E-02  8.8712E-03  1.1389E-01  1.0000E+00
 9.3945E+03  8.0960E-03  5.1105E-02  8.8736E-03  1.1306E-01  1.0000E+00
 9.4664E+03  8.1042E-03  5.0765E-02  8.8761E-03  1.1223E-01  1.0000E+00
 9.5389E+03  8.1124E-03  5.0426E-02  8.8786E-03  1.1141E-01  1.0000E+00
 9.6120E+03  8.1206E-03  5.0090E-02  8.8811E-03  1.1059E-01  1.0000E+00
 9.6856E+03  8.1288E-03  4.9756E-02  8.8836E-03  1.0978E-01  1.0000E+00
 9.7598E+03  8.1369E-03  4.9424E-02  8.8861E-03  1.0898E-01  1.0000E+00
 9.8345E+03  8.1450E-03  4.9093E-02  8.8887E-03  1.0818E-01  1.0000E+00
 9.9098E+03  8.1531E-03  4.8765E-02  8.8912E-03  1.0739E-01  1.0000E+00
 9.9857E+03  8.1612E-03  4.8439E-02  8.8938E-03  1.0661E-01  1.0000E+00
 1.0062E+04  8.1692E-03  4.8114E-02  8.8964E-03  1.0583E-01  1.0000E+00
 1.0139E+04  8.1772E-03  4.7792E-02  8.8991E-03  1.0505E-01  1.0000E+00
 1.0217E+04  8.1852E-03  4.7472E-02  8.9017E-03  1.0429E-01  1.0000E+00
 1.0295E+04  8.1932E-03  4.7153E-02  8.9044E-03  1.0352E-01  1.0000E+00
 1.0374E+04  8.2012E-03  4.6837E-02  8.9071E-03  1.0277E-01  1.0000E+00
 1.0453E+04  8.2091E-03  4.6522E-02  8.9098E-03  1.0202E-01  1.0000E+00
 1.0533E+04  8.2170E-03  4.6209E-02  8.9125E-03  1.0127E-01  1.0000E+00
 1.0614E+04  8.2249E-03  4.5899E-02  8.9153E-03  1.0054E-01  1.0000E+00
 1.0695E+04  8.2328E-03  4.5590E-02  8.9181E-03  9.9803E-02  1.0000E+00
 1.0777E+04  8.2406E-03  4.5283E-02  8.9209E-03  9.9076E-02  1.0000E+00
 1.0860E+04  8.2485E-03  4.4978E-02  8.9237E-03  9.8354E-02  1.0000E+00
 1.0943E+04  8.2563E-03  4.4675E-02  8.9265E-03  9.7637E-02  1.0000E+00
 1.1027E+04  8.2641E-03  4.4374E-02  8.9294E-03  9.6926E-02  1.0000E+00
 1.1111E+04  8.2719E-03  4.4075E-02  8.9323E-03  9.6221E-02  1.0000E+00
 1.1196E+04  8.2797E-03  4.3777E-02  8.9352E-03  9.5521E-02  1.0000E+00
 1.1282E+04  8.2875E-03  4.3481E-02  8.9381E-03  9.4826E-02  1.0000E+00
 1.1369E+04  8.2952E-03  4.3188E-02  8.9411E-03  9.4136E-02  1.0000E+00
 1.1456E+04  8.3030E-03  4.2896E-02  8.9441E-03  9.3452E-02  1.0000E+00
 1.1543E+04  8.3107E-03  4.2606E-02  8.9471E-03  9.2773E-02  1.0000E+00
 1.1632E+04  8.3184E-03  4.2318E-02  8.9501E-03  9.2099E-02  1.0000E+00
 1.1721E+04  8.3261E-03  4.2031E-02  8.9532E-03  9.1430E-02  1.0000E+00
 1.1811E+04  8.3338E-03  4.1747E-02  8.9562E-03  9.0766E-02  1.0000E+00
 1.1901E+04  8.3414E-03  4.1464E-02  8.9593E-03  9.0108E-02  1.0000E+00
 1.1992E+04  8.3491E-03  4.1183E-02  8.9625E-03  8.9454E-02  1.0000E+00
 1.2084E+04  8.3567E-03  4.0904E-02  8.9656E-03  8.8805E-02  1.0000E+00
 1.2177E+04  8.3644E-03  4.0626E-02  8.9688E-03  8.8162E-02  1.0000E+00
 1.2270E+04  8.3720E-03  4.0351E-02  8.9720E-03  8.7523E-02  1.0000E+00
 1.2364E+04  8.3796E-03  4.0077E-02  8.9752E-03  8.6889E-02  1.0000E+00
 1.2458E+04  8.3872E-03  3.9805E-02  8.9784E-03  8.6260E-02  1.0000E+00
 1.2554E+04  8.3948E-03  3.9534E-02  8.9817E-03  8.5635E-02  1.0000E+00
 1.2650E+04  8.4024E-03  3.9266E-02  8.9850E-03  8.5016E-02  1.0000E+00
 1.2747E+04  8.4100E-03  3.8999E-02  8.9883E-03  8.4401E-02  1.0000E+00
 1.2845E+04  8.4176E-03  3.8734E-02  8.9917E-03  8.3791E-02  1.0000E+00
 1.2943E+04  8.4252E-03  3.8470E-02  8.9951E-03  8.3185E-02  1.0000E+00
 1.3042E+04  8.4327E-03  3.8208E-02  8.9985E-03  8.2584E-02  1.0000E+00
 1.3142E+04  8.4403E-03  3.7948E-02  9.0019E-03  8.1988E-02  1.0000E+00
 1.3243E+04  8.4479E-03  3.7690E-02  9.0054E-03  8.1396E-02  1.0000E+00
 1.3344E+04  8.4554E-03  3.7433E-02  9.0088E-03  8.0808E-02  1.0000E+00
 1.3446E+04  8.4630E-03  3.7178E-02  9.0124E-03  8.0225E-02  1.0000E+00
 1.3549E+04  8.4705E-03  3.6925E-02  9.0159E-03  7.9647E-02  1.0000E+00
 1.3653E+04  8.4780E-03  3.6673E-02  9.0195E-03  7.9073E-02  1.0000E+00
 1.3757E+04  8.4856E-03  3.6423E-02  9.0231E-03  7.8503E-02  1.0000E+00
 1.3863E+04  8.4931E-03  3.6175E-02  9.0267E-03  7.7938E-02  1.0000E+00
 1.3969E+04  8.5006E-03  3.5928E-02  9.0303E-03  7.7377E-02  1.0000E+00
 1.4076E+04  8.5082E-03  3.5683E-02  9.0340E-03  7.6820E-02  1.0000E+00
 1.4184E+04  8.5157E-03  3.5439E-02  9.0377E-03  7.6268E-02  1.0000E+00
 1.4292E+04  8.5232E-03  3.5197E-02  9.0415E-03  7.5719E-02  1.0000E+00
 1.4402E+04  8.5308E-03  3.4957E-02  9.0452E-03  7.5175E-02  1.0000E+00
 1.4512E+04  8.5383E-03  3.4718E-02  9.0490E-03  7.4635E-02  1.0000E+00
 1.4623E+04  8.5458E-03  3.4481E-02  9.0529E-03  7.4099E-02  1.0000E+00
 1.4735E+04  8.5534E-03  3.4246E-02  9.0567E-03  7.3567E-02  1.0000E+00
 1.4848E+04  8.5609E-03  3.4012E-02  9.0606E-03  7.3040E-02  1.0000E+00
 1.4962E+04  8.5684E-03  3.3779E-02  9.0645E-03  7.2516E-02  1.0000E+00
 1.5076E+04  8.5760E-03  3.3548E-02  9.0685E-03  7.1996E-02  1.0000E+00
 1.5192E+04  8.5835E-03  3.3319E-02  9.0725E-03  7.1480E-02  1.0000E+00
 1.5308E+04  8.5911E-03  3.3091E-02  9.0765E-03  7.0968E-02  1.0000E+00
 1.5425E+04  8.5986E-03  3.2864E-02  9.0805E-03  7.0460E-02  1.0000E+00
 1.5544E+04  8.6062E-03  3.2640E-02  9.0846E-03  6.9956E-02  1.0000E+00
 1.5663E+04  8.6137E-03  3.2416E-02  9.0887E-03  6.9456E-02  1.0000E+00
 1.5783E+04  8.6213E-03  3.2195E-02  9.0928E-03  6.8959E-02  1.0000E+00
 1.5903E+04  8.6289E-03  3.1974E-02  9.0970E-03  6.8467E-02  1.0000E+00
 1.6025E+04  8.6364E-03  3.1755E-02  9.1012E-03  6.7978E-02  1.0000E+00
 1.6148E+04  8.6440E-03  3.1538E-02  9.1055E-03  6.7493E-02  1.0000E+00
 1.6272E+04  8.6516E-03  3.1322E-02  9.1097E-03  6.7011E-02  1.0000E+00
 1.6396E+04  8.6592E-03  3.1108E-02  9.1140E-03  6.6533E-02  1.0000E+00
 1.6522E+04  8.6668E-03  3.0894E-02  9.1184E-03  6.6059E-02  1.0000E+00
 1.6648E+04  8.6745E-03  3.0683E-02  9.1228E-03  6.5588E-02  1.0000E+00
 1.6776E+04  8.6821E-03  3.0473E-02  9.1272E-03  6.5121E-02  1.0000E+00
 1.6904E+04  8.6897E-03  3.0264E-02  9.1316E-03  6.4658E-02  1.0000E+00
 1.7034E+04  8.6974E-03  3.0057E-02  9.1361E-03  6.4198E-02  1.0000E+00
 1.7164E+04  8.7050E-03  2.9851E-02  9.1406E-03  6.3742E-02  1.0000E+00
 1.7296E+04  8.7127E-03  2.9646E-02  9.1451E-03  6.3289E-02  1.0000E+00
 1.7428E+04  8.7204E-03  2.9443E-02  9.1497E-03  6.2839E-02  1.0000E+00
 1.7562E+04  8.7281E-03  2.9241E-02  9.1544E-03  6.2393E-02  1.0000E+00
 1.7696E+04  8.7358E-03  2.9041E-02  9.1590E-03  6.1950E-02  1.0000E+00
 1.7832E+04  8.7435E-03  2.8842E-02  9.1637E-03  6.1511E-02  1.0000E+00
 1.7968E+04  8.7513E-03  2.8644E-02  9.1684E-03  6.1075E-02  1.0000E+00
 1.8106E+04  8.7590E-03  2.8448E-02  9.1732E-03  6.0642E-02  1.0000E+00
 1.8244E+04  8.7668E-03  2.8253E-02  9.1780E-03  6.0213E-02  1.0000E+00
 1.8384E+04  8.7746E-03  2.8060E-02  9.1829E-03  5.9787E-02  1.0000E+00
 1.8525E+04  8.7824E-03  2.7867E-02  9.1878E-03  5.9364E-02  1.0000E+00
 1.8667E+04  8.7902E-03  2.7676E-02  9.1927E-03  5.8945E-02  1.0000E+00
 1.8810E+04  8.7980E-03  2.7487E-02  9.1976E-03  5.8528E-02  1.0000E+00
 1.8954E+04  8.8058E-03  2.7298E-02  9.2026E-03  5.8115E-02  1.0000E+00
 1.9099E+04  8.8137E-03  2.7111E-02  9.2077E-03  5.7705E-02  1.0000E+00
 1.9245E+04  8.8216E-03  2.6925E-02  9.2128E-03  5.7298E-02  1.0000E+00
 1.9393E+04  8.8295E-03  2.6741E-02  9.2179E-03  5.6894E-02  1.0000E+00
 1.9541E+04  8.8374E-03  2.6558E-02  9.2231E-03  5.6493E-02  1.0000E+00
 1.9691E+04  8.8453E-03  2.6376E-02  9.2283E-03  5.6096E-02  1.0000E+00
 1.9842E+04  8.8533E-03  2.6195E-02  9.2335E-03  5.5701E-02  1.0000E+00
 1.9994E+04  8.8613E-03  2.6016E-02  9.2388E-03  5.5309E-02  1.0000E+00
 2.0147E+04  8.8693E-03  2.5837E-02  9.2441E-03  5.4920E-02  1.0000E+00
 2.0301E+04  8.8773E-03  2.5660E-02  9.2495E-03  5.4535E-02  1.0000E+00
 2.0456E+04  8.8854E-03  2.5485E-02  9.2549E-03  5.4152E-02  1.0000E+00
 2.0613E+04  8.8934E-03  2.5310E-02  9.2604E-03  5.3772E-02  1.0000E+00
 2.0771E+04  8.9015E-03  2.5137E-02  9.2659E-03  5.3395E-02  1.0000E+00
 2.0930E+04  8.9096E-03  2.4965E-02  9.2714E-03  5.3021E-02  1.0000E+00
 2.1090E+04  8.9178E-03  2.4794E-02  9.2770E-03  5.2650E-02  1.0000E+00
 2.1252E+04  8.9259E-03  2.4624E-02  9.2826E-03  5.2281E-02  1.0000E+00
 2.1415E+04  8.9341E-03  2.4456E-02  9.2883E-03  5.1916E-02  1.0000E+00
 2.1579E+04  8.9423E-03  2.4288E-02  9.2940E-03  5.1553E-02  1.0000E+00
 2.1744E+04  8.9506E-03  2.4122E-02  9.2998E-03  5.1193E-02  1.0000E+00
 2.1910E+04  8.9588E-03  2.3957E-02  9.3056E-03  5.0835E-02  1.0000E+00
 2.2078E+04  8.9671E-03  2.3793E-02  9.3115E-03  5.0481E-02  1.0000E+00
 2.2247E+04  8.9755E-03  2.3630E-02  9.3174E-03  5.0129E-02  1.0000E+00
 2.2418E+04  8.9838E-03  2.3469E-02  9.3233E-03  4.9780E-02  1.0000E+00
 2.2589E+04  8.9922E-03  2.3308E-02  9.3293E-03  4.9433E-02  1.0000E+00
 2.2762E+04  9.0006E-03  2.3149E-02  9.3354E-03  4.9089E-02  1.0000E+00
 2.2937E+04  9.0091E-03  2.2991E-02  9.3415E-03  4.8748E-02  1.0000E+00
 2.3112E+04  9.0175E-03  2.2834E-02  9.3476E-03  4.8410E-02  1.0000E+00
 2.3289E+04  9.0260E-03  2.2678E-02  9.3538E-03  4.8073E-02  1.0000E+00
 2.3468E+04  9.0346E-03  2.2523E-02  9.3601E-03  4.7740E-02  1.0000E+00
 2.3647E+04  9.0431E-03  2.2369E-02  9.3664E-03  4.7409E-02  1.0000E+00
 2.3829E+04  9.0517E-03  2.2216E-02  9.3727E-03  4.7081E-02  1.0000E+00
 2.4011E+04  9.0604E-03  2.2064E-02  9.3791E-03  4.6755E-02  1.0000E+00
 2.4195E+04  9.0690E-03  2.1914E-02  9.3856E-03  4.6431E-02  1.0000E+00
 2.4380E+04  9.0777E-03  2.1764E-02  9.3921E-03  4.6110E-02  1.0000E+00
 2.4567E+04  9.0865E-03  2.1616E-02  9.3986E-03  4.5792E-02  1.0000E+00
 2.4755E+04  9.0952E-03  2.1468E-02  9.4052E-03  4.5476E-02  1.0000E+00
 2.4945E+04  9.1041E-03  2.1322E-02  9.4119E-03  4.5162E-02  1.0000E+00
 2.5136E+04  9.1129E-03  2.1177E-02  9.4186E-03  4.4851E-02  1.0000E+00
 2.5328E+04  9.1218E-03  2.1032E-02  9.4254E-03  4.4542E-02  1.0000E+00
 2.5522E+04  9.1307E-03  2.0889E-02  9.4322E-03  4.4235E-02  1.0000E+00
 2.5718E+04  9.1397E-03  2.0747E-02  9.4391E-03  4.3931E-02  1.0000E+00
 2.5915E+04  9.1487E-03  2.0605E-02  9.4460E-03  4.3629E-02  1.0000E+00
 2.6113E+04  9.1577E-03  2.0465E-02  9.4530E-03  4.3330E-02  1.0000E+00
 2.6313E+04  9.1668E-03  2.0326E-02  9.4600E-03  4.3032E-02  1.0000E+00
 2.6515E+04  9.1759E-03  2.0188E-02  9.4671E-03  4.2737E-02  1.0000E+00
 2.6718E+04  9.1851E-03  2.0050E-02  9.4743E-03  4.2444E-02  1.0000E+00
 2.6922E+04  9.1943E-03  1.9914E-02  9.4815E-03  4.2154E-02  1.0000E+00
 2.7128E+04  9.2035E-03  1.9779E-02  9.4887E-03  4.1866E-02  1.0000E+00
 2.7336E+04  9.2128E-03  1.9644E-02  9.4961E-03  4.1580E-02  1.0000E+00
 2.7545E+04  9.2221E-03  1.9511E-02  9.5035E-03  4.1296E-02  1.0000E+00
 2.7756E+04  9.2315E-03  1.9378E-02  9.5109E-03  4.1014E-02  1.0000E+00
 2.7969E+04  9.2409E-03  1.9247E-02  9.5184E-03  4.0734E-02  1.0000E+00
 2.8183E+04  9.2504E-03  1.9116E-02  9.5260E-03  4.0457E-02  1.0000E+00
 2.8399E+04  9.2599E-03  1.8986E-02  9.5336E-03  4.0182E-02  1.0000E+00
 2.8617E+04  9.2695E-03  1.8858E-02  9.5413E-03  3.9908E-02  1.0000E+00
 2.8836E+04  9.2791E-03  1.8730E-02  9.5490E-03  3.9637E-02  1.0000E+00
 2.9056E+04  9.2887E-03  1.8603E-02  9.5569E-03  3.9368E-02  1.0000E+00
 2.9279E+04  9.2984E-03  1.8477E-02  9.5647E-03  3.9101E-02  1.0000E+00
 2.9503E+04  9.3082E-03  1.8352E-02  9.5727E-03  3.8836E-02  1.0000E+00
 2.9729E+04  9.3180E-03  1.8228E-02  9.5807E-03  3.8573E-02  1.0000E+00
 2.9957E+04  9.3278E-03  1.8104E-02  9.5888E-03  3.8312E-02  1.0000E+00
 3.0186E+04  9.3378E-03  1.7982E-02  9.5969E-03  3.8053E-02  1.0000E+00
 3.0417E+04  9.3477E-03  1.7860E-02  9.6051E-03  3.7796E-02  1.0000E+00
 3.0650E+04  9.3577E-03  1.7740E-02  9.6134E-03  3.7541E-02  1.0000E+00
 3.0885E+04  9.3678E-03  1.7620E-02  9.6217E-03  3.7288E-02  1.0000E+00
 3.1122E+04  9.3779E-03  1.7501E-02  9.6301E-03  3.7037E-02  1.0000E+00
 3.1360E+04  9.3881E-03  1.7383E-02  9.6386E-03  3.6788E-02  1.0000E+00
 3.1600E+04  9.3983E-03  1.7265E-02  9.6471E-03  3.6541E-02  1.0000E+00
 3.1842E+04  9.4086E-03  1.7149E-02  9.6557E-03  3.6296E-02  1.0000E+00
 3.2086E+04  9.4189E-03  1.7033E-02  9.6644E-03  3.6052E-02  1.0000E+00
 3.2332E+04  9.4293E-03  1.6919E-02  9.6731E-03  3.5810E-02  1.0000E+00
 3.2579E+04  9.4398E-03  1.6805E-02  9.6819E-03  3.5571E-02  1.0000E+00
 3.2829E+04  9.4503E-03  1.6692E-02  9.6908E-03  3.5333E-02  1.0000E+00
 3.3080E+04  9.4609E-03  1.6579E-02  9.6998E-03  3.5097E-02  1.0000E+00
 3.3334E+04  9.4715E-03  1.6468E-02  9.7088E-03  3.4862E-02  1.0000E+00
 3.3589E+04  9.4822E-03  1.6357E-02  9.7179E-03  3.4630E-02  1.0000E+00
 3.3846E+04  9.4930E-03  1.6248E-02  9.7271E-03  3.4399E-02  1.0000E+00
 3.4105E+04  9.5038E-03  1.6138E-02  9.7364E-03  3.4170E-02  1.0000E+00
 3.4367E+04  9.5147E-03  1.6030E-02  9.7457E-03  3.3943E-02  1.0000E+00
 3.4630E+04  9.5257E-03  1.5923E-02  9.7551E-03  3.3718E-02  1.0000E+00
 3.4895E+04  9.5367E-03  1.5816E-02  9.7646E-03  3.3494E-02  1.0000E+00
 3.5162E+04  9.5477E-03  1.5710E-02  9.7742E-03  3.3272E-02  1.0000E+00
 3.5431E+04  9.5589E-03  1.5605E-02  9.7838E-03  3.3052E-02  1.0000E+00
 3.5703E+04  9.5701E-03  1.5500E-02  9.7935E-03  3.2833E-02  1.0000E+00
 3.5976E+04  9.5814E-03  1.5397E-02  9.8033E-03  3.2616E-02  1.0000E+00
 3.6252E+04  9.5927E-03  1.5294E-02  9.8132E-03  3.2401E-02  1.0000E+00
 3.6529E+04  9.6042E-03  1.5192E-02  9.8232E-03  3.2187E-02  1.0000E+00
 3.6809E+04  9.6156E-03  1.5090E-02  9.8332E-03  3.1975E-02  1.0000E+00
 3.7091E+04  9.6272E-03  1.4990E-02  9.8433E-03  3.1765E-02  1.0000E+00
 3.7375E+04  9.6388E-03  1.4890E-02  9.8535E-03  3.1556E-02  1.0000E+00
 3.7661E+04  9.6505E-03  1.4790E-02  9.8638E-03  3.1349E-02  1.0000E+00
 3.7950E+04  9.6623E-03  1.4692E-02  9.8742E-03  3.1143E-02  1.0000E+00
 3.8240E+04  9.6742E-03  1.4594E-02  9.8847E-03  3.0939E-02  1.0000E+00
 3.8533E+04  9.6861E-03  1.4497E-02  9.8952E-03  3.0737E-02  1.0000E+00
 3.8828E+04  9.6981E-03  1.4401E-02  9.9058E-03  3.0536E-02  1.0000E+00
 3.9126E+04  9.7102E-03  1.4305E-02  9.9166E-03  3.0337E-02  1.0000E+00
 3.9425E+04  9.7223E-03  1.4210E-02  9.9274E-03  3.0139E-02  1.0000E+00
 3.9727E+04  9.7346E-03  1.4116E-02  9.9383E-03  2.9943E-02  1.0000E+00
 4.0032E+04  9.7469E-03  1.4022E-02  9.9492E-03  2.9748E-02  1.0000E+00
 4.0338E+04  9.7593E-03  1.3929E-02  9.9603E-03  2.9555E-02  1.0000E+00
 4.0647E+04  9.7718E-03  1.3837E-02  9.9715E-03  2.9363E-02  1.0000E+00
 4.0958E+04  9.7843E-03  1.3746E-02  9.9827E-03  2.9173E-02  1.0000E+00
 4.1272E+04  9.7969E-03  1.3655E-02  9.9941E-03  2.8984E-02  1.0000E+00
 4.1588E+04  9.8097E-03  1.3565E-02  1.0006E-02  2.8797E-02  1.0000E+00
 4.1907E+04  9.8225E-03  1.3475E-02  1.0017E-02  2.8611E-02  1.0000E+00
 4.2228E+04  9.8354E-03  1.3386E-02  1.0029E-02  2.8426E-02  1.0000E+00
 4.2551E+04  9.8483E-03  1.3298E-02  1.0040E-02  2.8243E-02  1.0000E+00
 4.2877E+04  9.8614E-03  1.3210E-02  1.0052E-02  2.8062E-02  1.0000E+00
 4.3205E+04  9.8746E-03  1.3123E-02  1.0064E-02  2.7881E-02  1.0000E+00
 4.3536E+04  9.8878E-03  1.3037E-02  1.0076E-02  2.7703E-02  1.0000E+00
 4.3869E+04  9.9011E-03  1.2951E-02  1.0088E-02  2.7525E-02  1.0000E+00
 4.4205E+04  9.9146E-03  1.2866E-02  1.0101E-02  2.7349E-02  1.0000E+00
 4.4544E+04  9.9281E-03  1.2782E-02  1.0113E-02  2.7174E-02  1.0000E+00
 4.4885E+04  9.9417E-03  1.2698E-02  1.0125E-02  2.7001E-02  1.0000E+00
 4.5229E+04  9.9554E-03  1.2615E-02  1.0138E-02  2.6829E-02  1.0000E+00
 4.5575E+04  9.9692E-03  1.2532E-02  1.0150E-02  2.6658E-02  1.0000E+00
 4.5924E+04  9.9831E-03  1.2450E-02  1.0163E-02  2.6489E-02  1.0000E+00
 4.6276E+04  9.9971E-03  1.2369E-02  1.0176E-02  2.6321E-02  1.0000E+00
 4.6630E+04  1.0011E-02  1.2288E-02  1.0189E-02  2.6154E-02  1.0000E+00
 4.6987E+04  1.0025E-02  1.2208E-02  1.0202E-02  2.5988E-02  1.0000E+00
 4.7347E+04  1.0040E-02  1.2128E-02  1.0215E-02  2.5824E-02  1.0000E+00
 4.7710E+04  1.0054E-02  1.2049E-02  1.0228E-02  2.5661E-02  1.0000E+00
 4.8075E+04  1.0068E-02  1.1971E-02  1.0242E-02  2.5499E-02  1.0000E+00
 4.8443E+04  1.0083E-02  1.1893E-02  1.0255E-02  2.5339E-02  1.0000E+00
 4.8814E+04  1.0098E-02  1.1816E-02  1.0269E-02  2.5180E-02  1.0000E+00
 4.9188E+04  1.0113E-02  1.1739E-02  1.0283E-02  2.5022E-02  1.0000E+00
 4.9565E+04  1.0127E-02  1.1663E-02  1.0296E-02  2.4865E-02  1.0000E+00
 4.9945E+04  1.0142E-02  1.1587E-02  1.0310E-02  2.4709E-02  1.0000E+00
 5.0327E+04  1.0158E-02  1.1512E-02  1.0324E-02  2.4555E-02  1.0000E+00
 5.0713E+04  1.0173E-02  1.1438E-02  1.0339E-02  2.4402E-02  1.0000E+00
 5.1101E+04  1.0188E-02  1.1364E-02  1.0353E-02  2.4250E-02  1.0000E+00
 5.1492E+04  1.0204E-02  1.1290E-02  1.0367E-02  2.4099E-02  1.0000E+00
 5.1887E+04  1.0219E-02  1.1217E-02  1.0382E-02  2.3949E-02  1.0000E+00
 5.2284E+04  1.0235E-02  1.1145E-02  1.0397E-02  2.3801E-02  1.0000E+00
 5.2684E+04  1.0251E-02  1.1073E-02  1.0411E-02  2.3654E-02  1.0000E+00
 5.3088E+04  1.0267E-02  1.1002E-02  1.0426E-02  2.3508E-02  1.0000E+00
 5.3494E+04  1.0283E-02  1.0931E-02  1.0441E-02  2.3363E-02  1.0000E+00
 5.3904E+04  1.0299E-02  1.0861E-02  1.0456E-02  2.3219E-02  1.0000E+00
 5.4317E+04  1.0315E-02  1.0792E-02  1.0472E-02  2.3076E-02  1.0000E+00
 5.4733E+04  1.0331E-02  1.0722E-02  1.0487E-02  2.2934E-02  1.0000E+00
 5.5152E+04  1.0348E-02  1.0654E-02  1.0503E-02  2.2794E-02  1.0000E+00
 5.5574E+04  1.0364E-02  1.0586E-02  1.0518E-02  2.2654E-02  1.0000E+00
 5.6000E+04  1.0381E-02  1.0518E-02  1.0534E-02  2.2516E-02  1.0000E+00
 5.6429E+04  1.0398E-02  1.0451E-02  1.0550E-02  2.2378E-02  1.0000E+00
 5.6861E+04  1.0415E-02  1.0384E-02  1.0566E-02  2.2242E-02  1.0000E+00
 5.7297E+04  1.0432E-02  1.0318E-02  1.0582E-02  2.2107E-02  1.0000E+00
 5.7735E+04  1.0450E-02  1.0253E-02  1.0599E-02  2.1973E-02  1.0000E+00
 5.8177E+04  1.0467E-02  1.0187E-02  1.0615E-02  2.1840E-02  1.0000E+00
 5.8623E+04  1.0484E-02  1.0123E-02  1.0632E-02  2.1708E-02  1.0000E+00
 5.9072E+04  1.0502E-02  1.0058E-02  1.0649E-02  2.1577E-02  1.0000E+00
 5.9524E+04  1.0520E-02  9.9948E-03  1.0666E-02  2.1447E-02  1.0000E+00
 5.9980E+04  1.0538E-02  9.9315E-03  1.0683E-02  2.1318E-02  1.0000E+00
 6.0440E+04  1.0556E-02  9.8688E-03  1.0700E-02  2.1190E-02  1.0000E+00
 6.0902E+04  1.0574E-02  9.8065E-03  1.0717E-02  2.1063E-02  1.0000E+00
 6.1369E+04  1.0592E-02  9.7446E-03  1.0735E-02  2.0937E-02  1.0000E+00
 6.1839E+04  1.0611E-02  9.6832E-03  1.0752E-02  2.0812E-02  1.0000E+00
 6.2312E+04  1.0630E-02  9.6223E-03  1.0770E-02  2.0688E-02  1.0000E+00
 6.2790E+04  1.0648E-02  9.5618E-03  1.0788E-02  2.0565E-02  1.0000E+00
 6.3270E+04  1.0667E-02  9.5018E-03  1.0806E-02  2.0443E-02  1.0000E+00
 6.3755E+04  1.0686E-02  9.4422E-03  1.0824E-02  2.0322E-02  1.0000E+00
 6.4243E+04  1.0706E-02  9.3831E-03  1.0843E-02  2.0202E-02  1.0000E+00
 6.4735E+04  1.0725E-02  9.3244E-03  1.0861E-02  2.0082E-02  1.0000E+00
 6.5231E+04  1.0744E-02  9.2662E-03  1.0880E-02  1.9964E-02  1.0000E+00
 6.5731E+04  1.0764E-02  9.2083E-03  1.0899E-02  1.9847E-02  1.0000E+00
 6.6234E+04  1.0784E-02  9.1510E-03  1.0918E-02  1.9730E-02  1.0000E+00
 6.6741E+04  1.0804E-02  9.0940E-03  1.0937E-02  1.9615E-02  1.0000E+00
 6.7252E+04  1.0824E-02  9.0375E-03  1.0956E-02  1.9500E-02  1.0000E+00
 6.7767E+04  1.0844E-02  8.9814E-03  1.0976E-02  1.9386E-02  1.0000E+00
 6.8286E+04  1.0865E-02  8.9257E-03  1.0996E-02  1.9274E-02  1.0000E+00
 6.8809E+04  1.0885E-02  8.8704E-03  1.1016E-02  1.9162E-02  1.0000E+00
 6.9336E+04  1.0906E-02  8.8155E-03  1.1036E-02  1.9051E-02  1.0000E+00
 6.9867E+04  1.0927E-02  8.7611E-03  1.1056E-02  1.8940E-02  1.0000E+00
 7.0402E+04  1.0948E-02  8.7070E-03  1.1076E-02  1.8831E-02  1.0000E+00
 7.0942E+04  1.0970E-02  8.6534E-03  1.1097E-02  1.8723E-02  1.0000E+00
 7.1485E+04  1.0991E-02  8.6001E-03  1.1117E-02  1.8615E-02  1.0000E+00
 7.2032E+04  1.1013E-02  8.5473E-03  1.1138E-02  1.8508E-02  1.0000E+00
 7.2584E+04  1.1034E-02  8.4949E-03  1.1159E-02  1.8402E-02  1.0000E+00
 7.3140E+04  1.1056E-02  8.4428E-03  1.1181E-02  1.8297E-02  1.0000E+00
 7.3700E+04  1.1079E-02  8.3911E-03  1.1202E-02  1.8193E-02  1.0000E+00
 7.4264E+04  1.1101E-02  8.3399E-03  1.1224E-02  1.8090E-02  1.0000E+00
 7.4833E+04  1.1123E-02  8.2890E-03  1.1246E-02  1.7987E-02  1.0000E+00
 7.5406E+04  1.1146E-02  8.2385E-03  1.1268E-02  1.7885E-02  1.0000E+00
 7.5984E+04  1.1169E-02  8.1883E-03  1.1290E-02  1.7784E-02  1.0000E+00
 7.6566E+04  1.1192E-02  8.1386E-03  1.1312E-02  1.7684E-02  1.0000E+00
 7.7152E+04  1.1215E-02  8.0892E-03  1.1335E-02  1.7585E-02  1.0000E+00
 7.7743E+04  1.1239E-02  8.0402E-03  1.1358E-02  1.7486E-02  1.0000E+00
 7.8338E+04  1.1263E-02  7.9915E-03  1.1381E-02  1.7389E-02  1.0000E+00
 7.8938E+04  1.1286E-02  7.9433E-03  1.1404E-02  1.7292E-02  1.0000E+00
 7.9543E+04  1.1310E-02  7.8953E-03  1.1427E-02  1.7195E-02  1.0000E+00
 8.0152E+04  1.1335E-02  7.8478E-03  1.1451E-02  1.7100E-02  1.0000E+00
 8.0766E+04  1.1359E-02  7.8006E-03  1.1475E-02  1.7005E-02  1.0000E+00
 8.1384E+04  1.1384E-02  7.7537E-03  1.1499E-02  1.6911E-02  1.0000E+00
 8.2008E+04  1.1409E-02  7.7072E-03  1.1523E-02  1.6818E-02  1.0000E+00
 8.2636E+04  1.1434E-02  7.6611E-03  1.1547E-02  1.6726E-02  1.0000E+00
 8.3268E+04  1.1459E-02  7.6153E-03  1.1572E-02  1.6634E-02  1.0000E+00
 8.3906E+04  1.1484E-02  7.5699E-03  1.1597E-02  1.6543E-02  1.0000E+00
 8.4549E+04  1.1510E-02  7.5248E-03  1.1622E-02  1.6453E-02  1.0000E+00
 8.5196E+04  1.1536E-02  7.4800E-03  1.1647E-02  1.6363E-02  1.0000E+00
 8.5849E+04  1.1562E-02  7.4356E-03  1.1673E-02  1.6274E-02  1.0000E+00
 8.6506E+04  1.1588E-02  7.3915E-03  1.1698E-02  1.6186E-02  1.0000E+00
 8.7169E+04  1.1615E-02  7.3477E-03  1.1724E-02  1.6099E-02  1.0000E+00
 8.7836E+04  1.1642E-02  7.3043E-03  1.1750E-02  1.6012E-02  1.0000E+00
 8.8509E+04  1.1669E-02  7.2612E-03  1.1777E-02  1.5926E-02  1.0000E+00
 8.9187E+04  1.1696E-02  7.2184E-03  1.1803E-02  1.5841E-02  1.0000E+00
 8.9870E+04  1.1723E-02  7.1759E-03  1.1830E-02  1.5756E-02  1.0000E+00
 9.0558E+04  1.1751E-02  7.1338E-03  1.1857E-02  1.5672E-02  1.0000E+00
 9.1252E+04  1.1779E-02  7.0920E-03  1.1885E-02  1.5589E-02  1.0000E+00
 9.1950E+04  1.1807E-02  7.0505E-03  1.1912E-02  1.5507E-02  1.0000E+00
 9.2655E+04  1.1836E-02  7.0093E-03  1.1940E-02  1.5425E-02  1.0000E+00
 9.3364E+04  1.1864E-02  6.9684E-03  1.1968E-02  1.5344E-02  1.0000E+00
 9.4079E+04  1.1893E-02  6.9279E-03  1.1997E-02  1.5263E-02  1.0000E+00
 9.4800E+04  1.1922E-02  6.8876E-03  1.2025E-02  1.5183E-02  1.0000E+00
 9.5526E+04  1.1952E-02  6.8476E-03  1.2054E-02  1.5104E-02  1.0000E+00
 9.6257E+04  1.1981E-02  6.8080E-03  1.2083E-02  1.5025E-02  1.0000E+00
 9.6994E+04  1.2011E-02  6.7686E-03  1.2113E-02  1.4947E-02  1.0000E+00
 9.7737E+04  1.2041E-02  6.7296E-03  1.2142E-02  1.4870E-02  1.0000E+00
 9.8486E+04  1.2072E-02  6.6908E-03  1.2172E-02  1.4793E-02  1.0000E+00
 9.9240E+04  1.2102E-02  6.6524E-03  1.2202E-02  1.4717E-02  1.0000E+00
 1.0000E+05  1.2133E-02  6.6142E-03  1.2233E-02  1.4642E-02  1.0000E+00


