#     0	 1	   13	 3	 8.2798E+02	 1000	1
 4.8978E+01  0.0000E+00  0.0000E+00  0.0000E+00  0.0000E+00  0.0000E+00
 4.9353E+01  0.0000E+00  0.0000E+00  0.0000E+00  0.0000E+00  0.0000E+00
 4.9731E+01  0.0000E+00  0.0000E+00  0.0000E+00  0.0000E+00  0.0000E+00
 5.0112E+01  0.0000E+00  0.0000E+00  0.0000E+00  0.0000E+00  0.0000E+00
 5.0496E+01  0.0000E+00  0.0000E+00  0.0000E+00  0.0000E+00  0.0000E+00
 5.0882E+01  0.0000E+00  0.0000E+00  0.0000E+00  0.0000E+00  0.0000E+00
 5.1272E+01  0.0000E+00  0.0000E+00  0.0000E+00  0.0000E+00  0.0000E+00
 5.1665E+01  0.0000E+00  0.0000E+00  0.0000E+00  0.0000E+00  0.0000E+00
 5.2060E+01  0.0000E+00  0.0000E+00  0.0000E+00  0.0000E+00  0.0000E+00
 5.2459E+01  0.0000E+00  0.0000E+00  0.0000E+00  0.0000E+00  0.0000E+00
 5.2861E+01  0.0000E+00  0.0000E+00  0.0000E+00  0.0000E+00  0.0000E+00
 5.3266E+01  0.0000E+00  0.0000E+00  0.0000E+00  0.0000E+00  0.0000E+00
 5.3673E+01  0.0000E+00  0.0000E+00  0.0000E+00  0.0000E+00  0.0000E+00
 5.4085E+01  0.0000E+00  0.0000E+00  0.0000E+00  0.0000E+00  0.0000E+00
 5.4499E+01  0.0000E+00  0.0000E+00  0.0000E+00  0.0000E+00  0.0000E+00
 5.4916E+01  0.0000E+00  0.0000E+00  0.0000E+00  0.0000E+00  0.0000E+00
 5.5337E+01  0.0000E+00  0.0000E+00  0.0000E+00  0.0000E+00  0.0000E+00
 5.5760E+01  0.0000E+00  0.0000E+00  0.0000E+00  0.0000E+00  0.0000E+00
 5.6187E+01  0.0000E+00  0.0000E+00  0.0000E+00  0.0000E+00  0.0000E+00
 5.6618E+01  0.0000E+00  0.0000E+00  0.0000E+00  0.0000E+00  0.0000E+00
 5.7051E+01  0.0000E+00  0.0000E+00  0.0000E+00  0.0000E+00  0.0000E+00
 5.7488E+01  0.0000E+00  0.0000E+00  0.0000E+00  0.0000E+00  0.0000E+00
 5.7929E+01  0.0000E+00  0.0000E+00  0.0000E+00  0.0000E+00  0.0000E+00
 5.8372E+01  0.0000E+00  0.0000E+00  0.0000E+00  0.0000E+00  0.0000E+00
 5.8819E+01  0.0000E+00  0.0000E+00  0.0000E+00  0.0000E+00  0.0000E+00
 5.9270E+01  0.0000E+00  0.0000E+00  0.0000E+00  0.0000E+00  0.0000E+00
 5.9724E+01  0.0000E+00  0.0000E+00  0.0000E+00  0.0000E+00  0.0000E+00
 6.0181E+01  0.0000E+00  0.0000E+00  0.0000E+00  0.0000E+00  0.0000E+00
 6.0642E+01  0.0000E+00  0.0000E+00  0.0000E+00  0.0000E+00  0.0000E+00
 6.1106E+01  0.0000E+00  0.0000E+00  0.0000E+00  0.0000E+00  0.0000E+00
 6.1574E+01  0.0000E+00  0.0000E+00  0.0000E+00  0.0000E+00  0.0000E+00
 6.2046E+01  0.0000E+00  0.0000E+00  0.0000E+00  0.0000E+00  0.0000E+00
 6.2521E+01  0.0000E+00  0.0000E+00  0.0000E+00  0.0000E+00  0.0000E+00
 6.3000E+01  0.0000E+00  0.0000E+00  0.0000E+00  0.0000E+00  0.0000E+00
 6.3482E+01  0.0000E+00  0.0000E+00  0.0000E+00  0.0000E+00  0.0000E+00
 6.3968E+01  0.0000E+00  0.0000E+00  0.0000E+00  0.0000E+00  0.0000E+00
 6.4458E+01  0.0000E+00  0.0000E+00  0.0000E+00  0.0000E+00  0.0000E+00
 6.4952E+01  0.0000E+00  0.0000E+00  0.0000E+00  0.0000E+00  0.0000E+00
 6.5449E+01  0.0000E+00  0.0000E+00  0.0000E+00  0.0000E+00  0.0000E+00
 6.5951E+01  0.0000E+00  0.0000E+00  0.0000E+00  0.0000E+00  0.0000E+00
 6.6456E+01  0.0000E+00  0.0000E+00  0.0000E+00  0.0000E+00  0.0000E+00
 6.6965E+01  0.0000E+00  0.0000E+00  0.0000E+00  0.0000E+00  0.0000E+00
 6.7478E+01  0.0000E+00  0.0000E+00  0.0000E+00  0.0000E+00  0.0000E+00
 6.7994E+01  0.0000E+00  0.0000E+00  0.0000E+00  0.0000E+00  0.0000E+00
 6.8515E+01  0.0000E+00  0.0000E+00  0.0000E+00  0.0000E+00  0.0000E+00
 6.9040E+01  0.0000E+00  0.0000E+00  0.0000E+00  0.0000E+00  0.0000E+00
 6.9568E+01  0.0000E+00  0.0000E+00  0.0000E+00  0.0000E+00  0.0000E+00
 7.0101E+01  0.0000E+00  0.0000E+00  0.0000E+00  0.0000E+00  0.0000E+00
 7.0638E+01  0.0000E+00  0.0000E+00  0.0000E+00  0.0000E+00  0.0000E+00
 7.1179E+01  0.0000E+00  0.0000E+00  0.0000E+00  0.0000E+00  0.0000E+00
 7.1724E+01  0.0000E+00  0.0000E+00  0.0000E+00  0.0000E+00  0.0000E+00
 7.2273E+01  0.0000E+00  0.0000E+00  0.0000E+00  0.0000E+00  0.0000E+00
 7.2827E+01  0.0000E+00  0.0000E+00  0.0000E+00  0.0000E+00  0.0000E+00
 7.3385E+01  0.0000E+00  0.0000E+00  0.0000E+00  0.0000E+00  0.0000E+00
 7.3947E+01  0.0000E+00  0.0000E+00  0.0000E+00  0.0000E+00  0.0000E+00
 7.4513E+01  0.0000E+00  0.0000E+00  0.0000E+00  0.0000E+00  0.0000E+00
 7.5084E+01  0.0000E+00  0.0000E+00  0.0000E+00  0.0000E+00  0.0000E+00
 7.5659E+01  0.0000E+00  0.0000E+00  0.0000E+00  0.0000E+00  0.0000E+00
 7.6238E+01  0.0000E+00  0.0000E+00  0.0000E+00  0.0000E+00  0.0000E+00
 7.6822E+01  0.0000E+00  0.0000E+00  0.0000E+00  0.0000E+00  0.0000E+00
 7.7410E+01  0.0000E+00  0.0000E+00  0.0000E+00  0.0000E+00  0.0000E+00
 7.8003E+01  0.0000E+00  0.0000E+00  0.0000E+00  0.0000E+00  0.0000E+00
 7.8601E+01  0.0000E+00  0.0000E+00  0.0000E+00  0.0000E+00  0.0000E+00
 7.9202E+01  0.0000E+00  0.0000E+00  0.0000E+00  0.0000E+00  0.0000E+00
 7.9809E+01  0.0000E+00  0.0000E+00  0.0000E+00  0.0000E+00  0.0000E+00
 8.0420E+01  0.0000E+00  0.0000E+00  0.0000E+00  0.0000E+00  0.0000E+00
 8.1036E+01  0.0000E+00  0.0000E+00  0.0000E+00  0.0000E+00  0.0000E+00
 8.1657E+01  0.0000E+00  0.0000E+00  0.0000E+00  0.0000E+00  0.0000E+00
 8.2282E+01  0.0000E+00  0.0000E+00  0.0000E+00  0.0000E+00  0.0000E+00
 8.2912E+01  0.0000E+00  0.0000E+00  0.0000E+00  0.0000E+00  0.0000E+00
 8.3547E+01  0.0000E+00  0.0000E+00  0.0000E+00  0.0000E+00  0.0000E+00
 8.4187E+01  0.0000E+00  0.0000E+00  0.0000E+00  0.0000E+00  0.0000E+00
 8.4832E+01  0.0000E+00  0.0000E+00  0.0000E+00  0.0000E+00  0.0000E+00
 8.5481E+01  0.0000E+00  0.0000E+00  0.0000E+00  0.0000E+00  0.0000E+00
 8.6136E+01  0.0000E+00  0.0000E+00  0.0000E+00  0.0000E+00  0.0000E+00
 8.6796E+01  0.0000E+00  0.0000E+00  0.0000E+00  0.0000E+00  0.0000E+00
 8.7460E+01  0.0000E+00  0.0000E+00  0.0000E+00  0.0000E+00  0.0000E+00
 8.8130E+01  0.0000E+00  0.0000E+00  0.0000E+00  0.0000E+00  0.0000E+00
 8.8805E+01  0.0000E+00  0.0000E+00  0.0000E+00  0.0000E+00  0.0000E+00
 8.9485E+01  0.0000E+00  0.0000E+00  0.0000E+00  0.0000E+00  0.0000E+00
 9.0171E+01  0.0000E+00  0.0000E+00  0.0000E+00  0.0000E+00  0.0000E+00
 9.0861E+01  0.0000E+00  0.0000E+00  0.0000E+00  0.0000E+00  0.0000E+00
 9.1557E+01  0.0000E+00  0.0000E+00  0.0000E+00  0.0000E+00  0.0000E+00
 9.2258E+01  0.0000E+00  0.0000E+00  0.0000E+00  0.0000E+00  0.0000E+00
 9.2965E+01  0.0000E+00  0.0000E+00  0.0000E+00  0.0000E+00  0.0000E+00
 9.3677E+01  0.0000E+00  0.0000E+00  0.0000E+00  0.0000E+00  0.0000E+00
 9.4394E+01  0.0000E+00  0.0000E+00  0.0000E+00  0.0000E+00  0.0000E+00
 9.5117E+01  0.0000E+00  0.0000E+00  0.0000E+00  0.0000E+00  0.0000E+00
 9.5845E+01  0.0000E+00  0.0000E+00  0.0000E+00  0.0000E+00  0.0000E+00
 9.6579E+01  0.0000E+00  0.0000E+00  0.0000E+00  0.0000E+00  0.0000E+00
 9.7319E+01  0.0000E+00  0.0000E+00  0.0000E+00  0.0000E+00  0.0000E+00
 9.8064E+01  0.0000E+00  0.0000E+00  0.0000E+00  0.0000E+00  0.0000E+00
 9.8815E+01  0.0000E+00  0.0000E+00  0.0000E+00  0.0000E+00  0.0000E+00
 9.9572E+01  0.0000E+00  0.0000E+00  0.0000E+00  0.0000E+00  0.0000E+00
 1.0033E+02  0.0000E+00  0.0000E+00  0.0000E+00  0.0000E+00  0.0000E+00
 1.0110E+02  0.0000E+00  0.0000E+00  0.0000E+00  0.0000E+00  0.0000E+00
 1.0188E+02  0.0000E+00  0.0000E+00  0.0000E+00  0.0000E+00  0.0000E+00
 1.0266E+02  0.0000E+00  0.0000E+00  0.0000E+00  0.0000E+00  0.0000E+00
 1.0344E+02  0.0000E+00  0.0000E+00  0.0000E+00  0.0000E+00  0.0000E+00
 1.0424E+02  0.0000E+00  0.0000E+00  0.0000E+00  0.0000E+00  0.0000E+00
 1.0503E+02  0.0000E+00  0.0000E+00  0.0000E+00  0.0000E+00  0.0000E+00
 1.0584E+02  0.0000E+00  0.0000E+00  0.0000E+00  0.0000E+00  0.0000E+00
 1.0665E+02  0.0000E+00  0.0000E+00  0.0000E+00  0.0000E+00  0.0000E+00
 1.0747E+02  0.0000E+00  0.0000E+00  0.0000E+00  0.0000E+00  0.0000E+00
 1.0829E+02  0.0000E+00  0.0000E+00  0.0000E+00  0.0000E+00  0.0000E+00
 1.0912E+02  0.0000E+00  0.0000E+00  0.0000E+00  0.0000E+00  0.0000E+00
 1.0995E+02  0.0000E+00  0.0000E+00  0.0000E+00  0.0000E+00  0.0000E+00
 1.1080E+02  0.0000E+00  0.0000E+00  0.0000E+00  0.0000E+00  0.0000E+00
 1.1164E+02  0.0000E+00  0.0000E+00  0.0000E+00  0.0000E+00  0.0000E+00
 1.1250E+02  0.0000E+00  0.0000E+00  0.0000E+00  0.0000E+00  0.0000E+00
 1.1336E+02  0.0000E+00  0.0000E+00  0.0000E+00  0.0000E+00  0.0000E+00
 1.1423E+02  0.0000E+00  0.0000E+00  0.0000E+00  0.0000E+00  0.0000E+00
 1.1510E+02  0.0000E+00  0.0000E+00  0.0000E+00  0.0000E+00  0.0000E+00
 1.1599E+02  0.0000E+00  0.0000E+00  0.0000E+00  0.0000E+00  0.0000E+00
 1.1687E+02  0.0000E+00  0.0000E+00  0.0000E+00  0.0000E+00  0.0000E+00
 1.1777E+02  0.0000E+00  0.0000E+00  0.0000E+00  0.0000E+00  0.0000E+00
 1.1867E+02  0.0000E+00  0.0000E+00  0.0000E+00  0.0000E+00  0.0000E+00
 1.1958E+02  0.0000E+00  0.0000E+00  0.0000E+00  0.0000E+00  0.0000E+00
 1.2050E+02  0.0000E+00  0.0000E+00  0.0000E+00  0.0000E+00  0.0000E+00
 1.2142E+02  0.0000E+00  0.0000E+00  0.0000E+00  0.0000E+00  0.0000E+00
 1.2235E+02  0.0000E+00  0.0000E+00  0.0000E+00  0.0000E+00  0.0000E+00
 1.2329E+02  0.0000E+00  0.0000E+00  0.0000E+00  0.0000E+00  0.0000E+00
 1.2423E+02  0.0000E+00  0.0000E+00  0.0000E+00  0.0000E+00  0.0000E+00
 1.2518E+02  0.0000E+00  0.0000E+00  0.0000E+00  0.0000E+00  0.0000E+00
 1.2614E+02  0.0000E+00  0.0000E+00  0.0000E+00  0.0000E+00  0.0000E+00
 1.2711E+02  0.0000E+00  0.0000E+00  0.0000E+00  0.0000E+00  0.0000E+00
 1.2808E+02  0.0000E+00  0.0000E+00  0.0000E+00  0.0000E+00  0.0000E+00
 1.2906E+02  0.0000E+00  0.0000E+00  0.0000E+00  0.0000E+00  0.0000E+00
 1.3005E+02  0.0000E+00  0.0000E+00  0.0000E+00  0.0000E+00  0.0000E+00
 1.3104E+02  0.0000E+00  0.0000E+00  0.0000E+00  0.0000E+00  0.0000E+00
 1.3205E+02  0.0000E+00  0.0000E+00  0.0000E+00  0.0000E+00  0.0000E+00
 1.3306E+02  0.0000E+00  0.0000E+00  0.0000E+00  0.0000E+00  0.0000E+00
 1.3408E+02  0.0000E+00  0.0000E+00  0.0000E+00  0.0000E+00  0.0000E+00
 1.3510E+02  0.0000E+00  0.0000E+00  0.0000E+00  0.0000E+00  0.0000E+00
 1.3614E+02  0.0000E+00  0.0000E+00  0.0000E+00  0.0000E+00  0.0000E+00
 1.3718E+02  0.0000E+00  0.0000E+00  0.0000E+00  0.0000E+00  0.0000E+00
 1.3823E+02  0.0000E+00  0.0000E+00  0.0000E+00  0.0000E+00  0.0000E+00
 1.3929E+02  0.0000E+00  0.0000E+00  0.0000E+00  0.0000E+00  0.0000E+00
 1.4036E+02  0.0000E+00  0.0000E+00  0.0000E+00  0.0000E+00  0.0000E+00
 1.4143E+02  0.0000E+00  0.0000E+00  0.0000E+00  0.0000E+00  0.0000E+00
 1.4252E+02  0.0000E+00  0.0000E+00  0.0000E+00  0.0000E+00  0.0000E+00
 1.4361E+02  0.0000E+00  0.0000E+00  0.0000E+00  0.0000E+00  0.0000E+00
 1.4471E+02  0.0000E+00  0.0000E+00  0.0000E+00  0.0000E+00  0.0000E+00
 1.4582E+02  0.0000E+00  0.0000E+00  0.0000E+00  0.0000E+00  0.0000E+00
 1.4693E+02  0.0000E+00  0.0000E+00  0.0000E+00  0.0000E+00  0.0000E+00
 1.4806E+02  0.0000E+00  0.0000E+00  0.0000E+00  0.0000E+00  0.0000E+00
 1.4919E+02  0.0000E+00  0.0000E+00  0.0000E+00  0.0000E+00  0.0000E+00
 1.5033E+02  0.0000E+00  0.0000E+00  0.0000E+00  0.0000E+00  0.0000E+00
 1.5149E+02  0.0000E+00  0.0000E+00  0.0000E+00  0.0000E+00  0.0000E+00
 1.5265E+02  0.0000E+00  0.0000E+00  0.0000E+00  0.0000E+00  0.0000E+00
 1.5381E+02  0.0000E+00  0.0000E+00  0.0000E+00  0.0000E+00  0.0000E+00
 1.5499E+02  0.0000E+00  0.0000E+00  0.0000E+00  0.0000E+00  0.0000E+00
 1.5618E+02  0.0000E+00  0.0000E+00  0.0000E+00  0.0000E+00  0.0000E+00
 1.5738E+02  0.0000E+00  0.0000E+00  0.0000E+00  0.0000E+00  0.0000E+00
 1.5858E+02  0.0000E+00  0.0000E+00  0.0000E+00  0.0000E+00  0.0000E+00
 1.5980E+02  0.0000E+00  0.0000E+00  0.0000E+00  0.0000E+00  0.0000E+00
 1.6102E+02  0.0000E+00  0.0000E+00  0.0000E+00  0.0000E+00  0.0000E+00
 1.6225E+02  0.0000E+00  0.0000E+00  0.0000E+00  0.0000E+00  0.0000E+00
 1.6349E+02  0.0000E+00  0.0000E+00  0.0000E+00  0.0000E+00  0.0000E+00
 1.6475E+02  0.0000E+00  0.0000E+00  0.0000E+00  0.0000E+00  0.0000E+00
 1.6601E+02  0.0000E+00  0.0000E+00  0.0000E+00  0.0000E+00  0.0000E+00
 1.6728E+02  0.0000E+00  0.0000E+00  0.0000E+00  0.0000E+00  0.0000E+00
 1.6856E+02  0.0000E+00  0.0000E+00  0.0000E+00  0.0000E+00  0.0000E+00
 1.6985E+02  0.0000E+00  0.0000E+00  0.0000E+00  0.0000E+00  0.0000E+00
 1.7115E+02  0.0000E+00  0.0000E+00  0.0000E+00  0.0000E+00  0.0000E+00
 1.7246E+02  0.0000E+00  0.0000E+00  0.0000E+00  0.0000E+00  0.0000E+00
 1.7378E+02  0.0000E+00  0.0000E+00  0.0000E+00  0.0000E+00  0.0000E+00
 1.7511E+02  0.0000E+00  0.0000E+00  0.0000E+00  0.0000E+00  0.0000E+00
 1.7646E+02  0.0000E+00  0.0000E+00  0.0000E+00  0.0000E+00  0.0000E+00
 1.7781E+02  0.0000E+00  0.0000E+00  0.0000E+00  0.0000E+00  0.0000E+00
 1.7917E+02  0.0000E+00  0.0000E+00  0.0000E+00  0.0000E+00  0.0000E+00
 1.8054E+02  0.0000E+00  0.0000E+00  0.0000E+00  0.0000E+00  0.0000E+00
 1.8192E+02  0.0000E+00  0.0000E+00  0.0000E+00  0.0000E+00  0.0000E+00
 1.8332E+02  0.0000E+00  0.0000E+00  0.0000E+00  0.0000E+00  0.0000E+00
 1.8472E+02  0.0000E+00  0.0000E+00  0.0000E+00  0.0000E+00  0.0000E+00
 1.8614E+02  0.0000E+00  0.0000E+00  0.0000E+00  0.0000E+00  0.0000E+00
 1.8756E+02  0.0000E+00  0.0000E+00  0.0000E+00  0.0000E+00  0.0000E+00
 1.8900E+02  0.0000E+00  0.0000E+00  0.0000E+00  0.0000E+00  0.0000E+00
 1.9045E+02  0.0000E+00  0.0000E+00  0.0000E+00  0.0000E+00  0.0000E+00
 1.9190E+02  0.0000E+00  0.0000E+00  0.0000E+00  0.0000E+00  0.0000E+00
 1.9337E+02  0.0000E+00  0.0000E+00  0.0000E+00  0.0000E+00  0.0000E+00
 1.9485E+02  0.0000E+00  0.0000E+00  0.0000E+00  0.0000E+00  0.0000E+00
 1.9635E+02  0.0000E+00  0.0000E+00  0.0000E+00  0.0000E+00  0.0000E+00
 1.9785E+02  0.0000E+00  0.0000E+00  0.0000E+00  0.0000E+00  0.0000E+00
 1.9937E+02  0.0000E+00  0.0000E+00  0.0000E+00  0.0000E+00  0.0000E+00
 2.0089E+02  0.0000E+00  0.0000E+00  0.0000E+00  0.0000E+00  0.0000E+00
 2.0243E+02  0.0000E+00  0.0000E+00  0.0000E+00  0.0000E+00  0.0000E+00
 2.0398E+02  0.0000E+00  0.0000E+00  0.0000E+00  0.0000E+00  0.0000E+00
 2.0554E+02  0.0000E+00  0.0000E+00  0.0000E+00  0.0000E+00  0.0000E+00
 2.0712E+02  0.0000E+00  0.0000E+00  0.0000E+00  0.0000E+00  0.0000E+00
 2.0870E+02  0.0000E+00  0.0000E+00  0.0000E+00  0.0000E+00  0.0000E+00
 2.1030E+02  0.0000E+00  0.0000E+00  0.0000E+00  0.0000E+00  0.0000E+00
 2.1191E+02  0.0000E+00  0.0000E+00  0.0000E+00  0.0000E+00  0.0000E+00
 2.1354E+02  0.0000E+00  0.0000E+00  0.0000E+00  0.0000E+00  0.0000E+00
 2.1517E+02  0.0000E+00  0.0000E+00  0.0000E+00  0.0000E+00  0.0000E+00
 2.1682E+02  0.0000E+00  0.0000E+00  0.0000E+00  0.0000E+00  0.0000E+00
 2.1848E+02  0.0000E+00  0.0000E+00  0.0000E+00  0.0000E+00  0.0000E+00
 2.2015E+02  0.0000E+00  0.0000E+00  0.0000E+00  0.0000E+00  0.0000E+00
 2.2184E+02  0.0000E+00  0.0000E+00  0.0000E+00  0.0000E+00  0.0000E+00
 2.2354E+02  0.0000E+00  0.0000E+00  0.0000E+00  0.0000E+00  0.0000E+00
 2.2525E+02  0.0000E+00  0.0000E+00  0.0000E+00  0.0000E+00  0.0000E+00
 2.2697E+02  0.0000E+00  0.0000E+00  0.0000E+00  0.0000E+00  0.0000E+00
 2.2871E+02  0.0000E+00  0.0000E+00  0.0000E+00  0.0000E+00  0.0000E+00
 2.3046E+02  0.0000E+00  0.0000E+00  0.0000E+00  0.0000E+00  0.0000E+00
 2.3223E+02  0.0000E+00  0.0000E+00  0.0000E+00  0.0000E+00  0.0000E+00
 2.3401E+02  0.0000E+00  0.0000E+00  0.0000E+00  0.0000E+00  0.0000E+00
 2.3580E+02  0.0000E+00  0.0000E+00  0.0000E+00  0.0000E+00  0.0000E+00
 2.3761E+02  0.0000E+00  0.0000E+00  0.0000E+00  0.0000E+00  0.0000E+00
 2.3942E+02  0.0000E+00  0.0000E+00  0.0000E+00  0.0000E+00  0.0000E+00
 2.4126E+02  0.0000E+00  0.0000E+00  0.0000E+00  0.0000E+00  0.0000E+00
 2.4311E+02  0.0000E+00  0.0000E+00  0.0000E+00  0.0000E+00  0.0000E+00
 2.4497E+02  0.0000E+00  0.0000E+00  0.0000E+00  0.0000E+00  0.0000E+00
 2.4684E+02  0.0000E+00  0.0000E+00  0.0000E+00  0.0000E+00  0.0000E+00
 2.4873E+02  0.0000E+00  0.0000E+00  0.0000E+00  0.0000E+00  0.0000E+00
 2.5064E+02  0.0000E+00  0.0000E+00  0.0000E+00  0.0000E+00  0.0000E+00
 2.5256E+02  0.0000E+00  0.0000E+00  0.0000E+00  0.0000E+00  0.0000E+00
 2.5449E+02  0.0000E+00  0.0000E+00  0.0000E+00  0.0000E+00  0.0000E+00
 2.5644E+02  0.0000E+00  0.0000E+00  0.0000E+00  0.0000E+00  0.0000E+00
 2.5841E+02  0.0000E+00  0.0000E+00  0.0000E+00  0.0000E+00  0.0000E+00
 2.6038E+02  0.0000E+00  0.0000E+00  0.0000E+00  0.0000E+00  0.0000E+00
 2.6238E+02  0.0000E+00  0.0000E+00  0.0000E+00  0.0000E+00  0.0000E+00
 2.6439E+02  0.0000E+00  0.0000E+00  0.0000E+00  0.0000E+00  0.0000E+00
 2.6641E+02  0.0000E+00  0.0000E+00  0.0000E+00  0.0000E+00  0.0000E+00
 2.6845E+02  0.0000E+00  0.0000E+00  0.0000E+00  0.0000E+00  0.0000E+00
 2.7051E+02  0.0000E+00  0.0000E+00  0.0000E+00  0.0000E+00  0.0000E+00
 2.7258E+02  0.0000E+00  0.0000E+00  0.0000E+00  0.0000E+00  0.0000E+00
 2.7467E+02  0.0000E+00  0.0000E+00  0.0000E+00  0.0000E+00  0.0000E+00
 2.7677E+02  0.0000E+00  0.0000E+00  0.0000E+00  0.0000E+00  0.0000E+00
 2.7889E+02  0.0000E+00  0.0000E+00  0.0000E+00  0.0000E+00  0.0000E+00
 2.8103E+02  0.0000E+00  0.0000E+00  0.0000E+00  0.0000E+00  0.0000E+00
 2.8318E+02  0.0000E+00  0.0000E+00  0.0000E+00  0.0000E+00  0.0000E+00
 2.8535E+02  0.0000E+00  0.0000E+00  0.0000E+00  0.0000E+00  0.0000E+00
 2.8753E+02  0.0000E+00  0.0000E+00  0.0000E+00  0.0000E+00  0.0000E+00
 2.8974E+02  0.0000E+00  0.0000E+00  0.0000E+00  0.0000E+00  0.0000E+00
 2.9195E+02  0.0000E+00  0.0000E+00  0.0000E+00  0.0000E+00  0.0000E+00
 2.9419E+02  0.0000E+00  0.0000E+00  0.0000E+00  0.0000E+00  0.0000E+00
 2.9644E+02  0.0000E+00  0.0000E+00  0.0000E+00  0.0000E+00  0.0000E+00
 2.9871E+02  0.0000E+00  0.0000E+00  0.0000E+00  0.0000E+00  0.0000E+00
 3.0100E+02  0.0000E+00  0.0000E+00  0.0000E+00  0.0000E+00  0.0000E+00
 3.0331E+02  0.0000E+00  0.0000E+00  0.0000E+00  0.0000E+00  0.0000E+00
 3.0563E+02  0.0000E+00  0.0000E+00  0.0000E+00  0.0000E+00  0.0000E+00
 3.0797E+02  0.0000E+00  0.0000E+00  0.0000E+00  0.0000E+00  0.0000E+00
 3.1033E+02  0.0000E+00  0.0000E+00  0.0000E+00  0.0000E+00  0.0000E+00
 3.1271E+02  0.0000E+00  0.0000E+00  0.0000E+00  0.0000E+00  0.0000E+00
 3.1510E+02  0.0000E+00  0.0000E+00  0.0000E+00  0.0000E+00  0.0000E+00
 3.1751E+02  0.0000E+00  0.0000E+00  0.0000E+00  0.0000E+00  0.0000E+00
 3.1994E+02  0.0000E+00  0.0000E+00  0.0000E+00  0.0000E+00  0.0000E+00
 3.2240E+02  0.0000E+00  0.0000E+00  0.0000E+00  0.0000E+00  0.0000E+00
 3.2486E+02  0.0000E+00  0.0000E+00  0.0000E+00  0.0000E+00  0.0000E+00
 3.2735E+02  0.0000E+00  0.0000E+00  0.0000E+00  0.0000E+00  0.0000E+00
 3.2986E+02  0.0000E+00  0.0000E+00  0.0000E+00  0.0000E+00  0.0000E+00
 3.3239E+02  0.0000E+00  0.0000E+00  0.0000E+00  0.0000E+00  0.0000E+00
 3.3493E+02  0.0000E+00  0.0000E+00  0.0000E+00  0.0000E+00  0.0000E+00
 3.3750E+02  0.0000E+00  0.0000E+00  0.0000E+00  0.0000E+00  0.0000E+00
 3.4008E+02  0.0000E+00  0.0000E+00  0.0000E+00  0.0000E+00  0.0000E+00
 3.4268E+02  0.0000E+00  0.0000E+00  0.0000E+00  0.0000E+00  0.0000E+00
 3.4531E+02  0.0000E+00  0.0000E+00  0.0000E+00  0.0000E+00  0.0000E+00
 3.4795E+02  0.0000E+00  0.0000E+00  0.0000E+00  0.0000E+00  0.0000E+00
 3.5062E+02  0.0000E+00  0.0000E+00  0.0000E+00  0.0000E+00  0.0000E+00
 3.5330E+02  0.0000E+00  0.0000E+00  0.0000E+00  0.0000E+00  0.0000E+00
 3.5601E+02  0.0000E+00  0.0000E+00  0.0000E+00  0.0000E+00  0.0000E+00
 3.5874E+02  0.0000E+00  0.0000E+00  0.0000E+00  0.0000E+00  0.0000E+00
 3.6148E+02  0.0000E+00  0.0000E+00  0.0000E+00  0.0000E+00  0.0000E+00
 3.6425E+02  0.0000E+00  0.0000E+00  0.0000E+00  0.0000E+00  0.0000E+00
 3.6704E+02  0.0000E+00  0.0000E+00  0.0000E+00  0.0000E+00  0.0000E+00
 3.6985E+02  0.0000E+00  0.0000E+00  0.0000E+00  0.0000E+00  0.0000E+00
 3.7268E+02  0.0000E+00  0.0000E+00  0.0000E+00  0.0000E+00  0.0000E+00
 3.7554E+02  0.0000E+00  0.0000E+00  0.0000E+00  0.0000E+00  0.0000E+00
 3.7841E+02  0.0000E+00  0.0000E+00  0.0000E+00  0.0000E+00  0.0000E+00
 3.8131E+02  0.0000E+00  0.0000E+00  0.0000E+00  0.0000E+00  0.0000E+00
 3.8423E+02  0.0000E+00  0.0000E+00  0.0000E+00  0.0000E+00  0.0000E+00
 3.8718E+02  0.0000E+00  0.0000E+00  0.0000E+00  0.0000E+00  0.0000E+00
 3.9014E+02  0.0000E+00  0.0000E+00  0.0000E+00  0.0000E+00  0.0000E+00
 3.9313E+02  0.0000E+00  0.0000E+00  0.0000E+00  0.0000E+00  0.0000E+00
 3.9614E+02  0.0000E+00  0.0000E+00  0.0000E+00  0.0000E+00  0.0000E+00
 3.9917E+02  0.0000E+00  0.0000E+00  0.0000E+00  0.0000E+00  0.0000E+00
 4.0223E+02  0.0000E+00  0.0000E+00  0.0000E+00  0.0000E+00  0.0000E+00
 4.0531E+02  0.0000E+00  0.0000E+00  0.0000E+00  0.0000E+00  0.0000E+00
 4.0841E+02  0.0000E+00  0.0000E+00  0.0000E+00  0.0000E+00  0.0000E+00
 4.1154E+02  0.0000E+00  0.0000E+00  0.0000E+00  0.0000E+00  0.0000E+00
 4.1469E+02  0.0000E+00  0.0000E+00  0.0000E+00  0.0000E+00  0.0000E+00
 4.1787E+02  0.0000E+00  0.0000E+00  0.0000E+00  0.0000E+00  0.0000E+00
 4.2107E+02  0.0000E+00  0.0000E+00  0.0000E+00  0.0000E+00  0.0000E+00
 4.2429E+02  0.0000E+00  0.0000E+00  0.0000E+00  0.0000E+00  0.0000E+00
 4.2754E+02  0.0000E+00  0.0000E+00  0.0000E+00  0.0000E+00  0.0000E+00
 4.3082E+02  0.0000E+00  0.0000E+00  0.0000E+00  0.0000E+00  0.0000E+00
 4.3412E+02  0.0000E+00  0.0000E+00  0.0000E+00  0.0000E+00  0.0000E+00
 4.3744E+02  0.0000E+00  0.0000E+00  0.0000E+00  0.0000E+00  0.0000E+00
 4.4079E+02  0.0000E+00  0.0000E+00  0.0000E+00  0.0000E+00  0.0000E+00
 4.4417E+02  0.0000E+00  0.0000E+00  0.0000E+00  0.0000E+00  0.0000E+00
 4.4757E+02  0.0000E+00  0.0000E+00  0.0000E+00  0.0000E+00  0.0000E+00
 4.5100E+02  0.0000E+00  0.0000E+00  0.0000E+00  0.0000E+00  0.0000E+00
 4.5445E+02  0.0000E+00  0.0000E+00  0.0000E+00  0.0000E+00  0.0000E+00
 4.5793E+02  0.0000E+00  0.0000E+00  0.0000E+00  0.0000E+00  0.0000E+00
 4.6144E+02  0.0000E+00  0.0000E+00  0.0000E+00  0.0000E+00  0.0000E+00
 4.6497E+02  0.0000E+00  0.0000E+00  0.0000E+00  0.0000E+00  0.0000E+00
 4.6853E+02  0.0000E+00  0.0000E+00  0.0000E+00  0.0000E+00  0.0000E+00
 4.7212E+02  0.0000E+00  0.0000E+00  0.0000E+00  0.0000E+00  0.0000E+00
 4.7574E+02  0.0000E+00  0.0000E+00  0.0000E+00  0.0000E+00  0.0000E+00
 4.7938E+02  0.0000E+00  0.0000E+00  0.0000E+00  0.0000E+00  0.0000E+00
 4.8305E+02  0.0000E+00  0.0000E+00  0.0000E+00  0.0000E+00  0.0000E+00
 4.8675E+02  0.0000E+00  0.0000E+00  0.0000E+00  0.0000E+00  0.0000E+00
 4.9048E+02  0.0000E+00  0.0000E+00  0.0000E+00  0.0000E+00  0.0000E+00
 4.9424E+02  0.0000E+00  0.0000E+00  0.0000E+00  0.0000E+00  0.0000E+00
 4.9802E+02  0.0000E+00  0.0000E+00  0.0000E+00  0.0000E+00  0.0000E+00
 5.0183E+02  0.0000E+00  0.0000E+00  0.0000E+00  0.0000E+00  0.0000E+00
 5.0568E+02  0.0000E+00  0.0000E+00  0.0000E+00  0.0000E+00  0.0000E+00
 5.0955E+02  0.0000E+00  0.0000E+00  0.0000E+00  0.0000E+00  0.0000E+00
 5.1345E+02  0.0000E+00  0.0000E+00  0.0000E+00  0.0000E+00  0.0000E+00
 5.1738E+02  0.0000E+00  0.0000E+00  0.0000E+00  0.0000E+00  0.0000E+00
 5.2135E+02  0.0000E+00  0.0000E+00  0.0000E+00  0.0000E+00  0.0000E+00
 5.2534E+02  0.0000E+00  0.0000E+00  0.0000E+00  0.0000E+00  0.0000E+00
 5.2936E+02  0.0000E+00  0.0000E+00  0.0000E+00  0.0000E+00  0.0000E+00
 5.3342E+02  0.0000E+00  0.0000E+00  0.0000E+00  0.0000E+00  0.0000E+00
 5.3750E+02  0.0000E+00  0.0000E+00  0.0000E+00  0.0000E+00  0.0000E+00
 5.4162E+02  0.0000E+00  0.0000E+00  0.0000E+00  0.0000E+00  0.0000E+00
 5.4577E+02  0.0000E+00  0.0000E+00  0.0000E+00  0.0000E+00  0.0000E+00
 5.4995E+02  0.0000E+00  0.0000E+00  0.0000E+00  0.0000E+00  0.0000E+00
 5.5416E+02  0.0000E+00  0.0000E+00  0.0000E+00  0.0000E+00  0.0000E+00
 5.5840E+02  0.0000E+00  0.0000E+00  0.0000E+00  0.0000E+00  0.0000E+00
 5.6268E+02  0.0000E+00  0.0000E+00  0.0000E+00  0.0000E+00  0.0000E+00
 5.6699E+02  0.0000E+00  0.0000E+00  0.0000E+00  0.0000E+00  0.0000E+00
 5.7133E+02  0.0000E+00  0.0000E+00  0.0000E+00  0.0000E+00  0.0000E+00
 5.7571E+02  0.0000E+00  0.0000E+00  0.0000E+00  0.0000E+00  0.0000E+00
 5.8011E+02  0.0000E+00  0.0000E+00  0.0000E+00  0.0000E+00  0.0000E+00
 5.8456E+02  0.0000E+00  0.0000E+00  0.0000E+00  0.0000E+00  0.0000E+00
 5.8903E+02  0.0000E+00  0.0000E+00  0.0000E+00  0.0000E+00  0.0000E+00
 5.9354E+02  0.0000E+00  0.0000E+00  0.0000E+00  0.0000E+00  0.0000E+00
 5.9809E+02  0.0000E+00  0.0000E+00  0.0000E+00  0.0000E+00  0.0000E+00
 6.0267E+02  0.0000E+00  0.0000E+00  0.0000E+00  0.0000E+00  0.0000E+00
 6.0729E+02  0.0000E+00  0.0000E+00  0.0000E+00  0.0000E+00  0.0000E+00
 6.1194E+02  0.0000E+00  0.0000E+00  0.0000E+00  0.0000E+00  0.0000E+00
 6.1662E+02  0.0000E+00  0.0000E+00  0.0000E+00  0.0000E+00  0.0000E+00
 6.2135E+02  0.0000E+00  0.0000E+00  0.0000E+00  0.0000E+00  0.0000E+00
 6.2610E+02  0.0000E+00  0.0000E+00  0.0000E+00  0.0000E+00  0.0000E+00
 6.3090E+02  0.0000E+00  0.0000E+00  0.0000E+00  0.0000E+00  0.0000E+00
 6.3573E+02  0.0000E+00  0.0000E+00  0.0000E+00  0.0000E+00  0.0000E+00
 6.4060E+02  0.0000E+00  0.0000E+00  0.0000E+00  0.0000E+00  0.0000E+00
 6.4551E+02  0.0000E+00  0.0000E+00  0.0000E+00  0.0000E+00  0.0000E+00
 6.5045E+02  0.0000E+00  0.0000E+00  0.0000E+00  0.0000E+00  0.0000E+00
 6.5543E+02  0.0000E+00  0.0000E+00  0.0000E+00  0.0000E+00  0.0000E+00
 6.6045E+02  0.0000E+00  0.0000E+00  0.0000E+00  0.0000E+00  0.0000E+00
 6.6551E+02  0.0000E+00  0.0000E+00  0.0000E+00  0.0000E+00  0.0000E+00
 6.7060E+02  0.0000E+00  0.0000E+00  0.0000E+00  0.0000E+00  0.0000E+00
 6.7574E+02  0.0000E+00  0.0000E+00  0.0000E+00  0.0000E+00  0.0000E+00
 6.8092E+02  0.0000E+00  0.0000E+00  0.0000E+00  0.0000E+00  0.0000E+00
 6.8613E+02  0.0000E+00  0.0000E+00  0.0000E+00  0.0000E+00  0.0000E+00
 6.9138E+02  0.0000E+00  0.0000E+00  0.0000E+00  0.0000E+00  0.0000E+00
 6.9668E+02  0.0000E+00  0.0000E+00  0.0000E+00  0.0000E+00  0.0000E+00
 7.0201E+02  0.0000E+00  0.0000E+00  0.0000E+00  0.0000E+00  0.0000E+00
 7.0739E+02  0.0000E+00  0.0000E+00  0.0000E+00  0.0000E+00  0.0000E+00
 7.1281E+02  0.0000E+00  0.0000E+00  0.0000E+00  0.0000E+00  0.0000E+00
 7.1827E+02  0.0000E+00  0.0000E+00  0.0000E+00  0.0000E+00  0.0000E+00
 7.2377E+02  0.0000E+00  0.0000E+00  0.0000E+00  0.0000E+00  0.0000E+00
 7.2931E+02  0.0000E+00  0.0000E+00  0.0000E+00  0.0000E+00  0.0000E+00
 7.3490E+02  0.0000E+00  0.0000E+00  0.0000E+00  0.0000E+00  0.0000E+00
 7.4052E+02  0.0000E+00  0.0000E+00  0.0000E+00  0.0000E+00  0.0000E+00
 7.4620E+02  0.0000E+00  0.0000E+00  0.0000E+00  0.0000E+00  0.0000E+00
 7.5191E+02  0.0000E+00  0.0000E+00  0.0000E+00  0.0000E+00  0.0000E+00
 7.5767E+02  0.0000E+00  0.0000E+00  0.0000E+00  0.0000E+00  0.0000E+00
 7.6347E+02  0.0000E+00  0.0000E+00  0.0000E+00  0.0000E+00  0.0000E+00
 7.6932E+02  0.0000E+00  0.0000E+00  0.0000E+00  0.0000E+00  0.0000E+00
 7.7521E+02  0.0000E+00  0.0000E+00  0.0000E+00  0.0000E+00  0.0000E+00
 7.8115E+02  0.0000E+00  0.0000E+00  0.0000E+00  0.0000E+00  0.0000E+00
 7.8713E+02  0.0000E+00  0.0000E+00  0.0000E+00  0.0000E+00  0.0000E+00
 7.9316E+02  0.0000E+00  0.0000E+00  0.0000E+00  0.0000E+00  0.0000E+00
 7.9923E+02  0.0000E+00  0.0000E+00  0.0000E+00  0.0000E+00  0.0000E+00
 8.0535E+02  0.0000E+00  0.0000E+00  0.0000E+00  0.0000E+00  0.0000E+00
 8.1152E+02  0.0000E+00  0.0000E+00  0.0000E+00  0.0000E+00  0.0000E+00
 8.1774E+02  0.0000E+00  0.0000E+00  0.0000E+00  0.0000E+00  0.0000E+00
 8.2400E+02  0.0000E+00  0.0000E+00  0.0000E+00  0.0000E+00  0.0000E+00
 8.3031E+02  2.9859E-03  2.1504E-01  5.7548E-03  8.2958E-01  1.0000E+00
 8.3667E+02  2.9908E-03  2.1376E-01  5.7549E-03  8.2330E-01  1.0000E+00
 8.4307E+02  2.9958E-03  2.1248E-01  5.7551E-03  8.1706E-01  1.0000E+00
 8.4953E+02  3.0007E-03  2.1122E-01  5.7552E-03  8.1087E-01  1.0000E+00
 8.5604E+02  3.0056E-03  2.0995E-01  5.7554E-03  8.0473E-01  1.0000E+00
 8.6259E+02  3.0106E-03  2.0870E-01  5.7555E-03  7.9863E-01  1.0000E+00
 8.6920E+02  3.0155E-03  2.0745E-01  5.7557E-03  7.9259E-01  1.0000E+00
 8.7586E+02  3.0206E-03  2.0622E-01  5.7558E-03  7.8658E-01  1.0000E+00
 8.8256E+02  3.0256E-03  2.0499E-01  5.7560E-03  7.8062E-01  1.0000E+00
 8.8932E+02  3.0308E-03  2.0378E-01  5.7561E-03  7.7471E-01  1.0000E+00
 8.9613E+02  3.0360E-03  2.0257E-01  5.7563E-03  7.6884E-01  1.0000E+00
 9.0300E+02  3.0412E-03  2.0138E-01  5.7564E-03  7.6302E-01  1.0000E+00
 9.0991E+02  3.0465E-03  2.0020E-01  5.7566E-03  7.5724E-01  1.0000E+00
 9.1688E+02  3.0518E-03  1.9902E-01  5.7567E-03  7.5151E-01  1.0000E+00
 9.2390E+02  3.0572E-03  1.9786E-01  5.7569E-03  7.4582E-01  1.0000E+00
 9.3098E+02  3.0627E-03  1.9670E-01  5.7570E-03  7.4017E-01  1.0000E+00
 9.3811E+02  3.0682E-03  1.9556E-01  5.7572E-03  7.3456E-01  1.0000E+00
 9.4529E+02  3.0738E-03  1.9442E-01  5.7574E-03  7.2900E-01  1.0000E+00
 9.5253E+02  3.0794E-03  1.9330E-01  5.7575E-03  7.2348E-01  1.0000E+00
 9.5983E+02  3.0850E-03  1.9218E-01  5.7577E-03  7.1800E-01  1.0000E+00
 9.6718E+02  3.0907E-03  1.9107E-01  5.7579E-03  7.1257E-01  1.0000E+00
 9.7458E+02  3.0965E-03  1.8997E-01  5.7580E-03  7.0717E-01  1.0000E+00
 9.8205E+02  3.1023E-03  1.8888E-01  5.7582E-03  7.0182E-01  1.0000E+00
 9.8957E+02  3.1082E-03  1.8779E-01  5.7584E-03  6.9651E-01  1.0000E+00
 9.9715E+02  3.1141E-03  1.8672E-01  5.7585E-03  6.9123E-01  1.0000E+00
 1.0048E+03  3.1200E-03  1.8565E-01  5.7587E-03  6.8600E-01  1.0000E+00
 1.0125E+03  3.1260E-03  1.8459E-01  5.7589E-03  6.8081E-01  1.0000E+00
 1.0202E+03  3.1321E-03  1.8354E-01  5.7591E-03  6.7565E-01  1.0000E+00
 1.0280E+03  3.1382E-03  1.8250E-01  5.7592E-03  6.7054E-01  1.0000E+00
 1.0359E+03  3.1443E-03  1.8147E-01  5.7594E-03  6.6546E-01  1.0000E+00
 1.0439E+03  3.1505E-03  1.8044E-01  5.7596E-03  6.6042E-01  1.0000E+00
 1.0518E+03  3.1567E-03  1.7942E-01  5.7598E-03  6.5543E-01  1.0000E+00
 1.0599E+03  3.1630E-03  1.7841E-01  5.7599E-03  6.5047E-01  1.0000E+00
 1.0680E+03  3.1693E-03  1.7741E-01  5.7601E-03  6.4554E-01  1.0000E+00
 1.0762E+03  3.1757E-03  1.7641E-01  5.7603E-03  6.4066E-01  1.0000E+00
 1.0844E+03  3.1821E-03  1.7542E-01  5.7605E-03  6.3581E-01  1.0000E+00
 1.0927E+03  3.1885E-03  1.7444E-01  5.7607E-03  6.3100E-01  1.0000E+00
 1.1011E+03  3.1950E-03  1.7347E-01  5.7609E-03  6.2622E-01  1.0000E+00
 1.1095E+03  3.2016E-03  1.7250E-01  5.7611E-03  6.2148E-01  1.0000E+00
 1.1180E+03  3.2081E-03  1.7154E-01  5.7613E-03  6.1678E-01  1.0000E+00
 1.1266E+03  3.2147E-03  1.7058E-01  5.7614E-03  6.1211E-01  1.0000E+00
 1.1352E+03  3.2214E-03  1.6964E-01  5.7616E-03  6.0748E-01  1.0000E+00
 1.1439E+03  3.2281E-03  1.6870E-01  5.7618E-03  6.0288E-01  1.0000E+00
 1.1527E+03  3.2348E-03  1.6776E-01  5.7620E-03  5.9832E-01  1.0000E+00
 1.1615E+03  3.2416E-03  1.6683E-01  5.7622E-03  5.9380E-01  1.0000E+00
 1.1704E+03  3.2484E-03  1.6591E-01  5.7624E-03  5.8930E-01  1.0000E+00
 1.1794E+03  3.2553E-03  1.6500E-01  5.7626E-03  5.8484E-01  1.0000E+00
 1.1884E+03  3.2622E-03  1.6409E-01  5.7628E-03  5.8042E-01  1.0000E+00
 1.1975E+03  3.2691E-03  1.6319E-01  5.7630E-03  5.7603E-01  1.0000E+00
 1.2067E+03  3.2761E-03  1.6229E-01  5.7632E-03  5.7167E-01  1.0000E+00
 1.2159E+03  3.2831E-03  1.6140E-01  5.7635E-03  5.6735E-01  1.0000E+00
 1.2252E+03  3.2901E-03  1.6051E-01  5.7637E-03  5.6306E-01  1.0000E+00
 1.2346E+03  3.2972E-03  1.5964E-01  5.7639E-03  5.5880E-01  1.0000E+00
 1.2441E+03  3.3043E-03  1.5876E-01  5.7641E-03  5.5457E-01  1.0000E+00
 1.2536E+03  3.3114E-03  1.5790E-01  5.7643E-03  5.5038E-01  1.0000E+00
 1.2632E+03  3.3186E-03  1.5703E-01  5.7645E-03  5.4621E-01  1.0000E+00
 1.2729E+03  3.3258E-03  1.5618E-01  5.7647E-03  5.4208E-01  1.0000E+00
 1.2826E+03  3.3331E-03  1.5533E-01  5.7650E-03  5.3798E-01  1.0000E+00
 1.2924E+03  3.3404E-03  1.5448E-01  5.7652E-03  5.3392E-01  1.0000E+00
 1.3023E+03  3.3477E-03  1.5364E-01  5.7654E-03  5.2988E-01  1.0000E+00
 1.3123E+03  3.3550E-03  1.5281E-01  5.7656E-03  5.2587E-01  1.0000E+00
 1.3224E+03  3.3624E-03  1.5198E-01  5.7659E-03  5.2190E-01  1.0000E+00
 1.3325E+03  3.3698E-03  1.5115E-01  5.7661E-03  5.1795E-01  1.0000E+00
 1.3427E+03  3.3773E-03  1.5034E-01  5.7663E-03  5.1403E-01  1.0000E+00
 1.3530E+03  3.3848E-03  1.4952E-01  5.7665E-03  5.1015E-01  1.0000E+00
 1.3633E+03  3.3923E-03  1.4871E-01  5.7668E-03  5.0629E-01  1.0000E+00
 1.3738E+03  3.3998E-03  1.4791E-01  5.7670E-03  5.0246E-01  1.0000E+00
 1.3843E+03  3.4074E-03  1.4711E-01  5.7672E-03  4.9866E-01  1.0000E+00
 1.3949E+03  3.4150E-03  1.4632E-01  5.7675E-03  4.9490E-01  1.0000E+00
 1.4056E+03  3.4226E-03  1.4553E-01  5.7677E-03  4.9115E-01  1.0000E+00
 1.4164E+03  3.4303E-03  1.4474E-01  5.7680E-03  4.8744E-01  1.0000E+00
 1.4272E+03  3.4380E-03  1.4397E-01  5.7682E-03  4.8376E-01  1.0000E+00
 1.4381E+03  3.4457E-03  1.4319E-01  5.7685E-03  4.8010E-01  1.0000E+00
 1.4491E+03  3.4535E-03  1.4242E-01  5.7687E-03  4.7647E-01  1.0000E+00
 1.4602E+03  3.4613E-03  1.4166E-01  5.7690E-03  4.7287E-01  1.0000E+00
 1.4714E+03  3.4692E-03  1.4090E-01  5.7692E-03  4.6930E-01  1.0000E+00
 1.4827E+03  3.4771E-03  1.4014E-01  5.7695E-03  4.6575E-01  1.0000E+00
 1.4940E+03  3.4850E-03  1.3939E-01  5.7697E-03  4.6223E-01  1.0000E+00
 1.5055E+03  3.4929E-03  1.3865E-01  5.7700E-03  4.5874E-01  1.0000E+00
 1.5170E+03  3.5009E-03  1.3791E-01  5.7702E-03  4.5527E-01  1.0000E+00
 1.5286E+03  3.5089E-03  1.3717E-01  5.7705E-03  4.5184E-01  1.0000E+00
 1.5403E+03  3.5170E-03  1.3644E-01  5.7708E-03  4.4842E-01  1.0000E+00
 1.5521E+03  3.5250E-03  1.3571E-01  5.7710E-03  4.4503E-01  1.0000E+00
 1.5640E+03  3.5332E-03  1.3499E-01  5.7713E-03  4.4167E-01  1.0000E+00
 1.5760E+03  3.5413E-03  1.3427E-01  5.7716E-03  4.3834E-01  1.0000E+00
 1.5881E+03  3.5495E-03  1.3356E-01  5.7718E-03  4.3503E-01  1.0000E+00
 1.6002E+03  3.5577E-03  1.3285E-01  5.7721E-03  4.3174E-01  1.0000E+00
 1.6125E+03  3.5660E-03  1.3214E-01  5.7724E-03  4.2848E-01  1.0000E+00
 1.6248E+03  3.5743E-03  1.3144E-01  5.7727E-03  4.2524E-01  1.0000E+00
 1.6373E+03  3.5826E-03  1.3074E-01  5.7729E-03  4.2203E-01  1.0000E+00
 1.6498E+03  3.5909E-03  1.3005E-01  5.7732E-03  4.1884E-01  1.0000E+00
 1.6625E+03  3.5993E-03  1.2936E-01  5.7735E-03  4.1568E-01  1.0000E+00
 1.6752E+03  3.6078E-03  1.2868E-01  5.7738E-03  4.1254E-01  1.0000E+00
 1.6880E+03  3.6162E-03  1.2800E-01  5.7741E-03  4.0943E-01  1.0000E+00
 1.7009E+03  3.6247E-03  1.2732E-01  5.7744E-03  4.0634E-01  1.0000E+00
 1.7140E+03  3.6332E-03  1.2665E-01  5.7747E-03  4.0327E-01  1.0000E+00
 1.7271E+03  3.6418E-03  1.2598E-01  5.7750E-03  4.0022E-01  1.0000E+00
 1.7403E+03  3.6504E-03  1.2532E-01  5.7753E-03  3.9720E-01  1.0000E+00
 1.7537E+03  3.6590E-03  1.2466E-01  5.7756E-03  3.9420E-01  1.0000E+00
 1.7671E+03  3.6677E-03  1.2400E-01  5.7759E-03  3.9123E-01  1.0000E+00
 1.7806E+03  3.6764E-03  1.2335E-01  5.7762E-03  3.8828E-01  1.0000E+00
 1.7943E+03  3.6851E-03  1.2270E-01  5.7765E-03  3.8535E-01  1.0000E+00
 1.8080E+03  3.6939E-03  1.2206E-01  5.7768E-03  3.8244E-01  1.0000E+00
 1.8218E+03  3.7026E-03  1.2141E-01  5.7771E-03  3.7955E-01  1.0000E+00
 1.8358E+03  3.7115E-03  1.2078E-01  5.7774E-03  3.7669E-01  1.0000E+00
 1.8499E+03  3.7203E-03  1.2014E-01  5.7777E-03  3.7385E-01  1.0000E+00
 1.8640E+03  3.7292E-03  1.1951E-01  5.7781E-03  3.7102E-01  1.0000E+00
 1.8783E+03  3.7382E-03  1.1889E-01  5.7784E-03  3.6822E-01  1.0000E+00
 1.8927E+03  3.7471E-03  1.1827E-01  5.7787E-03  3.6545E-01  1.0000E+00
 1.9072E+03  3.7561E-03  1.1765E-01  5.7790E-03  3.6269E-01  1.0000E+00
 1.9218E+03  3.7651E-03  1.1703E-01  5.7794E-03  3.5995E-01  1.0000E+00
 1.9365E+03  3.7742E-03  1.1642E-01  5.7797E-03  3.5724E-01  1.0000E+00
 1.9513E+03  3.7833E-03  1.1581E-01  5.7800E-03  3.5454E-01  1.0000E+00
 1.9663E+03  3.7924E-03  1.1521E-01  5.7804E-03  3.5187E-01  1.0000E+00
 1.9813E+03  3.8016E-03  1.1461E-01  5.7807E-03  3.4922E-01  1.0000E+00
 1.9965E+03  3.8108E-03  1.1401E-01  5.7810E-03  3.4658E-01  1.0000E+00
 2.0118E+03  3.8200E-03  1.1342E-01  5.7814E-03  3.4397E-01  1.0000E+00
 2.0272E+03  3.8293E-03  1.1282E-01  5.7817E-03  3.4138E-01  1.0000E+00
 2.0427E+03  3.8386E-03  1.1224E-01  5.7821E-03  3.3880E-01  1.0000E+00
 2.0584E+03  3.8479E-03  1.1165E-01  5.7824E-03  3.3625E-01  1.0000E+00
 2.0741E+03  3.8573E-03  1.1107E-01  5.7828E-03  3.3371E-01  1.0000E+00
 2.0900E+03  3.8667E-03  1.1050E-01  5.7831E-03  3.3120E-01  1.0000E+00
 2.1060E+03  3.8761E-03  1.0992E-01  5.7835E-03  3.2870E-01  1.0000E+00
 2.1222E+03  3.8856E-03  1.0935E-01  5.7839E-03  3.2622E-01  1.0000E+00
 2.1384E+03  3.8951E-03  1.0878E-01  5.7842E-03  3.2376E-01  1.0000E+00
 2.1548E+03  3.9046E-03  1.0822E-01  5.7846E-03  3.2132E-01  1.0000E+00
 2.1713E+03  3.9142E-03  1.0766E-01  5.7850E-03  3.1890E-01  1.0000E+00
 2.1879E+03  3.9237E-03  1.0710E-01  5.7854E-03  3.1650E-01  1.0000E+00
 2.2047E+03  3.9334E-03  1.0654E-01  5.7857E-03  3.1411E-01  1.0000E+00
 2.2216E+03  3.9430E-03  1.0599E-01  5.7861E-03  3.1175E-01  1.0000E+00
 2.2386E+03  3.9526E-03  1.0544E-01  5.7865E-03  3.0940E-01  1.0000E+00
 2.2557E+03  3.9623E-03  1.0489E-01  5.7869E-03  3.0707E-01  1.0000E+00
 2.2730E+03  3.9719E-03  1.0435E-01  5.7873E-03  3.0475E-01  1.0000E+00
 2.2904E+03  3.9816E-03  1.0381E-01  5.7877E-03  3.0246E-01  1.0000E+00
 2.3079E+03  3.9913E-03  1.0327E-01  5.7881E-03  3.0018E-01  1.0000E+00
 2.3256E+03  4.0010E-03  1.0273E-01  5.7885E-03  2.9792E-01  1.0000E+00
 2.3434E+03  4.0107E-03  1.0219E-01  5.7889E-03  2.9568E-01  1.0000E+00
 2.3614E+03  4.0204E-03  1.0166E-01  5.7893E-03  2.9345E-01  1.0000E+00
 2.3794E+03  4.0302E-03  1.0113E-01  5.7897E-03  2.9124E-01  1.0000E+00
 2.3977E+03  4.0399E-03  1.0060E-01  5.7901E-03  2.8905E-01  1.0000E+00
 2.4160E+03  4.0496E-03  1.0008E-01  5.7905E-03  2.8687E-01  1.0000E+00
 2.4345E+03  4.0594E-03  9.9553E-02  5.7909E-03  2.8471E-01  1.0000E+00
 2.4532E+03  4.0691E-03  9.9032E-02  5.7913E-03  2.8257E-01  1.0000E+00
 2.4720E+03  4.0789E-03  9.8513E-02  5.7918E-03  2.8044E-01  1.0000E+00
 2.4909E+03  4.0887E-03  9.7997E-02  5.7922E-03  2.7833E-01  1.0000E+00
 2.5100E+03  4.0984E-03  9.7482E-02  5.7926E-03  2.7623E-01  1.0000E+00
 2.5292E+03  4.1082E-03  9.6970E-02  5.7930E-03  2.7415E-01  1.0000E+00
 2.5486E+03  4.1180E-03  9.6460E-02  5.7935E-03  2.7209E-01  1.0000E+00
 2.5681E+03  4.1277E-03  9.5952E-02  5.7939E-03  2.7004E-01  1.0000E+00
 2.5878E+03  4.1375E-03  9.5446E-02  5.7944E-03  2.6801E-01  1.0000E+00
 2.6076E+03  4.1473E-03  9.4943E-02  5.7948E-03  2.6600E-01  1.0000E+00
 2.6275E+03  4.1570E-03  9.4441E-02  5.7953E-03  2.6399E-01  1.0000E+00
 2.6477E+03  4.1668E-03  9.3941E-02  5.7957E-03  2.6201E-01  1.0000E+00
 2.6679E+03  4.1765E-03  9.3444E-02  5.7962E-03  2.6004E-01  1.0000E+00
 2.6884E+03  4.1863E-03  9.2948E-02  5.7966E-03  2.5808E-01  1.0000E+00
 2.7090E+03  4.1960E-03  9.2455E-02  5.7971E-03  2.5614E-01  1.0000E+00
 2.7297E+03  4.2058E-03  9.1963E-02  5.7976E-03  2.5422E-01  1.0000E+00
 2.7506E+03  4.2155E-03  9.1473E-02  5.7980E-03  2.5230E-01  1.0000E+00
 2.7717E+03  4.2252E-03  9.0985E-02  5.7985E-03  2.5041E-01  1.0000E+00
 2.7929E+03  4.2349E-03  9.0499E-02  5.7990E-03  2.4852E-01  1.0000E+00
 2.8143E+03  4.2446E-03  9.0015E-02  5.7995E-03  2.4666E-01  1.0000E+00
 2.8358E+03  4.2543E-03  8.9533E-02  5.8000E-03  2.4480E-01  1.0000E+00
 2.8576E+03  4.2640E-03  8.9053E-02  5.8005E-03  2.4296E-01  1.0000E+00
 2.8794E+03  4.2736E-03  8.8574E-02  5.8010E-03  2.4114E-01  1.0000E+00
 2.9015E+03  4.2832E-03  8.8097E-02  5.8015E-03  2.3932E-01  1.0000E+00
 2.9237E+03  4.2929E-03  8.7622E-02  5.8020E-03  2.3753E-01  1.0000E+00
 2.9461E+03  4.3025E-03  8.7149E-02  5.8025E-03  2.3574E-01  1.0000E+00
 2.9687E+03  4.3121E-03  8.6677E-02  5.8030E-03  2.3397E-01  1.0000E+00
 2.9914E+03  4.3216E-03  8.6208E-02  5.8035E-03  2.3221E-01  1.0000E+00
 3.0143E+03  4.3312E-03  8.5739E-02  5.8040E-03  2.3047E-01  1.0000E+00
 3.0374E+03  4.3407E-03  8.5273E-02  5.8045E-03  2.2874E-01  1.0000E+00
 3.0607E+03  4.3502E-03  8.4808E-02  5.8050E-03  2.2702E-01  1.0000E+00
 3.0841E+03  4.3597E-03  8.4345E-02  5.8056E-03  2.2531E-01  1.0000E+00
 3.1077E+03  4.3691E-03  8.3884E-02  5.8061E-03  2.2362E-01  1.0000E+00
 3.1315E+03  4.3786E-03  8.3424E-02  5.8066E-03  2.2194E-01  1.0000E+00
 3.1555E+03  4.3880E-03  8.2966E-02  5.8072E-03  2.2028E-01  1.0000E+00
 3.1797E+03  4.3973E-03  8.2509E-02  5.8077E-03  2.1862E-01  1.0000E+00
 3.2040E+03  4.4067E-03  8.2054E-02  5.8083E-03  2.1698E-01  1.0000E+00
 3.2286E+03  4.4160E-03  8.1601E-02  5.8088E-03  2.1535E-01  1.0000E+00
 3.2533E+03  4.4253E-03  8.1149E-02  5.8094E-03  2.1374E-01  1.0000E+00
 3.2782E+03  4.4346E-03  8.0699E-02  5.8100E-03  2.1213E-01  1.0000E+00
 3.3033E+03  4.4438E-03  8.0250E-02  5.8105E-03  2.1054E-01  1.0000E+00
 3.3286E+03  4.4530E-03  7.9803E-02  5.8111E-03  2.0896E-01  1.0000E+00
 3.3541E+03  4.4621E-03  7.9357E-02  5.8117E-03  2.0739E-01  1.0000E+00
 3.3798E+03  4.4712E-03  7.8913E-02  5.8123E-03  2.0584E-01  1.0000E+00
 3.4057E+03  4.4803E-03  7.8470E-02  5.8128E-03  2.0430E-01  1.0000E+00
 3.4317E+03  4.4893E-03  7.8028E-02  5.8134E-03  2.0276E-01  1.0000E+00
 3.4580E+03  4.4983E-03  7.7588E-02  5.8140E-03  2.0124E-01  1.0000E+00
 3.4845E+03  4.5072E-03  7.7149E-02  5.8146E-03  1.9973E-01  1.0000E+00
 3.5112E+03  4.5161E-03  7.6712E-02  5.8152E-03  1.9824E-01  1.0000E+00
 3.5381E+03  4.5250E-03  7.6276E-02  5.8158E-03  1.9675E-01  1.0000E+00
 3.5652E+03  4.5337E-03  7.5841E-02  5.8164E-03  1.9528E-01  1.0000E+00
 3.5925E+03  4.5425E-03  7.5408E-02  5.8171E-03  1.9381E-01  1.0000E+00
 3.6200E+03  4.5512E-03  7.4976E-02  5.8177E-03  1.9236E-01  1.0000E+00
 3.6477E+03  4.5598E-03  7.4546E-02  5.8183E-03  1.9092E-01  1.0000E+00
 3.6757E+03  4.5684E-03  7.4116E-02  5.8189E-03  1.8949E-01  1.0000E+00
 3.7038E+03  4.5770E-03  7.3689E-02  5.8196E-03  1.8807E-01  1.0000E+00
 3.7322E+03  4.5855E-03  7.3263E-02  5.8202E-03  1.8666E-01  1.0000E+00
 3.7608E+03  4.5939E-03  7.2838E-02  5.8209E-03  1.8526E-01  1.0000E+00
 3.7896E+03  4.6024E-03  7.2415E-02  5.8215E-03  1.8387E-01  1.0000E+00
 3.8186E+03  4.6107E-03  7.1993E-02  5.8222E-03  1.8250E-01  1.0000E+00
 3.8478E+03  4.6191E-03  7.1573E-02  5.8228E-03  1.8113E-01  1.0000E+00
 3.8773E+03  4.6273E-03  7.1154E-02  5.8235E-03  1.7977E-01  1.0000E+00
 3.9070E+03  4.6356E-03  7.0737E-02  5.8242E-03  1.7843E-01  1.0000E+00
 3.9369E+03  4.6438E-03  7.0322E-02  5.8249E-03  1.7709E-01  1.0000E+00
 3.9671E+03  4.6519E-03  6.9908E-02  5.8255E-03  1.7577E-01  1.0000E+00
 3.9974E+03  4.6600E-03  6.9495E-02  5.8262E-03  1.7445E-01  1.0000E+00
 4.0281E+03  4.6681E-03  6.9084E-02  5.8269E-03  1.7315E-01  1.0000E+00
 4.0589E+03  4.6761E-03  6.8675E-02  5.8276E-03  1.7185E-01  1.0000E+00
 4.0900E+03  4.6841E-03  6.8267E-02  5.8283E-03  1.7057E-01  1.0000E+00
 4.1213E+03  4.6920E-03  6.7861E-02  5.8290E-03  1.6929E-01  1.0000E+00
 4.1529E+03  4.6999E-03  6.7457E-02  5.8297E-03  1.6802E-01  1.0000E+00
 4.1847E+03  4.7078E-03  6.7054E-02  5.8305E-03  1.6677E-01  1.0000E+00
 4.2167E+03  4.7156E-03  6.6653E-02  5.8312E-03  1.6552E-01  1.0000E+00
 4.2490E+03  4.7234E-03  6.6253E-02  5.8319E-03  1.6428E-01  1.0000E+00
 4.2816E+03  4.7311E-03  6.5855E-02  5.8327E-03  1.6306E-01  1.0000E+00
 4.3143E+03  4.7388E-03  6.5459E-02  5.8334E-03  1.6184E-01  1.0000E+00
 4.3474E+03  4.7465E-03  6.5064E-02  5.8341E-03  1.6063E-01  1.0000E+00
 4.3807E+03  4.7541E-03  6.4671E-02  5.8349E-03  1.5943E-01  1.0000E+00
 4.4142E+03  4.7617E-03  6.4280E-02  5.8357E-03  1.5824E-01  1.0000E+00
 4.4480E+03  4.7692E-03  6.3890E-02  5.8364E-03  1.5705E-01  1.0000E+00
 4.4821E+03  4.7767E-03  6.3503E-02  5.8372E-03  1.5588E-01  1.0000E+00
 4.5164E+03  4.7842E-03  6.3116E-02  5.8380E-03  1.5472E-01  1.0000E+00
 4.5510E+03  4.7916E-03  6.2732E-02  5.8388E-03  1.5356E-01  1.0000E+00
 4.5859E+03  4.7990E-03  6.2349E-02  5.8395E-03  1.5242E-01  1.0000E+00
 4.6210E+03  4.8064E-03  6.1968E-02  5.8403E-03  1.5128E-01  1.0000E+00
 4.6564E+03  4.8137E-03  6.1588E-02  5.8411E-03  1.5015E-01  1.0000E+00
 4.6920E+03  4.8210E-03  6.1211E-02  5.8419E-03  1.4903E-01  1.0000E+00
 4.7280E+03  4.8282E-03  6.0835E-02  5.8428E-03  1.4792E-01  1.0000E+00
 4.7642E+03  4.8355E-03  6.0461E-02  5.8436E-03  1.4681E-01  1.0000E+00
 4.8007E+03  4.8426E-03  6.0088E-02  5.8444E-03  1.4572E-01  1.0000E+00
 4.8374E+03  4.8498E-03  5.9717E-02  5.8452E-03  1.4463E-01  1.0000E+00
 4.8745E+03  4.8569E-03  5.9348E-02  5.8461E-03  1.4355E-01  1.0000E+00
 4.9118E+03  4.8640E-03  5.8981E-02  5.8469E-03  1.4248E-01  1.0000E+00
 4.9494E+03  4.8710E-03  5.8616E-02  5.8478E-03  1.4142E-01  1.0000E+00
 4.9873E+03  4.8781E-03  5.8252E-02  5.8486E-03  1.4037E-01  1.0000E+00
 5.0255E+03  4.8851E-03  5.7890E-02  5.8495E-03  1.3932E-01  1.0000E+00
 5.0640E+03  4.8920E-03  5.7529E-02  5.8504E-03  1.3828E-01  1.0000E+00
 5.1028E+03  4.8989E-03  5.7171E-02  5.8513E-03  1.3725E-01  1.0000E+00
 5.1419E+03  4.9058E-03  5.6814E-02  5.8521E-03  1.3623E-01  1.0000E+00
 5.1812E+03  4.9128E-03  5.6460E-02  5.8530E-03  1.3521E-01  1.0000E+00
 5.2209E+03  4.9197E-03  5.6108E-02  5.8539E-03  1.3421E-01  1.0000E+00
 5.2609E+03  4.9267E-03  5.5758E-02  5.8548E-03  1.3321E-01  1.0000E+00
 5.3012E+03  4.9337E-03  5.5411E-02  5.8558E-03  1.3222E-01  1.0000E+00
 5.3418E+03  4.9407E-03  5.5066E-02  5.8567E-03  1.3123E-01  1.0000E+00
 5.3827E+03  4.9478E-03  5.4723E-02  5.8576E-03  1.3025E-01  1.0000E+00
 5.4239E+03  4.9549E-03  5.4383E-02  5.8585E-03  1.2928E-01  1.0000E+00
 5.4655E+03  4.9620E-03  5.4045E-02  5.8595E-03  1.2832E-01  1.0000E+00
 5.5073E+03  4.9692E-03  5.3709E-02  5.8604E-03  1.2737E-01  1.0000E+00
 5.5495E+03  4.9763E-03  5.3376E-02  5.8614E-03  1.2642E-01  1.0000E+00
 5.5920E+03  4.9835E-03  5.3045E-02  5.8624E-03  1.2548E-01  1.0000E+00
 5.6348E+03  4.9908E-03  5.2716E-02  5.8633E-03  1.2455E-01  1.0000E+00
 5.6780E+03  4.9980E-03  5.2389E-02  5.8643E-03  1.2362E-01  1.0000E+00
 5.7215E+03  5.0053E-03  5.2064E-02  5.8653E-03  1.2270E-01  1.0000E+00
 5.7653E+03  5.0126E-03  5.1742E-02  5.8663E-03  1.2179E-01  1.0000E+00
 5.8094E+03  5.0199E-03  5.1421E-02  5.8673E-03  1.2089E-01  1.0000E+00
 5.8539E+03  5.0272E-03  5.1103E-02  5.8683E-03  1.1999E-01  1.0000E+00
 5.8988E+03  5.0346E-03  5.0786E-02  5.8693E-03  1.1910E-01  1.0000E+00
 5.9439E+03  5.0420E-03  5.0472E-02  5.8703E-03  1.1821E-01  1.0000E+00
 5.9895E+03  5.0494E-03  5.0160E-02  5.8714E-03  1.1733E-01  1.0000E+00
 6.0353E+03  5.0568E-03  4.9849E-02  5.8724E-03  1.1646E-01  1.0000E+00
 6.0815E+03  5.0642E-03  4.9541E-02  5.8735E-03  1.1560E-01  1.0000E+00
 6.1281E+03  5.0717E-03  4.9235E-02  5.8745E-03  1.1474E-01  1.0000E+00
 6.1751E+03  5.0791E-03  4.8930E-02  5.8756E-03  1.1389E-01  1.0000E+00
 6.2223E+03  5.0866E-03  4.8628E-02  5.8767E-03  1.1304E-01  1.0000E+00
 6.2700E+03  5.0941E-03  4.8327E-02  5.8778E-03  1.1221E-01  1.0000E+00
 6.3180E+03  5.1016E-03  4.8028E-02  5.8788E-03  1.1137E-01  1.0000E+00
 6.3664E+03  5.1091E-03  4.7731E-02  5.8799E-03  1.1055E-01  1.0000E+00
 6.4152E+03  5.1167E-03  4.7436E-02  5.8811E-03  1.0973E-01  1.0000E+00
 6.4643E+03  5.1242E-03  4.7142E-02  5.8822E-03  1.0892E-01  1.0000E+00
 6.5138E+03  5.1318E-03  4.6851E-02  5.8833E-03  1.0811E-01  1.0000E+00
 6.5637E+03  5.1393E-03  4.6561E-02  5.8844E-03  1.0731E-01  1.0000E+00
 6.6139E+03  5.1469E-03  4.6273E-02  5.8856E-03  1.0651E-01  1.0000E+00
 6.6646E+03  5.1545E-03  4.5986E-02  5.8867E-03  1.0572E-01  1.0000E+00
 6.7156E+03  5.1620E-03  4.5702E-02  5.8879E-03  1.0494E-01  1.0000E+00
 6.7671E+03  5.1696E-03  4.5419E-02  5.8891E-03  1.0416E-01  1.0000E+00
 6.8189E+03  5.1772E-03  4.5137E-02  5.8902E-03  1.0339E-01  1.0000E+00
 6.8711E+03  5.1848E-03  4.4858E-02  5.8914E-03  1.0263E-01  1.0000E+00
 6.9237E+03  5.1924E-03  4.4580E-02  5.8926E-03  1.0187E-01  1.0000E+00
 6.9768E+03  5.2000E-03  4.4303E-02  5.8938E-03  1.0112E-01  1.0000E+00
 7.0302E+03  5.2076E-03  4.4029E-02  5.8950E-03  1.0037E-01  1.0000E+00
 7.0840E+03  5.2152E-03  4.3755E-02  5.8963E-03  9.9625E-02  1.0000E+00
 7.1383E+03  5.2228E-03  4.3484E-02  5.8975E-03  9.8889E-02  1.0000E+00
 7.1929E+03  5.2304E-03  4.3214E-02  5.8987E-03  9.8158E-02  1.0000E+00
 7.2480E+03  5.2380E-03  4.2945E-02  5.9000E-03  9.7433E-02  1.0000E+00
 7.3035E+03  5.2456E-03  4.2678E-02  5.9013E-03  9.6713E-02  1.0000E+00
 7.3595E+03  5.2531E-03  4.2413E-02  5.9025E-03  9.5999E-02  1.0000E+00
 7.4158E+03  5.2607E-03  4.2149E-02  5.9038E-03  9.5290E-02  1.0000E+00
 7.4726E+03  5.2679E-03  4.1883E-02  5.9051E-03  9.4586E-02  1.0000E+00
 7.5299E+03  5.2740E-03  4.1611E-02  5.9064E-03  9.3888E-02  1.0000E+00
 7.5875E+03  5.2800E-03  4.1340E-02  5.9077E-03  9.3195E-02  1.0000E+00
 7.6456E+03  5.2861E-03  4.1070E-02  5.9091E-03  9.2508E-02  1.0000E+00
 7.7042E+03  5.2921E-03  4.0802E-02  5.9104E-03  9.1825E-02  1.0000E+00
 7.7632E+03  5.2981E-03  4.0535E-02  5.9117E-03  9.1148E-02  1.0000E+00
 7.8226E+03  5.3040E-03  4.0270E-02  5.9131E-03  9.0476E-02  1.0000E+00
 7.8825E+03  5.3100E-03  4.0007E-02  5.9145E-03  8.9809E-02  1.0000E+00
 7.9429E+03  5.3159E-03  3.9744E-02  5.9158E-03  8.9147E-02  1.0000E+00
 8.0037E+03  5.3218E-03  3.9484E-02  5.9172E-03  8.8491E-02  1.0000E+00
 8.0650E+03  5.3276E-03  3.9224E-02  5.9186E-03  8.7839E-02  1.0000E+00
 8.1268E+03  5.3335E-03  3.8967E-02  5.9200E-03  8.7192E-02  1.0000E+00
 8.1890E+03  5.3393E-03  3.8710E-02  5.9214E-03  8.6550E-02  1.0000E+00
 8.2518E+03  5.3451E-03  3.8455E-02  5.9229E-03  8.5913E-02  1.0000E+00
 8.3150E+03  5.3508E-03  3.8202E-02  5.9243E-03  8.5281E-02  1.0000E+00
 8.3786E+03  5.3566E-03  3.7950E-02  5.9258E-03  8.4653E-02  1.0000E+00
 8.4428E+03  5.3623E-03  3.7699E-02  5.9272E-03  8.4031E-02  1.0000E+00
 8.5075E+03  5.3680E-03  3.7450E-02  5.9287E-03  8.3413E-02  1.0000E+00
 8.5726E+03  5.3737E-03  3.7203E-02  5.9302E-03  8.2800E-02  1.0000E+00
 8.6383E+03  5.3793E-03  3.6956E-02  5.9317E-03  8.2191E-02  1.0000E+00
 8.7044E+03  5.3850E-03  3.6712E-02  5.9332E-03  8.1587E-02  1.0000E+00
 8.7711E+03  5.3906E-03  3.6468E-02  5.9347E-03  8.0988E-02  1.0000E+00
 8.8383E+03  5.3962E-03  3.6226E-02  5.9363E-03  8.0393E-02  1.0000E+00
 8.9059E+03  5.4017E-03  3.5986E-02  5.9378E-03  7.9803E-02  1.0000E+00
 8.9741E+03  5.4073E-03  3.5747E-02  5.9394E-03  7.9217E-02  1.0000E+00
 9.0429E+03  5.4128E-03  3.5509E-02  5.9409E-03  7.8636E-02  1.0000E+00
 9.1121E+03  5.4184E-03  3.5272E-02  5.9425E-03  7.8059E-02  1.0000E+00
 9.1819E+03  5.4239E-03  3.5038E-02  5.9441E-03  7.7487E-02  1.0000E+00
 9.2522E+03  5.4293E-03  3.4804E-02  5.9457E-03  7.6919E-02  1.0000E+00
 9.3231E+03  5.4348E-03  3.4572E-02  5.9473E-03  7.6355E-02  1.0000E+00
 9.3945E+03  5.4402E-03  3.4341E-02  5.9490E-03  7.5795E-02  1.0000E+00
 9.4664E+03  5.4457E-03  3.4112E-02  5.9506E-03  7.5240E-02  1.0000E+00
 9.5389E+03  5.4511E-03  3.3884E-02  5.9523E-03  7.4689E-02  1.0000E+00
 9.6120E+03  5.4565E-03  3.3657E-02  5.9540E-03  7.4142E-02  1.0000E+00
 9.6856E+03  5.4619E-03  3.3432E-02  5.9556E-03  7.3599E-02  1.0000E+00
 9.7598E+03  5.4672E-03  3.3208E-02  5.9573E-03  7.3061E-02  1.0000E+00
 9.8345E+03  5.4726E-03  3.2985E-02  5.9590E-03  7.2526E-02  1.0000E+00
 9.9098E+03  5.4779E-03  3.2764E-02  5.9608E-03  7.1996E-02  1.0000E+00
 9.9857E+03  5.4832E-03  3.2544E-02  5.9625E-03  7.1470E-02  1.0000E+00
 1.0062E+04  5.4885E-03  3.2326E-02  5.9643E-03  7.0947E-02  1.0000E+00
 1.0139E+04  5.4938E-03  3.2109E-02  5.9660E-03  7.0429E-02  1.0000E+00
 1.0217E+04  5.4991E-03  3.1893E-02  5.9678E-03  6.9914E-02  1.0000E+00
 1.0295E+04  5.5043E-03  3.1678E-02  5.9696E-03  6.9404E-02  1.0000E+00
 1.0374E+04  5.5096E-03  3.1465E-02  5.9714E-03  6.8897E-02  1.0000E+00
 1.0453E+04  5.5148E-03  3.1253E-02  5.9732E-03  6.8395E-02  1.0000E+00
 1.0533E+04  5.5201E-03  3.1043E-02  5.9750E-03  6.7896E-02  1.0000E+00
 1.0614E+04  5.5253E-03  3.0834E-02  5.9769E-03  6.7400E-02  1.0000E+00
 1.0695E+04  5.5305E-03  3.0626E-02  5.9788E-03  6.6909E-02  1.0000E+00
 1.0777E+04  5.5357E-03  3.0419E-02  5.9806E-03  6.6421E-02  1.0000E+00
 1.0860E+04  5.5408E-03  3.0214E-02  5.9825E-03  6.5937E-02  1.0000E+00
 1.0943E+04  5.5460E-03  3.0009E-02  5.9844E-03  6.5457E-02  1.0000E+00
 1.1027E+04  5.5512E-03  2.9807E-02  5.9864E-03  6.4980E-02  1.0000E+00
 1.1111E+04  5.5563E-03  2.9605E-02  5.9883E-03  6.4507E-02  1.0000E+00
 1.1196E+04  5.5614E-03  2.9405E-02  5.9902E-03  6.4038E-02  1.0000E+00
 1.1282E+04  5.5666E-03  2.9206E-02  5.9922E-03  6.3572E-02  1.0000E+00
 1.1369E+04  5.5717E-03  2.9008E-02  5.9942E-03  6.3110E-02  1.0000E+00
 1.1456E+04  5.5768E-03  2.8812E-02  5.9962E-03  6.2651E-02  1.0000E+00
 1.1543E+04  5.5819E-03  2.8616E-02  5.9982E-03  6.2196E-02  1.0000E+00
 1.1632E+04  5.5870E-03  2.8422E-02  6.0002E-03  6.1744E-02  1.0000E+00
 1.1721E+04  5.5921E-03  2.8230E-02  6.0023E-03  6.1296E-02  1.0000E+00
 1.1811E+04  5.5971E-03  2.8038E-02  6.0043E-03  6.0851E-02  1.0000E+00
 1.1901E+04  5.6022E-03  2.7848E-02  6.0064E-03  6.0409E-02  1.0000E+00
 1.1992E+04  5.6073E-03  2.7659E-02  6.0085E-03  5.9971E-02  1.0000E+00
 1.2084E+04  5.6123E-03  2.7471E-02  6.0106E-03  5.9536E-02  1.0000E+00
 1.2177E+04  5.6174E-03  2.7284E-02  6.0128E-03  5.9104E-02  1.0000E+00
 1.2270E+04  5.6224E-03  2.7098E-02  6.0149E-03  5.8676E-02  1.0000E+00
 1.2364E+04  5.6274E-03  2.6914E-02  6.0171E-03  5.8251E-02  1.0000E+00
 1.2458E+04  5.6325E-03  2.6731E-02  6.0192E-03  5.7829E-02  1.0000E+00
 1.2554E+04  5.6375E-03  2.6549E-02  6.0214E-03  5.7411E-02  1.0000E+00
 1.2650E+04  5.6425E-03  2.6368E-02  6.0236E-03  5.6995E-02  1.0000E+00
 1.2747E+04  5.6475E-03  2.6189E-02  6.0259E-03  5.6583E-02  1.0000E+00
 1.2845E+04  5.6526E-03  2.6010E-02  6.0281E-03  5.6174E-02  1.0000E+00
 1.2943E+04  5.6576E-03  2.5833E-02  6.0304E-03  5.5768E-02  1.0000E+00
 1.3042E+04  5.6626E-03  2.5657E-02  6.0327E-03  5.5365E-02  1.0000E+00
 1.3142E+04  5.6676E-03  2.5482E-02  6.0350E-03  5.4965E-02  1.0000E+00
 1.3243E+04  5.6726E-03  2.5308E-02  6.0373E-03  5.4569E-02  1.0000E+00
 1.3344E+04  5.6776E-03  2.5135E-02  6.0396E-03  5.4175E-02  1.0000E+00
 1.3446E+04  5.6826E-03  2.4964E-02  6.0420E-03  5.3784E-02  1.0000E+00
 1.3549E+04  5.6876E-03  2.4793E-02  6.0443E-03  5.3396E-02  1.0000E+00
 1.3653E+04  5.6925E-03  2.4624E-02  6.0467E-03  5.3011E-02  1.0000E+00
 1.3757E+04  5.6975E-03  2.4456E-02  6.0491E-03  5.2629E-02  1.0000E+00
 1.3863E+04  5.7025E-03  2.4289E-02  6.0516E-03  5.2250E-02  1.0000E+00
 1.3969E+04  5.7075E-03  2.4123E-02  6.0540E-03  5.1874E-02  1.0000E+00
 1.4076E+04  5.7125E-03  2.3958E-02  6.0565E-03  5.1501E-02  1.0000E+00
 1.4184E+04  5.7175E-03  2.3794E-02  6.0590E-03  5.1131E-02  1.0000E+00
 1.4292E+04  5.7225E-03  2.3631E-02  6.0615E-03  5.0763E-02  1.0000E+00
 1.4402E+04  5.7275E-03  2.3470E-02  6.0640E-03  5.0398E-02  1.0000E+00
 1.4512E+04  5.7324E-03  2.3309E-02  6.0666E-03  5.0036E-02  1.0000E+00
 1.4623E+04  5.7374E-03  2.3150E-02  6.0691E-03  4.9677E-02  1.0000E+00
 1.4735E+04  5.7424E-03  2.2991E-02  6.0717E-03  4.9320E-02  1.0000E+00
 1.4848E+04  5.7474E-03  2.2834E-02  6.0743E-03  4.8966E-02  1.0000E+00
 1.4962E+04  5.7524E-03  2.2678E-02  6.0769E-03  4.8615E-02  1.0000E+00
 1.5076E+04  5.7574E-03  2.2522E-02  6.0796E-03  4.8267E-02  1.0000E+00
 1.5192E+04  5.7624E-03  2.2368E-02  6.0823E-03  4.7921E-02  1.0000E+00
 1.5308E+04  5.7674E-03  2.2215E-02  6.0850E-03  4.7578E-02  1.0000E+00
 1.5425E+04  5.7724E-03  2.2063E-02  6.0877E-03  4.7237E-02  1.0000E+00
 1.5544E+04  5.7774E-03  2.1911E-02  6.0904E-03  4.6899E-02  1.0000E+00
 1.5663E+04  5.7824E-03  2.1761E-02  6.0932E-03  4.6564E-02  1.0000E+00
 1.5783E+04  5.7874E-03  2.1612E-02  6.0959E-03  4.6231E-02  1.0000E+00
 1.5903E+04  5.7925E-03  2.1464E-02  6.0987E-03  4.5901E-02  1.0000E+00
 1.6025E+04  5.7975E-03  2.1317E-02  6.1015E-03  4.5573E-02  1.0000E+00
 1.6148E+04  5.8025E-03  2.1171E-02  6.1044E-03  4.5248E-02  1.0000E+00
 1.6272E+04  5.8076E-03  2.1025E-02  6.1073E-03  4.4925E-02  1.0000E+00
 1.6396E+04  5.8126E-03  2.0881E-02  6.1101E-03  4.4605E-02  1.0000E+00
 1.6522E+04  5.8177E-03  2.0738E-02  6.1130E-03  4.4287E-02  1.0000E+00
 1.6648E+04  5.8227E-03  2.0596E-02  6.1160E-03  4.3971E-02  1.0000E+00
 1.6776E+04  5.8278E-03  2.0455E-02  6.1189E-03  4.3658E-02  1.0000E+00
 1.6904E+04  5.8328E-03  2.0314E-02  6.1219E-03  4.3347E-02  1.0000E+00
 1.7034E+04  5.8379E-03  2.0175E-02  6.1249E-03  4.3039E-02  1.0000E+00
 1.7164E+04  5.8430E-03  2.0036E-02  6.1279E-03  4.2733E-02  1.0000E+00
 1.7296E+04  5.8481E-03  1.9899E-02  6.1310E-03  4.2429E-02  1.0000E+00
 1.7428E+04  5.8532E-03  1.9762E-02  6.1341E-03  4.2128E-02  1.0000E+00
 1.7562E+04  5.8583E-03  1.9627E-02  6.1372E-03  4.1829E-02  1.0000E+00
 1.7696E+04  5.8634E-03  1.9492E-02  6.1403E-03  4.1532E-02  1.0000E+00
 1.7832E+04  5.8686E-03  1.9358E-02  6.1434E-03  4.1238E-02  1.0000E+00
 1.7968E+04  5.8737E-03  1.9226E-02  6.1466E-03  4.0945E-02  1.0000E+00
 1.8106E+04  5.8788E-03  1.9094E-02  6.1498E-03  4.0655E-02  1.0000E+00
 1.8244E+04  5.8840E-03  1.8963E-02  6.1530E-03  4.0367E-02  1.0000E+00
 1.8384E+04  5.8892E-03  1.8833E-02  6.1563E-03  4.0082E-02  1.0000E+00
 1.8525E+04  5.8943E-03  1.8703E-02  6.1596E-03  3.9798E-02  1.0000E+00
 1.8667E+04  5.8995E-03  1.8575E-02  6.1629E-03  3.9517E-02  1.0000E+00
 1.8810E+04  5.9047E-03  1.8448E-02  6.1662E-03  3.9238E-02  1.0000E+00
 1.8954E+04  5.9100E-03  1.8321E-02  6.1695E-03  3.8961E-02  1.0000E+00
 1.9099E+04  5.9152E-03  1.8195E-02  6.1729E-03  3.8686E-02  1.0000E+00
 1.9245E+04  5.9204E-03  1.8070E-02  6.1763E-03  3.8413E-02  1.0000E+00
 1.9393E+04  5.9257E-03  1.7946E-02  6.1798E-03  3.8142E-02  1.0000E+00
 1.9541E+04  5.9309E-03  1.7823E-02  6.1832E-03  3.7874E-02  1.0000E+00
 1.9691E+04  5.9362E-03  1.7701E-02  6.1867E-03  3.7607E-02  1.0000E+00
 1.9842E+04  5.9415E-03  1.7580E-02  6.1902E-03  3.7342E-02  1.0000E+00
 1.9994E+04  5.9468E-03  1.7459E-02  6.1938E-03  3.7080E-02  1.0000E+00
 2.0147E+04  5.9521E-03  1.7339E-02  6.1973E-03  3.6819E-02  1.0000E+00
 2.0301E+04  5.9575E-03  1.7220E-02  6.2009E-03  3.6561E-02  1.0000E+00
 2.0456E+04  5.9628E-03  1.7102E-02  6.2046E-03  3.6304E-02  1.0000E+00
 2.0613E+04  5.9682E-03  1.6985E-02  6.2082E-03  3.6049E-02  1.0000E+00
 2.0771E+04  5.9736E-03  1.6869E-02  6.2119E-03  3.5797E-02  1.0000E+00
 2.0930E+04  5.9790E-03  1.6753E-02  6.2156E-03  3.5546E-02  1.0000E+00
 2.1090E+04  5.9844E-03  1.6638E-02  6.2194E-03  3.5297E-02  1.0000E+00
 2.1252E+04  5.9898E-03  1.6524E-02  6.2232E-03  3.5050E-02  1.0000E+00
 2.1415E+04  5.9953E-03  1.6411E-02  6.2270E-03  3.4805E-02  1.0000E+00
 2.1579E+04  6.0007E-03  1.6299E-02  6.2308E-03  3.4562E-02  1.0000E+00
 2.1744E+04  6.0062E-03  1.6187E-02  6.2347E-03  3.4320E-02  1.0000E+00
 2.1910E+04  6.0117E-03  1.6076E-02  6.2386E-03  3.4081E-02  1.0000E+00
 2.2078E+04  6.0172E-03  1.5966E-02  6.2425E-03  3.3843E-02  1.0000E+00
 2.2247E+04  6.0228E-03  1.5857E-02  6.2465E-03  3.3607E-02  1.0000E+00
 2.2418E+04  6.0283E-03  1.5748E-02  6.2505E-03  3.3373E-02  1.0000E+00
 2.2589E+04  6.0339E-03  1.5640E-02  6.2545E-03  3.3141E-02  1.0000E+00
 2.2762E+04  6.0395E-03  1.5533E-02  6.2585E-03  3.2910E-02  1.0000E+00
 2.2937E+04  6.0451E-03  1.5427E-02  6.2626E-03  3.2681E-02  1.0000E+00
 2.3112E+04  6.0508E-03  1.5321E-02  6.2667E-03  3.2454E-02  1.0000E+00
 2.3289E+04  6.0565E-03  1.5217E-02  6.2709E-03  3.2229E-02  1.0000E+00
 2.3468E+04  6.0621E-03  1.5113E-02  6.2751E-03  3.2005E-02  1.0000E+00
 2.3647E+04  6.0678E-03  1.5009E-02  6.2793E-03  3.1783E-02  1.0000E+00
 2.3829E+04  6.0736E-03  1.4907E-02  6.2836E-03  3.1563E-02  1.0000E+00
 2.4011E+04  6.0793E-03  1.4805E-02  6.2879E-03  3.1345E-02  1.0000E+00
 2.4195E+04  6.0851E-03  1.4704E-02  6.2922E-03  3.1128E-02  1.0000E+00
 2.4380E+04  6.0909E-03  1.4603E-02  6.2965E-03  3.0913E-02  1.0000E+00
 2.4567E+04  6.0967E-03  1.4503E-02  6.3009E-03  3.0699E-02  1.0000E+00
 2.4755E+04  6.1026E-03  1.4404E-02  6.3054E-03  3.0487E-02  1.0000E+00
 2.4945E+04  6.1084E-03  1.4306E-02  6.3098E-03  3.0277E-02  1.0000E+00
 2.5136E+04  6.1143E-03  1.4209E-02  6.3143E-03  3.0068E-02  1.0000E+00
 2.5328E+04  6.1202E-03  1.4112E-02  6.3189E-03  2.9861E-02  1.0000E+00
 2.5522E+04  6.1262E-03  1.4015E-02  6.3234E-03  2.9656E-02  1.0000E+00
 2.5718E+04  6.1322E-03  1.3920E-02  6.3280E-03  2.9452E-02  1.0000E+00
 2.5915E+04  6.1382E-03  1.3825E-02  6.3327E-03  2.9249E-02  1.0000E+00
 2.6113E+04  6.1442E-03  1.3731E-02  6.3374E-03  2.9049E-02  1.0000E+00
 2.6313E+04  6.1502E-03  1.3637E-02  6.3421E-03  2.8849E-02  1.0000E+00
 2.6515E+04  6.1563E-03  1.3544E-02  6.3468E-03  2.8651E-02  1.0000E+00
 2.6718E+04  6.1624E-03  1.3452E-02  6.3516E-03  2.8455E-02  1.0000E+00
 2.6922E+04  6.1686E-03  1.3361E-02  6.3565E-03  2.8260E-02  1.0000E+00
 2.7128E+04  6.1747E-03  1.3270E-02  6.3613E-03  2.8067E-02  1.0000E+00
 2.7336E+04  6.1809E-03  1.3179E-02  6.3663E-03  2.7875E-02  1.0000E+00
 2.7545E+04  6.1872E-03  1.3090E-02  6.3712E-03  2.7685E-02  1.0000E+00
 2.7756E+04  6.1934E-03  1.3001E-02  6.3762E-03  2.7496E-02  1.0000E+00
 2.7969E+04  6.1997E-03  1.2913E-02  6.3812E-03  2.7309E-02  1.0000E+00
 2.8183E+04  6.2060E-03  1.2825E-02  6.3863E-03  2.7123E-02  1.0000E+00
 2.8399E+04  6.2124E-03  1.2738E-02  6.3914E-03  2.6938E-02  1.0000E+00
 2.8617E+04  6.2187E-03  1.2651E-02  6.3966E-03  2.6755E-02  1.0000E+00
 2.8836E+04  6.2252E-03  1.2565E-02  6.4018E-03  2.6573E-02  1.0000E+00
 2.9056E+04  6.2316E-03  1.2480E-02  6.4070E-03  2.6393E-02  1.0000E+00
 2.9279E+04  6.2381E-03  1.2396E-02  6.4123E-03  2.6214E-02  1.0000E+00
 2.9503E+04  6.2446E-03  1.2312E-02  6.4176E-03  2.6036E-02  1.0000E+00
 2.9729E+04  6.2511E-03  1.2228E-02  6.4230E-03  2.5860E-02  1.0000E+00
 2.9957E+04  6.2577E-03  1.2145E-02  6.4284E-03  2.5685E-02  1.0000E+00
 3.0186E+04  6.2643E-03  1.2063E-02  6.4338E-03  2.5511E-02  1.0000E+00
 3.0417E+04  6.2710E-03  1.1982E-02  6.4393E-03  2.5339E-02  1.0000E+00
 3.0650E+04  6.2777E-03  1.1901E-02  6.4449E-03  2.5168E-02  1.0000E+00
 3.0885E+04  6.2844E-03  1.1820E-02  6.4505E-03  2.4999E-02  1.0000E+00
 3.1122E+04  6.2911E-03  1.1740E-02  6.4561E-03  2.4830E-02  1.0000E+00
 3.1360E+04  6.2979E-03  1.1661E-02  6.4618E-03  2.4663E-02  1.0000E+00
 3.1600E+04  6.3048E-03  1.1582E-02  6.4675E-03  2.4497E-02  1.0000E+00
 3.1842E+04  6.3116E-03  1.1504E-02  6.4733E-03  2.4333E-02  1.0000E+00
 3.2086E+04  6.3185E-03  1.1427E-02  6.4791E-03  2.4170E-02  1.0000E+00
 3.2332E+04  6.3255E-03  1.1350E-02  6.4850E-03  2.4008E-02  1.0000E+00
 3.2579E+04  6.3325E-03  1.1273E-02  6.4909E-03  2.3847E-02  1.0000E+00
 3.2829E+04  6.3395E-03  1.1197E-02  6.4968E-03  2.3687E-02  1.0000E+00
 3.3080E+04  6.3465E-03  1.1122E-02  6.5028E-03  2.3529E-02  1.0000E+00
 3.3334E+04  6.3537E-03  1.1047E-02  6.5089E-03  2.3372E-02  1.0000E+00
 3.3589E+04  6.3608E-03  1.0973E-02  6.5150E-03  2.3216E-02  1.0000E+00
 3.3846E+04  6.3680E-03  1.0899E-02  6.5212E-03  2.3062E-02  1.0000E+00
 3.4105E+04  6.3752E-03  1.0826E-02  6.5274E-03  2.2908E-02  1.0000E+00
 3.4367E+04  6.3825E-03  1.0753E-02  6.5336E-03  2.2756E-02  1.0000E+00
 3.4630E+04  6.3898E-03  1.0681E-02  6.5399E-03  2.2605E-02  1.0000E+00
 3.4895E+04  6.3972E-03  1.0609E-02  6.5463E-03  2.2455E-02  1.0000E+00
 3.5162E+04  6.4046E-03  1.0538E-02  6.5527E-03  2.2306E-02  1.0000E+00
 3.5431E+04  6.4120E-03  1.0468E-02  6.5592E-03  2.2158E-02  1.0000E+00
 3.5703E+04  6.4195E-03  1.0398E-02  6.5657E-03  2.2012E-02  1.0000E+00
 3.5976E+04  6.4271E-03  1.0328E-02  6.5722E-03  2.1866E-02  1.0000E+00
 3.6252E+04  6.4346E-03  1.0259E-02  6.5789E-03  2.1722E-02  1.0000E+00
 3.6529E+04  6.4423E-03  1.0190E-02  6.5855E-03  2.1579E-02  1.0000E+00
 3.6809E+04  6.4499E-03  1.0122E-02  6.5923E-03  2.1436E-02  1.0000E+00
 3.7091E+04  6.4577E-03  1.0055E-02  6.5991E-03  2.1295E-02  1.0000E+00
 3.7375E+04  6.4654E-03  9.9876E-03  6.6059E-03  2.1155E-02  1.0000E+00
 3.7661E+04  6.4733E-03  9.9210E-03  6.6128E-03  2.1017E-02  1.0000E+00
 3.7950E+04  6.4811E-03  9.8549E-03  6.6198E-03  2.0879E-02  1.0000E+00
 3.8240E+04  6.4891E-03  9.7892E-03  6.6268E-03  2.0742E-02  1.0000E+00
 3.8533E+04  6.4970E-03  9.7241E-03  6.6338E-03  2.0606E-02  1.0000E+00
 3.8828E+04  6.5051E-03  9.6594E-03  6.6410E-03  2.0472E-02  1.0000E+00
 3.9126E+04  6.5131E-03  9.5952E-03  6.6482E-03  2.0338E-02  1.0000E+00
 3.9425E+04  6.5213E-03  9.5315E-03  6.6554E-03  2.0206E-02  1.0000E+00
 3.9727E+04  6.5294E-03  9.4682E-03  6.6627E-03  2.0074E-02  1.0000E+00
 4.0032E+04  6.5377E-03  9.4054E-03  6.6701E-03  1.9943E-02  1.0000E+00
 4.0338E+04  6.5460E-03  9.3431E-03  6.6775E-03  1.9814E-02  1.0000E+00
 4.0647E+04  6.5543E-03  9.2812E-03  6.6850E-03  1.9685E-02  1.0000E+00
 4.0958E+04  6.5627E-03  9.2197E-03  6.6925E-03  1.9558E-02  1.0000E+00
 4.1272E+04  6.5712E-03  9.1587E-03  6.7001E-03  1.9431E-02  1.0000E+00
 4.1588E+04  6.5797E-03  9.0982E-03  6.7078E-03  1.9306E-02  1.0000E+00
 4.1907E+04  6.5882E-03  9.0381E-03  6.7155E-03  1.9181E-02  1.0000E+00
 4.2228E+04  6.5969E-03  8.9784E-03  6.7233E-03  1.9057E-02  1.0000E+00
 4.2551E+04  6.6055E-03  8.9192E-03  6.7312E-03  1.8935E-02  1.0000E+00
 4.2877E+04  6.6143E-03  8.8604E-03  6.7391E-03  1.8813E-02  1.0000E+00
 4.3205E+04  6.6231E-03  8.8021E-03  6.7471E-03  1.8692E-02  1.0000E+00
 4.3536E+04  6.6319E-03  8.7441E-03  6.7552E-03  1.8572E-02  1.0000E+00
 4.3869E+04  6.6408E-03  8.6866E-03  6.7633E-03  1.8453E-02  1.0000E+00
 4.4205E+04  6.6498E-03  8.6295E-03  6.7715E-03  1.8335E-02  1.0000E+00
 4.4544E+04  6.6589E-03  8.5729E-03  6.7798E-03  1.8218E-02  1.0000E+00
 4.4885E+04  6.6680E-03  8.5166E-03  6.7881E-03  1.8102E-02  1.0000E+00
 4.5229E+04  6.6771E-03  8.4608E-03  6.7965E-03  1.7986E-02  1.0000E+00
 4.5575E+04  6.6864E-03  8.4054E-03  6.8049E-03  1.7872E-02  1.0000E+00
 4.5924E+04  6.6957E-03  8.3504E-03  6.8135E-03  1.7758E-02  1.0000E+00
 4.6276E+04  6.7050E-03  8.2957E-03  6.8221E-03  1.7646E-02  1.0000E+00
 4.6630E+04  6.7144E-03  8.2415E-03  6.8308E-03  1.7534E-02  1.0000E+00
 4.6987E+04  6.7239E-03  8.1877E-03  6.8395E-03  1.7423E-02  1.0000E+00
 4.7347E+04  6.7335E-03  8.1343E-03  6.8483E-03  1.7313E-02  1.0000E+00
 4.7710E+04  6.7431E-03  8.0813E-03  6.8572E-03  1.7203E-02  1.0000E+00
 4.8075E+04  6.7528E-03  8.0286E-03  6.8662E-03  1.7095E-02  1.0000E+00
 4.8443E+04  6.7626E-03  7.9764E-03  6.8753E-03  1.6987E-02  1.0000E+00
 4.8814E+04  6.7724E-03  7.9245E-03  6.8844E-03  1.6881E-02  1.0000E+00
 4.9188E+04  6.7823E-03  7.8731E-03  6.8936E-03  1.6775E-02  1.0000E+00
 4.9565E+04  6.7923E-03  7.8220E-03  6.9029E-03  1.6670E-02  1.0000E+00
 4.9945E+04  6.8023E-03  7.7712E-03  6.9122E-03  1.6565E-02  1.0000E+00
 5.0327E+04  6.8124E-03  7.7209E-03  6.9216E-03  1.6462E-02  1.0000E+00
 5.0713E+04  6.8226E-03  7.6709E-03  6.9311E-03  1.6359E-02  1.0000E+00
 5.1101E+04  6.8329E-03  7.6213E-03  6.9407E-03  1.6257E-02  1.0000E+00
 5.1492E+04  6.8432E-03  7.5721E-03  6.9504E-03  1.6156E-02  1.0000E+00
 5.1887E+04  6.8537E-03  7.5232E-03  6.9602E-03  1.6056E-02  1.0000E+00
 5.2284E+04  6.8642E-03  7.4747E-03  6.9700E-03  1.5956E-02  1.0000E+00
 5.2684E+04  6.8747E-03  7.4265E-03  6.9799E-03  1.5858E-02  1.0000E+00
 5.3088E+04  6.8854E-03  7.3787E-03  6.9899E-03  1.5760E-02  1.0000E+00
 5.3494E+04  6.8961E-03  7.3313E-03  7.0000E-03  1.5662E-02  1.0000E+00
 5.3904E+04  6.9069E-03  7.2842E-03  7.0101E-03  1.5566E-02  1.0000E+00
 5.4317E+04  6.9178E-03  7.2375E-03  7.0204E-03  1.5470E-02  1.0000E+00
 5.4733E+04  6.9288E-03  7.1911E-03  7.0307E-03  1.5375E-02  1.0000E+00
 5.5152E+04  6.9398E-03  7.1450E-03  7.0411E-03  1.5281E-02  1.0000E+00
 5.5574E+04  6.9509E-03  7.0993E-03  7.0517E-03  1.5188E-02  1.0000E+00
 5.6000E+04  6.9622E-03  7.0539E-03  7.0623E-03  1.5095E-02  1.0000E+00
 5.6429E+04  6.9735E-03  7.0089E-03  7.0729E-03  1.5003E-02  1.0000E+00
 5.6861E+04  6.9848E-03  6.9642E-03  7.0837E-03  1.4911E-02  1.0000E+00
 5.7297E+04  6.9963E-03  6.9198E-03  7.0946E-03  1.4821E-02  1.0000E+00
 5.7735E+04  7.0079E-03  6.8758E-03  7.1055E-03  1.4731E-02  1.0000E+00
 5.8177E+04  7.0195E-03  6.8320E-03  7.1166E-03  1.4642E-02  1.0000E+00
 5.8623E+04  7.0312E-03  6.7887E-03  7.1277E-03  1.4553E-02  1.0000E+00
 5.9072E+04  7.0431E-03  6.7456E-03  7.1390E-03  1.4465E-02  1.0000E+00
 5.9524E+04  7.0550E-03  6.7028E-03  7.1503E-03  1.4378E-02  1.0000E+00
 5.9980E+04  7.0670E-03  6.6604E-03  7.1618E-03  1.4292E-02  1.0000E+00
 6.0440E+04  7.0791E-03  6.6183E-03  7.1733E-03  1.4206E-02  1.0000E+00
 6.0902E+04  7.0913E-03  6.5765E-03  7.1849E-03  1.4121E-02  1.0000E+00
 6.1369E+04  7.1036E-03  6.5350E-03  7.1966E-03  1.4036E-02  1.0000E+00
 6.1839E+04  7.1159E-03  6.4938E-03  7.2085E-03  1.3953E-02  1.0000E+00
 6.2312E+04  7.1284E-03  6.4529E-03  7.2204E-03  1.3869E-02  1.0000E+00
 6.2790E+04  7.1410E-03  6.4124E-03  7.2324E-03  1.3787E-02  1.0000E+00
 6.3270E+04  7.1537E-03  6.3721E-03  7.2445E-03  1.3705E-02  1.0000E+00
 6.3755E+04  7.1664E-03  6.3321E-03  7.2568E-03  1.3624E-02  1.0000E+00
 6.4243E+04  7.1793E-03  6.2925E-03  7.2691E-03  1.3543E-02  1.0000E+00
 6.4735E+04  7.1923E-03  6.2531E-03  7.2815E-03  1.3463E-02  1.0000E+00
 6.5231E+04  7.2054E-03  6.2140E-03  7.2941E-03  1.3384E-02  1.0000E+00
 6.5731E+04  7.2185E-03  6.1752E-03  7.3067E-03  1.3305E-02  1.0000E+00
 6.6234E+04  7.2318E-03  6.1367E-03  7.3195E-03  1.3227E-02  1.0000E+00
 6.6741E+04  7.2452E-03  6.0985E-03  7.3324E-03  1.3150E-02  1.0000E+00
 6.7252E+04  7.2587E-03  6.0606E-03  7.3453E-03  1.3073E-02  1.0000E+00
 6.7767E+04  7.2723E-03  6.0230E-03  7.3584E-03  1.2997E-02  1.0000E+00
 6.8286E+04  7.2860E-03  5.9856E-03  7.3716E-03  1.2921E-02  1.0000E+00
 6.8809E+04  7.2998E-03  5.9485E-03  7.3849E-03  1.2846E-02  1.0000E+00
 6.9336E+04  7.3137E-03  5.9117E-03  7.3984E-03  1.2772E-02  1.0000E+00
 6.9867E+04  7.3278E-03  5.8752E-03  7.4119E-03  1.2698E-02  1.0000E+00
 7.0402E+04  7.3419E-03  5.8389E-03  7.4256E-03  1.2625E-02  1.0000E+00
 7.0942E+04  7.3562E-03  5.8029E-03  7.4394E-03  1.2552E-02  1.0000E+00
 7.1485E+04  7.3705E-03  5.7672E-03  7.4533E-03  1.2480E-02  1.0000E+00
 7.2032E+04  7.3850E-03  5.7318E-03  7.4673E-03  1.2408E-02  1.0000E+00
 7.2584E+04  7.3996E-03  5.6966E-03  7.4814E-03  1.2337E-02  1.0000E+00
 7.3140E+04  7.4144E-03  5.6617E-03  7.4957E-03  1.2267E-02  1.0000E+00
 7.3700E+04  7.4292E-03  5.6270E-03  7.5101E-03  1.2197E-02  1.0000E+00
 7.4264E+04  7.4442E-03  5.5926E-03  7.5246E-03  1.2128E-02  1.0000E+00
 7.4833E+04  7.4593E-03  5.5585E-03  7.5392E-03  1.2059E-02  1.0000E+00
 7.5406E+04  7.4745E-03  5.5246E-03  7.5540E-03  1.1991E-02  1.0000E+00
 7.5984E+04  7.4898E-03  5.4910E-03  7.5688E-03  1.1923E-02  1.0000E+00
 7.6566E+04  7.5053E-03  5.4576E-03  7.5839E-03  1.1856E-02  1.0000E+00
 7.7152E+04  7.5209E-03  5.4245E-03  7.5990E-03  1.1789E-02  1.0000E+00
 7.7743E+04  7.5366E-03  5.3916E-03  7.6143E-03  1.1723E-02  1.0000E+00
 7.8338E+04  7.5524E-03  5.3590E-03  7.6297E-03  1.1657E-02  1.0000E+00
 7.8938E+04  7.5684E-03  5.3266E-03  7.6452E-03  1.1592E-02  1.0000E+00
 7.9543E+04  7.5845E-03  5.2944E-03  7.6609E-03  1.1528E-02  1.0000E+00
 8.0152E+04  7.6007E-03  5.2625E-03  7.6767E-03  1.1464E-02  1.0000E+00
 8.0766E+04  7.6171E-03  5.2309E-03  7.6927E-03  1.1400E-02  1.0000E+00
 8.1384E+04  7.6336E-03  5.1994E-03  7.7088E-03  1.1337E-02  1.0000E+00
 8.2008E+04  7.6503E-03  5.1683E-03  7.7250E-03  1.1275E-02  1.0000E+00
 8.2636E+04  7.6671E-03  5.1373E-03  7.7414E-03  1.1213E-02  1.0000E+00
 8.3268E+04  7.6840E-03  5.1066E-03  7.7579E-03  1.1152E-02  1.0000E+00
 8.3906E+04  7.7010E-03  5.0761E-03  7.7745E-03  1.1091E-02  1.0000E+00
 8.4549E+04  7.7182E-03  5.0459E-03  7.7913E-03  1.1030E-02  1.0000E+00
 8.5196E+04  7.7356E-03  5.0158E-03  7.8083E-03  1.0970E-02  1.0000E+00
 8.5849E+04  7.7531E-03  4.9860E-03  7.8254E-03  1.0911E-02  1.0000E+00
 8.6506E+04  7.7707E-03  4.9564E-03  7.8426E-03  1.0851E-02  1.0000E+00
 8.7169E+04  7.7885E-03  4.9271E-03  7.8600E-03  1.0793E-02  1.0000E+00
 8.7836E+04  7.8065E-03  4.8980E-03  7.8776E-03  1.0735E-02  1.0000E+00
 8.8509E+04  7.8246E-03  4.8691E-03  7.8953E-03  1.0677E-02  1.0000E+00
 8.9187E+04  7.8428E-03  4.8404E-03  7.9132E-03  1.0620E-02  1.0000E+00
 8.9870E+04  7.8612E-03  4.8119E-03  7.9312E-03  1.0563E-02  1.0000E+00
 9.0558E+04  7.8797E-03  4.7836E-03  7.9494E-03  1.0507E-02  1.0000E+00
 9.1252E+04  7.8985E-03  4.7556E-03  7.9677E-03  1.0451E-02  1.0000E+00
 9.1950E+04  7.9173E-03  4.7277E-03  7.9862E-03  1.0396E-02  1.0000E+00
 9.2655E+04  7.9364E-03  4.7001E-03  8.0049E-03  1.0341E-02  1.0000E+00
 9.3364E+04  7.9556E-03  4.6727E-03  8.0237E-03  1.0286E-02  1.0000E+00
 9.4079E+04  7.9749E-03  4.6455E-03  8.0427E-03  1.0232E-02  1.0000E+00
 9.4800E+04  7.9944E-03  4.6185E-03  8.0619E-03  1.0179E-02  1.0000E+00
 9.5526E+04  8.0141E-03  4.5917E-03  8.0812E-03  1.0126E-02  1.0000E+00
 9.6257E+04  8.0340E-03  4.5651E-03  8.1007E-03  1.0073E-02  1.0000E+00
 9.6994E+04  8.0540E-03  4.5387E-03  8.1204E-03  1.0021E-02  1.0000E+00
 9.7737E+04  8.0742E-03  4.5125E-03  8.1402E-03  9.9690E-03  1.0000E+00
 9.8486E+04  8.0946E-03  4.4865E-03  8.1603E-03  9.9175E-03  1.0000E+00
 9.9240E+04  8.1151E-03  4.4607E-03  8.1805E-03  9.8665E-03  1.0000E+00
 1.0000E+05  8.1358E-03  4.4351E-03  8.2009E-03  9.8160E-03  1.0000E+00


