#     0	 1	   24	 5	 1.0139E+03	 1000	1
 4.8978E+01  0.0000E+00  0.0000E+00  0.0000E+00  0.0000E+00  0.0000E+00
 4.9353E+01  0.0000E+00  0.0000E+00  0.0000E+00  0.0000E+00  0.0000E+00
 4.9731E+01  0.0000E+00  0.0000E+00  0.0000E+00  0.0000E+00  0.0000E+00
 5.0112E+01  0.0000E+00  0.0000E+00  0.0000E+00  0.0000E+00  0.0000E+00
 5.0496E+01  0.0000E+00  0.0000E+00  0.0000E+00  0.0000E+00  0.0000E+00
 5.0882E+01  0.0000E+00  0.0000E+00  0.0000E+00  0.0000E+00  0.0000E+00
 5.1272E+01  0.0000E+00  0.0000E+00  0.0000E+00  0.0000E+00  0.0000E+00
 5.1665E+01  0.0000E+00  0.0000E+00  0.0000E+00  0.0000E+00  0.0000E+00
 5.2060E+01  0.0000E+00  0.0000E+00  0.0000E+00  0.0000E+00  0.0000E+00
 5.2459E+01  0.0000E+00  0.0000E+00  0.0000E+00  0.0000E+00  0.0000E+00
 5.2861E+01  0.0000E+00  0.0000E+00  0.0000E+00  0.0000E+00  0.0000E+00
 5.3266E+01  0.0000E+00  0.0000E+00  0.0000E+00  0.0000E+00  0.0000E+00
 5.3673E+01  0.0000E+00  0.0000E+00  0.0000E+00  0.0000E+00  0.0000E+00
 5.4085E+01  0.0000E+00  0.0000E+00  0.0000E+00  0.0000E+00  0.0000E+00
 5.4499E+01  0.0000E+00  0.0000E+00  0.0000E+00  0.0000E+00  0.0000E+00
 5.4916E+01  0.0000E+00  0.0000E+00  0.0000E+00  0.0000E+00  0.0000E+00
 5.5337E+01  0.0000E+00  0.0000E+00  0.0000E+00  0.0000E+00  0.0000E+00
 5.5760E+01  0.0000E+00  0.0000E+00  0.0000E+00  0.0000E+00  0.0000E+00
 5.6187E+01  0.0000E+00  0.0000E+00  0.0000E+00  0.0000E+00  0.0000E+00
 5.6618E+01  0.0000E+00  0.0000E+00  0.0000E+00  0.0000E+00  0.0000E+00
 5.7051E+01  0.0000E+00  0.0000E+00  0.0000E+00  0.0000E+00  0.0000E+00
 5.7488E+01  0.0000E+00  0.0000E+00  0.0000E+00  0.0000E+00  0.0000E+00
 5.7929E+01  0.0000E+00  0.0000E+00  0.0000E+00  0.0000E+00  0.0000E+00
 5.8372E+01  0.0000E+00  0.0000E+00  0.0000E+00  0.0000E+00  0.0000E+00
 5.8819E+01  0.0000E+00  0.0000E+00  0.0000E+00  0.0000E+00  0.0000E+00
 5.9270E+01  0.0000E+00  0.0000E+00  0.0000E+00  0.0000E+00  0.0000E+00
 5.9724E+01  0.0000E+00  0.0000E+00  0.0000E+00  0.0000E+00  0.0000E+00
 6.0181E+01  0.0000E+00  0.0000E+00  0.0000E+00  0.0000E+00  0.0000E+00
 6.0642E+01  0.0000E+00  0.0000E+00  0.0000E+00  0.0000E+00  0.0000E+00
 6.1106E+01  0.0000E+00  0.0000E+00  0.0000E+00  0.0000E+00  0.0000E+00
 6.1574E+01  0.0000E+00  0.0000E+00  0.0000E+00  0.0000E+00  0.0000E+00
 6.2046E+01  0.0000E+00  0.0000E+00  0.0000E+00  0.0000E+00  0.0000E+00
 6.2521E+01  0.0000E+00  0.0000E+00  0.0000E+00  0.0000E+00  0.0000E+00
 6.3000E+01  0.0000E+00  0.0000E+00  0.0000E+00  0.0000E+00  0.0000E+00
 6.3482E+01  0.0000E+00  0.0000E+00  0.0000E+00  0.0000E+00  0.0000E+00
 6.3968E+01  0.0000E+00  0.0000E+00  0.0000E+00  0.0000E+00  0.0000E+00
 6.4458E+01  0.0000E+00  0.0000E+00  0.0000E+00  0.0000E+00  0.0000E+00
 6.4952E+01  0.0000E+00  0.0000E+00  0.0000E+00  0.0000E+00  0.0000E+00
 6.5449E+01  0.0000E+00  0.0000E+00  0.0000E+00  0.0000E+00  0.0000E+00
 6.5951E+01  0.0000E+00  0.0000E+00  0.0000E+00  0.0000E+00  0.0000E+00
 6.6456E+01  0.0000E+00  0.0000E+00  0.0000E+00  0.0000E+00  0.0000E+00
 6.6965E+01  0.0000E+00  0.0000E+00  0.0000E+00  0.0000E+00  0.0000E+00
 6.7478E+01  0.0000E+00  0.0000E+00  0.0000E+00  0.0000E+00  0.0000E+00
 6.7994E+01  0.0000E+00  0.0000E+00  0.0000E+00  0.0000E+00  0.0000E+00
 6.8515E+01  0.0000E+00  0.0000E+00  0.0000E+00  0.0000E+00  0.0000E+00
 6.9040E+01  0.0000E+00  0.0000E+00  0.0000E+00  0.0000E+00  0.0000E+00
 6.9568E+01  0.0000E+00  0.0000E+00  0.0000E+00  0.0000E+00  0.0000E+00
 7.0101E+01  0.0000E+00  0.0000E+00  0.0000E+00  0.0000E+00  0.0000E+00
 7.0638E+01  0.0000E+00  0.0000E+00  0.0000E+00  0.0000E+00  0.0000E+00
 7.1179E+01  0.0000E+00  0.0000E+00  0.0000E+00  0.0000E+00  0.0000E+00
 7.1724E+01  0.0000E+00  0.0000E+00  0.0000E+00  0.0000E+00  0.0000E+00
 7.2273E+01  0.0000E+00  0.0000E+00  0.0000E+00  0.0000E+00  0.0000E+00
 7.2827E+01  0.0000E+00  0.0000E+00  0.0000E+00  0.0000E+00  0.0000E+00
 7.3385E+01  0.0000E+00  0.0000E+00  0.0000E+00  0.0000E+00  0.0000E+00
 7.3947E+01  0.0000E+00  0.0000E+00  0.0000E+00  0.0000E+00  0.0000E+00
 7.4513E+01  0.0000E+00  0.0000E+00  0.0000E+00  0.0000E+00  0.0000E+00
 7.5084E+01  0.0000E+00  0.0000E+00  0.0000E+00  0.0000E+00  0.0000E+00
 7.5659E+01  0.0000E+00  0.0000E+00  0.0000E+00  0.0000E+00  0.0000E+00
 7.6238E+01  0.0000E+00  0.0000E+00  0.0000E+00  0.0000E+00  0.0000E+00
 7.6822E+01  0.0000E+00  0.0000E+00  0.0000E+00  0.0000E+00  0.0000E+00
 7.7410E+01  0.0000E+00  0.0000E+00  0.0000E+00  0.0000E+00  0.0000E+00
 7.8003E+01  0.0000E+00  0.0000E+00  0.0000E+00  0.0000E+00  0.0000E+00
 7.8601E+01  0.0000E+00  0.0000E+00  0.0000E+00  0.0000E+00  0.0000E+00
 7.9202E+01  0.0000E+00  0.0000E+00  0.0000E+00  0.0000E+00  0.0000E+00
 7.9809E+01  0.0000E+00  0.0000E+00  0.0000E+00  0.0000E+00  0.0000E+00
 8.0420E+01  0.0000E+00  0.0000E+00  0.0000E+00  0.0000E+00  0.0000E+00
 8.1036E+01  0.0000E+00  0.0000E+00  0.0000E+00  0.0000E+00  0.0000E+00
 8.1657E+01  0.0000E+00  0.0000E+00  0.0000E+00  0.0000E+00  0.0000E+00
 8.2282E+01  0.0000E+00  0.0000E+00  0.0000E+00  0.0000E+00  0.0000E+00
 8.2912E+01  0.0000E+00  0.0000E+00  0.0000E+00  0.0000E+00  0.0000E+00
 8.3547E+01  0.0000E+00  0.0000E+00  0.0000E+00  0.0000E+00  0.0000E+00
 8.4187E+01  0.0000E+00  0.0000E+00  0.0000E+00  0.0000E+00  0.0000E+00
 8.4832E+01  0.0000E+00  0.0000E+00  0.0000E+00  0.0000E+00  0.0000E+00
 8.5481E+01  0.0000E+00  0.0000E+00  0.0000E+00  0.0000E+00  0.0000E+00
 8.6136E+01  0.0000E+00  0.0000E+00  0.0000E+00  0.0000E+00  0.0000E+00
 8.6796E+01  0.0000E+00  0.0000E+00  0.0000E+00  0.0000E+00  0.0000E+00
 8.7460E+01  0.0000E+00  0.0000E+00  0.0000E+00  0.0000E+00  0.0000E+00
 8.8130E+01  0.0000E+00  0.0000E+00  0.0000E+00  0.0000E+00  0.0000E+00
 8.8805E+01  0.0000E+00  0.0000E+00  0.0000E+00  0.0000E+00  0.0000E+00
 8.9485E+01  0.0000E+00  0.0000E+00  0.0000E+00  0.0000E+00  0.0000E+00
 9.0171E+01  0.0000E+00  0.0000E+00  0.0000E+00  0.0000E+00  0.0000E+00
 9.0861E+01  0.0000E+00  0.0000E+00  0.0000E+00  0.0000E+00  0.0000E+00
 9.1557E+01  0.0000E+00  0.0000E+00  0.0000E+00  0.0000E+00  0.0000E+00
 9.2258E+01  0.0000E+00  0.0000E+00  0.0000E+00  0.0000E+00  0.0000E+00
 9.2965E+01  0.0000E+00  0.0000E+00  0.0000E+00  0.0000E+00  0.0000E+00
 9.3677E+01  0.0000E+00  0.0000E+00  0.0000E+00  0.0000E+00  0.0000E+00
 9.4394E+01  0.0000E+00  0.0000E+00  0.0000E+00  0.0000E+00  0.0000E+00
 9.5117E+01  0.0000E+00  0.0000E+00  0.0000E+00  0.0000E+00  0.0000E+00
 9.5845E+01  0.0000E+00  0.0000E+00  0.0000E+00  0.0000E+00  0.0000E+00
 9.6579E+01  0.0000E+00  0.0000E+00  0.0000E+00  0.0000E+00  0.0000E+00
 9.7319E+01  0.0000E+00  0.0000E+00  0.0000E+00  0.0000E+00  0.0000E+00
 9.8064E+01  0.0000E+00  0.0000E+00  0.0000E+00  0.0000E+00  0.0000E+00
 9.8815E+01  0.0000E+00  0.0000E+00  0.0000E+00  0.0000E+00  0.0000E+00
 9.9572E+01  0.0000E+00  0.0000E+00  0.0000E+00  0.0000E+00  0.0000E+00
 1.0033E+02  0.0000E+00  0.0000E+00  0.0000E+00  0.0000E+00  0.0000E+00
 1.0110E+02  0.0000E+00  0.0000E+00  0.0000E+00  0.0000E+00  0.0000E+00
 1.0188E+02  0.0000E+00  0.0000E+00  0.0000E+00  0.0000E+00  0.0000E+00
 1.0266E+02  0.0000E+00  0.0000E+00  0.0000E+00  0.0000E+00  0.0000E+00
 1.0344E+02  0.0000E+00  0.0000E+00  0.0000E+00  0.0000E+00  0.0000E+00
 1.0424E+02  0.0000E+00  0.0000E+00  0.0000E+00  0.0000E+00  0.0000E+00
 1.0503E+02  0.0000E+00  0.0000E+00  0.0000E+00  0.0000E+00  0.0000E+00
 1.0584E+02  0.0000E+00  0.0000E+00  0.0000E+00  0.0000E+00  0.0000E+00
 1.0665E+02  0.0000E+00  0.0000E+00  0.0000E+00  0.0000E+00  0.0000E+00
 1.0747E+02  0.0000E+00  0.0000E+00  0.0000E+00  0.0000E+00  0.0000E+00
 1.0829E+02  0.0000E+00  0.0000E+00  0.0000E+00  0.0000E+00  0.0000E+00
 1.0912E+02  0.0000E+00  0.0000E+00  0.0000E+00  0.0000E+00  0.0000E+00
 1.0995E+02  0.0000E+00  0.0000E+00  0.0000E+00  0.0000E+00  0.0000E+00
 1.1080E+02  0.0000E+00  0.0000E+00  0.0000E+00  0.0000E+00  0.0000E+00
 1.1164E+02  0.0000E+00  0.0000E+00  0.0000E+00  0.0000E+00  0.0000E+00
 1.1250E+02  0.0000E+00  0.0000E+00  0.0000E+00  0.0000E+00  0.0000E+00
 1.1336E+02  0.0000E+00  0.0000E+00  0.0000E+00  0.0000E+00  0.0000E+00
 1.1423E+02  0.0000E+00  0.0000E+00  0.0000E+00  0.0000E+00  0.0000E+00
 1.1510E+02  0.0000E+00  0.0000E+00  0.0000E+00  0.0000E+00  0.0000E+00
 1.1599E+02  0.0000E+00  0.0000E+00  0.0000E+00  0.0000E+00  0.0000E+00
 1.1687E+02  0.0000E+00  0.0000E+00  0.0000E+00  0.0000E+00  0.0000E+00
 1.1777E+02  0.0000E+00  0.0000E+00  0.0000E+00  0.0000E+00  0.0000E+00
 1.1867E+02  0.0000E+00  0.0000E+00  0.0000E+00  0.0000E+00  0.0000E+00
 1.1958E+02  0.0000E+00  0.0000E+00  0.0000E+00  0.0000E+00  0.0000E+00
 1.2050E+02  0.0000E+00  0.0000E+00  0.0000E+00  0.0000E+00  0.0000E+00
 1.2142E+02  0.0000E+00  0.0000E+00  0.0000E+00  0.0000E+00  0.0000E+00
 1.2235E+02  0.0000E+00  0.0000E+00  0.0000E+00  0.0000E+00  0.0000E+00
 1.2329E+02  0.0000E+00  0.0000E+00  0.0000E+00  0.0000E+00  0.0000E+00
 1.2423E+02  0.0000E+00  0.0000E+00  0.0000E+00  0.0000E+00  0.0000E+00
 1.2518E+02  0.0000E+00  0.0000E+00  0.0000E+00  0.0000E+00  0.0000E+00
 1.2614E+02  0.0000E+00  0.0000E+00  0.0000E+00  0.0000E+00  0.0000E+00
 1.2711E+02  0.0000E+00  0.0000E+00  0.0000E+00  0.0000E+00  0.0000E+00
 1.2808E+02  0.0000E+00  0.0000E+00  0.0000E+00  0.0000E+00  0.0000E+00
 1.2906E+02  0.0000E+00  0.0000E+00  0.0000E+00  0.0000E+00  0.0000E+00
 1.3005E+02  0.0000E+00  0.0000E+00  0.0000E+00  0.0000E+00  0.0000E+00
 1.3104E+02  0.0000E+00  0.0000E+00  0.0000E+00  0.0000E+00  0.0000E+00
 1.3205E+02  0.0000E+00  0.0000E+00  0.0000E+00  0.0000E+00  0.0000E+00
 1.3306E+02  0.0000E+00  0.0000E+00  0.0000E+00  0.0000E+00  0.0000E+00
 1.3408E+02  0.0000E+00  0.0000E+00  0.0000E+00  0.0000E+00  0.0000E+00
 1.3510E+02  0.0000E+00  0.0000E+00  0.0000E+00  0.0000E+00  0.0000E+00
 1.3614E+02  0.0000E+00  0.0000E+00  0.0000E+00  0.0000E+00  0.0000E+00
 1.3718E+02  0.0000E+00  0.0000E+00  0.0000E+00  0.0000E+00  0.0000E+00
 1.3823E+02  0.0000E+00  0.0000E+00  0.0000E+00  0.0000E+00  0.0000E+00
 1.3929E+02  0.0000E+00  0.0000E+00  0.0000E+00  0.0000E+00  0.0000E+00
 1.4036E+02  0.0000E+00  0.0000E+00  0.0000E+00  0.0000E+00  0.0000E+00
 1.4143E+02  0.0000E+00  0.0000E+00  0.0000E+00  0.0000E+00  0.0000E+00
 1.4252E+02  0.0000E+00  0.0000E+00  0.0000E+00  0.0000E+00  0.0000E+00
 1.4361E+02  0.0000E+00  0.0000E+00  0.0000E+00  0.0000E+00  0.0000E+00
 1.4471E+02  0.0000E+00  0.0000E+00  0.0000E+00  0.0000E+00  0.0000E+00
 1.4582E+02  0.0000E+00  0.0000E+00  0.0000E+00  0.0000E+00  0.0000E+00
 1.4693E+02  0.0000E+00  0.0000E+00  0.0000E+00  0.0000E+00  0.0000E+00
 1.4806E+02  0.0000E+00  0.0000E+00  0.0000E+00  0.0000E+00  0.0000E+00
 1.4919E+02  0.0000E+00  0.0000E+00  0.0000E+00  0.0000E+00  0.0000E+00
 1.5033E+02  0.0000E+00  0.0000E+00  0.0000E+00  0.0000E+00  0.0000E+00
 1.5149E+02  0.0000E+00  0.0000E+00  0.0000E+00  0.0000E+00  0.0000E+00
 1.5265E+02  0.0000E+00  0.0000E+00  0.0000E+00  0.0000E+00  0.0000E+00
 1.5381E+02  0.0000E+00  0.0000E+00  0.0000E+00  0.0000E+00  0.0000E+00
 1.5499E+02  0.0000E+00  0.0000E+00  0.0000E+00  0.0000E+00  0.0000E+00
 1.5618E+02  0.0000E+00  0.0000E+00  0.0000E+00  0.0000E+00  0.0000E+00
 1.5738E+02  0.0000E+00  0.0000E+00  0.0000E+00  0.0000E+00  0.0000E+00
 1.5858E+02  0.0000E+00  0.0000E+00  0.0000E+00  0.0000E+00  0.0000E+00
 1.5980E+02  0.0000E+00  0.0000E+00  0.0000E+00  0.0000E+00  0.0000E+00
 1.6102E+02  0.0000E+00  0.0000E+00  0.0000E+00  0.0000E+00  0.0000E+00
 1.6225E+02  0.0000E+00  0.0000E+00  0.0000E+00  0.0000E+00  0.0000E+00
 1.6349E+02  0.0000E+00  0.0000E+00  0.0000E+00  0.0000E+00  0.0000E+00
 1.6475E+02  0.0000E+00  0.0000E+00  0.0000E+00  0.0000E+00  0.0000E+00
 1.6601E+02  0.0000E+00  0.0000E+00  0.0000E+00  0.0000E+00  0.0000E+00
 1.6728E+02  0.0000E+00  0.0000E+00  0.0000E+00  0.0000E+00  0.0000E+00
 1.6856E+02  0.0000E+00  0.0000E+00  0.0000E+00  0.0000E+00  0.0000E+00
 1.6985E+02  0.0000E+00  0.0000E+00  0.0000E+00  0.0000E+00  0.0000E+00
 1.7115E+02  0.0000E+00  0.0000E+00  0.0000E+00  0.0000E+00  0.0000E+00
 1.7246E+02  0.0000E+00  0.0000E+00  0.0000E+00  0.0000E+00  0.0000E+00
 1.7378E+02  0.0000E+00  0.0000E+00  0.0000E+00  0.0000E+00  0.0000E+00
 1.7511E+02  0.0000E+00  0.0000E+00  0.0000E+00  0.0000E+00  0.0000E+00
 1.7646E+02  0.0000E+00  0.0000E+00  0.0000E+00  0.0000E+00  0.0000E+00
 1.7781E+02  0.0000E+00  0.0000E+00  0.0000E+00  0.0000E+00  0.0000E+00
 1.7917E+02  0.0000E+00  0.0000E+00  0.0000E+00  0.0000E+00  0.0000E+00
 1.8054E+02  0.0000E+00  0.0000E+00  0.0000E+00  0.0000E+00  0.0000E+00
 1.8192E+02  0.0000E+00  0.0000E+00  0.0000E+00  0.0000E+00  0.0000E+00
 1.8332E+02  0.0000E+00  0.0000E+00  0.0000E+00  0.0000E+00  0.0000E+00
 1.8472E+02  0.0000E+00  0.0000E+00  0.0000E+00  0.0000E+00  0.0000E+00
 1.8614E+02  0.0000E+00  0.0000E+00  0.0000E+00  0.0000E+00  0.0000E+00
 1.8756E+02  0.0000E+00  0.0000E+00  0.0000E+00  0.0000E+00  0.0000E+00
 1.8900E+02  0.0000E+00  0.0000E+00  0.0000E+00  0.0000E+00  0.0000E+00
 1.9045E+02  0.0000E+00  0.0000E+00  0.0000E+00  0.0000E+00  0.0000E+00
 1.9190E+02  0.0000E+00  0.0000E+00  0.0000E+00  0.0000E+00  0.0000E+00
 1.9337E+02  0.0000E+00  0.0000E+00  0.0000E+00  0.0000E+00  0.0000E+00
 1.9485E+02  0.0000E+00  0.0000E+00  0.0000E+00  0.0000E+00  0.0000E+00
 1.9635E+02  0.0000E+00  0.0000E+00  0.0000E+00  0.0000E+00  0.0000E+00
 1.9785E+02  0.0000E+00  0.0000E+00  0.0000E+00  0.0000E+00  0.0000E+00
 1.9937E+02  0.0000E+00  0.0000E+00  0.0000E+00  0.0000E+00  0.0000E+00
 2.0089E+02  0.0000E+00  0.0000E+00  0.0000E+00  0.0000E+00  0.0000E+00
 2.0243E+02  0.0000E+00  0.0000E+00  0.0000E+00  0.0000E+00  0.0000E+00
 2.0398E+02  0.0000E+00  0.0000E+00  0.0000E+00  0.0000E+00  0.0000E+00
 2.0554E+02  0.0000E+00  0.0000E+00  0.0000E+00  0.0000E+00  0.0000E+00
 2.0712E+02  0.0000E+00  0.0000E+00  0.0000E+00  0.0000E+00  0.0000E+00
 2.0870E+02  0.0000E+00  0.0000E+00  0.0000E+00  0.0000E+00  0.0000E+00
 2.1030E+02  0.0000E+00  0.0000E+00  0.0000E+00  0.0000E+00  0.0000E+00
 2.1191E+02  0.0000E+00  0.0000E+00  0.0000E+00  0.0000E+00  0.0000E+00
 2.1354E+02  0.0000E+00  0.0000E+00  0.0000E+00  0.0000E+00  0.0000E+00
 2.1517E+02  0.0000E+00  0.0000E+00  0.0000E+00  0.0000E+00  0.0000E+00
 2.1682E+02  0.0000E+00  0.0000E+00  0.0000E+00  0.0000E+00  0.0000E+00
 2.1848E+02  0.0000E+00  0.0000E+00  0.0000E+00  0.0000E+00  0.0000E+00
 2.2015E+02  0.0000E+00  0.0000E+00  0.0000E+00  0.0000E+00  0.0000E+00
 2.2184E+02  0.0000E+00  0.0000E+00  0.0000E+00  0.0000E+00  0.0000E+00
 2.2354E+02  0.0000E+00  0.0000E+00  0.0000E+00  0.0000E+00  0.0000E+00
 2.2525E+02  0.0000E+00  0.0000E+00  0.0000E+00  0.0000E+00  0.0000E+00
 2.2697E+02  0.0000E+00  0.0000E+00  0.0000E+00  0.0000E+00  0.0000E+00
 2.2871E+02  0.0000E+00  0.0000E+00  0.0000E+00  0.0000E+00  0.0000E+00
 2.3046E+02  0.0000E+00  0.0000E+00  0.0000E+00  0.0000E+00  0.0000E+00
 2.3223E+02  0.0000E+00  0.0000E+00  0.0000E+00  0.0000E+00  0.0000E+00
 2.3401E+02  0.0000E+00  0.0000E+00  0.0000E+00  0.0000E+00  0.0000E+00
 2.3580E+02  0.0000E+00  0.0000E+00  0.0000E+00  0.0000E+00  0.0000E+00
 2.3761E+02  0.0000E+00  0.0000E+00  0.0000E+00  0.0000E+00  0.0000E+00
 2.3942E+02  0.0000E+00  0.0000E+00  0.0000E+00  0.0000E+00  0.0000E+00
 2.4126E+02  0.0000E+00  0.0000E+00  0.0000E+00  0.0000E+00  0.0000E+00
 2.4311E+02  0.0000E+00  0.0000E+00  0.0000E+00  0.0000E+00  0.0000E+00
 2.4497E+02  0.0000E+00  0.0000E+00  0.0000E+00  0.0000E+00  0.0000E+00
 2.4684E+02  0.0000E+00  0.0000E+00  0.0000E+00  0.0000E+00  0.0000E+00
 2.4873E+02  0.0000E+00  0.0000E+00  0.0000E+00  0.0000E+00  0.0000E+00
 2.5064E+02  0.0000E+00  0.0000E+00  0.0000E+00  0.0000E+00  0.0000E+00
 2.5256E+02  0.0000E+00  0.0000E+00  0.0000E+00  0.0000E+00  0.0000E+00
 2.5449E+02  0.0000E+00  0.0000E+00  0.0000E+00  0.0000E+00  0.0000E+00
 2.5644E+02  0.0000E+00  0.0000E+00  0.0000E+00  0.0000E+00  0.0000E+00
 2.5841E+02  0.0000E+00  0.0000E+00  0.0000E+00  0.0000E+00  0.0000E+00
 2.6038E+02  0.0000E+00  0.0000E+00  0.0000E+00  0.0000E+00  0.0000E+00
 2.6238E+02  0.0000E+00  0.0000E+00  0.0000E+00  0.0000E+00  0.0000E+00
 2.6439E+02  0.0000E+00  0.0000E+00  0.0000E+00  0.0000E+00  0.0000E+00
 2.6641E+02  0.0000E+00  0.0000E+00  0.0000E+00  0.0000E+00  0.0000E+00
 2.6845E+02  0.0000E+00  0.0000E+00  0.0000E+00  0.0000E+00  0.0000E+00
 2.7051E+02  0.0000E+00  0.0000E+00  0.0000E+00  0.0000E+00  0.0000E+00
 2.7258E+02  0.0000E+00  0.0000E+00  0.0000E+00  0.0000E+00  0.0000E+00
 2.7467E+02  0.0000E+00  0.0000E+00  0.0000E+00  0.0000E+00  0.0000E+00
 2.7677E+02  0.0000E+00  0.0000E+00  0.0000E+00  0.0000E+00  0.0000E+00
 2.7889E+02  0.0000E+00  0.0000E+00  0.0000E+00  0.0000E+00  0.0000E+00
 2.8103E+02  0.0000E+00  0.0000E+00  0.0000E+00  0.0000E+00  0.0000E+00
 2.8318E+02  0.0000E+00  0.0000E+00  0.0000E+00  0.0000E+00  0.0000E+00
 2.8535E+02  0.0000E+00  0.0000E+00  0.0000E+00  0.0000E+00  0.0000E+00
 2.8753E+02  0.0000E+00  0.0000E+00  0.0000E+00  0.0000E+00  0.0000E+00
 2.8974E+02  0.0000E+00  0.0000E+00  0.0000E+00  0.0000E+00  0.0000E+00
 2.9195E+02  0.0000E+00  0.0000E+00  0.0000E+00  0.0000E+00  0.0000E+00
 2.9419E+02  0.0000E+00  0.0000E+00  0.0000E+00  0.0000E+00  0.0000E+00
 2.9644E+02  0.0000E+00  0.0000E+00  0.0000E+00  0.0000E+00  0.0000E+00
 2.9871E+02  0.0000E+00  0.0000E+00  0.0000E+00  0.0000E+00  0.0000E+00
 3.0100E+02  0.0000E+00  0.0000E+00  0.0000E+00  0.0000E+00  0.0000E+00
 3.0331E+02  0.0000E+00  0.0000E+00  0.0000E+00  0.0000E+00  0.0000E+00
 3.0563E+02  0.0000E+00  0.0000E+00  0.0000E+00  0.0000E+00  0.0000E+00
 3.0797E+02  0.0000E+00  0.0000E+00  0.0000E+00  0.0000E+00  0.0000E+00
 3.1033E+02  0.0000E+00  0.0000E+00  0.0000E+00  0.0000E+00  0.0000E+00
 3.1271E+02  0.0000E+00  0.0000E+00  0.0000E+00  0.0000E+00  0.0000E+00
 3.1510E+02  0.0000E+00  0.0000E+00  0.0000E+00  0.0000E+00  0.0000E+00
 3.1751E+02  0.0000E+00  0.0000E+00  0.0000E+00  0.0000E+00  0.0000E+00
 3.1994E+02  0.0000E+00  0.0000E+00  0.0000E+00  0.0000E+00  0.0000E+00
 3.2240E+02  0.0000E+00  0.0000E+00  0.0000E+00  0.0000E+00  0.0000E+00
 3.2486E+02  0.0000E+00  0.0000E+00  0.0000E+00  0.0000E+00  0.0000E+00
 3.2735E+02  0.0000E+00  0.0000E+00  0.0000E+00  0.0000E+00  0.0000E+00
 3.2986E+02  0.0000E+00  0.0000E+00  0.0000E+00  0.0000E+00  0.0000E+00
 3.3239E+02  0.0000E+00  0.0000E+00  0.0000E+00  0.0000E+00  0.0000E+00
 3.3493E+02  0.0000E+00  0.0000E+00  0.0000E+00  0.0000E+00  0.0000E+00
 3.3750E+02  0.0000E+00  0.0000E+00  0.0000E+00  0.0000E+00  0.0000E+00
 3.4008E+02  0.0000E+00  0.0000E+00  0.0000E+00  0.0000E+00  0.0000E+00
 3.4268E+02  0.0000E+00  0.0000E+00  0.0000E+00  0.0000E+00  0.0000E+00
 3.4531E+02  0.0000E+00  0.0000E+00  0.0000E+00  0.0000E+00  0.0000E+00
 3.4795E+02  0.0000E+00  0.0000E+00  0.0000E+00  0.0000E+00  0.0000E+00
 3.5062E+02  0.0000E+00  0.0000E+00  0.0000E+00  0.0000E+00  0.0000E+00
 3.5330E+02  0.0000E+00  0.0000E+00  0.0000E+00  0.0000E+00  0.0000E+00
 3.5601E+02  0.0000E+00  0.0000E+00  0.0000E+00  0.0000E+00  0.0000E+00
 3.5874E+02  0.0000E+00  0.0000E+00  0.0000E+00  0.0000E+00  0.0000E+00
 3.6148E+02  0.0000E+00  0.0000E+00  0.0000E+00  0.0000E+00  0.0000E+00
 3.6425E+02  0.0000E+00  0.0000E+00  0.0000E+00  0.0000E+00  0.0000E+00
 3.6704E+02  0.0000E+00  0.0000E+00  0.0000E+00  0.0000E+00  0.0000E+00
 3.6985E+02  0.0000E+00  0.0000E+00  0.0000E+00  0.0000E+00  0.0000E+00
 3.7268E+02  0.0000E+00  0.0000E+00  0.0000E+00  0.0000E+00  0.0000E+00
 3.7554E+02  0.0000E+00  0.0000E+00  0.0000E+00  0.0000E+00  0.0000E+00
 3.7841E+02  0.0000E+00  0.0000E+00  0.0000E+00  0.0000E+00  0.0000E+00
 3.8131E+02  0.0000E+00  0.0000E+00  0.0000E+00  0.0000E+00  0.0000E+00
 3.8423E+02  0.0000E+00  0.0000E+00  0.0000E+00  0.0000E+00  0.0000E+00
 3.8718E+02  0.0000E+00  0.0000E+00  0.0000E+00  0.0000E+00  0.0000E+00
 3.9014E+02  0.0000E+00  0.0000E+00  0.0000E+00  0.0000E+00  0.0000E+00
 3.9313E+02  0.0000E+00  0.0000E+00  0.0000E+00  0.0000E+00  0.0000E+00
 3.9614E+02  0.0000E+00  0.0000E+00  0.0000E+00  0.0000E+00  0.0000E+00
 3.9917E+02  0.0000E+00  0.0000E+00  0.0000E+00  0.0000E+00  0.0000E+00
 4.0223E+02  0.0000E+00  0.0000E+00  0.0000E+00  0.0000E+00  0.0000E+00
 4.0531E+02  0.0000E+00  0.0000E+00  0.0000E+00  0.0000E+00  0.0000E+00
 4.0841E+02  0.0000E+00  0.0000E+00  0.0000E+00  0.0000E+00  0.0000E+00
 4.1154E+02  0.0000E+00  0.0000E+00  0.0000E+00  0.0000E+00  0.0000E+00
 4.1469E+02  0.0000E+00  0.0000E+00  0.0000E+00  0.0000E+00  0.0000E+00
 4.1787E+02  0.0000E+00  0.0000E+00  0.0000E+00  0.0000E+00  0.0000E+00
 4.2107E+02  0.0000E+00  0.0000E+00  0.0000E+00  0.0000E+00  0.0000E+00
 4.2429E+02  0.0000E+00  0.0000E+00  0.0000E+00  0.0000E+00  0.0000E+00
 4.2754E+02  0.0000E+00  0.0000E+00  0.0000E+00  0.0000E+00  0.0000E+00
 4.3082E+02  0.0000E+00  0.0000E+00  0.0000E+00  0.0000E+00  0.0000E+00
 4.3412E+02  0.0000E+00  0.0000E+00  0.0000E+00  0.0000E+00  0.0000E+00
 4.3744E+02  0.0000E+00  0.0000E+00  0.0000E+00  0.0000E+00  0.0000E+00
 4.4079E+02  0.0000E+00  0.0000E+00  0.0000E+00  0.0000E+00  0.0000E+00
 4.4417E+02  0.0000E+00  0.0000E+00  0.0000E+00  0.0000E+00  0.0000E+00
 4.4757E+02  0.0000E+00  0.0000E+00  0.0000E+00  0.0000E+00  0.0000E+00
 4.5100E+02  0.0000E+00  0.0000E+00  0.0000E+00  0.0000E+00  0.0000E+00
 4.5445E+02  0.0000E+00  0.0000E+00  0.0000E+00  0.0000E+00  0.0000E+00
 4.5793E+02  0.0000E+00  0.0000E+00  0.0000E+00  0.0000E+00  0.0000E+00
 4.6144E+02  0.0000E+00  0.0000E+00  0.0000E+00  0.0000E+00  0.0000E+00
 4.6497E+02  0.0000E+00  0.0000E+00  0.0000E+00  0.0000E+00  0.0000E+00
 4.6853E+02  0.0000E+00  0.0000E+00  0.0000E+00  0.0000E+00  0.0000E+00
 4.7212E+02  0.0000E+00  0.0000E+00  0.0000E+00  0.0000E+00  0.0000E+00
 4.7574E+02  0.0000E+00  0.0000E+00  0.0000E+00  0.0000E+00  0.0000E+00
 4.7938E+02  0.0000E+00  0.0000E+00  0.0000E+00  0.0000E+00  0.0000E+00
 4.8305E+02  0.0000E+00  0.0000E+00  0.0000E+00  0.0000E+00  0.0000E+00
 4.8675E+02  0.0000E+00  0.0000E+00  0.0000E+00  0.0000E+00  0.0000E+00
 4.9048E+02  0.0000E+00  0.0000E+00  0.0000E+00  0.0000E+00  0.0000E+00
 4.9424E+02  0.0000E+00  0.0000E+00  0.0000E+00  0.0000E+00  0.0000E+00
 4.9802E+02  0.0000E+00  0.0000E+00  0.0000E+00  0.0000E+00  0.0000E+00
 5.0183E+02  0.0000E+00  0.0000E+00  0.0000E+00  0.0000E+00  0.0000E+00
 5.0568E+02  0.0000E+00  0.0000E+00  0.0000E+00  0.0000E+00  0.0000E+00
 5.0955E+02  0.0000E+00  0.0000E+00  0.0000E+00  0.0000E+00  0.0000E+00
 5.1345E+02  0.0000E+00  0.0000E+00  0.0000E+00  0.0000E+00  0.0000E+00
 5.1738E+02  0.0000E+00  0.0000E+00  0.0000E+00  0.0000E+00  0.0000E+00
 5.2135E+02  0.0000E+00  0.0000E+00  0.0000E+00  0.0000E+00  0.0000E+00
 5.2534E+02  0.0000E+00  0.0000E+00  0.0000E+00  0.0000E+00  0.0000E+00
 5.2936E+02  0.0000E+00  0.0000E+00  0.0000E+00  0.0000E+00  0.0000E+00
 5.3342E+02  0.0000E+00  0.0000E+00  0.0000E+00  0.0000E+00  0.0000E+00
 5.3750E+02  0.0000E+00  0.0000E+00  0.0000E+00  0.0000E+00  0.0000E+00
 5.4162E+02  0.0000E+00  0.0000E+00  0.0000E+00  0.0000E+00  0.0000E+00
 5.4577E+02  0.0000E+00  0.0000E+00  0.0000E+00  0.0000E+00  0.0000E+00
 5.4995E+02  0.0000E+00  0.0000E+00  0.0000E+00  0.0000E+00  0.0000E+00
 5.5416E+02  0.0000E+00  0.0000E+00  0.0000E+00  0.0000E+00  0.0000E+00
 5.5840E+02  0.0000E+00  0.0000E+00  0.0000E+00  0.0000E+00  0.0000E+00
 5.6268E+02  0.0000E+00  0.0000E+00  0.0000E+00  0.0000E+00  0.0000E+00
 5.6699E+02  0.0000E+00  0.0000E+00  0.0000E+00  0.0000E+00  0.0000E+00
 5.7133E+02  0.0000E+00  0.0000E+00  0.0000E+00  0.0000E+00  0.0000E+00
 5.7571E+02  0.0000E+00  0.0000E+00  0.0000E+00  0.0000E+00  0.0000E+00
 5.8011E+02  0.0000E+00  0.0000E+00  0.0000E+00  0.0000E+00  0.0000E+00
 5.8456E+02  0.0000E+00  0.0000E+00  0.0000E+00  0.0000E+00  0.0000E+00
 5.8903E+02  0.0000E+00  0.0000E+00  0.0000E+00  0.0000E+00  0.0000E+00
 5.9354E+02  0.0000E+00  0.0000E+00  0.0000E+00  0.0000E+00  0.0000E+00
 5.9809E+02  0.0000E+00  0.0000E+00  0.0000E+00  0.0000E+00  0.0000E+00
 6.0267E+02  0.0000E+00  0.0000E+00  0.0000E+00  0.0000E+00  0.0000E+00
 6.0729E+02  0.0000E+00  0.0000E+00  0.0000E+00  0.0000E+00  0.0000E+00
 6.1194E+02  0.0000E+00  0.0000E+00  0.0000E+00  0.0000E+00  0.0000E+00
 6.1662E+02  0.0000E+00  0.0000E+00  0.0000E+00  0.0000E+00  0.0000E+00
 6.2135E+02  0.0000E+00  0.0000E+00  0.0000E+00  0.0000E+00  0.0000E+00
 6.2610E+02  0.0000E+00  0.0000E+00  0.0000E+00  0.0000E+00  0.0000E+00
 6.3090E+02  0.0000E+00  0.0000E+00  0.0000E+00  0.0000E+00  0.0000E+00
 6.3573E+02  0.0000E+00  0.0000E+00  0.0000E+00  0.0000E+00  0.0000E+00
 6.4060E+02  0.0000E+00  0.0000E+00  0.0000E+00  0.0000E+00  0.0000E+00
 6.4551E+02  0.0000E+00  0.0000E+00  0.0000E+00  0.0000E+00  0.0000E+00
 6.5045E+02  0.0000E+00  0.0000E+00  0.0000E+00  0.0000E+00  0.0000E+00
 6.5543E+02  0.0000E+00  0.0000E+00  0.0000E+00  0.0000E+00  0.0000E+00
 6.6045E+02  0.0000E+00  0.0000E+00  0.0000E+00  0.0000E+00  0.0000E+00
 6.6551E+02  0.0000E+00  0.0000E+00  0.0000E+00  0.0000E+00  0.0000E+00
 6.7060E+02  0.0000E+00  0.0000E+00  0.0000E+00  0.0000E+00  0.0000E+00
 6.7574E+02  0.0000E+00  0.0000E+00  0.0000E+00  0.0000E+00  0.0000E+00
 6.8092E+02  0.0000E+00  0.0000E+00  0.0000E+00  0.0000E+00  0.0000E+00
 6.8613E+02  0.0000E+00  0.0000E+00  0.0000E+00  0.0000E+00  0.0000E+00
 6.9138E+02  0.0000E+00  0.0000E+00  0.0000E+00  0.0000E+00  0.0000E+00
 6.9668E+02  0.0000E+00  0.0000E+00  0.0000E+00  0.0000E+00  0.0000E+00
 7.0201E+02  0.0000E+00  0.0000E+00  0.0000E+00  0.0000E+00  0.0000E+00
 7.0739E+02  0.0000E+00  0.0000E+00  0.0000E+00  0.0000E+00  0.0000E+00
 7.1281E+02  0.0000E+00  0.0000E+00  0.0000E+00  0.0000E+00  0.0000E+00
 7.1827E+02  0.0000E+00  0.0000E+00  0.0000E+00  0.0000E+00  0.0000E+00
 7.2377E+02  0.0000E+00  0.0000E+00  0.0000E+00  0.0000E+00  0.0000E+00
 7.2931E+02  0.0000E+00  0.0000E+00  0.0000E+00  0.0000E+00  0.0000E+00
 7.3490E+02  0.0000E+00  0.0000E+00  0.0000E+00  0.0000E+00  0.0000E+00
 7.4052E+02  0.0000E+00  0.0000E+00  0.0000E+00  0.0000E+00  0.0000E+00
 7.4620E+02  0.0000E+00  0.0000E+00  0.0000E+00  0.0000E+00  0.0000E+00
 7.5191E+02  0.0000E+00  0.0000E+00  0.0000E+00  0.0000E+00  0.0000E+00
 7.5767E+02  0.0000E+00  0.0000E+00  0.0000E+00  0.0000E+00  0.0000E+00
 7.6347E+02  0.0000E+00  0.0000E+00  0.0000E+00  0.0000E+00  0.0000E+00
 7.6932E+02  0.0000E+00  0.0000E+00  0.0000E+00  0.0000E+00  0.0000E+00
 7.7521E+02  0.0000E+00  0.0000E+00  0.0000E+00  0.0000E+00  0.0000E+00
 7.8115E+02  0.0000E+00  0.0000E+00  0.0000E+00  0.0000E+00  0.0000E+00
 7.8713E+02  0.0000E+00  0.0000E+00  0.0000E+00  0.0000E+00  0.0000E+00
 7.9316E+02  0.0000E+00  0.0000E+00  0.0000E+00  0.0000E+00  0.0000E+00
 7.9923E+02  0.0000E+00  0.0000E+00  0.0000E+00  0.0000E+00  0.0000E+00
 8.0535E+02  0.0000E+00  0.0000E+00  0.0000E+00  0.0000E+00  0.0000E+00
 8.1152E+02  0.0000E+00  0.0000E+00  0.0000E+00  0.0000E+00  0.0000E+00
 8.1774E+02  0.0000E+00  0.0000E+00  0.0000E+00  0.0000E+00  0.0000E+00
 8.2400E+02  0.0000E+00  0.0000E+00  0.0000E+00  0.0000E+00  0.0000E+00
 8.3031E+02  0.0000E+00  0.0000E+00  0.0000E+00  0.0000E+00  0.0000E+00
 8.3667E+02  0.0000E+00  0.0000E+00  0.0000E+00  0.0000E+00  0.0000E+00
 8.4307E+02  0.0000E+00  0.0000E+00  0.0000E+00  0.0000E+00  0.0000E+00
 8.4953E+02  0.0000E+00  0.0000E+00  0.0000E+00  0.0000E+00  0.0000E+00
 8.5604E+02  0.0000E+00  0.0000E+00  0.0000E+00  0.0000E+00  0.0000E+00
 8.6259E+02  0.0000E+00  0.0000E+00  0.0000E+00  0.0000E+00  0.0000E+00
 8.6920E+02  0.0000E+00  0.0000E+00  0.0000E+00  0.0000E+00  0.0000E+00
 8.7586E+02  0.0000E+00  0.0000E+00  0.0000E+00  0.0000E+00  0.0000E+00
 8.8256E+02  0.0000E+00  0.0000E+00  0.0000E+00  0.0000E+00  0.0000E+00
 8.8932E+02  0.0000E+00  0.0000E+00  0.0000E+00  0.0000E+00  0.0000E+00
 8.9613E+02  0.0000E+00  0.0000E+00  0.0000E+00  0.0000E+00  0.0000E+00
 9.0300E+02  0.0000E+00  0.0000E+00  0.0000E+00  0.0000E+00  0.0000E+00
 9.0991E+02  0.0000E+00  0.0000E+00  0.0000E+00  0.0000E+00  0.0000E+00
 9.1688E+02  0.0000E+00  0.0000E+00  0.0000E+00  0.0000E+00  0.0000E+00
 9.2390E+02  0.0000E+00  0.0000E+00  0.0000E+00  0.0000E+00  0.0000E+00
 9.3098E+02  0.0000E+00  0.0000E+00  0.0000E+00  0.0000E+00  0.0000E+00
 9.3811E+02  0.0000E+00  0.0000E+00  0.0000E+00  0.0000E+00  0.0000E+00
 9.4529E+02  0.0000E+00  0.0000E+00  0.0000E+00  0.0000E+00  0.0000E+00
 9.5253E+02  0.0000E+00  0.0000E+00  0.0000E+00  0.0000E+00  0.0000E+00
 9.5983E+02  0.0000E+00  0.0000E+00  0.0000E+00  0.0000E+00  0.0000E+00
 9.6718E+02  0.0000E+00  0.0000E+00  0.0000E+00  0.0000E+00  0.0000E+00
 9.7458E+02  0.0000E+00  0.0000E+00  0.0000E+00  0.0000E+00  0.0000E+00
 9.8205E+02  0.0000E+00  0.0000E+00  0.0000E+00  0.0000E+00  0.0000E+00
 9.8957E+02  0.0000E+00  0.0000E+00  0.0000E+00  0.0000E+00  0.0000E+00
 9.9715E+02  0.0000E+00  0.0000E+00  0.0000E+00  0.0000E+00  0.0000E+00
 1.0048E+03  0.0000E+00  0.0000E+00  0.0000E+00  0.0000E+00  0.0000E+00
 1.0125E+03  0.0000E+00  0.0000E+00  0.0000E+00  0.0000E+00  0.0000E+00
 1.0202E+03  1.0932E-03  6.4061E-02  1.8493E-03  2.1696E-01  1.0000E+00
 1.0280E+03  1.0938E-03  6.3611E-02  1.8493E-03  2.1531E-01  1.0000E+00
 1.0359E+03  1.0944E-03  6.3164E-02  1.8494E-03  2.1368E-01  1.0000E+00
 1.0439E+03  1.0951E-03  6.2720E-02  1.8494E-03  2.1207E-01  1.0000E+00
 1.0518E+03  1.0957E-03  6.2279E-02  1.8495E-03  2.1046E-01  1.0000E+00
 1.0599E+03  1.0964E-03  6.1841E-02  1.8496E-03  2.0887E-01  1.0000E+00
 1.0680E+03  1.0970E-03  6.1407E-02  1.8496E-03  2.0729E-01  1.0000E+00
 1.0762E+03  1.0977E-03  6.0977E-02  1.8497E-03  2.0572E-01  1.0000E+00
 1.0844E+03  1.0984E-03  6.0552E-02  1.8497E-03  2.0416E-01  1.0000E+00
 1.0927E+03  1.0991E-03  6.0130E-02  1.8498E-03  2.0262E-01  1.0000E+00
 1.1011E+03  1.0998E-03  5.9714E-02  1.8499E-03  2.0108E-01  1.0000E+00
 1.1095E+03  1.1006E-03  5.9301E-02  1.8499E-03  1.9956E-01  1.0000E+00
 1.1180E+03  1.1014E-03  5.8893E-02  1.8500E-03  1.9805E-01  1.0000E+00
 1.1266E+03  1.1022E-03  5.8489E-02  1.8500E-03  1.9655E-01  1.0000E+00
 1.1352E+03  1.1031E-03  5.8089E-02  1.8501E-03  1.9507E-01  1.0000E+00
 1.1439E+03  1.1040E-03  5.7693E-02  1.8502E-03  1.9359E-01  1.0000E+00
 1.1527E+03  1.1049E-03  5.7301E-02  1.8502E-03  1.9213E-01  1.0000E+00
 1.1615E+03  1.1058E-03  5.6912E-02  1.8503E-03  1.9067E-01  1.0000E+00
 1.1704E+03  1.1068E-03  5.6528E-02  1.8504E-03  1.8923E-01  1.0000E+00
 1.1794E+03  1.1077E-03  5.6148E-02  1.8504E-03  1.8780E-01  1.0000E+00
 1.1884E+03  1.1088E-03  5.5771E-02  1.8505E-03  1.8638E-01  1.0000E+00
 1.1975E+03  1.1098E-03  5.5398E-02  1.8506E-03  1.8497E-01  1.0000E+00
 1.2067E+03  1.1108E-03  5.5028E-02  1.8506E-03  1.8357E-01  1.0000E+00
 1.2159E+03  1.1119E-03  5.4663E-02  1.8507E-03  1.8218E-01  1.0000E+00
 1.2252E+03  1.1130E-03  5.4300E-02  1.8508E-03  1.8080E-01  1.0000E+00
 1.2346E+03  1.1141E-03  5.3942E-02  1.8508E-03  1.7943E-01  1.0000E+00
 1.2441E+03  1.1153E-03  5.3586E-02  1.8509E-03  1.7808E-01  1.0000E+00
 1.2536E+03  1.1164E-03  5.3234E-02  1.8510E-03  1.7673E-01  1.0000E+00
 1.2632E+03  1.1176E-03  5.2886E-02  1.8510E-03  1.7539E-01  1.0000E+00
 1.2729E+03  1.1189E-03  5.2540E-02  1.8511E-03  1.7407E-01  1.0000E+00
 1.2826E+03  1.1201E-03  5.2198E-02  1.8512E-03  1.7275E-01  1.0000E+00
 1.2924E+03  1.1214E-03  5.1860E-02  1.8512E-03  1.7144E-01  1.0000E+00
 1.3023E+03  1.1226E-03  5.1524E-02  1.8513E-03  1.7015E-01  1.0000E+00
 1.3123E+03  1.1240E-03  5.1191E-02  1.8514E-03  1.6886E-01  1.0000E+00
 1.3224E+03  1.1253E-03  5.0862E-02  1.8515E-03  1.6758E-01  1.0000E+00
 1.3325E+03  1.1266E-03  5.0536E-02  1.8515E-03  1.6632E-01  1.0000E+00
 1.3427E+03  1.1280E-03  5.0212E-02  1.8516E-03  1.6506E-01  1.0000E+00
 1.3530E+03  1.1294E-03  4.9892E-02  1.8517E-03  1.6381E-01  1.0000E+00
 1.3633E+03  1.1308E-03  4.9574E-02  1.8518E-03  1.6257E-01  1.0000E+00
 1.3738E+03  1.1323E-03  4.9260E-02  1.8518E-03  1.6134E-01  1.0000E+00
 1.3843E+03  1.1337E-03  4.8948E-02  1.8519E-03  1.6012E-01  1.0000E+00
 1.3949E+03  1.1352E-03  4.8639E-02  1.8520E-03  1.5891E-01  1.0000E+00
 1.4056E+03  1.1367E-03  4.8332E-02  1.8521E-03  1.5771E-01  1.0000E+00
 1.4164E+03  1.1382E-03  4.8029E-02  1.8521E-03  1.5652E-01  1.0000E+00
 1.4272E+03  1.1398E-03  4.7728E-02  1.8522E-03  1.5534E-01  1.0000E+00
 1.4381E+03  1.1413E-03  4.7430E-02  1.8523E-03  1.5416E-01  1.0000E+00
 1.4491E+03  1.1429E-03  4.7134E-02  1.8524E-03  1.5300E-01  1.0000E+00
 1.4602E+03  1.1445E-03  4.6841E-02  1.8525E-03  1.5184E-01  1.0000E+00
 1.4714E+03  1.1462E-03  4.6551E-02  1.8525E-03  1.5070E-01  1.0000E+00
 1.4827E+03  1.1478E-03  4.6263E-02  1.8526E-03  1.4956E-01  1.0000E+00
 1.4940E+03  1.1495E-03  4.5977E-02  1.8527E-03  1.4843E-01  1.0000E+00
 1.5055E+03  1.1512E-03  4.5694E-02  1.8528E-03  1.4731E-01  1.0000E+00
 1.5170E+03  1.1529E-03  4.5414E-02  1.8529E-03  1.4619E-01  1.0000E+00
 1.5286E+03  1.1546E-03  4.5136E-02  1.8529E-03  1.4509E-01  1.0000E+00
 1.5403E+03  1.1563E-03  4.4860E-02  1.8530E-03  1.4399E-01  1.0000E+00
 1.5521E+03  1.1581E-03  4.4586E-02  1.8531E-03  1.4290E-01  1.0000E+00
 1.5640E+03  1.1599E-03  4.4315E-02  1.8532E-03  1.4182E-01  1.0000E+00
 1.5760E+03  1.1617E-03  4.4046E-02  1.8533E-03  1.4075E-01  1.0000E+00
 1.5881E+03  1.1635E-03  4.3779E-02  1.8534E-03  1.3969E-01  1.0000E+00
 1.6002E+03  1.1653E-03  4.3514E-02  1.8535E-03  1.3863E-01  1.0000E+00
 1.6125E+03  1.1672E-03  4.3252E-02  1.8536E-03  1.3759E-01  1.0000E+00
 1.6248E+03  1.1691E-03  4.2992E-02  1.8536E-03  1.3655E-01  1.0000E+00
 1.6373E+03  1.1710E-03  4.2733E-02  1.8537E-03  1.3552E-01  1.0000E+00
 1.6498E+03  1.1729E-03  4.2477E-02  1.8538E-03  1.3449E-01  1.0000E+00
 1.6625E+03  1.1748E-03  4.2223E-02  1.8539E-03  1.3348E-01  1.0000E+00
 1.6752E+03  1.1768E-03  4.1971E-02  1.8540E-03  1.3247E-01  1.0000E+00
 1.6880E+03  1.1787E-03  4.1721E-02  1.8541E-03  1.3147E-01  1.0000E+00
 1.7009E+03  1.1807E-03  4.1473E-02  1.8542E-03  1.3048E-01  1.0000E+00
 1.7140E+03  1.1827E-03  4.1227E-02  1.8543E-03  1.2949E-01  1.0000E+00
 1.7271E+03  1.1847E-03  4.0983E-02  1.8544E-03  1.2852E-01  1.0000E+00
 1.7403E+03  1.1867E-03  4.0741E-02  1.8545E-03  1.2754E-01  1.0000E+00
 1.7537E+03  1.1888E-03  4.0500E-02  1.8546E-03  1.2658E-01  1.0000E+00
 1.7671E+03  1.1909E-03  4.0262E-02  1.8547E-03  1.2563E-01  1.0000E+00
 1.7806E+03  1.1929E-03  4.0025E-02  1.8548E-03  1.2468E-01  1.0000E+00
 1.7943E+03  1.1950E-03  3.9790E-02  1.8549E-03  1.2374E-01  1.0000E+00
 1.8080E+03  1.1971E-03  3.9557E-02  1.8550E-03  1.2280E-01  1.0000E+00
 1.8218E+03  1.1993E-03  3.9326E-02  1.8551E-03  1.2188E-01  1.0000E+00
 1.8358E+03  1.2014E-03  3.9096E-02  1.8552E-03  1.2096E-01  1.0000E+00
 1.8499E+03  1.2036E-03  3.8868E-02  1.8553E-03  1.2004E-01  1.0000E+00
 1.8640E+03  1.2058E-03  3.8642E-02  1.8554E-03  1.1914E-01  1.0000E+00
 1.8783E+03  1.2079E-03  3.8418E-02  1.8555E-03  1.1824E-01  1.0000E+00
 1.8927E+03  1.2102E-03  3.8195E-02  1.8556E-03  1.1735E-01  1.0000E+00
 1.9072E+03  1.2124E-03  3.7973E-02  1.8557E-03  1.1646E-01  1.0000E+00
 1.9218E+03  1.2146E-03  3.7754E-02  1.8558E-03  1.1558E-01  1.0000E+00
 1.9365E+03  1.2169E-03  3.7536E-02  1.8559E-03  1.1471E-01  1.0000E+00
 1.9513E+03  1.2191E-03  3.7319E-02  1.8560E-03  1.1385E-01  1.0000E+00
 1.9663E+03  1.2214E-03  3.7105E-02  1.8561E-03  1.1299E-01  1.0000E+00
 1.9813E+03  1.2237E-03  3.6891E-02  1.8562E-03  1.1214E-01  1.0000E+00
 1.9965E+03  1.2260E-03  3.6679E-02  1.8563E-03  1.1129E-01  1.0000E+00
 2.0118E+03  1.2283E-03  3.6469E-02  1.8564E-03  1.1045E-01  1.0000E+00
 2.0272E+03  1.2307E-03  3.6261E-02  1.8566E-03  1.0962E-01  1.0000E+00
 2.0427E+03  1.2330E-03  3.6053E-02  1.8567E-03  1.0879E-01  1.0000E+00
 2.0584E+03  1.2354E-03  3.5847E-02  1.8568E-03  1.0797E-01  1.0000E+00
 2.0741E+03  1.2378E-03  3.5643E-02  1.8569E-03  1.0716E-01  1.0000E+00
 2.0900E+03  1.2402E-03  3.5440E-02  1.8570E-03  1.0635E-01  1.0000E+00
 2.1060E+03  1.2426E-03  3.5239E-02  1.8571E-03  1.0555E-01  1.0000E+00
 2.1222E+03  1.2450E-03  3.5039E-02  1.8572E-03  1.0475E-01  1.0000E+00
 2.1384E+03  1.2475E-03  3.4840E-02  1.8574E-03  1.0396E-01  1.0000E+00
 2.1548E+03  1.2499E-03  3.4643E-02  1.8575E-03  1.0318E-01  1.0000E+00
 2.1713E+03  1.2524E-03  3.4447E-02  1.8576E-03  1.0240E-01  1.0000E+00
 2.1879E+03  1.2549E-03  3.4252E-02  1.8577E-03  1.0163E-01  1.0000E+00
 2.2047E+03  1.2574E-03  3.4059E-02  1.8578E-03  1.0086E-01  1.0000E+00
 2.2216E+03  1.2599E-03  3.3867E-02  1.8580E-03  1.0010E-01  1.0000E+00
 2.2386E+03  1.2624E-03  3.3676E-02  1.8581E-03  9.9350E-02  1.0000E+00
 2.2557E+03  1.2649E-03  3.3487E-02  1.8582E-03  9.8601E-02  1.0000E+00
 2.2730E+03  1.2675E-03  3.3299E-02  1.8583E-03  9.7859E-02  1.0000E+00
 2.2904E+03  1.2701E-03  3.3112E-02  1.8585E-03  9.7121E-02  1.0000E+00
 2.3079E+03  1.2726E-03  3.2926E-02  1.8586E-03  9.6390E-02  1.0000E+00
 2.3256E+03  1.2752E-03  3.2742E-02  1.8587E-03  9.5664E-02  1.0000E+00
 2.3434E+03  1.2778E-03  3.2559E-02  1.8588E-03  9.4943E-02  1.0000E+00
 2.3614E+03  1.2804E-03  3.2377E-02  1.8590E-03  9.4228E-02  1.0000E+00
 2.3794E+03  1.2831E-03  3.2196E-02  1.8591E-03  9.3519E-02  1.0000E+00
 2.3977E+03  1.2857E-03  3.2017E-02  1.8592E-03  9.2815E-02  1.0000E+00
 2.4160E+03  1.2883E-03  3.1838E-02  1.8594E-03  9.2116E-02  1.0000E+00
 2.4345E+03  1.2910E-03  3.1661E-02  1.8595E-03  9.1422E-02  1.0000E+00
 2.4532E+03  1.2937E-03  3.1485E-02  1.8596E-03  9.0734E-02  1.0000E+00
 2.4720E+03  1.2964E-03  3.1310E-02  1.8598E-03  9.0051E-02  1.0000E+00
 2.4909E+03  1.2991E-03  3.1136E-02  1.8599E-03  8.9373E-02  1.0000E+00
 2.5100E+03  1.3018E-03  3.0963E-02  1.8600E-03  8.8701E-02  1.0000E+00
 2.5292E+03  1.3045E-03  3.0792E-02  1.8602E-03  8.8033E-02  1.0000E+00
 2.5486E+03  1.3072E-03  3.0621E-02  1.8603E-03  8.7371E-02  1.0000E+00
 2.5681E+03  1.3100E-03  3.0452E-02  1.8605E-03  8.6713E-02  1.0000E+00
 2.5878E+03  1.3127E-03  3.0283E-02  1.8606E-03  8.6061E-02  1.0000E+00
 2.6076E+03  1.3155E-03  3.0116E-02  1.8608E-03  8.5413E-02  1.0000E+00
 2.6275E+03  1.3183E-03  2.9950E-02  1.8609E-03  8.4771E-02  1.0000E+00
 2.6477E+03  1.3211E-03  2.9784E-02  1.8610E-03  8.4133E-02  1.0000E+00
 2.6679E+03  1.3239E-03  2.9620E-02  1.8612E-03  8.3500E-02  1.0000E+00
 2.6884E+03  1.3267E-03  2.9457E-02  1.8613E-03  8.2872E-02  1.0000E+00
 2.7090E+03  1.3295E-03  2.9295E-02  1.8615E-03  8.2249E-02  1.0000E+00
 2.7297E+03  1.3324E-03  2.9133E-02  1.8616E-03  8.1630E-02  1.0000E+00
 2.7506E+03  1.3352E-03  2.8973E-02  1.8618E-03  8.1017E-02  1.0000E+00
 2.7717E+03  1.3381E-03  2.8814E-02  1.8619E-03  8.0407E-02  1.0000E+00
 2.7929E+03  1.3409E-03  2.8655E-02  1.8621E-03  7.9803E-02  1.0000E+00
 2.8143E+03  1.3438E-03  2.8498E-02  1.8623E-03  7.9203E-02  1.0000E+00
 2.8358E+03  1.3467E-03  2.8341E-02  1.8624E-03  7.8608E-02  1.0000E+00
 2.8576E+03  1.3496E-03  2.8186E-02  1.8626E-03  7.8017E-02  1.0000E+00
 2.8794E+03  1.3524E-03  2.8031E-02  1.8627E-03  7.7431E-02  1.0000E+00
 2.9015E+03  1.3553E-03  2.7876E-02  1.8629E-03  7.6849E-02  1.0000E+00
 2.9237E+03  1.3582E-03  2.7723E-02  1.8630E-03  7.6271E-02  1.0000E+00
 2.9461E+03  1.3611E-03  2.7571E-02  1.8632E-03  7.5698E-02  1.0000E+00
 2.9687E+03  1.3640E-03  2.7419E-02  1.8634E-03  7.5129E-02  1.0000E+00
 2.9914E+03  1.3670E-03  2.7268E-02  1.8635E-03  7.4565E-02  1.0000E+00
 3.0143E+03  1.3699E-03  2.7118E-02  1.8637E-03  7.4005E-02  1.0000E+00
 3.0374E+03  1.3728E-03  2.6968E-02  1.8639E-03  7.3449E-02  1.0000E+00
 3.0607E+03  1.3757E-03  2.6820E-02  1.8640E-03  7.2897E-02  1.0000E+00
 3.0841E+03  1.3786E-03  2.6672E-02  1.8642E-03  7.2350E-02  1.0000E+00
 3.1077E+03  1.3815E-03  2.6525E-02  1.8644E-03  7.1807E-02  1.0000E+00
 3.1315E+03  1.3845E-03  2.6378E-02  1.8646E-03  7.1268E-02  1.0000E+00
 3.1555E+03  1.3874E-03  2.6232E-02  1.8647E-03  7.0732E-02  1.0000E+00
 3.1797E+03  1.3903E-03  2.6087E-02  1.8649E-03  7.0201E-02  1.0000E+00
 3.2040E+03  1.3933E-03  2.5943E-02  1.8651E-03  6.9675E-02  1.0000E+00
 3.2286E+03  1.3962E-03  2.5799E-02  1.8653E-03  6.9152E-02  1.0000E+00
 3.2533E+03  1.3991E-03  2.5656E-02  1.8654E-03  6.8633E-02  1.0000E+00
 3.2782E+03  1.4021E-03  2.5514E-02  1.8656E-03  6.8118E-02  1.0000E+00
 3.3033E+03  1.4050E-03  2.5372E-02  1.8658E-03  6.7607E-02  1.0000E+00
 3.3286E+03  1.4079E-03  2.5232E-02  1.8660E-03  6.7099E-02  1.0000E+00
 3.3541E+03  1.4108E-03  2.5091E-02  1.8662E-03  6.6596E-02  1.0000E+00
 3.3798E+03  1.4138E-03  2.4952E-02  1.8664E-03  6.6096E-02  1.0000E+00
 3.4057E+03  1.4167E-03  2.4813E-02  1.8665E-03  6.5601E-02  1.0000E+00
 3.4317E+03  1.4196E-03  2.4674E-02  1.8667E-03  6.5109E-02  1.0000E+00
 3.4580E+03  1.4226E-03  2.4537E-02  1.8669E-03  6.4620E-02  1.0000E+00
 3.4845E+03  1.4255E-03  2.4400E-02  1.8671E-03  6.4136E-02  1.0000E+00
 3.5112E+03  1.4284E-03  2.4263E-02  1.8673E-03  6.3655E-02  1.0000E+00
 3.5381E+03  1.4313E-03  2.4127E-02  1.8675E-03  6.3178E-02  1.0000E+00
 3.5652E+03  1.4342E-03  2.3992E-02  1.8677E-03  6.2704E-02  1.0000E+00
 3.5925E+03  1.4371E-03  2.3857E-02  1.8679E-03  6.2234E-02  1.0000E+00
 3.6200E+03  1.4401E-03  2.3723E-02  1.8681E-03  6.1768E-02  1.0000E+00
 3.6477E+03  1.4430E-03  2.3590E-02  1.8683E-03  6.1305E-02  1.0000E+00
 3.6757E+03  1.4459E-03  2.3457E-02  1.8685E-03  6.0846E-02  1.0000E+00
 3.7038E+03  1.4488E-03  2.3325E-02  1.8687E-03  6.0390E-02  1.0000E+00
 3.7322E+03  1.4516E-03  2.3193E-02  1.8689E-03  5.9938E-02  1.0000E+00
 3.7608E+03  1.4545E-03  2.3062E-02  1.8691E-03  5.9489E-02  1.0000E+00
 3.7896E+03  1.4574E-03  2.2931E-02  1.8693E-03  5.9043E-02  1.0000E+00
 3.8186E+03  1.4603E-03  2.2801E-02  1.8695E-03  5.8601E-02  1.0000E+00
 3.8478E+03  1.4632E-03  2.2672E-02  1.8698E-03  5.8162E-02  1.0000E+00
 3.8773E+03  1.4660E-03  2.2543E-02  1.8700E-03  5.7727E-02  1.0000E+00
 3.9070E+03  1.4689E-03  2.2414E-02  1.8702E-03  5.7295E-02  1.0000E+00
 3.9369E+03  1.4717E-03  2.2287E-02  1.8704E-03  5.6866E-02  1.0000E+00
 3.9671E+03  1.4746E-03  2.2159E-02  1.8706E-03  5.6440E-02  1.0000E+00
 3.9974E+03  1.4774E-03  2.2032E-02  1.8708E-03  5.6018E-02  1.0000E+00
 4.0281E+03  1.4802E-03  2.1906E-02  1.8711E-03  5.5599E-02  1.0000E+00
 4.0589E+03  1.4830E-03  2.1780E-02  1.8713E-03  5.5183E-02  1.0000E+00
 4.0900E+03  1.4858E-03  2.1655E-02  1.8715E-03  5.4770E-02  1.0000E+00
 4.1213E+03  1.4886E-03  2.1530E-02  1.8717E-03  5.4360E-02  1.0000E+00
 4.1529E+03  1.4914E-03  2.1406E-02  1.8720E-03  5.3954E-02  1.0000E+00
 4.1847E+03  1.4942E-03  2.1282E-02  1.8722E-03  5.3550E-02  1.0000E+00
 4.2167E+03  1.4970E-03  2.1159E-02  1.8724E-03  5.3150E-02  1.0000E+00
 4.2490E+03  1.4998E-03  2.1036E-02  1.8727E-03  5.2753E-02  1.0000E+00
 4.2816E+03  1.5025E-03  2.0914E-02  1.8729E-03  5.2358E-02  1.0000E+00
 4.3143E+03  1.5052E-03  2.0792E-02  1.8731E-03  5.1967E-02  1.0000E+00
 4.3474E+03  1.5080E-03  2.0671E-02  1.8734E-03  5.1579E-02  1.0000E+00
 4.3807E+03  1.5107E-03  2.0550E-02  1.8736E-03  5.1193E-02  1.0000E+00
 4.4142E+03  1.5134E-03  2.0430E-02  1.8739E-03  5.0811E-02  1.0000E+00
 4.4480E+03  1.5161E-03  2.0310E-02  1.8741E-03  5.0431E-02  1.0000E+00
 4.4821E+03  1.5188E-03  2.0191E-02  1.8744E-03  5.0055E-02  1.0000E+00
 4.5164E+03  1.5214E-03  2.0072E-02  1.8746E-03  4.9681E-02  1.0000E+00
 4.5510E+03  1.5241E-03  1.9953E-02  1.8749E-03  4.9310E-02  1.0000E+00
 4.5859E+03  1.5267E-03  1.9835E-02  1.8751E-03  4.8942E-02  1.0000E+00
 4.6210E+03  1.5293E-03  1.9718E-02  1.8754E-03  4.8576E-02  1.0000E+00
 4.6564E+03  1.5320E-03  1.9601E-02  1.8756E-03  4.8214E-02  1.0000E+00
 4.6920E+03  1.5346E-03  1.9484E-02  1.8759E-03  4.7854E-02  1.0000E+00
 4.7280E+03  1.5372E-03  1.9368E-02  1.8762E-03  4.7497E-02  1.0000E+00
 4.7642E+03  1.5397E-03  1.9252E-02  1.8764E-03  4.7143E-02  1.0000E+00
 4.8007E+03  1.5423E-03  1.9137E-02  1.8767E-03  4.6791E-02  1.0000E+00
 4.8374E+03  1.5449E-03  1.9022E-02  1.8769E-03  4.6442E-02  1.0000E+00
 4.8745E+03  1.5474E-03  1.8908E-02  1.8772E-03  4.6096E-02  1.0000E+00
 4.9118E+03  1.5499E-03  1.8794E-02  1.8775E-03  4.5752E-02  1.0000E+00
 4.9494E+03  1.5524E-03  1.8681E-02  1.8778E-03  4.5411E-02  1.0000E+00
 4.9873E+03  1.5549E-03  1.8568E-02  1.8780E-03  4.5072E-02  1.0000E+00
 5.0255E+03  1.5574E-03  1.8456E-02  1.8783E-03  4.4736E-02  1.0000E+00
 5.0640E+03  1.5599E-03  1.8344E-02  1.8786E-03  4.4403E-02  1.0000E+00
 5.1028E+03  1.5624E-03  1.8233E-02  1.8789E-03  4.4072E-02  1.0000E+00
 5.1419E+03  1.5648E-03  1.8122E-02  1.8792E-03  4.3744E-02  1.0000E+00
 5.1812E+03  1.5672E-03  1.8011E-02  1.8795E-03  4.3418E-02  1.0000E+00
 5.2209E+03  1.5697E-03  1.7901E-02  1.8797E-03  4.3095E-02  1.0000E+00
 5.2609E+03  1.5721E-03  1.7792E-02  1.8800E-03  4.2774E-02  1.0000E+00
 5.3012E+03  1.5745E-03  1.7683E-02  1.8803E-03  4.2455E-02  1.0000E+00
 5.3418E+03  1.5768E-03  1.7574E-02  1.8806E-03  4.2139E-02  1.0000E+00
 5.3827E+03  1.5792E-03  1.7466E-02  1.8809E-03  4.1826E-02  1.0000E+00
 5.4239E+03  1.5815E-03  1.7358E-02  1.8812E-03  4.1514E-02  1.0000E+00
 5.4655E+03  1.5839E-03  1.7251E-02  1.8815E-03  4.1205E-02  1.0000E+00
 5.5073E+03  1.5862E-03  1.7145E-02  1.8818E-03  4.0899E-02  1.0000E+00
 5.5495E+03  1.5885E-03  1.7038E-02  1.8821E-03  4.0595E-02  1.0000E+00
 5.5920E+03  1.5908E-03  1.6932E-02  1.8824E-03  4.0293E-02  1.0000E+00
 5.6348E+03  1.5931E-03  1.6827E-02  1.8828E-03  3.9993E-02  1.0000E+00
 5.6780E+03  1.5953E-03  1.6722E-02  1.8831E-03  3.9696E-02  1.0000E+00
 5.7215E+03  1.5976E-03  1.6618E-02  1.8834E-03  3.9401E-02  1.0000E+00
 5.7653E+03  1.5998E-03  1.6514E-02  1.8837E-03  3.9108E-02  1.0000E+00
 5.8094E+03  1.6020E-03  1.6410E-02  1.8840E-03  3.8817E-02  1.0000E+00
 5.8539E+03  1.6042E-03  1.6307E-02  1.8844E-03  3.8529E-02  1.0000E+00
 5.8988E+03  1.6064E-03  1.6205E-02  1.8847E-03  3.8243E-02  1.0000E+00
 5.9439E+03  1.6086E-03  1.6103E-02  1.8850E-03  3.7959E-02  1.0000E+00
 5.9895E+03  1.6108E-03  1.6001E-02  1.8853E-03  3.7677E-02  1.0000E+00
 6.0353E+03  1.6129E-03  1.5900E-02  1.8857E-03  3.7397E-02  1.0000E+00
 6.0815E+03  1.6150E-03  1.5799E-02  1.8860E-03  3.7120E-02  1.0000E+00
 6.1281E+03  1.6171E-03  1.5699E-02  1.8864E-03  3.6844E-02  1.0000E+00
 6.1751E+03  1.6192E-03  1.5599E-02  1.8867E-03  3.6571E-02  1.0000E+00
 6.2223E+03  1.6213E-03  1.5500E-02  1.8870E-03  3.6299E-02  1.0000E+00
 6.2700E+03  1.6234E-03  1.5401E-02  1.8874E-03  3.6030E-02  1.0000E+00
 6.3180E+03  1.6254E-03  1.5302E-02  1.8877E-03  3.5763E-02  1.0000E+00
 6.3664E+03  1.6275E-03  1.5204E-02  1.8881E-03  3.5498E-02  1.0000E+00
 6.4152E+03  1.6295E-03  1.5106E-02  1.8884E-03  3.5235E-02  1.0000E+00
 6.4643E+03  1.6315E-03  1.5009E-02  1.8888E-03  3.4974E-02  1.0000E+00
 6.5138E+03  1.6335E-03  1.4913E-02  1.8892E-03  3.4714E-02  1.0000E+00
 6.5637E+03  1.6355E-03  1.4817E-02  1.8895E-03  3.4457E-02  1.0000E+00
 6.6139E+03  1.6375E-03  1.4722E-02  1.8899E-03  3.4202E-02  1.0000E+00
 6.6646E+03  1.6395E-03  1.4627E-02  1.8903E-03  3.3949E-02  1.0000E+00
 6.7156E+03  1.6416E-03  1.4534E-02  1.8906E-03  3.3697E-02  1.0000E+00
 6.7671E+03  1.6436E-03  1.4440E-02  1.8910E-03  3.3448E-02  1.0000E+00
 6.8189E+03  1.6457E-03  1.4348E-02  1.8914E-03  3.3200E-02  1.0000E+00
 6.8711E+03  1.6477E-03  1.4256E-02  1.8918E-03  3.2955E-02  1.0000E+00
 6.9237E+03  1.6498E-03  1.4164E-02  1.8922E-03  3.2711E-02  1.0000E+00
 6.9768E+03  1.6518E-03  1.4073E-02  1.8925E-03  3.2469E-02  1.0000E+00
 7.0302E+03  1.6539E-03  1.3983E-02  1.8929E-03  3.2229E-02  1.0000E+00
 7.0840E+03  1.6559E-03  1.3893E-02  1.8933E-03  3.1990E-02  1.0000E+00
 7.1383E+03  1.6580E-03  1.3804E-02  1.8937E-03  3.1754E-02  1.0000E+00
 7.1929E+03  1.6601E-03  1.3716E-02  1.8941E-03  3.1519E-02  1.0000E+00
 7.2480E+03  1.6621E-03  1.3628E-02  1.8945E-03  3.1286E-02  1.0000E+00
 7.3035E+03  1.6642E-03  1.3540E-02  1.8949E-03  3.1055E-02  1.0000E+00
 7.3595E+03  1.6663E-03  1.3453E-02  1.8953E-03  3.0826E-02  1.0000E+00
 7.4158E+03  1.6683E-03  1.3367E-02  1.8958E-03  3.0598E-02  1.0000E+00
 7.4726E+03  1.6704E-03  1.3281E-02  1.8962E-03  3.0372E-02  1.0000E+00
 7.5299E+03  1.6725E-03  1.3196E-02  1.8966E-03  3.0148E-02  1.0000E+00
 7.5875E+03  1.6745E-03  1.3111E-02  1.8970E-03  2.9926E-02  1.0000E+00
 7.6456E+03  1.6766E-03  1.3026E-02  1.8974E-03  2.9705E-02  1.0000E+00
 7.7042E+03  1.6787E-03  1.2943E-02  1.8979E-03  2.9486E-02  1.0000E+00
 7.7632E+03  1.6807E-03  1.2859E-02  1.8983E-03  2.9268E-02  1.0000E+00
 7.8226E+03  1.6828E-03  1.2776E-02  1.8987E-03  2.9053E-02  1.0000E+00
 7.8825E+03  1.6849E-03  1.2694E-02  1.8992E-03  2.8838E-02  1.0000E+00
 7.9429E+03  1.6869E-03  1.2612E-02  1.8996E-03  2.8626E-02  1.0000E+00
 8.0037E+03  1.6890E-03  1.2531E-02  1.9001E-03  2.8415E-02  1.0000E+00
 8.0650E+03  1.6910E-03  1.2450E-02  1.9005E-03  2.8206E-02  1.0000E+00
 8.1268E+03  1.6930E-03  1.2369E-02  1.9010E-03  2.7998E-02  1.0000E+00
 8.1890E+03  1.6951E-03  1.2290E-02  1.9014E-03  2.7792E-02  1.0000E+00
 8.2518E+03  1.6971E-03  1.2210E-02  1.9019E-03  2.7587E-02  1.0000E+00
 8.3150E+03  1.6991E-03  1.2131E-02  1.9023E-03  2.7384E-02  1.0000E+00
 8.3786E+03  1.7012E-03  1.2052E-02  1.9028E-03  2.7183E-02  1.0000E+00
 8.4428E+03  1.7032E-03  1.1974E-02  1.9033E-03  2.6983E-02  1.0000E+00
 8.5075E+03  1.7052E-03  1.1896E-02  1.9038E-03  2.6784E-02  1.0000E+00
 8.5726E+03  1.7072E-03  1.1819E-02  1.9042E-03  2.6588E-02  1.0000E+00
 8.6383E+03  1.7091E-03  1.1742E-02  1.9047E-03  2.6392E-02  1.0000E+00
 8.7044E+03  1.7111E-03  1.1665E-02  1.9052E-03  2.6198E-02  1.0000E+00
 8.7711E+03  1.7131E-03  1.1589E-02  1.9057E-03  2.6006E-02  1.0000E+00
 8.8383E+03  1.7150E-03  1.1514E-02  1.9062E-03  2.5815E-02  1.0000E+00
 8.9059E+03  1.7170E-03  1.1438E-02  1.9067E-03  2.5625E-02  1.0000E+00
 8.9741E+03  1.7189E-03  1.1363E-02  1.9072E-03  2.5437E-02  1.0000E+00
 9.0429E+03  1.7209E-03  1.1289E-02  1.9077E-03  2.5251E-02  1.0000E+00
 9.1121E+03  1.7228E-03  1.1215E-02  1.9082E-03  2.5065E-02  1.0000E+00
 9.1819E+03  1.7247E-03  1.1141E-02  1.9087E-03  2.4882E-02  1.0000E+00
 9.2522E+03  1.7265E-03  1.1068E-02  1.9092E-03  2.4699E-02  1.0000E+00
 9.3231E+03  1.7284E-03  1.0995E-02  1.9097E-03  2.4518E-02  1.0000E+00
 9.3945E+03  1.7303E-03  1.0922E-02  1.9103E-03  2.4338E-02  1.0000E+00
 9.4664E+03  1.7321E-03  1.0850E-02  1.9108E-03  2.4160E-02  1.0000E+00
 9.5389E+03  1.7340E-03  1.0778E-02  1.9113E-03  2.3983E-02  1.0000E+00
 9.6120E+03  1.7358E-03  1.0707E-02  1.9119E-03  2.3808E-02  1.0000E+00
 9.6856E+03  1.7376E-03  1.0636E-02  1.9124E-03  2.3633E-02  1.0000E+00
 9.7598E+03  1.7395E-03  1.0566E-02  1.9129E-03  2.3460E-02  1.0000E+00
 9.8345E+03  1.7413E-03  1.0495E-02  1.9135E-03  2.3289E-02  1.0000E+00
 9.9098E+03  1.7431E-03  1.0426E-02  1.9140E-03  2.3118E-02  1.0000E+00
 9.9857E+03  1.7449E-03  1.0357E-02  1.9146E-03  2.2949E-02  1.0000E+00
 1.0062E+04  1.7467E-03  1.0288E-02  1.9152E-03  2.2782E-02  1.0000E+00
 1.0139E+04  1.7485E-03  1.0219E-02  1.9157E-03  2.2615E-02  1.0000E+00
 1.0217E+04  1.7503E-03  1.0151E-02  1.9163E-03  2.2450E-02  1.0000E+00
 1.0295E+04  1.7521E-03  1.0084E-02  1.9169E-03  2.2286E-02  1.0000E+00
 1.0374E+04  1.7539E-03  1.0017E-02  1.9175E-03  2.2123E-02  1.0000E+00
 1.0453E+04  1.7557E-03  9.9497E-03  1.9180E-03  2.1962E-02  1.0000E+00
 1.0533E+04  1.7575E-03  9.8833E-03  1.9186E-03  2.1802E-02  1.0000E+00
 1.0614E+04  1.7592E-03  9.8174E-03  1.9192E-03  2.1643E-02  1.0000E+00
 1.0695E+04  1.7610E-03  9.7518E-03  1.9198E-03  2.1485E-02  1.0000E+00
 1.0777E+04  1.7628E-03  9.6866E-03  1.9204E-03  2.1328E-02  1.0000E+00
 1.0860E+04  1.7645E-03  9.6218E-03  1.9210E-03  2.1173E-02  1.0000E+00
 1.0943E+04  1.7663E-03  9.5574E-03  1.9216E-03  2.1019E-02  1.0000E+00
 1.1027E+04  1.7680E-03  9.4934E-03  1.9223E-03  2.0866E-02  1.0000E+00
 1.1111E+04  1.7698E-03  9.4298E-03  1.9229E-03  2.0714E-02  1.0000E+00
 1.1196E+04  1.7715E-03  9.3666E-03  1.9235E-03  2.0563E-02  1.0000E+00
 1.1282E+04  1.7733E-03  9.3038E-03  1.9241E-03  2.0413E-02  1.0000E+00
 1.1369E+04  1.7750E-03  9.2414E-03  1.9248E-03  2.0265E-02  1.0000E+00
 1.1456E+04  1.7768E-03  9.1793E-03  1.9254E-03  2.0118E-02  1.0000E+00
 1.1543E+04  1.7785E-03  9.1176E-03  1.9261E-03  1.9972E-02  1.0000E+00
 1.1632E+04  1.7802E-03  9.0564E-03  1.9267E-03  1.9826E-02  1.0000E+00
 1.1721E+04  1.7819E-03  8.9955E-03  1.9274E-03  1.9682E-02  1.0000E+00
 1.1811E+04  1.7837E-03  8.9350E-03  1.9280E-03  1.9540E-02  1.0000E+00
 1.1901E+04  1.7854E-03  8.8748E-03  1.9287E-03  1.9398E-02  1.0000E+00
 1.1992E+04  1.7871E-03  8.8151E-03  1.9294E-03  1.9257E-02  1.0000E+00
 1.2084E+04  1.7888E-03  8.7557E-03  1.9301E-03  1.9117E-02  1.0000E+00
 1.2177E+04  1.7905E-03  8.6967E-03  1.9307E-03  1.8979E-02  1.0000E+00
 1.2270E+04  1.7922E-03  8.6380E-03  1.9314E-03  1.8841E-02  1.0000E+00
 1.2364E+04  1.7939E-03  8.5797E-03  1.9321E-03  1.8705E-02  1.0000E+00
 1.2458E+04  1.7956E-03  8.5218E-03  1.9328E-03  1.8569E-02  1.0000E+00
 1.2554E+04  1.7973E-03  8.4643E-03  1.9335E-03  1.8435E-02  1.0000E+00
 1.2650E+04  1.7990E-03  8.4071E-03  1.9342E-03  1.8302E-02  1.0000E+00
 1.2747E+04  1.8007E-03  8.3503E-03  1.9349E-03  1.8169E-02  1.0000E+00
 1.2845E+04  1.8024E-03  8.2939E-03  1.9357E-03  1.8038E-02  1.0000E+00
 1.2943E+04  1.8041E-03  8.2378E-03  1.9364E-03  1.7908E-02  1.0000E+00
 1.3042E+04  1.8058E-03  8.1821E-03  1.9371E-03  1.7778E-02  1.0000E+00
 1.3142E+04  1.8075E-03  8.1267E-03  1.9379E-03  1.7650E-02  1.0000E+00
 1.3243E+04  1.8092E-03  8.0717E-03  1.9386E-03  1.7522E-02  1.0000E+00
 1.3344E+04  1.8109E-03  8.0170E-03  1.9394E-03  1.7396E-02  1.0000E+00
 1.3446E+04  1.8126E-03  7.9627E-03  1.9401E-03  1.7270E-02  1.0000E+00
 1.3549E+04  1.8142E-03  7.9088E-03  1.9409E-03  1.7146E-02  1.0000E+00
 1.3653E+04  1.8159E-03  7.8551E-03  1.9416E-03  1.7022E-02  1.0000E+00
 1.3757E+04  1.8176E-03  7.8019E-03  1.9424E-03  1.6900E-02  1.0000E+00
 1.3863E+04  1.8193E-03  7.7490E-03  1.9432E-03  1.6778E-02  1.0000E+00
 1.3969E+04  1.8210E-03  7.6964E-03  1.9440E-03  1.6657E-02  1.0000E+00
 1.4076E+04  1.8227E-03  7.6441E-03  1.9448E-03  1.6537E-02  1.0000E+00
 1.4184E+04  1.8243E-03  7.5923E-03  1.9456E-03  1.6418E-02  1.0000E+00
 1.4292E+04  1.8260E-03  7.5407E-03  1.9464E-03  1.6300E-02  1.0000E+00
 1.4402E+04  1.8277E-03  7.4895E-03  1.9472E-03  1.6183E-02  1.0000E+00
 1.4512E+04  1.8294E-03  7.4386E-03  1.9480E-03  1.6067E-02  1.0000E+00
 1.4623E+04  1.8311E-03  7.3880E-03  1.9488E-03  1.5952E-02  1.0000E+00
 1.4735E+04  1.8327E-03  7.3378E-03  1.9497E-03  1.5837E-02  1.0000E+00
 1.4848E+04  1.8344E-03  7.2879E-03  1.9505E-03  1.5723E-02  1.0000E+00
 1.4962E+04  1.8361E-03  7.2384E-03  1.9513E-03  1.5611E-02  1.0000E+00
 1.5076E+04  1.8378E-03  7.1891E-03  1.9522E-03  1.5499E-02  1.0000E+00
 1.5192E+04  1.8394E-03  7.1402E-03  1.9531E-03  1.5388E-02  1.0000E+00
 1.5308E+04  1.8411E-03  7.0916E-03  1.9539E-03  1.5278E-02  1.0000E+00
 1.5425E+04  1.8428E-03  7.0433E-03  1.9548E-03  1.5168E-02  1.0000E+00
 1.5544E+04  1.8445E-03  6.9954E-03  1.9557E-03  1.5060E-02  1.0000E+00
 1.5663E+04  1.8462E-03  6.9478E-03  1.9566E-03  1.4952E-02  1.0000E+00
 1.5783E+04  1.8479E-03  6.9004E-03  1.9574E-03  1.4845E-02  1.0000E+00
 1.5903E+04  1.8495E-03  6.8534E-03  1.9583E-03  1.4739E-02  1.0000E+00
 1.6025E+04  1.8512E-03  6.8067E-03  1.9592E-03  1.4634E-02  1.0000E+00
 1.6148E+04  1.8529E-03  6.7604E-03  1.9602E-03  1.4529E-02  1.0000E+00
 1.6272E+04  1.8546E-03  6.7143E-03  1.9611E-03  1.4426E-02  1.0000E+00
 1.6396E+04  1.8563E-03  6.6685E-03  1.9620E-03  1.4323E-02  1.0000E+00
 1.6522E+04  1.8580E-03  6.6231E-03  1.9629E-03  1.4221E-02  1.0000E+00
 1.6648E+04  1.8597E-03  6.5779E-03  1.9639E-03  1.4119E-02  1.0000E+00
 1.6776E+04  1.8614E-03  6.5331E-03  1.9648E-03  1.4019E-02  1.0000E+00
 1.6904E+04  1.8631E-03  6.4885E-03  1.9658E-03  1.3919E-02  1.0000E+00
 1.7034E+04  1.8648E-03  6.4443E-03  1.9668E-03  1.3820E-02  1.0000E+00
 1.7164E+04  1.8665E-03  6.4003E-03  1.9677E-03  1.3722E-02  1.0000E+00
 1.7296E+04  1.8682E-03  6.3567E-03  1.9687E-03  1.3624E-02  1.0000E+00
 1.7428E+04  1.8699E-03  6.3133E-03  1.9697E-03  1.3528E-02  1.0000E+00
 1.7562E+04  1.8716E-03  6.2702E-03  1.9707E-03  1.3432E-02  1.0000E+00
 1.7696E+04  1.8733E-03  6.2274E-03  1.9717E-03  1.3336E-02  1.0000E+00
 1.7832E+04  1.8750E-03  6.1849E-03  1.9727E-03  1.3242E-02  1.0000E+00
 1.7968E+04  1.8767E-03  6.1427E-03  1.9737E-03  1.3148E-02  1.0000E+00
 1.8106E+04  1.8784E-03  6.1008E-03  1.9747E-03  1.3055E-02  1.0000E+00
 1.8244E+04  1.8801E-03  6.0592E-03  1.9758E-03  1.2962E-02  1.0000E+00
 1.8384E+04  1.8818E-03  6.0178E-03  1.9768E-03  1.2871E-02  1.0000E+00
 1.8525E+04  1.8836E-03  5.9768E-03  1.9779E-03  1.2780E-02  1.0000E+00
 1.8667E+04  1.8853E-03  5.9360E-03  1.9789E-03  1.2689E-02  1.0000E+00
 1.8810E+04  1.8870E-03  5.8955E-03  1.9800E-03  1.2600E-02  1.0000E+00
 1.8954E+04  1.8888E-03  5.8552E-03  1.9811E-03  1.2511E-02  1.0000E+00
 1.9099E+04  1.8905E-03  5.8153E-03  1.9822E-03  1.2422E-02  1.0000E+00
 1.9245E+04  1.8922E-03  5.7756E-03  1.9833E-03  1.2335E-02  1.0000E+00
 1.9393E+04  1.8940E-03  5.7361E-03  1.9844E-03  1.2248E-02  1.0000E+00
 1.9541E+04  1.8957E-03  5.6970E-03  1.9855E-03  1.2161E-02  1.0000E+00
 1.9691E+04  1.8975E-03  5.6581E-03  1.9866E-03  1.2076E-02  1.0000E+00
 1.9842E+04  1.8993E-03  5.6195E-03  1.9877E-03  1.1991E-02  1.0000E+00
 1.9994E+04  1.9010E-03  5.5812E-03  1.9889E-03  1.1907E-02  1.0000E+00
 2.0147E+04  1.9028E-03  5.5431E-03  1.9900E-03  1.1823E-02  1.0000E+00
 2.0301E+04  1.9046E-03  5.5052E-03  1.9912E-03  1.1740E-02  1.0000E+00
 2.0456E+04  1.9063E-03  5.4677E-03  1.9923E-03  1.1657E-02  1.0000E+00
 2.0613E+04  1.9081E-03  5.4304E-03  1.9935E-03  1.1576E-02  1.0000E+00
 2.0771E+04  1.9099E-03  5.3933E-03  1.9947E-03  1.1495E-02  1.0000E+00
 2.0930E+04  1.9117E-03  5.3565E-03  1.9959E-03  1.1414E-02  1.0000E+00
 2.1090E+04  1.9135E-03  5.3200E-03  1.9971E-03  1.1334E-02  1.0000E+00
 2.1252E+04  1.9153E-03  5.2837E-03  1.9983E-03  1.1255E-02  1.0000E+00
 2.1415E+04  1.9171E-03  5.2477E-03  1.9995E-03  1.1176E-02  1.0000E+00
 2.1579E+04  1.9189E-03  5.2119E-03  2.0008E-03  1.1098E-02  1.0000E+00
 2.1744E+04  1.9207E-03  5.1763E-03  2.0020E-03  1.1020E-02  1.0000E+00
 2.1910E+04  1.9225E-03  5.1410E-03  2.0032E-03  1.0944E-02  1.0000E+00
 2.2078E+04  1.9243E-03  5.1060E-03  2.0045E-03  1.0867E-02  1.0000E+00
 2.2247E+04  1.9262E-03  5.0712E-03  2.0058E-03  1.0791E-02  1.0000E+00
 2.2418E+04  1.9280E-03  5.0366E-03  2.0071E-03  1.0716E-02  1.0000E+00
 2.2589E+04  1.9299E-03  5.0023E-03  2.0084E-03  1.0642E-02  1.0000E+00
 2.2762E+04  1.9317E-03  4.9682E-03  2.0097E-03  1.0568E-02  1.0000E+00
 2.2937E+04  1.9336E-03  4.9344E-03  2.0110E-03  1.0494E-02  1.0000E+00
 2.3112E+04  1.9354E-03  4.9008E-03  2.0123E-03  1.0421E-02  1.0000E+00
 2.3289E+04  1.9373E-03  4.8674E-03  2.0136E-03  1.0349E-02  1.0000E+00
 2.3468E+04  1.9392E-03  4.8343E-03  2.0150E-03  1.0277E-02  1.0000E+00
 2.3647E+04  1.9411E-03  4.8013E-03  2.0163E-03  1.0206E-02  1.0000E+00
 2.3829E+04  1.9429E-03  4.7687E-03  2.0177E-03  1.0135E-02  1.0000E+00
 2.4011E+04  1.9448E-03  4.7362E-03  2.0191E-03  1.0065E-02  1.0000E+00
 2.4195E+04  1.9467E-03  4.7040E-03  2.0205E-03  9.9954E-03  1.0000E+00
 2.4380E+04  1.9487E-03  4.6720E-03  2.0219E-03  9.9263E-03  1.0000E+00
 2.4567E+04  1.9506E-03  4.6402E-03  2.0233E-03  9.8577E-03  1.0000E+00
 2.4755E+04  1.9525E-03  4.6087E-03  2.0247E-03  9.7897E-03  1.0000E+00
 2.4945E+04  1.9544E-03  4.5773E-03  2.0261E-03  9.7221E-03  1.0000E+00
 2.5136E+04  1.9564E-03  4.5462E-03  2.0276E-03  9.6551E-03  1.0000E+00
 2.5328E+04  1.9583E-03  4.5153E-03  2.0290E-03  9.5886E-03  1.0000E+00
 2.5522E+04  1.9603E-03  4.4847E-03  2.0305E-03  9.5226E-03  1.0000E+00
 2.5718E+04  1.9622E-03  4.4542E-03  2.0320E-03  9.4572E-03  1.0000E+00
 2.5915E+04  1.9642E-03  4.4240E-03  2.0335E-03  9.3922E-03  1.0000E+00
 2.6113E+04  1.9662E-03  4.3939E-03  2.0350E-03  9.3277E-03  1.0000E+00
 2.6313E+04  1.9682E-03  4.3641E-03  2.0365E-03  9.2637E-03  1.0000E+00
 2.6515E+04  1.9702E-03  4.3345E-03  2.0380E-03  9.2002E-03  1.0000E+00
 2.6718E+04  1.9722E-03  4.3051E-03  2.0396E-03  9.1372E-03  1.0000E+00
 2.6922E+04  1.9742E-03  4.2759E-03  2.0411E-03  9.0746E-03  1.0000E+00
 2.7128E+04  1.9762E-03  4.2469E-03  2.0427E-03  9.0125E-03  1.0000E+00
 2.7336E+04  1.9782E-03  4.2182E-03  2.0442E-03  8.9510E-03  1.0000E+00
 2.7545E+04  1.9803E-03  4.1896E-03  2.0458E-03  8.8898E-03  1.0000E+00
 2.7756E+04  1.9823E-03  4.1612E-03  2.0474E-03  8.8292E-03  1.0000E+00
 2.7969E+04  1.9844E-03  4.1330E-03  2.0491E-03  8.7690E-03  1.0000E+00
 2.8183E+04  1.9865E-03  4.1051E-03  2.0507E-03  8.7093E-03  1.0000E+00
 2.8399E+04  1.9885E-03  4.0773E-03  2.0523E-03  8.6500E-03  1.0000E+00
 2.8617E+04  1.9906E-03  4.0497E-03  2.0540E-03  8.5912E-03  1.0000E+00
 2.8836E+04  1.9927E-03  4.0223E-03  2.0557E-03  8.5328E-03  1.0000E+00
 2.9056E+04  1.9948E-03  3.9952E-03  2.0573E-03  8.4749E-03  1.0000E+00
 2.9279E+04  1.9970E-03  3.9682E-03  2.0590E-03  8.4174E-03  1.0000E+00
 2.9503E+04  1.9991E-03  3.9414E-03  2.0607E-03  8.3604E-03  1.0000E+00
 2.9729E+04  2.0012E-03  3.9148E-03  2.0625E-03  8.3038E-03  1.0000E+00
 2.9957E+04  2.0034E-03  3.8884E-03  2.0642E-03  8.2476E-03  1.0000E+00
 3.0186E+04  2.0056E-03  3.8621E-03  2.0660E-03  8.1919E-03  1.0000E+00
 3.0417E+04  2.0077E-03  3.8361E-03  2.0677E-03  8.1366E-03  1.0000E+00
 3.0650E+04  2.0099E-03  3.8102E-03  2.0695E-03  8.0817E-03  1.0000E+00
 3.0885E+04  2.0121E-03  3.7846E-03  2.0713E-03  8.0272E-03  1.0000E+00
 3.1122E+04  2.0143E-03  3.7591E-03  2.0731E-03  7.9731E-03  1.0000E+00
 3.1360E+04  2.0165E-03  3.7338E-03  2.0749E-03  7.9195E-03  1.0000E+00
 3.1600E+04  2.0188E-03  3.7086E-03  2.0768E-03  7.8663E-03  1.0000E+00
 3.1842E+04  2.0210E-03  3.6837E-03  2.0786E-03  7.8135E-03  1.0000E+00
 3.2086E+04  2.0233E-03  3.6589E-03  2.0805E-03  7.7610E-03  1.0000E+00
 3.2332E+04  2.0255E-03  3.6343E-03  2.0824E-03  7.7090E-03  1.0000E+00
 3.2579E+04  2.0278E-03  3.6099E-03  2.0843E-03  7.6574E-03  1.0000E+00
 3.2829E+04  2.0301E-03  3.5857E-03  2.0862E-03  7.6062E-03  1.0000E+00
 3.3080E+04  2.0324E-03  3.5616E-03  2.0881E-03  7.5554E-03  1.0000E+00
 3.3334E+04  2.0347E-03  3.5378E-03  2.0901E-03  7.5049E-03  1.0000E+00
 3.3589E+04  2.0371E-03  3.5140E-03  2.0920E-03  7.4549E-03  1.0000E+00
 3.3846E+04  2.0394E-03  3.4905E-03  2.0940E-03  7.4052E-03  1.0000E+00
 3.4105E+04  2.0418E-03  3.4671E-03  2.0960E-03  7.3559E-03  1.0000E+00
 3.4367E+04  2.0441E-03  3.4439E-03  2.0980E-03  7.3070E-03  1.0000E+00
 3.4630E+04  2.0465E-03  3.4209E-03  2.1000E-03  7.2585E-03  1.0000E+00
 3.4895E+04  2.0489E-03  3.3980E-03  2.1021E-03  7.2103E-03  1.0000E+00
 3.5162E+04  2.0513E-03  3.3753E-03  2.1041E-03  7.1625E-03  1.0000E+00
 3.5431E+04  2.0537E-03  3.3527E-03  2.1062E-03  7.1151E-03  1.0000E+00
 3.5703E+04  2.0562E-03  3.3303E-03  2.1083E-03  7.0680E-03  1.0000E+00
 3.5976E+04  2.0586E-03  3.3081E-03  2.1104E-03  7.0213E-03  1.0000E+00
 3.6252E+04  2.0611E-03  3.2861E-03  2.1125E-03  6.9750E-03  1.0000E+00
 3.6529E+04  2.0636E-03  3.2642E-03  2.1147E-03  6.9290E-03  1.0000E+00
 3.6809E+04  2.0661E-03  3.2424E-03  2.1168E-03  6.8834E-03  1.0000E+00
 3.7091E+04  2.0686E-03  3.2208E-03  2.1190E-03  6.8381E-03  1.0000E+00
 3.7375E+04  2.0711E-03  3.1994E-03  2.1212E-03  6.7932E-03  1.0000E+00
 3.7661E+04  2.0737E-03  3.1781E-03  2.1234E-03  6.7486E-03  1.0000E+00
 3.7950E+04  2.0762E-03  3.1570E-03  2.1256E-03  6.7043E-03  1.0000E+00
 3.8240E+04  2.0788E-03  3.1360E-03  2.1279E-03  6.6604E-03  1.0000E+00
 3.8533E+04  2.0814E-03  3.1152E-03  2.1302E-03  6.6169E-03  1.0000E+00
 3.8828E+04  2.0840E-03  3.0946E-03  2.1325E-03  6.5736E-03  1.0000E+00
 3.9126E+04  2.0866E-03  3.0740E-03  2.1348E-03  6.5307E-03  1.0000E+00
 3.9425E+04  2.0893E-03  3.0537E-03  2.1371E-03  6.4881E-03  1.0000E+00
 3.9727E+04  2.0919E-03  3.0335E-03  2.1394E-03  6.4459E-03  1.0000E+00
 4.0032E+04  2.0946E-03  3.0134E-03  2.1418E-03  6.4040E-03  1.0000E+00
 4.0338E+04  2.0973E-03  2.9935E-03  2.1442E-03  6.3624E-03  1.0000E+00
 4.0647E+04  2.1000E-03  2.9737E-03  2.1466E-03  6.3211E-03  1.0000E+00
 4.0958E+04  2.1027E-03  2.9541E-03  2.1490E-03  6.2801E-03  1.0000E+00
 4.1272E+04  2.1055E-03  2.9346E-03  2.1515E-03  6.2395E-03  1.0000E+00
 4.1588E+04  2.1082E-03  2.9152E-03  2.1539E-03  6.1992E-03  1.0000E+00
 4.1907E+04  2.1110E-03  2.8960E-03  2.1564E-03  6.1591E-03  1.0000E+00
 4.2228E+04  2.1138E-03  2.8769E-03  2.1589E-03  6.1194E-03  1.0000E+00
 4.2551E+04  2.1166E-03  2.8580E-03  2.1614E-03  6.0800E-03  1.0000E+00
 4.2877E+04  2.1195E-03  2.8392E-03  2.1640E-03  6.0409E-03  1.0000E+00
 4.3205E+04  2.1223E-03  2.8206E-03  2.1665E-03  6.0021E-03  1.0000E+00
 4.3536E+04  2.1252E-03  2.8020E-03  2.1691E-03  5.9636E-03  1.0000E+00
 4.3869E+04  2.1281E-03  2.7836E-03  2.1717E-03  5.9254E-03  1.0000E+00
 4.4205E+04  2.1310E-03  2.7654E-03  2.1744E-03  5.8875E-03  1.0000E+00
 4.4544E+04  2.1339E-03  2.7473E-03  2.1770E-03  5.8499E-03  1.0000E+00
 4.4885E+04  2.1369E-03  2.7293E-03  2.1797E-03  5.8126E-03  1.0000E+00
 4.5229E+04  2.1398E-03  2.7114E-03  2.1824E-03  5.7755E-03  1.0000E+00
 4.5575E+04  2.1428E-03  2.6937E-03  2.1851E-03  5.7388E-03  1.0000E+00
 4.5924E+04  2.1458E-03  2.6761E-03  2.1879E-03  5.7023E-03  1.0000E+00
 4.6276E+04  2.1489E-03  2.6587E-03  2.1906E-03  5.6661E-03  1.0000E+00
 4.6630E+04  2.1519E-03  2.6413E-03  2.1934E-03  5.6302E-03  1.0000E+00
 4.6987E+04  2.1550E-03  2.6241E-03  2.1962E-03  5.5946E-03  1.0000E+00
 4.7347E+04  2.1581E-03  2.6070E-03  2.1991E-03  5.5592E-03  1.0000E+00
 4.7710E+04  2.1612E-03  2.5901E-03  2.2019E-03  5.5241E-03  1.0000E+00
 4.8075E+04  2.1643E-03  2.5733E-03  2.2048E-03  5.4893E-03  1.0000E+00
 4.8443E+04  2.1675E-03  2.5565E-03  2.2077E-03  5.4548E-03  1.0000E+00
 4.8814E+04  2.1707E-03  2.5400E-03  2.2106E-03  5.4205E-03  1.0000E+00
 4.9188E+04  2.1739E-03  2.5235E-03  2.2136E-03  5.3865E-03  1.0000E+00
 4.9565E+04  2.1771E-03  2.5072E-03  2.2166E-03  5.3527E-03  1.0000E+00
 4.9945E+04  2.1804E-03  2.4909E-03  2.2196E-03  5.3193E-03  1.0000E+00
 5.0327E+04  2.1836E-03  2.4748E-03  2.2226E-03  5.2860E-03  1.0000E+00
 5.0713E+04  2.1869E-03  2.4588E-03  2.2256E-03  5.2531E-03  1.0000E+00
 5.1101E+04  2.1903E-03  2.4430E-03  2.2287E-03  5.2203E-03  1.0000E+00
 5.1492E+04  2.1936E-03  2.4272E-03  2.2318E-03  5.1879E-03  1.0000E+00
 5.1887E+04  2.1970E-03  2.4116E-03  2.2350E-03  5.1557E-03  1.0000E+00
 5.2284E+04  2.2004E-03  2.3961E-03  2.2381E-03  5.1237E-03  1.0000E+00
 5.2684E+04  2.2038E-03  2.3807E-03  2.2413E-03  5.0920E-03  1.0000E+00
 5.3088E+04  2.2072E-03  2.3654E-03  2.2445E-03  5.0606E-03  1.0000E+00
 5.3494E+04  2.2107E-03  2.3502E-03  2.2477E-03  5.0293E-03  1.0000E+00
 5.3904E+04  2.2142E-03  2.3351E-03  2.2510E-03  4.9984E-03  1.0000E+00
 5.4317E+04  2.2177E-03  2.3202E-03  2.2543E-03  4.9676E-03  1.0000E+00
 5.4733E+04  2.2212E-03  2.3053E-03  2.2576E-03  4.9371E-03  1.0000E+00
 5.5152E+04  2.2248E-03  2.2906E-03  2.2610E-03  4.9069E-03  1.0000E+00
 5.5574E+04  2.2284E-03  2.2760E-03  2.2643E-03  4.8768E-03  1.0000E+00
 5.6000E+04  2.2320E-03  2.2614E-03  2.2677E-03  4.8470E-03  1.0000E+00
 5.6429E+04  2.2357E-03  2.2470E-03  2.2712E-03  4.8175E-03  1.0000E+00
 5.6861E+04  2.2394E-03  2.2327E-03  2.2746E-03  4.7882E-03  1.0000E+00
 5.7297E+04  2.2431E-03  2.2185E-03  2.2781E-03  4.7591E-03  1.0000E+00
 5.7735E+04  2.2468E-03  2.2044E-03  2.2816E-03  4.7302E-03  1.0000E+00
 5.8177E+04  2.2505E-03  2.1904E-03  2.2852E-03  4.7015E-03  1.0000E+00
 5.8623E+04  2.2543E-03  2.1766E-03  2.2888E-03  4.6731E-03  1.0000E+00
 5.9072E+04  2.2582E-03  2.1628E-03  2.2924E-03  4.6449E-03  1.0000E+00
 5.9524E+04  2.2620E-03  2.1491E-03  2.2960E-03  4.6169E-03  1.0000E+00
 5.9980E+04  2.2659E-03  2.1355E-03  2.2997E-03  4.5892E-03  1.0000E+00
 6.0440E+04  2.2698E-03  2.1220E-03  2.3034E-03  4.5616E-03  1.0000E+00
 6.0902E+04  2.2737E-03  2.1087E-03  2.3071E-03  4.5343E-03  1.0000E+00
 6.1369E+04  2.2777E-03  2.0954E-03  2.3109E-03  4.5072E-03  1.0000E+00
 6.1839E+04  2.2817E-03  2.0822E-03  2.3147E-03  4.4803E-03  1.0000E+00
 6.2312E+04  2.2857E-03  2.0691E-03  2.3185E-03  4.4536E-03  1.0000E+00
 6.2790E+04  2.2898E-03  2.0561E-03  2.3224E-03  4.4271E-03  1.0000E+00
 6.3270E+04  2.2938E-03  2.0432E-03  2.3263E-03  4.4008E-03  1.0000E+00
 6.3755E+04  2.2980E-03  2.0304E-03  2.3302E-03  4.3747E-03  1.0000E+00
 6.4243E+04  2.3021E-03  2.0177E-03  2.3342E-03  4.3489E-03  1.0000E+00
 6.4735E+04  2.3063E-03  2.0051E-03  2.3381E-03  4.3232E-03  1.0000E+00
 6.5231E+04  2.3105E-03  1.9926E-03  2.3422E-03  4.2977E-03  1.0000E+00
 6.5731E+04  2.3148E-03  1.9802E-03  2.3462E-03  4.2725E-03  1.0000E+00
 6.6234E+04  2.3190E-03  1.9679E-03  2.3503E-03  4.2474E-03  1.0000E+00
 6.6741E+04  2.3234E-03  1.9557E-03  2.3545E-03  4.2225E-03  1.0000E+00
 6.7252E+04  2.3277E-03  1.9435E-03  2.3586E-03  4.1978E-03  1.0000E+00
 6.7767E+04  2.3321E-03  1.9315E-03  2.3628E-03  4.1734E-03  1.0000E+00
 6.8286E+04  2.3365E-03  1.9195E-03  2.3671E-03  4.1491E-03  1.0000E+00
 6.8809E+04  2.3410E-03  1.9076E-03  2.3714E-03  4.1250E-03  1.0000E+00
 6.9336E+04  2.3455E-03  1.8958E-03  2.3757E-03  4.1011E-03  1.0000E+00
 6.9867E+04  2.3500E-03  1.8841E-03  2.3800E-03  4.0774E-03  1.0000E+00
 7.0402E+04  2.3545E-03  1.8725E-03  2.3844E-03  4.0538E-03  1.0000E+00
 7.0942E+04  2.3591E-03  1.8610E-03  2.3888E-03  4.0305E-03  1.0000E+00
 7.1485E+04  2.3638E-03  1.8496E-03  2.3933E-03  4.0073E-03  1.0000E+00
 7.2032E+04  2.3684E-03  1.8382E-03  2.3978E-03  3.9843E-03  1.0000E+00
 7.2584E+04  2.3732E-03  1.8270E-03  2.4023E-03  3.9616E-03  1.0000E+00
 7.3140E+04  2.3779E-03  1.8158E-03  2.4069E-03  3.9389E-03  1.0000E+00
 7.3700E+04  2.3827E-03  1.8047E-03  2.4115E-03  3.9165E-03  1.0000E+00
 7.4264E+04  2.3875E-03  1.7937E-03  2.4162E-03  3.8942E-03  1.0000E+00
 7.4833E+04  2.3924E-03  1.7827E-03  2.4209E-03  3.8722E-03  1.0000E+00
 7.5406E+04  2.3973E-03  1.7719E-03  2.4256E-03  3.8503E-03  1.0000E+00
 7.5984E+04  2.4022E-03  1.7611E-03  2.4304E-03  3.8285E-03  1.0000E+00
 7.6566E+04  2.4072E-03  1.7504E-03  2.4352E-03  3.8070E-03  1.0000E+00
 7.7152E+04  2.4122E-03  1.7398E-03  2.4401E-03  3.7856E-03  1.0000E+00
 7.7743E+04  2.4173E-03  1.7293E-03  2.4450E-03  3.7644E-03  1.0000E+00
 7.8338E+04  2.4224E-03  1.7188E-03  2.4499E-03  3.7433E-03  1.0000E+00
 7.8938E+04  2.4275E-03  1.7085E-03  2.4549E-03  3.7224E-03  1.0000E+00
 7.9543E+04  2.4327E-03  1.6982E-03  2.4600E-03  3.7017E-03  1.0000E+00
 8.0152E+04  2.4379E-03  1.6879E-03  2.4650E-03  3.6812E-03  1.0000E+00
 8.0766E+04  2.4432E-03  1.6778E-03  2.4702E-03  3.6608E-03  1.0000E+00
 8.1384E+04  2.4485E-03  1.6677E-03  2.4753E-03  3.6405E-03  1.0000E+00
 8.2008E+04  2.4539E-03  1.6578E-03  2.4805E-03  3.6205E-03  1.0000E+00
 8.2636E+04  2.4593E-03  1.6478E-03  2.4858E-03  3.6006E-03  1.0000E+00
 8.3268E+04  2.4647E-03  1.6380E-03  2.4911E-03  3.5808E-03  1.0000E+00
 8.3906E+04  2.4702E-03  1.6282E-03  2.4965E-03  3.5613E-03  1.0000E+00
 8.4549E+04  2.4758E-03  1.6185E-03  2.5018E-03  3.5418E-03  1.0000E+00
 8.5196E+04  2.4813E-03  1.6089E-03  2.5073E-03  3.5226E-03  1.0000E+00
 8.5849E+04  2.4870E-03  1.5994E-03  2.5128E-03  3.5034E-03  1.0000E+00
 8.6506E+04  2.4927E-03  1.5899E-03  2.5183E-03  3.4845E-03  1.0000E+00
 8.7169E+04  2.4984E-03  1.5805E-03  2.5239E-03  3.4657E-03  1.0000E+00
 8.7836E+04  2.5042E-03  1.5712E-03  2.5295E-03  3.4470E-03  1.0000E+00
 8.8509E+04  2.5100E-03  1.5619E-03  2.5352E-03  3.4285E-03  1.0000E+00
 8.9187E+04  2.5159E-03  1.5527E-03  2.5410E-03  3.4101E-03  1.0000E+00
 8.9870E+04  2.5218E-03  1.5436E-03  2.5468E-03  3.3919E-03  1.0000E+00
 9.0558E+04  2.5277E-03  1.5345E-03  2.5526E-03  3.3739E-03  1.0000E+00
 9.1252E+04  2.5338E-03  1.5255E-03  2.5585E-03  3.3559E-03  1.0000E+00
 9.1950E+04  2.5398E-03  1.5166E-03  2.5644E-03  3.3382E-03  1.0000E+00
 9.2655E+04  2.5460E-03  1.5078E-03  2.5704E-03  3.3205E-03  1.0000E+00
 9.3364E+04  2.5521E-03  1.4990E-03  2.5765E-03  3.3031E-03  1.0000E+00
 9.4079E+04  2.5584E-03  1.4903E-03  2.5826E-03  3.2857E-03  1.0000E+00
 9.4800E+04  2.5646E-03  1.4816E-03  2.5887E-03  3.2685E-03  1.0000E+00
 9.5526E+04  2.5710E-03  1.4730E-03  2.5949E-03  3.2515E-03  1.0000E+00
 9.6257E+04  2.5774E-03  1.4645E-03  2.6012E-03  3.2345E-03  1.0000E+00
 9.6994E+04  2.5838E-03  1.4561E-03  2.6075E-03  3.2177E-03  1.0000E+00
 9.7737E+04  2.5903E-03  1.4477E-03  2.6139E-03  3.2011E-03  1.0000E+00
 9.8486E+04  2.5969E-03  1.4393E-03  2.6203E-03  3.1846E-03  1.0000E+00
 9.9240E+04  2.6035E-03  1.4311E-03  2.6268E-03  3.1682E-03  1.0000E+00
 1.0000E+05  2.6101E-03  1.4229E-03  2.6334E-03  3.1520E-03  1.0000E+00


