#     0	 1	    7	 3	 5.8497E+02	 1000	1
 4.8978E+01  0.0000E+00  0.0000E+00  0.0000E+00  0.0000E+00  0.0000E+00
 4.9353E+01  0.0000E+00  0.0000E+00  0.0000E+00  0.0000E+00  0.0000E+00
 4.9731E+01  0.0000E+00  0.0000E+00  0.0000E+00  0.0000E+00  0.0000E+00
 5.0112E+01  0.0000E+00  0.0000E+00  0.0000E+00  0.0000E+00  0.0000E+00
 5.0496E+01  0.0000E+00  0.0000E+00  0.0000E+00  0.0000E+00  0.0000E+00
 5.0882E+01  0.0000E+00  0.0000E+00  0.0000E+00  0.0000E+00  0.0000E+00
 5.1272E+01  0.0000E+00  0.0000E+00  0.0000E+00  0.0000E+00  0.0000E+00
 5.1665E+01  0.0000E+00  0.0000E+00  0.0000E+00  0.0000E+00  0.0000E+00
 5.2060E+01  0.0000E+00  0.0000E+00  0.0000E+00  0.0000E+00  0.0000E+00
 5.2459E+01  0.0000E+00  0.0000E+00  0.0000E+00  0.0000E+00  0.0000E+00
 5.2861E+01  0.0000E+00  0.0000E+00  0.0000E+00  0.0000E+00  0.0000E+00
 5.3266E+01  0.0000E+00  0.0000E+00  0.0000E+00  0.0000E+00  0.0000E+00
 5.3673E+01  0.0000E+00  0.0000E+00  0.0000E+00  0.0000E+00  0.0000E+00
 5.4085E+01  0.0000E+00  0.0000E+00  0.0000E+00  0.0000E+00  0.0000E+00
 5.4499E+01  0.0000E+00  0.0000E+00  0.0000E+00  0.0000E+00  0.0000E+00
 5.4916E+01  0.0000E+00  0.0000E+00  0.0000E+00  0.0000E+00  0.0000E+00
 5.5337E+01  0.0000E+00  0.0000E+00  0.0000E+00  0.0000E+00  0.0000E+00
 5.5760E+01  0.0000E+00  0.0000E+00  0.0000E+00  0.0000E+00  0.0000E+00
 5.6187E+01  0.0000E+00  0.0000E+00  0.0000E+00  0.0000E+00  0.0000E+00
 5.6618E+01  0.0000E+00  0.0000E+00  0.0000E+00  0.0000E+00  0.0000E+00
 5.7051E+01  0.0000E+00  0.0000E+00  0.0000E+00  0.0000E+00  0.0000E+00
 5.7488E+01  0.0000E+00  0.0000E+00  0.0000E+00  0.0000E+00  0.0000E+00
 5.7929E+01  0.0000E+00  0.0000E+00  0.0000E+00  0.0000E+00  0.0000E+00
 5.8372E+01  0.0000E+00  0.0000E+00  0.0000E+00  0.0000E+00  0.0000E+00
 5.8819E+01  0.0000E+00  0.0000E+00  0.0000E+00  0.0000E+00  0.0000E+00
 5.9270E+01  0.0000E+00  0.0000E+00  0.0000E+00  0.0000E+00  0.0000E+00
 5.9724E+01  0.0000E+00  0.0000E+00  0.0000E+00  0.0000E+00  0.0000E+00
 6.0181E+01  0.0000E+00  0.0000E+00  0.0000E+00  0.0000E+00  0.0000E+00
 6.0642E+01  0.0000E+00  0.0000E+00  0.0000E+00  0.0000E+00  0.0000E+00
 6.1106E+01  0.0000E+00  0.0000E+00  0.0000E+00  0.0000E+00  0.0000E+00
 6.1574E+01  0.0000E+00  0.0000E+00  0.0000E+00  0.0000E+00  0.0000E+00
 6.2046E+01  0.0000E+00  0.0000E+00  0.0000E+00  0.0000E+00  0.0000E+00
 6.2521E+01  0.0000E+00  0.0000E+00  0.0000E+00  0.0000E+00  0.0000E+00
 6.3000E+01  0.0000E+00  0.0000E+00  0.0000E+00  0.0000E+00  0.0000E+00
 6.3482E+01  0.0000E+00  0.0000E+00  0.0000E+00  0.0000E+00  0.0000E+00
 6.3968E+01  0.0000E+00  0.0000E+00  0.0000E+00  0.0000E+00  0.0000E+00
 6.4458E+01  0.0000E+00  0.0000E+00  0.0000E+00  0.0000E+00  0.0000E+00
 6.4952E+01  0.0000E+00  0.0000E+00  0.0000E+00  0.0000E+00  0.0000E+00
 6.5449E+01  0.0000E+00  0.0000E+00  0.0000E+00  0.0000E+00  0.0000E+00
 6.5951E+01  0.0000E+00  0.0000E+00  0.0000E+00  0.0000E+00  0.0000E+00
 6.6456E+01  0.0000E+00  0.0000E+00  0.0000E+00  0.0000E+00  0.0000E+00
 6.6965E+01  0.0000E+00  0.0000E+00  0.0000E+00  0.0000E+00  0.0000E+00
 6.7478E+01  0.0000E+00  0.0000E+00  0.0000E+00  0.0000E+00  0.0000E+00
 6.7994E+01  0.0000E+00  0.0000E+00  0.0000E+00  0.0000E+00  0.0000E+00
 6.8515E+01  0.0000E+00  0.0000E+00  0.0000E+00  0.0000E+00  0.0000E+00
 6.9040E+01  0.0000E+00  0.0000E+00  0.0000E+00  0.0000E+00  0.0000E+00
 6.9568E+01  0.0000E+00  0.0000E+00  0.0000E+00  0.0000E+00  0.0000E+00
 7.0101E+01  0.0000E+00  0.0000E+00  0.0000E+00  0.0000E+00  0.0000E+00
 7.0638E+01  0.0000E+00  0.0000E+00  0.0000E+00  0.0000E+00  0.0000E+00
 7.1179E+01  0.0000E+00  0.0000E+00  0.0000E+00  0.0000E+00  0.0000E+00
 7.1724E+01  0.0000E+00  0.0000E+00  0.0000E+00  0.0000E+00  0.0000E+00
 7.2273E+01  0.0000E+00  0.0000E+00  0.0000E+00  0.0000E+00  0.0000E+00
 7.2827E+01  0.0000E+00  0.0000E+00  0.0000E+00  0.0000E+00  0.0000E+00
 7.3385E+01  0.0000E+00  0.0000E+00  0.0000E+00  0.0000E+00  0.0000E+00
 7.3947E+01  0.0000E+00  0.0000E+00  0.0000E+00  0.0000E+00  0.0000E+00
 7.4513E+01  0.0000E+00  0.0000E+00  0.0000E+00  0.0000E+00  0.0000E+00
 7.5084E+01  0.0000E+00  0.0000E+00  0.0000E+00  0.0000E+00  0.0000E+00
 7.5659E+01  0.0000E+00  0.0000E+00  0.0000E+00  0.0000E+00  0.0000E+00
 7.6238E+01  0.0000E+00  0.0000E+00  0.0000E+00  0.0000E+00  0.0000E+00
 7.6822E+01  0.0000E+00  0.0000E+00  0.0000E+00  0.0000E+00  0.0000E+00
 7.7410E+01  0.0000E+00  0.0000E+00  0.0000E+00  0.0000E+00  0.0000E+00
 7.8003E+01  0.0000E+00  0.0000E+00  0.0000E+00  0.0000E+00  0.0000E+00
 7.8601E+01  0.0000E+00  0.0000E+00  0.0000E+00  0.0000E+00  0.0000E+00
 7.9202E+01  0.0000E+00  0.0000E+00  0.0000E+00  0.0000E+00  0.0000E+00
 7.9809E+01  0.0000E+00  0.0000E+00  0.0000E+00  0.0000E+00  0.0000E+00
 8.0420E+01  0.0000E+00  0.0000E+00  0.0000E+00  0.0000E+00  0.0000E+00
 8.1036E+01  0.0000E+00  0.0000E+00  0.0000E+00  0.0000E+00  0.0000E+00
 8.1657E+01  0.0000E+00  0.0000E+00  0.0000E+00  0.0000E+00  0.0000E+00
 8.2282E+01  0.0000E+00  0.0000E+00  0.0000E+00  0.0000E+00  0.0000E+00
 8.2912E+01  0.0000E+00  0.0000E+00  0.0000E+00  0.0000E+00  0.0000E+00
 8.3547E+01  0.0000E+00  0.0000E+00  0.0000E+00  0.0000E+00  0.0000E+00
 8.4187E+01  0.0000E+00  0.0000E+00  0.0000E+00  0.0000E+00  0.0000E+00
 8.4832E+01  0.0000E+00  0.0000E+00  0.0000E+00  0.0000E+00  0.0000E+00
 8.5481E+01  0.0000E+00  0.0000E+00  0.0000E+00  0.0000E+00  0.0000E+00
 8.6136E+01  0.0000E+00  0.0000E+00  0.0000E+00  0.0000E+00  0.0000E+00
 8.6796E+01  0.0000E+00  0.0000E+00  0.0000E+00  0.0000E+00  0.0000E+00
 8.7460E+01  0.0000E+00  0.0000E+00  0.0000E+00  0.0000E+00  0.0000E+00
 8.8130E+01  0.0000E+00  0.0000E+00  0.0000E+00  0.0000E+00  0.0000E+00
 8.8805E+01  0.0000E+00  0.0000E+00  0.0000E+00  0.0000E+00  0.0000E+00
 8.9485E+01  0.0000E+00  0.0000E+00  0.0000E+00  0.0000E+00  0.0000E+00
 9.0171E+01  0.0000E+00  0.0000E+00  0.0000E+00  0.0000E+00  0.0000E+00
 9.0861E+01  0.0000E+00  0.0000E+00  0.0000E+00  0.0000E+00  0.0000E+00
 9.1557E+01  0.0000E+00  0.0000E+00  0.0000E+00  0.0000E+00  0.0000E+00
 9.2258E+01  0.0000E+00  0.0000E+00  0.0000E+00  0.0000E+00  0.0000E+00
 9.2965E+01  0.0000E+00  0.0000E+00  0.0000E+00  0.0000E+00  0.0000E+00
 9.3677E+01  0.0000E+00  0.0000E+00  0.0000E+00  0.0000E+00  0.0000E+00
 9.4394E+01  0.0000E+00  0.0000E+00  0.0000E+00  0.0000E+00  0.0000E+00
 9.5117E+01  0.0000E+00  0.0000E+00  0.0000E+00  0.0000E+00  0.0000E+00
 9.5845E+01  0.0000E+00  0.0000E+00  0.0000E+00  0.0000E+00  0.0000E+00
 9.6579E+01  0.0000E+00  0.0000E+00  0.0000E+00  0.0000E+00  0.0000E+00
 9.7319E+01  0.0000E+00  0.0000E+00  0.0000E+00  0.0000E+00  0.0000E+00
 9.8064E+01  0.0000E+00  0.0000E+00  0.0000E+00  0.0000E+00  0.0000E+00
 9.8815E+01  0.0000E+00  0.0000E+00  0.0000E+00  0.0000E+00  0.0000E+00
 9.9572E+01  0.0000E+00  0.0000E+00  0.0000E+00  0.0000E+00  0.0000E+00
 1.0033E+02  0.0000E+00  0.0000E+00  0.0000E+00  0.0000E+00  0.0000E+00
 1.0110E+02  0.0000E+00  0.0000E+00  0.0000E+00  0.0000E+00  0.0000E+00
 1.0188E+02  0.0000E+00  0.0000E+00  0.0000E+00  0.0000E+00  0.0000E+00
 1.0266E+02  0.0000E+00  0.0000E+00  0.0000E+00  0.0000E+00  0.0000E+00
 1.0344E+02  0.0000E+00  0.0000E+00  0.0000E+00  0.0000E+00  0.0000E+00
 1.0424E+02  0.0000E+00  0.0000E+00  0.0000E+00  0.0000E+00  0.0000E+00
 1.0503E+02  0.0000E+00  0.0000E+00  0.0000E+00  0.0000E+00  0.0000E+00
 1.0584E+02  0.0000E+00  0.0000E+00  0.0000E+00  0.0000E+00  0.0000E+00
 1.0665E+02  0.0000E+00  0.0000E+00  0.0000E+00  0.0000E+00  0.0000E+00
 1.0747E+02  0.0000E+00  0.0000E+00  0.0000E+00  0.0000E+00  0.0000E+00
 1.0829E+02  0.0000E+00  0.0000E+00  0.0000E+00  0.0000E+00  0.0000E+00
 1.0912E+02  0.0000E+00  0.0000E+00  0.0000E+00  0.0000E+00  0.0000E+00
 1.0995E+02  0.0000E+00  0.0000E+00  0.0000E+00  0.0000E+00  0.0000E+00
 1.1080E+02  0.0000E+00  0.0000E+00  0.0000E+00  0.0000E+00  0.0000E+00
 1.1164E+02  0.0000E+00  0.0000E+00  0.0000E+00  0.0000E+00  0.0000E+00
 1.1250E+02  0.0000E+00  0.0000E+00  0.0000E+00  0.0000E+00  0.0000E+00
 1.1336E+02  0.0000E+00  0.0000E+00  0.0000E+00  0.0000E+00  0.0000E+00
 1.1423E+02  0.0000E+00  0.0000E+00  0.0000E+00  0.0000E+00  0.0000E+00
 1.1510E+02  0.0000E+00  0.0000E+00  0.0000E+00  0.0000E+00  0.0000E+00
 1.1599E+02  0.0000E+00  0.0000E+00  0.0000E+00  0.0000E+00  0.0000E+00
 1.1687E+02  0.0000E+00  0.0000E+00  0.0000E+00  0.0000E+00  0.0000E+00
 1.1777E+02  0.0000E+00  0.0000E+00  0.0000E+00  0.0000E+00  0.0000E+00
 1.1867E+02  0.0000E+00  0.0000E+00  0.0000E+00  0.0000E+00  0.0000E+00
 1.1958E+02  0.0000E+00  0.0000E+00  0.0000E+00  0.0000E+00  0.0000E+00
 1.2050E+02  0.0000E+00  0.0000E+00  0.0000E+00  0.0000E+00  0.0000E+00
 1.2142E+02  0.0000E+00  0.0000E+00  0.0000E+00  0.0000E+00  0.0000E+00
 1.2235E+02  0.0000E+00  0.0000E+00  0.0000E+00  0.0000E+00  0.0000E+00
 1.2329E+02  0.0000E+00  0.0000E+00  0.0000E+00  0.0000E+00  0.0000E+00
 1.2423E+02  0.0000E+00  0.0000E+00  0.0000E+00  0.0000E+00  0.0000E+00
 1.2518E+02  0.0000E+00  0.0000E+00  0.0000E+00  0.0000E+00  0.0000E+00
 1.2614E+02  0.0000E+00  0.0000E+00  0.0000E+00  0.0000E+00  0.0000E+00
 1.2711E+02  0.0000E+00  0.0000E+00  0.0000E+00  0.0000E+00  0.0000E+00
 1.2808E+02  0.0000E+00  0.0000E+00  0.0000E+00  0.0000E+00  0.0000E+00
 1.2906E+02  0.0000E+00  0.0000E+00  0.0000E+00  0.0000E+00  0.0000E+00
 1.3005E+02  0.0000E+00  0.0000E+00  0.0000E+00  0.0000E+00  0.0000E+00
 1.3104E+02  0.0000E+00  0.0000E+00  0.0000E+00  0.0000E+00  0.0000E+00
 1.3205E+02  0.0000E+00  0.0000E+00  0.0000E+00  0.0000E+00  0.0000E+00
 1.3306E+02  0.0000E+00  0.0000E+00  0.0000E+00  0.0000E+00  0.0000E+00
 1.3408E+02  0.0000E+00  0.0000E+00  0.0000E+00  0.0000E+00  0.0000E+00
 1.3510E+02  0.0000E+00  0.0000E+00  0.0000E+00  0.0000E+00  0.0000E+00
 1.3614E+02  0.0000E+00  0.0000E+00  0.0000E+00  0.0000E+00  0.0000E+00
 1.3718E+02  0.0000E+00  0.0000E+00  0.0000E+00  0.0000E+00  0.0000E+00
 1.3823E+02  0.0000E+00  0.0000E+00  0.0000E+00  0.0000E+00  0.0000E+00
 1.3929E+02  0.0000E+00  0.0000E+00  0.0000E+00  0.0000E+00  0.0000E+00
 1.4036E+02  0.0000E+00  0.0000E+00  0.0000E+00  0.0000E+00  0.0000E+00
 1.4143E+02  0.0000E+00  0.0000E+00  0.0000E+00  0.0000E+00  0.0000E+00
 1.4252E+02  0.0000E+00  0.0000E+00  0.0000E+00  0.0000E+00  0.0000E+00
 1.4361E+02  0.0000E+00  0.0000E+00  0.0000E+00  0.0000E+00  0.0000E+00
 1.4471E+02  0.0000E+00  0.0000E+00  0.0000E+00  0.0000E+00  0.0000E+00
 1.4582E+02  0.0000E+00  0.0000E+00  0.0000E+00  0.0000E+00  0.0000E+00
 1.4693E+02  0.0000E+00  0.0000E+00  0.0000E+00  0.0000E+00  0.0000E+00
 1.4806E+02  0.0000E+00  0.0000E+00  0.0000E+00  0.0000E+00  0.0000E+00
 1.4919E+02  0.0000E+00  0.0000E+00  0.0000E+00  0.0000E+00  0.0000E+00
 1.5033E+02  0.0000E+00  0.0000E+00  0.0000E+00  0.0000E+00  0.0000E+00
 1.5149E+02  0.0000E+00  0.0000E+00  0.0000E+00  0.0000E+00  0.0000E+00
 1.5265E+02  0.0000E+00  0.0000E+00  0.0000E+00  0.0000E+00  0.0000E+00
 1.5381E+02  0.0000E+00  0.0000E+00  0.0000E+00  0.0000E+00  0.0000E+00
 1.5499E+02  0.0000E+00  0.0000E+00  0.0000E+00  0.0000E+00  0.0000E+00
 1.5618E+02  0.0000E+00  0.0000E+00  0.0000E+00  0.0000E+00  0.0000E+00
 1.5738E+02  0.0000E+00  0.0000E+00  0.0000E+00  0.0000E+00  0.0000E+00
 1.5858E+02  0.0000E+00  0.0000E+00  0.0000E+00  0.0000E+00  0.0000E+00
 1.5980E+02  0.0000E+00  0.0000E+00  0.0000E+00  0.0000E+00  0.0000E+00
 1.6102E+02  0.0000E+00  0.0000E+00  0.0000E+00  0.0000E+00  0.0000E+00
 1.6225E+02  0.0000E+00  0.0000E+00  0.0000E+00  0.0000E+00  0.0000E+00
 1.6349E+02  0.0000E+00  0.0000E+00  0.0000E+00  0.0000E+00  0.0000E+00
 1.6475E+02  0.0000E+00  0.0000E+00  0.0000E+00  0.0000E+00  0.0000E+00
 1.6601E+02  0.0000E+00  0.0000E+00  0.0000E+00  0.0000E+00  0.0000E+00
 1.6728E+02  0.0000E+00  0.0000E+00  0.0000E+00  0.0000E+00  0.0000E+00
 1.6856E+02  0.0000E+00  0.0000E+00  0.0000E+00  0.0000E+00  0.0000E+00
 1.6985E+02  0.0000E+00  0.0000E+00  0.0000E+00  0.0000E+00  0.0000E+00
 1.7115E+02  0.0000E+00  0.0000E+00  0.0000E+00  0.0000E+00  0.0000E+00
 1.7246E+02  0.0000E+00  0.0000E+00  0.0000E+00  0.0000E+00  0.0000E+00
 1.7378E+02  0.0000E+00  0.0000E+00  0.0000E+00  0.0000E+00  0.0000E+00
 1.7511E+02  0.0000E+00  0.0000E+00  0.0000E+00  0.0000E+00  0.0000E+00
 1.7646E+02  0.0000E+00  0.0000E+00  0.0000E+00  0.0000E+00  0.0000E+00
 1.7781E+02  0.0000E+00  0.0000E+00  0.0000E+00  0.0000E+00  0.0000E+00
 1.7917E+02  0.0000E+00  0.0000E+00  0.0000E+00  0.0000E+00  0.0000E+00
 1.8054E+02  0.0000E+00  0.0000E+00  0.0000E+00  0.0000E+00  0.0000E+00
 1.8192E+02  0.0000E+00  0.0000E+00  0.0000E+00  0.0000E+00  0.0000E+00
 1.8332E+02  0.0000E+00  0.0000E+00  0.0000E+00  0.0000E+00  0.0000E+00
 1.8472E+02  0.0000E+00  0.0000E+00  0.0000E+00  0.0000E+00  0.0000E+00
 1.8614E+02  0.0000E+00  0.0000E+00  0.0000E+00  0.0000E+00  0.0000E+00
 1.8756E+02  0.0000E+00  0.0000E+00  0.0000E+00  0.0000E+00  0.0000E+00
 1.8900E+02  0.0000E+00  0.0000E+00  0.0000E+00  0.0000E+00  0.0000E+00
 1.9045E+02  0.0000E+00  0.0000E+00  0.0000E+00  0.0000E+00  0.0000E+00
 1.9190E+02  0.0000E+00  0.0000E+00  0.0000E+00  0.0000E+00  0.0000E+00
 1.9337E+02  0.0000E+00  0.0000E+00  0.0000E+00  0.0000E+00  0.0000E+00
 1.9485E+02  0.0000E+00  0.0000E+00  0.0000E+00  0.0000E+00  0.0000E+00
 1.9635E+02  0.0000E+00  0.0000E+00  0.0000E+00  0.0000E+00  0.0000E+00
 1.9785E+02  0.0000E+00  0.0000E+00  0.0000E+00  0.0000E+00  0.0000E+00
 1.9937E+02  0.0000E+00  0.0000E+00  0.0000E+00  0.0000E+00  0.0000E+00
 2.0089E+02  0.0000E+00  0.0000E+00  0.0000E+00  0.0000E+00  0.0000E+00
 2.0243E+02  0.0000E+00  0.0000E+00  0.0000E+00  0.0000E+00  0.0000E+00
 2.0398E+02  0.0000E+00  0.0000E+00  0.0000E+00  0.0000E+00  0.0000E+00
 2.0554E+02  0.0000E+00  0.0000E+00  0.0000E+00  0.0000E+00  0.0000E+00
 2.0712E+02  0.0000E+00  0.0000E+00  0.0000E+00  0.0000E+00  0.0000E+00
 2.0870E+02  0.0000E+00  0.0000E+00  0.0000E+00  0.0000E+00  0.0000E+00
 2.1030E+02  0.0000E+00  0.0000E+00  0.0000E+00  0.0000E+00  0.0000E+00
 2.1191E+02  0.0000E+00  0.0000E+00  0.0000E+00  0.0000E+00  0.0000E+00
 2.1354E+02  0.0000E+00  0.0000E+00  0.0000E+00  0.0000E+00  0.0000E+00
 2.1517E+02  0.0000E+00  0.0000E+00  0.0000E+00  0.0000E+00  0.0000E+00
 2.1682E+02  0.0000E+00  0.0000E+00  0.0000E+00  0.0000E+00  0.0000E+00
 2.1848E+02  0.0000E+00  0.0000E+00  0.0000E+00  0.0000E+00  0.0000E+00
 2.2015E+02  0.0000E+00  0.0000E+00  0.0000E+00  0.0000E+00  0.0000E+00
 2.2184E+02  0.0000E+00  0.0000E+00  0.0000E+00  0.0000E+00  0.0000E+00
 2.2354E+02  0.0000E+00  0.0000E+00  0.0000E+00  0.0000E+00  0.0000E+00
 2.2525E+02  0.0000E+00  0.0000E+00  0.0000E+00  0.0000E+00  0.0000E+00
 2.2697E+02  0.0000E+00  0.0000E+00  0.0000E+00  0.0000E+00  0.0000E+00
 2.2871E+02  0.0000E+00  0.0000E+00  0.0000E+00  0.0000E+00  0.0000E+00
 2.3046E+02  0.0000E+00  0.0000E+00  0.0000E+00  0.0000E+00  0.0000E+00
 2.3223E+02  0.0000E+00  0.0000E+00  0.0000E+00  0.0000E+00  0.0000E+00
 2.3401E+02  0.0000E+00  0.0000E+00  0.0000E+00  0.0000E+00  0.0000E+00
 2.3580E+02  0.0000E+00  0.0000E+00  0.0000E+00  0.0000E+00  0.0000E+00
 2.3761E+02  0.0000E+00  0.0000E+00  0.0000E+00  0.0000E+00  0.0000E+00
 2.3942E+02  0.0000E+00  0.0000E+00  0.0000E+00  0.0000E+00  0.0000E+00
 2.4126E+02  0.0000E+00  0.0000E+00  0.0000E+00  0.0000E+00  0.0000E+00
 2.4311E+02  0.0000E+00  0.0000E+00  0.0000E+00  0.0000E+00  0.0000E+00
 2.4497E+02  0.0000E+00  0.0000E+00  0.0000E+00  0.0000E+00  0.0000E+00
 2.4684E+02  0.0000E+00  0.0000E+00  0.0000E+00  0.0000E+00  0.0000E+00
 2.4873E+02  0.0000E+00  0.0000E+00  0.0000E+00  0.0000E+00  0.0000E+00
 2.5064E+02  0.0000E+00  0.0000E+00  0.0000E+00  0.0000E+00  0.0000E+00
 2.5256E+02  0.0000E+00  0.0000E+00  0.0000E+00  0.0000E+00  0.0000E+00
 2.5449E+02  0.0000E+00  0.0000E+00  0.0000E+00  0.0000E+00  0.0000E+00
 2.5644E+02  0.0000E+00  0.0000E+00  0.0000E+00  0.0000E+00  0.0000E+00
 2.5841E+02  0.0000E+00  0.0000E+00  0.0000E+00  0.0000E+00  0.0000E+00
 2.6038E+02  0.0000E+00  0.0000E+00  0.0000E+00  0.0000E+00  0.0000E+00
 2.6238E+02  0.0000E+00  0.0000E+00  0.0000E+00  0.0000E+00  0.0000E+00
 2.6439E+02  0.0000E+00  0.0000E+00  0.0000E+00  0.0000E+00  0.0000E+00
 2.6641E+02  0.0000E+00  0.0000E+00  0.0000E+00  0.0000E+00  0.0000E+00
 2.6845E+02  0.0000E+00  0.0000E+00  0.0000E+00  0.0000E+00  0.0000E+00
 2.7051E+02  0.0000E+00  0.0000E+00  0.0000E+00  0.0000E+00  0.0000E+00
 2.7258E+02  0.0000E+00  0.0000E+00  0.0000E+00  0.0000E+00  0.0000E+00
 2.7467E+02  0.0000E+00  0.0000E+00  0.0000E+00  0.0000E+00  0.0000E+00
 2.7677E+02  0.0000E+00  0.0000E+00  0.0000E+00  0.0000E+00  0.0000E+00
 2.7889E+02  0.0000E+00  0.0000E+00  0.0000E+00  0.0000E+00  0.0000E+00
 2.8103E+02  0.0000E+00  0.0000E+00  0.0000E+00  0.0000E+00  0.0000E+00
 2.8318E+02  0.0000E+00  0.0000E+00  0.0000E+00  0.0000E+00  0.0000E+00
 2.8535E+02  0.0000E+00  0.0000E+00  0.0000E+00  0.0000E+00  0.0000E+00
 2.8753E+02  0.0000E+00  0.0000E+00  0.0000E+00  0.0000E+00  0.0000E+00
 2.8974E+02  0.0000E+00  0.0000E+00  0.0000E+00  0.0000E+00  0.0000E+00
 2.9195E+02  0.0000E+00  0.0000E+00  0.0000E+00  0.0000E+00  0.0000E+00
 2.9419E+02  0.0000E+00  0.0000E+00  0.0000E+00  0.0000E+00  0.0000E+00
 2.9644E+02  0.0000E+00  0.0000E+00  0.0000E+00  0.0000E+00  0.0000E+00
 2.9871E+02  0.0000E+00  0.0000E+00  0.0000E+00  0.0000E+00  0.0000E+00
 3.0100E+02  0.0000E+00  0.0000E+00  0.0000E+00  0.0000E+00  0.0000E+00
 3.0331E+02  0.0000E+00  0.0000E+00  0.0000E+00  0.0000E+00  0.0000E+00
 3.0563E+02  0.0000E+00  0.0000E+00  0.0000E+00  0.0000E+00  0.0000E+00
 3.0797E+02  0.0000E+00  0.0000E+00  0.0000E+00  0.0000E+00  0.0000E+00
 3.1033E+02  0.0000E+00  0.0000E+00  0.0000E+00  0.0000E+00  0.0000E+00
 3.1271E+02  0.0000E+00  0.0000E+00  0.0000E+00  0.0000E+00  0.0000E+00
 3.1510E+02  0.0000E+00  0.0000E+00  0.0000E+00  0.0000E+00  0.0000E+00
 3.1751E+02  0.0000E+00  0.0000E+00  0.0000E+00  0.0000E+00  0.0000E+00
 3.1994E+02  0.0000E+00  0.0000E+00  0.0000E+00  0.0000E+00  0.0000E+00
 3.2240E+02  0.0000E+00  0.0000E+00  0.0000E+00  0.0000E+00  0.0000E+00
 3.2486E+02  0.0000E+00  0.0000E+00  0.0000E+00  0.0000E+00  0.0000E+00
 3.2735E+02  0.0000E+00  0.0000E+00  0.0000E+00  0.0000E+00  0.0000E+00
 3.2986E+02  0.0000E+00  0.0000E+00  0.0000E+00  0.0000E+00  0.0000E+00
 3.3239E+02  0.0000E+00  0.0000E+00  0.0000E+00  0.0000E+00  0.0000E+00
 3.3493E+02  0.0000E+00  0.0000E+00  0.0000E+00  0.0000E+00  0.0000E+00
 3.3750E+02  0.0000E+00  0.0000E+00  0.0000E+00  0.0000E+00  0.0000E+00
 3.4008E+02  0.0000E+00  0.0000E+00  0.0000E+00  0.0000E+00  0.0000E+00
 3.4268E+02  0.0000E+00  0.0000E+00  0.0000E+00  0.0000E+00  0.0000E+00
 3.4531E+02  0.0000E+00  0.0000E+00  0.0000E+00  0.0000E+00  0.0000E+00
 3.4795E+02  0.0000E+00  0.0000E+00  0.0000E+00  0.0000E+00  0.0000E+00
 3.5062E+02  0.0000E+00  0.0000E+00  0.0000E+00  0.0000E+00  0.0000E+00
 3.5330E+02  0.0000E+00  0.0000E+00  0.0000E+00  0.0000E+00  0.0000E+00
 3.5601E+02  0.0000E+00  0.0000E+00  0.0000E+00  0.0000E+00  0.0000E+00
 3.5874E+02  0.0000E+00  0.0000E+00  0.0000E+00  0.0000E+00  0.0000E+00
 3.6148E+02  0.0000E+00  0.0000E+00  0.0000E+00  0.0000E+00  0.0000E+00
 3.6425E+02  0.0000E+00  0.0000E+00  0.0000E+00  0.0000E+00  0.0000E+00
 3.6704E+02  0.0000E+00  0.0000E+00  0.0000E+00  0.0000E+00  0.0000E+00
 3.6985E+02  0.0000E+00  0.0000E+00  0.0000E+00  0.0000E+00  0.0000E+00
 3.7268E+02  0.0000E+00  0.0000E+00  0.0000E+00  0.0000E+00  0.0000E+00
 3.7554E+02  0.0000E+00  0.0000E+00  0.0000E+00  0.0000E+00  0.0000E+00
 3.7841E+02  0.0000E+00  0.0000E+00  0.0000E+00  0.0000E+00  0.0000E+00
 3.8131E+02  0.0000E+00  0.0000E+00  0.0000E+00  0.0000E+00  0.0000E+00
 3.8423E+02  0.0000E+00  0.0000E+00  0.0000E+00  0.0000E+00  0.0000E+00
 3.8718E+02  0.0000E+00  0.0000E+00  0.0000E+00  0.0000E+00  0.0000E+00
 3.9014E+02  0.0000E+00  0.0000E+00  0.0000E+00  0.0000E+00  0.0000E+00
 3.9313E+02  0.0000E+00  0.0000E+00  0.0000E+00  0.0000E+00  0.0000E+00
 3.9614E+02  0.0000E+00  0.0000E+00  0.0000E+00  0.0000E+00  0.0000E+00
 3.9917E+02  0.0000E+00  0.0000E+00  0.0000E+00  0.0000E+00  0.0000E+00
 4.0223E+02  0.0000E+00  0.0000E+00  0.0000E+00  0.0000E+00  0.0000E+00
 4.0531E+02  0.0000E+00  0.0000E+00  0.0000E+00  0.0000E+00  0.0000E+00
 4.0841E+02  0.0000E+00  0.0000E+00  0.0000E+00  0.0000E+00  0.0000E+00
 4.1154E+02  0.0000E+00  0.0000E+00  0.0000E+00  0.0000E+00  0.0000E+00
 4.1469E+02  0.0000E+00  0.0000E+00  0.0000E+00  0.0000E+00  0.0000E+00
 4.1787E+02  0.0000E+00  0.0000E+00  0.0000E+00  0.0000E+00  0.0000E+00
 4.2107E+02  0.0000E+00  0.0000E+00  0.0000E+00  0.0000E+00  0.0000E+00
 4.2429E+02  0.0000E+00  0.0000E+00  0.0000E+00  0.0000E+00  0.0000E+00
 4.2754E+02  0.0000E+00  0.0000E+00  0.0000E+00  0.0000E+00  0.0000E+00
 4.3082E+02  0.0000E+00  0.0000E+00  0.0000E+00  0.0000E+00  0.0000E+00
 4.3412E+02  0.0000E+00  0.0000E+00  0.0000E+00  0.0000E+00  0.0000E+00
 4.3744E+02  0.0000E+00  0.0000E+00  0.0000E+00  0.0000E+00  0.0000E+00
 4.4079E+02  0.0000E+00  0.0000E+00  0.0000E+00  0.0000E+00  0.0000E+00
 4.4417E+02  0.0000E+00  0.0000E+00  0.0000E+00  0.0000E+00  0.0000E+00
 4.4757E+02  0.0000E+00  0.0000E+00  0.0000E+00  0.0000E+00  0.0000E+00
 4.5100E+02  0.0000E+00  0.0000E+00  0.0000E+00  0.0000E+00  0.0000E+00
 4.5445E+02  0.0000E+00  0.0000E+00  0.0000E+00  0.0000E+00  0.0000E+00
 4.5793E+02  0.0000E+00  0.0000E+00  0.0000E+00  0.0000E+00  0.0000E+00
 4.6144E+02  0.0000E+00  0.0000E+00  0.0000E+00  0.0000E+00  0.0000E+00
 4.6497E+02  0.0000E+00  0.0000E+00  0.0000E+00  0.0000E+00  0.0000E+00
 4.6853E+02  0.0000E+00  0.0000E+00  0.0000E+00  0.0000E+00  0.0000E+00
 4.7212E+02  0.0000E+00  0.0000E+00  0.0000E+00  0.0000E+00  0.0000E+00
 4.7574E+02  0.0000E+00  0.0000E+00  0.0000E+00  0.0000E+00  0.0000E+00
 4.7938E+02  0.0000E+00  0.0000E+00  0.0000E+00  0.0000E+00  0.0000E+00
 4.8305E+02  0.0000E+00  0.0000E+00  0.0000E+00  0.0000E+00  0.0000E+00
 4.8675E+02  0.0000E+00  0.0000E+00  0.0000E+00  0.0000E+00  0.0000E+00
 4.9048E+02  0.0000E+00  0.0000E+00  0.0000E+00  0.0000E+00  0.0000E+00
 4.9424E+02  0.0000E+00  0.0000E+00  0.0000E+00  0.0000E+00  0.0000E+00
 4.9802E+02  0.0000E+00  0.0000E+00  0.0000E+00  0.0000E+00  0.0000E+00
 5.0183E+02  0.0000E+00  0.0000E+00  0.0000E+00  0.0000E+00  0.0000E+00
 5.0568E+02  0.0000E+00  0.0000E+00  0.0000E+00  0.0000E+00  0.0000E+00
 5.0955E+02  0.0000E+00  0.0000E+00  0.0000E+00  0.0000E+00  0.0000E+00
 5.1345E+02  0.0000E+00  0.0000E+00  0.0000E+00  0.0000E+00  0.0000E+00
 5.1738E+02  0.0000E+00  0.0000E+00  0.0000E+00  0.0000E+00  0.0000E+00
 5.2135E+02  0.0000E+00  0.0000E+00  0.0000E+00  0.0000E+00  0.0000E+00
 5.2534E+02  0.0000E+00  0.0000E+00  0.0000E+00  0.0000E+00  0.0000E+00
 5.2936E+02  0.0000E+00  0.0000E+00  0.0000E+00  0.0000E+00  0.0000E+00
 5.3342E+02  0.0000E+00  0.0000E+00  0.0000E+00  0.0000E+00  0.0000E+00
 5.3750E+02  0.0000E+00  0.0000E+00  0.0000E+00  0.0000E+00  0.0000E+00
 5.4162E+02  0.0000E+00  0.0000E+00  0.0000E+00  0.0000E+00  0.0000E+00
 5.4577E+02  0.0000E+00  0.0000E+00  0.0000E+00  0.0000E+00  0.0000E+00
 5.4995E+02  0.0000E+00  0.0000E+00  0.0000E+00  0.0000E+00  0.0000E+00
 5.5416E+02  0.0000E+00  0.0000E+00  0.0000E+00  0.0000E+00  0.0000E+00
 5.5840E+02  0.0000E+00  0.0000E+00  0.0000E+00  0.0000E+00  0.0000E+00
 5.6268E+02  0.0000E+00  0.0000E+00  0.0000E+00  0.0000E+00  0.0000E+00
 5.6699E+02  0.0000E+00  0.0000E+00  0.0000E+00  0.0000E+00  0.0000E+00
 5.7133E+02  0.0000E+00  0.0000E+00  0.0000E+00  0.0000E+00  0.0000E+00
 5.7571E+02  0.0000E+00  0.0000E+00  0.0000E+00  0.0000E+00  0.0000E+00
 5.8011E+02  0.0000E+00  0.0000E+00  0.0000E+00  0.0000E+00  0.0000E+00
 5.8456E+02  0.0000E+00  0.0000E+00  0.0000E+00  0.0000E+00  0.0000E+00
 5.8903E+02  5.8603E-03  5.9507E-01 -4.0630E-02 -8.2561E+00  1.0000E+00
 5.9354E+02  5.8983E-03  5.9438E-01 -4.0378E-02 -8.1425E+00  1.0000E+00
 5.9809E+02  5.9367E-03  5.9370E-01 -4.0126E-02 -8.0301E+00  1.0000E+00
 6.0267E+02  5.9753E-03  5.9302E-01 -3.9873E-02 -7.9190E+00  1.0000E+00
 6.0729E+02  6.0143E-03  5.9235E-01 -3.9621E-02 -7.8091E+00  1.0000E+00
 6.1194E+02  6.0535E-03  5.9168E-01 -3.9369E-02 -7.7004E+00  1.0000E+00
 6.1662E+02  6.0931E-03  5.9101E-01 -3.9117E-02 -7.5929E+00  1.0000E+00
 6.2135E+02  6.1329E-03  5.9036E-01 -3.8865E-02 -7.4866E+00  1.0000E+00
 6.2610E+02  6.1732E-03  5.8971E-01 -3.8612E-02 -7.3815E+00  1.0000E+00
 6.3090E+02  6.2138E-03  5.8908E-01 -3.8360E-02 -7.2775E+00  1.0000E+00
 6.3573E+02  6.2548E-03  5.8846E-01 -3.8108E-02 -7.1747E+00  1.0000E+00
 6.4060E+02  6.2963E-03  5.8785E-01 -3.7856E-02 -7.0731E+00  1.0000E+00
 6.4551E+02  6.3381E-03  5.8726E-01 -3.7603E-02 -6.9726E+00  1.0000E+00
 6.5045E+02  6.3804E-03  5.8668E-01 -3.7351E-02 -6.8732E+00  1.0000E+00
 6.5543E+02  6.4231E-03  5.8611E-01 -3.7099E-02 -6.7749E+00  1.0000E+00
 6.6045E+02  6.4662E-03  5.8556E-01 -3.6847E-02 -6.6776E+00  1.0000E+00
 6.6551E+02  6.5097E-03  5.8502E-01 -3.6594E-02 -6.5815E+00  1.0000E+00
 6.7060E+02  6.5536E-03  5.8449E-01 -3.6342E-02 -6.4865E+00  1.0000E+00
 6.7574E+02  6.5980E-03  5.8397E-01 -3.6090E-02 -6.3925E+00  1.0000E+00
 6.8092E+02  6.6428E-03  5.8346E-01 -3.5838E-02 -6.2996E+00  1.0000E+00
 6.8613E+02  6.6881E-03  5.8297E-01 -3.5585E-02 -6.2077E+00  1.0000E+00
 6.9138E+02  6.7338E-03  5.8249E-01 -3.5333E-02 -6.1169E+00  1.0000E+00
 6.9668E+02  6.7799E-03  5.8202E-01 -3.5081E-02 -6.0270E+00  1.0000E+00
 7.0201E+02  6.8265E-03  5.8156E-01 -3.4829E-02 -5.9382E+00  1.0000E+00
 7.0739E+02  6.8736E-03  5.8112E-01 -3.4576E-02 -5.8504E+00  1.0000E+00
 7.1281E+02  6.9211E-03  5.8069E-01 -3.4324E-02 -5.7636E+00  1.0000E+00
 7.1827E+02  6.9690E-03  5.8026E-01 -3.4072E-02 -5.6777E+00  1.0000E+00
 7.2377E+02  7.0175E-03  5.7985E-01 -3.3820E-02 -5.5929E+00  1.0000E+00
 7.2931E+02  7.0664E-03  5.7945E-01 -3.3567E-02 -5.5090E+00  1.0000E+00
 7.3490E+02  7.1158E-03  5.7906E-01 -3.3315E-02 -5.4260E+00  1.0000E+00
 7.4052E+02  7.1656E-03  5.7869E-01 -3.3063E-02 -5.3440E+00  1.0000E+00
 7.4620E+02  7.2160E-03  5.7832E-01 -3.2811E-02 -5.2629E+00  1.0000E+00
 7.5191E+02  7.2668E-03  5.7797E-01 -3.2558E-02 -5.1828E+00  1.0000E+00
 7.5767E+02  7.3181E-03  5.7762E-01 -3.2306E-02 -5.1035E+00  1.0000E+00
 7.6347E+02  7.3700E-03  5.7729E-01 -3.2054E-02 -5.0252E+00  1.0000E+00
 7.6932E+02  7.4223E-03  5.7696E-01 -3.1802E-02 -4.9478E+00  1.0000E+00
 7.7521E+02  7.4751E-03  5.7665E-01 -3.1549E-02 -4.8712E+00  1.0000E+00
 7.8115E+02  7.5284E-03  5.7635E-01 -3.1297E-02 -4.7955E+00  1.0000E+00
 7.8713E+02  7.5823E-03  5.7605E-01 -3.1045E-02 -4.7207E+00  1.0000E+00
 7.9316E+02  7.6366E-03  5.7577E-01 -3.0792E-02 -4.6468E+00  1.0000E+00
 7.9923E+02  7.6915E-03  5.7550E-01 -3.0540E-02 -4.5737E+00  1.0000E+00
 8.0535E+02  7.7469E-03  5.7524E-01 -3.0288E-02 -4.5014E+00  1.0000E+00
 8.1152E+02  7.8029E-03  5.7498E-01 -3.0036E-02 -4.4300E+00  1.0000E+00
 8.1774E+02  7.8594E-03  5.7474E-01 -2.9783E-02 -4.3594E+00  1.0000E+00
 8.2400E+02  7.9164E-03  5.7451E-01 -2.9531E-02 -4.2896E+00  1.0000E+00
 8.3031E+02  7.9739E-03  5.7428E-01 -2.9279E-02 -4.2207E+00  1.0000E+00
 8.3667E+02  8.0321E-03  5.7407E-01 -2.9026E-02 -4.1525E+00  1.0000E+00
 8.4307E+02  8.0907E-03  5.7386E-01 -2.8774E-02 -4.0851E+00  1.0000E+00
 8.4953E+02  8.1499E-03  5.7366E-01 -2.8522E-02 -4.0185E+00  1.0000E+00
 8.5604E+02  8.2097E-03  5.7348E-01 -2.8270E-02 -3.9527E+00  1.0000E+00
 8.6259E+02  8.2701E-03  5.7330E-01 -2.8017E-02 -3.8876E+00  1.0000E+00
 8.6920E+02  8.3310E-03  5.7313E-01 -2.7765E-02 -3.8234E+00  1.0000E+00
 8.7586E+02  8.3925E-03  5.7297E-01 -2.7513E-02 -3.7598E+00  1.0000E+00
 8.8256E+02  8.4546E-03  5.7282E-01 -2.7260E-02 -3.6970E+00  1.0000E+00
 8.8932E+02  8.5173E-03  5.7267E-01 -2.7008E-02 -3.6350E+00  1.0000E+00
 8.9613E+02  8.5805E-03  5.7254E-01 -2.6756E-02 -3.5736E+00  1.0000E+00
 9.0300E+02  8.6444E-03  5.7241E-01 -2.6503E-02 -3.5130E+00  1.0000E+00
 9.0991E+02  8.7088E-03  5.7229E-01 -2.6251E-02 -3.4532E+00  1.0000E+00
 9.1688E+02  8.7739E-03  5.7218E-01 -2.5999E-02 -3.3940E+00  1.0000E+00
 9.2390E+02  8.8396E-03  5.7208E-01 -2.5746E-02 -3.3355E+00  1.0000E+00
 9.3098E+02  8.9058E-03  5.7198E-01 -2.5494E-02 -3.2777E+00  1.0000E+00
 9.3811E+02  8.9727E-03  5.7190E-01 -2.5242E-02 -3.2206E+00  1.0000E+00
 9.4529E+02  9.0403E-03  5.7182E-01 -2.4990E-02 -3.1642E+00  1.0000E+00
 9.5253E+02  9.1084E-03  5.7175E-01 -2.4737E-02 -3.1084E+00  1.0000E+00
 9.5983E+02  9.1772E-03  5.7168E-01 -2.4485E-02 -3.0533E+00  1.0000E+00
 9.6718E+02  9.2467E-03  5.7163E-01 -2.4232E-02 -2.9989E+00  1.0000E+00
 9.7458E+02  9.3167E-03  5.7158E-01 -2.3980E-02 -2.9451E+00  1.0000E+00
 9.8205E+02  9.3875E-03  5.7153E-01 -2.3728E-02 -2.8920E+00  1.0000E+00
 9.8957E+02  9.4589E-03  5.7150E-01 -2.3475E-02 -2.8394E+00  1.0000E+00
 9.9715E+02  9.5309E-03  5.7147E-01 -2.3223E-02 -2.7876E+00  1.0000E+00
 1.0048E+03  9.6036E-03  5.7145E-01 -2.2971E-02 -2.7363E+00  1.0000E+00
 1.0125E+03  9.6770E-03  5.7144E-01 -2.2718E-02 -2.6857E+00  1.0000E+00
 1.0202E+03  9.7510E-03  5.7143E-01 -2.2466E-02 -2.6357E+00  1.0000E+00
 1.0280E+03  9.8258E-03  5.7143E-01 -2.2214E-02 -2.5863E+00  1.0000E+00
 1.0359E+03  9.9012E-03  5.7143E-01 -2.1961E-02 -2.5374E+00  1.0000E+00
 1.0439E+03  9.9773E-03  5.7145E-01 -2.1709E-02 -2.4892E+00  1.0000E+00
 1.0518E+03  1.0054E-02  5.7146E-01 -2.1456E-02 -2.4416E+00  1.0000E+00
 1.0599E+03  1.0132E-02  5.7149E-01 -2.1204E-02 -2.3945E+00  1.0000E+00
 1.0680E+03  1.0210E-02  5.7152E-01 -2.0952E-02 -2.3480E+00  1.0000E+00
 1.0762E+03  1.0289E-02  5.7155E-01 -2.0699E-02 -2.3021E+00  1.0000E+00
 1.0844E+03  1.0368E-02  5.7160E-01 -2.0447E-02 -2.2568E+00  1.0000E+00
 1.0927E+03  1.0449E-02  5.7164E-01 -2.0194E-02 -2.2120E+00  1.0000E+00
 1.1011E+03  1.0530E-02  5.7170E-01 -1.9942E-02 -2.1677E+00  1.0000E+00
 1.1095E+03  1.0612E-02  5.7176E-01 -1.9690E-02 -2.1240E+00  1.0000E+00
 1.1180E+03  1.0694E-02  5.7182E-01 -1.9437E-02 -2.0808E+00  1.0000E+00
 1.1266E+03  1.0778E-02  5.7189E-01 -1.9185E-02 -2.0382E+00  1.0000E+00
 1.1352E+03  1.0862E-02  5.7196E-01 -1.8932E-02 -1.9961E+00  1.0000E+00
 1.1439E+03  1.0946E-02  5.7204E-01 -1.8680E-02 -1.9545E+00  1.0000E+00
 1.1527E+03  1.1032E-02  5.7212E-01 -1.8427E-02 -1.9134E+00  1.0000E+00
 1.1615E+03  1.1118E-02  5.7219E-01 -1.8175E-02 -1.8729E+00  1.0000E+00
 1.1704E+03  1.1205E-02  5.7227E-01 -1.7922E-02 -1.8328E+00  1.0000E+00
 1.1794E+03  1.1292E-02  5.7235E-01 -1.7670E-02 -1.7933E+00  1.0000E+00
 1.1884E+03  1.1380E-02  5.7243E-01 -1.7417E-02 -1.7542E+00  1.0000E+00
 1.1975E+03  1.1469E-02  5.7251E-01 -1.7165E-02 -1.7157E+00  1.0000E+00
 1.2067E+03  1.1559E-02  5.7260E-01 -1.6912E-02 -1.6776E+00  1.0000E+00
 1.2159E+03  1.1649E-02  5.7268E-01 -1.6660E-02 -1.6400E+00  1.0000E+00
 1.2252E+03  1.1740E-02  5.7276E-01 -1.6407E-02 -1.6028E+00  1.0000E+00
 1.2346E+03  1.1832E-02  5.7284E-01 -1.6155E-02 -1.5662E+00  1.0000E+00
 1.2441E+03  1.1924E-02  5.7292E-01 -1.5902E-02 -1.5300E+00  1.0000E+00
 1.2536E+03  1.2017E-02  5.7301E-01 -1.5650E-02 -1.4942E+00  1.0000E+00
 1.2632E+03  1.2111E-02  5.7309E-01 -1.5397E-02 -1.4589E+00  1.0000E+00
 1.2729E+03  1.2206E-02  5.7317E-01 -1.5145E-02 -1.4241E+00  1.0000E+00
 1.2826E+03  1.2301E-02  5.7324E-01 -1.4892E-02 -1.3897E+00  1.0000E+00
 1.2924E+03  1.2397E-02  5.7332E-01 -1.4640E-02 -1.3558E+00  1.0000E+00
 1.3023E+03  1.2494E-02  5.7339E-01 -1.4387E-02 -1.3222E+00  1.0000E+00
 1.3123E+03  1.2591E-02  5.7347E-01 -1.4134E-02 -1.2892E+00  1.0000E+00
 1.3224E+03  1.2689E-02  5.7354E-01 -1.3882E-02 -1.2565E+00  1.0000E+00
 1.3325E+03  1.2788E-02  5.7361E-01 -1.3629E-02 -1.2243E+00  1.0000E+00
 1.3427E+03  1.2888E-02  5.7367E-01 -1.3377E-02 -1.1924E+00  1.0000E+00
 1.3530E+03  1.2988E-02  5.7374E-01 -1.3124E-02 -1.1610E+00  1.0000E+00
 1.3633E+03  1.3089E-02  5.7380E-01 -1.2871E-02 -1.1300E+00  1.0000E+00
 1.3738E+03  1.3191E-02  5.7386E-01 -1.2619E-02 -1.0994E+00  1.0000E+00
 1.3843E+03  1.3293E-02  5.7391E-01 -1.2366E-02 -1.0692E+00  1.0000E+00
 1.3949E+03  1.3396E-02  5.7396E-01 -1.2114E-02 -1.0394E+00  1.0000E+00
 1.4056E+03  1.3500E-02  5.7401E-01 -1.1861E-02 -1.0100E+00  1.0000E+00
 1.4164E+03  1.3604E-02  5.7405E-01 -1.1608E-02 -9.8098E-01  1.0000E+00
 1.4272E+03  1.3710E-02  5.7409E-01 -1.1356E-02 -9.5234E-01  1.0000E+00
 1.4381E+03  1.3816E-02  5.7412E-01 -1.1103E-02 -9.2407E-01  1.0000E+00
 1.4491E+03  1.3922E-02  5.7415E-01 -1.0850E-02 -8.9617E-01  1.0000E+00
 1.4602E+03  1.4030E-02  5.7418E-01 -1.0597E-02 -8.6865E-01  1.0000E+00
 1.4714E+03  1.4138E-02  5.7420E-01 -1.0345E-02 -8.4149E-01  1.0000E+00
 1.4827E+03  1.4247E-02  5.7421E-01 -1.0092E-02 -8.1469E-01  1.0000E+00
 1.4940E+03  1.4356E-02  5.7422E-01 -9.8393E-03 -7.8825E-01  1.0000E+00
 1.5055E+03  1.4466E-02  5.7422E-01 -9.5865E-03 -7.6217E-01  1.0000E+00
 1.5170E+03  1.4577E-02  5.7422E-01 -9.3338E-03 -7.3643E-01  1.0000E+00
 1.5286E+03  1.4689E-02  5.7421E-01 -9.0810E-03 -7.1104E-01  1.0000E+00
 1.5403E+03  1.4801E-02  5.7419E-01 -8.8282E-03 -6.8600E-01  1.0000E+00
 1.5521E+03  1.4914E-02  5.7417E-01 -8.5754E-03 -6.6129E-01  1.0000E+00
 1.5640E+03  1.5027E-02  5.7414E-01 -8.3226E-03 -6.3692E-01  1.0000E+00
 1.5760E+03  1.5142E-02  5.7411E-01 -8.0698E-03 -6.1287E-01  1.0000E+00
 1.5881E+03  1.5257E-02  5.7406E-01 -7.8170E-03 -5.8916E-01  1.0000E+00
 1.6002E+03  1.5372E-02  5.7401E-01 -7.5641E-03 -5.6577E-01  1.0000E+00
 1.6125E+03  1.5489E-02  5.7395E-01 -7.3113E-03 -5.4270E-01  1.0000E+00
 1.6248E+03  1.5606E-02  5.7389E-01 -7.0584E-03 -5.1995E-01  1.0000E+00
 1.6373E+03  1.5723E-02  5.7381E-01 -6.8055E-03 -4.9751E-01  1.0000E+00
 1.6498E+03  1.5842E-02  5.7373E-01 -6.5526E-03 -4.7538E-01  1.0000E+00
 1.6625E+03  1.5961E-02  5.7364E-01 -6.2997E-03 -4.5356E-01  1.0000E+00
 1.6752E+03  1.6080E-02  5.7353E-01 -6.0468E-03 -4.3204E-01  1.0000E+00
 1.6880E+03  1.6200E-02  5.7342E-01 -5.7939E-03 -4.1083E-01  1.0000E+00
 1.7009E+03  1.6321E-02  5.7331E-01 -5.5409E-03 -3.8990E-01  1.0000E+00
 1.7140E+03  1.6443E-02  5.7318E-01 -5.2880E-03 -3.6928E-01  1.0000E+00
 1.7271E+03  1.6565E-02  5.7304E-01 -5.0350E-03 -3.4894E-01  1.0000E+00
 1.7403E+03  1.6688E-02  5.7289E-01 -4.7820E-03 -3.2889E-01  1.0000E+00
 1.7537E+03  1.6811E-02  5.7273E-01 -4.5290E-03 -3.0912E-01  1.0000E+00
 1.7671E+03  1.6935E-02  5.7256E-01 -4.2760E-03 -2.8963E-01  1.0000E+00
 1.7806E+03  1.7060E-02  5.7238E-01 -4.0229E-03 -2.7042E-01  1.0000E+00
 1.7943E+03  1.7185E-02  5.7219E-01 -3.7699E-03 -2.5148E-01  1.0000E+00
 1.8080E+03  1.7311E-02  5.7199E-01 -3.5168E-03 -2.3282E-01  1.0000E+00
 1.8218E+03  1.7437E-02  5.7178E-01 -3.2637E-03 -2.1442E-01  1.0000E+00
 1.8358E+03  1.7564E-02  5.7155E-01 -3.0107E-03 -1.9629E-01  1.0000E+00
 1.8499E+03  1.7691E-02  5.7132E-01 -2.7575E-03 -1.7842E-01  1.0000E+00
 1.8640E+03  1.7819E-02  5.7107E-01 -2.5044E-03 -1.6081E-01  1.0000E+00
 1.8783E+03  1.7948E-02  5.7081E-01 -2.2513E-03 -1.4346E-01  1.0000E+00
 1.8927E+03  1.8077E-02  5.7054E-01 -1.9981E-03 -1.2636E-01  1.0000E+00
 1.9072E+03  1.8206E-02  5.7025E-01 -1.7449E-03 -1.0951E-01  1.0000E+00
 1.9218E+03  1.8337E-02  5.6995E-01 -1.4917E-03 -9.2907E-02  1.0000E+00
 1.9365E+03  1.8467E-02  5.6964E-01 -1.2385E-03 -7.6550E-02  1.0000E+00
 1.9513E+03  1.8598E-02  5.6932E-01 -9.8527E-04 -6.0435E-02  1.0000E+00
 1.9663E+03  1.8730E-02  5.6899E-01 -7.3202E-04 -4.4560E-02  1.0000E+00
 1.9813E+03  1.8862E-02  5.6864E-01 -4.7875E-04 -2.8921E-02  1.0000E+00
 1.9965E+03  1.8995E-02  5.6828E-01 -2.2546E-04 -1.3517E-02  1.0000E+00
 2.0118E+03  1.9128E-02  5.6791E-01  2.7848E-05  1.6568E-03  1.0000E+00
 2.0272E+03  1.9262E-02  5.6753E-01  2.8118E-04  1.6601E-02  1.0000E+00
 2.0427E+03  1.9396E-02  5.6714E-01  5.3452E-04  3.1320E-02  1.0000E+00
 2.0584E+03  1.9531E-02  5.6673E-01  7.8789E-04  4.5815E-02  1.0000E+00
 2.0741E+03  1.9667E-02  5.6631E-01  1.0413E-03  6.0089E-02  1.0000E+00
 2.0900E+03  1.9803E-02  5.6588E-01  1.2947E-03  7.4144E-02  1.0000E+00
 2.1060E+03  1.9939E-02  5.6544E-01  1.5481E-03  8.7984E-02  1.0000E+00
 2.1222E+03  2.0076E-02  5.6499E-01  1.8016E-03  1.0161E-01  1.0000E+00
 2.1384E+03  2.0213E-02  5.6453E-01  2.0550E-03  1.1503E-01  1.0000E+00
 2.1548E+03  2.0352E-02  5.6405E-01  2.3085E-03  1.2823E-01  1.0000E+00
 2.1713E+03  2.0490E-02  5.6357E-01  2.5620E-03  1.4123E-01  1.0000E+00
 2.1879E+03  2.0629E-02  5.6307E-01  2.8156E-03  1.5403E-01  1.0000E+00
 2.2047E+03  2.0769E-02  5.6256E-01  3.0691E-03  1.6662E-01  1.0000E+00
 2.2216E+03  2.0909E-02  5.6205E-01  3.3227E-03  1.7902E-01  1.0000E+00
 2.2386E+03  2.1049E-02  5.6152E-01  3.5763E-03  1.9122E-01  1.0000E+00
 2.2557E+03  2.1190E-02  5.6097E-01  3.8299E-03  2.0322E-01  1.0000E+00
 2.2730E+03  2.1332E-02  5.6042E-01  4.0836E-03  2.1504E-01  1.0000E+00
 2.2904E+03  2.1474E-02  5.5986E-01  4.3372E-03  2.2666E-01  1.0000E+00
 2.3079E+03  2.1617E-02  5.5929E-01  4.5909E-03  2.3809E-01  1.0000E+00
 2.3256E+03  2.1760E-02  5.5870E-01  4.8447E-03  2.4934E-01  1.0000E+00
 2.3434E+03  2.1904E-02  5.5811E-01  5.0984E-03  2.6041E-01  1.0000E+00
 2.3614E+03  2.2048E-02  5.5750E-01  5.3522E-03  2.7129E-01  1.0000E+00
 2.3794E+03  2.2193E-02  5.5689E-01  5.6060E-03  2.8199E-01  1.0000E+00
 2.3977E+03  2.2338E-02  5.5626E-01  5.8598E-03  2.9252E-01  1.0000E+00
 2.4160E+03  2.2484E-02  5.5562E-01  6.1136E-03  3.0287E-01  1.0000E+00
 2.4345E+03  2.2630E-02  5.5498E-01  6.3675E-03  3.1305E-01  1.0000E+00
 2.4532E+03  2.2777E-02  5.5432E-01  6.6214E-03  3.2306E-01  1.0000E+00
 2.4720E+03  2.2924E-02  5.5365E-01  6.8753E-03  3.3290E-01  1.0000E+00
 2.4909E+03  2.3071E-02  5.5297E-01  7.1293E-03  3.4258E-01  1.0000E+00
 2.5100E+03  2.3220E-02  5.5229E-01  7.3833E-03  3.5208E-01  1.0000E+00
 2.5292E+03  2.3368E-02  5.5159E-01  7.6373E-03  3.6143E-01  1.0000E+00
 2.5486E+03  2.3518E-02  5.5088E-01  7.8913E-03  3.7061E-01  1.0000E+00
 2.5681E+03  2.3667E-02  5.5017E-01  8.1454E-03  3.7964E-01  1.0000E+00
 2.5878E+03  2.3818E-02  5.4944E-01  8.3995E-03  3.8851E-01  1.0000E+00
 2.6076E+03  2.3968E-02  5.4870E-01  8.6536E-03  3.9722E-01  1.0000E+00
 2.6275E+03  2.4120E-02  5.4796E-01  8.9078E-03  4.0578E-01  1.0000E+00
 2.6477E+03  2.4271E-02  5.4720E-01  9.1620E-03  4.1418E-01  1.0000E+00
 2.6679E+03  2.4423E-02  5.4644E-01  9.4162E-03  4.2244E-01  1.0000E+00
 2.6884E+03  2.4576E-02  5.4566E-01  9.6705E-03  4.3055E-01  1.0000E+00
 2.7090E+03  2.4729E-02  5.4488E-01  9.9247E-03  4.3851E-01  1.0000E+00
 2.7297E+03  2.4883E-02  5.4409E-01  1.0179E-02  4.4633E-01  1.0000E+00
 2.7506E+03  2.5037E-02  5.4329E-01  1.0433E-02  4.5401E-01  1.0000E+00
 2.7717E+03  2.5192E-02  5.4248E-01  1.0688E-02  4.6154E-01  1.0000E+00
 2.7929E+03  2.5347E-02  5.4166E-01  1.0942E-02  4.6894E-01  1.0000E+00
 2.8143E+03  2.5502E-02  5.4083E-01  1.1197E-02  4.7619E-01  1.0000E+00
 2.8358E+03  2.5659E-02  5.3999E-01  1.1451E-02  4.8332E-01  1.0000E+00
 2.8576E+03  2.5815E-02  5.3915E-01  1.1706E-02  4.9030E-01  1.0000E+00
 2.8794E+03  2.5972E-02  5.3829E-01  1.1960E-02  4.9716E-01  1.0000E+00
 2.9015E+03  2.6130E-02  5.3743E-01  1.2215E-02  5.0388E-01  1.0000E+00
 2.9237E+03  2.6288E-02  5.3656E-01  1.2469E-02  5.1048E-01  1.0000E+00
 2.9461E+03  2.6446E-02  5.3568E-01  1.2724E-02  5.1694E-01  1.0000E+00
 2.9687E+03  2.6605E-02  5.3480E-01  1.2979E-02  5.2328E-01  1.0000E+00
 2.9914E+03  2.6765E-02  5.3390E-01  1.3233E-02  5.2950E-01  1.0000E+00
 3.0143E+03  2.6925E-02  5.3300E-01  1.3488E-02  5.3559E-01  1.0000E+00
 3.0374E+03  2.7085E-02  5.3209E-01  1.3743E-02  5.4156E-01  1.0000E+00
 3.0607E+03  2.7246E-02  5.3117E-01  1.3998E-02  5.4741E-01  1.0000E+00
 3.0841E+03  2.7407E-02  5.3024E-01  1.4253E-02  5.5314E-01  1.0000E+00
 3.1077E+03  2.7569E-02  5.2930E-01  1.4508E-02  5.5876E-01  1.0000E+00
 3.1315E+03  2.7731E-02  5.2836E-01  1.4763E-02  5.6426E-01  1.0000E+00
 3.1555E+03  2.7894E-02  5.2741E-01  1.5018E-02  5.6964E-01  1.0000E+00
 3.1797E+03  2.8058E-02  5.2646E-01  1.5273E-02  5.7491E-01  1.0000E+00
 3.2040E+03  2.8222E-02  5.2550E-01  1.5528E-02  5.8007E-01  1.0000E+00
 3.2286E+03  2.8387E-02  5.2454E-01  1.5783E-02  5.8512E-01  1.0000E+00
 3.2533E+03  2.8552E-02  5.2358E-01  1.6038E-02  5.9006E-01  1.0000E+00
 3.2782E+03  2.8719E-02  5.2262E-01  1.6293E-02  5.9490E-01  1.0000E+00
 3.3033E+03  2.8886E-02  5.2165E-01  1.6549E-02  5.9962E-01  1.0000E+00
 3.3286E+03  2.9054E-02  5.2068E-01  1.6804E-02  6.0425E-01  1.0000E+00
 3.3541E+03  2.9222E-02  5.1971E-01  1.7059E-02  6.0877E-01  1.0000E+00
 3.3798E+03  2.9392E-02  5.1873E-01  1.7315E-02  6.1319E-01  1.0000E+00
 3.4057E+03  2.9562E-02  5.1776E-01  1.7570E-02  6.1750E-01  1.0000E+00
 3.4317E+03  2.9732E-02  5.1677E-01  1.7826E-02  6.2172E-01  1.0000E+00
 3.4580E+03  2.9904E-02  5.1579E-01  1.8081E-02  6.2584E-01  1.0000E+00
 3.4845E+03  3.0076E-02  5.1480E-01  1.8337E-02  6.2986E-01  1.0000E+00
 3.5112E+03  3.0249E-02  5.1381E-01  1.8592E-02  6.3379E-01  1.0000E+00
 3.5381E+03  3.0422E-02  5.1282E-01  1.8848E-02  6.3762E-01  1.0000E+00
 3.5652E+03  3.0596E-02  5.1182E-01  1.9104E-02  6.4136E-01  1.0000E+00
 3.5925E+03  3.0771E-02  5.1082E-01  1.9359E-02  6.4501E-01  1.0000E+00
 3.6200E+03  3.0947E-02  5.0981E-01  1.9615E-02  6.4857E-01  1.0000E+00
 3.6477E+03  3.1123E-02  5.0881E-01  1.9871E-02  6.5203E-01  1.0000E+00
 3.6757E+03  3.1300E-02  5.0779E-01  2.0127E-02  6.5541E-01  1.0000E+00
 3.7038E+03  3.1477E-02  5.0678E-01  2.0383E-02  6.5870E-01  1.0000E+00
 3.7322E+03  3.1655E-02  5.0576E-01  2.0639E-02  6.6191E-01  1.0000E+00
 3.7608E+03  3.1834E-02  5.0473E-01  2.0895E-02  6.6503E-01  1.0000E+00
 3.7896E+03  3.2013E-02  5.0370E-01  2.1151E-02  6.6806E-01  1.0000E+00
 3.8186E+03  3.2193E-02  5.0267E-01  2.1408E-02  6.7102E-01  1.0000E+00
 3.8478E+03  3.2374E-02  5.0163E-01  2.1664E-02  6.7389E-01  1.0000E+00
 3.8773E+03  3.2555E-02  5.0059E-01  2.1920E-02  6.7668E-01  1.0000E+00
 3.9070E+03  3.2737E-02  4.9955E-01  2.2176E-02  6.7939E-01  1.0000E+00
 3.9369E+03  3.2919E-02  4.9850E-01  2.2433E-02  6.8202E-01  1.0000E+00
 3.9671E+03  3.3102E-02  4.9744E-01  2.2689E-02  6.8458E-01  1.0000E+00
 3.9974E+03  3.3285E-02  4.9639E-01  2.2946E-02  6.8705E-01  1.0000E+00
 4.0281E+03  3.3469E-02  4.9532E-01  2.3203E-02  6.8946E-01  1.0000E+00
 4.0589E+03  3.3654E-02  4.9425E-01  2.3459E-02  6.9179E-01  1.0000E+00
 4.0900E+03  3.3839E-02  4.9318E-01  2.3716E-02  6.9404E-01  1.0000E+00
 4.1213E+03  3.4025E-02  4.9210E-01  2.3973E-02  6.9622E-01  1.0000E+00
 4.1529E+03  3.4211E-02  4.9102E-01  2.4230E-02  6.9833E-01  1.0000E+00
 4.1847E+03  3.4398E-02  4.8993E-01  2.4486E-02  7.0038E-01  1.0000E+00
 4.2167E+03  3.4585E-02  4.8884E-01  2.4743E-02  7.0235E-01  1.0000E+00
 4.2490E+03  3.4773E-02  4.8774E-01  2.5000E-02  7.0425E-01  1.0000E+00
 4.2816E+03  3.4961E-02  4.8664E-01  2.5258E-02  7.0608E-01  1.0000E+00
 4.3143E+03  3.5150E-02  4.8553E-01  2.5515E-02  7.0785E-01  1.0000E+00
 4.3474E+03  3.5339E-02  4.8442E-01  2.5772E-02  7.0955E-01  1.0000E+00
 4.3807E+03  3.5528E-02  4.8330E-01  2.6029E-02  7.1119E-01  1.0000E+00
 4.4142E+03  3.5718E-02  4.8218E-01  2.6287E-02  7.1277E-01  1.0000E+00
 4.4480E+03  3.5909E-02  4.8105E-01  2.6544E-02  7.1428E-01  1.0000E+00
 4.4821E+03  3.6100E-02  4.7992E-01  2.6802E-02  7.1572E-01  1.0000E+00
 4.5164E+03  3.6291E-02  4.7878E-01  2.7059E-02  7.1711E-01  1.0000E+00
 4.5510E+03  3.6483E-02  4.7763E-01  2.7317E-02  7.1844E-01  1.0000E+00
 4.5859E+03  3.6675E-02  4.7648E-01  2.7574E-02  7.1970E-01  1.0000E+00
 4.6210E+03  3.6867E-02  4.7532E-01  2.7832E-02  7.2091E-01  1.0000E+00
 4.6564E+03  3.7060E-02  4.7416E-01  2.8090E-02  7.2206E-01  1.0000E+00
 4.6920E+03  3.7253E-02  4.7299E-01  2.8348E-02  7.2315E-01  1.0000E+00
 4.7280E+03  3.7447E-02  4.7182E-01  2.8606E-02  7.2419E-01  1.0000E+00
 4.7642E+03  3.7640E-02  4.7064E-01  2.8864E-02  7.2517E-01  1.0000E+00
 4.8007E+03  3.7834E-02  4.6945E-01  2.9122E-02  7.2609E-01  1.0000E+00
 4.8374E+03  3.8029E-02  4.6826E-01  2.9381E-02  7.2696E-01  1.0000E+00
 4.8745E+03  3.8223E-02  4.6707E-01  2.9639E-02  7.2778E-01  1.0000E+00
 4.9118E+03  3.8418E-02  4.6586E-01  2.9897E-02  7.2855E-01  1.0000E+00
 4.9494E+03  3.8614E-02  4.6466E-01  3.0156E-02  7.2926E-01  1.0000E+00
 4.9873E+03  3.8809E-02  4.6344E-01  3.0414E-02  7.2993E-01  1.0000E+00
 5.0255E+03  3.9005E-02  4.6223E-01  3.0673E-02  7.3054E-01  1.0000E+00
 5.0640E+03  3.9202E-02  4.6101E-01  3.0932E-02  7.3110E-01  1.0000E+00
 5.1028E+03  3.9398E-02  4.5978E-01  3.1191E-02  7.3162E-01  1.0000E+00
 5.1419E+03  3.9595E-02  4.5855E-01  3.1450E-02  7.3208E-01  1.0000E+00
 5.1812E+03  3.9793E-02  4.5732E-01  3.1709E-02  7.3250E-01  1.0000E+00
 5.2209E+03  3.9991E-02  4.5608E-01  3.1968E-02  7.3287E-01  1.0000E+00
 5.2609E+03  4.0189E-02  4.5484E-01  3.2227E-02  7.3320E-01  1.0000E+00
 5.3012E+03  4.0387E-02  4.5359E-01  3.2486E-02  7.3348E-01  1.0000E+00
 5.3418E+03  4.0586E-02  4.5234E-01  3.2745E-02  7.3372E-01  1.0000E+00
 5.3827E+03  4.0785E-02  4.5109E-01  3.3005E-02  7.3391E-01  1.0000E+00
 5.4239E+03  4.0984E-02  4.4983E-01  3.3264E-02  7.3406E-01  1.0000E+00
 5.4655E+03  4.1184E-02  4.4857E-01  3.3524E-02  7.3417E-01  1.0000E+00
 5.5073E+03  4.1384E-02  4.4730E-01  3.3784E-02  7.3423E-01  1.0000E+00
 5.5495E+03  4.1584E-02  4.4603E-01  3.4044E-02  7.3426E-01  1.0000E+00
 5.5920E+03  4.1785E-02  4.4476E-01  3.4303E-02  7.3424E-01  1.0000E+00
 5.6348E+03  4.1986E-02  4.4348E-01  3.4563E-02  7.3418E-01  1.0000E+00
 5.6780E+03  4.2187E-02  4.4220E-01  3.4824E-02  7.3409E-01  1.0000E+00
 5.7215E+03  4.2388E-02  4.4092E-01  3.5084E-02  7.3395E-01  1.0000E+00
 5.7653E+03  4.2590E-02  4.3963E-01  3.5344E-02  7.3378E-01  1.0000E+00
 5.8094E+03  4.2792E-02  4.3834E-01  3.5605E-02  7.3357E-01  1.0000E+00
 5.8539E+03  4.2994E-02  4.3705E-01  3.5865E-02  7.3332E-01  1.0000E+00
 5.8988E+03  4.3197E-02  4.3575E-01  3.6126E-02  7.3303E-01  1.0000E+00
 5.9439E+03  4.3400E-02  4.3445E-01  3.6386E-02  7.3271E-01  1.0000E+00
 5.9895E+03  4.3603E-02  4.3315E-01  3.6647E-02  7.3236E-01  1.0000E+00
 6.0353E+03  4.3806E-02  4.3184E-01  3.6908E-02  7.3196E-01  1.0000E+00
 6.0815E+03  4.4010E-02  4.3053E-01  3.7169E-02  7.3154E-01  1.0000E+00
 6.1281E+03  4.4214E-02  4.2922E-01  3.7430E-02  7.3108E-01  1.0000E+00
 6.1751E+03  4.4418E-02  4.2790E-01  3.7692E-02  7.3059E-01  1.0000E+00
 6.2223E+03  4.4623E-02  4.2659E-01  3.7953E-02  7.3006E-01  1.0000E+00
 6.2700E+03  4.4827E-02  4.2527E-01  3.8215E-02  7.2951E-01  1.0000E+00
 6.3180E+03  4.5032E-02  4.2394E-01  3.8476E-02  7.2892E-01  1.0000E+00
 6.3664E+03  4.5237E-02  4.2262E-01  3.8738E-02  7.2830E-01  1.0000E+00
 6.4152E+03  4.5443E-02  4.2129E-01  3.9000E-02  7.2765E-01  1.0000E+00
 6.4643E+03  4.5648E-02  4.1996E-01  3.9262E-02  7.2697E-01  1.0000E+00
 6.5138E+03  4.5854E-02  4.1863E-01  3.9524E-02  7.2626E-01  1.0000E+00
 6.5637E+03  4.6060E-02  4.1729E-01  3.9786E-02  7.2552E-01  1.0000E+00
 6.6139E+03  4.6266E-02  4.1595E-01  4.0048E-02  7.2476E-01  1.0000E+00
 6.6646E+03  4.6473E-02  4.1462E-01  4.0311E-02  7.2396E-01  1.0000E+00
 6.7156E+03  4.6679E-02  4.1327E-01  4.0573E-02  7.2314E-01  1.0000E+00
 6.7671E+03  4.6886E-02  4.1193E-01  4.0836E-02  7.2229E-01  1.0000E+00
 6.8189E+03  4.7093E-02  4.1058E-01  4.1099E-02  7.2142E-01  1.0000E+00
 6.8711E+03  4.7301E-02  4.0924E-01  4.1362E-02  7.2052E-01  1.0000E+00
 6.9237E+03  4.7508E-02  4.0789E-01  4.1625E-02  7.1959E-01  1.0000E+00
 6.9768E+03  4.7716E-02  4.0653E-01  4.1888E-02  7.1864E-01  1.0000E+00
 7.0302E+03  4.7924E-02  4.0518E-01  4.2152E-02  7.1766E-01  1.0000E+00
 7.0840E+03  4.8131E-02  4.0382E-01  4.2415E-02  7.1666E-01  1.0000E+00
 7.1383E+03  4.8340E-02  4.0247E-01  4.2679E-02  7.1563E-01  1.0000E+00
 7.1929E+03  4.8548E-02  4.0111E-01  4.2943E-02  7.1458E-01  1.0000E+00
 7.2480E+03  4.8766E-02  3.9982E-01  4.3207E-02  7.1351E-01  1.0000E+00
 7.3035E+03  4.8989E-02  3.9858E-01  4.3471E-02  7.1241E-01  1.0000E+00
 7.3595E+03  4.9213E-02  3.9734E-01  4.3735E-02  7.1130E-01  1.0000E+00
 7.4158E+03  4.9438E-02  3.9610E-01  4.3999E-02  7.1016E-01  1.0000E+00
 7.4726E+03  4.9663E-02  3.9485E-01  4.4264E-02  7.0900E-01  1.0000E+00
 7.5299E+03  4.9888E-02  3.9361E-01  4.4529E-02  7.0782E-01  1.0000E+00
 7.5875E+03  5.0114E-02  3.9237E-01  4.4793E-02  7.0661E-01  1.0000E+00
 7.6456E+03  5.0340E-02  3.9112E-01  4.5058E-02  7.0539E-01  1.0000E+00
 7.7042E+03  5.0567E-02  3.8987E-01  4.5323E-02  7.0415E-01  1.0000E+00
 7.7632E+03  5.0794E-02  3.8863E-01  4.5589E-02  7.0289E-01  1.0000E+00
 7.8226E+03  5.1022E-02  3.8738E-01  4.5854E-02  7.0161E-01  1.0000E+00
 7.8825E+03  5.1250E-02  3.8613E-01  4.6120E-02  7.0031E-01  1.0000E+00
 7.9429E+03  5.1478E-02  3.8488E-01  4.6385E-02  6.9899E-01  1.0000E+00
 8.0037E+03  5.1707E-02  3.8363E-01  4.6651E-02  6.9765E-01  1.0000E+00
 8.0650E+03  5.1937E-02  3.8238E-01  4.6917E-02  6.9630E-01  1.0000E+00
 8.1268E+03  5.2166E-02  3.8113E-01  4.7184E-02  6.9493E-01  1.0000E+00
 8.1890E+03  5.2397E-02  3.7988E-01  4.7450E-02  6.9354E-01  1.0000E+00
 8.2518E+03  5.2627E-02  3.7863E-01  4.7717E-02  6.9214E-01  1.0000E+00
 8.3150E+03  5.2858E-02  3.7738E-01  4.7983E-02  6.9072E-01  1.0000E+00
 8.3786E+03  5.3090E-02  3.7613E-01  4.8250E-02  6.8928E-01  1.0000E+00
 8.4428E+03  5.3322E-02  3.7488E-01  4.8517E-02  6.8783E-01  1.0000E+00
 8.5075E+03  5.3554E-02  3.7363E-01  4.8785E-02  6.8636E-01  1.0000E+00
 8.5726E+03  5.3787E-02  3.7237E-01  4.9052E-02  6.8488E-01  1.0000E+00
 8.6383E+03  5.4020E-02  3.7112E-01  4.9320E-02  6.8338E-01  1.0000E+00
 8.7044E+03  5.4254E-02  3.6987E-01  4.9588E-02  6.8187E-01  1.0000E+00
 8.7711E+03  5.4488E-02  3.6862E-01  4.9856E-02  6.8035E-01  1.0000E+00
 8.8383E+03  5.4723E-02  3.6737E-01  5.0124E-02  6.7881E-01  1.0000E+00
 8.9059E+03  5.4958E-02  3.6612E-01  5.0392E-02  6.7725E-01  1.0000E+00
 8.9741E+03  5.5193E-02  3.6487E-01  5.0661E-02  6.7569E-01  1.0000E+00
 9.0429E+03  5.5429E-02  3.6362E-01  5.0929E-02  6.7411E-01  1.0000E+00
 9.1121E+03  5.5665E-02  3.6237E-01  5.1198E-02  6.7252E-01  1.0000E+00
 9.1819E+03  5.5902E-02  3.6112E-01  5.1468E-02  6.7092E-01  1.0000E+00
 9.2522E+03  5.6139E-02  3.5987E-01  5.1737E-02  6.6930E-01  1.0000E+00
 9.3231E+03  5.6377E-02  3.5863E-01  5.2006E-02  6.6768E-01  1.0000E+00
 9.3945E+03  5.6615E-02  3.5738E-01  5.2276E-02  6.6604E-01  1.0000E+00
 9.4664E+03  5.6854E-02  3.5613E-01  5.2546E-02  6.6439E-01  1.0000E+00
 9.5389E+03  5.7093E-02  3.5489E-01  5.2816E-02  6.6273E-01  1.0000E+00
 9.6120E+03  5.7332E-02  3.5364E-01  5.3087E-02  6.6106E-01  1.0000E+00
 9.6856E+03  5.7572E-02  3.5240E-01  5.3357E-02  6.5938E-01  1.0000E+00
 9.7598E+03  5.7812E-02  3.5115E-01  5.3628E-02  6.5769E-01  1.0000E+00
 9.8345E+03  5.8053E-02  3.4991E-01  5.3899E-02  6.5599E-01  1.0000E+00
 9.9098E+03  5.8294E-02  3.4867E-01  5.4170E-02  6.5428E-01  1.0000E+00
 9.9857E+03  5.8536E-02  3.4743E-01  5.4442E-02  6.5256E-01  1.0000E+00
 1.0062E+04  5.8778E-02  3.4619E-01  5.4713E-02  6.5083E-01  1.0000E+00
 1.0139E+04  5.9020E-02  3.4495E-01  5.4985E-02  6.4910E-01  1.0000E+00
 1.0217E+04  5.9263E-02  3.4371E-01  5.5257E-02  6.4735E-01  1.0000E+00
 1.0295E+04  5.9507E-02  3.4247E-01  5.5530E-02  6.4560E-01  1.0000E+00
 1.0374E+04  5.9751E-02  3.4123E-01  5.5802E-02  6.4384E-01  1.0000E+00
 1.0453E+04  5.9995E-02  3.4000E-01  5.6075E-02  6.4207E-01  1.0000E+00
 1.0533E+04  6.0240E-02  3.3877E-01  5.6348E-02  6.4029E-01  1.0000E+00
 1.0614E+04  6.0485E-02  3.3753E-01  5.6621E-02  6.3850E-01  1.0000E+00
 1.0695E+04  6.0731E-02  3.3630E-01  5.6895E-02  6.3671E-01  1.0000E+00
 1.0777E+04  6.0977E-02  3.3507E-01  5.7169E-02  6.3491E-01  1.0000E+00
 1.0860E+04  6.1223E-02  3.3384E-01  5.7443E-02  6.3311E-01  1.0000E+00
 1.0943E+04  6.1470E-02  3.3262E-01  5.7717E-02  6.3130E-01  1.0000E+00
 1.1027E+04  6.1718E-02  3.3139E-01  5.7992E-02  6.2948E-01  1.0000E+00
 1.1111E+04  6.1966E-02  3.3017E-01  5.8266E-02  6.2766E-01  1.0000E+00
 1.1196E+04  6.2214E-02  3.2894E-01  5.8541E-02  6.2583E-01  1.0000E+00
 1.1282E+04  6.2463E-02  3.2772E-01  5.8817E-02  6.2399E-01  1.0000E+00
 1.1369E+04  6.2712E-02  3.2650E-01  5.9092E-02  6.2215E-01  1.0000E+00
 1.1456E+04  6.2962E-02  3.2528E-01  5.9368E-02  6.2030E-01  1.0000E+00
 1.1543E+04  6.3212E-02  3.2407E-01  5.9644E-02  6.1845E-01  1.0000E+00
 1.1632E+04  6.3463E-02  3.2285E-01  5.9921E-02  6.1659E-01  1.0000E+00
 1.1721E+04  6.3714E-02  3.2164E-01  6.0197E-02  6.1473E-01  1.0000E+00
 1.1811E+04  6.3966E-02  3.2043E-01  6.0474E-02  6.1287E-01  1.0000E+00
 1.1901E+04  6.4218E-02  3.1922E-01  6.0751E-02  6.1100E-01  1.0000E+00
 1.1992E+04  6.4470E-02  3.1801E-01  6.1029E-02  6.0912E-01  1.0000E+00
 1.2084E+04  6.4724E-02  3.1680E-01  6.1307E-02  6.0725E-01  1.0000E+00
 1.2177E+04  6.4977E-02  3.1560E-01  6.1585E-02  6.0536E-01  1.0000E+00
 1.2270E+04  6.5231E-02  3.1439E-01  6.1863E-02  6.0348E-01  1.0000E+00
 1.2364E+04  6.5486E-02  3.1319E-01  6.2142E-02  6.0159E-01  1.0000E+00
 1.2458E+04  6.5741E-02  3.1200E-01  6.2421E-02  5.9970E-01  1.0000E+00
 1.2554E+04  6.5996E-02  3.1080E-01  6.2700E-02  5.9780E-01  1.0000E+00
 1.2650E+04  6.6252E-02  3.0960E-01  6.2980E-02  5.9590E-01  1.0000E+00
 1.2747E+04  6.6508E-02  3.0841E-01  6.3259E-02  5.9400E-01  1.0000E+00
 1.2845E+04  6.6765E-02  3.0722E-01  6.3540E-02  5.9210E-01  1.0000E+00
 1.2943E+04  6.7023E-02  3.0603E-01  6.3820E-02  5.9019E-01  1.0000E+00
 1.3042E+04  6.7280E-02  3.0485E-01  6.4101E-02  5.8829E-01  1.0000E+00
 1.3142E+04  6.7539E-02  3.0366E-01  6.4382E-02  5.8638E-01  1.0000E+00
 1.3243E+04  6.7798E-02  3.0248E-01  6.4664E-02  5.8446E-01  1.0000E+00
 1.3344E+04  6.8057E-02  3.0130E-01  6.4945E-02  5.8255E-01  1.0000E+00
 1.3446E+04  6.8317E-02  3.0012E-01  6.5227E-02  5.8063E-01  1.0000E+00
 1.3549E+04  6.8577E-02  2.9895E-01  6.5510E-02  5.7871E-01  1.0000E+00
 1.3653E+04  6.8838E-02  2.9777E-01  6.5793E-02  5.7680E-01  1.0000E+00
 1.3757E+04  6.9100E-02  2.9660E-01  6.6076E-02  5.7488E-01  1.0000E+00
 1.3863E+04  6.9362E-02  2.9543E-01  6.6359E-02  5.7295E-01  1.0000E+00
 1.3969E+04  6.9624E-02  2.9427E-01  6.6643E-02  5.7103E-01  1.0000E+00
 1.4076E+04  6.9887E-02  2.9310E-01  6.6927E-02  5.6911E-01  1.0000E+00
 1.4184E+04  7.0150E-02  2.9194E-01  6.7212E-02  5.6718E-01  1.0000E+00
 1.4292E+04  7.0414E-02  2.9078E-01  6.7497E-02  5.6526E-01  1.0000E+00
 1.4402E+04  7.0679E-02  2.8962E-01  6.7782E-02  5.6333E-01  1.0000E+00
 1.4512E+04  7.0944E-02  2.8847E-01  6.8068E-02  5.6141E-01  1.0000E+00
 1.4623E+04  7.1209E-02  2.8732E-01  6.8354E-02  5.5948E-01  1.0000E+00
 1.4735E+04  7.1475E-02  2.8617E-01  6.8640E-02  5.5756E-01  1.0000E+00
 1.4848E+04  7.1742E-02  2.8502E-01  6.8927E-02  5.5563E-01  1.0000E+00
 1.4962E+04  7.2009E-02  2.8388E-01  6.9214E-02  5.5371E-01  1.0000E+00
 1.5076E+04  7.2277E-02  2.8274E-01  6.9502E-02  5.5178E-01  1.0000E+00
 1.5192E+04  7.2545E-02  2.8160E-01  6.9790E-02  5.4986E-01  1.0000E+00
 1.5308E+04  7.2814E-02  2.8046E-01  7.0078E-02  5.4793E-01  1.0000E+00
 1.5425E+04  7.3083E-02  2.7933E-01  7.0367E-02  5.4601E-01  1.0000E+00
 1.5544E+04  7.3353E-02  2.7820E-01  7.0656E-02  5.4408E-01  1.0000E+00
 1.5663E+04  7.3623E-02  2.7707E-01  7.0945E-02  5.4216E-01  1.0000E+00
 1.5783E+04  7.3894E-02  2.7594E-01  7.1235E-02  5.4024E-01  1.0000E+00
 1.5903E+04  7.4166E-02  2.7482E-01  7.1526E-02  5.3832E-01  1.0000E+00
 1.6025E+04  7.4438E-02  2.7370E-01  7.1816E-02  5.3640E-01  1.0000E+00
 1.6148E+04  7.4710E-02  2.7258E-01  7.2108E-02  5.3448E-01  1.0000E+00
 1.6272E+04  7.4984E-02  2.7147E-01  7.2399E-02  5.3257E-01  1.0000E+00
 1.6396E+04  7.5257E-02  2.7036E-01  7.2691E-02  5.3065E-01  1.0000E+00
 1.6522E+04  7.5532E-02  2.6925E-01  7.2984E-02  5.2874E-01  1.0000E+00
 1.6648E+04  7.5807E-02  2.6814E-01  7.3277E-02  5.2682E-01  1.0000E+00
 1.6776E+04  7.6082E-02  2.6704E-01  7.3570E-02  5.2491E-01  1.0000E+00
 1.6904E+04  7.6358E-02  2.6594E-01  7.3864E-02  5.2300E-01  1.0000E+00
 1.7034E+04  7.6635E-02  2.6484E-01  7.4158E-02  5.2110E-01  1.0000E+00
 1.7164E+04  7.6912E-02  2.6374E-01  7.4453E-02  5.1919E-01  1.0000E+00
 1.7296E+04  7.7190E-02  2.6265E-01  7.4749E-02  5.1729E-01  1.0000E+00
 1.7428E+04  7.7469E-02  2.6156E-01  7.5044E-02  5.1539E-01  1.0000E+00
 1.7562E+04  7.7748E-02  2.6048E-01  7.5340E-02  5.1349E-01  1.0000E+00
 1.7696E+04  7.8027E-02  2.5939E-01  7.5637E-02  5.1160E-01  1.0000E+00
 1.7832E+04  7.8308E-02  2.5831E-01  7.5934E-02  5.0970E-01  1.0000E+00
 1.7968E+04  7.8589E-02  2.5723E-01  7.6232E-02  5.0781E-01  1.0000E+00
 1.8106E+04  7.8870E-02  2.5616E-01  7.6530E-02  5.0592E-01  1.0000E+00
 1.8244E+04  7.9152E-02  2.5509E-01  7.6829E-02  5.0404E-01  1.0000E+00
 1.8384E+04  7.9435E-02  2.5402E-01  7.7128E-02  5.0215E-01  1.0000E+00
 1.8525E+04  7.9719E-02  2.5296E-01  7.7428E-02  5.0027E-01  1.0000E+00
 1.8667E+04  8.0003E-02  2.5189E-01  7.7728E-02  4.9840E-01  1.0000E+00
 1.8810E+04  8.0288E-02  2.5083E-01  7.8029E-02  4.9652E-01  1.0000E+00
 1.8954E+04  8.0573E-02  2.4978E-01  7.8330E-02  4.9465E-01  1.0000E+00
 1.9099E+04  8.0859E-02  2.4873E-01  7.8632E-02  4.9278E-01  1.0000E+00
 1.9245E+04  8.1146E-02  2.4768E-01  7.8934E-02  4.9092E-01  1.0000E+00
 1.9393E+04  8.1433E-02  2.4663E-01  7.9237E-02  4.8906E-01  1.0000E+00
 1.9541E+04  8.1721E-02  2.4558E-01  7.9540E-02  4.8720E-01  1.0000E+00
 1.9691E+04  8.2010E-02  2.4454E-01  7.9844E-02  4.8534E-01  1.0000E+00
 1.9842E+04  8.2299E-02  2.4351E-01  8.0149E-02  4.8349E-01  1.0000E+00
 1.9994E+04  8.2589E-02  2.4247E-01  8.0454E-02  4.8164E-01  1.0000E+00
 2.0147E+04  8.2880E-02  2.4144E-01  8.0760E-02  4.7980E-01  1.0000E+00
 2.0301E+04  8.3172E-02  2.4041E-01  8.1066E-02  4.7796E-01  1.0000E+00
 2.0456E+04  8.3464E-02  2.3939E-01  8.1373E-02  4.7612E-01  1.0000E+00
 2.0613E+04  8.3757E-02  2.3837E-01  8.1680E-02  4.7429E-01  1.0000E+00
 2.0771E+04  8.4050E-02  2.3735E-01  8.1988E-02  4.7246E-01  1.0000E+00
 2.0930E+04  8.4344E-02  2.3633E-01  8.2297E-02  4.7063E-01  1.0000E+00
 2.1090E+04  8.4639E-02  2.3532E-01  8.2606E-02  4.6881E-01  1.0000E+00
 2.1252E+04  8.4935E-02  2.3431E-01  8.2916E-02  4.6699E-01  1.0000E+00
 2.1415E+04  8.5232E-02  2.3331E-01  8.3226E-02  4.6518E-01  1.0000E+00
 2.1579E+04  8.5529E-02  2.3230E-01  8.3538E-02  4.6337E-01  1.0000E+00
 2.1744E+04  8.5827E-02  2.3131E-01  8.3849E-02  4.6156E-01  1.0000E+00
 2.1910E+04  8.6125E-02  2.3031E-01  8.4162E-02  4.5976E-01  1.0000E+00
 2.2078E+04  8.6425E-02  2.2932E-01  8.4475E-02  4.5797E-01  1.0000E+00
 2.2247E+04  8.6725E-02  2.2833E-01  8.4788E-02  4.5617E-01  1.0000E+00
 2.2418E+04  8.7026E-02  2.2734E-01  8.5103E-02  4.5438E-01  1.0000E+00
 2.2589E+04  8.7328E-02  2.2636E-01  8.5418E-02  4.5260E-01  1.0000E+00
 2.2762E+04  8.7630E-02  2.2538E-01  8.5734E-02  4.5082E-01  1.0000E+00
 2.2937E+04  8.7934E-02  2.2440E-01  8.6050E-02  4.4905E-01  1.0000E+00
 2.3112E+04  8.8238E-02  2.2343E-01  8.6367E-02  4.4728E-01  1.0000E+00
 2.3289E+04  8.8542E-02  2.2246E-01  8.6685E-02  4.4551E-01  1.0000E+00
 2.3468E+04  8.8848E-02  2.2149E-01  8.7003E-02  4.4375E-01  1.0000E+00
 2.3647E+04  8.9155E-02  2.2053E-01  8.7323E-02  4.4199E-01  1.0000E+00
 2.3829E+04  8.9462E-02  2.1957E-01  8.7643E-02  4.4024E-01  1.0000E+00
 2.4011E+04  8.9770E-02  2.1861E-01  8.7963E-02  4.3849E-01  1.0000E+00
 2.4195E+04  9.0079E-02  2.1766E-01  8.8285E-02  4.3675E-01  1.0000E+00
 2.4380E+04  9.0389E-02  2.1671E-01  8.8607E-02  4.3501E-01  1.0000E+00
 2.4567E+04  9.0699E-02  2.1577E-01  8.8930E-02  4.3328E-01  1.0000E+00
 2.4755E+04  9.1011E-02  2.1482E-01  8.9253E-02  4.3155E-01  1.0000E+00
 2.4945E+04  9.1323E-02  2.1388E-01  8.9578E-02  4.2983E-01  1.0000E+00
 2.5136E+04  9.1636E-02  2.1295E-01  8.9903E-02  4.2811E-01  1.0000E+00
 2.5328E+04  9.1951E-02  2.1201E-01  9.0229E-02  4.2640E-01  1.0000E+00
 2.5522E+04  9.2266E-02  2.1108E-01  9.0556E-02  4.2469E-01  1.0000E+00
 2.5718E+04  9.2581E-02  2.1016E-01  9.0883E-02  4.2298E-01  1.0000E+00
 2.5915E+04  9.2898E-02  2.0923E-01  9.1212E-02  4.2129E-01  1.0000E+00
 2.6113E+04  9.3216E-02  2.0831E-01  9.1541E-02  4.1959E-01  1.0000E+00
 2.6313E+04  9.3534E-02  2.0740E-01  9.1871E-02  4.1790E-01  1.0000E+00
 2.6515E+04  9.3854E-02  2.0648E-01  9.2202E-02  4.1622E-01  1.0000E+00
 2.6718E+04  9.4174E-02  2.0558E-01  9.2533E-02  4.1454E-01  1.0000E+00
 2.6922E+04  9.4496E-02  2.0467E-01  9.2866E-02  4.1287E-01  1.0000E+00
 2.7128E+04  9.4818E-02  2.0377E-01  9.3199E-02  4.1121E-01  1.0000E+00
 2.7336E+04  9.5141E-02  2.0287E-01  9.3533E-02  4.0954E-01  1.0000E+00
 2.7545E+04  9.5465E-02  2.0197E-01  9.3868E-02  4.0789E-01  1.0000E+00
 2.7756E+04  9.5790E-02  2.0108E-01  9.4204E-02  4.0624E-01  1.0000E+00
 2.7969E+04  9.6117E-02  2.0019E-01  9.4541E-02  4.0459E-01  1.0000E+00
 2.8183E+04  9.6444E-02  1.9930E-01  9.4879E-02  4.0295E-01  1.0000E+00
 2.8399E+04  9.6772E-02  1.9842E-01  9.5218E-02  4.0132E-01  1.0000E+00
 2.8617E+04  9.7101E-02  1.9754E-01  9.5557E-02  3.9969E-01  1.0000E+00
 2.8836E+04  9.7431E-02  1.9666E-01  9.5898E-02  3.9806E-01  1.0000E+00
 2.9056E+04  9.7762E-02  1.9579E-01  9.6240E-02  3.9644E-01  1.0000E+00
 2.9279E+04  9.8094E-02  1.9492E-01  9.6582E-02  3.9483E-01  1.0000E+00
 2.9503E+04  9.8428E-02  1.9406E-01  9.6925E-02  3.9322E-01  1.0000E+00
 2.9729E+04  9.8762E-02  1.9319E-01  9.7270E-02  3.9162E-01  1.0000E+00
 2.9957E+04  9.9097E-02  1.9234E-01  9.7615E-02  3.9002E-01  1.0000E+00
 3.0186E+04  9.9433E-02  1.9148E-01  9.7962E-02  3.8843E-01  1.0000E+00
 3.0417E+04  9.9771E-02  1.9063E-01  9.8309E-02  3.8685E-01  1.0000E+00
 3.0650E+04  1.0011E-01  1.8978E-01  9.8657E-02  3.8527E-01  1.0000E+00
 3.0885E+04  1.0045E-01  1.8893E-01  9.9007E-02  3.8369E-01  1.0000E+00
 3.1122E+04  1.0079E-01  1.8809E-01  9.9357E-02  3.8213E-01  1.0000E+00
 3.1360E+04  1.0113E-01  1.8725E-01  9.9709E-02  3.8056E-01  1.0000E+00
 3.1600E+04  1.0147E-01  1.8642E-01  1.0006E-01  3.7901E-01  1.0000E+00
 3.1842E+04  1.0182E-01  1.8559E-01  1.0041E-01  3.7745E-01  1.0000E+00
 3.2086E+04  1.0216E-01  1.8476E-01  1.0077E-01  3.7591E-01  1.0000E+00
 3.2332E+04  1.0251E-01  1.8393E-01  1.0113E-01  3.7437E-01  1.0000E+00
 3.2579E+04  1.0286E-01  1.8311E-01  1.0148E-01  3.7284E-01  1.0000E+00
 3.2829E+04  1.0321E-01  1.8229E-01  1.0184E-01  3.7131E-01  1.0000E+00
 3.3080E+04  1.0356E-01  1.8148E-01  1.0220E-01  3.6978E-01  1.0000E+00
 3.3334E+04  1.0391E-01  1.8066E-01  1.0256E-01  3.6827E-01  1.0000E+00
 3.3589E+04  1.0426E-01  1.7986E-01  1.0292E-01  3.6676E-01  1.0000E+00
 3.3846E+04  1.0461E-01  1.7905E-01  1.0328E-01  3.6525E-01  1.0000E+00
 3.4105E+04  1.0497E-01  1.7825E-01  1.0365E-01  3.6375E-01  1.0000E+00
 3.4367E+04  1.0533E-01  1.7745E-01  1.0401E-01  3.6226E-01  1.0000E+00
 3.4630E+04  1.0568E-01  1.7665E-01  1.0438E-01  3.6077E-01  1.0000E+00
 3.4895E+04  1.0604E-01  1.7586E-01  1.0475E-01  3.5929E-01  1.0000E+00
 3.5162E+04  1.0640E-01  1.7507E-01  1.0511E-01  3.5781E-01  1.0000E+00
 3.5431E+04  1.0676E-01  1.7429E-01  1.0548E-01  3.5634E-01  1.0000E+00
 3.5703E+04  1.0712E-01  1.7351E-01  1.0585E-01  3.5488E-01  1.0000E+00
 3.5976E+04  1.0749E-01  1.7273E-01  1.0623E-01  3.5342E-01  1.0000E+00
 3.6252E+04  1.0785E-01  1.7195E-01  1.0660E-01  3.5196E-01  1.0000E+00
 3.6529E+04  1.0822E-01  1.7118E-01  1.0697E-01  3.5052E-01  1.0000E+00
 3.6809E+04  1.0859E-01  1.7041E-01  1.0735E-01  3.4908E-01  1.0000E+00
 3.7091E+04  1.0896E-01  1.6965E-01  1.0773E-01  3.4764E-01  1.0000E+00
 3.7375E+04  1.0933E-01  1.6889E-01  1.0811E-01  3.4621E-01  1.0000E+00
 3.7661E+04  1.0970E-01  1.6813E-01  1.0849E-01  3.4479E-01  1.0000E+00
 3.7950E+04  1.1007E-01  1.6737E-01  1.0887E-01  3.4337E-01  1.0000E+00
 3.8240E+04  1.1045E-01  1.6662E-01  1.0925E-01  3.4196E-01  1.0000E+00
 3.8533E+04  1.1083E-01  1.6587E-01  1.0964E-01  3.4055E-01  1.0000E+00
 3.8828E+04  1.1120E-01  1.6513E-01  1.1002E-01  3.3915E-01  1.0000E+00
 3.9126E+04  1.1158E-01  1.6438E-01  1.1041E-01  3.3776E-01  1.0000E+00
 3.9425E+04  1.1196E-01  1.6364E-01  1.1080E-01  3.3637E-01  1.0000E+00
 3.9727E+04  1.1235E-01  1.6291E-01  1.1119E-01  3.3499E-01  1.0000E+00
 4.0032E+04  1.1273E-01  1.6218E-01  1.1158E-01  3.3361E-01  1.0000E+00
 4.0338E+04  1.1311E-01  1.6145E-01  1.1197E-01  3.3224E-01  1.0000E+00
 4.0647E+04  1.1350E-01  1.6072E-01  1.1236E-01  3.3088E-01  1.0000E+00
 4.0958E+04  1.1389E-01  1.6000E-01  1.1276E-01  3.2952E-01  1.0000E+00
 4.1272E+04  1.1428E-01  1.5928E-01  1.1316E-01  3.2817E-01  1.0000E+00
 4.1588E+04  1.1467E-01  1.5856E-01  1.1356E-01  3.2682E-01  1.0000E+00
 4.1907E+04  1.1506E-01  1.5785E-01  1.1396E-01  3.2548E-01  1.0000E+00
 4.2228E+04  1.1546E-01  1.5714E-01  1.1436E-01  3.2415E-01  1.0000E+00
 4.2551E+04  1.1586E-01  1.5643E-01  1.1476E-01  3.2282E-01  1.0000E+00
 4.2877E+04  1.1625E-01  1.5573E-01  1.1517E-01  3.2150E-01  1.0000E+00
 4.3205E+04  1.1665E-01  1.5503E-01  1.1557E-01  3.2018E-01  1.0000E+00
 4.3536E+04  1.1705E-01  1.5433E-01  1.1598E-01  3.1887E-01  1.0000E+00
 4.3869E+04  1.1746E-01  1.5364E-01  1.1639E-01  3.1756E-01  1.0000E+00
 4.4205E+04  1.1786E-01  1.5295E-01  1.1680E-01  3.1626E-01  1.0000E+00
 4.4544E+04  1.1827E-01  1.5226E-01  1.1722E-01  3.1497E-01  1.0000E+00
 4.4885E+04  1.1868E-01  1.5158E-01  1.1763E-01  3.1368E-01  1.0000E+00
 4.5229E+04  1.1909E-01  1.5090E-01  1.1805E-01  3.1240E-01  1.0000E+00
 4.5575E+04  1.1950E-01  1.5022E-01  1.1847E-01  3.1113E-01  1.0000E+00
 4.5924E+04  1.1991E-01  1.4955E-01  1.1889E-01  3.0986E-01  1.0000E+00
 4.6276E+04  1.2033E-01  1.4888E-01  1.1931E-01  3.0859E-01  1.0000E+00
 4.6630E+04  1.2075E-01  1.4821E-01  1.1973E-01  3.0734E-01  1.0000E+00
 4.6987E+04  1.2116E-01  1.4754E-01  1.2016E-01  3.0609E-01  1.0000E+00
 4.7347E+04  1.2159E-01  1.4688E-01  1.2059E-01  3.0484E-01  1.0000E+00
 4.7710E+04  1.2201E-01  1.4622E-01  1.2101E-01  3.0360E-01  1.0000E+00
 4.8075E+04  1.2243E-01  1.4557E-01  1.2145E-01  3.0237E-01  1.0000E+00
 4.8443E+04  1.2286E-01  1.4491E-01  1.2188E-01  3.0114E-01  1.0000E+00
 4.8814E+04  1.2329E-01  1.4426E-01  1.2231E-01  2.9991E-01  1.0000E+00
 4.9188E+04  1.2372E-01  1.4362E-01  1.2275E-01  2.9870E-01  1.0000E+00
 4.9565E+04  1.2415E-01  1.4297E-01  1.2319E-01  2.9749E-01  1.0000E+00
 4.9945E+04  1.2459E-01  1.4233E-01  1.2363E-01  2.9628E-01  1.0000E+00
 5.0327E+04  1.2502E-01  1.4170E-01  1.2407E-01  2.9508E-01  1.0000E+00
 5.0713E+04  1.2546E-01  1.4106E-01  1.2452E-01  2.9389E-01  1.0000E+00
 5.1101E+04  1.2590E-01  1.4043E-01  1.2496E-01  2.9270E-01  1.0000E+00
 5.1492E+04  1.2635E-01  1.3980E-01  1.2541E-01  2.9152E-01  1.0000E+00
 5.1887E+04  1.2679E-01  1.3918E-01  1.2586E-01  2.9035E-01  1.0000E+00
 5.2284E+04  1.2724E-01  1.3856E-01  1.2632E-01  2.8918E-01  1.0000E+00
 5.2684E+04  1.2769E-01  1.3794E-01  1.2677E-01  2.8802E-01  1.0000E+00
 5.3088E+04  1.2814E-01  1.3732E-01  1.2723E-01  2.8686E-01  1.0000E+00
 5.3494E+04  1.2859E-01  1.3671E-01  1.2769E-01  2.8571E-01  1.0000E+00
 5.3904E+04  1.2905E-01  1.3610E-01  1.2815E-01  2.8456E-01  1.0000E+00
 5.4317E+04  1.2951E-01  1.3549E-01  1.2861E-01  2.8342E-01  1.0000E+00
 5.4733E+04  1.2997E-01  1.3489E-01  1.2908E-01  2.8228E-01  1.0000E+00
 5.5152E+04  1.3043E-01  1.3429E-01  1.2955E-01  2.8115E-01  1.0000E+00
 5.5574E+04  1.3090E-01  1.3369E-01  1.3002E-01  2.8003E-01  1.0000E+00
 5.6000E+04  1.3137E-01  1.3310E-01  1.3049E-01  2.7891E-01  1.0000E+00
 5.6429E+04  1.3184E-01  1.3251E-01  1.3097E-01  2.7780E-01  1.0000E+00
 5.6861E+04  1.3231E-01  1.3192E-01  1.3145E-01  2.7670E-01  1.0000E+00
 5.7297E+04  1.3278E-01  1.3133E-01  1.3193E-01  2.7560E-01  1.0000E+00
 5.7735E+04  1.3326E-01  1.3075E-01  1.3241E-01  2.7450E-01  1.0000E+00
 5.8177E+04  1.3374E-01  1.3017E-01  1.3289E-01  2.7341E-01  1.0000E+00
 5.8623E+04  1.3422E-01  1.2959E-01  1.3338E-01  2.7233E-01  1.0000E+00
 5.9072E+04  1.3471E-01  1.2902E-01  1.3387E-01  2.7125E-01  1.0000E+00
 5.9524E+04  1.3519E-01  1.2845E-01  1.3436E-01  2.7018E-01  1.0000E+00
 5.9980E+04  1.3568E-01  1.2788E-01  1.3486E-01  2.6912E-01  1.0000E+00
 6.0440E+04  1.3618E-01  1.2731E-01  1.3536E-01  2.6806E-01  1.0000E+00
 6.0902E+04  1.3667E-01  1.2675E-01  1.3586E-01  2.6700E-01  1.0000E+00
 6.1369E+04  1.3717E-01  1.2619E-01  1.3636E-01  2.6595E-01  1.0000E+00
 6.1839E+04  1.3767E-01  1.2563E-01  1.3686E-01  2.6491E-01  1.0000E+00
 6.2312E+04  1.3817E-01  1.2508E-01  1.3737E-01  2.6387E-01  1.0000E+00
 6.2790E+04  1.3868E-01  1.2453E-01  1.3788E-01  2.6284E-01  1.0000E+00
 6.3270E+04  1.3919E-01  1.2398E-01  1.3840E-01  2.6181E-01  1.0000E+00
 6.3755E+04  1.3970E-01  1.2344E-01  1.3891E-01  2.6079E-01  1.0000E+00
 6.4243E+04  1.4021E-01  1.2289E-01  1.3943E-01  2.5978E-01  1.0000E+00
 6.4735E+04  1.4073E-01  1.2235E-01  1.3995E-01  2.5877E-01  1.0000E+00
 6.5231E+04  1.4125E-01  1.2182E-01  1.4048E-01  2.5777E-01  1.0000E+00
 6.5731E+04  1.4177E-01  1.2128E-01  1.4101E-01  2.5677E-01  1.0000E+00
 6.6234E+04  1.4230E-01  1.2075E-01  1.4154E-01  2.5577E-01  1.0000E+00
 6.6741E+04  1.4283E-01  1.2022E-01  1.4207E-01  2.5479E-01  1.0000E+00
 6.7252E+04  1.4336E-01  1.1970E-01  1.4261E-01  2.5381E-01  1.0000E+00
 6.7767E+04  1.4390E-01  1.1918E-01  1.4315E-01  2.5283E-01  1.0000E+00
 6.8286E+04  1.4443E-01  1.1866E-01  1.4369E-01  2.5186E-01  1.0000E+00
 6.8809E+04  1.4498E-01  1.1814E-01  1.4423E-01  2.5089E-01  1.0000E+00
 6.9336E+04  1.4552E-01  1.1762E-01  1.4478E-01  2.4993E-01  1.0000E+00
 6.9867E+04  1.4607E-01  1.1711E-01  1.4533E-01  2.4898E-01  1.0000E+00
 7.0402E+04  1.4662E-01  1.1660E-01  1.4589E-01  2.4803E-01  1.0000E+00
 7.0942E+04  1.4717E-01  1.1610E-01  1.4645E-01  2.4709E-01  1.0000E+00
 7.1485E+04  1.4773E-01  1.1559E-01  1.4701E-01  2.4615E-01  1.0000E+00
 7.2032E+04  1.4829E-01  1.1509E-01  1.4757E-01  2.4522E-01  1.0000E+00
 7.2584E+04  1.4886E-01  1.1460E-01  1.4814E-01  2.4429E-01  1.0000E+00
 7.3140E+04  1.4942E-01  1.1410E-01  1.4871E-01  2.4337E-01  1.0000E+00
 7.3700E+04  1.4999E-01  1.1361E-01  1.4929E-01  2.4245E-01  1.0000E+00
 7.4264E+04  1.5057E-01  1.1312E-01  1.4987E-01  2.4154E-01  1.0000E+00
 7.4833E+04  1.5115E-01  1.1263E-01  1.5045E-01  2.4064E-01  1.0000E+00
 7.5406E+04  1.5173E-01  1.1215E-01  1.5103E-01  2.3974E-01  1.0000E+00
 7.5984E+04  1.5231E-01  1.1166E-01  1.5162E-01  2.3884E-01  1.0000E+00
 7.6566E+04  1.5290E-01  1.1118E-01  1.5222E-01  2.3796E-01  1.0000E+00
 7.7152E+04  1.5349E-01  1.1071E-01  1.5281E-01  2.3707E-01  1.0000E+00
 7.7743E+04  1.5409E-01  1.1023E-01  1.5341E-01  2.3619E-01  1.0000E+00
 7.8338E+04  1.5469E-01  1.0976E-01  1.5401E-01  2.3532E-01  1.0000E+00
 7.8938E+04  1.5529E-01  1.0929E-01  1.5462E-01  2.3445E-01  1.0000E+00
 7.9543E+04  1.5590E-01  1.0883E-01  1.5523E-01  2.3359E-01  1.0000E+00
 8.0152E+04  1.5651E-01  1.0836E-01  1.5585E-01  2.3273E-01  1.0000E+00
 8.0766E+04  1.5713E-01  1.0790E-01  1.5647E-01  2.3188E-01  1.0000E+00
 8.1384E+04  1.5774E-01  1.0744E-01  1.5709E-01  2.3103E-01  1.0000E+00
 8.2008E+04  1.5837E-01  1.0699E-01  1.5772E-01  2.3019E-01  1.0000E+00
 8.2636E+04  1.5899E-01  1.0653E-01  1.5835E-01  2.2936E-01  1.0000E+00
 8.3268E+04  1.5963E-01  1.0608E-01  1.5898E-01  2.2853E-01  1.0000E+00
 8.3906E+04  1.6026E-01  1.0564E-01  1.5962E-01  2.2770E-01  1.0000E+00
 8.4549E+04  1.6090E-01  1.0519E-01  1.6026E-01  2.2688E-01  1.0000E+00
 8.5196E+04  1.6154E-01  1.0475E-01  1.6091E-01  2.2607E-01  1.0000E+00
 8.5849E+04  1.6219E-01  1.0431E-01  1.6156E-01  2.2526E-01  1.0000E+00
 8.6506E+04  1.6284E-01  1.0387E-01  1.6222E-01  2.2445E-01  1.0000E+00
 8.7169E+04  1.6350E-01  1.0343E-01  1.6288E-01  2.2365E-01  1.0000E+00
 8.7836E+04  1.6416E-01  1.0300E-01  1.6354E-01  2.2286E-01  1.0000E+00
 8.8509E+04  1.6483E-01  1.0257E-01  1.6421E-01  2.2207E-01  1.0000E+00
 8.9187E+04  1.6550E-01  1.0214E-01  1.6488E-01  2.2128E-01  1.0000E+00
 8.9870E+04  1.6617E-01  1.0171E-01  1.6556E-01  2.2050E-01  1.0000E+00
 9.0558E+04  1.6685E-01  1.0129E-01  1.6624E-01  2.1973E-01  1.0000E+00
 9.1252E+04  1.6753E-01  1.0087E-01  1.6693E-01  2.1896E-01  1.0000E+00
 9.1950E+04  1.6822E-01  1.0045E-01  1.6762E-01  2.1820E-01  1.0000E+00
 9.2655E+04  1.6892E-01  1.0004E-01  1.6832E-01  2.1744E-01  1.0000E+00
 9.3364E+04  1.6961E-01  9.9623E-02  1.6902E-01  2.1668E-01  1.0000E+00
 9.4079E+04  1.7032E-01  9.9212E-02  1.6973E-01  2.1594E-01  1.0000E+00
 9.4800E+04  1.7102E-01  9.8803E-02  1.7044E-01  2.1519E-01  1.0000E+00
 9.5526E+04  1.7174E-01  9.8397E-02  1.7115E-01  2.1445E-01  1.0000E+00
 9.6257E+04  1.7246E-01  9.7993E-02  1.7187E-01  2.1372E-01  1.0000E+00
 9.6994E+04  1.7318E-01  9.7591E-02  1.7260E-01  2.1299E-01  1.0000E+00
 9.7737E+04  1.7391E-01  9.7192E-02  1.7333E-01  2.1227E-01  1.0000E+00
 9.8486E+04  1.7464E-01  9.6796E-02  1.7407E-01  2.1155E-01  1.0000E+00
 9.9240E+04  1.7538E-01  9.6401E-02  1.7481E-01  2.1084E-01  1.0000E+00
 1.0000E+05  1.7612E-01  9.6009E-02  1.7555E-01  2.1013E-01  1.0000E+00


