#     0	 1	   17	 3	 9.3634E+02	 1000	1
 4.8978E+01  0.0000E+00  0.0000E+00  0.0000E+00  0.0000E+00  0.0000E+00
 4.9353E+01  0.0000E+00  0.0000E+00  0.0000E+00  0.0000E+00  0.0000E+00
 4.9731E+01  0.0000E+00  0.0000E+00  0.0000E+00  0.0000E+00  0.0000E+00
 5.0112E+01  0.0000E+00  0.0000E+00  0.0000E+00  0.0000E+00  0.0000E+00
 5.0496E+01  0.0000E+00  0.0000E+00  0.0000E+00  0.0000E+00  0.0000E+00
 5.0882E+01  0.0000E+00  0.0000E+00  0.0000E+00  0.0000E+00  0.0000E+00
 5.1272E+01  0.0000E+00  0.0000E+00  0.0000E+00  0.0000E+00  0.0000E+00
 5.1665E+01  0.0000E+00  0.0000E+00  0.0000E+00  0.0000E+00  0.0000E+00
 5.2060E+01  0.0000E+00  0.0000E+00  0.0000E+00  0.0000E+00  0.0000E+00
 5.2459E+01  0.0000E+00  0.0000E+00  0.0000E+00  0.0000E+00  0.0000E+00
 5.2861E+01  0.0000E+00  0.0000E+00  0.0000E+00  0.0000E+00  0.0000E+00
 5.3266E+01  0.0000E+00  0.0000E+00  0.0000E+00  0.0000E+00  0.0000E+00
 5.3673E+01  0.0000E+00  0.0000E+00  0.0000E+00  0.0000E+00  0.0000E+00
 5.4085E+01  0.0000E+00  0.0000E+00  0.0000E+00  0.0000E+00  0.0000E+00
 5.4499E+01  0.0000E+00  0.0000E+00  0.0000E+00  0.0000E+00  0.0000E+00
 5.4916E+01  0.0000E+00  0.0000E+00  0.0000E+00  0.0000E+00  0.0000E+00
 5.5337E+01  0.0000E+00  0.0000E+00  0.0000E+00  0.0000E+00  0.0000E+00
 5.5760E+01  0.0000E+00  0.0000E+00  0.0000E+00  0.0000E+00  0.0000E+00
 5.6187E+01  0.0000E+00  0.0000E+00  0.0000E+00  0.0000E+00  0.0000E+00
 5.6618E+01  0.0000E+00  0.0000E+00  0.0000E+00  0.0000E+00  0.0000E+00
 5.7051E+01  0.0000E+00  0.0000E+00  0.0000E+00  0.0000E+00  0.0000E+00
 5.7488E+01  0.0000E+00  0.0000E+00  0.0000E+00  0.0000E+00  0.0000E+00
 5.7929E+01  0.0000E+00  0.0000E+00  0.0000E+00  0.0000E+00  0.0000E+00
 5.8372E+01  0.0000E+00  0.0000E+00  0.0000E+00  0.0000E+00  0.0000E+00
 5.8819E+01  0.0000E+00  0.0000E+00  0.0000E+00  0.0000E+00  0.0000E+00
 5.9270E+01  0.0000E+00  0.0000E+00  0.0000E+00  0.0000E+00  0.0000E+00
 5.9724E+01  0.0000E+00  0.0000E+00  0.0000E+00  0.0000E+00  0.0000E+00
 6.0181E+01  0.0000E+00  0.0000E+00  0.0000E+00  0.0000E+00  0.0000E+00
 6.0642E+01  0.0000E+00  0.0000E+00  0.0000E+00  0.0000E+00  0.0000E+00
 6.1106E+01  0.0000E+00  0.0000E+00  0.0000E+00  0.0000E+00  0.0000E+00
 6.1574E+01  0.0000E+00  0.0000E+00  0.0000E+00  0.0000E+00  0.0000E+00
 6.2046E+01  0.0000E+00  0.0000E+00  0.0000E+00  0.0000E+00  0.0000E+00
 6.2521E+01  0.0000E+00  0.0000E+00  0.0000E+00  0.0000E+00  0.0000E+00
 6.3000E+01  0.0000E+00  0.0000E+00  0.0000E+00  0.0000E+00  0.0000E+00
 6.3482E+01  0.0000E+00  0.0000E+00  0.0000E+00  0.0000E+00  0.0000E+00
 6.3968E+01  0.0000E+00  0.0000E+00  0.0000E+00  0.0000E+00  0.0000E+00
 6.4458E+01  0.0000E+00  0.0000E+00  0.0000E+00  0.0000E+00  0.0000E+00
 6.4952E+01  0.0000E+00  0.0000E+00  0.0000E+00  0.0000E+00  0.0000E+00
 6.5449E+01  0.0000E+00  0.0000E+00  0.0000E+00  0.0000E+00  0.0000E+00
 6.5951E+01  0.0000E+00  0.0000E+00  0.0000E+00  0.0000E+00  0.0000E+00
 6.6456E+01  0.0000E+00  0.0000E+00  0.0000E+00  0.0000E+00  0.0000E+00
 6.6965E+01  0.0000E+00  0.0000E+00  0.0000E+00  0.0000E+00  0.0000E+00
 6.7478E+01  0.0000E+00  0.0000E+00  0.0000E+00  0.0000E+00  0.0000E+00
 6.7994E+01  0.0000E+00  0.0000E+00  0.0000E+00  0.0000E+00  0.0000E+00
 6.8515E+01  0.0000E+00  0.0000E+00  0.0000E+00  0.0000E+00  0.0000E+00
 6.9040E+01  0.0000E+00  0.0000E+00  0.0000E+00  0.0000E+00  0.0000E+00
 6.9568E+01  0.0000E+00  0.0000E+00  0.0000E+00  0.0000E+00  0.0000E+00
 7.0101E+01  0.0000E+00  0.0000E+00  0.0000E+00  0.0000E+00  0.0000E+00
 7.0638E+01  0.0000E+00  0.0000E+00  0.0000E+00  0.0000E+00  0.0000E+00
 7.1179E+01  0.0000E+00  0.0000E+00  0.0000E+00  0.0000E+00  0.0000E+00
 7.1724E+01  0.0000E+00  0.0000E+00  0.0000E+00  0.0000E+00  0.0000E+00
 7.2273E+01  0.0000E+00  0.0000E+00  0.0000E+00  0.0000E+00  0.0000E+00
 7.2827E+01  0.0000E+00  0.0000E+00  0.0000E+00  0.0000E+00  0.0000E+00
 7.3385E+01  0.0000E+00  0.0000E+00  0.0000E+00  0.0000E+00  0.0000E+00
 7.3947E+01  0.0000E+00  0.0000E+00  0.0000E+00  0.0000E+00  0.0000E+00
 7.4513E+01  0.0000E+00  0.0000E+00  0.0000E+00  0.0000E+00  0.0000E+00
 7.5084E+01  0.0000E+00  0.0000E+00  0.0000E+00  0.0000E+00  0.0000E+00
 7.5659E+01  0.0000E+00  0.0000E+00  0.0000E+00  0.0000E+00  0.0000E+00
 7.6238E+01  0.0000E+00  0.0000E+00  0.0000E+00  0.0000E+00  0.0000E+00
 7.6822E+01  0.0000E+00  0.0000E+00  0.0000E+00  0.0000E+00  0.0000E+00
 7.7410E+01  0.0000E+00  0.0000E+00  0.0000E+00  0.0000E+00  0.0000E+00
 7.8003E+01  0.0000E+00  0.0000E+00  0.0000E+00  0.0000E+00  0.0000E+00
 7.8601E+01  0.0000E+00  0.0000E+00  0.0000E+00  0.0000E+00  0.0000E+00
 7.9202E+01  0.0000E+00  0.0000E+00  0.0000E+00  0.0000E+00  0.0000E+00
 7.9809E+01  0.0000E+00  0.0000E+00  0.0000E+00  0.0000E+00  0.0000E+00
 8.0420E+01  0.0000E+00  0.0000E+00  0.0000E+00  0.0000E+00  0.0000E+00
 8.1036E+01  0.0000E+00  0.0000E+00  0.0000E+00  0.0000E+00  0.0000E+00
 8.1657E+01  0.0000E+00  0.0000E+00  0.0000E+00  0.0000E+00  0.0000E+00
 8.2282E+01  0.0000E+00  0.0000E+00  0.0000E+00  0.0000E+00  0.0000E+00
 8.2912E+01  0.0000E+00  0.0000E+00  0.0000E+00  0.0000E+00  0.0000E+00
 8.3547E+01  0.0000E+00  0.0000E+00  0.0000E+00  0.0000E+00  0.0000E+00
 8.4187E+01  0.0000E+00  0.0000E+00  0.0000E+00  0.0000E+00  0.0000E+00
 8.4832E+01  0.0000E+00  0.0000E+00  0.0000E+00  0.0000E+00  0.0000E+00
 8.5481E+01  0.0000E+00  0.0000E+00  0.0000E+00  0.0000E+00  0.0000E+00
 8.6136E+01  0.0000E+00  0.0000E+00  0.0000E+00  0.0000E+00  0.0000E+00
 8.6796E+01  0.0000E+00  0.0000E+00  0.0000E+00  0.0000E+00  0.0000E+00
 8.7460E+01  0.0000E+00  0.0000E+00  0.0000E+00  0.0000E+00  0.0000E+00
 8.8130E+01  0.0000E+00  0.0000E+00  0.0000E+00  0.0000E+00  0.0000E+00
 8.8805E+01  0.0000E+00  0.0000E+00  0.0000E+00  0.0000E+00  0.0000E+00
 8.9485E+01  0.0000E+00  0.0000E+00  0.0000E+00  0.0000E+00  0.0000E+00
 9.0171E+01  0.0000E+00  0.0000E+00  0.0000E+00  0.0000E+00  0.0000E+00
 9.0861E+01  0.0000E+00  0.0000E+00  0.0000E+00  0.0000E+00  0.0000E+00
 9.1557E+01  0.0000E+00  0.0000E+00  0.0000E+00  0.0000E+00  0.0000E+00
 9.2258E+01  0.0000E+00  0.0000E+00  0.0000E+00  0.0000E+00  0.0000E+00
 9.2965E+01  0.0000E+00  0.0000E+00  0.0000E+00  0.0000E+00  0.0000E+00
 9.3677E+01  0.0000E+00  0.0000E+00  0.0000E+00  0.0000E+00  0.0000E+00
 9.4394E+01  0.0000E+00  0.0000E+00  0.0000E+00  0.0000E+00  0.0000E+00
 9.5117E+01  0.0000E+00  0.0000E+00  0.0000E+00  0.0000E+00  0.0000E+00
 9.5845E+01  0.0000E+00  0.0000E+00  0.0000E+00  0.0000E+00  0.0000E+00
 9.6579E+01  0.0000E+00  0.0000E+00  0.0000E+00  0.0000E+00  0.0000E+00
 9.7319E+01  0.0000E+00  0.0000E+00  0.0000E+00  0.0000E+00  0.0000E+00
 9.8064E+01  0.0000E+00  0.0000E+00  0.0000E+00  0.0000E+00  0.0000E+00
 9.8815E+01  0.0000E+00  0.0000E+00  0.0000E+00  0.0000E+00  0.0000E+00
 9.9572E+01  0.0000E+00  0.0000E+00  0.0000E+00  0.0000E+00  0.0000E+00
 1.0033E+02  0.0000E+00  0.0000E+00  0.0000E+00  0.0000E+00  0.0000E+00
 1.0110E+02  0.0000E+00  0.0000E+00  0.0000E+00  0.0000E+00  0.0000E+00
 1.0188E+02  0.0000E+00  0.0000E+00  0.0000E+00  0.0000E+00  0.0000E+00
 1.0266E+02  0.0000E+00  0.0000E+00  0.0000E+00  0.0000E+00  0.0000E+00
 1.0344E+02  0.0000E+00  0.0000E+00  0.0000E+00  0.0000E+00  0.0000E+00
 1.0424E+02  0.0000E+00  0.0000E+00  0.0000E+00  0.0000E+00  0.0000E+00
 1.0503E+02  0.0000E+00  0.0000E+00  0.0000E+00  0.0000E+00  0.0000E+00
 1.0584E+02  0.0000E+00  0.0000E+00  0.0000E+00  0.0000E+00  0.0000E+00
 1.0665E+02  0.0000E+00  0.0000E+00  0.0000E+00  0.0000E+00  0.0000E+00
 1.0747E+02  0.0000E+00  0.0000E+00  0.0000E+00  0.0000E+00  0.0000E+00
 1.0829E+02  0.0000E+00  0.0000E+00  0.0000E+00  0.0000E+00  0.0000E+00
 1.0912E+02  0.0000E+00  0.0000E+00  0.0000E+00  0.0000E+00  0.0000E+00
 1.0995E+02  0.0000E+00  0.0000E+00  0.0000E+00  0.0000E+00  0.0000E+00
 1.1080E+02  0.0000E+00  0.0000E+00  0.0000E+00  0.0000E+00  0.0000E+00
 1.1164E+02  0.0000E+00  0.0000E+00  0.0000E+00  0.0000E+00  0.0000E+00
 1.1250E+02  0.0000E+00  0.0000E+00  0.0000E+00  0.0000E+00  0.0000E+00
 1.1336E+02  0.0000E+00  0.0000E+00  0.0000E+00  0.0000E+00  0.0000E+00
 1.1423E+02  0.0000E+00  0.0000E+00  0.0000E+00  0.0000E+00  0.0000E+00
 1.1510E+02  0.0000E+00  0.0000E+00  0.0000E+00  0.0000E+00  0.0000E+00
 1.1599E+02  0.0000E+00  0.0000E+00  0.0000E+00  0.0000E+00  0.0000E+00
 1.1687E+02  0.0000E+00  0.0000E+00  0.0000E+00  0.0000E+00  0.0000E+00
 1.1777E+02  0.0000E+00  0.0000E+00  0.0000E+00  0.0000E+00  0.0000E+00
 1.1867E+02  0.0000E+00  0.0000E+00  0.0000E+00  0.0000E+00  0.0000E+00
 1.1958E+02  0.0000E+00  0.0000E+00  0.0000E+00  0.0000E+00  0.0000E+00
 1.2050E+02  0.0000E+00  0.0000E+00  0.0000E+00  0.0000E+00  0.0000E+00
 1.2142E+02  0.0000E+00  0.0000E+00  0.0000E+00  0.0000E+00  0.0000E+00
 1.2235E+02  0.0000E+00  0.0000E+00  0.0000E+00  0.0000E+00  0.0000E+00
 1.2329E+02  0.0000E+00  0.0000E+00  0.0000E+00  0.0000E+00  0.0000E+00
 1.2423E+02  0.0000E+00  0.0000E+00  0.0000E+00  0.0000E+00  0.0000E+00
 1.2518E+02  0.0000E+00  0.0000E+00  0.0000E+00  0.0000E+00  0.0000E+00
 1.2614E+02  0.0000E+00  0.0000E+00  0.0000E+00  0.0000E+00  0.0000E+00
 1.2711E+02  0.0000E+00  0.0000E+00  0.0000E+00  0.0000E+00  0.0000E+00
 1.2808E+02  0.0000E+00  0.0000E+00  0.0000E+00  0.0000E+00  0.0000E+00
 1.2906E+02  0.0000E+00  0.0000E+00  0.0000E+00  0.0000E+00  0.0000E+00
 1.3005E+02  0.0000E+00  0.0000E+00  0.0000E+00  0.0000E+00  0.0000E+00
 1.3104E+02  0.0000E+00  0.0000E+00  0.0000E+00  0.0000E+00  0.0000E+00
 1.3205E+02  0.0000E+00  0.0000E+00  0.0000E+00  0.0000E+00  0.0000E+00
 1.3306E+02  0.0000E+00  0.0000E+00  0.0000E+00  0.0000E+00  0.0000E+00
 1.3408E+02  0.0000E+00  0.0000E+00  0.0000E+00  0.0000E+00  0.0000E+00
 1.3510E+02  0.0000E+00  0.0000E+00  0.0000E+00  0.0000E+00  0.0000E+00
 1.3614E+02  0.0000E+00  0.0000E+00  0.0000E+00  0.0000E+00  0.0000E+00
 1.3718E+02  0.0000E+00  0.0000E+00  0.0000E+00  0.0000E+00  0.0000E+00
 1.3823E+02  0.0000E+00  0.0000E+00  0.0000E+00  0.0000E+00  0.0000E+00
 1.3929E+02  0.0000E+00  0.0000E+00  0.0000E+00  0.0000E+00  0.0000E+00
 1.4036E+02  0.0000E+00  0.0000E+00  0.0000E+00  0.0000E+00  0.0000E+00
 1.4143E+02  0.0000E+00  0.0000E+00  0.0000E+00  0.0000E+00  0.0000E+00
 1.4252E+02  0.0000E+00  0.0000E+00  0.0000E+00  0.0000E+00  0.0000E+00
 1.4361E+02  0.0000E+00  0.0000E+00  0.0000E+00  0.0000E+00  0.0000E+00
 1.4471E+02  0.0000E+00  0.0000E+00  0.0000E+00  0.0000E+00  0.0000E+00
 1.4582E+02  0.0000E+00  0.0000E+00  0.0000E+00  0.0000E+00  0.0000E+00
 1.4693E+02  0.0000E+00  0.0000E+00  0.0000E+00  0.0000E+00  0.0000E+00
 1.4806E+02  0.0000E+00  0.0000E+00  0.0000E+00  0.0000E+00  0.0000E+00
 1.4919E+02  0.0000E+00  0.0000E+00  0.0000E+00  0.0000E+00  0.0000E+00
 1.5033E+02  0.0000E+00  0.0000E+00  0.0000E+00  0.0000E+00  0.0000E+00
 1.5149E+02  0.0000E+00  0.0000E+00  0.0000E+00  0.0000E+00  0.0000E+00
 1.5265E+02  0.0000E+00  0.0000E+00  0.0000E+00  0.0000E+00  0.0000E+00
 1.5381E+02  0.0000E+00  0.0000E+00  0.0000E+00  0.0000E+00  0.0000E+00
 1.5499E+02  0.0000E+00  0.0000E+00  0.0000E+00  0.0000E+00  0.0000E+00
 1.5618E+02  0.0000E+00  0.0000E+00  0.0000E+00  0.0000E+00  0.0000E+00
 1.5738E+02  0.0000E+00  0.0000E+00  0.0000E+00  0.0000E+00  0.0000E+00
 1.5858E+02  0.0000E+00  0.0000E+00  0.0000E+00  0.0000E+00  0.0000E+00
 1.5980E+02  0.0000E+00  0.0000E+00  0.0000E+00  0.0000E+00  0.0000E+00
 1.6102E+02  0.0000E+00  0.0000E+00  0.0000E+00  0.0000E+00  0.0000E+00
 1.6225E+02  0.0000E+00  0.0000E+00  0.0000E+00  0.0000E+00  0.0000E+00
 1.6349E+02  0.0000E+00  0.0000E+00  0.0000E+00  0.0000E+00  0.0000E+00
 1.6475E+02  0.0000E+00  0.0000E+00  0.0000E+00  0.0000E+00  0.0000E+00
 1.6601E+02  0.0000E+00  0.0000E+00  0.0000E+00  0.0000E+00  0.0000E+00
 1.6728E+02  0.0000E+00  0.0000E+00  0.0000E+00  0.0000E+00  0.0000E+00
 1.6856E+02  0.0000E+00  0.0000E+00  0.0000E+00  0.0000E+00  0.0000E+00
 1.6985E+02  0.0000E+00  0.0000E+00  0.0000E+00  0.0000E+00  0.0000E+00
 1.7115E+02  0.0000E+00  0.0000E+00  0.0000E+00  0.0000E+00  0.0000E+00
 1.7246E+02  0.0000E+00  0.0000E+00  0.0000E+00  0.0000E+00  0.0000E+00
 1.7378E+02  0.0000E+00  0.0000E+00  0.0000E+00  0.0000E+00  0.0000E+00
 1.7511E+02  0.0000E+00  0.0000E+00  0.0000E+00  0.0000E+00  0.0000E+00
 1.7646E+02  0.0000E+00  0.0000E+00  0.0000E+00  0.0000E+00  0.0000E+00
 1.7781E+02  0.0000E+00  0.0000E+00  0.0000E+00  0.0000E+00  0.0000E+00
 1.7917E+02  0.0000E+00  0.0000E+00  0.0000E+00  0.0000E+00  0.0000E+00
 1.8054E+02  0.0000E+00  0.0000E+00  0.0000E+00  0.0000E+00  0.0000E+00
 1.8192E+02  0.0000E+00  0.0000E+00  0.0000E+00  0.0000E+00  0.0000E+00
 1.8332E+02  0.0000E+00  0.0000E+00  0.0000E+00  0.0000E+00  0.0000E+00
 1.8472E+02  0.0000E+00  0.0000E+00  0.0000E+00  0.0000E+00  0.0000E+00
 1.8614E+02  0.0000E+00  0.0000E+00  0.0000E+00  0.0000E+00  0.0000E+00
 1.8756E+02  0.0000E+00  0.0000E+00  0.0000E+00  0.0000E+00  0.0000E+00
 1.8900E+02  0.0000E+00  0.0000E+00  0.0000E+00  0.0000E+00  0.0000E+00
 1.9045E+02  0.0000E+00  0.0000E+00  0.0000E+00  0.0000E+00  0.0000E+00
 1.9190E+02  0.0000E+00  0.0000E+00  0.0000E+00  0.0000E+00  0.0000E+00
 1.9337E+02  0.0000E+00  0.0000E+00  0.0000E+00  0.0000E+00  0.0000E+00
 1.9485E+02  0.0000E+00  0.0000E+00  0.0000E+00  0.0000E+00  0.0000E+00
 1.9635E+02  0.0000E+00  0.0000E+00  0.0000E+00  0.0000E+00  0.0000E+00
 1.9785E+02  0.0000E+00  0.0000E+00  0.0000E+00  0.0000E+00  0.0000E+00
 1.9937E+02  0.0000E+00  0.0000E+00  0.0000E+00  0.0000E+00  0.0000E+00
 2.0089E+02  0.0000E+00  0.0000E+00  0.0000E+00  0.0000E+00  0.0000E+00
 2.0243E+02  0.0000E+00  0.0000E+00  0.0000E+00  0.0000E+00  0.0000E+00
 2.0398E+02  0.0000E+00  0.0000E+00  0.0000E+00  0.0000E+00  0.0000E+00
 2.0554E+02  0.0000E+00  0.0000E+00  0.0000E+00  0.0000E+00  0.0000E+00
 2.0712E+02  0.0000E+00  0.0000E+00  0.0000E+00  0.0000E+00  0.0000E+00
 2.0870E+02  0.0000E+00  0.0000E+00  0.0000E+00  0.0000E+00  0.0000E+00
 2.1030E+02  0.0000E+00  0.0000E+00  0.0000E+00  0.0000E+00  0.0000E+00
 2.1191E+02  0.0000E+00  0.0000E+00  0.0000E+00  0.0000E+00  0.0000E+00
 2.1354E+02  0.0000E+00  0.0000E+00  0.0000E+00  0.0000E+00  0.0000E+00
 2.1517E+02  0.0000E+00  0.0000E+00  0.0000E+00  0.0000E+00  0.0000E+00
 2.1682E+02  0.0000E+00  0.0000E+00  0.0000E+00  0.0000E+00  0.0000E+00
 2.1848E+02  0.0000E+00  0.0000E+00  0.0000E+00  0.0000E+00  0.0000E+00
 2.2015E+02  0.0000E+00  0.0000E+00  0.0000E+00  0.0000E+00  0.0000E+00
 2.2184E+02  0.0000E+00  0.0000E+00  0.0000E+00  0.0000E+00  0.0000E+00
 2.2354E+02  0.0000E+00  0.0000E+00  0.0000E+00  0.0000E+00  0.0000E+00
 2.2525E+02  0.0000E+00  0.0000E+00  0.0000E+00  0.0000E+00  0.0000E+00
 2.2697E+02  0.0000E+00  0.0000E+00  0.0000E+00  0.0000E+00  0.0000E+00
 2.2871E+02  0.0000E+00  0.0000E+00  0.0000E+00  0.0000E+00  0.0000E+00
 2.3046E+02  0.0000E+00  0.0000E+00  0.0000E+00  0.0000E+00  0.0000E+00
 2.3223E+02  0.0000E+00  0.0000E+00  0.0000E+00  0.0000E+00  0.0000E+00
 2.3401E+02  0.0000E+00  0.0000E+00  0.0000E+00  0.0000E+00  0.0000E+00
 2.3580E+02  0.0000E+00  0.0000E+00  0.0000E+00  0.0000E+00  0.0000E+00
 2.3761E+02  0.0000E+00  0.0000E+00  0.0000E+00  0.0000E+00  0.0000E+00
 2.3942E+02  0.0000E+00  0.0000E+00  0.0000E+00  0.0000E+00  0.0000E+00
 2.4126E+02  0.0000E+00  0.0000E+00  0.0000E+00  0.0000E+00  0.0000E+00
 2.4311E+02  0.0000E+00  0.0000E+00  0.0000E+00  0.0000E+00  0.0000E+00
 2.4497E+02  0.0000E+00  0.0000E+00  0.0000E+00  0.0000E+00  0.0000E+00
 2.4684E+02  0.0000E+00  0.0000E+00  0.0000E+00  0.0000E+00  0.0000E+00
 2.4873E+02  0.0000E+00  0.0000E+00  0.0000E+00  0.0000E+00  0.0000E+00
 2.5064E+02  0.0000E+00  0.0000E+00  0.0000E+00  0.0000E+00  0.0000E+00
 2.5256E+02  0.0000E+00  0.0000E+00  0.0000E+00  0.0000E+00  0.0000E+00
 2.5449E+02  0.0000E+00  0.0000E+00  0.0000E+00  0.0000E+00  0.0000E+00
 2.5644E+02  0.0000E+00  0.0000E+00  0.0000E+00  0.0000E+00  0.0000E+00
 2.5841E+02  0.0000E+00  0.0000E+00  0.0000E+00  0.0000E+00  0.0000E+00
 2.6038E+02  0.0000E+00  0.0000E+00  0.0000E+00  0.0000E+00  0.0000E+00
 2.6238E+02  0.0000E+00  0.0000E+00  0.0000E+00  0.0000E+00  0.0000E+00
 2.6439E+02  0.0000E+00  0.0000E+00  0.0000E+00  0.0000E+00  0.0000E+00
 2.6641E+02  0.0000E+00  0.0000E+00  0.0000E+00  0.0000E+00  0.0000E+00
 2.6845E+02  0.0000E+00  0.0000E+00  0.0000E+00  0.0000E+00  0.0000E+00
 2.7051E+02  0.0000E+00  0.0000E+00  0.0000E+00  0.0000E+00  0.0000E+00
 2.7258E+02  0.0000E+00  0.0000E+00  0.0000E+00  0.0000E+00  0.0000E+00
 2.7467E+02  0.0000E+00  0.0000E+00  0.0000E+00  0.0000E+00  0.0000E+00
 2.7677E+02  0.0000E+00  0.0000E+00  0.0000E+00  0.0000E+00  0.0000E+00
 2.7889E+02  0.0000E+00  0.0000E+00  0.0000E+00  0.0000E+00  0.0000E+00
 2.8103E+02  0.0000E+00  0.0000E+00  0.0000E+00  0.0000E+00  0.0000E+00
 2.8318E+02  0.0000E+00  0.0000E+00  0.0000E+00  0.0000E+00  0.0000E+00
 2.8535E+02  0.0000E+00  0.0000E+00  0.0000E+00  0.0000E+00  0.0000E+00
 2.8753E+02  0.0000E+00  0.0000E+00  0.0000E+00  0.0000E+00  0.0000E+00
 2.8974E+02  0.0000E+00  0.0000E+00  0.0000E+00  0.0000E+00  0.0000E+00
 2.9195E+02  0.0000E+00  0.0000E+00  0.0000E+00  0.0000E+00  0.0000E+00
 2.9419E+02  0.0000E+00  0.0000E+00  0.0000E+00  0.0000E+00  0.0000E+00
 2.9644E+02  0.0000E+00  0.0000E+00  0.0000E+00  0.0000E+00  0.0000E+00
 2.9871E+02  0.0000E+00  0.0000E+00  0.0000E+00  0.0000E+00  0.0000E+00
 3.0100E+02  0.0000E+00  0.0000E+00  0.0000E+00  0.0000E+00  0.0000E+00
 3.0331E+02  0.0000E+00  0.0000E+00  0.0000E+00  0.0000E+00  0.0000E+00
 3.0563E+02  0.0000E+00  0.0000E+00  0.0000E+00  0.0000E+00  0.0000E+00
 3.0797E+02  0.0000E+00  0.0000E+00  0.0000E+00  0.0000E+00  0.0000E+00
 3.1033E+02  0.0000E+00  0.0000E+00  0.0000E+00  0.0000E+00  0.0000E+00
 3.1271E+02  0.0000E+00  0.0000E+00  0.0000E+00  0.0000E+00  0.0000E+00
 3.1510E+02  0.0000E+00  0.0000E+00  0.0000E+00  0.0000E+00  0.0000E+00
 3.1751E+02  0.0000E+00  0.0000E+00  0.0000E+00  0.0000E+00  0.0000E+00
 3.1994E+02  0.0000E+00  0.0000E+00  0.0000E+00  0.0000E+00  0.0000E+00
 3.2240E+02  0.0000E+00  0.0000E+00  0.0000E+00  0.0000E+00  0.0000E+00
 3.2486E+02  0.0000E+00  0.0000E+00  0.0000E+00  0.0000E+00  0.0000E+00
 3.2735E+02  0.0000E+00  0.0000E+00  0.0000E+00  0.0000E+00  0.0000E+00
 3.2986E+02  0.0000E+00  0.0000E+00  0.0000E+00  0.0000E+00  0.0000E+00
 3.3239E+02  0.0000E+00  0.0000E+00  0.0000E+00  0.0000E+00  0.0000E+00
 3.3493E+02  0.0000E+00  0.0000E+00  0.0000E+00  0.0000E+00  0.0000E+00
 3.3750E+02  0.0000E+00  0.0000E+00  0.0000E+00  0.0000E+00  0.0000E+00
 3.4008E+02  0.0000E+00  0.0000E+00  0.0000E+00  0.0000E+00  0.0000E+00
 3.4268E+02  0.0000E+00  0.0000E+00  0.0000E+00  0.0000E+00  0.0000E+00
 3.4531E+02  0.0000E+00  0.0000E+00  0.0000E+00  0.0000E+00  0.0000E+00
 3.4795E+02  0.0000E+00  0.0000E+00  0.0000E+00  0.0000E+00  0.0000E+00
 3.5062E+02  0.0000E+00  0.0000E+00  0.0000E+00  0.0000E+00  0.0000E+00
 3.5330E+02  0.0000E+00  0.0000E+00  0.0000E+00  0.0000E+00  0.0000E+00
 3.5601E+02  0.0000E+00  0.0000E+00  0.0000E+00  0.0000E+00  0.0000E+00
 3.5874E+02  0.0000E+00  0.0000E+00  0.0000E+00  0.0000E+00  0.0000E+00
 3.6148E+02  0.0000E+00  0.0000E+00  0.0000E+00  0.0000E+00  0.0000E+00
 3.6425E+02  0.0000E+00  0.0000E+00  0.0000E+00  0.0000E+00  0.0000E+00
 3.6704E+02  0.0000E+00  0.0000E+00  0.0000E+00  0.0000E+00  0.0000E+00
 3.6985E+02  0.0000E+00  0.0000E+00  0.0000E+00  0.0000E+00  0.0000E+00
 3.7268E+02  0.0000E+00  0.0000E+00  0.0000E+00  0.0000E+00  0.0000E+00
 3.7554E+02  0.0000E+00  0.0000E+00  0.0000E+00  0.0000E+00  0.0000E+00
 3.7841E+02  0.0000E+00  0.0000E+00  0.0000E+00  0.0000E+00  0.0000E+00
 3.8131E+02  0.0000E+00  0.0000E+00  0.0000E+00  0.0000E+00  0.0000E+00
 3.8423E+02  0.0000E+00  0.0000E+00  0.0000E+00  0.0000E+00  0.0000E+00
 3.8718E+02  0.0000E+00  0.0000E+00  0.0000E+00  0.0000E+00  0.0000E+00
 3.9014E+02  0.0000E+00  0.0000E+00  0.0000E+00  0.0000E+00  0.0000E+00
 3.9313E+02  0.0000E+00  0.0000E+00  0.0000E+00  0.0000E+00  0.0000E+00
 3.9614E+02  0.0000E+00  0.0000E+00  0.0000E+00  0.0000E+00  0.0000E+00
 3.9917E+02  0.0000E+00  0.0000E+00  0.0000E+00  0.0000E+00  0.0000E+00
 4.0223E+02  0.0000E+00  0.0000E+00  0.0000E+00  0.0000E+00  0.0000E+00
 4.0531E+02  0.0000E+00  0.0000E+00  0.0000E+00  0.0000E+00  0.0000E+00
 4.0841E+02  0.0000E+00  0.0000E+00  0.0000E+00  0.0000E+00  0.0000E+00
 4.1154E+02  0.0000E+00  0.0000E+00  0.0000E+00  0.0000E+00  0.0000E+00
 4.1469E+02  0.0000E+00  0.0000E+00  0.0000E+00  0.0000E+00  0.0000E+00
 4.1787E+02  0.0000E+00  0.0000E+00  0.0000E+00  0.0000E+00  0.0000E+00
 4.2107E+02  0.0000E+00  0.0000E+00  0.0000E+00  0.0000E+00  0.0000E+00
 4.2429E+02  0.0000E+00  0.0000E+00  0.0000E+00  0.0000E+00  0.0000E+00
 4.2754E+02  0.0000E+00  0.0000E+00  0.0000E+00  0.0000E+00  0.0000E+00
 4.3082E+02  0.0000E+00  0.0000E+00  0.0000E+00  0.0000E+00  0.0000E+00
 4.3412E+02  0.0000E+00  0.0000E+00  0.0000E+00  0.0000E+00  0.0000E+00
 4.3744E+02  0.0000E+00  0.0000E+00  0.0000E+00  0.0000E+00  0.0000E+00
 4.4079E+02  0.0000E+00  0.0000E+00  0.0000E+00  0.0000E+00  0.0000E+00
 4.4417E+02  0.0000E+00  0.0000E+00  0.0000E+00  0.0000E+00  0.0000E+00
 4.4757E+02  0.0000E+00  0.0000E+00  0.0000E+00  0.0000E+00  0.0000E+00
 4.5100E+02  0.0000E+00  0.0000E+00  0.0000E+00  0.0000E+00  0.0000E+00
 4.5445E+02  0.0000E+00  0.0000E+00  0.0000E+00  0.0000E+00  0.0000E+00
 4.5793E+02  0.0000E+00  0.0000E+00  0.0000E+00  0.0000E+00  0.0000E+00
 4.6144E+02  0.0000E+00  0.0000E+00  0.0000E+00  0.0000E+00  0.0000E+00
 4.6497E+02  0.0000E+00  0.0000E+00  0.0000E+00  0.0000E+00  0.0000E+00
 4.6853E+02  0.0000E+00  0.0000E+00  0.0000E+00  0.0000E+00  0.0000E+00
 4.7212E+02  0.0000E+00  0.0000E+00  0.0000E+00  0.0000E+00  0.0000E+00
 4.7574E+02  0.0000E+00  0.0000E+00  0.0000E+00  0.0000E+00  0.0000E+00
 4.7938E+02  0.0000E+00  0.0000E+00  0.0000E+00  0.0000E+00  0.0000E+00
 4.8305E+02  0.0000E+00  0.0000E+00  0.0000E+00  0.0000E+00  0.0000E+00
 4.8675E+02  0.0000E+00  0.0000E+00  0.0000E+00  0.0000E+00  0.0000E+00
 4.9048E+02  0.0000E+00  0.0000E+00  0.0000E+00  0.0000E+00  0.0000E+00
 4.9424E+02  0.0000E+00  0.0000E+00  0.0000E+00  0.0000E+00  0.0000E+00
 4.9802E+02  0.0000E+00  0.0000E+00  0.0000E+00  0.0000E+00  0.0000E+00
 5.0183E+02  0.0000E+00  0.0000E+00  0.0000E+00  0.0000E+00  0.0000E+00
 5.0568E+02  0.0000E+00  0.0000E+00  0.0000E+00  0.0000E+00  0.0000E+00
 5.0955E+02  0.0000E+00  0.0000E+00  0.0000E+00  0.0000E+00  0.0000E+00
 5.1345E+02  0.0000E+00  0.0000E+00  0.0000E+00  0.0000E+00  0.0000E+00
 5.1738E+02  0.0000E+00  0.0000E+00  0.0000E+00  0.0000E+00  0.0000E+00
 5.2135E+02  0.0000E+00  0.0000E+00  0.0000E+00  0.0000E+00  0.0000E+00
 5.2534E+02  0.0000E+00  0.0000E+00  0.0000E+00  0.0000E+00  0.0000E+00
 5.2936E+02  0.0000E+00  0.0000E+00  0.0000E+00  0.0000E+00  0.0000E+00
 5.3342E+02  0.0000E+00  0.0000E+00  0.0000E+00  0.0000E+00  0.0000E+00
 5.3750E+02  0.0000E+00  0.0000E+00  0.0000E+00  0.0000E+00  0.0000E+00
 5.4162E+02  0.0000E+00  0.0000E+00  0.0000E+00  0.0000E+00  0.0000E+00
 5.4577E+02  0.0000E+00  0.0000E+00  0.0000E+00  0.0000E+00  0.0000E+00
 5.4995E+02  0.0000E+00  0.0000E+00  0.0000E+00  0.0000E+00  0.0000E+00
 5.5416E+02  0.0000E+00  0.0000E+00  0.0000E+00  0.0000E+00  0.0000E+00
 5.5840E+02  0.0000E+00  0.0000E+00  0.0000E+00  0.0000E+00  0.0000E+00
 5.6268E+02  0.0000E+00  0.0000E+00  0.0000E+00  0.0000E+00  0.0000E+00
 5.6699E+02  0.0000E+00  0.0000E+00  0.0000E+00  0.0000E+00  0.0000E+00
 5.7133E+02  0.0000E+00  0.0000E+00  0.0000E+00  0.0000E+00  0.0000E+00
 5.7571E+02  0.0000E+00  0.0000E+00  0.0000E+00  0.0000E+00  0.0000E+00
 5.8011E+02  0.0000E+00  0.0000E+00  0.0000E+00  0.0000E+00  0.0000E+00
 5.8456E+02  0.0000E+00  0.0000E+00  0.0000E+00  0.0000E+00  0.0000E+00
 5.8903E+02  0.0000E+00  0.0000E+00  0.0000E+00  0.0000E+00  0.0000E+00
 5.9354E+02  0.0000E+00  0.0000E+00  0.0000E+00  0.0000E+00  0.0000E+00
 5.9809E+02  0.0000E+00  0.0000E+00  0.0000E+00  0.0000E+00  0.0000E+00
 6.0267E+02  0.0000E+00  0.0000E+00  0.0000E+00  0.0000E+00  0.0000E+00
 6.0729E+02  0.0000E+00  0.0000E+00  0.0000E+00  0.0000E+00  0.0000E+00
 6.1194E+02  0.0000E+00  0.0000E+00  0.0000E+00  0.0000E+00  0.0000E+00
 6.1662E+02  0.0000E+00  0.0000E+00  0.0000E+00  0.0000E+00  0.0000E+00
 6.2135E+02  0.0000E+00  0.0000E+00  0.0000E+00  0.0000E+00  0.0000E+00
 6.2610E+02  0.0000E+00  0.0000E+00  0.0000E+00  0.0000E+00  0.0000E+00
 6.3090E+02  0.0000E+00  0.0000E+00  0.0000E+00  0.0000E+00  0.0000E+00
 6.3573E+02  0.0000E+00  0.0000E+00  0.0000E+00  0.0000E+00  0.0000E+00
 6.4060E+02  0.0000E+00  0.0000E+00  0.0000E+00  0.0000E+00  0.0000E+00
 6.4551E+02  0.0000E+00  0.0000E+00  0.0000E+00  0.0000E+00  0.0000E+00
 6.5045E+02  0.0000E+00  0.0000E+00  0.0000E+00  0.0000E+00  0.0000E+00
 6.5543E+02  0.0000E+00  0.0000E+00  0.0000E+00  0.0000E+00  0.0000E+00
 6.6045E+02  0.0000E+00  0.0000E+00  0.0000E+00  0.0000E+00  0.0000E+00
 6.6551E+02  0.0000E+00  0.0000E+00  0.0000E+00  0.0000E+00  0.0000E+00
 6.7060E+02  0.0000E+00  0.0000E+00  0.0000E+00  0.0000E+00  0.0000E+00
 6.7574E+02  0.0000E+00  0.0000E+00  0.0000E+00  0.0000E+00  0.0000E+00
 6.8092E+02  0.0000E+00  0.0000E+00  0.0000E+00  0.0000E+00  0.0000E+00
 6.8613E+02  0.0000E+00  0.0000E+00  0.0000E+00  0.0000E+00  0.0000E+00
 6.9138E+02  0.0000E+00  0.0000E+00  0.0000E+00  0.0000E+00  0.0000E+00
 6.9668E+02  0.0000E+00  0.0000E+00  0.0000E+00  0.0000E+00  0.0000E+00
 7.0201E+02  0.0000E+00  0.0000E+00  0.0000E+00  0.0000E+00  0.0000E+00
 7.0739E+02  0.0000E+00  0.0000E+00  0.0000E+00  0.0000E+00  0.0000E+00
 7.1281E+02  0.0000E+00  0.0000E+00  0.0000E+00  0.0000E+00  0.0000E+00
 7.1827E+02  0.0000E+00  0.0000E+00  0.0000E+00  0.0000E+00  0.0000E+00
 7.2377E+02  0.0000E+00  0.0000E+00  0.0000E+00  0.0000E+00  0.0000E+00
 7.2931E+02  0.0000E+00  0.0000E+00  0.0000E+00  0.0000E+00  0.0000E+00
 7.3490E+02  0.0000E+00  0.0000E+00  0.0000E+00  0.0000E+00  0.0000E+00
 7.4052E+02  0.0000E+00  0.0000E+00  0.0000E+00  0.0000E+00  0.0000E+00
 7.4620E+02  0.0000E+00  0.0000E+00  0.0000E+00  0.0000E+00  0.0000E+00
 7.5191E+02  0.0000E+00  0.0000E+00  0.0000E+00  0.0000E+00  0.0000E+00
 7.5767E+02  0.0000E+00  0.0000E+00  0.0000E+00  0.0000E+00  0.0000E+00
 7.6347E+02  0.0000E+00  0.0000E+00  0.0000E+00  0.0000E+00  0.0000E+00
 7.6932E+02  0.0000E+00  0.0000E+00  0.0000E+00  0.0000E+00  0.0000E+00
 7.7521E+02  0.0000E+00  0.0000E+00  0.0000E+00  0.0000E+00  0.0000E+00
 7.8115E+02  0.0000E+00  0.0000E+00  0.0000E+00  0.0000E+00  0.0000E+00
 7.8713E+02  0.0000E+00  0.0000E+00  0.0000E+00  0.0000E+00  0.0000E+00
 7.9316E+02  0.0000E+00  0.0000E+00  0.0000E+00  0.0000E+00  0.0000E+00
 7.9923E+02  0.0000E+00  0.0000E+00  0.0000E+00  0.0000E+00  0.0000E+00
 8.0535E+02  0.0000E+00  0.0000E+00  0.0000E+00  0.0000E+00  0.0000E+00
 8.1152E+02  0.0000E+00  0.0000E+00  0.0000E+00  0.0000E+00  0.0000E+00
 8.1774E+02  0.0000E+00  0.0000E+00  0.0000E+00  0.0000E+00  0.0000E+00
 8.2400E+02  0.0000E+00  0.0000E+00  0.0000E+00  0.0000E+00  0.0000E+00
 8.3031E+02  0.0000E+00  0.0000E+00  0.0000E+00  0.0000E+00  0.0000E+00
 8.3667E+02  0.0000E+00  0.0000E+00  0.0000E+00  0.0000E+00  0.0000E+00
 8.4307E+02  0.0000E+00  0.0000E+00  0.0000E+00  0.0000E+00  0.0000E+00
 8.4953E+02  0.0000E+00  0.0000E+00  0.0000E+00  0.0000E+00  0.0000E+00
 8.5604E+02  0.0000E+00  0.0000E+00  0.0000E+00  0.0000E+00  0.0000E+00
 8.6259E+02  0.0000E+00  0.0000E+00  0.0000E+00  0.0000E+00  0.0000E+00
 8.6920E+02  0.0000E+00  0.0000E+00  0.0000E+00  0.0000E+00  0.0000E+00
 8.7586E+02  0.0000E+00  0.0000E+00  0.0000E+00  0.0000E+00  0.0000E+00
 8.8256E+02  0.0000E+00  0.0000E+00  0.0000E+00  0.0000E+00  0.0000E+00
 8.8932E+02  0.0000E+00  0.0000E+00  0.0000E+00  0.0000E+00  0.0000E+00
 8.9613E+02  0.0000E+00  0.0000E+00  0.0000E+00  0.0000E+00  0.0000E+00
 9.0300E+02  0.0000E+00  0.0000E+00  0.0000E+00  0.0000E+00  0.0000E+00
 9.0991E+02  0.0000E+00  0.0000E+00  0.0000E+00  0.0000E+00  0.0000E+00
 9.1688E+02  0.0000E+00  0.0000E+00  0.0000E+00  0.0000E+00  0.0000E+00
 9.2390E+02  0.0000E+00  0.0000E+00  0.0000E+00  0.0000E+00  0.0000E+00
 9.3098E+02  0.0000E+00  0.0000E+00  0.0000E+00  0.0000E+00  0.0000E+00
 9.3811E+02  7.6263E-04  4.8608E-02 -2.1663E-03 -2.7640E-01  1.0000E+00
 9.4529E+02  7.6612E-04  4.8459E-02 -2.1446E-03 -2.7155E-01  1.0000E+00
 9.5253E+02  7.6963E-04  4.8311E-02 -2.1229E-03 -2.6676E-01  1.0000E+00
 9.5983E+02  7.7316E-04  4.8163E-02 -2.1011E-03 -2.6202E-01  1.0000E+00
 9.6718E+02  7.7670E-04  4.8015E-02 -2.0794E-03 -2.5734E-01  1.0000E+00
 9.7458E+02  7.8026E-04  4.7868E-02 -2.0577E-03 -2.5272E-01  1.0000E+00
 9.8205E+02  7.8384E-04  4.7722E-02 -2.0360E-03 -2.4816E-01  1.0000E+00
 9.8957E+02  7.8744E-04  4.7577E-02 -2.0143E-03 -2.4364E-01  1.0000E+00
 9.9715E+02  7.9110E-04  4.7434E-02 -1.9926E-03 -2.3919E-01  1.0000E+00
 1.0048E+03  7.9482E-04  4.7295E-02 -1.9709E-03 -2.3478E-01  1.0000E+00
 1.0125E+03  7.9861E-04  4.7159E-02 -1.9492E-03 -2.3043E-01  1.0000E+00
 1.0202E+03  8.0246E-04  4.7026E-02 -1.9275E-03 -2.2613E-01  1.0000E+00
 1.0280E+03  8.0637E-04  4.6895E-02 -1.9058E-03 -2.2189E-01  1.0000E+00
 1.0359E+03  8.1035E-04  4.6768E-02 -1.8841E-03 -2.1769E-01  1.0000E+00
 1.0439E+03  8.1439E-04  4.6643E-02 -1.8624E-03 -2.1355E-01  1.0000E+00
 1.0518E+03  8.1849E-04  4.6522E-02 -1.8406E-03 -2.0945E-01  1.0000E+00
 1.0599E+03  8.2266E-04  4.6403E-02 -1.8189E-03 -2.0541E-01  1.0000E+00
 1.0680E+03  8.2689E-04  4.6287E-02 -1.7972E-03 -2.0142E-01  1.0000E+00
 1.0762E+03  8.3119E-04  4.6174E-02 -1.7755E-03 -1.9747E-01  1.0000E+00
 1.0844E+03  8.3556E-04  4.6063E-02 -1.7538E-03 -1.9357E-01  1.0000E+00
 1.0927E+03  8.3999E-04  4.5955E-02 -1.7321E-03 -1.8972E-01  1.0000E+00
 1.1011E+03  8.4449E-04  4.5850E-02 -1.7104E-03 -1.8592E-01  1.0000E+00
 1.1095E+03  8.4905E-04  4.5747E-02 -1.6887E-03 -1.8217E-01  1.0000E+00
 1.1180E+03  8.5369E-04  4.5647E-02 -1.6669E-03 -1.7846E-01  1.0000E+00
 1.1266E+03  8.5839E-04  4.5549E-02 -1.6452E-03 -1.7479E-01  1.0000E+00
 1.1352E+03  8.6316E-04  4.5453E-02 -1.6235E-03 -1.7118E-01  1.0000E+00
 1.1439E+03  8.6800E-04  4.5361E-02 -1.6018E-03 -1.6760E-01  1.0000E+00
 1.1527E+03  8.7291E-04  4.5270E-02 -1.5801E-03 -1.6407E-01  1.0000E+00
 1.1615E+03  8.7789E-04  4.5182E-02 -1.5584E-03 -1.6059E-01  1.0000E+00
 1.1704E+03  8.8294E-04  4.5096E-02 -1.5367E-03 -1.5715E-01  1.0000E+00
 1.1794E+03  8.8806E-04  4.5012E-02 -1.5149E-03 -1.5375E-01  1.0000E+00
 1.1884E+03  8.9325E-04  4.4931E-02 -1.4932E-03 -1.5039E-01  1.0000E+00
 1.1975E+03  8.9852E-04  4.4852E-02 -1.4715E-03 -1.4708E-01  1.0000E+00
 1.2067E+03  9.0385E-04  4.4775E-02 -1.4498E-03 -1.4381E-01  1.0000E+00
 1.2159E+03  9.0927E-04  4.4700E-02 -1.4281E-03 -1.4058E-01  1.0000E+00
 1.2252E+03  9.1475E-04  4.4628E-02 -1.4063E-03 -1.3739E-01  1.0000E+00
 1.2346E+03  9.2031E-04  4.4557E-02 -1.3846E-03 -1.3424E-01  1.0000E+00
 1.2441E+03  9.2594E-04  4.4489E-02 -1.3629E-03 -1.3113E-01  1.0000E+00
 1.2536E+03  9.3165E-04  4.4423E-02 -1.3412E-03 -1.2806E-01  1.0000E+00
 1.2632E+03  9.3743E-04  4.4358E-02 -1.3194E-03 -1.2502E-01  1.0000E+00
 1.2729E+03  9.4329E-04  4.4296E-02 -1.2977E-03 -1.2203E-01  1.0000E+00
 1.2826E+03  9.4923E-04  4.4235E-02 -1.2760E-03 -1.1908E-01  1.0000E+00
 1.2924E+03  9.5524E-04  4.4177E-02 -1.2543E-03 -1.1616E-01  1.0000E+00
 1.3023E+03  9.6133E-04  4.4120E-02 -1.2325E-03 -1.1328E-01  1.0000E+00
 1.3123E+03  9.6750E-04  4.4066E-02 -1.2108E-03 -1.1044E-01  1.0000E+00
 1.3224E+03  9.7375E-04  4.4013E-02 -1.1891E-03 -1.0763E-01  1.0000E+00
 1.3325E+03  9.8008E-04  4.3962E-02 -1.1674E-03 -1.0486E-01  1.0000E+00
 1.3427E+03  9.8649E-04  4.3912E-02 -1.1456E-03 -1.0213E-01  1.0000E+00
 1.3530E+03  9.9298E-04  4.3865E-02 -1.1239E-03 -9.9429E-02  1.0000E+00
 1.3633E+03  9.9955E-04  4.3819E-02 -1.1022E-03 -9.6766E-02  1.0000E+00
 1.3738E+03  1.0062E-03  4.3775E-02 -1.0805E-03 -9.4137E-02  1.0000E+00
 1.3843E+03  1.0129E-03  4.3733E-02 -1.0587E-03 -9.1542E-02  1.0000E+00
 1.3949E+03  1.0198E-03  4.3692E-02 -1.0370E-03 -8.8982E-02  1.0000E+00
 1.4056E+03  1.0267E-03  4.3653E-02 -1.0153E-03 -8.6455E-02  1.0000E+00
 1.4164E+03  1.0336E-03  4.3615E-02 -9.9352E-04 -8.3961E-02  1.0000E+00
 1.4272E+03  1.0407E-03  4.3580E-02 -9.7178E-04 -8.1500E-02  1.0000E+00
 1.4381E+03  1.0479E-03  4.3545E-02 -9.5005E-04 -7.9072E-02  1.0000E+00
 1.4491E+03  1.0551E-03  4.3512E-02 -9.2831E-04 -7.6675E-02  1.0000E+00
 1.4602E+03  1.0624E-03  4.3481E-02 -9.0657E-04 -7.4311E-02  1.0000E+00
 1.4714E+03  1.0698E-03  4.3451E-02 -8.8484E-04 -7.1978E-02  1.0000E+00
 1.4827E+03  1.0774E-03  4.3423E-02 -8.6310E-04 -6.9676E-02  1.0000E+00
 1.4940E+03  1.0849E-03  4.3396E-02 -8.4136E-04 -6.7404E-02  1.0000E+00
 1.5055E+03  1.0926E-03  4.3371E-02 -8.1962E-04 -6.5164E-02  1.0000E+00
 1.5170E+03  1.1004E-03  4.3347E-02 -7.9787E-04 -6.2953E-02  1.0000E+00
 1.5286E+03  1.1083E-03  4.3324E-02 -7.7613E-04 -6.0772E-02  1.0000E+00
 1.5403E+03  1.1162E-03  4.3303E-02 -7.5439E-04 -5.8620E-02  1.0000E+00
 1.5521E+03  1.1242E-03  4.3283E-02 -7.3264E-04 -5.6498E-02  1.0000E+00
 1.5640E+03  1.1324E-03  4.3264E-02 -7.1090E-04 -5.4404E-02  1.0000E+00
 1.5760E+03  1.1406E-03  4.3246E-02 -6.8915E-04 -5.2339E-02  1.0000E+00
 1.5881E+03  1.1489E-03  4.3230E-02 -6.6740E-04 -5.0302E-02  1.0000E+00
 1.6002E+03  1.1573E-03  4.3215E-02 -6.4565E-04 -4.8293E-02  1.0000E+00
 1.6125E+03  1.1658E-03  4.3202E-02 -6.2390E-04 -4.6312E-02  1.0000E+00
 1.6248E+03  1.1744E-03  4.3189E-02 -6.0215E-04 -4.4357E-02  1.0000E+00
 1.6373E+03  1.1831E-03  4.3178E-02 -5.8040E-04 -4.2430E-02  1.0000E+00
 1.6498E+03  1.1919E-03  4.3167E-02 -5.5864E-04 -4.0529E-02  1.0000E+00
 1.6625E+03  1.2008E-03  4.3158E-02 -5.3689E-04 -3.8655E-02  1.0000E+00
 1.6752E+03  1.2098E-03  4.3150E-02 -5.1513E-04 -3.6807E-02  1.0000E+00
 1.6880E+03  1.2189E-03  4.3143E-02 -4.9338E-04 -3.4984E-02  1.0000E+00
 1.7009E+03  1.2280E-03  4.3136E-02 -4.7162E-04 -3.3187E-02  1.0000E+00
 1.7140E+03  1.2373E-03  4.3130E-02 -4.4986E-04 -3.1416E-02  1.0000E+00
 1.7271E+03  1.2466E-03  4.3125E-02 -4.2810E-04 -2.9669E-02  1.0000E+00
 1.7403E+03  1.2561E-03  4.3121E-02 -4.0634E-04 -2.7946E-02  1.0000E+00
 1.7537E+03  1.2656E-03  4.3117E-02 -3.8457E-04 -2.6249E-02  1.0000E+00
 1.7671E+03  1.2752E-03  4.3113E-02 -3.6281E-04 -2.4575E-02  1.0000E+00
 1.7806E+03  1.2849E-03  4.3110E-02 -3.4104E-04 -2.2925E-02  1.0000E+00
 1.7943E+03  1.2947E-03  4.3108E-02 -3.1928E-04 -2.1299E-02  1.0000E+00
 1.8080E+03  1.3046E-03  4.3106E-02 -2.9751E-04 -1.9696E-02  1.0000E+00
 1.8218E+03  1.3145E-03  4.3105E-02 -2.7574E-04 -1.8116E-02  1.0000E+00
 1.8358E+03  1.3246E-03  4.3104E-02 -2.5397E-04 -1.6559E-02  1.0000E+00
 1.8499E+03  1.3347E-03  4.3104E-02 -2.3219E-04 -1.5024E-02  1.0000E+00
 1.8640E+03  1.3450E-03  4.3104E-02 -2.1042E-04 -1.3512E-02  1.0000E+00
 1.8783E+03  1.3553E-03  4.3104E-02 -1.8864E-04 -1.2021E-02  1.0000E+00
 1.8927E+03  1.3657E-03  4.3105E-02 -1.6687E-04 -1.0553E-02  1.0000E+00
 1.9072E+03  1.3762E-03  4.3106E-02 -1.4509E-04 -9.1058E-03  1.0000E+00
 1.9218E+03  1.3868E-03  4.3107E-02 -1.2331E-04 -7.6801E-03  1.0000E+00
 1.9365E+03  1.3975E-03  4.3109E-02 -1.0153E-04 -6.2754E-03  1.0000E+00
 1.9513E+03  1.4083E-03  4.3110E-02 -7.9745E-05 -4.8915E-03  1.0000E+00
 1.9663E+03  1.4192E-03  4.3112E-02 -5.7961E-05 -3.5283E-03  1.0000E+00
 1.9813E+03  1.4301E-03  4.3115E-02 -3.6175E-05 -2.1853E-03  1.0000E+00
 1.9965E+03  1.4412E-03  4.3117E-02 -1.4387E-05 -8.6252E-04  1.0000E+00
 2.0118E+03  1.4523E-03  4.3119E-02  7.4023E-06  4.4041E-04  1.0000E+00
 2.0272E+03  1.4636E-03  4.3122E-02  2.9193E-05  1.7237E-03  1.0000E+00
 2.0427E+03  1.4749E-03  4.3125E-02  5.0986E-05  2.9875E-03  1.0000E+00
 2.0584E+03  1.4863E-03  4.3127E-02  7.2780E-05  4.2322E-03  1.0000E+00
 2.0741E+03  1.4978E-03  4.3130E-02  9.4576E-05  5.4578E-03  1.0000E+00
 2.0900E+03  1.5094E-03  4.3133E-02  1.1637E-04  6.6647E-03  1.0000E+00
 2.1060E+03  1.5211E-03  4.3136E-02  1.3817E-04  7.8530E-03  1.0000E+00
 2.1222E+03  1.5328E-03  4.3138E-02  1.5997E-04  9.0229E-03  1.0000E+00
 2.1384E+03  1.5447E-03  4.3141E-02  1.8178E-04  1.0175E-02  1.0000E+00
 2.1548E+03  1.5566E-03  4.3143E-02  2.0358E-04  1.1309E-02  1.0000E+00
 2.1713E+03  1.5687E-03  4.3146E-02  2.2539E-04  1.2425E-02  1.0000E+00
 2.1879E+03  1.5808E-03  4.3148E-02  2.4720E-04  1.3523E-02  1.0000E+00
 2.2047E+03  1.5930E-03  4.3150E-02  2.6901E-04  1.4605E-02  1.0000E+00
 2.2216E+03  1.6053E-03  4.3152E-02  2.9082E-04  1.5669E-02  1.0000E+00
 2.2386E+03  1.6177E-03  4.3153E-02  3.1264E-04  1.6716E-02  1.0000E+00
 2.2557E+03  1.6301E-03  4.3155E-02  3.3445E-04  1.7747E-02  1.0000E+00
 2.2730E+03  1.6427E-03  4.3156E-02  3.5627E-04  1.8761E-02  1.0000E+00
 2.2904E+03  1.6553E-03  4.3156E-02  3.7809E-04  1.9759E-02  1.0000E+00
 2.3079E+03  1.6680E-03  4.3157E-02  3.9992E-04  2.0740E-02  1.0000E+00
 2.3256E+03  1.6809E-03  4.3157E-02  4.2174E-04  2.1706E-02  1.0000E+00
 2.3434E+03  1.6937E-03  4.3156E-02  4.4357E-04  2.2656E-02  1.0000E+00
 2.3614E+03  1.7067E-03  4.3155E-02  4.6540E-04  2.3590E-02  1.0000E+00
 2.3794E+03  1.7198E-03  4.3154E-02  4.8723E-04  2.4509E-02  1.0000E+00
 2.3977E+03  1.7329E-03  4.3152E-02  5.0906E-04  2.5413E-02  1.0000E+00
 2.4160E+03  1.7461E-03  4.3150E-02  5.3090E-04  2.6301E-02  1.0000E+00
 2.4345E+03  1.7594E-03  4.3147E-02  5.5273E-04  2.7175E-02  1.0000E+00
 2.4532E+03  1.7727E-03  4.3144E-02  5.7458E-04  2.8034E-02  1.0000E+00
 2.4720E+03  1.7862E-03  4.3140E-02  5.9642E-04  2.8879E-02  1.0000E+00
 2.4909E+03  1.7997E-03  4.3135E-02  6.1826E-04  2.9709E-02  1.0000E+00
 2.5100E+03  1.8133E-03  4.3130E-02  6.4011E-04  3.0525E-02  1.0000E+00
 2.5292E+03  1.8270E-03  4.3124E-02  6.6196E-04  3.1327E-02  1.0000E+00
 2.5486E+03  1.8407E-03  4.3117E-02  6.8381E-04  3.2115E-02  1.0000E+00
 2.5681E+03  1.8545E-03  4.3110E-02  7.0567E-04  3.2890E-02  1.0000E+00
 2.5878E+03  1.8684E-03  4.3102E-02  7.2753E-04  3.3651E-02  1.0000E+00
 2.6076E+03  1.8824E-03  4.3093E-02  7.4938E-04  3.4399E-02  1.0000E+00
 2.6275E+03  1.8964E-03  4.3083E-02  7.7125E-04  3.5133E-02  1.0000E+00
 2.6477E+03  1.9105E-03  4.3073E-02  7.9311E-04  3.5855E-02  1.0000E+00
 2.6679E+03  1.9247E-03  4.3062E-02  8.1498E-04  3.6563E-02  1.0000E+00
 2.6884E+03  1.9389E-03  4.3049E-02  8.3685E-04  3.7259E-02  1.0000E+00
 2.7090E+03  1.9532E-03  4.3036E-02  8.5872E-04  3.7942E-02  1.0000E+00
 2.7297E+03  1.9675E-03  4.3022E-02  8.8060E-04  3.8613E-02  1.0000E+00
 2.7506E+03  1.9819E-03  4.3007E-02  9.0248E-04  3.9272E-02  1.0000E+00
 2.7717E+03  1.9964E-03  4.2990E-02  9.2436E-04  3.9918E-02  1.0000E+00
 2.7929E+03  2.0109E-03  4.2973E-02  9.4625E-04  4.0553E-02  1.0000E+00
 2.8143E+03  2.0255E-03  4.2954E-02  9.6813E-04  4.1175E-02  1.0000E+00
 2.8358E+03  2.0401E-03  4.2934E-02  9.9002E-04  4.1786E-02  1.0000E+00
 2.8576E+03  2.0547E-03  4.2913E-02  1.0119E-03  4.2386E-02  1.0000E+00
 2.8794E+03  2.0694E-03  4.2890E-02  1.0338E-03  4.2974E-02  1.0000E+00
 2.9015E+03  2.0842E-03  4.2867E-02  1.0557E-03  4.3551E-02  1.0000E+00
 2.9237E+03  2.0990E-03  4.2842E-02  1.0776E-03  4.4116E-02  1.0000E+00
 2.9461E+03  2.1138E-03  4.2816E-02  1.0995E-03  4.4671E-02  1.0000E+00
 2.9687E+03  2.1287E-03  4.2789E-02  1.1214E-03  4.5215E-02  1.0000E+00
 2.9914E+03  2.1436E-03  4.2760E-02  1.1433E-03  4.5748E-02  1.0000E+00
 3.0143E+03  2.1586E-03  4.2731E-02  1.1653E-03  4.6271E-02  1.0000E+00
 3.0374E+03  2.1736E-03  4.2700E-02  1.1872E-03  4.6783E-02  1.0000E+00
 3.0607E+03  2.1886E-03  4.2668E-02  1.2091E-03  4.7284E-02  1.0000E+00
 3.0841E+03  2.2037E-03  4.2635E-02  1.2310E-03  4.7776E-02  1.0000E+00
 3.1077E+03  2.2189E-03  4.2601E-02  1.2529E-03  4.8257E-02  1.0000E+00
 3.1315E+03  2.2341E-03  4.2565E-02  1.2749E-03  4.8729E-02  1.0000E+00
 3.1555E+03  2.2493E-03  4.2528E-02  1.2968E-03  4.9191E-02  1.0000E+00
 3.1797E+03  2.2645E-03  4.2490E-02  1.3188E-03  4.9643E-02  1.0000E+00
 3.2040E+03  2.2798E-03  4.2451E-02  1.3407E-03  5.0085E-02  1.0000E+00
 3.2286E+03  2.2952E-03  4.2411E-02  1.3626E-03  5.0518E-02  1.0000E+00
 3.2533E+03  2.3105E-03  4.2370E-02  1.3846E-03  5.0942E-02  1.0000E+00
 3.2782E+03  2.3260E-03  4.2327E-02  1.4065E-03  5.1356E-02  1.0000E+00
 3.3033E+03  2.3414E-03  4.2283E-02  1.4285E-03  5.1761E-02  1.0000E+00
 3.3286E+03  2.3569E-03  4.2238E-02  1.4505E-03  5.2158E-02  1.0000E+00
 3.3541E+03  2.3724E-03  4.2192E-02  1.4724E-03  5.2545E-02  1.0000E+00
 3.3798E+03  2.3879E-03  4.2145E-02  1.4944E-03  5.2924E-02  1.0000E+00
 3.4057E+03  2.4035E-03  4.2096E-02  1.5164E-03  5.3294E-02  1.0000E+00
 3.4317E+03  2.4191E-03  4.2047E-02  1.5384E-03  5.3655E-02  1.0000E+00
 3.4580E+03  2.4348E-03  4.1996E-02  1.5603E-03  5.4008E-02  1.0000E+00
 3.4845E+03  2.4505E-03  4.1944E-02  1.5823E-03  5.4353E-02  1.0000E+00
 3.5112E+03  2.4662E-03  4.1891E-02  1.6043E-03  5.4690E-02  1.0000E+00
 3.5381E+03  2.4819E-03  4.1837E-02  1.6263E-03  5.5018E-02  1.0000E+00
 3.5652E+03  2.4977E-03  4.1781E-02  1.6483E-03  5.5338E-02  1.0000E+00
 3.5925E+03  2.5135E-03  4.1725E-02  1.6703E-03  5.5651E-02  1.0000E+00
 3.6200E+03  2.5293E-03  4.1667E-02  1.6923E-03  5.5955E-02  1.0000E+00
 3.6477E+03  2.5451E-03  4.1608E-02  1.7143E-03  5.6252E-02  1.0000E+00
 3.6757E+03  2.5610E-03  4.1548E-02  1.7363E-03  5.6542E-02  1.0000E+00
 3.7038E+03  2.5769E-03  4.1487E-02  1.7583E-03  5.6824E-02  1.0000E+00
 3.7322E+03  2.5928E-03  4.1425E-02  1.7804E-03  5.7098E-02  1.0000E+00
 3.7608E+03  2.6087E-03  4.1362E-02  1.8024E-03  5.7365E-02  1.0000E+00
 3.7896E+03  2.6247E-03  4.1297E-02  1.8244E-03  5.7625E-02  1.0000E+00
 3.8186E+03  2.6407E-03  4.1232E-02  1.8465E-03  5.7878E-02  1.0000E+00
 3.8478E+03  2.6566E-03  4.1165E-02  1.8685E-03  5.8124E-02  1.0000E+00
 3.8773E+03  2.6727E-03  4.1097E-02  1.8906E-03  5.8363E-02  1.0000E+00
 3.9070E+03  2.6887E-03  4.1028E-02  1.9126E-03  5.8595E-02  1.0000E+00
 3.9369E+03  2.7047E-03  4.0958E-02  1.9347E-03  5.8820E-02  1.0000E+00
 3.9671E+03  2.7208E-03  4.0887E-02  1.9567E-03  5.9039E-02  1.0000E+00
 3.9974E+03  2.7369E-03  4.0815E-02  1.9788E-03  5.9251E-02  1.0000E+00
 4.0281E+03  2.7530E-03  4.0742E-02  2.0009E-03  5.9456E-02  1.0000E+00
 4.0589E+03  2.7691E-03  4.0668E-02  2.0230E-03  5.9655E-02  1.0000E+00
 4.0900E+03  2.7852E-03  4.0592E-02  2.0450E-03  5.9848E-02  1.0000E+00
 4.1213E+03  2.8013E-03  4.0516E-02  2.0671E-03  6.0035E-02  1.0000E+00
 4.1529E+03  2.8175E-03  4.0438E-02  2.0892E-03  6.0215E-02  1.0000E+00
 4.1847E+03  2.8336E-03  4.0360E-02  2.1113E-03  6.0390E-02  1.0000E+00
 4.2167E+03  2.8498E-03  4.0280E-02  2.1334E-03  6.0558E-02  1.0000E+00
 4.2490E+03  2.8659E-03  4.0199E-02  2.1555E-03  6.0721E-02  1.0000E+00
 4.2816E+03  2.8821E-03  4.0118E-02  2.1776E-03  6.0878E-02  1.0000E+00
 4.3143E+03  2.8984E-03  4.0036E-02  2.1998E-03  6.1029E-02  1.0000E+00
 4.3474E+03  2.9147E-03  3.9954E-02  2.2219E-03  6.1174E-02  1.0000E+00
 4.3807E+03  2.9310E-03  3.9872E-02  2.2440E-03  6.1314E-02  1.0000E+00
 4.4142E+03  2.9474E-03  3.9789E-02  2.2662E-03  6.1448E-02  1.0000E+00
 4.4480E+03  2.9639E-03  3.9706E-02  2.2883E-03  6.1577E-02  1.0000E+00
 4.4821E+03  2.9805E-03  3.9623E-02  2.3105E-03  6.1701E-02  1.0000E+00
 4.5164E+03  2.9971E-03  3.9539E-02  2.3326E-03  6.1819E-02  1.0000E+00
 4.5510E+03  3.0137E-03  3.9455E-02  2.3548E-03  6.1932E-02  1.0000E+00
 4.5859E+03  3.0304E-03  3.9371E-02  2.3770E-03  6.2040E-02  1.0000E+00
 4.6210E+03  3.0472E-03  3.9287E-02  2.3991E-03  6.2143E-02  1.0000E+00
 4.6564E+03  3.0640E-03  3.9202E-02  2.4213E-03  6.2241E-02  1.0000E+00
 4.6920E+03  3.0809E-03  3.9117E-02  2.4435E-03  6.2334E-02  1.0000E+00
 4.7280E+03  3.0978E-03  3.9032E-02  2.4657E-03  6.2422E-02  1.0000E+00
 4.7642E+03  3.1148E-03  3.8946E-02  2.4879E-03  6.2505E-02  1.0000E+00
 4.8007E+03  3.1319E-03  3.8861E-02  2.5101E-03  6.2584E-02  1.0000E+00
 4.8374E+03  3.1490E-03  3.8774E-02  2.5323E-03  6.2658E-02  1.0000E+00
 4.8745E+03  3.1661E-03  3.8688E-02  2.5545E-03  6.2727E-02  1.0000E+00
 4.9118E+03  3.1833E-03  3.8601E-02  2.5768E-03  6.2792E-02  1.0000E+00
 4.9494E+03  3.2006E-03  3.8514E-02  2.5990E-03  6.2853E-02  1.0000E+00
 4.9873E+03  3.2179E-03  3.8427E-02  2.6212E-03  6.2909E-02  1.0000E+00
 5.0255E+03  3.2352E-03  3.8339E-02  2.6435E-03  6.2961E-02  1.0000E+00
 5.0640E+03  3.2526E-03  3.8251E-02  2.6658E-03  6.3008E-02  1.0000E+00
 5.1028E+03  3.2701E-03  3.8162E-02  2.6880E-03  6.3052E-02  1.0000E+00
 5.1419E+03  3.2876E-03  3.8073E-02  2.7103E-03  6.3091E-02  1.0000E+00
 5.1812E+03  3.3052E-03  3.7984E-02  2.7326E-03  6.3126E-02  1.0000E+00
 5.2209E+03  3.3228E-03  3.7895E-02  2.7549E-03  6.3157E-02  1.0000E+00
 5.2609E+03  3.3404E-03  3.7805E-02  2.7771E-03  6.3184E-02  1.0000E+00
 5.3012E+03  3.3581E-03  3.7715E-02  2.7994E-03  6.3208E-02  1.0000E+00
 5.3418E+03  3.3758E-03  3.7625E-02  2.8218E-03  6.3227E-02  1.0000E+00
 5.3827E+03  3.3936E-03  3.7534E-02  2.8441E-03  6.3243E-02  1.0000E+00
 5.4239E+03  3.4114E-03  3.7443E-02  2.8664E-03  6.3255E-02  1.0000E+00
 5.4655E+03  3.4293E-03  3.7351E-02  2.8887E-03  6.3263E-02  1.0000E+00
 5.5073E+03  3.4472E-03  3.7259E-02  2.9111E-03  6.3268E-02  1.0000E+00
 5.5495E+03  3.4652E-03  3.7167E-02  2.9334E-03  6.3269E-02  1.0000E+00
 5.5920E+03  3.4831E-03  3.7075E-02  2.9558E-03  6.3267E-02  1.0000E+00
 5.6348E+03  3.5012E-03  3.6982E-02  2.9782E-03  6.3261E-02  1.0000E+00
 5.6780E+03  3.5192E-03  3.6889E-02  3.0005E-03  6.3252E-02  1.0000E+00
 5.7215E+03  3.5373E-03  3.6795E-02  3.0229E-03  6.3240E-02  1.0000E+00
 5.7653E+03  3.5555E-03  3.6701E-02  3.0453E-03  6.3224E-02  1.0000E+00
 5.8094E+03  3.5737E-03  3.6607E-02  3.0677E-03  6.3205E-02  1.0000E+00
 5.8539E+03  3.5919E-03  3.6512E-02  3.0901E-03  6.3183E-02  1.0000E+00
 5.8988E+03  3.6101E-03  3.6417E-02  3.1125E-03  6.3158E-02  1.0000E+00
 5.9439E+03  3.6284E-03  3.6322E-02  3.1350E-03  6.3129E-02  1.0000E+00
 5.9895E+03  3.6467E-03  3.6226E-02  3.1574E-03  6.3098E-02  1.0000E+00
 6.0353E+03  3.6650E-03  3.6130E-02  3.1798E-03  6.3063E-02  1.0000E+00
 6.0815E+03  3.6834E-03  3.6033E-02  3.2023E-03  6.3026E-02  1.0000E+00
 6.1281E+03  3.7018E-03  3.5936E-02  3.2248E-03  6.2986E-02  1.0000E+00
 6.1751E+03  3.7202E-03  3.5839E-02  3.2472E-03  6.2943E-02  1.0000E+00
 6.2223E+03  3.7387E-03  3.5741E-02  3.2697E-03  6.2897E-02  1.0000E+00
 6.2700E+03  3.7572E-03  3.5643E-02  3.2922E-03  6.2848E-02  1.0000E+00
 6.3180E+03  3.7757E-03  3.5545E-02  3.3147E-03  6.2797E-02  1.0000E+00
 6.3664E+03  3.7942E-03  3.5446E-02  3.3372E-03  6.2743E-02  1.0000E+00
 6.4152E+03  3.8128E-03  3.5348E-02  3.3598E-03  6.2687E-02  1.0000E+00
 6.4643E+03  3.8314E-03  3.5249E-02  3.3823E-03  6.2627E-02  1.0000E+00
 6.5138E+03  3.8501E-03  3.5150E-02  3.4049E-03  6.2566E-02  1.0000E+00
 6.5637E+03  3.8689E-03  3.5051E-02  3.4274E-03  6.2502E-02  1.0000E+00
 6.6139E+03  3.8877E-03  3.4952E-02  3.4500E-03  6.2435E-02  1.0000E+00
 6.6646E+03  3.9066E-03  3.4854E-02  3.4726E-03  6.2366E-02  1.0000E+00
 6.7156E+03  3.9256E-03  3.4755E-02  3.4951E-03  6.2295E-02  1.0000E+00
 6.7671E+03  3.9446E-03  3.4657E-02  3.5177E-03  6.2221E-02  1.0000E+00
 6.8189E+03  3.9638E-03  3.4558E-02  3.5404E-03  6.2145E-02  1.0000E+00
 6.8711E+03  3.9829E-03  3.4459E-02  3.5630E-03  6.2067E-02  1.0000E+00
 6.9237E+03  4.0022E-03  3.4361E-02  3.5856E-03  6.1986E-02  1.0000E+00
 6.9768E+03  4.0215E-03  3.4263E-02  3.6083E-03  6.1904E-02  1.0000E+00
 7.0302E+03  4.0409E-03  3.4164E-02  3.6309E-03  6.1819E-02  1.0000E+00
 7.0840E+03  4.0603E-03  3.4066E-02  3.6536E-03  6.1732E-02  1.0000E+00
 7.1383E+03  4.0798E-03  3.3968E-02  3.6763E-03  6.1643E-02  1.0000E+00
 7.1929E+03  4.0994E-03  3.3870E-02  3.6989E-03  6.1552E-02  1.0000E+00
 7.2480E+03  4.1191E-03  3.3772E-02  3.7217E-03  6.1459E-02  1.0000E+00
 7.3035E+03  4.1388E-03  3.3674E-02  3.7444E-03  6.1365E-02  1.0000E+00
 7.3595E+03  4.1587E-03  3.3576E-02  3.7671E-03  6.1268E-02  1.0000E+00
 7.4158E+03  4.1785E-03  3.3479E-02  3.7898E-03  6.1169E-02  1.0000E+00
 7.4726E+03  4.1985E-03  3.3381E-02  3.8126E-03  6.1069E-02  1.0000E+00
 7.5299E+03  4.2185E-03  3.3284E-02  3.8354E-03  6.0967E-02  1.0000E+00
 7.5875E+03  4.2386E-03  3.3186E-02  3.8581E-03  6.0863E-02  1.0000E+00
 7.6456E+03  4.2588E-03  3.3089E-02  3.8809E-03  6.0757E-02  1.0000E+00
 7.7042E+03  4.2791E-03  3.2992E-02  3.9037E-03  6.0649E-02  1.0000E+00
 7.7632E+03  4.2994E-03  3.2895E-02  3.9266E-03  6.0540E-02  1.0000E+00
 7.8226E+03  4.3199E-03  3.2798E-02  3.9494E-03  6.0430E-02  1.0000E+00
 7.8825E+03  4.3404E-03  3.2701E-02  3.9722E-03  6.0317E-02  1.0000E+00
 7.9429E+03  4.3609E-03  3.2605E-02  3.9951E-03  6.0203E-02  1.0000E+00
 8.0037E+03  4.3816E-03  3.2508E-02  4.0180E-03  6.0088E-02  1.0000E+00
 8.0650E+03  4.4023E-03  3.2412E-02  4.0409E-03  5.9971E-02  1.0000E+00
 8.1268E+03  4.4231E-03  3.2316E-02  4.0638E-03  5.9852E-02  1.0000E+00
 8.1890E+03  4.4440E-03  3.2220E-02  4.0867E-03  5.9732E-02  1.0000E+00
 8.2518E+03  4.4650E-03  3.2124E-02  4.1096E-03  5.9611E-02  1.0000E+00
 8.3150E+03  4.4861E-03  3.2028E-02  4.1326E-03  5.9488E-02  1.0000E+00
 8.3786E+03  4.5072E-03  3.1932E-02  4.1555E-03  5.9364E-02  1.0000E+00
 8.4428E+03  4.5284E-03  3.1837E-02  4.1785E-03  5.9239E-02  1.0000E+00
 8.5075E+03  4.5498E-03  3.1742E-02  4.2015E-03  5.9112E-02  1.0000E+00
 8.5726E+03  4.5712E-03  3.1647E-02  4.2245E-03  5.8984E-02  1.0000E+00
 8.6383E+03  4.5927E-03  3.1552E-02  4.2475E-03  5.8855E-02  1.0000E+00
 8.7044E+03  4.6142E-03  3.1457E-02  4.2706E-03  5.8724E-02  1.0000E+00
 8.7711E+03  4.6359E-03  3.1363E-02  4.2936E-03  5.8592E-02  1.0000E+00
 8.8383E+03  4.6576E-03  3.1268E-02  4.3167E-03  5.8460E-02  1.0000E+00
 8.9059E+03  4.6795E-03  3.1174E-02  4.3398E-03  5.8326E-02  1.0000E+00
 8.9741E+03  4.7014E-03  3.1080E-02  4.3629E-03  5.8190E-02  1.0000E+00
 9.0429E+03  4.7234E-03  3.0986E-02  4.3860E-03  5.8054E-02  1.0000E+00
 9.1121E+03  4.7442E-03  3.0884E-02  4.4091E-03  5.7917E-02  1.0000E+00
 9.1819E+03  4.7649E-03  3.0781E-02  4.4323E-03  5.7778E-02  1.0000E+00
 9.2522E+03  4.7856E-03  3.0678E-02  4.4554E-03  5.7639E-02  1.0000E+00
 9.3231E+03  4.8064E-03  3.0575E-02  4.4786E-03  5.7499E-02  1.0000E+00
 9.3945E+03  4.8272E-03  3.0472E-02  4.5018E-03  5.7357E-02  1.0000E+00
 9.4664E+03  4.8481E-03  3.0368E-02  4.5251E-03  5.7215E-02  1.0000E+00
 9.5389E+03  4.8690E-03  3.0265E-02  4.5483E-03  5.7072E-02  1.0000E+00
 9.6120E+03  4.8899E-03  3.0162E-02  4.5715E-03  5.6928E-02  1.0000E+00
 9.6856E+03  4.9108E-03  3.0059E-02  4.5948E-03  5.6783E-02  1.0000E+00
 9.7598E+03  4.9318E-03  2.9956E-02  4.6181E-03  5.6637E-02  1.0000E+00
 9.8345E+03  4.9528E-03  2.9853E-02  4.6414E-03  5.6490E-02  1.0000E+00
 9.9098E+03  4.9739E-03  2.9750E-02  4.6648E-03  5.6342E-02  1.0000E+00
 9.9857E+03  4.9950E-03  2.9647E-02  4.6881E-03  5.6194E-02  1.0000E+00
 1.0062E+04  5.0161E-03  2.9544E-02  4.7115E-03  5.6045E-02  1.0000E+00
 1.0139E+04  5.0373E-03  2.9441E-02  4.7349E-03  5.5895E-02  1.0000E+00
 1.0217E+04  5.0585E-03  2.9338E-02  4.7583E-03  5.5745E-02  1.0000E+00
 1.0295E+04  5.0798E-03  2.9235E-02  4.7817E-03  5.5593E-02  1.0000E+00
 1.0374E+04  5.1010E-03  2.9132E-02  4.8052E-03  5.5441E-02  1.0000E+00
 1.0453E+04  5.1224E-03  2.9029E-02  4.8286E-03  5.5289E-02  1.0000E+00
 1.0533E+04  5.1437E-03  2.8926E-02  4.8521E-03  5.5135E-02  1.0000E+00
 1.0614E+04  5.1651E-03  2.8824E-02  4.8756E-03  5.4982E-02  1.0000E+00
 1.0695E+04  5.1865E-03  2.8721E-02  4.8992E-03  5.4827E-02  1.0000E+00
 1.0777E+04  5.2080E-03  2.8618E-02  4.9227E-03  5.4672E-02  1.0000E+00
 1.0860E+04  5.2295E-03  2.8516E-02  4.9463E-03  5.4516E-02  1.0000E+00
 1.0943E+04  5.2510E-03  2.8413E-02  4.9699E-03  5.4360E-02  1.0000E+00
 1.1027E+04  5.2726E-03  2.8311E-02  4.9935E-03  5.4203E-02  1.0000E+00
 1.1111E+04  5.2942E-03  2.8209E-02  5.0171E-03  5.4046E-02  1.0000E+00
 1.1196E+04  5.3159E-03  2.8106E-02  5.0408E-03  5.3888E-02  1.0000E+00
 1.1282E+04  5.3376E-03  2.8004E-02  5.0645E-03  5.3730E-02  1.0000E+00
 1.1369E+04  5.3593E-03  2.7902E-02  5.0882E-03  5.3571E-02  1.0000E+00
 1.1456E+04  5.3811E-03  2.7800E-02  5.1119E-03  5.3412E-02  1.0000E+00
 1.1543E+04  5.4029E-03  2.7698E-02  5.1357E-03  5.3252E-02  1.0000E+00
 1.1632E+04  5.4247E-03  2.7597E-02  5.1594E-03  5.3092E-02  1.0000E+00
 1.1721E+04  5.4466E-03  2.7495E-02  5.1832E-03  5.2932E-02  1.0000E+00
 1.1811E+04  5.4685E-03  2.7394E-02  5.2071E-03  5.2771E-02  1.0000E+00
 1.1901E+04  5.4904E-03  2.7292E-02  5.2309E-03  5.2609E-02  1.0000E+00
 1.1992E+04  5.5124E-03  2.7191E-02  5.2548E-03  5.2448E-02  1.0000E+00
 1.2084E+04  5.5345E-03  2.7090E-02  5.2787E-03  5.2286E-02  1.0000E+00
 1.2177E+04  5.5565E-03  2.6988E-02  5.3026E-03  5.2124E-02  1.0000E+00
 1.2270E+04  5.5787E-03  2.6888E-02  5.3265E-03  5.1961E-02  1.0000E+00
 1.2364E+04  5.6008E-03  2.6787E-02  5.3505E-03  5.1798E-02  1.0000E+00
 1.2458E+04  5.6230E-03  2.6686E-02  5.3745E-03  5.1635E-02  1.0000E+00
 1.2554E+04  5.6452E-03  2.6585E-02  5.3985E-03  5.1472E-02  1.0000E+00
 1.2650E+04  5.6675E-03  2.6485E-02  5.4226E-03  5.1308E-02  1.0000E+00
 1.2747E+04  5.6898E-03  2.6385E-02  5.4467E-03  5.1144E-02  1.0000E+00
 1.2845E+04  5.7122E-03  2.6285E-02  5.4708E-03  5.0980E-02  1.0000E+00
 1.2943E+04  5.7345E-03  2.6185E-02  5.4949E-03  5.0816E-02  1.0000E+00
 1.3042E+04  5.7570E-03  2.6085E-02  5.5190E-03  5.0651E-02  1.0000E+00
 1.3142E+04  5.7795E-03  2.5985E-02  5.5432E-03  5.0487E-02  1.0000E+00
 1.3243E+04  5.8020E-03  2.5885E-02  5.5674E-03  5.0322E-02  1.0000E+00
 1.3344E+04  5.8245E-03  2.5786E-02  5.5917E-03  5.0157E-02  1.0000E+00
 1.3446E+04  5.8471E-03  2.5687E-02  5.6160E-03  4.9992E-02  1.0000E+00
 1.3549E+04  5.8697E-03  2.5588E-02  5.6403E-03  4.9826E-02  1.0000E+00
 1.3653E+04  5.8924E-03  2.5489E-02  5.6646E-03  4.9661E-02  1.0000E+00
 1.3757E+04  5.9151E-03  2.5390E-02  5.6889E-03  4.9495E-02  1.0000E+00
 1.3863E+04  5.9379E-03  2.5291E-02  5.7133E-03  4.9330E-02  1.0000E+00
 1.3969E+04  5.9607E-03  2.5193E-02  5.7377E-03  4.9164E-02  1.0000E+00
 1.4076E+04  5.9836E-03  2.5095E-02  5.7622E-03  4.8998E-02  1.0000E+00
 1.4184E+04  6.0065E-03  2.4997E-02  5.7867E-03  4.8833E-02  1.0000E+00
 1.4292E+04  6.0294E-03  2.4899E-02  5.8112E-03  4.8667E-02  1.0000E+00
 1.4402E+04  6.0524E-03  2.4801E-02  5.8357E-03  4.8501E-02  1.0000E+00
 1.4512E+04  6.0754E-03  2.4704E-02  5.8603E-03  4.8335E-02  1.0000E+00
 1.4623E+04  6.0984E-03  2.4606E-02  5.8849E-03  4.8169E-02  1.0000E+00
 1.4735E+04  6.1216E-03  2.4509E-02  5.9095E-03  4.8003E-02  1.0000E+00
 1.4848E+04  6.1447E-03  2.4412E-02  5.9342E-03  4.7837E-02  1.0000E+00
 1.4962E+04  6.1679E-03  2.4316E-02  5.9589E-03  4.7671E-02  1.0000E+00
 1.5076E+04  6.1911E-03  2.4219E-02  5.9836E-03  4.7505E-02  1.0000E+00
 1.5192E+04  6.2144E-03  2.4123E-02  6.0084E-03  4.7339E-02  1.0000E+00
 1.5308E+04  6.2378E-03  2.4026E-02  6.0332E-03  4.7173E-02  1.0000E+00
 1.5425E+04  6.2611E-03  2.3931E-02  6.0581E-03  4.7008E-02  1.0000E+00
 1.5544E+04  6.2846E-03  2.3835E-02  6.0829E-03  4.6842E-02  1.0000E+00
 1.5663E+04  6.3080E-03  2.3739E-02  6.1078E-03  4.6676E-02  1.0000E+00
 1.5783E+04  6.3316E-03  2.3644E-02  6.1328E-03  4.6511E-02  1.0000E+00
 1.5903E+04  6.3551E-03  2.3549E-02  6.1578E-03  4.6345E-02  1.0000E+00
 1.6025E+04  6.3787E-03  2.3454E-02  6.1828E-03  4.6180E-02  1.0000E+00
 1.6148E+04  6.4024E-03  2.3359E-02  6.2078E-03  4.6014E-02  1.0000E+00
 1.6272E+04  6.4261E-03  2.3265E-02  6.2329E-03  4.5849E-02  1.0000E+00
 1.6396E+04  6.4498E-03  2.3170E-02  6.2580E-03  4.5684E-02  1.0000E+00
 1.6522E+04  6.4736E-03  2.3076E-02  6.2832E-03  4.5519E-02  1.0000E+00
 1.6648E+04  6.4975E-03  2.2983E-02  6.3084E-03  4.5355E-02  1.0000E+00
 1.6776E+04  6.5214E-03  2.2889E-02  6.3337E-03  4.5190E-02  1.0000E+00
 1.6904E+04  6.5453E-03  2.2796E-02  6.3589E-03  4.5026E-02  1.0000E+00
 1.7034E+04  6.5693E-03  2.2703E-02  6.3843E-03  4.4861E-02  1.0000E+00
 1.7164E+04  6.5934E-03  2.2610E-02  6.4096E-03  4.4697E-02  1.0000E+00
 1.7296E+04  6.6175E-03  2.2517E-02  6.4350E-03  4.4533E-02  1.0000E+00
 1.7428E+04  6.6416E-03  2.2424E-02  6.4605E-03  4.4369E-02  1.0000E+00
 1.7562E+04  6.6658E-03  2.2332E-02  6.4859E-03  4.4206E-02  1.0000E+00
 1.7696E+04  6.6901E-03  2.2240E-02  6.5115E-03  4.4043E-02  1.0000E+00
 1.7832E+04  6.7144E-03  2.2149E-02  6.5370E-03  4.3879E-02  1.0000E+00
 1.7968E+04  6.7387E-03  2.2057E-02  6.5626E-03  4.3717E-02  1.0000E+00
 1.8106E+04  6.7631E-03  2.1966E-02  6.5883E-03  4.3554E-02  1.0000E+00
 1.8244E+04  6.7876E-03  2.1875E-02  6.6140E-03  4.3391E-02  1.0000E+00
 1.8384E+04  6.8121E-03  2.1784E-02  6.6397E-03  4.3229E-02  1.0000E+00
 1.8525E+04  6.8367E-03  2.1693E-02  6.6655E-03  4.3067E-02  1.0000E+00
 1.8667E+04  6.8613E-03  2.1603E-02  6.6913E-03  4.2906E-02  1.0000E+00
 1.8810E+04  6.8860E-03  2.1513E-02  6.7172E-03  4.2744E-02  1.0000E+00
 1.8954E+04  6.9107E-03  2.1423E-02  6.7431E-03  4.2583E-02  1.0000E+00
 1.9099E+04  6.9355E-03  2.1334E-02  6.7691E-03  4.2422E-02  1.0000E+00
 1.9245E+04  6.9603E-03  2.1244E-02  6.7951E-03  4.2261E-02  1.0000E+00
 1.9393E+04  6.9852E-03  2.1155E-02  6.8211E-03  4.2101E-02  1.0000E+00
 1.9541E+04  7.0101E-03  2.1067E-02  6.8472E-03  4.1941E-02  1.0000E+00
 1.9691E+04  7.0351E-03  2.0978E-02  6.8734E-03  4.1781E-02  1.0000E+00
 1.9842E+04  7.0602E-03  2.0890E-02  6.8996E-03  4.1622E-02  1.0000E+00
 1.9994E+04  7.0853E-03  2.0802E-02  6.9258E-03  4.1462E-02  1.0000E+00
 2.0147E+04  7.1105E-03  2.0714E-02  6.9521E-03  4.1303E-02  1.0000E+00
 2.0301E+04  7.1357E-03  2.0626E-02  6.9785E-03  4.1145E-02  1.0000E+00
 2.0456E+04  7.1610E-03  2.0539E-02  7.0049E-03  4.0987E-02  1.0000E+00
 2.0613E+04  7.1864E-03  2.0452E-02  7.0313E-03  4.0829E-02  1.0000E+00
 2.0771E+04  7.2118E-03  2.0365E-02  7.0578E-03  4.0671E-02  1.0000E+00
 2.0930E+04  7.2373E-03  2.0279E-02  7.0844E-03  4.0514E-02  1.0000E+00
 2.1090E+04  7.2628E-03  2.0193E-02  7.1110E-03  4.0357E-02  1.0000E+00
 2.1252E+04  7.2884E-03  2.0107E-02  7.1376E-03  4.0200E-02  1.0000E+00
 2.1415E+04  7.3141E-03  2.0021E-02  7.1643E-03  4.0044E-02  1.0000E+00
 2.1579E+04  7.3398E-03  1.9936E-02  7.1911E-03  3.9888E-02  1.0000E+00
 2.1744E+04  7.3656E-03  1.9850E-02  7.2179E-03  3.9733E-02  1.0000E+00
 2.1910E+04  7.3914E-03  1.9766E-02  7.2448E-03  3.9578E-02  1.0000E+00
 2.2078E+04  7.4173E-03  1.9681E-02  7.2717E-03  3.9423E-02  1.0000E+00
 2.2247E+04  7.4433E-03  1.9597E-02  7.2987E-03  3.9268E-02  1.0000E+00
 2.2418E+04  7.4694E-03  1.9512E-02  7.3258E-03  3.9114E-02  1.0000E+00
 2.2589E+04  7.4955E-03  1.9429E-02  7.3529E-03  3.8961E-02  1.0000E+00
 2.2762E+04  7.5216E-03  1.9345E-02  7.3800E-03  3.8807E-02  1.0000E+00
 2.2937E+04  7.5479E-03  1.9262E-02  7.4073E-03  3.8654E-02  1.0000E+00
 2.3112E+04  7.5742E-03  1.9179E-02  7.4345E-03  3.8502E-02  1.0000E+00
 2.3289E+04  7.6005E-03  1.9096E-02  7.4619E-03  3.8350E-02  1.0000E+00
 2.3468E+04  7.6270E-03  1.9014E-02  7.4893E-03  3.8198E-02  1.0000E+00
 2.3647E+04  7.6535E-03  1.8931E-02  7.5167E-03  3.8047E-02  1.0000E+00
 2.3829E+04  7.6801E-03  1.8850E-02  7.5443E-03  3.7896E-02  1.0000E+00
 2.4011E+04  7.7067E-03  1.8768E-02  7.5718E-03  3.7745E-02  1.0000E+00
 2.4195E+04  7.7334E-03  1.8687E-02  7.5995E-03  3.7595E-02  1.0000E+00
 2.4380E+04  7.7602E-03  1.8606E-02  7.6272E-03  3.7446E-02  1.0000E+00
 2.4567E+04  7.7871E-03  1.8525E-02  7.6550E-03  3.7296E-02  1.0000E+00
 2.4755E+04  7.8140E-03  1.8444E-02  7.6828E-03  3.7148E-02  1.0000E+00
 2.4945E+04  7.8410E-03  1.8364E-02  7.7107E-03  3.6999E-02  1.0000E+00
 2.5136E+04  7.8681E-03  1.8284E-02  7.7387E-03  3.6851E-02  1.0000E+00
 2.5328E+04  7.8953E-03  1.8204E-02  7.7668E-03  3.6704E-02  1.0000E+00
 2.5522E+04  7.9225E-03  1.8125E-02  7.7949E-03  3.6556E-02  1.0000E+00
 2.5718E+04  7.9498E-03  1.8046E-02  7.8230E-03  3.6410E-02  1.0000E+00
 2.5915E+04  7.9772E-03  1.7967E-02  7.8513E-03  3.6264E-02  1.0000E+00
 2.6113E+04  8.0046E-03  1.7888E-02  7.8796E-03  3.6118E-02  1.0000E+00
 2.6313E+04  8.0322E-03  1.7810E-02  7.9080E-03  3.5972E-02  1.0000E+00
 2.6515E+04  8.0598E-03  1.7732E-02  7.9365E-03  3.5827E-02  1.0000E+00
 2.6718E+04  8.0875E-03  1.7654E-02  7.9650E-03  3.5683E-02  1.0000E+00
 2.6922E+04  8.1152E-03  1.7577E-02  7.9936E-03  3.5539E-02  1.0000E+00
 2.7128E+04  8.1431E-03  1.7500E-02  8.0223E-03  3.5395E-02  1.0000E+00
 2.7336E+04  8.1710E-03  1.7423E-02  8.0510E-03  3.5252E-02  1.0000E+00
 2.7545E+04  8.1990E-03  1.7346E-02  8.0799E-03  3.5110E-02  1.0000E+00
 2.7756E+04  8.2271E-03  1.7270E-02  8.1088E-03  3.4968E-02  1.0000E+00
 2.7969E+04  8.2553E-03  1.7194E-02  8.1378E-03  3.4826E-02  1.0000E+00
 2.8183E+04  8.2836E-03  1.7118E-02  8.1668E-03  3.4685E-02  1.0000E+00
 2.8399E+04  8.3119E-03  1.7043E-02  8.1960E-03  3.4544E-02  1.0000E+00
 2.8617E+04  8.3403E-03  1.6967E-02  8.2252E-03  3.4403E-02  1.0000E+00
 2.8836E+04  8.3688E-03  1.6893E-02  8.2545E-03  3.4264E-02  1.0000E+00
 2.9056E+04  8.3975E-03  1.6818E-02  8.2839E-03  3.4124E-02  1.0000E+00
 2.9279E+04  8.4261E-03  1.6744E-02  8.3133E-03  3.3985E-02  1.0000E+00
 2.9503E+04  8.4549E-03  1.6670E-02  8.3429E-03  3.3847E-02  1.0000E+00
 2.9729E+04  8.4838E-03  1.6596E-02  8.3725E-03  3.3709E-02  1.0000E+00
 2.9957E+04  8.5128E-03  1.6522E-02  8.4022E-03  3.3571E-02  1.0000E+00
 3.0186E+04  8.5418E-03  1.6449E-02  8.4320E-03  3.3434E-02  1.0000E+00
 3.0417E+04  8.5710E-03  1.6376E-02  8.4619E-03  3.3298E-02  1.0000E+00
 3.0650E+04  8.6002E-03  1.6304E-02  8.4919E-03  3.3162E-02  1.0000E+00
 3.0885E+04  8.6295E-03  1.6231E-02  8.5219E-03  3.3026E-02  1.0000E+00
 3.1122E+04  8.6589E-03  1.6159E-02  8.5521E-03  3.2891E-02  1.0000E+00
 3.1360E+04  8.6885E-03  1.6087E-02  8.5823E-03  3.2757E-02  1.0000E+00
 3.1600E+04  8.7181E-03  1.6016E-02  8.6126E-03  3.2623E-02  1.0000E+00
 3.1842E+04  8.7478E-03  1.5945E-02  8.6431E-03  3.2489E-02  1.0000E+00
 3.2086E+04  8.7776E-03  1.5874E-02  8.6736E-03  3.2356E-02  1.0000E+00
 3.2332E+04  8.8075E-03  1.5803E-02  8.7042E-03  3.2223E-02  1.0000E+00
 3.2579E+04  8.8375E-03  1.5733E-02  8.7349E-03  3.2091E-02  1.0000E+00
 3.2829E+04  8.8676E-03  1.5663E-02  8.7657E-03  3.1960E-02  1.0000E+00
 3.3080E+04  8.8978E-03  1.5593E-02  8.7966E-03  3.1829E-02  1.0000E+00
 3.3334E+04  8.9282E-03  1.5523E-02  8.8276E-03  3.1698E-02  1.0000E+00
 3.3589E+04  8.9586E-03  1.5454E-02  8.8586E-03  3.1568E-02  1.0000E+00
 3.3846E+04  8.9891E-03  1.5385E-02  8.8898E-03  3.1438E-02  1.0000E+00
 3.4105E+04  9.0197E-03  1.5316E-02  8.9211E-03  3.1309E-02  1.0000E+00
 3.4367E+04  9.0505E-03  1.5248E-02  8.9525E-03  3.1180E-02  1.0000E+00
 3.4630E+04  9.0813E-03  1.5180E-02  8.9840E-03  3.1052E-02  1.0000E+00
 3.4895E+04  9.1123E-03  1.5112E-02  9.0156E-03  3.0925E-02  1.0000E+00
 3.5162E+04  9.1433E-03  1.5045E-02  9.0473E-03  3.0798E-02  1.0000E+00
 3.5431E+04  9.1745E-03  1.4977E-02  9.0791E-03  3.0671E-02  1.0000E+00
 3.5703E+04  9.2058E-03  1.4910E-02  9.1110E-03  3.0545E-02  1.0000E+00
 3.5976E+04  9.2372E-03  1.4844E-02  9.1431E-03  3.0419E-02  1.0000E+00
 3.6252E+04  9.2687E-03  1.4777E-02  9.1752E-03  3.0294E-02  1.0000E+00
 3.6529E+04  9.3003E-03  1.4711E-02  9.2074E-03  3.0170E-02  1.0000E+00
 3.6809E+04  9.3321E-03  1.4645E-02  9.2398E-03  3.0045E-02  1.0000E+00
 3.7091E+04  9.3639E-03  1.4580E-02  9.2723E-03  2.9922E-02  1.0000E+00
 3.7375E+04  9.3959E-03  1.4514E-02  9.3048E-03  2.9799E-02  1.0000E+00
 3.7661E+04  9.4280E-03  1.4449E-02  9.3375E-03  2.9676E-02  1.0000E+00
 3.7950E+04  9.4602E-03  1.4385E-02  9.3703E-03  2.9554E-02  1.0000E+00
 3.8240E+04  9.4926E-03  1.4320E-02  9.4033E-03  2.9433E-02  1.0000E+00
 3.8533E+04  9.5250E-03  1.4256E-02  9.4363E-03  2.9312E-02  1.0000E+00
 3.8828E+04  9.5576E-03  1.4192E-02  9.4695E-03  2.9191E-02  1.0000E+00
 3.9126E+04  9.5903E-03  1.4129E-02  9.5028E-03  2.9071E-02  1.0000E+00
 3.9425E+04  9.6232E-03  1.4065E-02  9.5362E-03  2.8952E-02  1.0000E+00
 3.9727E+04  9.6562E-03  1.4002E-02  9.5697E-03  2.8833E-02  1.0000E+00
 4.0032E+04  9.6893E-03  1.3939E-02  9.6034E-03  2.8714E-02  1.0000E+00
 4.0338E+04  9.7225E-03  1.3877E-02  9.6372E-03  2.8596E-02  1.0000E+00
 4.0647E+04  9.7559E-03  1.3815E-02  9.6711E-03  2.8479E-02  1.0000E+00
 4.0958E+04  9.7893E-03  1.3753E-02  9.7051E-03  2.8362E-02  1.0000E+00
 4.1272E+04  9.8230E-03  1.3691E-02  9.7393E-03  2.8245E-02  1.0000E+00
 4.1588E+04  9.8567E-03  1.3630E-02  9.7736E-03  2.8129E-02  1.0000E+00
 4.1907E+04  9.8907E-03  1.3569E-02  9.8081E-03  2.8014E-02  1.0000E+00
 4.2228E+04  9.9247E-03  1.3508E-02  9.8426E-03  2.7899E-02  1.0000E+00
 4.2551E+04  9.9589E-03  1.3447E-02  9.8774E-03  2.7785E-02  1.0000E+00
 4.2877E+04  9.9932E-03  1.3387E-02  9.9122E-03  2.7671E-02  1.0000E+00
 4.3205E+04  1.0028E-02  1.3327E-02  9.9472E-03  2.7557E-02  1.0000E+00
 4.3536E+04  1.0062E-02  1.3267E-02  9.9823E-03  2.7445E-02  1.0000E+00
 4.3869E+04  1.0097E-02  1.3208E-02  1.0018E-02  2.7332E-02  1.0000E+00
 4.4205E+04  1.0132E-02  1.3148E-02  1.0053E-02  2.7220E-02  1.0000E+00
 4.4544E+04  1.0167E-02  1.3089E-02  1.0089E-02  2.7109E-02  1.0000E+00
 4.4885E+04  1.0202E-02  1.3031E-02  1.0124E-02  2.6998E-02  1.0000E+00
 4.5229E+04  1.0238E-02  1.2972E-02  1.0160E-02  2.6888E-02  1.0000E+00
 4.5575E+04  1.0273E-02  1.2914E-02  1.0196E-02  2.6778E-02  1.0000E+00
 4.5924E+04  1.0309E-02  1.2856E-02  1.0232E-02  2.6669E-02  1.0000E+00
 4.6276E+04  1.0345E-02  1.2799E-02  1.0269E-02  2.6560E-02  1.0000E+00
 4.6630E+04  1.0381E-02  1.2741E-02  1.0305E-02  2.6452E-02  1.0000E+00
 4.6987E+04  1.0417E-02  1.2684E-02  1.0342E-02  2.6344E-02  1.0000E+00
 4.7347E+04  1.0453E-02  1.2628E-02  1.0378E-02  2.6237E-02  1.0000E+00
 4.7710E+04  1.0489E-02  1.2571E-02  1.0415E-02  2.6130E-02  1.0000E+00
 4.8075E+04  1.0526E-02  1.2515E-02  1.0452E-02  2.6024E-02  1.0000E+00
 4.8443E+04  1.0563E-02  1.2459E-02  1.0490E-02  2.5918E-02  1.0000E+00
 4.8814E+04  1.0600E-02  1.2403E-02  1.0527E-02  2.5813E-02  1.0000E+00
 4.9188E+04  1.0637E-02  1.2348E-02  1.0565E-02  2.5708E-02  1.0000E+00
 4.9565E+04  1.0674E-02  1.2292E-02  1.0602E-02  2.5604E-02  1.0000E+00
 4.9945E+04  1.0712E-02  1.2237E-02  1.0640E-02  2.5500E-02  1.0000E+00
 5.0327E+04  1.0749E-02  1.2183E-02  1.0678E-02  2.5397E-02  1.0000E+00
 5.0713E+04  1.0787E-02  1.2128E-02  1.0717E-02  2.5294E-02  1.0000E+00
 5.1101E+04  1.0825E-02  1.2074E-02  1.0755E-02  2.5192E-02  1.0000E+00
 5.1492E+04  1.0863E-02  1.2020E-02  1.0794E-02  2.5090E-02  1.0000E+00
 5.1887E+04  1.0902E-02  1.1967E-02  1.0833E-02  2.4989E-02  1.0000E+00
 5.2284E+04  1.0940E-02  1.1913E-02  1.0872E-02  2.4888E-02  1.0000E+00
 5.2684E+04  1.0979E-02  1.1860E-02  1.0911E-02  2.4788E-02  1.0000E+00
 5.3088E+04  1.1018E-02  1.1807E-02  1.0950E-02  2.4689E-02  1.0000E+00
 5.3494E+04  1.1057E-02  1.1755E-02  1.0990E-02  2.4589E-02  1.0000E+00
 5.3904E+04  1.1096E-02  1.1703E-02  1.1029E-02  2.4491E-02  1.0000E+00
 5.4317E+04  1.1136E-02  1.1650E-02  1.1069E-02  2.4393E-02  1.0000E+00
 5.4733E+04  1.1176E-02  1.1599E-02  1.1109E-02  2.4295E-02  1.0000E+00
 5.5152E+04  1.1215E-02  1.1547E-02  1.1150E-02  2.4198E-02  1.0000E+00
 5.5574E+04  1.1256E-02  1.1496E-02  1.1190E-02  2.4101E-02  1.0000E+00
 5.6000E+04  1.1296E-02  1.1445E-02  1.1231E-02  2.4005E-02  1.0000E+00
 5.6429E+04  1.1336E-02  1.1394E-02  1.1272E-02  2.3909E-02  1.0000E+00
 5.6861E+04  1.1377E-02  1.1343E-02  1.1313E-02  2.3814E-02  1.0000E+00
 5.7297E+04  1.1418E-02  1.1293E-02  1.1354E-02  2.3719E-02  1.0000E+00
 5.7735E+04  1.1459E-02  1.1243E-02  1.1396E-02  2.3625E-02  1.0000E+00
 5.8177E+04  1.1500E-02  1.1193E-02  1.1437E-02  2.3531E-02  1.0000E+00
 5.8623E+04  1.1542E-02  1.1144E-02  1.1479E-02  2.3438E-02  1.0000E+00
 5.9072E+04  1.1584E-02  1.1094E-02  1.1521E-02  2.3345E-02  1.0000E+00
 5.9524E+04  1.1626E-02  1.1045E-02  1.1564E-02  2.3253E-02  1.0000E+00
 5.9980E+04  1.1668E-02  1.0997E-02  1.1606E-02  2.3161E-02  1.0000E+00
 6.0440E+04  1.1710E-02  1.0948E-02  1.1649E-02  2.3070E-02  1.0000E+00
 6.0902E+04  1.1753E-02  1.0900E-02  1.1692E-02  2.2979E-02  1.0000E+00
 6.1369E+04  1.1796E-02  1.0852E-02  1.1735E-02  2.2889E-02  1.0000E+00
 6.1839E+04  1.1839E-02  1.0804E-02  1.1779E-02  2.2799E-02  1.0000E+00
 6.2312E+04  1.1882E-02  1.0756E-02  1.1823E-02  2.2710E-02  1.0000E+00
 6.2790E+04  1.1926E-02  1.0709E-02  1.1867E-02  2.2621E-02  1.0000E+00
 6.3270E+04  1.1970E-02  1.0662E-02  1.1911E-02  2.2533E-02  1.0000E+00
 6.3755E+04  1.2014E-02  1.0615E-02  1.1955E-02  2.2445E-02  1.0000E+00
 6.4243E+04  1.2058E-02  1.0569E-02  1.2000E-02  2.2357E-02  1.0000E+00
 6.4735E+04  1.2103E-02  1.0522E-02  1.2045E-02  2.2270E-02  1.0000E+00
 6.5231E+04  1.2148E-02  1.0476E-02  1.2090E-02  2.2184E-02  1.0000E+00
 6.5731E+04  1.2193E-02  1.0430E-02  1.2135E-02  2.2098E-02  1.0000E+00
 6.6234E+04  1.2238E-02  1.0385E-02  1.2181E-02  2.2013E-02  1.0000E+00
 6.6741E+04  1.2283E-02  1.0339E-02  1.2227E-02  2.1928E-02  1.0000E+00
 6.7252E+04  1.2329E-02  1.0294E-02  1.2273E-02  2.1843E-02  1.0000E+00
 6.7767E+04  1.2375E-02  1.0249E-02  1.2319E-02  2.1759E-02  1.0000E+00
 6.8286E+04  1.2422E-02  1.0205E-02  1.2366E-02  2.1676E-02  1.0000E+00
 6.8809E+04  1.2468E-02  1.0160E-02  1.2413E-02  2.1592E-02  1.0000E+00
 6.9336E+04  1.2515E-02  1.0116E-02  1.2460E-02  2.1510E-02  1.0000E+00
 6.9867E+04  1.2562E-02  1.0072E-02  1.2508E-02  2.1428E-02  1.0000E+00
 7.0402E+04  1.2610E-02  1.0028E-02  1.2555E-02  2.1346E-02  1.0000E+00
 7.0942E+04  1.2658E-02  9.9850E-03  1.2604E-02  2.1265E-02  1.0000E+00
 7.1485E+04  1.2706E-02  9.9417E-03  1.2652E-02  2.1184E-02  1.0000E+00
 7.2032E+04  1.2754E-02  9.8987E-03  1.2700E-02  2.1104E-02  1.0000E+00
 7.2584E+04  1.2802E-02  9.8559E-03  1.2749E-02  2.1024E-02  1.0000E+00
 7.3140E+04  1.2851E-02  9.8134E-03  1.2798E-02  2.0945E-02  1.0000E+00
 7.3700E+04  1.2900E-02  9.7710E-03  1.2848E-02  2.0866E-02  1.0000E+00
 7.4264E+04  1.2950E-02  9.7289E-03  1.2898E-02  2.0788E-02  1.0000E+00
 7.4833E+04  1.3000E-02  9.6871E-03  1.2948E-02  2.0710E-02  1.0000E+00
 7.5406E+04  1.3050E-02  9.6454E-03  1.2998E-02  2.0632E-02  1.0000E+00
 7.5984E+04  1.3100E-02  9.6040E-03  1.3049E-02  2.0555E-02  1.0000E+00
 7.6566E+04  1.3151E-02  9.5629E-03  1.3100E-02  2.0479E-02  1.0000E+00
 7.7152E+04  1.3202E-02  9.5219E-03  1.3151E-02  2.0403E-02  1.0000E+00
 7.7743E+04  1.3253E-02  9.4812E-03  1.3203E-02  2.0327E-02  1.0000E+00
 7.8338E+04  1.3305E-02  9.4407E-03  1.3255E-02  2.0252E-02  1.0000E+00
 7.8938E+04  1.3357E-02  9.4004E-03  1.3307E-02  2.0177E-02  1.0000E+00
 7.9543E+04  1.3409E-02  9.3603E-03  1.3359E-02  2.0103E-02  1.0000E+00
 8.0152E+04  1.3462E-02  9.3205E-03  1.3412E-02  2.0029E-02  1.0000E+00
 8.0766E+04  1.3515E-02  9.2809E-03  1.3466E-02  1.9956E-02  1.0000E+00
 8.1384E+04  1.3568E-02  9.2415E-03  1.3519E-02  1.9883E-02  1.0000E+00
 8.2008E+04  1.3622E-02  9.2023E-03  1.3573E-02  1.9811E-02  1.0000E+00
 8.2636E+04  1.3676E-02  9.1634E-03  1.3627E-02  1.9739E-02  1.0000E+00
 8.3268E+04  1.3730E-02  9.1246E-03  1.3682E-02  1.9667E-02  1.0000E+00
 8.3906E+04  1.3785E-02  9.0861E-03  1.3737E-02  1.9596E-02  1.0000E+00
 8.4549E+04  1.3840E-02  9.0478E-03  1.3792E-02  1.9525E-02  1.0000E+00
 8.5196E+04  1.3895E-02  9.0097E-03  1.3848E-02  1.9455E-02  1.0000E+00
 8.5849E+04  1.3951E-02  8.9719E-03  1.3904E-02  1.9385E-02  1.0000E+00
 8.6506E+04  1.4007E-02  8.9342E-03  1.3960E-02  1.9316E-02  1.0000E+00
 8.7169E+04  1.4064E-02  8.8968E-03  1.4017E-02  1.9247E-02  1.0000E+00
 8.7836E+04  1.4121E-02  8.8595E-03  1.4074E-02  1.9179E-02  1.0000E+00
 8.8509E+04  1.4178E-02  8.8225E-03  1.4132E-02  1.9111E-02  1.0000E+00
 8.9187E+04  1.4235E-02  8.7857E-03  1.4190E-02  1.9044E-02  1.0000E+00
 8.9870E+04  1.4294E-02  8.7492E-03  1.4248E-02  1.8976E-02  1.0000E+00
 9.0558E+04  1.4352E-02  8.7128E-03  1.4307E-02  1.8910E-02  1.0000E+00
 9.1252E+04  1.4411E-02  8.6766E-03  1.4366E-02  1.8844E-02  1.0000E+00
 9.1950E+04  1.4470E-02  8.6407E-03  1.4425E-02  1.8778E-02  1.0000E+00
 9.2655E+04  1.4530E-02  8.6049E-03  1.4485E-02  1.8713E-02  1.0000E+00
 9.3364E+04  1.4590E-02  8.5694E-03  1.4546E-02  1.8648E-02  1.0000E+00
 9.4079E+04  1.4650E-02  8.5341E-03  1.4606E-02  1.8583E-02  1.0000E+00
 9.4800E+04  1.4711E-02  8.4989E-03  1.4668E-02  1.8519E-02  1.0000E+00
 9.5526E+04  1.4773E-02  8.4640E-03  1.4729E-02  1.8456E-02  1.0000E+00
 9.6257E+04  1.4834E-02  8.4293E-03  1.4791E-02  1.8392E-02  1.0000E+00
 9.6994E+04  1.4897E-02  8.3948E-03  1.4854E-02  1.8330E-02  1.0000E+00
 9.7737E+04  1.4959E-02  8.3605E-03  1.4916E-02  1.8267E-02  1.0000E+00
 9.8486E+04  1.5023E-02  8.3264E-03  1.4980E-02  1.8206E-02  1.0000E+00
 9.9240E+04  1.5086E-02  8.2925E-03  1.5044E-02  1.8144E-02  1.0000E+00
 1.0000E+05  1.5150E-02  8.2588E-03  1.5108E-02  1.8083E-02  1.0000E+00


