#     0	 1	   19	 5	 9.4433E+02	 1000	1
 4.8978E+01  0.0000E+00  0.0000E+00  0.0000E+00  0.0000E+00  0.0000E+00
 4.9353E+01  0.0000E+00  0.0000E+00  0.0000E+00  0.0000E+00  0.0000E+00
 4.9731E+01  0.0000E+00  0.0000E+00  0.0000E+00  0.0000E+00  0.0000E+00
 5.0112E+01  0.0000E+00  0.0000E+00  0.0000E+00  0.0000E+00  0.0000E+00
 5.0496E+01  0.0000E+00  0.0000E+00  0.0000E+00  0.0000E+00  0.0000E+00
 5.0882E+01  0.0000E+00  0.0000E+00  0.0000E+00  0.0000E+00  0.0000E+00
 5.1272E+01  0.0000E+00  0.0000E+00  0.0000E+00  0.0000E+00  0.0000E+00
 5.1665E+01  0.0000E+00  0.0000E+00  0.0000E+00  0.0000E+00  0.0000E+00
 5.2060E+01  0.0000E+00  0.0000E+00  0.0000E+00  0.0000E+00  0.0000E+00
 5.2459E+01  0.0000E+00  0.0000E+00  0.0000E+00  0.0000E+00  0.0000E+00
 5.2861E+01  0.0000E+00  0.0000E+00  0.0000E+00  0.0000E+00  0.0000E+00
 5.3266E+01  0.0000E+00  0.0000E+00  0.0000E+00  0.0000E+00  0.0000E+00
 5.3673E+01  0.0000E+00  0.0000E+00  0.0000E+00  0.0000E+00  0.0000E+00
 5.4085E+01  0.0000E+00  0.0000E+00  0.0000E+00  0.0000E+00  0.0000E+00
 5.4499E+01  0.0000E+00  0.0000E+00  0.0000E+00  0.0000E+00  0.0000E+00
 5.4916E+01  0.0000E+00  0.0000E+00  0.0000E+00  0.0000E+00  0.0000E+00
 5.5337E+01  0.0000E+00  0.0000E+00  0.0000E+00  0.0000E+00  0.0000E+00
 5.5760E+01  0.0000E+00  0.0000E+00  0.0000E+00  0.0000E+00  0.0000E+00
 5.6187E+01  0.0000E+00  0.0000E+00  0.0000E+00  0.0000E+00  0.0000E+00
 5.6618E+01  0.0000E+00  0.0000E+00  0.0000E+00  0.0000E+00  0.0000E+00
 5.7051E+01  0.0000E+00  0.0000E+00  0.0000E+00  0.0000E+00  0.0000E+00
 5.7488E+01  0.0000E+00  0.0000E+00  0.0000E+00  0.0000E+00  0.0000E+00
 5.7929E+01  0.0000E+00  0.0000E+00  0.0000E+00  0.0000E+00  0.0000E+00
 5.8372E+01  0.0000E+00  0.0000E+00  0.0000E+00  0.0000E+00  0.0000E+00
 5.8819E+01  0.0000E+00  0.0000E+00  0.0000E+00  0.0000E+00  0.0000E+00
 5.9270E+01  0.0000E+00  0.0000E+00  0.0000E+00  0.0000E+00  0.0000E+00
 5.9724E+01  0.0000E+00  0.0000E+00  0.0000E+00  0.0000E+00  0.0000E+00
 6.0181E+01  0.0000E+00  0.0000E+00  0.0000E+00  0.0000E+00  0.0000E+00
 6.0642E+01  0.0000E+00  0.0000E+00  0.0000E+00  0.0000E+00  0.0000E+00
 6.1106E+01  0.0000E+00  0.0000E+00  0.0000E+00  0.0000E+00  0.0000E+00
 6.1574E+01  0.0000E+00  0.0000E+00  0.0000E+00  0.0000E+00  0.0000E+00
 6.2046E+01  0.0000E+00  0.0000E+00  0.0000E+00  0.0000E+00  0.0000E+00
 6.2521E+01  0.0000E+00  0.0000E+00  0.0000E+00  0.0000E+00  0.0000E+00
 6.3000E+01  0.0000E+00  0.0000E+00  0.0000E+00  0.0000E+00  0.0000E+00
 6.3482E+01  0.0000E+00  0.0000E+00  0.0000E+00  0.0000E+00  0.0000E+00
 6.3968E+01  0.0000E+00  0.0000E+00  0.0000E+00  0.0000E+00  0.0000E+00
 6.4458E+01  0.0000E+00  0.0000E+00  0.0000E+00  0.0000E+00  0.0000E+00
 6.4952E+01  0.0000E+00  0.0000E+00  0.0000E+00  0.0000E+00  0.0000E+00
 6.5449E+01  0.0000E+00  0.0000E+00  0.0000E+00  0.0000E+00  0.0000E+00
 6.5951E+01  0.0000E+00  0.0000E+00  0.0000E+00  0.0000E+00  0.0000E+00
 6.6456E+01  0.0000E+00  0.0000E+00  0.0000E+00  0.0000E+00  0.0000E+00
 6.6965E+01  0.0000E+00  0.0000E+00  0.0000E+00  0.0000E+00  0.0000E+00
 6.7478E+01  0.0000E+00  0.0000E+00  0.0000E+00  0.0000E+00  0.0000E+00
 6.7994E+01  0.0000E+00  0.0000E+00  0.0000E+00  0.0000E+00  0.0000E+00
 6.8515E+01  0.0000E+00  0.0000E+00  0.0000E+00  0.0000E+00  0.0000E+00
 6.9040E+01  0.0000E+00  0.0000E+00  0.0000E+00  0.0000E+00  0.0000E+00
 6.9568E+01  0.0000E+00  0.0000E+00  0.0000E+00  0.0000E+00  0.0000E+00
 7.0101E+01  0.0000E+00  0.0000E+00  0.0000E+00  0.0000E+00  0.0000E+00
 7.0638E+01  0.0000E+00  0.0000E+00  0.0000E+00  0.0000E+00  0.0000E+00
 7.1179E+01  0.0000E+00  0.0000E+00  0.0000E+00  0.0000E+00  0.0000E+00
 7.1724E+01  0.0000E+00  0.0000E+00  0.0000E+00  0.0000E+00  0.0000E+00
 7.2273E+01  0.0000E+00  0.0000E+00  0.0000E+00  0.0000E+00  0.0000E+00
 7.2827E+01  0.0000E+00  0.0000E+00  0.0000E+00  0.0000E+00  0.0000E+00
 7.3385E+01  0.0000E+00  0.0000E+00  0.0000E+00  0.0000E+00  0.0000E+00
 7.3947E+01  0.0000E+00  0.0000E+00  0.0000E+00  0.0000E+00  0.0000E+00
 7.4513E+01  0.0000E+00  0.0000E+00  0.0000E+00  0.0000E+00  0.0000E+00
 7.5084E+01  0.0000E+00  0.0000E+00  0.0000E+00  0.0000E+00  0.0000E+00
 7.5659E+01  0.0000E+00  0.0000E+00  0.0000E+00  0.0000E+00  0.0000E+00
 7.6238E+01  0.0000E+00  0.0000E+00  0.0000E+00  0.0000E+00  0.0000E+00
 7.6822E+01  0.0000E+00  0.0000E+00  0.0000E+00  0.0000E+00  0.0000E+00
 7.7410E+01  0.0000E+00  0.0000E+00  0.0000E+00  0.0000E+00  0.0000E+00
 7.8003E+01  0.0000E+00  0.0000E+00  0.0000E+00  0.0000E+00  0.0000E+00
 7.8601E+01  0.0000E+00  0.0000E+00  0.0000E+00  0.0000E+00  0.0000E+00
 7.9202E+01  0.0000E+00  0.0000E+00  0.0000E+00  0.0000E+00  0.0000E+00
 7.9809E+01  0.0000E+00  0.0000E+00  0.0000E+00  0.0000E+00  0.0000E+00
 8.0420E+01  0.0000E+00  0.0000E+00  0.0000E+00  0.0000E+00  0.0000E+00
 8.1036E+01  0.0000E+00  0.0000E+00  0.0000E+00  0.0000E+00  0.0000E+00
 8.1657E+01  0.0000E+00  0.0000E+00  0.0000E+00  0.0000E+00  0.0000E+00
 8.2282E+01  0.0000E+00  0.0000E+00  0.0000E+00  0.0000E+00  0.0000E+00
 8.2912E+01  0.0000E+00  0.0000E+00  0.0000E+00  0.0000E+00  0.0000E+00
 8.3547E+01  0.0000E+00  0.0000E+00  0.0000E+00  0.0000E+00  0.0000E+00
 8.4187E+01  0.0000E+00  0.0000E+00  0.0000E+00  0.0000E+00  0.0000E+00
 8.4832E+01  0.0000E+00  0.0000E+00  0.0000E+00  0.0000E+00  0.0000E+00
 8.5481E+01  0.0000E+00  0.0000E+00  0.0000E+00  0.0000E+00  0.0000E+00
 8.6136E+01  0.0000E+00  0.0000E+00  0.0000E+00  0.0000E+00  0.0000E+00
 8.6796E+01  0.0000E+00  0.0000E+00  0.0000E+00  0.0000E+00  0.0000E+00
 8.7460E+01  0.0000E+00  0.0000E+00  0.0000E+00  0.0000E+00  0.0000E+00
 8.8130E+01  0.0000E+00  0.0000E+00  0.0000E+00  0.0000E+00  0.0000E+00
 8.8805E+01  0.0000E+00  0.0000E+00  0.0000E+00  0.0000E+00  0.0000E+00
 8.9485E+01  0.0000E+00  0.0000E+00  0.0000E+00  0.0000E+00  0.0000E+00
 9.0171E+01  0.0000E+00  0.0000E+00  0.0000E+00  0.0000E+00  0.0000E+00
 9.0861E+01  0.0000E+00  0.0000E+00  0.0000E+00  0.0000E+00  0.0000E+00
 9.1557E+01  0.0000E+00  0.0000E+00  0.0000E+00  0.0000E+00  0.0000E+00
 9.2258E+01  0.0000E+00  0.0000E+00  0.0000E+00  0.0000E+00  0.0000E+00
 9.2965E+01  0.0000E+00  0.0000E+00  0.0000E+00  0.0000E+00  0.0000E+00
 9.3677E+01  0.0000E+00  0.0000E+00  0.0000E+00  0.0000E+00  0.0000E+00
 9.4394E+01  0.0000E+00  0.0000E+00  0.0000E+00  0.0000E+00  0.0000E+00
 9.5117E+01  0.0000E+00  0.0000E+00  0.0000E+00  0.0000E+00  0.0000E+00
 9.5845E+01  0.0000E+00  0.0000E+00  0.0000E+00  0.0000E+00  0.0000E+00
 9.6579E+01  0.0000E+00  0.0000E+00  0.0000E+00  0.0000E+00  0.0000E+00
 9.7319E+01  0.0000E+00  0.0000E+00  0.0000E+00  0.0000E+00  0.0000E+00
 9.8064E+01  0.0000E+00  0.0000E+00  0.0000E+00  0.0000E+00  0.0000E+00
 9.8815E+01  0.0000E+00  0.0000E+00  0.0000E+00  0.0000E+00  0.0000E+00
 9.9572E+01  0.0000E+00  0.0000E+00  0.0000E+00  0.0000E+00  0.0000E+00
 1.0033E+02  0.0000E+00  0.0000E+00  0.0000E+00  0.0000E+00  0.0000E+00
 1.0110E+02  0.0000E+00  0.0000E+00  0.0000E+00  0.0000E+00  0.0000E+00
 1.0188E+02  0.0000E+00  0.0000E+00  0.0000E+00  0.0000E+00  0.0000E+00
 1.0266E+02  0.0000E+00  0.0000E+00  0.0000E+00  0.0000E+00  0.0000E+00
 1.0344E+02  0.0000E+00  0.0000E+00  0.0000E+00  0.0000E+00  0.0000E+00
 1.0424E+02  0.0000E+00  0.0000E+00  0.0000E+00  0.0000E+00  0.0000E+00
 1.0503E+02  0.0000E+00  0.0000E+00  0.0000E+00  0.0000E+00  0.0000E+00
 1.0584E+02  0.0000E+00  0.0000E+00  0.0000E+00  0.0000E+00  0.0000E+00
 1.0665E+02  0.0000E+00  0.0000E+00  0.0000E+00  0.0000E+00  0.0000E+00
 1.0747E+02  0.0000E+00  0.0000E+00  0.0000E+00  0.0000E+00  0.0000E+00
 1.0829E+02  0.0000E+00  0.0000E+00  0.0000E+00  0.0000E+00  0.0000E+00
 1.0912E+02  0.0000E+00  0.0000E+00  0.0000E+00  0.0000E+00  0.0000E+00
 1.0995E+02  0.0000E+00  0.0000E+00  0.0000E+00  0.0000E+00  0.0000E+00
 1.1080E+02  0.0000E+00  0.0000E+00  0.0000E+00  0.0000E+00  0.0000E+00
 1.1164E+02  0.0000E+00  0.0000E+00  0.0000E+00  0.0000E+00  0.0000E+00
 1.1250E+02  0.0000E+00  0.0000E+00  0.0000E+00  0.0000E+00  0.0000E+00
 1.1336E+02  0.0000E+00  0.0000E+00  0.0000E+00  0.0000E+00  0.0000E+00
 1.1423E+02  0.0000E+00  0.0000E+00  0.0000E+00  0.0000E+00  0.0000E+00
 1.1510E+02  0.0000E+00  0.0000E+00  0.0000E+00  0.0000E+00  0.0000E+00
 1.1599E+02  0.0000E+00  0.0000E+00  0.0000E+00  0.0000E+00  0.0000E+00
 1.1687E+02  0.0000E+00  0.0000E+00  0.0000E+00  0.0000E+00  0.0000E+00
 1.1777E+02  0.0000E+00  0.0000E+00  0.0000E+00  0.0000E+00  0.0000E+00
 1.1867E+02  0.0000E+00  0.0000E+00  0.0000E+00  0.0000E+00  0.0000E+00
 1.1958E+02  0.0000E+00  0.0000E+00  0.0000E+00  0.0000E+00  0.0000E+00
 1.2050E+02  0.0000E+00  0.0000E+00  0.0000E+00  0.0000E+00  0.0000E+00
 1.2142E+02  0.0000E+00  0.0000E+00  0.0000E+00  0.0000E+00  0.0000E+00
 1.2235E+02  0.0000E+00  0.0000E+00  0.0000E+00  0.0000E+00  0.0000E+00
 1.2329E+02  0.0000E+00  0.0000E+00  0.0000E+00  0.0000E+00  0.0000E+00
 1.2423E+02  0.0000E+00  0.0000E+00  0.0000E+00  0.0000E+00  0.0000E+00
 1.2518E+02  0.0000E+00  0.0000E+00  0.0000E+00  0.0000E+00  0.0000E+00
 1.2614E+02  0.0000E+00  0.0000E+00  0.0000E+00  0.0000E+00  0.0000E+00
 1.2711E+02  0.0000E+00  0.0000E+00  0.0000E+00  0.0000E+00  0.0000E+00
 1.2808E+02  0.0000E+00  0.0000E+00  0.0000E+00  0.0000E+00  0.0000E+00
 1.2906E+02  0.0000E+00  0.0000E+00  0.0000E+00  0.0000E+00  0.0000E+00
 1.3005E+02  0.0000E+00  0.0000E+00  0.0000E+00  0.0000E+00  0.0000E+00
 1.3104E+02  0.0000E+00  0.0000E+00  0.0000E+00  0.0000E+00  0.0000E+00
 1.3205E+02  0.0000E+00  0.0000E+00  0.0000E+00  0.0000E+00  0.0000E+00
 1.3306E+02  0.0000E+00  0.0000E+00  0.0000E+00  0.0000E+00  0.0000E+00
 1.3408E+02  0.0000E+00  0.0000E+00  0.0000E+00  0.0000E+00  0.0000E+00
 1.3510E+02  0.0000E+00  0.0000E+00  0.0000E+00  0.0000E+00  0.0000E+00
 1.3614E+02  0.0000E+00  0.0000E+00  0.0000E+00  0.0000E+00  0.0000E+00
 1.3718E+02  0.0000E+00  0.0000E+00  0.0000E+00  0.0000E+00  0.0000E+00
 1.3823E+02  0.0000E+00  0.0000E+00  0.0000E+00  0.0000E+00  0.0000E+00
 1.3929E+02  0.0000E+00  0.0000E+00  0.0000E+00  0.0000E+00  0.0000E+00
 1.4036E+02  0.0000E+00  0.0000E+00  0.0000E+00  0.0000E+00  0.0000E+00
 1.4143E+02  0.0000E+00  0.0000E+00  0.0000E+00  0.0000E+00  0.0000E+00
 1.4252E+02  0.0000E+00  0.0000E+00  0.0000E+00  0.0000E+00  0.0000E+00
 1.4361E+02  0.0000E+00  0.0000E+00  0.0000E+00  0.0000E+00  0.0000E+00
 1.4471E+02  0.0000E+00  0.0000E+00  0.0000E+00  0.0000E+00  0.0000E+00
 1.4582E+02  0.0000E+00  0.0000E+00  0.0000E+00  0.0000E+00  0.0000E+00
 1.4693E+02  0.0000E+00  0.0000E+00  0.0000E+00  0.0000E+00  0.0000E+00
 1.4806E+02  0.0000E+00  0.0000E+00  0.0000E+00  0.0000E+00  0.0000E+00
 1.4919E+02  0.0000E+00  0.0000E+00  0.0000E+00  0.0000E+00  0.0000E+00
 1.5033E+02  0.0000E+00  0.0000E+00  0.0000E+00  0.0000E+00  0.0000E+00
 1.5149E+02  0.0000E+00  0.0000E+00  0.0000E+00  0.0000E+00  0.0000E+00
 1.5265E+02  0.0000E+00  0.0000E+00  0.0000E+00  0.0000E+00  0.0000E+00
 1.5381E+02  0.0000E+00  0.0000E+00  0.0000E+00  0.0000E+00  0.0000E+00
 1.5499E+02  0.0000E+00  0.0000E+00  0.0000E+00  0.0000E+00  0.0000E+00
 1.5618E+02  0.0000E+00  0.0000E+00  0.0000E+00  0.0000E+00  0.0000E+00
 1.5738E+02  0.0000E+00  0.0000E+00  0.0000E+00  0.0000E+00  0.0000E+00
 1.5858E+02  0.0000E+00  0.0000E+00  0.0000E+00  0.0000E+00  0.0000E+00
 1.5980E+02  0.0000E+00  0.0000E+00  0.0000E+00  0.0000E+00  0.0000E+00
 1.6102E+02  0.0000E+00  0.0000E+00  0.0000E+00  0.0000E+00  0.0000E+00
 1.6225E+02  0.0000E+00  0.0000E+00  0.0000E+00  0.0000E+00  0.0000E+00
 1.6349E+02  0.0000E+00  0.0000E+00  0.0000E+00  0.0000E+00  0.0000E+00
 1.6475E+02  0.0000E+00  0.0000E+00  0.0000E+00  0.0000E+00  0.0000E+00
 1.6601E+02  0.0000E+00  0.0000E+00  0.0000E+00  0.0000E+00  0.0000E+00
 1.6728E+02  0.0000E+00  0.0000E+00  0.0000E+00  0.0000E+00  0.0000E+00
 1.6856E+02  0.0000E+00  0.0000E+00  0.0000E+00  0.0000E+00  0.0000E+00
 1.6985E+02  0.0000E+00  0.0000E+00  0.0000E+00  0.0000E+00  0.0000E+00
 1.7115E+02  0.0000E+00  0.0000E+00  0.0000E+00  0.0000E+00  0.0000E+00
 1.7246E+02  0.0000E+00  0.0000E+00  0.0000E+00  0.0000E+00  0.0000E+00
 1.7378E+02  0.0000E+00  0.0000E+00  0.0000E+00  0.0000E+00  0.0000E+00
 1.7511E+02  0.0000E+00  0.0000E+00  0.0000E+00  0.0000E+00  0.0000E+00
 1.7646E+02  0.0000E+00  0.0000E+00  0.0000E+00  0.0000E+00  0.0000E+00
 1.7781E+02  0.0000E+00  0.0000E+00  0.0000E+00  0.0000E+00  0.0000E+00
 1.7917E+02  0.0000E+00  0.0000E+00  0.0000E+00  0.0000E+00  0.0000E+00
 1.8054E+02  0.0000E+00  0.0000E+00  0.0000E+00  0.0000E+00  0.0000E+00
 1.8192E+02  0.0000E+00  0.0000E+00  0.0000E+00  0.0000E+00  0.0000E+00
 1.8332E+02  0.0000E+00  0.0000E+00  0.0000E+00  0.0000E+00  0.0000E+00
 1.8472E+02  0.0000E+00  0.0000E+00  0.0000E+00  0.0000E+00  0.0000E+00
 1.8614E+02  0.0000E+00  0.0000E+00  0.0000E+00  0.0000E+00  0.0000E+00
 1.8756E+02  0.0000E+00  0.0000E+00  0.0000E+00  0.0000E+00  0.0000E+00
 1.8900E+02  0.0000E+00  0.0000E+00  0.0000E+00  0.0000E+00  0.0000E+00
 1.9045E+02  0.0000E+00  0.0000E+00  0.0000E+00  0.0000E+00  0.0000E+00
 1.9190E+02  0.0000E+00  0.0000E+00  0.0000E+00  0.0000E+00  0.0000E+00
 1.9337E+02  0.0000E+00  0.0000E+00  0.0000E+00  0.0000E+00  0.0000E+00
 1.9485E+02  0.0000E+00  0.0000E+00  0.0000E+00  0.0000E+00  0.0000E+00
 1.9635E+02  0.0000E+00  0.0000E+00  0.0000E+00  0.0000E+00  0.0000E+00
 1.9785E+02  0.0000E+00  0.0000E+00  0.0000E+00  0.0000E+00  0.0000E+00
 1.9937E+02  0.0000E+00  0.0000E+00  0.0000E+00  0.0000E+00  0.0000E+00
 2.0089E+02  0.0000E+00  0.0000E+00  0.0000E+00  0.0000E+00  0.0000E+00
 2.0243E+02  0.0000E+00  0.0000E+00  0.0000E+00  0.0000E+00  0.0000E+00
 2.0398E+02  0.0000E+00  0.0000E+00  0.0000E+00  0.0000E+00  0.0000E+00
 2.0554E+02  0.0000E+00  0.0000E+00  0.0000E+00  0.0000E+00  0.0000E+00
 2.0712E+02  0.0000E+00  0.0000E+00  0.0000E+00  0.0000E+00  0.0000E+00
 2.0870E+02  0.0000E+00  0.0000E+00  0.0000E+00  0.0000E+00  0.0000E+00
 2.1030E+02  0.0000E+00  0.0000E+00  0.0000E+00  0.0000E+00  0.0000E+00
 2.1191E+02  0.0000E+00  0.0000E+00  0.0000E+00  0.0000E+00  0.0000E+00
 2.1354E+02  0.0000E+00  0.0000E+00  0.0000E+00  0.0000E+00  0.0000E+00
 2.1517E+02  0.0000E+00  0.0000E+00  0.0000E+00  0.0000E+00  0.0000E+00
 2.1682E+02  0.0000E+00  0.0000E+00  0.0000E+00  0.0000E+00  0.0000E+00
 2.1848E+02  0.0000E+00  0.0000E+00  0.0000E+00  0.0000E+00  0.0000E+00
 2.2015E+02  0.0000E+00  0.0000E+00  0.0000E+00  0.0000E+00  0.0000E+00
 2.2184E+02  0.0000E+00  0.0000E+00  0.0000E+00  0.0000E+00  0.0000E+00
 2.2354E+02  0.0000E+00  0.0000E+00  0.0000E+00  0.0000E+00  0.0000E+00
 2.2525E+02  0.0000E+00  0.0000E+00  0.0000E+00  0.0000E+00  0.0000E+00
 2.2697E+02  0.0000E+00  0.0000E+00  0.0000E+00  0.0000E+00  0.0000E+00
 2.2871E+02  0.0000E+00  0.0000E+00  0.0000E+00  0.0000E+00  0.0000E+00
 2.3046E+02  0.0000E+00  0.0000E+00  0.0000E+00  0.0000E+00  0.0000E+00
 2.3223E+02  0.0000E+00  0.0000E+00  0.0000E+00  0.0000E+00  0.0000E+00
 2.3401E+02  0.0000E+00  0.0000E+00  0.0000E+00  0.0000E+00  0.0000E+00
 2.3580E+02  0.0000E+00  0.0000E+00  0.0000E+00  0.0000E+00  0.0000E+00
 2.3761E+02  0.0000E+00  0.0000E+00  0.0000E+00  0.0000E+00  0.0000E+00
 2.3942E+02  0.0000E+00  0.0000E+00  0.0000E+00  0.0000E+00  0.0000E+00
 2.4126E+02  0.0000E+00  0.0000E+00  0.0000E+00  0.0000E+00  0.0000E+00
 2.4311E+02  0.0000E+00  0.0000E+00  0.0000E+00  0.0000E+00  0.0000E+00
 2.4497E+02  0.0000E+00  0.0000E+00  0.0000E+00  0.0000E+00  0.0000E+00
 2.4684E+02  0.0000E+00  0.0000E+00  0.0000E+00  0.0000E+00  0.0000E+00
 2.4873E+02  0.0000E+00  0.0000E+00  0.0000E+00  0.0000E+00  0.0000E+00
 2.5064E+02  0.0000E+00  0.0000E+00  0.0000E+00  0.0000E+00  0.0000E+00
 2.5256E+02  0.0000E+00  0.0000E+00  0.0000E+00  0.0000E+00  0.0000E+00
 2.5449E+02  0.0000E+00  0.0000E+00  0.0000E+00  0.0000E+00  0.0000E+00
 2.5644E+02  0.0000E+00  0.0000E+00  0.0000E+00  0.0000E+00  0.0000E+00
 2.5841E+02  0.0000E+00  0.0000E+00  0.0000E+00  0.0000E+00  0.0000E+00
 2.6038E+02  0.0000E+00  0.0000E+00  0.0000E+00  0.0000E+00  0.0000E+00
 2.6238E+02  0.0000E+00  0.0000E+00  0.0000E+00  0.0000E+00  0.0000E+00
 2.6439E+02  0.0000E+00  0.0000E+00  0.0000E+00  0.0000E+00  0.0000E+00
 2.6641E+02  0.0000E+00  0.0000E+00  0.0000E+00  0.0000E+00  0.0000E+00
 2.6845E+02  0.0000E+00  0.0000E+00  0.0000E+00  0.0000E+00  0.0000E+00
 2.7051E+02  0.0000E+00  0.0000E+00  0.0000E+00  0.0000E+00  0.0000E+00
 2.7258E+02  0.0000E+00  0.0000E+00  0.0000E+00  0.0000E+00  0.0000E+00
 2.7467E+02  0.0000E+00  0.0000E+00  0.0000E+00  0.0000E+00  0.0000E+00
 2.7677E+02  0.0000E+00  0.0000E+00  0.0000E+00  0.0000E+00  0.0000E+00
 2.7889E+02  0.0000E+00  0.0000E+00  0.0000E+00  0.0000E+00  0.0000E+00
 2.8103E+02  0.0000E+00  0.0000E+00  0.0000E+00  0.0000E+00  0.0000E+00
 2.8318E+02  0.0000E+00  0.0000E+00  0.0000E+00  0.0000E+00  0.0000E+00
 2.8535E+02  0.0000E+00  0.0000E+00  0.0000E+00  0.0000E+00  0.0000E+00
 2.8753E+02  0.0000E+00  0.0000E+00  0.0000E+00  0.0000E+00  0.0000E+00
 2.8974E+02  0.0000E+00  0.0000E+00  0.0000E+00  0.0000E+00  0.0000E+00
 2.9195E+02  0.0000E+00  0.0000E+00  0.0000E+00  0.0000E+00  0.0000E+00
 2.9419E+02  0.0000E+00  0.0000E+00  0.0000E+00  0.0000E+00  0.0000E+00
 2.9644E+02  0.0000E+00  0.0000E+00  0.0000E+00  0.0000E+00  0.0000E+00
 2.9871E+02  0.0000E+00  0.0000E+00  0.0000E+00  0.0000E+00  0.0000E+00
 3.0100E+02  0.0000E+00  0.0000E+00  0.0000E+00  0.0000E+00  0.0000E+00
 3.0331E+02  0.0000E+00  0.0000E+00  0.0000E+00  0.0000E+00  0.0000E+00
 3.0563E+02  0.0000E+00  0.0000E+00  0.0000E+00  0.0000E+00  0.0000E+00
 3.0797E+02  0.0000E+00  0.0000E+00  0.0000E+00  0.0000E+00  0.0000E+00
 3.1033E+02  0.0000E+00  0.0000E+00  0.0000E+00  0.0000E+00  0.0000E+00
 3.1271E+02  0.0000E+00  0.0000E+00  0.0000E+00  0.0000E+00  0.0000E+00
 3.1510E+02  0.0000E+00  0.0000E+00  0.0000E+00  0.0000E+00  0.0000E+00
 3.1751E+02  0.0000E+00  0.0000E+00  0.0000E+00  0.0000E+00  0.0000E+00
 3.1994E+02  0.0000E+00  0.0000E+00  0.0000E+00  0.0000E+00  0.0000E+00
 3.2240E+02  0.0000E+00  0.0000E+00  0.0000E+00  0.0000E+00  0.0000E+00
 3.2486E+02  0.0000E+00  0.0000E+00  0.0000E+00  0.0000E+00  0.0000E+00
 3.2735E+02  0.0000E+00  0.0000E+00  0.0000E+00  0.0000E+00  0.0000E+00
 3.2986E+02  0.0000E+00  0.0000E+00  0.0000E+00  0.0000E+00  0.0000E+00
 3.3239E+02  0.0000E+00  0.0000E+00  0.0000E+00  0.0000E+00  0.0000E+00
 3.3493E+02  0.0000E+00  0.0000E+00  0.0000E+00  0.0000E+00  0.0000E+00
 3.3750E+02  0.0000E+00  0.0000E+00  0.0000E+00  0.0000E+00  0.0000E+00
 3.4008E+02  0.0000E+00  0.0000E+00  0.0000E+00  0.0000E+00  0.0000E+00
 3.4268E+02  0.0000E+00  0.0000E+00  0.0000E+00  0.0000E+00  0.0000E+00
 3.4531E+02  0.0000E+00  0.0000E+00  0.0000E+00  0.0000E+00  0.0000E+00
 3.4795E+02  0.0000E+00  0.0000E+00  0.0000E+00  0.0000E+00  0.0000E+00
 3.5062E+02  0.0000E+00  0.0000E+00  0.0000E+00  0.0000E+00  0.0000E+00
 3.5330E+02  0.0000E+00  0.0000E+00  0.0000E+00  0.0000E+00  0.0000E+00
 3.5601E+02  0.0000E+00  0.0000E+00  0.0000E+00  0.0000E+00  0.0000E+00
 3.5874E+02  0.0000E+00  0.0000E+00  0.0000E+00  0.0000E+00  0.0000E+00
 3.6148E+02  0.0000E+00  0.0000E+00  0.0000E+00  0.0000E+00  0.0000E+00
 3.6425E+02  0.0000E+00  0.0000E+00  0.0000E+00  0.0000E+00  0.0000E+00
 3.6704E+02  0.0000E+00  0.0000E+00  0.0000E+00  0.0000E+00  0.0000E+00
 3.6985E+02  0.0000E+00  0.0000E+00  0.0000E+00  0.0000E+00  0.0000E+00
 3.7268E+02  0.0000E+00  0.0000E+00  0.0000E+00  0.0000E+00  0.0000E+00
 3.7554E+02  0.0000E+00  0.0000E+00  0.0000E+00  0.0000E+00  0.0000E+00
 3.7841E+02  0.0000E+00  0.0000E+00  0.0000E+00  0.0000E+00  0.0000E+00
 3.8131E+02  0.0000E+00  0.0000E+00  0.0000E+00  0.0000E+00  0.0000E+00
 3.8423E+02  0.0000E+00  0.0000E+00  0.0000E+00  0.0000E+00  0.0000E+00
 3.8718E+02  0.0000E+00  0.0000E+00  0.0000E+00  0.0000E+00  0.0000E+00
 3.9014E+02  0.0000E+00  0.0000E+00  0.0000E+00  0.0000E+00  0.0000E+00
 3.9313E+02  0.0000E+00  0.0000E+00  0.0000E+00  0.0000E+00  0.0000E+00
 3.9614E+02  0.0000E+00  0.0000E+00  0.0000E+00  0.0000E+00  0.0000E+00
 3.9917E+02  0.0000E+00  0.0000E+00  0.0000E+00  0.0000E+00  0.0000E+00
 4.0223E+02  0.0000E+00  0.0000E+00  0.0000E+00  0.0000E+00  0.0000E+00
 4.0531E+02  0.0000E+00  0.0000E+00  0.0000E+00  0.0000E+00  0.0000E+00
 4.0841E+02  0.0000E+00  0.0000E+00  0.0000E+00  0.0000E+00  0.0000E+00
 4.1154E+02  0.0000E+00  0.0000E+00  0.0000E+00  0.0000E+00  0.0000E+00
 4.1469E+02  0.0000E+00  0.0000E+00  0.0000E+00  0.0000E+00  0.0000E+00
 4.1787E+02  0.0000E+00  0.0000E+00  0.0000E+00  0.0000E+00  0.0000E+00
 4.2107E+02  0.0000E+00  0.0000E+00  0.0000E+00  0.0000E+00  0.0000E+00
 4.2429E+02  0.0000E+00  0.0000E+00  0.0000E+00  0.0000E+00  0.0000E+00
 4.2754E+02  0.0000E+00  0.0000E+00  0.0000E+00  0.0000E+00  0.0000E+00
 4.3082E+02  0.0000E+00  0.0000E+00  0.0000E+00  0.0000E+00  0.0000E+00
 4.3412E+02  0.0000E+00  0.0000E+00  0.0000E+00  0.0000E+00  0.0000E+00
 4.3744E+02  0.0000E+00  0.0000E+00  0.0000E+00  0.0000E+00  0.0000E+00
 4.4079E+02  0.0000E+00  0.0000E+00  0.0000E+00  0.0000E+00  0.0000E+00
 4.4417E+02  0.0000E+00  0.0000E+00  0.0000E+00  0.0000E+00  0.0000E+00
 4.4757E+02  0.0000E+00  0.0000E+00  0.0000E+00  0.0000E+00  0.0000E+00
 4.5100E+02  0.0000E+00  0.0000E+00  0.0000E+00  0.0000E+00  0.0000E+00
 4.5445E+02  0.0000E+00  0.0000E+00  0.0000E+00  0.0000E+00  0.0000E+00
 4.5793E+02  0.0000E+00  0.0000E+00  0.0000E+00  0.0000E+00  0.0000E+00
 4.6144E+02  0.0000E+00  0.0000E+00  0.0000E+00  0.0000E+00  0.0000E+00
 4.6497E+02  0.0000E+00  0.0000E+00  0.0000E+00  0.0000E+00  0.0000E+00
 4.6853E+02  0.0000E+00  0.0000E+00  0.0000E+00  0.0000E+00  0.0000E+00
 4.7212E+02  0.0000E+00  0.0000E+00  0.0000E+00  0.0000E+00  0.0000E+00
 4.7574E+02  0.0000E+00  0.0000E+00  0.0000E+00  0.0000E+00  0.0000E+00
 4.7938E+02  0.0000E+00  0.0000E+00  0.0000E+00  0.0000E+00  0.0000E+00
 4.8305E+02  0.0000E+00  0.0000E+00  0.0000E+00  0.0000E+00  0.0000E+00
 4.8675E+02  0.0000E+00  0.0000E+00  0.0000E+00  0.0000E+00  0.0000E+00
 4.9048E+02  0.0000E+00  0.0000E+00  0.0000E+00  0.0000E+00  0.0000E+00
 4.9424E+02  0.0000E+00  0.0000E+00  0.0000E+00  0.0000E+00  0.0000E+00
 4.9802E+02  0.0000E+00  0.0000E+00  0.0000E+00  0.0000E+00  0.0000E+00
 5.0183E+02  0.0000E+00  0.0000E+00  0.0000E+00  0.0000E+00  0.0000E+00
 5.0568E+02  0.0000E+00  0.0000E+00  0.0000E+00  0.0000E+00  0.0000E+00
 5.0955E+02  0.0000E+00  0.0000E+00  0.0000E+00  0.0000E+00  0.0000E+00
 5.1345E+02  0.0000E+00  0.0000E+00  0.0000E+00  0.0000E+00  0.0000E+00
 5.1738E+02  0.0000E+00  0.0000E+00  0.0000E+00  0.0000E+00  0.0000E+00
 5.2135E+02  0.0000E+00  0.0000E+00  0.0000E+00  0.0000E+00  0.0000E+00
 5.2534E+02  0.0000E+00  0.0000E+00  0.0000E+00  0.0000E+00  0.0000E+00
 5.2936E+02  0.0000E+00  0.0000E+00  0.0000E+00  0.0000E+00  0.0000E+00
 5.3342E+02  0.0000E+00  0.0000E+00  0.0000E+00  0.0000E+00  0.0000E+00
 5.3750E+02  0.0000E+00  0.0000E+00  0.0000E+00  0.0000E+00  0.0000E+00
 5.4162E+02  0.0000E+00  0.0000E+00  0.0000E+00  0.0000E+00  0.0000E+00
 5.4577E+02  0.0000E+00  0.0000E+00  0.0000E+00  0.0000E+00  0.0000E+00
 5.4995E+02  0.0000E+00  0.0000E+00  0.0000E+00  0.0000E+00  0.0000E+00
 5.5416E+02  0.0000E+00  0.0000E+00  0.0000E+00  0.0000E+00  0.0000E+00
 5.5840E+02  0.0000E+00  0.0000E+00  0.0000E+00  0.0000E+00  0.0000E+00
 5.6268E+02  0.0000E+00  0.0000E+00  0.0000E+00  0.0000E+00  0.0000E+00
 5.6699E+02  0.0000E+00  0.0000E+00  0.0000E+00  0.0000E+00  0.0000E+00
 5.7133E+02  0.0000E+00  0.0000E+00  0.0000E+00  0.0000E+00  0.0000E+00
 5.7571E+02  0.0000E+00  0.0000E+00  0.0000E+00  0.0000E+00  0.0000E+00
 5.8011E+02  0.0000E+00  0.0000E+00  0.0000E+00  0.0000E+00  0.0000E+00
 5.8456E+02  0.0000E+00  0.0000E+00  0.0000E+00  0.0000E+00  0.0000E+00
 5.8903E+02  0.0000E+00  0.0000E+00  0.0000E+00  0.0000E+00  0.0000E+00
 5.9354E+02  0.0000E+00  0.0000E+00  0.0000E+00  0.0000E+00  0.0000E+00
 5.9809E+02  0.0000E+00  0.0000E+00  0.0000E+00  0.0000E+00  0.0000E+00
 6.0267E+02  0.0000E+00  0.0000E+00  0.0000E+00  0.0000E+00  0.0000E+00
 6.0729E+02  0.0000E+00  0.0000E+00  0.0000E+00  0.0000E+00  0.0000E+00
 6.1194E+02  0.0000E+00  0.0000E+00  0.0000E+00  0.0000E+00  0.0000E+00
 6.1662E+02  0.0000E+00  0.0000E+00  0.0000E+00  0.0000E+00  0.0000E+00
 6.2135E+02  0.0000E+00  0.0000E+00  0.0000E+00  0.0000E+00  0.0000E+00
 6.2610E+02  0.0000E+00  0.0000E+00  0.0000E+00  0.0000E+00  0.0000E+00
 6.3090E+02  0.0000E+00  0.0000E+00  0.0000E+00  0.0000E+00  0.0000E+00
 6.3573E+02  0.0000E+00  0.0000E+00  0.0000E+00  0.0000E+00  0.0000E+00
 6.4060E+02  0.0000E+00  0.0000E+00  0.0000E+00  0.0000E+00  0.0000E+00
 6.4551E+02  0.0000E+00  0.0000E+00  0.0000E+00  0.0000E+00  0.0000E+00
 6.5045E+02  0.0000E+00  0.0000E+00  0.0000E+00  0.0000E+00  0.0000E+00
 6.5543E+02  0.0000E+00  0.0000E+00  0.0000E+00  0.0000E+00  0.0000E+00
 6.6045E+02  0.0000E+00  0.0000E+00  0.0000E+00  0.0000E+00  0.0000E+00
 6.6551E+02  0.0000E+00  0.0000E+00  0.0000E+00  0.0000E+00  0.0000E+00
 6.7060E+02  0.0000E+00  0.0000E+00  0.0000E+00  0.0000E+00  0.0000E+00
 6.7574E+02  0.0000E+00  0.0000E+00  0.0000E+00  0.0000E+00  0.0000E+00
 6.8092E+02  0.0000E+00  0.0000E+00  0.0000E+00  0.0000E+00  0.0000E+00
 6.8613E+02  0.0000E+00  0.0000E+00  0.0000E+00  0.0000E+00  0.0000E+00
 6.9138E+02  0.0000E+00  0.0000E+00  0.0000E+00  0.0000E+00  0.0000E+00
 6.9668E+02  0.0000E+00  0.0000E+00  0.0000E+00  0.0000E+00  0.0000E+00
 7.0201E+02  0.0000E+00  0.0000E+00  0.0000E+00  0.0000E+00  0.0000E+00
 7.0739E+02  0.0000E+00  0.0000E+00  0.0000E+00  0.0000E+00  0.0000E+00
 7.1281E+02  0.0000E+00  0.0000E+00  0.0000E+00  0.0000E+00  0.0000E+00
 7.1827E+02  0.0000E+00  0.0000E+00  0.0000E+00  0.0000E+00  0.0000E+00
 7.2377E+02  0.0000E+00  0.0000E+00  0.0000E+00  0.0000E+00  0.0000E+00
 7.2931E+02  0.0000E+00  0.0000E+00  0.0000E+00  0.0000E+00  0.0000E+00
 7.3490E+02  0.0000E+00  0.0000E+00  0.0000E+00  0.0000E+00  0.0000E+00
 7.4052E+02  0.0000E+00  0.0000E+00  0.0000E+00  0.0000E+00  0.0000E+00
 7.4620E+02  0.0000E+00  0.0000E+00  0.0000E+00  0.0000E+00  0.0000E+00
 7.5191E+02  0.0000E+00  0.0000E+00  0.0000E+00  0.0000E+00  0.0000E+00
 7.5767E+02  0.0000E+00  0.0000E+00  0.0000E+00  0.0000E+00  0.0000E+00
 7.6347E+02  0.0000E+00  0.0000E+00  0.0000E+00  0.0000E+00  0.0000E+00
 7.6932E+02  0.0000E+00  0.0000E+00  0.0000E+00  0.0000E+00  0.0000E+00
 7.7521E+02  0.0000E+00  0.0000E+00  0.0000E+00  0.0000E+00  0.0000E+00
 7.8115E+02  0.0000E+00  0.0000E+00  0.0000E+00  0.0000E+00  0.0000E+00
 7.8713E+02  0.0000E+00  0.0000E+00  0.0000E+00  0.0000E+00  0.0000E+00
 7.9316E+02  0.0000E+00  0.0000E+00  0.0000E+00  0.0000E+00  0.0000E+00
 7.9923E+02  0.0000E+00  0.0000E+00  0.0000E+00  0.0000E+00  0.0000E+00
 8.0535E+02  0.0000E+00  0.0000E+00  0.0000E+00  0.0000E+00  0.0000E+00
 8.1152E+02  0.0000E+00  0.0000E+00  0.0000E+00  0.0000E+00  0.0000E+00
 8.1774E+02  0.0000E+00  0.0000E+00  0.0000E+00  0.0000E+00  0.0000E+00
 8.2400E+02  0.0000E+00  0.0000E+00  0.0000E+00  0.0000E+00  0.0000E+00
 8.3031E+02  0.0000E+00  0.0000E+00  0.0000E+00  0.0000E+00  0.0000E+00
 8.3667E+02  0.0000E+00  0.0000E+00  0.0000E+00  0.0000E+00  0.0000E+00
 8.4307E+02  0.0000E+00  0.0000E+00  0.0000E+00  0.0000E+00  0.0000E+00
 8.4953E+02  0.0000E+00  0.0000E+00  0.0000E+00  0.0000E+00  0.0000E+00
 8.5604E+02  0.0000E+00  0.0000E+00  0.0000E+00  0.0000E+00  0.0000E+00
 8.6259E+02  0.0000E+00  0.0000E+00  0.0000E+00  0.0000E+00  0.0000E+00
 8.6920E+02  0.0000E+00  0.0000E+00  0.0000E+00  0.0000E+00  0.0000E+00
 8.7586E+02  0.0000E+00  0.0000E+00  0.0000E+00  0.0000E+00  0.0000E+00
 8.8256E+02  0.0000E+00  0.0000E+00  0.0000E+00  0.0000E+00  0.0000E+00
 8.8932E+02  0.0000E+00  0.0000E+00  0.0000E+00  0.0000E+00  0.0000E+00
 8.9613E+02  0.0000E+00  0.0000E+00  0.0000E+00  0.0000E+00  0.0000E+00
 9.0300E+02  0.0000E+00  0.0000E+00  0.0000E+00  0.0000E+00  0.0000E+00
 9.0991E+02  0.0000E+00  0.0000E+00  0.0000E+00  0.0000E+00  0.0000E+00
 9.1688E+02  0.0000E+00  0.0000E+00  0.0000E+00  0.0000E+00  0.0000E+00
 9.2390E+02  0.0000E+00  0.0000E+00  0.0000E+00  0.0000E+00  0.0000E+00
 9.3098E+02  0.0000E+00  0.0000E+00  0.0000E+00  0.0000E+00  0.0000E+00
 9.3811E+02  0.0000E+00  0.0000E+00  0.0000E+00  0.0000E+00  0.0000E+00
 9.4529E+02  1.9869E-03  1.2568E-01  3.5388E-03  4.4808E-01  1.0000E+00
 9.5253E+02  1.9890E-03  1.2485E-01  3.5389E-03  4.4469E-01  1.0000E+00
 9.5983E+02  1.9911E-03  1.2403E-01  3.5390E-03  4.4132E-01  1.0000E+00
 9.6718E+02  1.9931E-03  1.2322E-01  3.5391E-03  4.3798E-01  1.0000E+00
 9.7458E+02  1.9952E-03  1.2241E-01  3.5392E-03  4.3467E-01  1.0000E+00
 9.8205E+02  1.9973E-03  1.2160E-01  3.5393E-03  4.3138E-01  1.0000E+00
 9.8957E+02  1.9994E-03  1.2080E-01  3.5394E-03  4.2811E-01  1.0000E+00
 9.9715E+02  2.0014E-03  1.2001E-01  3.5395E-03  4.2487E-01  1.0000E+00
 1.0048E+03  2.0036E-03  1.1922E-01  3.5396E-03  4.2165E-01  1.0000E+00
 1.0125E+03  2.0057E-03  1.1844E-01  3.5397E-03  4.1846E-01  1.0000E+00
 1.0202E+03  2.0079E-03  1.1767E-01  3.5398E-03  4.1529E-01  1.0000E+00
 1.0280E+03  2.0102E-03  1.1690E-01  3.5399E-03  4.1215E-01  1.0000E+00
 1.0359E+03  2.0124E-03  1.1614E-01  3.5400E-03  4.0903E-01  1.0000E+00
 1.0439E+03  2.0148E-03  1.1539E-01  3.5401E-03  4.0593E-01  1.0000E+00
 1.0518E+03  2.0171E-03  1.1465E-01  3.5403E-03  4.0286E-01  1.0000E+00
 1.0599E+03  2.0195E-03  1.1391E-01  3.5404E-03  3.9981E-01  1.0000E+00
 1.0680E+03  2.0219E-03  1.1318E-01  3.5405E-03  3.9678E-01  1.0000E+00
 1.0762E+03  2.0244E-03  1.1246E-01  3.5406E-03  3.9378E-01  1.0000E+00
 1.0844E+03  2.0269E-03  1.1174E-01  3.5407E-03  3.9080E-01  1.0000E+00
 1.0927E+03  2.0295E-03  1.1103E-01  3.5408E-03  3.8784E-01  1.0000E+00
 1.1011E+03  2.0321E-03  1.1033E-01  3.5409E-03  3.8491E-01  1.0000E+00
 1.1095E+03  2.0347E-03  1.0963E-01  3.5411E-03  3.8200E-01  1.0000E+00
 1.1180E+03  2.0373E-03  1.0894E-01  3.5412E-03  3.7911E-01  1.0000E+00
 1.1266E+03  2.0400E-03  1.0825E-01  3.5413E-03  3.7624E-01  1.0000E+00
 1.1352E+03  2.0428E-03  1.0757E-01  3.5414E-03  3.7339E-01  1.0000E+00
 1.1439E+03  2.0456E-03  1.0690E-01  3.5415E-03  3.7056E-01  1.0000E+00
 1.1527E+03  2.0484E-03  1.0623E-01  3.5416E-03  3.6776E-01  1.0000E+00
 1.1615E+03  2.0512E-03  1.0557E-01  3.5418E-03  3.6498E-01  1.0000E+00
 1.1704E+03  2.0541E-03  1.0491E-01  3.5419E-03  3.6222E-01  1.0000E+00
 1.1794E+03  2.0570E-03  1.0426E-01  3.5420E-03  3.5948E-01  1.0000E+00
 1.1884E+03  2.0600E-03  1.0362E-01  3.5421E-03  3.5676E-01  1.0000E+00
 1.1975E+03  2.0630E-03  1.0298E-01  3.5423E-03  3.5406E-01  1.0000E+00
 1.2067E+03  2.0660E-03  1.0235E-01  3.5424E-03  3.5138E-01  1.0000E+00
 1.2159E+03  2.0691E-03  1.0172E-01  3.5425E-03  3.4872E-01  1.0000E+00
 1.2252E+03  2.0722E-03  1.0110E-01  3.5427E-03  3.4608E-01  1.0000E+00
 1.2346E+03  2.0754E-03  1.0048E-01  3.5428E-03  3.4347E-01  1.0000E+00
 1.2441E+03  2.0785E-03  9.9869E-02  3.5429E-03  3.4087E-01  1.0000E+00
 1.2536E+03  2.0818E-03  9.9262E-02  3.5430E-03  3.3829E-01  1.0000E+00
 1.2632E+03  2.0850E-03  9.8661E-02  3.5432E-03  3.3573E-01  1.0000E+00
 1.2729E+03  2.0883E-03  9.8065E-02  3.5433E-03  3.3319E-01  1.0000E+00
 1.2826E+03  2.0916E-03  9.7473E-02  3.5434E-03  3.3067E-01  1.0000E+00
 1.2924E+03  2.0950E-03  9.6887E-02  3.5436E-03  3.2817E-01  1.0000E+00
 1.3023E+03  2.0984E-03  9.6306E-02  3.5437E-03  3.2569E-01  1.0000E+00
 1.3123E+03  2.1018E-03  9.5729E-02  3.5439E-03  3.2323E-01  1.0000E+00
 1.3224E+03  2.1053E-03  9.5157E-02  3.5440E-03  3.2078E-01  1.0000E+00
 1.3325E+03  2.1088E-03  9.4590E-02  3.5441E-03  3.1836E-01  1.0000E+00
 1.3427E+03  2.1123E-03  9.4028E-02  3.5443E-03  3.1595E-01  1.0000E+00
 1.3530E+03  2.1159E-03  9.3470E-02  3.5444E-03  3.1356E-01  1.0000E+00
 1.3633E+03  2.1195E-03  9.2917E-02  3.5446E-03  3.1119E-01  1.0000E+00
 1.3738E+03  2.1231E-03  9.2368E-02  3.5447E-03  3.0884E-01  1.0000E+00
 1.3843E+03  2.1268E-03  9.1824E-02  3.5449E-03  3.0651E-01  1.0000E+00
 1.3949E+03  2.1305E-03  9.1284E-02  3.5450E-03  3.0419E-01  1.0000E+00
 1.4056E+03  2.1343E-03  9.0748E-02  3.5451E-03  3.0189E-01  1.0000E+00
 1.4164E+03  2.1381E-03  9.0217E-02  3.5453E-03  2.9961E-01  1.0000E+00
 1.4272E+03  2.1419E-03  8.9690E-02  3.5454E-03  2.9734E-01  1.0000E+00
 1.4381E+03  2.1457E-03  8.9167E-02  3.5456E-03  2.9510E-01  1.0000E+00
 1.4491E+03  2.1496E-03  8.8648E-02  3.5457E-03  2.9287E-01  1.0000E+00
 1.4602E+03  2.1535E-03  8.8134E-02  3.5459E-03  2.9065E-01  1.0000E+00
 1.4714E+03  2.1574E-03  8.7623E-02  3.5461E-03  2.8846E-01  1.0000E+00
 1.4827E+03  2.1614E-03  8.7117E-02  3.5462E-03  2.8628E-01  1.0000E+00
 1.4940E+03  2.1654E-03  8.6614E-02  3.5464E-03  2.8411E-01  1.0000E+00
 1.5055E+03  2.1695E-03  8.6115E-02  3.5465E-03  2.8197E-01  1.0000E+00
 1.5170E+03  2.1736E-03  8.5621E-02  3.5467E-03  2.7984E-01  1.0000E+00
 1.5286E+03  2.1777E-03  8.5129E-02  3.5468E-03  2.7772E-01  1.0000E+00
 1.5403E+03  2.1818E-03  8.4642E-02  3.5470E-03  2.7562E-01  1.0000E+00
 1.5521E+03  2.1860E-03  8.4159E-02  3.5472E-03  2.7354E-01  1.0000E+00
 1.5640E+03  2.1902E-03  8.3679E-02  3.5473E-03  2.7148E-01  1.0000E+00
 1.5760E+03  2.1944E-03  8.3203E-02  3.5475E-03  2.6942E-01  1.0000E+00
 1.5881E+03  2.1987E-03  8.2730E-02  3.5477E-03  2.6739E-01  1.0000E+00
 1.6002E+03  2.2030E-03  8.2261E-02  3.5478E-03  2.6537E-01  1.0000E+00
 1.6125E+03  2.2073E-03  8.1795E-02  3.5480E-03  2.6337E-01  1.0000E+00
 1.6248E+03  2.2117E-03  8.1333E-02  3.5482E-03  2.6138E-01  1.0000E+00
 1.6373E+03  2.2161E-03  8.0874E-02  3.5484E-03  2.5940E-01  1.0000E+00
 1.6498E+03  2.2205E-03  8.0419E-02  3.5485E-03  2.5744E-01  1.0000E+00
 1.6625E+03  2.2250E-03  7.9967E-02  3.5487E-03  2.5550E-01  1.0000E+00
 1.6752E+03  2.2295E-03  7.9518E-02  3.5489E-03  2.5357E-01  1.0000E+00
 1.6880E+03  2.2340E-03  7.9073E-02  3.5491E-03  2.5166E-01  1.0000E+00
 1.7009E+03  2.2385E-03  7.8630E-02  3.5492E-03  2.4976E-01  1.0000E+00
 1.7140E+03  2.2431E-03  7.8191E-02  3.5494E-03  2.4787E-01  1.0000E+00
 1.7271E+03  2.2477E-03  7.7754E-02  3.5496E-03  2.4600E-01  1.0000E+00
 1.7403E+03  2.2523E-03  7.7320E-02  3.5498E-03  2.4414E-01  1.0000E+00
 1.7537E+03  2.2569E-03  7.6889E-02  3.5500E-03  2.4230E-01  1.0000E+00
 1.7671E+03  2.2616E-03  7.6461E-02  3.5501E-03  2.4047E-01  1.0000E+00
 1.7806E+03  2.2662E-03  7.6036E-02  3.5503E-03  2.3866E-01  1.0000E+00
 1.7943E+03  2.2709E-03  7.5614E-02  3.5505E-03  2.3685E-01  1.0000E+00
 1.8080E+03  2.2756E-03  7.5194E-02  3.5507E-03  2.3507E-01  1.0000E+00
 1.8218E+03  2.2804E-03  7.4777E-02  3.5509E-03  2.3329E-01  1.0000E+00
 1.8358E+03  2.2852E-03  7.4363E-02  3.5511E-03  2.3153E-01  1.0000E+00
 1.8499E+03  2.2899E-03  7.3951E-02  3.5513E-03  2.2979E-01  1.0000E+00
 1.8640E+03  2.2947E-03  7.3542E-02  3.5515E-03  2.2805E-01  1.0000E+00
 1.8783E+03  2.2996E-03  7.3136E-02  3.5517E-03  2.2633E-01  1.0000E+00
 1.8927E+03  2.3044E-03  7.2732E-02  3.5519E-03  2.2462E-01  1.0000E+00
 1.9072E+03  2.3093E-03  7.2331E-02  3.5521E-03  2.2293E-01  1.0000E+00
 1.9218E+03  2.3142E-03  7.1932E-02  3.5523E-03  2.2125E-01  1.0000E+00
 1.9365E+03  2.3191E-03  7.1536E-02  3.5525E-03  2.1958E-01  1.0000E+00
 1.9513E+03  2.3240E-03  7.1142E-02  3.5527E-03  2.1792E-01  1.0000E+00
 1.9663E+03  2.3290E-03  7.0751E-02  3.5529E-03  2.1628E-01  1.0000E+00
 1.9813E+03  2.3340E-03  7.0362E-02  3.5531E-03  2.1465E-01  1.0000E+00
 1.9965E+03  2.3390E-03  6.9976E-02  3.5533E-03  2.1303E-01  1.0000E+00
 2.0118E+03  2.3440E-03  6.9592E-02  3.5535E-03  2.1142E-01  1.0000E+00
 2.0272E+03  2.3490E-03  6.9210E-02  3.5538E-03  2.0983E-01  1.0000E+00
 2.0427E+03  2.3541E-03  6.8831E-02  3.5540E-03  2.0825E-01  1.0000E+00
 2.0584E+03  2.3591E-03  6.8454E-02  3.5542E-03  2.0668E-01  1.0000E+00
 2.0741E+03  2.3642E-03  6.8080E-02  3.5544E-03  2.0512E-01  1.0000E+00
 2.0900E+03  2.3693E-03  6.7707E-02  3.5546E-03  2.0357E-01  1.0000E+00
 2.1060E+03  2.3745E-03  6.7337E-02  3.5548E-03  2.0204E-01  1.0000E+00
 2.1222E+03  2.3796E-03  6.6969E-02  3.5551E-03  2.0051E-01  1.0000E+00
 2.1384E+03  2.3848E-03  6.6604E-02  3.5553E-03  1.9900E-01  1.0000E+00
 2.1548E+03  2.3900E-03  6.6240E-02  3.5555E-03  1.9750E-01  1.0000E+00
 2.1713E+03  2.3952E-03  6.5879E-02  3.5557E-03  1.9601E-01  1.0000E+00
 2.1879E+03  2.4004E-03  6.5520E-02  3.5560E-03  1.9454E-01  1.0000E+00
 2.2047E+03  2.4057E-03  6.5163E-02  3.5562E-03  1.9307E-01  1.0000E+00
 2.2216E+03  2.4109E-03  6.4808E-02  3.5564E-03  1.9162E-01  1.0000E+00
 2.2386E+03  2.4162E-03  6.4455E-02  3.5567E-03  1.9017E-01  1.0000E+00
 2.2557E+03  2.4215E-03  6.4104E-02  3.5569E-03  1.8874E-01  1.0000E+00
 2.2730E+03  2.4268E-03  6.3755E-02  3.5572E-03  1.8732E-01  1.0000E+00
 2.2904E+03  2.4321E-03  6.3409E-02  3.5574E-03  1.8591E-01  1.0000E+00
 2.3079E+03  2.4375E-03  6.3064E-02  3.5576E-03  1.8451E-01  1.0000E+00
 2.3256E+03  2.4428E-03  6.2721E-02  3.5579E-03  1.8312E-01  1.0000E+00
 2.3434E+03  2.4482E-03  6.2380E-02  3.5581E-03  1.8174E-01  1.0000E+00
 2.3614E+03  2.4536E-03  6.2042E-02  3.5584E-03  1.8037E-01  1.0000E+00
 2.3794E+03  2.4590E-03  6.1705E-02  3.5586E-03  1.7901E-01  1.0000E+00
 2.3977E+03  2.4644E-03  6.1370E-02  3.5589E-03  1.7766E-01  1.0000E+00
 2.4160E+03  2.4699E-03  6.1037E-02  3.5591E-03  1.7633E-01  1.0000E+00
 2.4345E+03  2.4753E-03  6.0705E-02  3.5594E-03  1.7500E-01  1.0000E+00
 2.4532E+03  2.4808E-03  6.0376E-02  3.5597E-03  1.7368E-01  1.0000E+00
 2.4720E+03  2.4863E-03  6.0049E-02  3.5599E-03  1.7237E-01  1.0000E+00
 2.4909E+03  2.4918E-03  5.9723E-02  3.5602E-03  1.7108E-01  1.0000E+00
 2.5100E+03  2.4973E-03  5.9399E-02  3.5604E-03  1.6979E-01  1.0000E+00
 2.5292E+03  2.5028E-03  5.9077E-02  3.5607E-03  1.6851E-01  1.0000E+00
 2.5486E+03  2.5084E-03  5.8757E-02  3.5610E-03  1.6724E-01  1.0000E+00
 2.5681E+03  2.5139E-03  5.8438E-02  3.5613E-03  1.6598E-01  1.0000E+00
 2.5878E+03  2.5195E-03  5.8121E-02  3.5615E-03  1.6473E-01  1.0000E+00
 2.6076E+03  2.5251E-03  5.7806E-02  3.5618E-03  1.6350E-01  1.0000E+00
 2.6275E+03  2.5307E-03  5.7493E-02  3.5621E-03  1.6227E-01  1.0000E+00
 2.6477E+03  2.5363E-03  5.7181E-02  3.5624E-03  1.6104E-01  1.0000E+00
 2.6679E+03  2.5419E-03  5.6871E-02  3.5626E-03  1.5983E-01  1.0000E+00
 2.6884E+03  2.5475E-03  5.6563E-02  3.5629E-03  1.5863E-01  1.0000E+00
 2.7090E+03  2.5532E-03  5.6256E-02  3.5632E-03  1.5744E-01  1.0000E+00
 2.7297E+03  2.5588E-03  5.5951E-02  3.5635E-03  1.5625E-01  1.0000E+00
 2.7506E+03  2.5645E-03  5.5648E-02  3.5638E-03  1.5508E-01  1.0000E+00
 2.7717E+03  2.5702E-03  5.5346E-02  3.5641E-03  1.5391E-01  1.0000E+00
 2.7929E+03  2.5758E-03  5.5045E-02  3.5644E-03  1.5276E-01  1.0000E+00
 2.8143E+03  2.5815E-03  5.4746E-02  3.5647E-03  1.5161E-01  1.0000E+00
 2.8358E+03  2.5872E-03  5.4448E-02  3.5650E-03  1.5047E-01  1.0000E+00
 2.8576E+03  2.5928E-03  5.4151E-02  3.5653E-03  1.4934E-01  1.0000E+00
 2.8794E+03  2.5985E-03  5.3856E-02  3.5656E-03  1.4821E-01  1.0000E+00
 2.9015E+03  2.6041E-03  5.3562E-02  3.5659E-03  1.4710E-01  1.0000E+00
 2.9237E+03  2.6098E-03  5.3269E-02  3.5662E-03  1.4600E-01  1.0000E+00
 2.9461E+03  2.6155E-03  5.2978E-02  3.5665E-03  1.4490E-01  1.0000E+00
 2.9687E+03  2.6211E-03  5.2688E-02  3.5668E-03  1.4381E-01  1.0000E+00
 2.9914E+03  2.6268E-03  5.2399E-02  3.5671E-03  1.4273E-01  1.0000E+00
 3.0143E+03  2.6324E-03  5.2111E-02  3.5674E-03  1.4166E-01  1.0000E+00
 3.0374E+03  2.6381E-03  5.1825E-02  3.5678E-03  1.4059E-01  1.0000E+00
 3.0607E+03  2.6437E-03  5.1540E-02  3.5681E-03  1.3954E-01  1.0000E+00
 3.0841E+03  2.6494E-03  5.1256E-02  3.5684E-03  1.3849E-01  1.0000E+00
 3.1077E+03  2.6550E-03  5.0974E-02  3.5687E-03  1.3745E-01  1.0000E+00
 3.1315E+03  2.6606E-03  5.0693E-02  3.5691E-03  1.3642E-01  1.0000E+00
 3.1555E+03  2.6663E-03  5.0413E-02  3.5694E-03  1.3539E-01  1.0000E+00
 3.1797E+03  2.6719E-03  5.0134E-02  3.5697E-03  1.3438E-01  1.0000E+00
 3.2040E+03  2.6775E-03  4.9856E-02  3.5701E-03  1.3337E-01  1.0000E+00
 3.2286E+03  2.6831E-03  4.9580E-02  3.5704E-03  1.3237E-01  1.0000E+00
 3.2533E+03  2.6887E-03  4.9304E-02  3.5708E-03  1.3137E-01  1.0000E+00
 3.2782E+03  2.6943E-03  4.9030E-02  3.5711E-03  1.3039E-01  1.0000E+00
 3.3033E+03  2.6999E-03  4.8757E-02  3.5715E-03  1.2941E-01  1.0000E+00
 3.3286E+03  2.7055E-03  4.8485E-02  3.5718E-03  1.2844E-01  1.0000E+00
 3.3541E+03  2.7110E-03  4.8215E-02  3.5722E-03  1.2748E-01  1.0000E+00
 3.3798E+03  2.7166E-03  4.7945E-02  3.5725E-03  1.2652E-01  1.0000E+00
 3.4057E+03  2.7221E-03  4.7677E-02  3.5729E-03  1.2557E-01  1.0000E+00
 3.4317E+03  2.7277E-03  4.7409E-02  3.5732E-03  1.2463E-01  1.0000E+00
 3.4580E+03  2.7332E-03  4.7143E-02  3.5736E-03  1.2369E-01  1.0000E+00
 3.4845E+03  2.7387E-03  4.6878E-02  3.5740E-03  1.2277E-01  1.0000E+00
 3.5112E+03  2.7442E-03  4.6614E-02  3.5743E-03  1.2185E-01  1.0000E+00
 3.5381E+03  2.7497E-03  4.6351E-02  3.5747E-03  1.2093E-01  1.0000E+00
 3.5652E+03  2.7552E-03  4.6090E-02  3.5751E-03  1.2003E-01  1.0000E+00
 3.5925E+03  2.7607E-03  4.5829E-02  3.5755E-03  1.1913E-01  1.0000E+00
 3.6200E+03  2.7661E-03  4.5569E-02  3.5759E-03  1.1823E-01  1.0000E+00
 3.6477E+03  2.7716E-03  4.5311E-02  3.5762E-03  1.1735E-01  1.0000E+00
 3.6757E+03  2.7770E-03  4.5053E-02  3.5766E-03  1.1647E-01  1.0000E+00
 3.7038E+03  2.7824E-03  4.4796E-02  3.5770E-03  1.1560E-01  1.0000E+00
 3.7322E+03  2.7878E-03  4.4541E-02  3.5774E-03  1.1473E-01  1.0000E+00
 3.7608E+03  2.7932E-03  4.4287E-02  3.5778E-03  1.1387E-01  1.0000E+00
 3.7896E+03  2.7986E-03  4.4033E-02  3.5782E-03  1.1302E-01  1.0000E+00
 3.8186E+03  2.8039E-03  4.3781E-02  3.5786E-03  1.1217E-01  1.0000E+00
 3.8478E+03  2.8092E-03  4.3529E-02  3.5790E-03  1.1133E-01  1.0000E+00
 3.8773E+03  2.8145E-03  4.3279E-02  3.5794E-03  1.1050E-01  1.0000E+00
 3.9070E+03  2.8198E-03  4.3030E-02  3.5798E-03  1.0967E-01  1.0000E+00
 3.9369E+03  2.8251E-03  4.2781E-02  3.5803E-03  1.0885E-01  1.0000E+00
 3.9671E+03  2.8304E-03  4.2534E-02  3.5807E-03  1.0804E-01  1.0000E+00
 3.9974E+03  2.8356E-03  4.2288E-02  3.5811E-03  1.0723E-01  1.0000E+00
 4.0281E+03  2.8408E-03  4.2042E-02  3.5815E-03  1.0643E-01  1.0000E+00
 4.0589E+03  2.8460E-03  4.1798E-02  3.5820E-03  1.0563E-01  1.0000E+00
 4.0900E+03  2.8512E-03  4.1554E-02  3.5824E-03  1.0484E-01  1.0000E+00
 4.1213E+03  2.8564E-03  4.1312E-02  3.5828E-03  1.0405E-01  1.0000E+00
 4.1529E+03  2.8615E-03  4.1070E-02  3.5833E-03  1.0328E-01  1.0000E+00
 4.1847E+03  2.8666E-03  4.0830E-02  3.5837E-03  1.0250E-01  1.0000E+00
 4.2167E+03  2.8717E-03  4.0590E-02  3.5842E-03  1.0174E-01  1.0000E+00
 4.2490E+03  2.8768E-03  4.0351E-02  3.5846E-03  1.0098E-01  1.0000E+00
 4.2816E+03  2.8818E-03  4.0113E-02  3.5851E-03  1.0022E-01  1.0000E+00
 4.3143E+03  2.8868E-03  3.9877E-02  3.5855E-03  9.9474E-02  1.0000E+00
 4.3474E+03  2.8918E-03  3.9641E-02  3.5860E-03  9.8730E-02  1.0000E+00
 4.3807E+03  2.8968E-03  3.9406E-02  3.5864E-03  9.7993E-02  1.0000E+00
 4.4142E+03  2.9017E-03  3.9172E-02  3.5869E-03  9.7261E-02  1.0000E+00
 4.4480E+03  2.9067E-03  3.8939E-02  3.5874E-03  9.6534E-02  1.0000E+00
 4.4821E+03  2.9116E-03  3.8707E-02  3.5878E-03  9.5813E-02  1.0000E+00
 4.5164E+03  2.9165E-03  3.8476E-02  3.5883E-03  9.5097E-02  1.0000E+00
 4.5510E+03  2.9214E-03  3.8246E-02  3.5888E-03  9.4387E-02  1.0000E+00
 4.5859E+03  2.9262E-03  3.8018E-02  3.5893E-03  9.3683E-02  1.0000E+00
 4.6210E+03  2.9311E-03  3.7790E-02  3.5898E-03  9.2983E-02  1.0000E+00
 4.6564E+03  2.9359E-03  3.7563E-02  3.5903E-03  9.2289E-02  1.0000E+00
 4.6920E+03  2.9407E-03  3.7337E-02  3.5908E-03  9.1601E-02  1.0000E+00
 4.7280E+03  2.9454E-03  3.7112E-02  3.5913E-03  9.0917E-02  1.0000E+00
 4.7642E+03  2.9502E-03  3.6888E-02  3.5918E-03  9.0239E-02  1.0000E+00
 4.8007E+03  2.9549E-03  3.6665E-02  3.5923E-03  8.9566E-02  1.0000E+00
 4.8374E+03  2.9597E-03  3.6443E-02  3.5928E-03  8.8898E-02  1.0000E+00
 4.8745E+03  2.9643E-03  3.6222E-02  3.5933E-03  8.8235E-02  1.0000E+00
 4.9118E+03  2.9690E-03  3.6003E-02  3.5938E-03  8.7577E-02  1.0000E+00
 4.9494E+03  2.9737E-03  3.5784E-02  3.5944E-03  8.6924E-02  1.0000E+00
 4.9873E+03  2.9783E-03  3.5566E-02  3.5949E-03  8.6276E-02  1.0000E+00
 5.0255E+03  2.9829E-03  3.5349E-02  3.5954E-03  8.5633E-02  1.0000E+00
 5.0640E+03  2.9875E-03  3.5133E-02  3.5959E-03  8.4995E-02  1.0000E+00
 5.1028E+03  2.9921E-03  3.4918E-02  3.5965E-03  8.4361E-02  1.0000E+00
 5.1419E+03  2.9967E-03  3.4704E-02  3.5970E-03  8.3733E-02  1.0000E+00
 5.1812E+03  3.0012E-03  3.4491E-02  3.5976E-03  8.3109E-02  1.0000E+00
 5.2209E+03  3.0058E-03  3.4280E-02  3.5981E-03  8.2490E-02  1.0000E+00
 5.2609E+03  3.0103E-03  3.4069E-02  3.5987E-03  8.1876E-02  1.0000E+00
 5.3012E+03  3.0148E-03  3.3859E-02  3.5993E-03  8.1266E-02  1.0000E+00
 5.3418E+03  3.0192E-03  3.3650E-02  3.5998E-03  8.0661E-02  1.0000E+00
 5.3827E+03  3.0237E-03  3.3442E-02  3.6004E-03  8.0061E-02  1.0000E+00
 5.4239E+03  3.0281E-03  3.3235E-02  3.6010E-03  7.9465E-02  1.0000E+00
 5.4655E+03  3.0325E-03  3.3030E-02  3.6015E-03  7.8874E-02  1.0000E+00
 5.5073E+03  3.0369E-03  3.2825E-02  3.6021E-03  7.8287E-02  1.0000E+00
 5.5495E+03  3.0413E-03  3.2621E-02  3.6027E-03  7.7705E-02  1.0000E+00
 5.5920E+03  3.0457E-03  3.2418E-02  3.6033E-03  7.7127E-02  1.0000E+00
 5.6348E+03  3.0500E-03  3.2216E-02  3.6039E-03  7.6554E-02  1.0000E+00
 5.6780E+03  3.0543E-03  3.2016E-02  3.6045E-03  7.5984E-02  1.0000E+00
 5.7215E+03  3.0587E-03  3.1816E-02  3.6051E-03  7.5420E-02  1.0000E+00
 5.7653E+03  3.0630E-03  3.1617E-02  3.6057E-03  7.4859E-02  1.0000E+00
 5.8094E+03  3.0672E-03  3.1419E-02  3.6063E-03  7.4303E-02  1.0000E+00
 5.8539E+03  3.0715E-03  3.1222E-02  3.6070E-03  7.3751E-02  1.0000E+00
 5.8988E+03  3.0757E-03  3.1026E-02  3.6076E-03  7.3203E-02  1.0000E+00
 5.9439E+03  3.0800E-03  3.0832E-02  3.6082E-03  7.2659E-02  1.0000E+00
 5.9895E+03  3.0842E-03  3.0638E-02  3.6089E-03  7.2120E-02  1.0000E+00
 6.0353E+03  3.0884E-03  3.0445E-02  3.6095E-03  7.1584E-02  1.0000E+00
 6.0815E+03  3.0925E-03  3.0253E-02  3.6101E-03  7.1053E-02  1.0000E+00
 6.1281E+03  3.0967E-03  3.0062E-02  3.6108E-03  7.0526E-02  1.0000E+00
 6.1751E+03  3.1008E-03  2.9872E-02  3.6114E-03  7.0002E-02  1.0000E+00
 6.2223E+03  3.1050E-03  2.9683E-02  3.6121E-03  6.9483E-02  1.0000E+00
 6.2700E+03  3.1091E-03  2.9495E-02  3.6128E-03  6.8968E-02  1.0000E+00
 6.3180E+03  3.1132E-03  2.9308E-02  3.6134E-03  6.8456E-02  1.0000E+00
 6.3664E+03  3.1173E-03  2.9122E-02  3.6141E-03  6.7949E-02  1.0000E+00
 6.4152E+03  3.1213E-03  2.8937E-02  3.6148E-03  6.7445E-02  1.0000E+00
 6.4643E+03  3.1254E-03  2.8754E-02  3.6155E-03  6.6945E-02  1.0000E+00
 6.5138E+03  3.1295E-03  2.8571E-02  3.6162E-03  6.6449E-02  1.0000E+00
 6.5637E+03  3.1336E-03  2.8390E-02  3.6169E-03  6.5957E-02  1.0000E+00
 6.6139E+03  3.1377E-03  2.8210E-02  3.6176E-03  6.5468E-02  1.0000E+00
 6.6646E+03  3.1419E-03  2.8031E-02  3.6183E-03  6.4983E-02  1.0000E+00
 6.7156E+03  3.1460E-03  2.7853E-02  3.6190E-03  6.4502E-02  1.0000E+00
 6.7671E+03  3.1501E-03  2.7676E-02  3.6197E-03  6.4025E-02  1.0000E+00
 6.8189E+03  3.1543E-03  2.7501E-02  3.6204E-03  6.3551E-02  1.0000E+00
 6.8711E+03  3.1584E-03  2.7326E-02  3.6212E-03  6.3081E-02  1.0000E+00
 6.9237E+03  3.1626E-03  2.7153E-02  3.6219E-03  6.2614E-02  1.0000E+00
 6.9768E+03  3.1668E-03  2.6980E-02  3.6227E-03  6.2151E-02  1.0000E+00
 7.0302E+03  3.1709E-03  2.6809E-02  3.6234E-03  6.1691E-02  1.0000E+00
 7.0840E+03  3.1751E-03  2.6639E-02  3.6242E-03  6.1235E-02  1.0000E+00
 7.1383E+03  3.1793E-03  2.6470E-02  3.6249E-03  6.0782E-02  1.0000E+00
 7.1929E+03  3.1835E-03  2.6302E-02  3.6257E-03  6.0333E-02  1.0000E+00
 7.2480E+03  3.1877E-03  2.6135E-02  3.6265E-03  5.9887E-02  1.0000E+00
 7.3035E+03  3.1919E-03  2.5969E-02  3.6272E-03  5.9445E-02  1.0000E+00
 7.3595E+03  3.1961E-03  2.5805E-02  3.6280E-03  5.9006E-02  1.0000E+00
 7.4158E+03  3.2003E-03  2.5641E-02  3.6288E-03  5.8570E-02  1.0000E+00
 7.4726E+03  3.2045E-03  2.5478E-02  3.6296E-03  5.8138E-02  1.0000E+00
 7.5299E+03  3.2087E-03  2.5316E-02  3.6304E-03  5.7708E-02  1.0000E+00
 7.5875E+03  3.2130E-03  2.5156E-02  3.6312E-03  5.7283E-02  1.0000E+00
 7.6456E+03  3.2172E-03  2.4996E-02  3.6320E-03  5.6860E-02  1.0000E+00
 7.7042E+03  3.2214E-03  2.4837E-02  3.6328E-03  5.6441E-02  1.0000E+00
 7.7632E+03  3.2257E-03  2.4679E-02  3.6337E-03  5.6024E-02  1.0000E+00
 7.8226E+03  3.2299E-03  2.4523E-02  3.6345E-03  5.5611E-02  1.0000E+00
 7.8825E+03  3.2342E-03  2.4367E-02  3.6353E-03  5.5201E-02  1.0000E+00
 7.9429E+03  3.2384E-03  2.4212E-02  3.6362E-03  5.4795E-02  1.0000E+00
 8.0037E+03  3.2427E-03  2.4058E-02  3.6370E-03  5.4391E-02  1.0000E+00
 8.0650E+03  3.2469E-03  2.3905E-02  3.6379E-03  5.3990E-02  1.0000E+00
 8.1268E+03  3.2512E-03  2.3753E-02  3.6388E-03  5.3593E-02  1.0000E+00
 8.1890E+03  3.2554E-03  2.3602E-02  3.6396E-03  5.3198E-02  1.0000E+00
 8.2518E+03  3.2597E-03  2.3452E-02  3.6405E-03  5.2807E-02  1.0000E+00
 8.3150E+03  3.2639E-03  2.3303E-02  3.6414E-03  5.2418E-02  1.0000E+00
 8.3786E+03  3.2682E-03  2.3154E-02  3.6423E-03  5.2032E-02  1.0000E+00
 8.4428E+03  3.2725E-03  2.3007E-02  3.6432E-03  5.1650E-02  1.0000E+00
 8.5075E+03  3.2767E-03  2.2860E-02  3.6441E-03  5.1270E-02  1.0000E+00
 8.5726E+03  3.2810E-03  2.2715E-02  3.6450E-03  5.0893E-02  1.0000E+00
 8.6383E+03  3.2853E-03  2.2570E-02  3.6459E-03  5.0519E-02  1.0000E+00
 8.7044E+03  3.2896E-03  2.2426E-02  3.6469E-03  5.0148E-02  1.0000E+00
 8.7711E+03  3.2938E-03  2.2283E-02  3.6478E-03  4.9779E-02  1.0000E+00
 8.8383E+03  3.2981E-03  2.2141E-02  3.6487E-03  4.9414E-02  1.0000E+00
 8.9059E+03  3.3024E-03  2.2000E-02  3.6497E-03  4.9051E-02  1.0000E+00
 8.9741E+03  3.3066E-03  2.1859E-02  3.6506E-03  4.8691E-02  1.0000E+00
 9.0429E+03  3.3109E-03  2.1720E-02  3.6516E-03  4.8334E-02  1.0000E+00
 9.1121E+03  3.3145E-03  2.1577E-02  3.6526E-03  4.7979E-02  1.0000E+00
 9.1819E+03  3.3179E-03  2.1434E-02  3.6536E-03  4.7627E-02  1.0000E+00
 9.2522E+03  3.3214E-03  2.1291E-02  3.6546E-03  4.7278E-02  1.0000E+00
 9.3231E+03  3.3248E-03  2.1150E-02  3.6555E-03  4.6932E-02  1.0000E+00
 9.3945E+03  3.3282E-03  2.1009E-02  3.6566E-03  4.6588E-02  1.0000E+00
 9.4664E+03  3.3316E-03  2.0869E-02  3.6576E-03  4.6246E-02  1.0000E+00
 9.5389E+03  3.3350E-03  2.0731E-02  3.6586E-03  4.5908E-02  1.0000E+00
 9.6120E+03  3.3384E-03  2.0592E-02  3.6596E-03  4.5572E-02  1.0000E+00
 9.6856E+03  3.3418E-03  2.0455E-02  3.6606E-03  4.5238E-02  1.0000E+00
 9.7598E+03  3.3452E-03  2.0319E-02  3.6617E-03  4.4907E-02  1.0000E+00
 9.8345E+03  3.3485E-03  2.0183E-02  3.6627E-03  4.4579E-02  1.0000E+00
 9.9098E+03  3.3519E-03  2.0048E-02  3.6638E-03  4.4253E-02  1.0000E+00
 9.9857E+03  3.3552E-03  1.9914E-02  3.6649E-03  4.3929E-02  1.0000E+00
 1.0062E+04  3.3586E-03  1.9781E-02  3.6659E-03  4.3608E-02  1.0000E+00
 1.0139E+04  3.3619E-03  1.9649E-02  3.6670E-03  4.3289E-02  1.0000E+00
 1.0217E+04  3.3652E-03  1.9517E-02  3.6681E-03  4.2973E-02  1.0000E+00
 1.0295E+04  3.3685E-03  1.9386E-02  3.6692E-03  4.2659E-02  1.0000E+00
 1.0374E+04  3.3718E-03  1.9256E-02  3.6703E-03  4.2348E-02  1.0000E+00
 1.0453E+04  3.3751E-03  1.9127E-02  3.6714E-03  4.2039E-02  1.0000E+00
 1.0533E+04  3.3784E-03  1.8999E-02  3.6726E-03  4.1732E-02  1.0000E+00
 1.0614E+04  3.3817E-03  1.8871E-02  3.6737E-03  4.1428E-02  1.0000E+00
 1.0695E+04  3.3849E-03  1.8744E-02  3.6749E-03  4.1126E-02  1.0000E+00
 1.0777E+04  3.3882E-03  1.8618E-02  3.6760E-03  4.0826E-02  1.0000E+00
 1.0860E+04  3.3915E-03  1.8493E-02  3.6772E-03  4.0529E-02  1.0000E+00
 1.0943E+04  3.3947E-03  1.8369E-02  3.6783E-03  4.0233E-02  1.0000E+00
 1.1027E+04  3.3979E-03  1.8245E-02  3.6795E-03  3.9940E-02  1.0000E+00
 1.1111E+04  3.4012E-03  1.8122E-02  3.6807E-03  3.9650E-02  1.0000E+00
 1.1196E+04  3.4044E-03  1.8000E-02  3.6819E-03  3.9361E-02  1.0000E+00
 1.1282E+04  3.4076E-03  1.7879E-02  3.6831E-03  3.9075E-02  1.0000E+00
 1.1369E+04  3.4108E-03  1.7758E-02  3.6843E-03  3.8791E-02  1.0000E+00
 1.1456E+04  3.4141E-03  1.7638E-02  3.6856E-03  3.8509E-02  1.0000E+00
 1.1543E+04  3.4173E-03  1.7519E-02  3.6868E-03  3.8229E-02  1.0000E+00
 1.1632E+04  3.4205E-03  1.7401E-02  3.6881E-03  3.7951E-02  1.0000E+00
 1.1721E+04  3.4237E-03  1.7283E-02  3.6893E-03  3.7676E-02  1.0000E+00
 1.1811E+04  3.4269E-03  1.7166E-02  3.6906E-03  3.7402E-02  1.0000E+00
 1.1901E+04  3.4300E-03  1.7050E-02  3.6919E-03  3.7131E-02  1.0000E+00
 1.1992E+04  3.4332E-03  1.6935E-02  3.6931E-03  3.6861E-02  1.0000E+00
 1.2084E+04  3.4364E-03  1.6820E-02  3.6944E-03  3.6594E-02  1.0000E+00
 1.2177E+04  3.4396E-03  1.6706E-02  3.6958E-03  3.6329E-02  1.0000E+00
 1.2270E+04  3.4427E-03  1.6593E-02  3.6971E-03  3.6065E-02  1.0000E+00
 1.2364E+04  3.4459E-03  1.6481E-02  3.6984E-03  3.5804E-02  1.0000E+00
 1.2458E+04  3.4491E-03  1.6369E-02  3.6997E-03  3.5545E-02  1.0000E+00
 1.2554E+04  3.4522E-03  1.6258E-02  3.7011E-03  3.5288E-02  1.0000E+00
 1.2650E+04  3.4554E-03  1.6147E-02  3.7024E-03  3.5032E-02  1.0000E+00
 1.2747E+04  3.4585E-03  1.6038E-02  3.7038E-03  3.4779E-02  1.0000E+00
 1.2845E+04  3.4617E-03  1.5929E-02  3.7052E-03  3.4528E-02  1.0000E+00
 1.2943E+04  3.4648E-03  1.5821E-02  3.7066E-03  3.4278E-02  1.0000E+00
 1.3042E+04  3.4680E-03  1.5713E-02  3.7080E-03  3.4030E-02  1.0000E+00
 1.3142E+04  3.4711E-03  1.5607E-02  3.7094E-03  3.3785E-02  1.0000E+00
 1.3243E+04  3.4743E-03  1.5500E-02  3.7108E-03  3.3541E-02  1.0000E+00
 1.3344E+04  3.4774E-03  1.5395E-02  3.7123E-03  3.3299E-02  1.0000E+00
 1.3446E+04  3.4805E-03  1.5290E-02  3.7137E-03  3.3058E-02  1.0000E+00
 1.3549E+04  3.4837E-03  1.5186E-02  3.7152E-03  3.2820E-02  1.0000E+00
 1.3653E+04  3.4868E-03  1.5083E-02  3.7166E-03  3.2584E-02  1.0000E+00
 1.3757E+04  3.4899E-03  1.4980E-02  3.7181E-03  3.2349E-02  1.0000E+00
 1.3863E+04  3.4931E-03  1.4878E-02  3.7196E-03  3.2116E-02  1.0000E+00
 1.3969E+04  3.4962E-03  1.4777E-02  3.7211E-03  3.1885E-02  1.0000E+00
 1.4076E+04  3.4993E-03  1.4676E-02  3.7226E-03  3.1655E-02  1.0000E+00
 1.4184E+04  3.5025E-03  1.4576E-02  3.7242E-03  3.1428E-02  1.0000E+00
 1.4292E+04  3.5056E-03  1.4477E-02  3.7257E-03  3.1202E-02  1.0000E+00
 1.4402E+04  3.5087E-03  1.4378E-02  3.7273E-03  3.0977E-02  1.0000E+00
 1.4512E+04  3.5119E-03  1.4280E-02  3.7288E-03  3.0755E-02  1.0000E+00
 1.4623E+04  3.5150E-03  1.4183E-02  3.7304E-03  3.0534E-02  1.0000E+00
 1.4735E+04  3.5181E-03  1.4086E-02  3.7320E-03  3.0315E-02  1.0000E+00
 1.4848E+04  3.5213E-03  1.3990E-02  3.7336E-03  3.0097E-02  1.0000E+00
 1.4962E+04  3.5244E-03  1.3894E-02  3.7352E-03  2.9882E-02  1.0000E+00
 1.5076E+04  3.5275E-03  1.3799E-02  3.7368E-03  2.9667E-02  1.0000E+00
 1.5192E+04  3.5307E-03  1.3705E-02  3.7385E-03  2.9455E-02  1.0000E+00
 1.5308E+04  3.5338E-03  1.3611E-02  3.7401E-03  2.9244E-02  1.0000E+00
 1.5425E+04  3.5370E-03  1.3519E-02  3.7418E-03  2.9035E-02  1.0000E+00
 1.5544E+04  3.5401E-03  1.3426E-02  3.7435E-03  2.8827E-02  1.0000E+00
 1.5663E+04  3.5432E-03  1.3334E-02  3.7452E-03  2.8621E-02  1.0000E+00
 1.5783E+04  3.5464E-03  1.3243E-02  3.7469E-03  2.8416E-02  1.0000E+00
 1.5903E+04  3.5495E-03  1.3153E-02  3.7486E-03  2.8213E-02  1.0000E+00
 1.6025E+04  3.5527E-03  1.3063E-02  3.7503E-03  2.8012E-02  1.0000E+00
 1.6148E+04  3.5558E-03  1.2974E-02  3.7521E-03  2.7812E-02  1.0000E+00
 1.6272E+04  3.5590E-03  1.2885E-02  3.7538E-03  2.7613E-02  1.0000E+00
 1.6396E+04  3.5622E-03  1.2797E-02  3.7556E-03  2.7416E-02  1.0000E+00
 1.6522E+04  3.5653E-03  1.2709E-02  3.7574E-03  2.7221E-02  1.0000E+00
 1.6648E+04  3.5685E-03  1.2622E-02  3.7592E-03  2.7027E-02  1.0000E+00
 1.6776E+04  3.5717E-03  1.2536E-02  3.7610E-03  2.6835E-02  1.0000E+00
 1.6904E+04  3.5749E-03  1.2450E-02  3.7629E-03  2.6644E-02  1.0000E+00
 1.7034E+04  3.5780E-03  1.2365E-02  3.7647E-03  2.6454E-02  1.0000E+00
 1.7164E+04  3.5812E-03  1.2280E-02  3.7666E-03  2.6266E-02  1.0000E+00
 1.7296E+04  3.5844E-03  1.2196E-02  3.7684E-03  2.6079E-02  1.0000E+00
 1.7428E+04  3.5876E-03  1.2113E-02  3.7703E-03  2.5894E-02  1.0000E+00
 1.7562E+04  3.5908E-03  1.2030E-02  3.7722E-03  2.5710E-02  1.0000E+00
 1.7696E+04  3.5940E-03  1.1948E-02  3.7741E-03  2.5528E-02  1.0000E+00
 1.7832E+04  3.5972E-03  1.1866E-02  3.7761E-03  2.5347E-02  1.0000E+00
 1.7968E+04  3.6004E-03  1.1785E-02  3.7780E-03  2.5167E-02  1.0000E+00
 1.8106E+04  3.6037E-03  1.1704E-02  3.7800E-03  2.4989E-02  1.0000E+00
 1.8244E+04  3.6069E-03  1.1624E-02  3.7820E-03  2.4812E-02  1.0000E+00
 1.8384E+04  3.6101E-03  1.1545E-02  3.7840E-03  2.4636E-02  1.0000E+00
 1.8525E+04  3.6134E-03  1.1466E-02  3.7860E-03  2.4462E-02  1.0000E+00
 1.8667E+04  3.6166E-03  1.1387E-02  3.7880E-03  2.4289E-02  1.0000E+00
 1.8810E+04  3.6199E-03  1.1309E-02  3.7901E-03  2.4118E-02  1.0000E+00
 1.8954E+04  3.6231E-03  1.1232E-02  3.7921E-03  2.3947E-02  1.0000E+00
 1.9099E+04  3.6264E-03  1.1155E-02  3.7942E-03  2.3778E-02  1.0000E+00
 1.9245E+04  3.6297E-03  1.1079E-02  3.7963E-03  2.3611E-02  1.0000E+00
 1.9393E+04  3.6329E-03  1.1003E-02  3.7984E-03  2.3444E-02  1.0000E+00
 1.9541E+04  3.6362E-03  1.0927E-02  3.8005E-03  2.3279E-02  1.0000E+00
 1.9691E+04  3.6395E-03  1.0853E-02  3.8027E-03  2.3115E-02  1.0000E+00
 1.9842E+04  3.6428E-03  1.0778E-02  3.8048E-03  2.2953E-02  1.0000E+00
 1.9994E+04  3.6462E-03  1.0705E-02  3.8070E-03  2.2791E-02  1.0000E+00
 2.0147E+04  3.6495E-03  1.0631E-02  3.8092E-03  2.2631E-02  1.0000E+00
 2.0301E+04  3.6528E-03  1.0559E-02  3.8114E-03  2.2472E-02  1.0000E+00
 2.0456E+04  3.6562E-03  1.0487E-02  3.8137E-03  2.2314E-02  1.0000E+00
 2.0613E+04  3.6595E-03  1.0415E-02  3.8159E-03  2.2158E-02  1.0000E+00
 2.0771E+04  3.6629E-03  1.0344E-02  3.8182E-03  2.2002E-02  1.0000E+00
 2.0930E+04  3.6662E-03  1.0273E-02  3.8205E-03  2.1848E-02  1.0000E+00
 2.1090E+04  3.6696E-03  1.0203E-02  3.8228E-03  2.1695E-02  1.0000E+00
 2.1252E+04  3.6730E-03  1.0133E-02  3.8251E-03  2.1543E-02  1.0000E+00
 2.1415E+04  3.6764E-03  1.0064E-02  3.8274E-03  2.1393E-02  1.0000E+00
 2.1579E+04  3.6798E-03  9.9948E-03  3.8298E-03  2.1243E-02  1.0000E+00
 2.1744E+04  3.6833E-03  9.9265E-03  3.8322E-03  2.1095E-02  1.0000E+00
 2.1910E+04  3.6867E-03  9.8586E-03  3.8346E-03  2.0948E-02  1.0000E+00
 2.2078E+04  3.6901E-03  9.7913E-03  3.8370E-03  2.0802E-02  1.0000E+00
 2.2247E+04  3.6936E-03  9.7244E-03  3.8394E-03  2.0657E-02  1.0000E+00
 2.2418E+04  3.6971E-03  9.6580E-03  3.8419E-03  2.0513E-02  1.0000E+00
 2.2589E+04  3.7005E-03  9.5920E-03  3.8443E-03  2.0370E-02  1.0000E+00
 2.2762E+04  3.7040E-03  9.5265E-03  3.8468E-03  2.0228E-02  1.0000E+00
 2.2937E+04  3.7075E-03  9.4615E-03  3.8493E-03  2.0088E-02  1.0000E+00
 2.3112E+04  3.7111E-03  9.3969E-03  3.8519E-03  1.9948E-02  1.0000E+00
 2.3289E+04  3.7146E-03  9.3328E-03  3.8544E-03  1.9810E-02  1.0000E+00
 2.3468E+04  3.7181E-03  9.2691E-03  3.8570E-03  1.9672E-02  1.0000E+00
 2.3647E+04  3.7217E-03  9.2059E-03  3.8596E-03  1.9536E-02  1.0000E+00
 2.3829E+04  3.7253E-03  9.1431E-03  3.8622E-03  1.9400E-02  1.0000E+00
 2.4011E+04  3.7288E-03  9.0807E-03  3.8648E-03  1.9266E-02  1.0000E+00
 2.4195E+04  3.7324E-03  9.0188E-03  3.8675E-03  1.9133E-02  1.0000E+00
 2.4380E+04  3.7360E-03  8.9573E-03  3.8702E-03  1.9001E-02  1.0000E+00
 2.4567E+04  3.7397E-03  8.8963E-03  3.8729E-03  1.8869E-02  1.0000E+00
 2.4755E+04  3.7433E-03  8.8357E-03  3.8756E-03  1.8739E-02  1.0000E+00
 2.4945E+04  3.7470E-03  8.7755E-03  3.8783E-03  1.8610E-02  1.0000E+00
 2.5136E+04  3.7506E-03  8.7158E-03  3.8811E-03  1.8482E-02  1.0000E+00
 2.5328E+04  3.7543E-03  8.6564E-03  3.8839E-03  1.8354E-02  1.0000E+00
 2.5522E+04  3.7580E-03  8.5975E-03  3.8867E-03  1.8228E-02  1.0000E+00
 2.5718E+04  3.7617E-03  8.5390E-03  3.8895E-03  1.8103E-02  1.0000E+00
 2.5915E+04  3.7655E-03  8.4809E-03  3.8924E-03  1.7978E-02  1.0000E+00
 2.6113E+04  3.7692E-03  8.4233E-03  3.8953E-03  1.7855E-02  1.0000E+00
 2.6313E+04  3.7730E-03  8.3660E-03  3.8982E-03  1.7732E-02  1.0000E+00
 2.6515E+04  3.7768E-03  8.3091E-03  3.9011E-03  1.7611E-02  1.0000E+00
 2.6718E+04  3.7806E-03  8.2527E-03  3.9040E-03  1.7490E-02  1.0000E+00
 2.6922E+04  3.7844E-03  8.1966E-03  3.9070E-03  1.7370E-02  1.0000E+00
 2.7128E+04  3.7882E-03  8.1410E-03  3.9100E-03  1.7252E-02  1.0000E+00
 2.7336E+04  3.7921E-03  8.0857E-03  3.9130E-03  1.7134E-02  1.0000E+00
 2.7545E+04  3.7959E-03  8.0308E-03  3.9161E-03  1.7017E-02  1.0000E+00
 2.7756E+04  3.7998E-03  7.9764E-03  3.9191E-03  1.6901E-02  1.0000E+00
 2.7969E+04  3.8037E-03  7.9223E-03  3.9222E-03  1.6785E-02  1.0000E+00
 2.8183E+04  3.8077E-03  7.8686E-03  3.9254E-03  1.6671E-02  1.0000E+00
 2.8399E+04  3.8116E-03  7.8152E-03  3.9285E-03  1.6558E-02  1.0000E+00
 2.8617E+04  3.8156E-03  7.7623E-03  3.9317E-03  1.6445E-02  1.0000E+00
 2.8836E+04  3.8195E-03  7.7097E-03  3.9349E-03  1.6333E-02  1.0000E+00
 2.9056E+04  3.8235E-03  7.6576E-03  3.9381E-03  1.6222E-02  1.0000E+00
 2.9279E+04  3.8276E-03  7.6057E-03  3.9413E-03  1.6112E-02  1.0000E+00
 2.9503E+04  3.8316E-03  7.5543E-03  3.9446E-03  1.6003E-02  1.0000E+00
 2.9729E+04  3.8357E-03  7.5032E-03  3.9479E-03  1.5895E-02  1.0000E+00
 2.9957E+04  3.8398E-03  7.4525E-03  3.9512E-03  1.5787E-02  1.0000E+00
 3.0186E+04  3.8439E-03  7.4022E-03  3.9546E-03  1.5681E-02  1.0000E+00
 3.0417E+04  3.8480E-03  7.3522E-03  3.9580E-03  1.5575E-02  1.0000E+00
 3.0650E+04  3.8521E-03  7.3025E-03  3.9614E-03  1.5470E-02  1.0000E+00
 3.0885E+04  3.8563E-03  7.2533E-03  3.9648E-03  1.5365E-02  1.0000E+00
 3.1122E+04  3.8605E-03  7.2043E-03  3.9683E-03  1.5262E-02  1.0000E+00
 3.1360E+04  3.8647E-03  7.1558E-03  3.9717E-03  1.5159E-02  1.0000E+00
 3.1600E+04  3.8689E-03  7.1076E-03  3.9753E-03  1.5057E-02  1.0000E+00
 3.1842E+04  3.8732E-03  7.0597E-03  3.9788E-03  1.4956E-02  1.0000E+00
 3.2086E+04  3.8775E-03  7.0122E-03  3.9824E-03  1.4856E-02  1.0000E+00
 3.2332E+04  3.8818E-03  6.9650E-03  3.9860E-03  1.4756E-02  1.0000E+00
 3.2579E+04  3.8861E-03  6.9181E-03  3.9896E-03  1.4658E-02  1.0000E+00
 3.2829E+04  3.8905E-03  6.8716E-03  3.9933E-03  1.4560E-02  1.0000E+00
 3.3080E+04  3.8949E-03  6.8254E-03  3.9970E-03  1.4462E-02  1.0000E+00
 3.3334E+04  3.8993E-03  6.7796E-03  4.0007E-03  1.4366E-02  1.0000E+00
 3.3589E+04  3.9037E-03  6.7341E-03  4.0045E-03  1.4270E-02  1.0000E+00
 3.3846E+04  3.9081E-03  6.6889E-03  4.0082E-03  1.4175E-02  1.0000E+00
 3.4105E+04  3.9126E-03  6.6440E-03  4.0121E-03  1.4080E-02  1.0000E+00
 3.4367E+04  3.9171E-03  6.5995E-03  4.0159E-03  1.3987E-02  1.0000E+00
 3.4630E+04  3.9217E-03  6.5553E-03  4.0198E-03  1.3894E-02  1.0000E+00
 3.4895E+04  3.9262E-03  6.5114E-03  4.0237E-03  1.3802E-02  1.0000E+00
 3.5162E+04  3.9308E-03  6.4678E-03  4.0276E-03  1.3710E-02  1.0000E+00
 3.5431E+04  3.9354E-03  6.4246E-03  4.0316E-03  1.3620E-02  1.0000E+00
 3.5703E+04  3.9401E-03  6.3816E-03  4.0356E-03  1.3529E-02  1.0000E+00
 3.5976E+04  3.9447E-03  6.3390E-03  4.0396E-03  1.3440E-02  1.0000E+00
 3.6252E+04  3.9494E-03  6.2967E-03  4.0437E-03  1.3351E-02  1.0000E+00
 3.6529E+04  3.9542E-03  6.2546E-03  4.0478E-03  1.3263E-02  1.0000E+00
 3.6809E+04  3.9589E-03  6.2129E-03  4.0520E-03  1.3176E-02  1.0000E+00
 3.7091E+04  3.9637E-03  6.1715E-03  4.0561E-03  1.3089E-02  1.0000E+00
 3.7375E+04  3.9685E-03  6.1304E-03  4.0603E-03  1.3003E-02  1.0000E+00
 3.7661E+04  3.9733E-03  6.0896E-03  4.0646E-03  1.2918E-02  1.0000E+00
 3.7950E+04  3.9782E-03  6.0491E-03  4.0689E-03  1.2833E-02  1.0000E+00
 3.8240E+04  3.9831E-03  6.0088E-03  4.0732E-03  1.2749E-02  1.0000E+00
 3.8533E+04  3.9881E-03  5.9689E-03  4.0775E-03  1.2666E-02  1.0000E+00
 3.8828E+04  3.9930E-03  5.9293E-03  4.0819E-03  1.2583E-02  1.0000E+00
 3.9126E+04  3.9980E-03  5.8899E-03  4.0863E-03  1.2501E-02  1.0000E+00
 3.9425E+04  4.0030E-03  5.8508E-03  4.0908E-03  1.2419E-02  1.0000E+00
 3.9727E+04  4.0081E-03  5.8121E-03  4.0952E-03  1.2339E-02  1.0000E+00
 4.0032E+04  4.0132E-03  5.7736E-03  4.0998E-03  1.2258E-02  1.0000E+00
 4.0338E+04  4.0183E-03  5.7353E-03  4.1043E-03  1.2179E-02  1.0000E+00
 4.0647E+04  4.0235E-03  5.6974E-03  4.1089E-03  1.2100E-02  1.0000E+00
 4.0958E+04  4.0287E-03  5.6597E-03  4.1136E-03  1.2021E-02  1.0000E+00
 4.1272E+04  4.0339E-03  5.6224E-03  4.1182E-03  1.1943E-02  1.0000E+00
 4.1588E+04  4.0392E-03  5.5852E-03  4.1230E-03  1.1866E-02  1.0000E+00
 4.1907E+04  4.0445E-03  5.5484E-03  4.1277E-03  1.1790E-02  1.0000E+00
 4.2228E+04  4.0498E-03  5.5118E-03  4.1325E-03  1.1714E-02  1.0000E+00
 4.2551E+04  4.0551E-03  5.4755E-03  4.1373E-03  1.1638E-02  1.0000E+00
 4.2877E+04  4.0605E-03  5.4395E-03  4.1422E-03  1.1563E-02  1.0000E+00
 4.3205E+04  4.0660E-03  5.4037E-03  4.1471E-03  1.1489E-02  1.0000E+00
 4.3536E+04  4.0715E-03  5.3682E-03  4.1521E-03  1.1415E-02  1.0000E+00
 4.3869E+04  4.0770E-03  5.3329E-03  4.1571E-03  1.1342E-02  1.0000E+00
 4.4205E+04  4.0825E-03  5.2979E-03  4.1621E-03  1.1270E-02  1.0000E+00
 4.4544E+04  4.0881E-03  5.2632E-03  4.1672E-03  1.1198E-02  1.0000E+00
 4.4885E+04  4.0937E-03  5.2287E-03  4.1723E-03  1.1126E-02  1.0000E+00
 4.5229E+04  4.0994E-03  5.1945E-03  4.1775E-03  1.1055E-02  1.0000E+00
 4.5575E+04  4.1051E-03  5.1605E-03  4.1827E-03  1.0985E-02  1.0000E+00
 4.5924E+04  4.1108E-03  5.1267E-03  4.1879E-03  1.0915E-02  1.0000E+00
 4.6276E+04  4.1166E-03  5.0932E-03  4.1932E-03  1.0846E-02  1.0000E+00
 4.6630E+04  4.1224E-03  5.0600E-03  4.1986E-03  1.0777E-02  1.0000E+00
 4.6987E+04  4.1283E-03  5.0270E-03  4.2039E-03  1.0709E-02  1.0000E+00
 4.7347E+04  4.1342E-03  4.9942E-03  4.2094E-03  1.0641E-02  1.0000E+00
 4.7710E+04  4.1401E-03  4.9617E-03  4.2148E-03  1.0574E-02  1.0000E+00
 4.8075E+04  4.1461E-03  4.9295E-03  4.2203E-03  1.0507E-02  1.0000E+00
 4.8443E+04  4.1521E-03  4.8974E-03  4.2259E-03  1.0441E-02  1.0000E+00
 4.8814E+04  4.1582E-03  4.8656E-03  4.2315E-03  1.0376E-02  1.0000E+00
 4.9188E+04  4.1643E-03  4.8341E-03  4.2372E-03  1.0311E-02  1.0000E+00
 4.9565E+04  4.1705E-03  4.8027E-03  4.2429E-03  1.0246E-02  1.0000E+00
 4.9945E+04  4.1767E-03  4.7716E-03  4.2486E-03  1.0182E-02  1.0000E+00
 5.0327E+04  4.1829E-03  4.7407E-03  4.2544E-03  1.0118E-02  1.0000E+00
 5.0713E+04  4.1892E-03  4.7101E-03  4.2602E-03  1.0055E-02  1.0000E+00
 5.1101E+04  4.1956E-03  4.6797E-03  4.2661E-03  9.9926E-03  1.0000E+00
 5.1492E+04  4.2019E-03  4.6495E-03  4.2721E-03  9.9305E-03  1.0000E+00
 5.1887E+04  4.2084E-03  4.6195E-03  4.2781E-03  9.8688E-03  1.0000E+00
 5.2284E+04  4.2148E-03  4.5897E-03  4.2841E-03  9.8077E-03  1.0000E+00
 5.2684E+04  4.2214E-03  4.5602E-03  4.2902E-03  9.7470E-03  1.0000E+00
 5.3088E+04  4.2279E-03  4.5309E-03  4.2964E-03  9.6867E-03  1.0000E+00
 5.3494E+04  4.2345E-03  4.5018E-03  4.3025E-03  9.6270E-03  1.0000E+00
 5.3904E+04  4.2412E-03  4.4729E-03  4.3088E-03  9.5677E-03  1.0000E+00
 5.4317E+04  4.2479E-03  4.4442E-03  4.3151E-03  9.5089E-03  1.0000E+00
 5.4733E+04  4.2547E-03  4.4158E-03  4.3214E-03  9.4505E-03  1.0000E+00
 5.5152E+04  4.2615E-03  4.3875E-03  4.3279E-03  9.3926E-03  1.0000E+00
 5.5574E+04  4.2684E-03  4.3595E-03  4.3343E-03  9.3351E-03  1.0000E+00
 5.6000E+04  4.2753E-03  4.3316E-03  4.3408E-03  9.2781E-03  1.0000E+00
 5.6429E+04  4.2823E-03  4.3040E-03  4.3474E-03  9.2215E-03  1.0000E+00
 5.6861E+04  4.2893E-03  4.2766E-03  4.3540E-03  9.1653E-03  1.0000E+00
 5.7297E+04  4.2964E-03  4.2494E-03  4.3607E-03  9.1096E-03  1.0000E+00
 5.7735E+04  4.3035E-03  4.2224E-03  4.3674E-03  9.0544E-03  1.0000E+00
 5.8177E+04  4.3107E-03  4.1955E-03  4.3742E-03  8.9995E-03  1.0000E+00
 5.8623E+04  4.3179E-03  4.1689E-03  4.3811E-03  8.9451E-03  1.0000E+00
 5.9072E+04  4.3252E-03  4.1425E-03  4.3880E-03  8.8911E-03  1.0000E+00
 5.9524E+04  4.3325E-03  4.1163E-03  4.3950E-03  8.8376E-03  1.0000E+00
 5.9980E+04  4.3399E-03  4.0902E-03  4.4020E-03  8.7844E-03  1.0000E+00
 6.0440E+04  4.3474E-03  4.0644E-03  4.4091E-03  8.7317E-03  1.0000E+00
 6.0902E+04  4.3549E-03  4.0388E-03  4.4162E-03  8.6794E-03  1.0000E+00
 6.1369E+04  4.3625E-03  4.0133E-03  4.4234E-03  8.6275E-03  1.0000E+00
 6.1839E+04  4.3701E-03  3.9880E-03  4.4307E-03  8.5760E-03  1.0000E+00
 6.2312E+04  4.3778E-03  3.9630E-03  4.4380E-03  8.5249E-03  1.0000E+00
 6.2790E+04  4.3855E-03  3.9381E-03  4.4454E-03  8.4742E-03  1.0000E+00
 6.3270E+04  4.3934E-03  3.9134E-03  4.4529E-03  8.4239E-03  1.0000E+00
 6.3755E+04  4.4012E-03  3.8888E-03  4.4604E-03  8.3740E-03  1.0000E+00
 6.4243E+04  4.4092E-03  3.8645E-03  4.4680E-03  8.3244E-03  1.0000E+00
 6.4735E+04  4.4172E-03  3.8404E-03  4.4756E-03  8.2753E-03  1.0000E+00
 6.5231E+04  4.4252E-03  3.8164E-03  4.4833E-03  8.2266E-03  1.0000E+00
 6.5731E+04  4.4333E-03  3.7926E-03  4.4911E-03  8.1782E-03  1.0000E+00
 6.6234E+04  4.4415E-03  3.7690E-03  4.4989E-03  8.1302E-03  1.0000E+00
 6.6741E+04  4.4498E-03  3.7455E-03  4.5069E-03  8.0826E-03  1.0000E+00
 6.7252E+04  4.4581E-03  3.7222E-03  4.5148E-03  8.0354E-03  1.0000E+00
 6.7767E+04  4.4664E-03  3.6991E-03  4.5229E-03  7.9885E-03  1.0000E+00
 6.8286E+04  4.4749E-03  3.6762E-03  4.5310E-03  7.9420E-03  1.0000E+00
 6.8809E+04  4.4834E-03  3.6535E-03  4.5392E-03  7.8959E-03  1.0000E+00
 6.9336E+04  4.4920E-03  3.6309E-03  4.5474E-03  7.8502E-03  1.0000E+00
 6.9867E+04  4.5006E-03  3.6085E-03  4.5558E-03  7.8048E-03  1.0000E+00
 7.0402E+04  4.5093E-03  3.5862E-03  4.5642E-03  7.7597E-03  1.0000E+00
 7.0942E+04  4.5181E-03  3.5641E-03  4.5726E-03  7.7150E-03  1.0000E+00
 7.1485E+04  4.5270E-03  3.5422E-03  4.5812E-03  7.6707E-03  1.0000E+00
 7.2032E+04  4.5359E-03  3.5205E-03  4.5898E-03  7.6267E-03  1.0000E+00
 7.2584E+04  4.5449E-03  3.4989E-03  4.5985E-03  7.5831E-03  1.0000E+00
 7.3140E+04  4.5540E-03  3.4774E-03  4.6072E-03  7.5398E-03  1.0000E+00
 7.3700E+04  4.5631E-03  3.4562E-03  4.6161E-03  7.4968E-03  1.0000E+00
 7.4264E+04  4.5723E-03  3.4351E-03  4.6250E-03  7.4542E-03  1.0000E+00
 7.4833E+04  4.5816E-03  3.4141E-03  4.6340E-03  7.4120E-03  1.0000E+00
 7.5406E+04  4.5910E-03  3.3933E-03  4.6431E-03  7.3700E-03  1.0000E+00
 7.5984E+04  4.6004E-03  3.3727E-03  4.6522E-03  7.3284E-03  1.0000E+00
 7.6566E+04  4.6100E-03  3.3522E-03  4.6614E-03  7.2872E-03  1.0000E+00
 7.7152E+04  4.6195E-03  3.3319E-03  4.6707E-03  7.2462E-03  1.0000E+00
 7.7743E+04  4.6292E-03  3.3117E-03  4.6801E-03  7.2056E-03  1.0000E+00
 7.8338E+04  4.6390E-03  3.2917E-03  4.6896E-03  7.1653E-03  1.0000E+00
 7.8938E+04  4.6488E-03  3.2718E-03  4.6992E-03  7.1253E-03  1.0000E+00
 7.9543E+04  4.6587E-03  3.2521E-03  4.7088E-03  7.0857E-03  1.0000E+00
 8.0152E+04  4.6687E-03  3.2325E-03  4.7185E-03  7.0463E-03  1.0000E+00
 8.0766E+04  4.6788E-03  3.2131E-03  4.7283E-03  7.0073E-03  1.0000E+00
 8.1384E+04  4.6890E-03  3.1938E-03  4.7382E-03  6.9686E-03  1.0000E+00
 8.2008E+04  4.6992E-03  3.1746E-03  4.7482E-03  6.9302E-03  1.0000E+00
 8.2636E+04  4.7095E-03  3.1556E-03  4.7582E-03  6.8921E-03  1.0000E+00
 8.3268E+04  4.7200E-03  3.1368E-03  4.7684E-03  6.8543E-03  1.0000E+00
 8.3906E+04  4.7305E-03  3.1181E-03  4.7786E-03  6.8168E-03  1.0000E+00
 8.4549E+04  4.7411E-03  3.0995E-03  4.7890E-03  6.7796E-03  1.0000E+00
 8.5196E+04  4.7517E-03  3.0811E-03  4.7994E-03  6.7428E-03  1.0000E+00
 8.5849E+04  4.7625E-03  3.0628E-03  4.8099E-03  6.7062E-03  1.0000E+00
 8.6506E+04  4.7734E-03  3.0446E-03  4.8205E-03  6.6699E-03  1.0000E+00
 8.7169E+04  4.7843E-03  3.0266E-03  4.8312E-03  6.6339E-03  1.0000E+00
 8.7836E+04  4.7954E-03  3.0087E-03  4.8420E-03  6.5981E-03  1.0000E+00
 8.8509E+04  4.8065E-03  2.9910E-03  4.8529E-03  6.5627E-03  1.0000E+00
 8.9187E+04  4.8177E-03  2.9734E-03  4.8638E-03  6.5276E-03  1.0000E+00
 8.9870E+04  4.8290E-03  2.9559E-03  4.8749E-03  6.4927E-03  1.0000E+00
 9.0558E+04  4.8405E-03  2.9385E-03  4.8861E-03  6.4581E-03  1.0000E+00
 9.1252E+04  4.8520E-03  2.9213E-03  4.8974E-03  6.4238E-03  1.0000E+00
 9.1950E+04  4.8636E-03  2.9042E-03  4.9087E-03  6.3898E-03  1.0000E+00
 9.2655E+04  4.8753E-03  2.8873E-03  4.9202E-03  6.3561E-03  1.0000E+00
 9.3364E+04  4.8871E-03  2.8704E-03  4.9318E-03  6.3226E-03  1.0000E+00
 9.4079E+04  4.8990E-03  2.8537E-03  4.9435E-03  6.2894E-03  1.0000E+00
 9.4800E+04  4.9110E-03  2.8372E-03  4.9552E-03  6.2565E-03  1.0000E+00
 9.5526E+04  4.9232E-03  2.8207E-03  4.9671E-03  6.2238E-03  1.0000E+00
 9.6257E+04  4.9354E-03  2.8044E-03  4.9791E-03  6.1914E-03  1.0000E+00
 9.6994E+04  4.9477E-03  2.7882E-03  4.9912E-03  6.1593E-03  1.0000E+00
 9.7737E+04  4.9601E-03  2.7721E-03  5.0034E-03  6.1274E-03  1.0000E+00
 9.8486E+04  4.9727E-03  2.7561E-03  5.0157E-03  6.0958E-03  1.0000E+00
 9.9240E+04  4.9853E-03  2.7403E-03  5.0281E-03  6.0645E-03  1.0000E+00
 1.0000E+05  4.9981E-03  2.7246E-03  5.0407E-03  6.0334E-03  1.0000E+00


