#     0	 1	    2	 3	 6.9369E+01	 1000	1
 4.8978E+01  0.0000E+00  0.0000E+00  0.0000E+00  0.0000E+00  0.0000E+00
 4.9353E+01  0.0000E+00  0.0000E+00  0.0000E+00  0.0000E+00  0.0000E+00
 4.9731E+01  0.0000E+00  0.0000E+00  0.0000E+00  0.0000E+00  0.0000E+00
 5.0112E+01  0.0000E+00  0.0000E+00  0.0000E+00  0.0000E+00  0.0000E+00
 5.0496E+01  0.0000E+00  0.0000E+00  0.0000E+00  0.0000E+00  0.0000E+00
 5.0882E+01  0.0000E+00  0.0000E+00  0.0000E+00  0.0000E+00  0.0000E+00
 5.1272E+01  0.0000E+00  0.0000E+00  0.0000E+00  0.0000E+00  0.0000E+00
 5.1665E+01  0.0000E+00  0.0000E+00  0.0000E+00  0.0000E+00  0.0000E+00
 5.2060E+01  0.0000E+00  0.0000E+00  0.0000E+00  0.0000E+00  0.0000E+00
 5.2459E+01  0.0000E+00  0.0000E+00  0.0000E+00  0.0000E+00  0.0000E+00
 5.2861E+01  0.0000E+00  0.0000E+00  0.0000E+00  0.0000E+00  0.0000E+00
 5.3266E+01  0.0000E+00  0.0000E+00  0.0000E+00  0.0000E+00  0.0000E+00
 5.3673E+01  0.0000E+00  0.0000E+00  0.0000E+00  0.0000E+00  0.0000E+00
 5.4085E+01  0.0000E+00  0.0000E+00  0.0000E+00  0.0000E+00  0.0000E+00
 5.4499E+01  0.0000E+00  0.0000E+00  0.0000E+00  0.0000E+00  0.0000E+00
 5.4916E+01  0.0000E+00  0.0000E+00  0.0000E+00  0.0000E+00  0.0000E+00
 5.5337E+01  0.0000E+00  0.0000E+00  0.0000E+00  0.0000E+00  0.0000E+00
 5.5760E+01  0.0000E+00  0.0000E+00  0.0000E+00  0.0000E+00  0.0000E+00
 5.6187E+01  0.0000E+00  0.0000E+00  0.0000E+00  0.0000E+00  0.0000E+00
 5.6618E+01  0.0000E+00  0.0000E+00  0.0000E+00  0.0000E+00  0.0000E+00
 5.7051E+01  0.0000E+00  0.0000E+00  0.0000E+00  0.0000E+00  0.0000E+00
 5.7488E+01  0.0000E+00  0.0000E+00  0.0000E+00  0.0000E+00  0.0000E+00
 5.7929E+01  0.0000E+00  0.0000E+00  0.0000E+00  0.0000E+00  0.0000E+00
 5.8372E+01  0.0000E+00  0.0000E+00  0.0000E+00  0.0000E+00  0.0000E+00
 5.8819E+01  0.0000E+00  0.0000E+00  0.0000E+00  0.0000E+00  0.0000E+00
 5.9270E+01  0.0000E+00  0.0000E+00  0.0000E+00  0.0000E+00  0.0000E+00
 5.9724E+01  0.0000E+00  0.0000E+00  0.0000E+00  0.0000E+00  0.0000E+00
 6.0181E+01  0.0000E+00  0.0000E+00  0.0000E+00  0.0000E+00  0.0000E+00
 6.0642E+01  0.0000E+00  0.0000E+00  0.0000E+00  0.0000E+00  0.0000E+00
 6.1106E+01  0.0000E+00  0.0000E+00  0.0000E+00  0.0000E+00  0.0000E+00
 6.1574E+01  0.0000E+00  0.0000E+00  0.0000E+00  0.0000E+00  0.0000E+00
 6.2046E+01  0.0000E+00  0.0000E+00  0.0000E+00  0.0000E+00  0.0000E+00
 6.2521E+01  0.0000E+00  0.0000E+00  0.0000E+00  0.0000E+00  0.0000E+00
 6.3000E+01  0.0000E+00  0.0000E+00  0.0000E+00  0.0000E+00  0.0000E+00
 6.3482E+01  0.0000E+00  0.0000E+00  0.0000E+00  0.0000E+00  0.0000E+00
 6.3968E+01  0.0000E+00  0.0000E+00  0.0000E+00  0.0000E+00  0.0000E+00
 6.4458E+01  0.0000E+00  0.0000E+00  0.0000E+00  0.0000E+00  0.0000E+00
 6.4952E+01  0.0000E+00  0.0000E+00  0.0000E+00  0.0000E+00  0.0000E+00
 6.5449E+01  0.0000E+00  0.0000E+00  0.0000E+00  0.0000E+00  0.0000E+00
 6.5951E+01  0.0000E+00  0.0000E+00  0.0000E+00  0.0000E+00  0.0000E+00
 6.6456E+01  0.0000E+00  0.0000E+00  0.0000E+00  0.0000E+00  0.0000E+00
 6.6965E+01  0.0000E+00  0.0000E+00  0.0000E+00  0.0000E+00  0.0000E+00
 6.7478E+01  0.0000E+00  0.0000E+00  0.0000E+00  0.0000E+00  0.0000E+00
 6.7994E+01  0.0000E+00  0.0000E+00  0.0000E+00  0.0000E+00  0.0000E+00
 6.8515E+01  0.0000E+00  0.0000E+00  0.0000E+00  0.0000E+00  0.0000E+00
 6.9040E+01  0.0000E+00  0.0000E+00  0.0000E+00  0.0000E+00  0.0000E+00
 6.9568E+01  1.0625E+00  9.1393E+02  6.8532E-01  1.1511E+03  1.0000E+00
 7.0101E+01  1.0628E+00  9.0731E+02  6.8789E-01  1.1468E+03  1.0000E+00
 7.0638E+01  1.0632E+00  9.0073E+02  6.9045E-01  1.1425E+03  1.0000E+00
 7.1179E+01  1.0636E+00  8.9420E+02  6.9302E-01  1.1383E+03  1.0000E+00
 7.1724E+01  1.0640E+00  8.8772E+02  6.9558E-01  1.1340E+03  1.0000E+00
 7.2273E+01  1.0643E+00  8.8128E+02  6.9815E-01  1.1297E+03  1.0000E+00
 7.2827E+01  1.0647E+00  8.7489E+02  7.0071E-01  1.1254E+03  1.0000E+00
 7.3385E+01  1.0651E+00  8.6855E+02  7.0328E-01  1.1212E+03  1.0000E+00
 7.3947E+01  1.0655E+00  8.6226E+02  7.0584E-01  1.1169E+03  1.0000E+00
 7.4513E+01  1.0659E+00  8.5601E+02  7.0841E-01  1.1126E+03  1.0000E+00
 7.5084E+01  1.0663E+00  8.4982E+02  7.1097E-01  1.1083E+03  1.0000E+00
 7.5659E+01  1.0666E+00  8.4367E+02  7.1354E-01  1.1040E+03  1.0000E+00
 7.6238E+01  1.0670E+00  8.3757E+02  7.1610E-01  1.0998E+03  1.0000E+00
 7.6822E+01  1.0674E+00  8.3151E+02  7.1867E-01  1.0955E+03  1.0000E+00
 7.7410E+01  1.0678E+00  8.2550E+02  7.2123E-01  1.0912E+03  1.0000E+00
 7.8003E+01  1.0682E+00  8.1954E+02  7.2380E-01  1.0869E+03  1.0000E+00
 7.8601E+01  1.0687E+00  8.1362E+02  7.2636E-01  1.0827E+03  1.0000E+00
 7.9202E+01  1.0691E+00  8.0774E+02  7.2893E-01  1.0784E+03  1.0000E+00
 7.9809E+01  1.0695E+00  8.0191E+02  7.3149E-01  1.0741E+03  1.0000E+00
 8.0420E+01  1.0699E+00  7.9613E+02  7.3406E-01  1.0699E+03  1.0000E+00
 8.1036E+01  1.0703E+00  7.9039E+02  7.3662E-01  1.0656E+03  1.0000E+00
 8.1657E+01  1.0707E+00  7.8469E+02  7.3919E-01  1.0613E+03  1.0000E+00
 8.2282E+01  1.0712E+00  7.7904E+02  7.4175E-01  1.0571E+03  1.0000E+00
 8.2912E+01  1.0716E+00  7.7343E+02  7.4432E-01  1.0528E+03  1.0000E+00
 8.3547E+01  1.0720E+00  7.6786E+02  7.4688E-01  1.0486E+03  1.0000E+00
 8.4187E+01  1.0725E+00  7.6233E+02  7.4945E-01  1.0443E+03  1.0000E+00
 8.4832E+01  1.0729E+00  7.5685E+02  7.5202E-01  1.0401E+03  1.0000E+00
 8.5481E+01  1.0733E+00  7.5141E+02  7.5458E-01  1.0359E+03  1.0000E+00
 8.6136E+01  1.0738E+00  7.4600E+02  7.5715E-01  1.0316E+03  1.0000E+00
 8.6796E+01  1.0742E+00  7.4064E+02  7.5971E-01  1.0274E+03  1.0000E+00
 8.7460E+01  1.0747E+00  7.3532E+02  7.6228E-01  1.0232E+03  1.0000E+00
 8.8130E+01  1.0752E+00  7.3005E+02  7.6484E-01  1.0190E+03  1.0000E+00
 8.8805E+01  1.0756E+00  7.2481E+02  7.6741E-01  1.0148E+03  1.0000E+00
 8.9485E+01  1.0761E+00  7.1961E+02  7.6997E-01  1.0105E+03  1.0000E+00
 9.0171E+01  1.0765E+00  7.1445E+02  7.7254E-01  1.0063E+03  1.0000E+00
 9.0861E+01  1.0770E+00  7.0933E+02  7.7510E-01  1.0021E+03  1.0000E+00
 9.1557E+01  1.0775E+00  7.0424E+02  7.7767E-01  9.9795E+02  1.0000E+00
 9.2258E+01  1.0780E+00  6.9920E+02  7.8024E-01  9.9376E+02  1.0000E+00
 9.2965E+01  1.0784E+00  6.9419E+02  7.8280E-01  9.8958E+02  1.0000E+00
 9.3677E+01  1.0789E+00  6.8923E+02  7.8537E-01  9.8541E+02  1.0000E+00
 9.4394E+01  1.0794E+00  6.8430E+02  7.8793E-01  9.8124E+02  1.0000E+00
 9.5117E+01  1.0799E+00  6.7940E+02  7.9050E-01  9.7708E+02  1.0000E+00
 9.5845E+01  1.0804E+00  6.7455E+02  7.9306E-01  9.7292E+02  1.0000E+00
 9.6579E+01  1.0809E+00  6.6973E+02  7.9563E-01  9.6878E+02  1.0000E+00
 9.7319E+01  1.0814E+00  6.6495E+02  7.9820E-01  9.6463E+02  1.0000E+00
 9.8064E+01  1.0819E+00  6.6020E+02  8.0076E-01  9.6050E+02  1.0000E+00
 9.8815E+01  1.0824E+00  6.5549E+02  8.0333E-01  9.5637E+02  1.0000E+00
 9.9572E+01  1.0829E+00  6.5081E+02  8.0589E-01  9.5225E+02  1.0000E+00
 1.0033E+02  1.0834E+00  6.4617E+02  8.0846E-01  9.4814E+02  1.0000E+00
 1.0110E+02  1.0839E+00  6.4157E+02  8.1103E-01  9.4403E+02  1.0000E+00
 1.0188E+02  1.0845E+00  6.3700E+02  8.1359E-01  9.3993E+02  1.0000E+00
 1.0266E+02  1.0850E+00  6.3246E+02  8.1616E-01  9.3584E+02  1.0000E+00
 1.0344E+02  1.0855E+00  6.2796E+02  8.1872E-01  9.3176E+02  1.0000E+00
 1.0424E+02  1.0861E+00  6.2349E+02  8.2129E-01  9.2769E+02  1.0000E+00
 1.0503E+02  1.0866E+00  6.1906E+02  8.2386E-01  9.2362E+02  1.0000E+00
 1.0584E+02  1.0871E+00  6.1466E+02  8.2642E-01  9.1956E+02  1.0000E+00
 1.0665E+02  1.0877E+00  6.1029E+02  8.2899E-01  9.1551E+02  1.0000E+00
 1.0747E+02  1.0882E+00  6.0596E+02  8.3155E-01  9.1147E+02  1.0000E+00
 1.0829E+02  1.0888E+00  6.0166E+02  8.3412E-01  9.0743E+02  1.0000E+00
 1.0912E+02  1.0893E+00  5.9739E+02  8.3669E-01  9.0341E+02  1.0000E+00
 1.0995E+02  1.0899E+00  5.9315E+02  8.3925E-01  8.9939E+02  1.0000E+00
 1.1080E+02  1.0904E+00  5.8894E+02  8.4182E-01  8.9539E+02  1.0000E+00
 1.1164E+02  1.0910E+00  5.8477E+02  8.4439E-01  8.9139E+02  1.0000E+00
 1.1250E+02  1.0916E+00  5.8063E+02  8.4695E-01  8.8740E+02  1.0000E+00
 1.1336E+02  1.0921E+00  5.7651E+02  8.4952E-01  8.8342E+02  1.0000E+00
 1.1423E+02  1.0927E+00  5.7243E+02  8.5209E-01  8.7945E+02  1.0000E+00
 1.1510E+02  1.0933E+00  5.6838E+02  8.5465E-01  8.7548E+02  1.0000E+00
 1.1599E+02  1.0939E+00  5.6436E+02  8.5722E-01  8.7153E+02  1.0000E+00
 1.1687E+02  1.0945E+00  5.6038E+02  8.5978E-01  8.6759E+02  1.0000E+00
 1.1777E+02  1.0951E+00  5.5642E+02  8.6235E-01  8.6365E+02  1.0000E+00
 1.1867E+02  1.0957E+00  5.5249E+02  8.6492E-01  8.5973E+02  1.0000E+00
 1.1958E+02  1.0963E+00  5.4859E+02  8.6748E-01  8.5581E+02  1.0000E+00
 1.2050E+02  1.0969E+00  5.4472E+02  8.7005E-01  8.5191E+02  1.0000E+00
 1.2142E+02  1.0975E+00  5.4087E+02  8.7262E-01  8.4801E+02  1.0000E+00
 1.2235E+02  1.0981E+00  5.3706E+02  8.7518E-01  8.4413E+02  1.0000E+00
 1.2329E+02  1.0987E+00  5.3328E+02  8.7775E-01  8.4025E+02  1.0000E+00
 1.2423E+02  1.0993E+00  5.2952E+02  8.8032E-01  8.3639E+02  1.0000E+00
 1.2518E+02  1.0999E+00  5.2579E+02  8.8289E-01  8.3253E+02  1.0000E+00
 1.2614E+02  1.1005E+00  5.2209E+02  8.8545E-01  8.2869E+02  1.0000E+00
 1.2711E+02  1.1012E+00  5.1842E+02  8.8802E-01  8.2485E+02  1.0000E+00
 1.2808E+02  1.1018E+00  5.1477E+02  8.9059E-01  8.2103E+02  1.0000E+00
 1.2906E+02  1.1024E+00  5.1115E+02  8.9315E-01  8.1722E+02  1.0000E+00
 1.3005E+02  1.1031E+00  5.0756E+02  8.9572E-01  8.1341E+02  1.0000E+00
 1.3104E+02  1.1037E+00  5.0400E+02  8.9829E-01  8.0962E+02  1.0000E+00
 1.3205E+02  1.1044E+00  5.0046E+02  9.0085E-01  8.0584E+02  1.0000E+00
 1.3306E+02  1.1050E+00  4.9695E+02  9.0342E-01  8.0207E+02  1.0000E+00
 1.3408E+02  1.1057E+00  4.9347E+02  9.0599E-01  7.9831E+02  1.0000E+00
 1.3510E+02  1.1063E+00  4.9001E+02  9.0856E-01  7.9456E+02  1.0000E+00
 1.3614E+02  1.1070E+00  4.8658E+02  9.1112E-01  7.9082E+02  1.0000E+00
 1.3718E+02  1.1077E+00  4.8317E+02  9.1369E-01  7.8709E+02  1.0000E+00
 1.3823E+02  1.1083E+00  4.7979E+02  9.1626E-01  7.8337E+02  1.0000E+00
 1.3929E+02  1.1090E+00  4.7643E+02  9.1883E-01  7.7966E+02  1.0000E+00
 1.4036E+02  1.1097E+00  4.7310E+02  9.2139E-01  7.7597E+02  1.0000E+00
 1.4143E+02  1.1104E+00  4.6979E+02  9.2396E-01  7.7228E+02  1.0000E+00
 1.4252E+02  1.1111E+00  4.6651E+02  9.2653E-01  7.6861E+02  1.0000E+00
 1.4361E+02  1.1118E+00  4.6326E+02  9.2910E-01  7.6495E+02  1.0000E+00
 1.4471E+02  1.1125E+00  4.6003E+02  9.3166E-01  7.6130E+02  1.0000E+00
 1.4582E+02  1.1132E+00  4.5682E+02  9.3423E-01  7.5766E+02  1.0000E+00
 1.4693E+02  1.1139E+00  4.5363E+02  9.3680E-01  7.5403E+02  1.0000E+00
 1.4806E+02  1.1146E+00  4.5047E+02  9.3937E-01  7.5041E+02  1.0000E+00
 1.4919E+02  1.1153E+00  4.4734E+02  9.4193E-01  7.4681E+02  1.0000E+00
 1.5033E+02  1.1160E+00  4.4423E+02  9.4450E-01  7.4321E+02  1.0000E+00
 1.5149E+02  1.1168E+00  4.4114E+02  9.4707E-01  7.3963E+02  1.0000E+00
 1.5265E+02  1.1175E+00  4.3807E+02  9.4964E-01  7.3606E+02  1.0000E+00
 1.5381E+02  1.1182E+00  4.3503E+02  9.5221E-01  7.3250E+02  1.0000E+00
 1.5499E+02  1.1190E+00  4.3201E+02  9.5477E-01  7.2895E+02  1.0000E+00
 1.5618E+02  1.1197E+00  4.2901E+02  9.5734E-01  7.2541E+02  1.0000E+00
 1.5738E+02  1.1205E+00  4.2604E+02  9.5991E-01  7.2188E+02  1.0000E+00
 1.5858E+02  1.1212E+00  4.2308E+02  9.6248E-01  7.1837E+02  1.0000E+00
 1.5980E+02  1.1220E+00  4.2015E+02  9.6505E-01  7.1487E+02  1.0000E+00
 1.6102E+02  1.1228E+00  4.1724E+02  9.6762E-01  7.1138E+02  1.0000E+00
 1.6225E+02  1.1235E+00  4.1436E+02  9.7018E-01  7.0790E+02  1.0000E+00
 1.6349E+02  1.1243E+00  4.1149E+02  9.7275E-01  7.0443E+02  1.0000E+00
 1.6475E+02  1.1251E+00  4.0865E+02  9.7532E-01  7.0098E+02  1.0000E+00
 1.6601E+02  1.1259E+00  4.0582E+02  9.7789E-01  6.9753E+02  1.0000E+00
 1.6728E+02  1.1267E+00  4.0302E+02  9.8046E-01  6.9410E+02  1.0000E+00
 1.6856E+02  1.1275E+00  4.0024E+02  9.8303E-01  6.9068E+02  1.0000E+00
 1.6985E+02  1.1283E+00  3.9748E+02  9.8559E-01  6.8727E+02  1.0000E+00
 1.7115E+02  1.1291E+00  3.9474E+02  9.8816E-01  6.8388E+02  1.0000E+00
 1.7246E+02  1.1299E+00  3.9202E+02  9.9073E-01  6.8049E+02  1.0000E+00
 1.7378E+02  1.1307E+00  3.8932E+02  9.9330E-01  6.7712E+02  1.0000E+00
 1.7511E+02  1.1315E+00  3.8664E+02  9.9587E-01  6.7376E+02  1.0000E+00
 1.7646E+02  1.1323E+00  3.8398E+02  9.9844E-01  6.7041E+02  1.0000E+00
 1.7781E+02  1.1332E+00  3.8134E+02  1.0010E+00  6.6707E+02  1.0000E+00
 1.7917E+02  1.1340E+00  3.7872E+02  1.0036E+00  6.6375E+02  1.0000E+00
 1.8054E+02  1.1348E+00  3.7612E+02  1.0061E+00  6.6043E+02  1.0000E+00
 1.8192E+02  1.1357E+00  3.7354E+02  1.0087E+00  6.5713E+02  1.0000E+00
 1.8332E+02  1.1365E+00  3.7097E+02  1.0113E+00  6.5384E+02  1.0000E+00
 1.8472E+02  1.1374E+00  3.6843E+02  1.0139E+00  6.5057E+02  1.0000E+00
 1.8614E+02  1.1382E+00  3.6591E+02  1.0164E+00  6.4730E+02  1.0000E+00
 1.8756E+02  1.1391E+00  3.6340E+02  1.0190E+00  6.4405E+02  1.0000E+00
 1.8900E+02  1.1400E+00  3.6091E+02  1.0216E+00  6.4081E+02  1.0000E+00
 1.9045E+02  1.1408E+00  3.5844E+02  1.0241E+00  6.3758E+02  1.0000E+00
 1.9190E+02  1.1417E+00  3.5599E+02  1.0267E+00  6.3436E+02  1.0000E+00
 1.9337E+02  1.1426E+00  3.5356E+02  1.0293E+00  6.3116E+02  1.0000E+00
 1.9485E+02  1.1435E+00  3.5114E+02  1.0318E+00  6.2796E+02  1.0000E+00
 1.9635E+02  1.1444E+00  3.4875E+02  1.0344E+00  6.2478E+02  1.0000E+00
 1.9785E+02  1.1453E+00  3.4637E+02  1.0370E+00  6.2161E+02  1.0000E+00
 1.9937E+02  1.1462E+00  3.4400E+02  1.0396E+00  6.1846E+02  1.0000E+00
 2.0089E+02  1.1471E+00  3.4166E+02  1.0421E+00  6.1531E+02  1.0000E+00
 2.0243E+02  1.1480E+00  3.3933E+02  1.0447E+00  6.1218E+02  1.0000E+00
 2.0398E+02  1.1489E+00  3.3702E+02  1.0473E+00  6.0906E+02  1.0000E+00
 2.0554E+02  1.1498E+00  3.3473E+02  1.0498E+00  6.0595E+02  1.0000E+00
 2.0712E+02  1.1508E+00  3.3245E+02  1.0524E+00  6.0285E+02  1.0000E+00
 2.0870E+02  1.1517E+00  3.3019E+02  1.0550E+00  5.9977E+02  1.0000E+00
 2.1030E+02  1.1526E+00  3.2795E+02  1.0575E+00  5.9669E+02  1.0000E+00
 2.1191E+02  1.1536E+00  3.2572E+02  1.0601E+00  5.9363E+02  1.0000E+00
 2.1354E+02  1.1545E+00  3.2351E+02  1.0627E+00  5.9058E+02  1.0000E+00
 2.1517E+02  1.1555E+00  3.2132E+02  1.0653E+00  5.8755E+02  1.0000E+00
 2.1682E+02  1.1564E+00  3.1914E+02  1.0678E+00  5.8452E+02  1.0000E+00
 2.1848E+02  1.1574E+00  3.1698E+02  1.0704E+00  5.8151E+02  1.0000E+00
 2.2015E+02  1.1584E+00  3.1483E+02  1.0730E+00  5.7851E+02  1.0000E+00
 2.2184E+02  1.1593E+00  3.1270E+02  1.0755E+00  5.7552E+02  1.0000E+00
 2.2354E+02  1.1603E+00  3.1058E+02  1.0781E+00  5.7254E+02  1.0000E+00
 2.2525E+02  1.1613E+00  3.0848E+02  1.0807E+00  5.6958E+02  1.0000E+00
 2.2697E+02  1.1623E+00  3.0640E+02  1.0832E+00  5.6663E+02  1.0000E+00
 2.2871E+02  1.1633E+00  3.0433E+02  1.0858E+00  5.6369E+02  1.0000E+00
 2.3046E+02  1.1643E+00  3.0227E+02  1.0884E+00  5.6076E+02  1.0000E+00
 2.3223E+02  1.1653E+00  3.0024E+02  1.0910E+00  5.5784E+02  1.0000E+00
 2.3401E+02  1.1663E+00  2.9821E+02  1.0935E+00  5.5493E+02  1.0000E+00
 2.3580E+02  1.1673E+00  2.9620E+02  1.0961E+00  5.5204E+02  1.0000E+00
 2.3761E+02  1.1683E+00  2.9421E+02  1.0987E+00  5.4916E+02  1.0000E+00
 2.3942E+02  1.1694E+00  2.9223E+02  1.1012E+00  5.4629E+02  1.0000E+00
 2.4126E+02  1.1704E+00  2.9026E+02  1.1038E+00  5.4343E+02  1.0000E+00
 2.4311E+02  1.1714E+00  2.8831E+02  1.1064E+00  5.4059E+02  1.0000E+00
 2.4497E+02  1.1725E+00  2.8637E+02  1.1090E+00  5.3775E+02  1.0000E+00
 2.4684E+02  1.1735E+00  2.8445E+02  1.1115E+00  5.3493E+02  1.0000E+00
 2.4873E+02  1.1746E+00  2.8254E+02  1.1141E+00  5.3212E+02  1.0000E+00
 2.5064E+02  1.1756E+00  2.8064E+02  1.1167E+00  5.2932E+02  1.0000E+00
 2.5256E+02  1.1767E+00  2.7876E+02  1.1193E+00  5.2654E+02  1.0000E+00
 2.5449E+02  1.1777E+00  2.7689E+02  1.1218E+00  5.2376E+02  1.0000E+00
 2.5644E+02  1.1788E+00  2.7504E+02  1.1244E+00  5.2100E+02  1.0000E+00
 2.5841E+02  1.1799E+00  2.7320E+02  1.1270E+00  5.1825E+02  1.0000E+00
 2.6038E+02  1.1810E+00  2.7137E+02  1.1295E+00  5.1551E+02  1.0000E+00
 2.6238E+02  1.1821E+00  2.6955E+02  1.1321E+00  5.1278E+02  1.0000E+00
 2.6439E+02  1.1832E+00  2.6775E+02  1.1347E+00  5.1006E+02  1.0000E+00
 2.6641E+02  1.1843E+00  2.6596E+02  1.1373E+00  5.0736E+02  1.0000E+00
 2.6845E+02  1.1854E+00  2.6419E+02  1.1398E+00  5.0466E+02  1.0000E+00
 2.7051E+02  1.1865E+00  2.6243E+02  1.1424E+00  5.0198E+02  1.0000E+00
 2.7258E+02  1.1876E+00  2.6068E+02  1.1450E+00  4.9931E+02  1.0000E+00
 2.7467E+02  1.1887E+00  2.5894E+02  1.1476E+00  4.9665E+02  1.0000E+00
 2.7677E+02  1.1899E+00  2.5722E+02  1.1501E+00  4.9401E+02  1.0000E+00
 2.7889E+02  1.1910E+00  2.5551E+02  1.1527E+00  4.9137E+02  1.0000E+00
 2.8103E+02  1.1922E+00  2.5381E+02  1.1553E+00  4.8875E+02  1.0000E+00
 2.8318E+02  1.1933E+00  2.5212E+02  1.1578E+00  4.8614E+02  1.0000E+00
 2.8535E+02  1.1945E+00  2.5045E+02  1.1604E+00  4.8353E+02  1.0000E+00
 2.8753E+02  1.1956E+00  2.4879E+02  1.1630E+00  4.8095E+02  1.0000E+00
 2.8974E+02  1.1968E+00  2.4714E+02  1.1656E+00  4.7837E+02  1.0000E+00
 2.9195E+02  1.1980E+00  2.4550E+02  1.1681E+00  4.7580E+02  1.0000E+00
 2.9419E+02  1.1992E+00  2.4388E+02  1.1707E+00  4.7325E+02  1.0000E+00
 2.9644E+02  1.2004E+00  2.4226E+02  1.1733E+00  4.7070E+02  1.0000E+00
 2.9871E+02  1.2016E+00  2.4066E+02  1.1759E+00  4.6817E+02  1.0000E+00
 3.0100E+02  1.2028E+00  2.3907E+02  1.1784E+00  4.6565E+02  1.0000E+00
 3.0331E+02  1.2040E+00  2.3750E+02  1.1810E+00  4.6314E+02  1.0000E+00
 3.0563E+02  1.2052E+00  2.3593E+02  1.1836E+00  4.6064E+02  1.0000E+00
 3.0797E+02  1.2064E+00  2.3437E+02  1.1862E+00  4.5815E+02  1.0000E+00
 3.1033E+02  1.2077E+00  2.3283E+02  1.1887E+00  4.5567E+02  1.0000E+00
 3.1271E+02  1.2089E+00  2.3130E+02  1.1913E+00  4.5321E+02  1.0000E+00
 3.1510E+02  1.2102E+00  2.2978E+02  1.1939E+00  4.5076E+02  1.0000E+00
 3.1751E+02  1.2114E+00  2.2827E+02  1.1965E+00  4.4831E+02  1.0000E+00
 3.1994E+02  1.2127E+00  2.2677E+02  1.1990E+00  4.4588E+02  1.0000E+00
 3.2240E+02  1.2139E+00  2.2528E+02  1.2016E+00  4.4346E+02  1.0000E+00
 3.2486E+02  1.2152E+00  2.2380E+02  1.2042E+00  4.4105E+02  1.0000E+00
 3.2735E+02  1.2165E+00  2.2233E+02  1.2068E+00  4.3865E+02  1.0000E+00
 3.2986E+02  1.2178E+00  2.2088E+02  1.2093E+00  4.3626E+02  1.0000E+00
 3.3239E+02  1.2191E+00  2.1943E+02  1.2119E+00  4.3389E+02  1.0000E+00
 3.3493E+02  1.2204E+00  2.1799E+02  1.2145E+00  4.3152E+02  1.0000E+00
 3.3750E+02  1.2217E+00  2.1657E+02  1.2171E+00  4.2917E+02  1.0000E+00
 3.4008E+02  1.2230E+00  2.1516E+02  1.2197E+00  4.2682E+02  1.0000E+00
 3.4268E+02  1.2243E+00  2.1375E+02  1.2222E+00  4.2449E+02  1.0000E+00
 3.4531E+02  1.2257E+00  2.1236E+02  1.2248E+00  4.2217E+02  1.0000E+00
 3.4795E+02  1.2270E+00  2.1097E+02  1.2274E+00  4.1985E+02  1.0000E+00
 3.5062E+02  1.2284E+00  2.0960E+02  1.2300E+00  4.1755E+02  1.0000E+00
 3.5330E+02  1.2297E+00  2.0823E+02  1.2325E+00  4.1526E+02  1.0000E+00
 3.5601E+02  1.2311E+00  2.0688E+02  1.2351E+00  4.1298E+02  1.0000E+00
 3.5874E+02  1.2324E+00  2.0553E+02  1.2377E+00  4.1071E+02  1.0000E+00
 3.6148E+02  1.2338E+00  2.0420E+02  1.2403E+00  4.0846E+02  1.0000E+00
 3.6425E+02  1.2352E+00  2.0287E+02  1.2428E+00  4.0621E+02  1.0000E+00
 3.6704E+02  1.2366E+00  2.0156E+02  1.2454E+00  4.0397E+02  1.0000E+00
 3.6985E+02  1.2380E+00  2.0025E+02  1.2480E+00  4.0175E+02  1.0000E+00
 3.7268E+02  1.2394E+00  1.9896E+02  1.2506E+00  3.9953E+02  1.0000E+00
 3.7554E+02  1.2408E+00  1.9767E+02  1.2532E+00  3.9732E+02  1.0000E+00
 3.7841E+02  1.2422E+00  1.9639E+02  1.2557E+00  3.9513E+02  1.0000E+00
 3.8131E+02  1.2437E+00  1.9512E+02  1.2583E+00  3.9294E+02  1.0000E+00
 3.8423E+02  1.2451E+00  1.9386E+02  1.2609E+00  3.9077E+02  1.0000E+00
 3.8718E+02  1.2465E+00  1.9261E+02  1.2635E+00  3.8861E+02  1.0000E+00
 3.9014E+02  1.2480E+00  1.9137E+02  1.2661E+00  3.8645E+02  1.0000E+00
 3.9313E+02  1.2494E+00  1.9013E+02  1.2686E+00  3.8431E+02  1.0000E+00
 3.9614E+02  1.2509E+00  1.8891E+02  1.2712E+00  3.8218E+02  1.0000E+00
 3.9917E+02  1.2524E+00  1.8769E+02  1.2738E+00  3.8005E+02  1.0000E+00
 4.0223E+02  1.2539E+00  1.8649E+02  1.2764E+00  3.7794E+02  1.0000E+00
 4.0531E+02  1.2554E+00  1.8529E+02  1.2789E+00  3.7584E+02  1.0000E+00
 4.0841E+02  1.2569E+00  1.8410E+02  1.2815E+00  3.7375E+02  1.0000E+00
 4.1154E+02  1.2584E+00  1.8292E+02  1.2841E+00  3.7166E+02  1.0000E+00
 4.1469E+02  1.2599E+00  1.8175E+02  1.2867E+00  3.6959E+02  1.0000E+00
 4.1787E+02  1.2614E+00  1.8058E+02  1.2893E+00  3.6753E+02  1.0000E+00
 4.2107E+02  1.2629E+00  1.7943E+02  1.2918E+00  3.6548E+02  1.0000E+00
 4.2429E+02  1.2645E+00  1.7828E+02  1.2944E+00  3.6344E+02  1.0000E+00
 4.2754E+02  1.2660E+00  1.7714E+02  1.2970E+00  3.6140E+02  1.0000E+00
 4.3082E+02  1.2675E+00  1.7601E+02  1.2996E+00  3.5938E+02  1.0000E+00
 4.3412E+02  1.2691E+00  1.7488E+02  1.3022E+00  3.5737E+02  1.0000E+00
 4.3744E+02  1.2707E+00  1.7377E+02  1.3048E+00  3.5537E+02  1.0000E+00
 4.4079E+02  1.2722E+00  1.7266E+02  1.3073E+00  3.5337E+02  1.0000E+00
 4.4417E+02  1.2738E+00  1.7156E+02  1.3099E+00  3.5139E+02  1.0000E+00
 4.4757E+02  1.2754E+00  1.7047E+02  1.3125E+00  3.4942E+02  1.0000E+00
 4.5100E+02  1.2770E+00  1.6939E+02  1.3151E+00  3.4745E+02  1.0000E+00
 4.5445E+02  1.2786E+00  1.6831E+02  1.3177E+00  3.4550E+02  1.0000E+00
 4.5793E+02  1.2802E+00  1.6724E+02  1.3202E+00  3.4356E+02  1.0000E+00
 4.6144E+02  1.2819E+00  1.6618E+02  1.3228E+00  3.4162E+02  1.0000E+00
 4.6497E+02  1.2835E+00  1.6513E+02  1.3254E+00  3.3970E+02  1.0000E+00
 4.6853E+02  1.2851E+00  1.6408E+02  1.3280E+00  3.3778E+02  1.0000E+00
 4.7212E+02  1.2868E+00  1.6304E+02  1.3306E+00  3.3587E+02  1.0000E+00
 4.7574E+02  1.2885E+00  1.6201E+02  1.3332E+00  3.3398E+02  1.0000E+00
 4.7938E+02  1.2901E+00  1.6099E+02  1.3357E+00  3.3209E+02  1.0000E+00
 4.8305E+02  1.2918E+00  1.5997E+02  1.3383E+00  3.3021E+02  1.0000E+00
 4.8675E+02  1.2935E+00  1.5896E+02  1.3409E+00  3.2835E+02  1.0000E+00
 4.9048E+02  1.2952E+00  1.5796E+02  1.3435E+00  3.2649E+02  1.0000E+00
 4.9424E+02  1.2969E+00  1.5696E+02  1.3461E+00  3.2464E+02  1.0000E+00
 4.9802E+02  1.2986E+00  1.5597E+02  1.3487E+00  3.2280E+02  1.0000E+00
 5.0183E+02  1.3003E+00  1.5499E+02  1.3512E+00  3.2097E+02  1.0000E+00
 5.0568E+02  1.3020E+00  1.5402E+02  1.3538E+00  3.1914E+02  1.0000E+00
 5.0955E+02  1.3037E+00  1.5305E+02  1.3564E+00  3.1733E+02  1.0000E+00
 5.1345E+02  1.3055E+00  1.5209E+02  1.3590E+00  3.1553E+02  1.0000E+00
 5.1738E+02  1.3072E+00  1.5113E+02  1.3616E+00  3.1373E+02  1.0000E+00
 5.2135E+02  1.3090E+00  1.5019E+02  1.3642E+00  3.1195E+02  1.0000E+00
 5.2534E+02  1.3108E+00  1.4925E+02  1.3668E+00  3.1017E+02  1.0000E+00
 5.2936E+02  1.3125E+00  1.4831E+02  1.3693E+00  3.0840E+02  1.0000E+00
 5.3342E+02  1.3143E+00  1.4738E+02  1.3719E+00  3.0665E+02  1.0000E+00
 5.3750E+02  1.3161E+00  1.4646E+02  1.3745E+00  3.0490E+02  1.0000E+00
 5.4162E+02  1.3179E+00  1.4555E+02  1.3771E+00  3.0316E+02  1.0000E+00
 5.4577E+02  1.3197E+00  1.4464E+02  1.3797E+00  3.0142E+02  1.0000E+00
 5.4995E+02  1.3215E+00  1.4374E+02  1.3823E+00  2.9970E+02  1.0000E+00
 5.5416E+02  1.3234E+00  1.4284E+02  1.3849E+00  2.9799E+02  1.0000E+00
 5.5840E+02  1.3252E+00  1.4195E+02  1.3875E+00  2.9628E+02  1.0000E+00
 5.6268E+02  1.3270E+00  1.4107E+02  1.3900E+00  2.9459E+02  1.0000E+00
 5.6699E+02  1.3289E+00  1.4019E+02  1.3926E+00  2.9290E+02  1.0000E+00
 5.7133E+02  1.3308E+00  1.3932E+02  1.3952E+00  2.9122E+02  1.0000E+00
 5.7571E+02  1.3326E+00  1.3845E+02  1.3978E+00  2.8955E+02  1.0000E+00
 5.8011E+02  1.3345E+00  1.3759E+02  1.4004E+00  2.8789E+02  1.0000E+00
 5.8456E+02  1.3364E+00  1.3674E+02  1.4030E+00  2.8623E+02  1.0000E+00
 5.8903E+02  1.3383E+00  1.3589E+02  1.4056E+00  2.8459E+02  1.0000E+00
 5.9354E+02  1.3402E+00  1.3505E+02  1.4082E+00  2.8295E+02  1.0000E+00
 5.9809E+02  1.3421E+00  1.3422E+02  1.4108E+00  2.8133E+02  1.0000E+00
 6.0267E+02  1.3440E+00  1.3339E+02  1.4133E+00  2.7971E+02  1.0000E+00
 6.0729E+02  1.3459E+00  1.3256E+02  1.4159E+00  2.7809E+02  1.0000E+00
 6.1194E+02  1.3479E+00  1.3174E+02  1.4185E+00  2.7649E+02  1.0000E+00
 6.1662E+02  1.3498E+00  1.3093E+02  1.4211E+00  2.7490E+02  1.0000E+00
 6.2135E+02  1.3518E+00  1.3012E+02  1.4237E+00  2.7331E+02  1.0000E+00
 6.2610E+02  1.3537E+00  1.2932E+02  1.4263E+00  2.7173E+02  1.0000E+00
 6.3090E+02  1.3557E+00  1.2852E+02  1.4289E+00  2.7016E+02  1.0000E+00
 6.3573E+02  1.3577E+00  1.2773E+02  1.4315E+00  2.6860E+02  1.0000E+00
 6.4060E+02  1.3597E+00  1.2694E+02  1.4341E+00  2.6705E+02  1.0000E+00
 6.4551E+02  1.3616E+00  1.2616E+02  1.4367E+00  2.6551E+02  1.0000E+00
 6.5045E+02  1.3637E+00  1.2539E+02  1.4393E+00  2.6397E+02  1.0000E+00
 6.5543E+02  1.3657E+00  1.2462E+02  1.4419E+00  2.6244E+02  1.0000E+00
 6.6045E+02  1.3677E+00  1.2385E+02  1.4444E+00  2.6092E+02  1.0000E+00
 6.6551E+02  1.3697E+00  1.2309E+02  1.4470E+00  2.5941E+02  1.0000E+00
 6.7060E+02  1.3717E+00  1.2234E+02  1.4496E+00  2.5790E+02  1.0000E+00
 6.7574E+02  1.3738E+00  1.2159E+02  1.4522E+00  2.5640E+02  1.0000E+00
 6.8092E+02  1.3758E+00  1.2085E+02  1.4548E+00  2.5491E+02  1.0000E+00
 6.8613E+02  1.3779E+00  1.2011E+02  1.4574E+00  2.5343E+02  1.0000E+00
 6.9138E+02  1.3800E+00  1.1937E+02  1.4600E+00  2.5196E+02  1.0000E+00
 6.9668E+02  1.3821E+00  1.1864E+02  1.4626E+00  2.5049E+02  1.0000E+00
 7.0201E+02  1.3841E+00  1.1792E+02  1.4652E+00  2.4904E+02  1.0000E+00
 7.0739E+02  1.3862E+00  1.1720E+02  1.4678E+00  2.4759E+02  1.0000E+00
 7.1281E+02  1.3883E+00  1.1648E+02  1.4704E+00  2.4614E+02  1.0000E+00
 7.1827E+02  1.3905E+00  1.1577E+02  1.4730E+00  2.4471E+02  1.0000E+00
 7.2377E+02  1.3926E+00  1.1507E+02  1.4756E+00  2.4328E+02  1.0000E+00
 7.2931E+02  1.3947E+00  1.1437E+02  1.4782E+00  2.4186E+02  1.0000E+00
 7.3490E+02  1.3969E+00  1.1367E+02  1.4808E+00  2.4045E+02  1.0000E+00
 7.4052E+02  1.3990E+00  1.1298E+02  1.4834E+00  2.3905E+02  1.0000E+00
 7.4620E+02  1.4012E+00  1.1229E+02  1.4860E+00  2.3765E+02  1.0000E+00
 7.5191E+02  1.4033E+00  1.1161E+02  1.4886E+00  2.3626E+02  1.0000E+00
 7.5767E+02  1.4055E+00  1.1094E+02  1.4912E+00  2.3488E+02  1.0000E+00
 7.6347E+02  1.4077E+00  1.1026E+02  1.4938E+00  2.3350E+02  1.0000E+00
 7.6932E+02  1.4099E+00  1.0959E+02  1.4964E+00  2.3214E+02  1.0000E+00
 7.7521E+02  1.4121E+00  1.0893E+02  1.4990E+00  2.3078E+02  1.0000E+00
 7.8115E+02  1.4143E+00  1.0827E+02  1.5016E+00  2.2942E+02  1.0000E+00
 7.8713E+02  1.4165E+00  1.0762E+02  1.5042E+00  2.2808E+02  1.0000E+00
 7.9316E+02  1.4187E+00  1.0696E+02  1.5068E+00  2.2674E+02  1.0000E+00
 7.9923E+02  1.4209E+00  1.0632E+02  1.5094E+00  2.2541E+02  1.0000E+00
 8.0535E+02  1.4232E+00  1.0568E+02  1.5120E+00  2.2408E+02  1.0000E+00
 8.1152E+02  1.4254E+00  1.0504E+02  1.5146E+00  2.2277E+02  1.0000E+00
 8.1774E+02  1.4277E+00  1.0440E+02  1.5172E+00  2.2146E+02  1.0000E+00
 8.2400E+02  1.4300E+00  1.0377E+02  1.5198E+00  2.2016E+02  1.0000E+00
 8.3031E+02  1.4322E+00  1.0315E+02  1.5224E+00  2.1886E+02  1.0000E+00
 8.3667E+02  1.4345E+00  1.0253E+02  1.5250E+00  2.1757E+02  1.0000E+00
 8.4307E+02  1.4368E+00  1.0191E+02  1.5276E+00  2.1629E+02  1.0000E+00
 8.4953E+02  1.4391E+00  1.0130E+02  1.5302E+00  2.1502E+02  1.0000E+00
 8.5604E+02  1.4414E+00  1.0069E+02  1.5328E+00  2.1375E+02  1.0000E+00
 8.6259E+02  1.4437E+00  1.0008E+02  1.5354E+00  2.1249E+02  1.0000E+00
 8.6920E+02  1.4461E+00  9.9482E+01  1.5380E+00  2.1123E+02  1.0000E+00
 8.7586E+02  1.4484E+00  9.8885E+01  1.5406E+00  2.0999E+02  1.0000E+00
 8.8256E+02  1.4508E+00  9.8292E+01  1.5432E+00  2.0875E+02  1.0000E+00
 8.8932E+02  1.4531E+00  9.7703E+01  1.5458E+00  2.0751E+02  1.0000E+00
 8.9613E+02  1.4555E+00  9.7117E+01  1.5484E+00  2.0629E+02  1.0000E+00
 9.0300E+02  1.4578E+00  9.6535E+01  1.5510E+00  2.0507E+02  1.0000E+00
 9.0991E+02  1.4602E+00  9.5957E+01  1.5537E+00  2.0385E+02  1.0000E+00
 9.1688E+02  1.4626E+00  9.5383E+01  1.5563E+00  2.0265E+02  1.0000E+00
 9.2390E+02  1.4650E+00  9.4813E+01  1.5589E+00  2.0145E+02  1.0000E+00
 9.3098E+02  1.4674E+00  9.4246E+01  1.5615E+00  2.0025E+02  1.0000E+00
 9.3811E+02  1.4698E+00  9.3683E+01  1.5641E+00  1.9907E+02  1.0000E+00
 9.4529E+02  1.4723E+00  9.3124E+01  1.5667E+00  1.9789E+02  1.0000E+00
 9.5253E+02  1.4747E+00  9.2568E+01  1.5693E+00  1.9671E+02  1.0000E+00
 9.5983E+02  1.4771E+00  9.2015E+01  1.5719E+00  1.9555E+02  1.0000E+00
 9.6718E+02  1.4796E+00  9.1467E+01  1.5745E+00  1.9438E+02  1.0000E+00
 9.7458E+02  1.4820E+00  9.0921E+01  1.5771E+00  1.9323E+02  1.0000E+00
 9.8205E+02  1.4845E+00  9.0379E+01  1.5797E+00  1.9208E+02  1.0000E+00
 9.8957E+02  1.4870E+00  8.9841E+01  1.5824E+00  1.9094E+02  1.0000E+00
 9.9715E+02  1.4894E+00  8.9306E+01  1.5850E+00  1.8980E+02  1.0000E+00
 1.0048E+03  1.4919E+00  8.8774E+01  1.5876E+00  1.8867E+02  1.0000E+00
 1.0125E+03  1.4944E+00  8.8246E+01  1.5902E+00  1.8755E+02  1.0000E+00
 1.0202E+03  1.4969E+00  8.7721E+01  1.5928E+00  1.8643E+02  1.0000E+00
 1.0280E+03  1.4994E+00  8.7199E+01  1.5954E+00  1.8532E+02  1.0000E+00
 1.0359E+03  1.5019E+00  8.6681E+01  1.5980E+00  1.8422E+02  1.0000E+00
 1.0439E+03  1.5044E+00  8.6166E+01  1.6007E+00  1.8312E+02  1.0000E+00
 1.0518E+03  1.5070E+00  8.5654E+01  1.6033E+00  1.8203E+02  1.0000E+00
 1.0599E+03  1.5095E+00  8.5145E+01  1.6059E+00  1.8094E+02  1.0000E+00
 1.0680E+03  1.5120E+00  8.4640E+01  1.6085E+00  1.7986E+02  1.0000E+00
 1.0762E+03  1.5146E+00  8.4137E+01  1.6111E+00  1.7879E+02  1.0000E+00
 1.0844E+03  1.5171E+00  8.3638E+01  1.6137E+00  1.7772E+02  1.0000E+00
 1.0927E+03  1.5197E+00  8.3142E+01  1.6164E+00  1.7666E+02  1.0000E+00
 1.1011E+03  1.5223E+00  8.2649E+01  1.6190E+00  1.7560E+02  1.0000E+00
 1.1095E+03  1.5249E+00  8.2160E+01  1.6216E+00  1.7455E+02  1.0000E+00
 1.1180E+03  1.5275E+00  8.1673E+01  1.6242E+00  1.7351E+02  1.0000E+00
 1.1266E+03  1.5301E+00  8.1189E+01  1.6268E+00  1.7247E+02  1.0000E+00
 1.1352E+03  1.5327E+00  8.0709E+01  1.6295E+00  1.7144E+02  1.0000E+00
 1.1439E+03  1.5353E+00  8.0231E+01  1.6321E+00  1.7041E+02  1.0000E+00
 1.1527E+03  1.5379E+00  7.9756E+01  1.6347E+00  1.6939E+02  1.0000E+00
 1.1615E+03  1.5405E+00  7.9285E+01  1.6373E+00  1.6837E+02  1.0000E+00
 1.1704E+03  1.5431E+00  7.8816E+01  1.6400E+00  1.6736E+02  1.0000E+00
 1.1794E+03  1.5458E+00  7.8350E+01  1.6426E+00  1.6636E+02  1.0000E+00
 1.1884E+03  1.5484E+00  7.7888E+01  1.6452E+00  1.6536E+02  1.0000E+00
 1.1975E+03  1.5511E+00  7.7428E+01  1.6478E+00  1.6437E+02  1.0000E+00
 1.2067E+03  1.5538E+00  7.6970E+01  1.6505E+00  1.6338E+02  1.0000E+00
 1.2159E+03  1.5564E+00  7.6516E+01  1.6531E+00  1.6240E+02  1.0000E+00
 1.2252E+03  1.5591E+00  7.6065E+01  1.6557E+00  1.6142E+02  1.0000E+00
 1.2346E+03  1.5618E+00  7.5616E+01  1.6583E+00  1.6045E+02  1.0000E+00
 1.2441E+03  1.5645E+00  7.5170E+01  1.6610E+00  1.5948E+02  1.0000E+00
 1.2536E+03  1.5672E+00  7.4727E+01  1.6636E+00  1.5852E+02  1.0000E+00
 1.2632E+03  1.5699E+00  7.4287E+01  1.6662E+00  1.5757E+02  1.0000E+00
 1.2729E+03  1.5726E+00  7.3850E+01  1.6688E+00  1.5662E+02  1.0000E+00
 1.2826E+03  1.5754E+00  7.3415E+01  1.6715E+00  1.5568E+02  1.0000E+00
 1.2924E+03  1.5781E+00  7.2983E+01  1.6741E+00  1.5474E+02  1.0000E+00
 1.3023E+03  1.5809E+00  7.2553E+01  1.6767E+00  1.5381E+02  1.0000E+00
 1.3123E+03  1.5836E+00  7.2126E+01  1.6794E+00  1.5288E+02  1.0000E+00
 1.3224E+03  1.5864E+00  7.1702E+01  1.6820E+00  1.5196E+02  1.0000E+00
 1.3325E+03  1.5891E+00  7.1281E+01  1.6846E+00  1.5104E+02  1.0000E+00
 1.3427E+03  1.5919E+00  7.0862E+01  1.6873E+00  1.5013E+02  1.0000E+00
 1.3530E+03  1.5947E+00  7.0446E+01  1.6899E+00  1.4922E+02  1.0000E+00
 1.3633E+03  1.5975E+00  7.0032E+01  1.6925E+00  1.4832E+02  1.0000E+00
 1.3738E+03  1.6003E+00  6.9621E+01  1.6952E+00  1.4742E+02  1.0000E+00
 1.3843E+03  1.6031E+00  6.9212E+01  1.6978E+00  1.4653E+02  1.0000E+00
 1.3949E+03  1.6059E+00  6.8806E+01  1.7004E+00  1.4565E+02  1.0000E+00
 1.4056E+03  1.6087E+00  6.8403E+01  1.7031E+00  1.4476E+02  1.0000E+00
 1.4164E+03  1.6116E+00  6.8002E+01  1.7057E+00  1.4389E+02  1.0000E+00
 1.4272E+03  1.6144E+00  6.7603E+01  1.7084E+00  1.4302E+02  1.0000E+00
 1.4381E+03  1.6173E+00  6.7207E+01  1.7110E+00  1.4215E+02  1.0000E+00
 1.4491E+03  1.6201E+00  6.6813E+01  1.7136E+00  1.4129E+02  1.0000E+00
 1.4602E+03  1.6230E+00  6.6422E+01  1.7163E+00  1.4043E+02  1.0000E+00
 1.4714E+03  1.6259E+00  6.6033E+01  1.7189E+00  1.3958E+02  1.0000E+00
 1.4827E+03  1.6287E+00  6.5647E+01  1.7216E+00  1.3874E+02  1.0000E+00
 1.4940E+03  1.6316E+00  6.5263E+01  1.7242E+00  1.3789E+02  1.0000E+00
 1.5055E+03  1.6345E+00  6.4881E+01  1.7269E+00  1.3706E+02  1.0000E+00
 1.5170E+03  1.6374E+00  6.4501E+01  1.7295E+00  1.3623E+02  1.0000E+00
 1.5286E+03  1.6403E+00  6.4124E+01  1.7321E+00  1.3540E+02  1.0000E+00
 1.5403E+03  1.6433E+00  6.3750E+01  1.7348E+00  1.3458E+02  1.0000E+00
 1.5521E+03  1.6462E+00  6.3377E+01  1.7374E+00  1.3376E+02  1.0000E+00
 1.5640E+03  1.6491E+00  6.3007E+01  1.7401E+00  1.3295E+02  1.0000E+00
 1.5760E+03  1.6521E+00  6.2639E+01  1.7427E+00  1.3214E+02  1.0000E+00
 1.5881E+03  1.6550E+00  6.2274E+01  1.7454E+00  1.3133E+02  1.0000E+00
 1.6002E+03  1.6580E+00  6.1910E+01  1.7480E+00  1.3053E+02  1.0000E+00
 1.6125E+03  1.6610E+00  6.1549E+01  1.7507E+00  1.2974E+02  1.0000E+00
 1.6248E+03  1.6639E+00  6.1190E+01  1.7533E+00  1.2895E+02  1.0000E+00
 1.6373E+03  1.6669E+00  6.0834E+01  1.7560E+00  1.2816E+02  1.0000E+00
 1.6498E+03  1.6699E+00  6.0479E+01  1.7586E+00  1.2738E+02  1.0000E+00
 1.6625E+03  1.6729E+00  6.0127E+01  1.7613E+00  1.2661E+02  1.0000E+00
 1.6752E+03  1.6760E+00  5.9776E+01  1.7640E+00  1.2584E+02  1.0000E+00
 1.6880E+03  1.6790E+00  5.9428E+01  1.7666E+00  1.2507E+02  1.0000E+00
 1.7009E+03  1.6820E+00  5.9082E+01  1.7693E+00  1.2431E+02  1.0000E+00
 1.7140E+03  1.6850E+00  5.8738E+01  1.7719E+00  1.2355E+02  1.0000E+00
 1.7271E+03  1.6881E+00  5.8397E+01  1.7746E+00  1.2279E+02  1.0000E+00
 1.7403E+03  1.6913E+00  5.8061E+01  1.7772E+00  1.2204E+02  1.0000E+00
 1.7537E+03  1.6946E+00  5.7732E+01  1.7799E+00  1.2130E+02  1.0000E+00
 1.7671E+03  1.6979E+00  5.7404E+01  1.7826E+00  1.2056E+02  1.0000E+00
 1.7806E+03  1.7012E+00  5.7078E+01  1.7852E+00  1.1982E+02  1.0000E+00
 1.7943E+03  1.7045E+00  5.6753E+01  1.7879E+00  1.1909E+02  1.0000E+00
 1.8080E+03  1.7078E+00  5.6430E+01  1.7906E+00  1.1836E+02  1.0000E+00
 1.8218E+03  1.7111E+00  5.6108E+01  1.7932E+00  1.1764E+02  1.0000E+00
 1.8358E+03  1.7144E+00  5.5788E+01  1.7959E+00  1.1692E+02  1.0000E+00
 1.8499E+03  1.7176E+00  5.5469E+01  1.7986E+00  1.1620E+02  1.0000E+00
 1.8640E+03  1.7209E+00  5.5152E+01  1.8012E+00  1.1549E+02  1.0000E+00
 1.8783E+03  1.7242E+00  5.4837E+01  1.8039E+00  1.1478E+02  1.0000E+00
 1.8927E+03  1.7275E+00  5.4522E+01  1.8066E+00  1.1408E+02  1.0000E+00
 1.9072E+03  1.7307E+00  5.4210E+01  1.8092E+00  1.1338E+02  1.0000E+00
 1.9218E+03  1.7340E+00  5.3898E+01  1.8119E+00  1.1269E+02  1.0000E+00
 1.9365E+03  1.7373E+00  5.3588E+01  1.8146E+00  1.1200E+02  1.0000E+00
 1.9513E+03  1.7405E+00  5.3280E+01  1.8172E+00  1.1131E+02  1.0000E+00
 1.9663E+03  1.7438E+00  5.2973E+01  1.8199E+00  1.1063E+02  1.0000E+00
 1.9813E+03  1.7470E+00  5.2668E+01  1.8226E+00  1.0995E+02  1.0000E+00
 1.9965E+03  1.7503E+00  5.2364E+01  1.8253E+00  1.0928E+02  1.0000E+00
 2.0118E+03  1.7535E+00  5.2062E+01  1.8279E+00  1.0861E+02  1.0000E+00
 2.0272E+03  1.7568E+00  5.1761E+01  1.8306E+00  1.0794E+02  1.0000E+00
 2.0427E+03  1.7600E+00  5.1461E+01  1.8333E+00  1.0728E+02  1.0000E+00
 2.0584E+03  1.7632E+00  5.1163E+01  1.8360E+00  1.0662E+02  1.0000E+00
 2.0741E+03  1.7665E+00  5.0867E+01  1.8387E+00  1.0596E+02  1.0000E+00
 2.0900E+03  1.7697E+00  5.0572E+01  1.8413E+00  1.0531E+02  1.0000E+00
 2.1060E+03  1.7729E+00  5.0278E+01  1.8440E+00  1.0466E+02  1.0000E+00
 2.1222E+03  1.7762E+00  4.9986E+01  1.8467E+00  1.0402E+02  1.0000E+00
 2.1384E+03  1.7794E+00  4.9695E+01  1.8494E+00  1.0338E+02  1.0000E+00
 2.1548E+03  1.7826E+00  4.9406E+01  1.8521E+00  1.0275E+02  1.0000E+00
 2.1713E+03  1.7858E+00  4.9118E+01  1.8548E+00  1.0211E+02  1.0000E+00
 2.1879E+03  1.7890E+00  4.8831E+01  1.8575E+00  1.0148E+02  1.0000E+00
 2.2047E+03  1.7922E+00  4.8546E+01  1.8602E+00  1.0086E+02  1.0000E+00
 2.2216E+03  1.7954E+00  4.8263E+01  1.8629E+00  1.0024E+02  1.0000E+00
 2.2386E+03  1.7986E+00  4.7980E+01  1.8655E+00  9.9622E+01  1.0000E+00
 2.2557E+03  1.8018E+00  4.7700E+01  1.8682E+00  9.9008E+01  1.0000E+00
 2.2730E+03  1.8050E+00  4.7420E+01  1.8709E+00  9.8398E+01  1.0000E+00
 2.2904E+03  1.8082E+00  4.7142E+01  1.8736E+00  9.7792E+01  1.0000E+00
 2.3079E+03  1.8114E+00  4.6866E+01  1.8763E+00  9.7189E+01  1.0000E+00
 2.3256E+03  1.8146E+00  4.6591E+01  1.8790E+00  9.6590E+01  1.0000E+00
 2.3434E+03  1.8178E+00  4.6317E+01  1.8817E+00  9.5994E+01  1.0000E+00
 2.3614E+03  1.8210E+00  4.6045E+01  1.8844E+00  9.5402E+01  1.0000E+00
 2.3794E+03  1.8241E+00  4.5774E+01  1.8871E+00  9.4813E+01  1.0000E+00
 2.3977E+03  1.8273E+00  4.5504E+01  1.8898E+00  9.4228E+01  1.0000E+00
 2.4160E+03  1.8305E+00  4.5236E+01  1.8925E+00  9.3646E+01  1.0000E+00
 2.4345E+03  1.8337E+00  4.4969E+01  1.8952E+00  9.3068E+01  1.0000E+00
 2.4532E+03  1.8368E+00  4.4704E+01  1.8979E+00  9.2493E+01  1.0000E+00
 2.4720E+03  1.8400E+00  4.4440E+01  1.9007E+00  9.1922E+01  1.0000E+00
 2.4909E+03  1.8432E+00  4.4177E+01  1.9034E+00  9.1354E+01  1.0000E+00
 2.5100E+03  1.8464E+00  4.3916E+01  1.9061E+00  9.0790E+01  1.0000E+00
 2.5292E+03  1.8495E+00  4.3656E+01  1.9088E+00  9.0229E+01  1.0000E+00
 2.5486E+03  1.8527E+00  4.3397E+01  1.9115E+00  8.9671E+01  1.0000E+00
 2.5681E+03  1.8558E+00  4.3140E+01  1.9142E+00  8.9116E+01  1.0000E+00
 2.5878E+03  1.8590E+00  4.2884E+01  1.9169E+00  8.8565E+01  1.0000E+00
 2.6076E+03  1.8621E+00  4.2630E+01  1.9197E+00  8.8017E+01  1.0000E+00
 2.6275E+03  1.8653E+00  4.2377E+01  1.9224E+00  8.7473E+01  1.0000E+00
 2.6477E+03  1.8685E+00  4.2125E+01  1.9251E+00  8.6931E+01  1.0000E+00
 2.6679E+03  1.8716E+00  4.1874E+01  1.9278E+00  8.6393E+01  1.0000E+00
 2.6884E+03  1.8747E+00  4.1625E+01  1.9305E+00  8.5858E+01  1.0000E+00
 2.7090E+03  1.8779E+00  4.1377E+01  1.9333E+00  8.5326E+01  1.0000E+00
 2.7297E+03  1.8810E+00  4.1131E+01  1.9360E+00  8.4798E+01  1.0000E+00
 2.7506E+03  1.8842E+00  4.0885E+01  1.9387E+00  8.4273E+01  1.0000E+00
 2.7717E+03  1.8873E+00  4.0642E+01  1.9415E+00  8.3750E+01  1.0000E+00
 2.7929E+03  1.8905E+00  4.0399E+01  1.9442E+00  8.3231E+01  1.0000E+00
 2.8143E+03  1.8936E+00  4.0158E+01  1.9469E+00  8.2715E+01  1.0000E+00
 2.8358E+03  1.8967E+00  3.9917E+01  1.9496E+00  8.2203E+01  1.0000E+00
 2.8576E+03  1.8999E+00  3.9679E+01  1.9524E+00  8.1693E+01  1.0000E+00
 2.8794E+03  1.9030E+00  3.9441E+01  1.9551E+00  8.1186E+01  1.0000E+00
 2.9015E+03  1.9061E+00  3.9205E+01  1.9579E+00  8.0682E+01  1.0000E+00
 2.9237E+03  1.9093E+00  3.8970E+01  1.9606E+00  8.0182E+01  1.0000E+00
 2.9461E+03  1.9124E+00  3.8736E+01  1.9633E+00  7.9684E+01  1.0000E+00
 2.9687E+03  1.9155E+00  3.8504E+01  1.9661E+00  7.9190E+01  1.0000E+00
 2.9914E+03  1.9186E+00  3.8273E+01  1.9688E+00  7.8698E+01  1.0000E+00
 3.0143E+03  1.9218E+00  3.8043E+01  1.9716E+00  7.8209E+01  1.0000E+00
 3.0374E+03  1.9249E+00  3.7814E+01  1.9743E+00  7.7723E+01  1.0000E+00
 3.0607E+03  1.9280E+00  3.7587E+01  1.9771E+00  7.7241E+01  1.0000E+00
 3.0841E+03  1.9311E+00  3.7361E+01  1.9798E+00  7.6761E+01  1.0000E+00
 3.1077E+03  1.9343E+00  3.7136E+01  1.9826E+00  7.6284E+01  1.0000E+00
 3.1315E+03  1.9374E+00  3.6912E+01  1.9853E+00  7.5810E+01  1.0000E+00
 3.1555E+03  1.9405E+00  3.6690E+01  1.9881E+00  7.5338E+01  1.0000E+00
 3.1797E+03  1.9436E+00  3.6469E+01  1.9909E+00  7.4870E+01  1.0000E+00
 3.2040E+03  1.9467E+00  3.6249E+01  1.9936E+00  7.4404E+01  1.0000E+00
 3.2286E+03  1.9498E+00  3.6030E+01  1.9964E+00  7.3942E+01  1.0000E+00
 3.2533E+03  1.9530E+00  3.5812E+01  1.9991E+00  7.3482E+01  1.0000E+00
 3.2782E+03  1.9561E+00  3.5596E+01  2.0019E+00  7.3025E+01  1.0000E+00
 3.3033E+03  1.9592E+00  3.5381E+01  2.0047E+00  7.2570E+01  1.0000E+00
 3.3286E+03  1.9623E+00  3.5167E+01  2.0074E+00  7.2119E+01  1.0000E+00
 3.3541E+03  1.9654E+00  3.4954E+01  2.0102E+00  7.1670E+01  1.0000E+00
 3.3798E+03  1.9685E+00  3.4742E+01  2.0130E+00  7.1223E+01  1.0000E+00
 3.4057E+03  1.9716E+00  3.4532E+01  2.0158E+00  7.0780E+01  1.0000E+00
 3.4317E+03  1.9747E+00  3.4322E+01  2.0185E+00  7.0339E+01  1.0000E+00
 3.4580E+03  1.9778E+00  3.4114E+01  2.0213E+00  6.9901E+01  1.0000E+00
 3.4845E+03  1.9809E+00  3.3907E+01  2.0241E+00  6.9466E+01  1.0000E+00
 3.5112E+03  1.9840E+00  3.3702E+01  2.0269E+00  6.9033E+01  1.0000E+00
 3.5381E+03  1.9872E+00  3.3497E+01  2.0297E+00  6.8603E+01  1.0000E+00
 3.5652E+03  1.9903E+00  3.3293E+01  2.0325E+00  6.8175E+01  1.0000E+00
 3.5925E+03  1.9934E+00  3.3091E+01  2.0352E+00  6.7750E+01  1.0000E+00
 3.6200E+03  1.9965E+00  3.2890E+01  2.0380E+00  6.7328E+01  1.0000E+00
 3.6477E+03  1.9996E+00  3.2690E+01  2.0408E+00  6.6908E+01  1.0000E+00
 3.6757E+03  2.0027E+00  3.2491E+01  2.0436E+00  6.6491E+01  1.0000E+00
 3.7038E+03  2.0058E+00  3.2293E+01  2.0464E+00  6.6076E+01  1.0000E+00
 3.7322E+03  2.0089E+00  3.2096E+01  2.0492E+00  6.5664E+01  1.0000E+00
 3.7608E+03  2.0120E+00  3.1901E+01  2.0520E+00  6.5254E+01  1.0000E+00
 3.7896E+03  2.0151E+00  3.1706E+01  2.0548E+00  6.4847E+01  1.0000E+00
 3.8186E+03  2.0182E+00  3.1513E+01  2.0576E+00  6.4442E+01  1.0000E+00
 3.8478E+03  2.0213E+00  3.1320E+01  2.0604E+00  6.4040E+01  1.0000E+00
 3.8773E+03  2.0244E+00  3.1129E+01  2.0632E+00  6.3641E+01  1.0000E+00
 3.9070E+03  2.0275E+00  3.0939E+01  2.0660E+00  6.3243E+01  1.0000E+00
 3.9369E+03  2.0306E+00  3.0750E+01  2.0689E+00  6.2848E+01  1.0000E+00
 3.9671E+03  2.0337E+00  3.0562E+01  2.0717E+00  6.2456E+01  1.0000E+00
 3.9974E+03  2.0368E+00  3.0375E+01  2.0745E+00  6.2066E+01  1.0000E+00
 4.0281E+03  2.0399E+00  3.0189E+01  2.0773E+00  6.1678E+01  1.0000E+00
 4.0589E+03  2.0430E+00  3.0004E+01  2.0801E+00  6.1293E+01  1.0000E+00
 4.0900E+03  2.0461E+00  2.9821E+01  2.0830E+00  6.0910E+01  1.0000E+00
 4.1213E+03  2.0492E+00  2.9638E+01  2.0858E+00  6.0529E+01  1.0000E+00
 4.1529E+03  2.0523E+00  2.9457E+01  2.0886E+00  6.0151E+01  1.0000E+00
 4.1847E+03  2.0554E+00  2.9276E+01  2.0915E+00  5.9775E+01  1.0000E+00
 4.2167E+03  2.0585E+00  2.9096E+01  2.0943E+00  5.9402E+01  1.0000E+00
 4.2490E+03  2.0616E+00  2.8918E+01  2.0971E+00  5.9030E+01  1.0000E+00
 4.2816E+03  2.0648E+00  2.8740E+01  2.1000E+00  5.8661E+01  1.0000E+00
 4.3143E+03  2.0679E+00  2.8564E+01  2.1028E+00  5.8295E+01  1.0000E+00
 4.3474E+03  2.0710E+00  2.8389E+01  2.1057E+00  5.7930E+01  1.0000E+00
 4.3807E+03  2.0741E+00  2.8214E+01  2.1085E+00  5.7568E+01  1.0000E+00
 4.4142E+03  2.0772E+00  2.8041E+01  2.1114E+00  5.7208E+01  1.0000E+00
 4.4480E+03  2.0803E+00  2.7868E+01  2.1142E+00  5.6850E+01  1.0000E+00
 4.4821E+03  2.0834E+00  2.7697E+01  2.1171E+00  5.6494E+01  1.0000E+00
 4.5164E+03  2.0865E+00  2.7527E+01  2.1199E+00  5.6141E+01  1.0000E+00
 4.5510E+03  2.0896E+00  2.7357E+01  2.1228E+00  5.5790E+01  1.0000E+00
 4.5859E+03  2.0927E+00  2.7189E+01  2.1256E+00  5.5440E+01  1.0000E+00
 4.6210E+03  2.0958E+00  2.7021E+01  2.1285E+00  5.5094E+01  1.0000E+00
 4.6564E+03  2.0989E+00  2.6855E+01  2.1314E+00  5.4749E+01  1.0000E+00
 4.6920E+03  2.1021E+00  2.6689E+01  2.1342E+00  5.4406E+01  1.0000E+00
 4.7280E+03  2.1052E+00  2.6525E+01  2.1371E+00  5.4065E+01  1.0000E+00
 4.7642E+03  2.1083E+00  2.6361E+01  2.1400E+00  5.3727E+01  1.0000E+00
 4.8007E+03  2.1114E+00  2.6199E+01  2.1429E+00  5.3391E+01  1.0000E+00
 4.8374E+03  2.1145E+00  2.6037E+01  2.1458E+00  5.3056E+01  1.0000E+00
 4.8745E+03  2.1176E+00  2.5876E+01  2.1486E+00  5.2724E+01  1.0000E+00
 4.9118E+03  2.1208E+00  2.5716E+01  2.1515E+00  5.2394E+01  1.0000E+00
 4.9494E+03  2.1239E+00  2.5558E+01  2.1544E+00  5.2066E+01  1.0000E+00
 4.9873E+03  2.1270E+00  2.5400E+01  2.1573E+00  5.1740E+01  1.0000E+00
 5.0255E+03  2.1301E+00  2.5243E+01  2.1602E+00  5.1416E+01  1.0000E+00
 5.0640E+03  2.1332E+00  2.5087E+01  2.1631E+00  5.1094E+01  1.0000E+00
 5.1028E+03  2.1364E+00  2.4932E+01  2.1660E+00  5.0774E+01  1.0000E+00
 5.1419E+03  2.1395E+00  2.4777E+01  2.1689E+00  5.0455E+01  1.0000E+00
 5.1812E+03  2.1426E+00  2.4624E+01  2.1718E+00  5.0139E+01  1.0000E+00
 5.2209E+03  2.1458E+00  2.4472E+01  2.1747E+00  4.9825E+01  1.0000E+00
 5.2609E+03  2.1489E+00  2.4320E+01  2.1776E+00  4.9513E+01  1.0000E+00
 5.3012E+03  2.1520E+00  2.4169E+01  2.1806E+00  4.9203E+01  1.0000E+00
 5.3418E+03  2.1552E+00  2.4020E+01  2.1835E+00  4.8894E+01  1.0000E+00
 5.3827E+03  2.1583E+00  2.3871E+01  2.1864E+00  4.8588E+01  1.0000E+00
 5.4239E+03  2.1614E+00  2.3723E+01  2.1893E+00  4.8283E+01  1.0000E+00
 5.4655E+03  2.1646E+00  2.3576E+01  2.1923E+00  4.7981E+01  1.0000E+00
 5.5073E+03  2.1677E+00  2.3430E+01  2.1952E+00  4.7680E+01  1.0000E+00
 5.5495E+03  2.1708E+00  2.3284E+01  2.1981E+00  4.7381E+01  1.0000E+00
 5.5920E+03  2.1740E+00  2.3140E+01  2.2011E+00  4.7084E+01  1.0000E+00
 5.6348E+03  2.1771E+00  2.2996E+01  2.2040E+00  4.6789E+01  1.0000E+00
 5.6780E+03  2.1803E+00  2.2854E+01  2.2070E+00  4.6496E+01  1.0000E+00
 5.7215E+03  2.1834E+00  2.2712E+01  2.2099E+00  4.6204E+01  1.0000E+00
 5.7653E+03  2.1866E+00  2.2571E+01  2.2129E+00  4.5914E+01  1.0000E+00
 5.8094E+03  2.1897E+00  2.2430E+01  2.2158E+00  4.5626E+01  1.0000E+00
 5.8539E+03  2.1929E+00  2.2291E+01  2.2188E+00  4.5340E+01  1.0000E+00
 5.8988E+03  2.1960E+00  2.2153E+01  2.2218E+00  4.5056E+01  1.0000E+00
 5.9439E+03  2.1992E+00  2.2015E+01  2.2247E+00  4.4773E+01  1.0000E+00
 5.9895E+03  2.2024E+00  2.1878E+01  2.2277E+00  4.4493E+01  1.0000E+00
 6.0353E+03  2.2055E+00  2.1742E+01  2.2307E+00  4.4214E+01  1.0000E+00
 6.0815E+03  2.2087E+00  2.1607E+01  2.2337E+00  4.3936E+01  1.0000E+00
 6.1281E+03  2.2119E+00  2.1472E+01  2.2366E+00  4.3661E+01  1.0000E+00
 6.1751E+03  2.2150E+00  2.1339E+01  2.2396E+00  4.3387E+01  1.0000E+00
 6.2223E+03  2.2182E+00  2.1206E+01  2.2426E+00  4.3115E+01  1.0000E+00
 6.2700E+03  2.2214E+00  2.1074E+01  2.2456E+00  4.2845E+01  1.0000E+00
 6.3180E+03  2.2246E+00  2.0943E+01  2.2486E+00  4.2576E+01  1.0000E+00
 6.3664E+03  2.2277E+00  2.0812E+01  2.2516E+00  4.2309E+01  1.0000E+00
 6.4152E+03  2.2309E+00  2.0682E+01  2.2546E+00  4.2043E+01  1.0000E+00
 6.4643E+03  2.2341E+00  2.0554E+01  2.2576E+00  4.1780E+01  1.0000E+00
 6.5138E+03  2.2373E+00  2.0426E+01  2.2606E+00  4.1518E+01  1.0000E+00
 6.5637E+03  2.2405E+00  2.0298E+01  2.2636E+00  4.1257E+01  1.0000E+00
 6.6139E+03  2.2437E+00  2.0172E+01  2.2667E+00  4.0998E+01  1.0000E+00
 6.6646E+03  2.2469E+00  2.0046E+01  2.2697E+00  4.0741E+01  1.0000E+00
 6.7156E+03  2.2501E+00  1.9921E+01  2.2727E+00  4.0486E+01  1.0000E+00
 6.7671E+03  2.2533E+00  1.9797E+01  2.2758E+00  4.0232E+01  1.0000E+00
 6.8189E+03  2.2565E+00  1.9673E+01  2.2788E+00  3.9980E+01  1.0000E+00
 6.8711E+03  2.2597E+00  1.9550E+01  2.2818E+00  3.9729E+01  1.0000E+00
 6.9237E+03  2.2629E+00  1.9428E+01  2.2849E+00  3.9480E+01  1.0000E+00
 6.9768E+03  2.2661E+00  1.9307E+01  2.2879E+00  3.9232E+01  1.0000E+00
 7.0302E+03  2.2693E+00  1.9186E+01  2.2910E+00  3.8986E+01  1.0000E+00
 7.0840E+03  2.2725E+00  1.9067E+01  2.2941E+00  3.8741E+01  1.0000E+00
 7.1383E+03  2.2758E+00  1.8948E+01  2.2971E+00  3.8498E+01  1.0000E+00
 7.1929E+03  2.2790E+00  1.8829E+01  2.3002E+00  3.8257E+01  1.0000E+00
 7.2480E+03  2.2822E+00  1.8712E+01  2.3033E+00  3.8017E+01  1.0000E+00
 7.3035E+03  2.2855E+00  1.8595E+01  2.3063E+00  3.7779E+01  1.0000E+00
 7.3595E+03  2.2887E+00  1.8479E+01  2.3094E+00  3.7542E+01  1.0000E+00
 7.4158E+03  2.2919E+00  1.8363E+01  2.3125E+00  3.7306E+01  1.0000E+00
 7.4726E+03  2.2952E+00  1.8248E+01  2.3156E+00  3.7072E+01  1.0000E+00
 7.5299E+03  2.2984E+00  1.8134E+01  2.3187E+00  3.6840E+01  1.0000E+00
 7.5875E+03  2.3017E+00  1.8021E+01  2.3218E+00  3.6609E+01  1.0000E+00
 7.6456E+03  2.3049E+00  1.7908E+01  2.3249E+00  3.6379E+01  1.0000E+00
 7.7042E+03  2.3082E+00  1.7796E+01  2.3280E+00  3.6151E+01  1.0000E+00
 7.7632E+03  2.3114E+00  1.7685E+01  2.3311E+00  3.5925E+01  1.0000E+00
 7.8226E+03  2.3147E+00  1.7574E+01  2.3342E+00  3.5699E+01  1.0000E+00
 7.8825E+03  2.3180E+00  1.7464E+01  2.3374E+00  3.5476E+01  1.0000E+00
 7.9429E+03  2.3212E+00  1.7355E+01  2.3405E+00  3.5253E+01  1.0000E+00
 8.0037E+03  2.3245E+00  1.7246E+01  2.3436E+00  3.5032E+01  1.0000E+00
 8.0650E+03  2.3278E+00  1.7138E+01  2.3468E+00  3.4813E+01  1.0000E+00
 8.1268E+03  2.3311E+00  1.7031E+01  2.3499E+00  3.4595E+01  1.0000E+00
 8.1890E+03  2.3344E+00  1.6924E+01  2.3531E+00  3.4378E+01  1.0000E+00
 8.2518E+03  2.3377E+00  1.6819E+01  2.3562E+00  3.4162E+01  1.0000E+00
 8.3150E+03  2.3410E+00  1.6713E+01  2.3594E+00  3.3948E+01  1.0000E+00
 8.3786E+03  2.3443E+00  1.6609E+01  2.3625E+00  3.3735E+01  1.0000E+00
 8.4428E+03  2.3476E+00  1.6505E+01  2.3657E+00  3.3524E+01  1.0000E+00
 8.5075E+03  2.3509E+00  1.6401E+01  2.3689E+00  3.3314E+01  1.0000E+00
 8.5726E+03  2.3542E+00  1.6298E+01  2.3721E+00  3.3105E+01  1.0000E+00
 8.6383E+03  2.3575E+00  1.6196E+01  2.3753E+00  3.2898E+01  1.0000E+00
 8.7044E+03  2.3608E+00  1.6095E+01  2.3785E+00  3.2692E+01  1.0000E+00
 8.7711E+03  2.3642E+00  1.5994E+01  2.3816E+00  3.2487E+01  1.0000E+00
 8.8383E+03  2.3675E+00  1.5894E+01  2.3849E+00  3.2284E+01  1.0000E+00
 8.9059E+03  2.3708E+00  1.5794E+01  2.3881E+00  3.2082E+01  1.0000E+00
 8.9741E+03  2.3742E+00  1.5695E+01  2.3913E+00  3.1881E+01  1.0000E+00
 9.0429E+03  2.3775E+00  1.5597E+01  2.3945E+00  3.1681E+01  1.0000E+00
 9.1121E+03  2.3809E+00  1.5499E+01  2.3977E+00  3.1483E+01  1.0000E+00
 9.1819E+03  2.3842E+00  1.5402E+01  2.4010E+00  3.1286E+01  1.0000E+00
 9.2522E+03  2.3876E+00  1.5305E+01  2.4042E+00  3.1090E+01  1.0000E+00
 9.3231E+03  2.3910E+00  1.5209E+01  2.4074E+00  3.0895E+01  1.0000E+00
 9.3945E+03  2.3943E+00  1.5114E+01  2.4107E+00  3.0702E+01  1.0000E+00
 9.4664E+03  2.3977E+00  1.5019E+01  2.4140E+00  3.0510E+01  1.0000E+00
 9.5389E+03  2.4011E+00  1.4925E+01  2.4172E+00  3.0319E+01  1.0000E+00
 9.6120E+03  2.4045E+00  1.4832E+01  2.4205E+00  3.0129E+01  1.0000E+00
 9.6856E+03  2.4079E+00  1.4739E+01  2.4238E+00  2.9941E+01  1.0000E+00
 9.7598E+03  2.4113E+00  1.4646E+01  2.4270E+00  2.9754E+01  1.0000E+00
 9.8345E+03  2.4147E+00  1.4554E+01  2.4303E+00  2.9568E+01  1.0000E+00
 9.9098E+03  2.4181E+00  1.4463E+01  2.4336E+00  2.9383E+01  1.0000E+00
 9.9857E+03  2.4215E+00  1.4372E+01  2.4369E+00  2.9199E+01  1.0000E+00
 1.0062E+04  2.4249E+00  1.4282E+01  2.4402E+00  2.9017E+01  1.0000E+00
 1.0139E+04  2.4284E+00  1.4193E+01  2.4436E+00  2.8835E+01  1.0000E+00
 1.0217E+04  2.4318E+00  1.4104E+01  2.4469E+00  2.8655E+01  1.0000E+00
 1.0295E+04  2.4352E+00  1.4015E+01  2.4502E+00  2.8476E+01  1.0000E+00
 1.0374E+04  2.4387E+00  1.3927E+01  2.4535E+00  2.8298E+01  1.0000E+00
 1.0453E+04  2.4421E+00  1.3840E+01  2.4569E+00  2.8121E+01  1.0000E+00
 1.0533E+04  2.4456E+00  1.3753E+01  2.4602E+00  2.7946E+01  1.0000E+00
 1.0614E+04  2.4490E+00  1.3667E+01  2.4636E+00  2.7771E+01  1.0000E+00
 1.0695E+04  2.4525E+00  1.3581E+01  2.4669E+00  2.7598E+01  1.0000E+00
 1.0777E+04  2.4560E+00  1.3496E+01  2.4703E+00  2.7426E+01  1.0000E+00
 1.0860E+04  2.4595E+00  1.3411E+01  2.4737E+00  2.7254E+01  1.0000E+00
 1.0943E+04  2.4629E+00  1.3327E+01  2.4771E+00  2.7084E+01  1.0000E+00
 1.1027E+04  2.4664E+00  1.3243E+01  2.4805E+00  2.6915E+01  1.0000E+00
 1.1111E+04  2.4699E+00  1.3160E+01  2.4839E+00  2.6747E+01  1.0000E+00
 1.1196E+04  2.4734E+00  1.3078E+01  2.4873E+00  2.6581E+01  1.0000E+00
 1.1282E+04  2.4770E+00  1.2996E+01  2.4907E+00  2.6415E+01  1.0000E+00
 1.1369E+04  2.4805E+00  1.2914E+01  2.4941E+00  2.6250E+01  1.0000E+00
 1.1456E+04  2.4840E+00  1.2833E+01  2.4975E+00  2.6087E+01  1.0000E+00
 1.1543E+04  2.4875E+00  1.2753E+01  2.5010E+00  2.5924E+01  1.0000E+00
 1.1632E+04  2.4911E+00  1.2673E+01  2.5044E+00  2.5762E+01  1.0000E+00
 1.1721E+04  2.4946E+00  1.2593E+01  2.5079E+00  2.5602E+01  1.0000E+00
 1.1811E+04  2.4982E+00  1.2514E+01  2.5113E+00  2.5442E+01  1.0000E+00
 1.1901E+04  2.5018E+00  1.2436E+01  2.5148E+00  2.5284E+01  1.0000E+00
 1.1992E+04  2.5053E+00  1.2358E+01  2.5183E+00  2.5127E+01  1.0000E+00
 1.2084E+04  2.5089E+00  1.2280E+01  2.5217E+00  2.4970E+01  1.0000E+00
 1.2177E+04  2.5125E+00  1.2203E+01  2.5252E+00  2.4815E+01  1.0000E+00
 1.2270E+04  2.5161E+00  1.2127E+01  2.5287E+00  2.4660E+01  1.0000E+00
 1.2364E+04  2.5197E+00  1.2051E+01  2.5322E+00  2.4507E+01  1.0000E+00
 1.2458E+04  2.5233E+00  1.1975E+01  2.5358E+00  2.4354E+01  1.0000E+00
 1.2554E+04  2.5269E+00  1.1900E+01  2.5393E+00  2.4203E+01  1.0000E+00
 1.2650E+04  2.5305E+00  1.1825E+01  2.5428E+00  2.4053E+01  1.0000E+00
 1.2747E+04  2.5342E+00  1.1751E+01  2.5464E+00  2.3903E+01  1.0000E+00
 1.2845E+04  2.5378E+00  1.1678E+01  2.5499E+00  2.3754E+01  1.0000E+00
 1.2943E+04  2.5414E+00  1.1604E+01  2.5535E+00  2.3607E+01  1.0000E+00
 1.3042E+04  2.5451E+00  1.1532E+01  2.5570E+00  2.3460E+01  1.0000E+00
 1.3142E+04  2.5488E+00  1.1459E+01  2.5606E+00  2.3315E+01  1.0000E+00
 1.3243E+04  2.5524E+00  1.1388E+01  2.5642E+00  2.3170E+01  1.0000E+00
 1.3344E+04  2.5561E+00  1.1316E+01  2.5678E+00  2.3026E+01  1.0000E+00
 1.3446E+04  2.5598E+00  1.1245E+01  2.5714E+00  2.2883E+01  1.0000E+00
 1.3549E+04  2.5635E+00  1.1175E+01  2.5750E+00  2.2741E+01  1.0000E+00
 1.3653E+04  2.5672E+00  1.1105E+01  2.5787E+00  2.2600E+01  1.0000E+00
 1.3757E+04  2.5709E+00  1.1035E+01  2.5823E+00  2.2460E+01  1.0000E+00
 1.3863E+04  2.5747E+00  1.0966E+01  2.5859E+00  2.2321E+01  1.0000E+00
 1.3969E+04  2.5784E+00  1.0898E+01  2.5896E+00  2.2183E+01  1.0000E+00
 1.4076E+04  2.5821E+00  1.0829E+01  2.5932E+00  2.2045E+01  1.0000E+00
 1.4184E+04  2.5859E+00  1.0762E+01  2.5969E+00  2.1909E+01  1.0000E+00
 1.4292E+04  2.5896E+00  1.0694E+01  2.6006E+00  2.1773E+01  1.0000E+00
 1.4402E+04  2.5934E+00  1.0627E+01  2.6043E+00  2.1638E+01  1.0000E+00
 1.4512E+04  2.5972E+00  1.0561E+01  2.6080E+00  2.1504E+01  1.0000E+00
 1.4623E+04  2.6010E+00  1.0495E+01  2.6117E+00  2.1371E+01  1.0000E+00
 1.4735E+04  2.6048E+00  1.0429E+01  2.6154E+00  2.1239E+01  1.0000E+00
 1.4848E+04  2.6086E+00  1.0364E+01  2.6191E+00  2.1108E+01  1.0000E+00
 1.4962E+04  2.6124E+00  1.0299E+01  2.6229E+00  2.0977E+01  1.0000E+00
 1.5076E+04  2.6162E+00  1.0234E+01  2.6266E+00  2.0848E+01  1.0000E+00
 1.5192E+04  2.6201E+00  1.0170E+01  2.6304E+00  2.0719E+01  1.0000E+00
 1.5308E+04  2.6239E+00  1.0107E+01  2.6342E+00  2.0591E+01  1.0000E+00
 1.5425E+04  2.6278E+00  1.0044E+01  2.6380E+00  2.0464E+01  1.0000E+00
 1.5544E+04  2.6316E+00  9.9807E+00  2.6418E+00  2.0338E+01  1.0000E+00
 1.5663E+04  2.6355E+00  9.9183E+00  2.6456E+00  2.0212E+01  1.0000E+00
 1.5783E+04  2.6394E+00  9.8564E+00  2.6494E+00  2.0087E+01  1.0000E+00
 1.5903E+04  2.6433E+00  9.7948E+00  2.6532E+00  1.9964E+01  1.0000E+00
 1.6025E+04  2.6472E+00  9.7336E+00  2.6571E+00  1.9841E+01  1.0000E+00
 1.6148E+04  2.6511E+00  9.6727E+00  2.6609E+00  1.9718E+01  1.0000E+00
 1.6272E+04  2.6551E+00  9.6123E+00  2.6648E+00  1.9597E+01  1.0000E+00
 1.6396E+04  2.6590E+00  9.5523E+00  2.6686E+00  1.9476E+01  1.0000E+00
 1.6522E+04  2.6630E+00  9.4926E+00  2.6725E+00  1.9357E+01  1.0000E+00
 1.6648E+04  2.6669E+00  9.4334E+00  2.6764E+00  1.9237E+01  1.0000E+00
 1.6776E+04  2.6709E+00  9.3745E+00  2.6803E+00  1.9119E+01  1.0000E+00
 1.6904E+04  2.6749E+00  9.3160E+00  2.6843E+00  1.9002E+01  1.0000E+00
 1.7034E+04  2.6789E+00  9.2578E+00  2.6882E+00  1.8885E+01  1.0000E+00
 1.7164E+04  2.6829E+00  9.2001E+00  2.6921E+00  1.8769E+01  1.0000E+00
 1.7296E+04  2.6869E+00  9.1427E+00  2.6961E+00  1.8654E+01  1.0000E+00
 1.7428E+04  2.6910E+00  9.0857E+00  2.7001E+00  1.8539E+01  1.0000E+00
 1.7562E+04  2.6950E+00  9.0290E+00  2.7040E+00  1.8425E+01  1.0000E+00
 1.7696E+04  2.6991E+00  8.9728E+00  2.7080E+00  1.8312E+01  1.0000E+00
 1.7832E+04  2.7032E+00  8.9168E+00  2.7121E+00  1.8200E+01  1.0000E+00
 1.7968E+04  2.7072E+00  8.8613E+00  2.7161E+00  1.8089E+01  1.0000E+00
 1.8106E+04  2.7113E+00  8.8061E+00  2.7201E+00  1.7978E+01  1.0000E+00
 1.8244E+04  2.7154E+00  8.7512E+00  2.7242E+00  1.7868E+01  1.0000E+00
 1.8384E+04  2.7196E+00  8.6967E+00  2.7282E+00  1.7759E+01  1.0000E+00
 1.8525E+04  2.7237E+00  8.6426E+00  2.7323E+00  1.7650E+01  1.0000E+00
 1.8667E+04  2.7279E+00  8.5888E+00  2.7364E+00  1.7542E+01  1.0000E+00
 1.8810E+04  2.7320E+00  8.5353E+00  2.7405E+00  1.7435E+01  1.0000E+00
 1.8954E+04  2.7362E+00  8.4822E+00  2.7446E+00  1.7328E+01  1.0000E+00
 1.9099E+04  2.7404E+00  8.4295E+00  2.7487E+00  1.7222E+01  1.0000E+00
 1.9245E+04  2.7446E+00  8.3771E+00  2.7529E+00  1.7117E+01  1.0000E+00
 1.9393E+04  2.7488E+00  8.3250E+00  2.7570E+00  1.7013E+01  1.0000E+00
 1.9541E+04  2.7530E+00  8.2732E+00  2.7612E+00  1.6909E+01  1.0000E+00
 1.9691E+04  2.7573E+00  8.2218E+00  2.7654E+00  1.6806E+01  1.0000E+00
 1.9842E+04  2.7615E+00  8.1708E+00  2.7696E+00  1.6704E+01  1.0000E+00
 1.9994E+04  2.7658E+00  8.1200E+00  2.7738E+00  1.6602E+01  1.0000E+00
 2.0147E+04  2.7701E+00  8.0696E+00  2.7780E+00  1.6501E+01  1.0000E+00
 2.0301E+04  2.7744E+00  8.0195E+00  2.7823E+00  1.6401E+01  1.0000E+00
 2.0456E+04  2.7787E+00  7.9698E+00  2.7865E+00  1.6301E+01  1.0000E+00
 2.0613E+04  2.7830E+00  7.9203E+00  2.7908E+00  1.6202E+01  1.0000E+00
 2.0771E+04  2.7874E+00  7.8712E+00  2.7951E+00  1.6103E+01  1.0000E+00
 2.0930E+04  2.7917E+00  7.8224E+00  2.7994E+00  1.6006E+01  1.0000E+00
 2.1090E+04  2.7961E+00  7.7739E+00  2.8037E+00  1.5909E+01  1.0000E+00
 2.1252E+04  2.8005E+00  7.7257E+00  2.8080E+00  1.5812E+01  1.0000E+00
 2.1415E+04  2.8049E+00  7.6779E+00  2.8124E+00  1.5716E+01  1.0000E+00
 2.1579E+04  2.8093E+00  7.6303E+00  2.8168E+00  1.5621E+01  1.0000E+00
 2.1744E+04  2.8137E+00  7.5831E+00  2.8211E+00  1.5526E+01  1.0000E+00
 2.1910E+04  2.8182E+00  7.5362E+00  2.8255E+00  1.5433E+01  1.0000E+00
 2.2078E+04  2.8227E+00  7.4895E+00  2.8300E+00  1.5339E+01  1.0000E+00
 2.2247E+04  2.8271E+00  7.4432E+00  2.8344E+00  1.5246E+01  1.0000E+00
 2.2418E+04  2.8316E+00  7.3972E+00  2.8388E+00  1.5154E+01  1.0000E+00
 2.2589E+04  2.8362E+00  7.3515E+00  2.8433E+00  1.5063E+01  1.0000E+00
 2.2762E+04  2.8407E+00  7.3061E+00  2.8478E+00  1.4972E+01  1.0000E+00
 2.2937E+04  2.8452E+00  7.2609E+00  2.8523E+00  1.4882E+01  1.0000E+00
 2.3112E+04  2.8498E+00  7.2161E+00  2.8568E+00  1.4792E+01  1.0000E+00
 2.3289E+04  2.8544E+00  7.1716E+00  2.8613E+00  1.4703E+01  1.0000E+00
 2.3468E+04  2.8590E+00  7.1273E+00  2.8659E+00  1.4614E+01  1.0000E+00
 2.3647E+04  2.8636E+00  7.0834E+00  2.8705E+00  1.4526E+01  1.0000E+00
 2.3829E+04  2.8683E+00  7.0397E+00  2.8751E+00  1.4439E+01  1.0000E+00
 2.4011E+04  2.8729E+00  6.9963E+00  2.8797E+00  1.4352E+01  1.0000E+00
 2.4195E+04  2.8776E+00  6.9532E+00  2.8843E+00  1.4266E+01  1.0000E+00
 2.4380E+04  2.8823E+00  6.9104E+00  2.8889E+00  1.4181E+01  1.0000E+00
 2.4567E+04  2.8870E+00  6.8678E+00  2.8936E+00  1.4096E+01  1.0000E+00
 2.4755E+04  2.8917E+00  6.8256E+00  2.8983E+00  1.4011E+01  1.0000E+00
 2.4945E+04  2.8965E+00  6.7836E+00  2.9030E+00  1.3927E+01  1.0000E+00
 2.5136E+04  2.9012E+00  6.7419E+00  2.9077E+00  1.3844E+01  1.0000E+00
 2.5328E+04  2.9060E+00  6.7004E+00  2.9124E+00  1.3761E+01  1.0000E+00
 2.5522E+04  2.9108E+00  6.6593E+00  2.9172E+00  1.3679E+01  1.0000E+00
 2.5718E+04  2.9156E+00  6.6184E+00  2.9220E+00  1.3597E+01  1.0000E+00
 2.5915E+04  2.9205E+00  6.5777E+00  2.9268E+00  1.3516E+01  1.0000E+00
 2.6113E+04  2.9253E+00  6.5374E+00  2.9316E+00  1.3435E+01  1.0000E+00
 2.6313E+04  2.9302E+00  6.4973E+00  2.9364E+00  1.3355E+01  1.0000E+00
 2.6515E+04  2.9351E+00  6.4574E+00  2.9413E+00  1.3276E+01  1.0000E+00
 2.6718E+04  2.9400E+00  6.4179E+00  2.9462E+00  1.3197E+01  1.0000E+00
 2.6922E+04  2.9450E+00  6.3785E+00  2.9511E+00  1.3118E+01  1.0000E+00
 2.7128E+04  2.9499E+00  6.3395E+00  2.9560E+00  1.3040E+01  1.0000E+00
 2.7336E+04  2.9549E+00  6.3007E+00  2.9609E+00  1.2963E+01  1.0000E+00
 2.7545E+04  2.9599E+00  6.2621E+00  2.9659E+00  1.2886E+01  1.0000E+00
 2.7756E+04  2.9649E+00  6.2239E+00  2.9709E+00  1.2809E+01  1.0000E+00
 2.7969E+04  2.9700E+00  6.1858E+00  2.9759E+00  1.2733E+01  1.0000E+00
 2.8183E+04  2.9751E+00  6.1480E+00  2.9809E+00  1.2658E+01  1.0000E+00
 2.8399E+04  2.9802E+00  6.1105E+00  2.9860E+00  1.2583E+01  1.0000E+00
 2.8617E+04  2.9853E+00  6.0732E+00  2.9910E+00  1.2509E+01  1.0000E+00
 2.8836E+04  2.9904E+00  6.0361E+00  2.9961E+00  1.2435E+01  1.0000E+00
 2.9056E+04  2.9956E+00  5.9993E+00  3.0013E+00  1.2361E+01  1.0000E+00
 2.9279E+04  3.0007E+00  5.9628E+00  3.0064E+00  1.2288E+01  1.0000E+00
 2.9503E+04  3.0059E+00  5.9264E+00  3.0116E+00  1.2216E+01  1.0000E+00
 2.9729E+04  3.0112E+00  5.8904E+00  3.0168E+00  1.2144E+01  1.0000E+00
 2.9957E+04  3.0164E+00  5.8545E+00  3.0220E+00  1.2073E+01  1.0000E+00
 3.0186E+04  3.0217E+00  5.8189E+00  3.0272E+00  1.2002E+01  1.0000E+00
 3.0417E+04  3.0270E+00  5.7835E+00  3.0325E+00  1.1931E+01  1.0000E+00
 3.0650E+04  3.0323E+00  5.7484E+00  3.0377E+00  1.1861E+01  1.0000E+00
 3.0885E+04  3.0377E+00  5.7135E+00  3.0431E+00  1.1791E+01  1.0000E+00
 3.1122E+04  3.0430E+00  5.6788E+00  3.0484E+00  1.1722E+01  1.0000E+00
 3.1360E+04  3.0484E+00  5.6444E+00  3.0537E+00  1.1654E+01  1.0000E+00
 3.1600E+04  3.0538E+00  5.6102E+00  3.0591E+00  1.1586E+01  1.0000E+00
 3.1842E+04  3.0593E+00  5.5762E+00  3.0645E+00  1.1518E+01  1.0000E+00
 3.2086E+04  3.0648E+00  5.5424E+00  3.0700E+00  1.1451E+01  1.0000E+00
 3.2332E+04  3.0703E+00  5.5089E+00  3.0754E+00  1.1384E+01  1.0000E+00
 3.2579E+04  3.0758E+00  5.4755E+00  3.0809E+00  1.1317E+01  1.0000E+00
 3.2829E+04  3.0813E+00  5.4424E+00  3.0864E+00  1.1252E+01  1.0000E+00
 3.3080E+04  3.0869E+00  5.4096E+00  3.0920E+00  1.1186E+01  1.0000E+00
 3.3334E+04  3.0925E+00  5.3769E+00  3.0975E+00  1.1121E+01  1.0000E+00
 3.3589E+04  3.0981E+00  5.3444E+00  3.1031E+00  1.1056E+01  1.0000E+00
 3.3846E+04  3.1038E+00  5.3122E+00  3.1088E+00  1.0992E+01  1.0000E+00
 3.4105E+04  3.1095E+00  5.2802E+00  3.1144E+00  1.0929E+01  1.0000E+00
 3.4367E+04  3.1152E+00  5.2484E+00  3.1201E+00  1.0865E+01  1.0000E+00
 3.4630E+04  3.1209E+00  5.2168E+00  3.1258E+00  1.0802E+01  1.0000E+00
 3.4895E+04  3.1267E+00  5.1854E+00  3.1315E+00  1.0740E+01  1.0000E+00
 3.5162E+04  3.1325E+00  5.1542E+00  3.1373E+00  1.0678E+01  1.0000E+00
 3.5431E+04  3.1383E+00  5.1233E+00  3.1431E+00  1.0616E+01  1.0000E+00
 3.5703E+04  3.1442E+00  5.0925E+00  3.1489E+00  1.0555E+01  1.0000E+00
 3.5976E+04  3.1500E+00  5.0619E+00  3.1548E+00  1.0495E+01  1.0000E+00
 3.6252E+04  3.1559E+00  5.0316E+00  3.1606E+00  1.0434E+01  1.0000E+00
 3.6529E+04  3.1619E+00  5.0014E+00  3.1665E+00  1.0374E+01  1.0000E+00
 3.6809E+04  3.1679E+00  4.9715E+00  3.1725E+00  1.0315E+01  1.0000E+00
 3.7091E+04  3.1739E+00  4.9417E+00  3.1785E+00  1.0256E+01  1.0000E+00
 3.7375E+04  3.1799E+00  4.9122E+00  3.1845E+00  1.0197E+01  1.0000E+00
 3.7661E+04  3.1860E+00  4.8828E+00  3.1905E+00  1.0139E+01  1.0000E+00
 3.7950E+04  3.1921E+00  4.8537E+00  3.1966E+00  1.0081E+01  1.0000E+00
 3.8240E+04  3.1982E+00  4.8247E+00  3.2027E+00  1.0023E+01  1.0000E+00
 3.8533E+04  3.2043E+00  4.7959E+00  3.2088E+00  9.9660E+00  1.0000E+00
 3.8828E+04  3.2105E+00  4.7673E+00  3.2149E+00  9.9093E+00  1.0000E+00
 3.9126E+04  3.2168E+00  4.7390E+00  3.2211E+00  9.8529E+00  1.0000E+00
 3.9425E+04  3.2230E+00  4.7108E+00  3.2274E+00  9.7970E+00  1.0000E+00
 3.9727E+04  3.2293E+00  4.6827E+00  3.2336E+00  9.7414E+00  1.0000E+00
 4.0032E+04  3.2356E+00  4.6549E+00  3.2399E+00  9.6862E+00  1.0000E+00
 4.0338E+04  3.2420E+00  4.6273E+00  3.2463E+00  9.6313E+00  1.0000E+00
 4.0647E+04  3.2484E+00  4.5998E+00  3.2526E+00  9.5769E+00  1.0000E+00
 4.0958E+04  3.2548E+00  4.5726E+00  3.2590E+00  9.5228E+00  1.0000E+00
 4.1272E+04  3.2613E+00  4.5455E+00  3.2655E+00  9.4691E+00  1.0000E+00
 4.1588E+04  3.2678E+00  4.5186E+00  3.2719E+00  9.4157E+00  1.0000E+00
 4.1907E+04  3.2743E+00  4.4918E+00  3.2784E+00  9.3628E+00  1.0000E+00
 4.2228E+04  3.2809E+00  4.4653E+00  3.2850E+00  9.3101E+00  1.0000E+00
 4.2551E+04  3.2875E+00  4.4389E+00  3.2915E+00  9.2579E+00  1.0000E+00
 4.2877E+04  3.2941E+00  4.4127E+00  3.2982E+00  9.2060E+00  1.0000E+00
 4.3205E+04  3.3008E+00  4.3867E+00  3.3048E+00  9.1545E+00  1.0000E+00
 4.3536E+04  3.3075E+00  4.3609E+00  3.3115E+00  9.1033E+00  1.0000E+00
 4.3869E+04  3.3142E+00  4.3352E+00  3.3182E+00  9.0524E+00  1.0000E+00
 4.4205E+04  3.3210E+00  4.3097E+00  3.3250E+00  9.0020E+00  1.0000E+00
 4.4544E+04  3.3279E+00  4.2844E+00  3.3318E+00  8.9518E+00  1.0000E+00
 4.4885E+04  3.3347E+00  4.2593E+00  3.3386E+00  8.9020E+00  1.0000E+00
 4.5229E+04  3.3416E+00  4.2343E+00  3.3455E+00  8.8526E+00  1.0000E+00
 4.5575E+04  3.3486E+00  4.2095E+00  3.3524E+00  8.8035E+00  1.0000E+00
 4.5924E+04  3.3556E+00  4.1848E+00  3.3594E+00  8.7547E+00  1.0000E+00
 4.6276E+04  3.3626E+00  4.1603E+00  3.3664E+00  8.7063E+00  1.0000E+00
 4.6630E+04  3.3696E+00  4.1360E+00  3.3734E+00  8.6582E+00  1.0000E+00
 4.6987E+04  3.3767E+00  4.1119E+00  3.3805E+00  8.6104E+00  1.0000E+00
 4.7347E+04  3.3839E+00  4.0879E+00  3.3876E+00  8.5630E+00  1.0000E+00
 4.7710E+04  3.3911E+00  4.0640E+00  3.3948E+00  8.5159E+00  1.0000E+00
 4.8075E+04  3.3983E+00  4.0404E+00  3.4020E+00  8.4691E+00  1.0000E+00
 4.8443E+04  3.4056E+00  4.0169E+00  3.4093E+00  8.4227E+00  1.0000E+00
 4.8814E+04  3.4129E+00  3.9935E+00  3.4165E+00  8.3766E+00  1.0000E+00
 4.9188E+04  3.4203E+00  3.9703E+00  3.4239E+00  8.3307E+00  1.0000E+00
 4.9565E+04  3.4277E+00  3.9473E+00  3.4313E+00  8.2853E+00  1.0000E+00
 4.9945E+04  3.4351E+00  3.9244E+00  3.4387E+00  8.2401E+00  1.0000E+00
 5.0327E+04  3.4426E+00  3.9017E+00  3.4462E+00  8.1952E+00  1.0000E+00
 5.0713E+04  3.4501E+00  3.8791E+00  3.4537E+00  8.1507E+00  1.0000E+00
 5.1101E+04  3.4577E+00  3.8567E+00  3.4612E+00  8.1065E+00  1.0000E+00
 5.1492E+04  3.4654E+00  3.8344E+00  3.4688E+00  8.0625E+00  1.0000E+00
 5.1887E+04  3.4730E+00  3.8123E+00  3.4765E+00  8.0189E+00  1.0000E+00
 5.2284E+04  3.4808E+00  3.7904E+00  3.4842E+00  7.9756E+00  1.0000E+00
 5.2684E+04  3.4885E+00  3.7685E+00  3.4919E+00  7.9326E+00  1.0000E+00
 5.3088E+04  3.4963E+00  3.7469E+00  3.4997E+00  7.8899E+00  1.0000E+00
 5.3494E+04  3.5042E+00  3.7254E+00  3.5076E+00  7.8475E+00  1.0000E+00
 5.3904E+04  3.5121E+00  3.7040E+00  3.5155E+00  7.8054E+00  1.0000E+00
 5.4317E+04  3.5201E+00  3.6828E+00  3.5234E+00  7.7636E+00  1.0000E+00
 5.4733E+04  3.5281E+00  3.6617E+00  3.5314E+00  7.7220E+00  1.0000E+00
 5.5152E+04  3.5362E+00  3.6407E+00  3.5395E+00  7.6808E+00  1.0000E+00
 5.5574E+04  3.5443E+00  3.6199E+00  3.5476E+00  7.6399E+00  1.0000E+00
 5.6000E+04  3.5525E+00  3.5993E+00  3.5557E+00  7.5992E+00  1.0000E+00
 5.6429E+04  3.5607E+00  3.5788E+00  3.5639E+00  7.5589E+00  1.0000E+00
 5.6861E+04  3.5689E+00  3.5584E+00  3.5722E+00  7.5188E+00  1.0000E+00
 5.7297E+04  3.5773E+00  3.5381E+00  3.5805E+00  7.4790E+00  1.0000E+00
 5.7735E+04  3.5856E+00  3.5180E+00  3.5888E+00  7.4395E+00  1.0000E+00
 5.8177E+04  3.5941E+00  3.4981E+00  3.5972E+00  7.4002E+00  1.0000E+00
 5.8623E+04  3.6026E+00  3.4783E+00  3.6057E+00  7.3613E+00  1.0000E+00
 5.9072E+04  3.6111E+00  3.4586E+00  3.6142E+00  7.3226E+00  1.0000E+00
 5.9524E+04  3.6197E+00  3.4390E+00  3.6228E+00  7.2842E+00  1.0000E+00
 5.9980E+04  3.6283E+00  3.4196E+00  3.6314E+00  7.2461E+00  1.0000E+00
 6.0440E+04  3.6370E+00  3.4003E+00  3.6401E+00  7.2082E+00  1.0000E+00
 6.0902E+04  3.6458E+00  3.3811E+00  3.6489E+00  7.1706E+00  1.0000E+00
 6.1369E+04  3.6546E+00  3.3621E+00  3.6577E+00  7.1333E+00  1.0000E+00
 6.1839E+04  3.6635E+00  3.3432E+00  3.6665E+00  7.0962E+00  1.0000E+00
 6.2312E+04  3.6724E+00  3.3245E+00  3.6754E+00  7.0594E+00  1.0000E+00
 6.2790E+04  3.6814E+00  3.3058E+00  3.6844E+00  7.0229E+00  1.0000E+00
 6.3270E+04  3.6905E+00  3.2873E+00  3.6935E+00  6.9866E+00  1.0000E+00
 6.3755E+04  3.6996E+00  3.2689E+00  3.7026E+00  6.9506E+00  1.0000E+00
 6.4243E+04  3.7088E+00  3.2507E+00  3.7117E+00  6.9149E+00  1.0000E+00
 6.4735E+04  3.7180E+00  3.2325E+00  3.7209E+00  6.8794E+00  1.0000E+00
 6.5231E+04  3.7273E+00  3.2145E+00  3.7302E+00  6.8441E+00  1.0000E+00
 6.5731E+04  3.7367E+00  3.1966E+00  3.7396E+00  6.8091E+00  1.0000E+00
 6.6234E+04  3.7461E+00  3.1789E+00  3.7490E+00  6.7744E+00  1.0000E+00
 6.6741E+04  3.7556E+00  3.1612E+00  3.7585E+00  6.7399E+00  1.0000E+00
 6.7252E+04  3.7652E+00  3.1437E+00  3.7680E+00  6.7057E+00  1.0000E+00
 6.7767E+04  3.7748E+00  3.1263E+00  3.7776E+00  6.6717E+00  1.0000E+00
 6.8286E+04  3.7845E+00  3.1091E+00  3.7873E+00  6.6379E+00  1.0000E+00
 6.8809E+04  3.7943E+00  3.0919E+00  3.7970E+00  6.6044E+00  1.0000E+00
 6.9336E+04  3.8041E+00  3.0749E+00  3.8068E+00  6.5712E+00  1.0000E+00
 6.9867E+04  3.8140E+00  3.0579E+00  3.8167E+00  6.5381E+00  1.0000E+00
 7.0402E+04  3.8240E+00  3.0411E+00  3.8267E+00  6.5054E+00  1.0000E+00
 7.0942E+04  3.8340E+00  3.0244E+00  3.8367E+00  6.4728E+00  1.0000E+00
 7.1485E+04  3.8441E+00  3.0079E+00  3.8468E+00  6.4405E+00  1.0000E+00
 7.2032E+04  3.8543E+00  2.9914E+00  3.8569E+00  6.4085E+00  1.0000E+00
 7.2584E+04  3.8645E+00  2.9751E+00  3.8672E+00  6.3766E+00  1.0000E+00
 7.3140E+04  3.8748E+00  2.9588E+00  3.8775E+00  6.3450E+00  1.0000E+00
 7.3700E+04  3.8852E+00  2.9427E+00  3.8878E+00  6.3136E+00  1.0000E+00
 7.4264E+04  3.8957E+00  2.9267E+00  3.8983E+00  6.2825E+00  1.0000E+00
 7.4833E+04  3.9062E+00  2.9108E+00  3.9088E+00  6.2516E+00  1.0000E+00
 7.5406E+04  3.9168E+00  2.8950E+00  3.9194E+00  6.2209E+00  1.0000E+00
 7.5984E+04  3.9275E+00  2.8794E+00  3.9301E+00  6.1904E+00  1.0000E+00
 7.6566E+04  3.9383E+00  2.8638E+00  3.9409E+00  6.1602E+00  1.0000E+00
 7.7152E+04  3.9491E+00  2.8483E+00  3.9517E+00  6.1302E+00  1.0000E+00
 7.7743E+04  3.9601E+00  2.8330E+00  3.9626E+00  6.1004E+00  1.0000E+00
 7.8338E+04  3.9711E+00  2.8177E+00  3.9736E+00  6.0708E+00  1.0000E+00
 7.8938E+04  3.9822E+00  2.8026E+00  3.9847E+00  6.0415E+00  1.0000E+00
 7.9543E+04  3.9933E+00  2.7876E+00  3.9958E+00  6.0124E+00  1.0000E+00
 8.0152E+04  4.0046E+00  2.7726E+00  4.0070E+00  5.9834E+00  1.0000E+00
 8.0766E+04  4.0159E+00  2.7578E+00  4.0184E+00  5.9547E+00  1.0000E+00
 8.1384E+04  4.0273E+00  2.7431E+00  4.0298E+00  5.9262E+00  1.0000E+00
 8.2008E+04  4.0388E+00  2.7285E+00  4.0412E+00  5.8980E+00  1.0000E+00
 8.2636E+04  4.0504E+00  2.7140E+00  4.0528E+00  5.8699E+00  1.0000E+00
 8.3268E+04  4.0621E+00  2.6996E+00  4.0645E+00  5.8420E+00  1.0000E+00
 8.3906E+04  4.0738E+00  2.6852E+00  4.0762E+00  5.8144E+00  1.0000E+00
 8.4549E+04  4.0857E+00  2.6710E+00  4.0880E+00  5.7870E+00  1.0000E+00
 8.5196E+04  4.0976E+00  2.6569E+00  4.1000E+00  5.7597E+00  1.0000E+00
 8.5849E+04  4.1096E+00  2.6429E+00  4.1120E+00  5.7327E+00  1.0000E+00
 8.6506E+04  4.1217E+00  2.6290E+00  4.1241E+00  5.7059E+00  1.0000E+00
 8.7169E+04  4.1339E+00  2.6152E+00  4.1363E+00  5.6792E+00  1.0000E+00
 8.7836E+04  4.1462E+00  2.6014E+00  4.1485E+00  5.6528E+00  1.0000E+00
 8.8509E+04  4.1586E+00  2.5878E+00  4.1609E+00  5.6266E+00  1.0000E+00
 8.9187E+04  4.1711E+00  2.5743E+00  4.1734E+00  5.6006E+00  1.0000E+00
 8.9870E+04  4.1837E+00  2.5609E+00  4.1860E+00  5.5748E+00  1.0000E+00
 9.0558E+04  4.1964E+00  2.5475E+00  4.1986E+00  5.5491E+00  1.0000E+00
 9.1252E+04  4.2091E+00  2.5343E+00  4.2114E+00  5.5237E+00  1.0000E+00
 9.1950E+04  4.2220E+00  2.5211E+00  4.2243E+00  5.4985E+00  1.0000E+00
 9.2655E+04  4.2350E+00  2.5081E+00  4.2372E+00  5.4734E+00  1.0000E+00
 9.3364E+04  4.2481E+00  2.4951E+00  4.2503E+00  5.4486E+00  1.0000E+00
 9.4079E+04  4.2612E+00  2.4822E+00  4.2634E+00  5.4239E+00  1.0000E+00
 9.4800E+04  4.2745E+00  2.4694E+00  4.2767E+00  5.3994E+00  1.0000E+00
 9.5526E+04  4.2879E+00  2.4567E+00  4.2901E+00  5.3751E+00  1.0000E+00
 9.6257E+04  4.3014E+00  2.4441E+00  4.3036E+00  5.3510E+00  1.0000E+00
 9.6994E+04  4.3150E+00  2.4316E+00  4.3171E+00  5.3271E+00  1.0000E+00
 9.7737E+04  4.3287E+00  2.4192E+00  4.3308E+00  5.3034E+00  1.0000E+00
 9.8486E+04  4.3425E+00  2.4069E+00  4.3446E+00  5.2799E+00  1.0000E+00
 9.9240E+04  4.3564E+00  2.3946E+00  4.3585E+00  5.2565E+00  1.0000E+00
 1.0000E+05  4.3704E+00  2.3825E+00  4.3725E+00  5.2333E+00  1.0000E+00


