#     0	 1	    1	 1	 5.6458E+01	 1000	1
 4.8978E+01  0.0000E+00  0.0000E+00  0.0000E+00  0.0000E+00  0.0000E+00
 4.9353E+01  0.0000E+00  0.0000E+00  0.0000E+00  0.0000E+00  0.0000E+00
 4.9731E+01  0.0000E+00  0.0000E+00  0.0000E+00  0.0000E+00  0.0000E+00
 5.0112E+01  0.0000E+00  0.0000E+00  0.0000E+00  0.0000E+00  0.0000E+00
 5.0496E+01  0.0000E+00  0.0000E+00  0.0000E+00  0.0000E+00  0.0000E+00
 5.0882E+01  0.0000E+00  0.0000E+00  0.0000E+00  0.0000E+00  0.0000E+00
 5.1272E+01  0.0000E+00  0.0000E+00  0.0000E+00  0.0000E+00  0.0000E+00
 5.1665E+01  0.0000E+00  0.0000E+00  0.0000E+00  0.0000E+00  0.0000E+00
 5.2060E+01  0.0000E+00  0.0000E+00  0.0000E+00  0.0000E+00  0.0000E+00
 5.2459E+01  0.0000E+00  0.0000E+00  0.0000E+00  0.0000E+00  0.0000E+00
 5.2861E+01  0.0000E+00  0.0000E+00  0.0000E+00  0.0000E+00  0.0000E+00
 5.3266E+01  0.0000E+00  0.0000E+00  0.0000E+00  0.0000E+00  0.0000E+00
 5.3673E+01  0.0000E+00  0.0000E+00  0.0000E+00  0.0000E+00  0.0000E+00
 5.4085E+01  0.0000E+00  0.0000E+00  0.0000E+00  0.0000E+00  0.0000E+00
 5.4499E+01  0.0000E+00  0.0000E+00  0.0000E+00  0.0000E+00  0.0000E+00
 5.4916E+01  0.0000E+00  0.0000E+00  0.0000E+00  0.0000E+00  0.0000E+00
 5.5337E+01  0.0000E+00  0.0000E+00  0.0000E+00  0.0000E+00  0.0000E+00
 5.5760E+01  0.0000E+00  0.0000E+00  0.0000E+00  0.0000E+00  0.0000E+00
 5.6187E+01  0.0000E+00  0.0000E+00  0.0000E+00  0.0000E+00  0.0000E+00
 5.6618E+01  5.5120E-01  5.8261E+02  3.7195E-01  7.7432E+02  1.0000E+00
 5.7051E+01  5.5139E-01  5.7838E+02  3.7321E-01  7.7113E+02  1.0000E+00
 5.7488E+01  5.5158E-01  5.7418E+02  3.7448E-01  7.6794E+02  1.0000E+00
 5.7929E+01  5.5177E-01  5.7001E+02  3.7574E-01  7.6475E+02  1.0000E+00
 5.8372E+01  5.5195E-01  5.6587E+02  3.7700E-01  7.6157E+02  1.0000E+00
 5.8819E+01  5.5214E-01  5.6176E+02  3.7826E-01  7.5839E+02  1.0000E+00
 5.9270E+01  5.5233E-01  5.5768E+02  3.7952E-01  7.5522E+02  1.0000E+00
 5.9724E+01  5.5252E-01  5.5363E+02  3.8078E-01  7.5205E+02  1.0000E+00
 6.0181E+01  5.5271E-01  5.4961E+02  3.8204E-01  7.4889E+02  1.0000E+00
 6.0642E+01  5.5290E-01  5.4562E+02  3.8330E-01  7.4573E+02  1.0000E+00
 6.1106E+01  5.5309E-01  5.4166E+02  3.8457E-01  7.4257E+02  1.0000E+00
 6.1574E+01  5.5328E-01  5.3773E+02  3.8583E-01  7.3942E+02  1.0000E+00
 6.2046E+01  5.5348E-01  5.3383E+02  3.8709E-01  7.3628E+02  1.0000E+00
 6.2521E+01  5.5367E-01  5.2996E+02  3.8835E-01  7.3314E+02  1.0000E+00
 6.3000E+01  5.5387E-01  5.2612E+02  3.8961E-01  7.3000E+02  1.0000E+00
 6.3482E+01  5.5407E-01  5.2231E+02  3.9087E-01  7.2687E+02  1.0000E+00
 6.3968E+01  5.5427E-01  5.1852E+02  3.9214E-01  7.2375E+02  1.0000E+00
 6.4458E+01  5.5447E-01  5.1477E+02  3.9340E-01  7.2063E+02  1.0000E+00
 6.4952E+01  5.5467E-01  5.1104E+02  3.9466E-01  7.1752E+02  1.0000E+00
 6.5449E+01  5.5488E-01  5.0735E+02  3.9592E-01  7.1441E+02  1.0000E+00
 6.5951E+01  5.5508E-01  5.0368E+02  3.9718E-01  7.1131E+02  1.0000E+00
 6.6456E+01  5.5529E-01  5.0003E+02  3.9844E-01  7.0821E+02  1.0000E+00
 6.6965E+01  5.5550E-01  4.9642E+02  3.9970E-01  7.0512E+02  1.0000E+00
 6.7478E+01  5.5570E-01  4.9283E+02  4.0097E-01  7.0204E+02  1.0000E+00
 6.7994E+01  5.5592E-01  4.8927E+02  4.0223E-01  6.9896E+02  1.0000E+00
 6.8515E+01  5.5613E-01  4.8574E+02  4.0349E-01  6.9589E+02  1.0000E+00
 6.9040E+01  5.5634E-01  4.8223E+02  4.0475E-01  6.9282E+02  1.0000E+00
 6.9568E+01  5.5656E-01  4.7875E+02  4.0601E-01  6.8976E+02  1.0000E+00
 7.0101E+01  5.5677E-01  4.7530E+02  4.0727E-01  6.8671E+02  1.0000E+00
 7.0638E+01  5.5699E-01  4.7187E+02  4.0854E-01  6.8366E+02  1.0000E+00
 7.1179E+01  5.5721E-01  4.6847E+02  4.0980E-01  6.8062E+02  1.0000E+00
 7.1724E+01  5.5743E-01  4.6509E+02  4.1106E-01  6.7759E+02  1.0000E+00
 7.2273E+01  5.5765E-01  4.6174E+02  4.1232E-01  6.7456E+02  1.0000E+00
 7.2827E+01  5.5788E-01  4.5841E+02  4.1358E-01  6.7154E+02  1.0000E+00
 7.3385E+01  5.5810E-01  4.5511E+02  4.1484E-01  6.6853E+02  1.0000E+00
 7.3947E+01  5.5833E-01  4.5184E+02  4.1610E-01  6.6552E+02  1.0000E+00
 7.4513E+01  5.5856E-01  4.4859E+02  4.1737E-01  6.6252E+02  1.0000E+00
 7.5084E+01  5.5879E-01  4.4536E+02  4.1863E-01  6.5953E+02  1.0000E+00
 7.5659E+01  5.5902E-01  4.4216E+02  4.1989E-01  6.5655E+02  1.0000E+00
 7.6238E+01  5.5925E-01  4.3898E+02  4.2115E-01  6.5357E+02  1.0000E+00
 7.6822E+01  5.5949E-01  4.3583E+02  4.2241E-01  6.5060E+02  1.0000E+00
 7.7410E+01  5.5972E-01  4.3270E+02  4.2368E-01  6.4764E+02  1.0000E+00
 7.8003E+01  5.5996E-01  4.2959E+02  4.2494E-01  6.4468E+02  1.0000E+00
 7.8601E+01  5.6020E-01  4.2651E+02  4.2620E-01  6.4173E+02  1.0000E+00
 7.9202E+01  5.6044E-01  4.2345E+02  4.2746E-01  6.3879E+02  1.0000E+00
 7.9809E+01  5.6068E-01  4.2041E+02  4.2872E-01  6.3586E+02  1.0000E+00
 8.0420E+01  5.6092E-01  4.1739E+02  4.2998E-01  6.3294E+02  1.0000E+00
 8.1036E+01  5.6117E-01  4.1440E+02  4.3125E-01  6.3002E+02  1.0000E+00
 8.1657E+01  5.6141E-01  4.1143E+02  4.3251E-01  6.2711E+02  1.0000E+00
 8.2282E+01  5.6166E-01  4.0849E+02  4.3377E-01  6.2421E+02  1.0000E+00
 8.2912E+01  5.6191E-01  4.0556E+02  4.3503E-01  6.2131E+02  1.0000E+00
 8.3547E+01  5.6216E-01  4.0266E+02  4.3629E-01  6.1843E+02  1.0000E+00
 8.4187E+01  5.6241E-01  3.9978E+02  4.3755E-01  6.1555E+02  1.0000E+00
 8.4832E+01  5.6267E-01  3.9692E+02  4.3882E-01  6.1268E+02  1.0000E+00
 8.5481E+01  5.6292E-01  3.9408E+02  4.4008E-01  6.0981E+02  1.0000E+00
 8.6136E+01  5.6318E-01  3.9126E+02  4.4134E-01  6.0696E+02  1.0000E+00
 8.6796E+01  5.6344E-01  3.8847E+02  4.4260E-01  6.0411E+02  1.0000E+00
 8.7460E+01  5.6370E-01  3.8569E+02  4.4386E-01  6.0128E+02  1.0000E+00
 8.8130E+01  5.6396E-01  3.8294E+02  4.4513E-01  5.9845E+02  1.0000E+00
 8.8805E+01  5.6423E-01  3.8021E+02  4.4639E-01  5.9562E+02  1.0000E+00
 8.9485E+01  5.6449E-01  3.7750E+02  4.4765E-01  5.9281E+02  1.0000E+00
 9.0171E+01  5.6476E-01  3.7480E+02  4.4891E-01  5.9001E+02  1.0000E+00
 9.0861E+01  5.6503E-01  3.7213E+02  4.5017E-01  5.8721E+02  1.0000E+00
 9.1557E+01  5.6530E-01  3.6948E+02  4.5144E-01  5.8442E+02  1.0000E+00
 9.2258E+01  5.6557E-01  3.6685E+02  4.5270E-01  5.8164E+02  1.0000E+00
 9.2965E+01  5.6584E-01  3.6424E+02  4.5396E-01  5.7887E+02  1.0000E+00
 9.3677E+01  5.6612E-01  3.6164E+02  4.5522E-01  5.7611E+02  1.0000E+00
 9.4394E+01  5.6640E-01  3.5907E+02  4.5648E-01  5.7335E+02  1.0000E+00
 9.5117E+01  5.6668E-01  3.5652E+02  4.5775E-01  5.7061E+02  1.0000E+00
 9.5845E+01  5.6696E-01  3.5398E+02  4.5901E-01  5.6787E+02  1.0000E+00
 9.6579E+01  5.6724E-01  3.5147E+02  4.6027E-01  5.6514E+02  1.0000E+00
 9.7319E+01  5.6752E-01  3.4897E+02  4.6153E-01  5.6242E+02  1.0000E+00
 9.8064E+01  5.6781E-01  3.4649E+02  4.6279E-01  5.5971E+02  1.0000E+00
 9.8815E+01  5.6809E-01  3.4403E+02  4.6406E-01  5.5700E+02  1.0000E+00
 9.9572E+01  5.6838E-01  3.4159E+02  4.6532E-01  5.5431E+02  1.0000E+00
 1.0033E+02  5.6867E-01  3.3917E+02  4.6658E-01  5.5163E+02  1.0000E+00
 1.0110E+02  5.6897E-01  3.3676E+02  4.6784E-01  5.4895E+02  1.0000E+00
 1.0188E+02  5.6926E-01  3.3437E+02  4.6911E-01  5.4628E+02  1.0000E+00
 1.0266E+02  5.6956E-01  3.3200E+02  4.7037E-01  5.4362E+02  1.0000E+00
 1.0344E+02  5.6985E-01  3.2965E+02  4.7163E-01  5.4097E+02  1.0000E+00
 1.0424E+02  5.7015E-01  3.2732E+02  4.7289E-01  5.3833E+02  1.0000E+00
 1.0503E+02  5.7045E-01  3.2500E+02  4.7415E-01  5.3570E+02  1.0000E+00
 1.0584E+02  5.7076E-01  3.2270E+02  4.7542E-01  5.3307E+02  1.0000E+00
 1.0665E+02  5.7106E-01  3.2042E+02  4.7668E-01  5.3046E+02  1.0000E+00
 1.0747E+02  5.7137E-01  3.1816E+02  4.7794E-01  5.2785E+02  1.0000E+00
 1.0829E+02  5.7168E-01  3.1591E+02  4.7920E-01  5.2526E+02  1.0000E+00
 1.0912E+02  5.7199E-01  3.1368E+02  4.8047E-01  5.2267E+02  1.0000E+00
 1.0995E+02  5.7230E-01  3.1146E+02  4.8173E-01  5.2009E+02  1.0000E+00
 1.1080E+02  5.7261E-01  3.0927E+02  4.8299E-01  5.1752E+02  1.0000E+00
 1.1164E+02  5.7293E-01  3.0708E+02  4.8425E-01  5.1496E+02  1.0000E+00
 1.1250E+02  5.7324E-01  3.0492E+02  4.8552E-01  5.1240E+02  1.0000E+00
 1.1336E+02  5.7356E-01  3.0277E+02  4.8678E-01  5.0986E+02  1.0000E+00
 1.1423E+02  5.7388E-01  3.0064E+02  4.8804E-01  5.0733E+02  1.0000E+00
 1.1510E+02  5.7421E-01  2.9852E+02  4.8930E-01  5.0480E+02  1.0000E+00
 1.1599E+02  5.7453E-01  2.9642E+02  4.9057E-01  5.0229E+02  1.0000E+00
 1.1687E+02  5.7486E-01  2.9433E+02  4.9183E-01  4.9978E+02  1.0000E+00
 1.1777E+02  5.7519E-01  2.9226E+02  4.9309E-01  4.9728E+02  1.0000E+00
 1.1867E+02  5.7552E-01  2.9021E+02  4.9435E-01  4.9479E+02  1.0000E+00
 1.1958E+02  5.7585E-01  2.8817E+02  4.9562E-01  4.9231E+02  1.0000E+00
 1.2050E+02  5.7618E-01  2.8614E+02  4.9688E-01  4.8984E+02  1.0000E+00
 1.2142E+02  5.7652E-01  2.8413E+02  4.9814E-01  4.8738E+02  1.0000E+00
 1.2235E+02  5.7686E-01  2.8214E+02  4.9940E-01  4.8493E+02  1.0000E+00
 1.2329E+02  5.7720E-01  2.8016E+02  5.0067E-01  4.8248E+02  1.0000E+00
 1.2423E+02  5.7754E-01  2.7819E+02  5.0193E-01  4.8005E+02  1.0000E+00
 1.2518E+02  5.7788E-01  2.7624E+02  5.0319E-01  4.7762E+02  1.0000E+00
 1.2614E+02  5.7823E-01  2.7431E+02  5.0445E-01  4.7521E+02  1.0000E+00
 1.2711E+02  5.7858E-01  2.7239E+02  5.0572E-01  4.7280E+02  1.0000E+00
 1.2808E+02  5.7893E-01  2.7048E+02  5.0698E-01  4.7040E+02  1.0000E+00
 1.2906E+02  5.7928E-01  2.6859E+02  5.0824E-01  4.6801E+02  1.0000E+00
 1.3005E+02  5.7964E-01  2.6671E+02  5.0950E-01  4.6563E+02  1.0000E+00
 1.3104E+02  5.8000E-01  2.6485E+02  5.1077E-01  4.6326E+02  1.0000E+00
 1.3205E+02  5.8036E-01  2.6300E+02  5.1203E-01  4.6090E+02  1.0000E+00
 1.3306E+02  5.8072E-01  2.6116E+02  5.1329E-01  4.5855E+02  1.0000E+00
 1.3408E+02  5.8109E-01  2.5934E+02  5.1456E-01  4.5620E+02  1.0000E+00
 1.3510E+02  5.8146E-01  2.5753E+02  5.1582E-01  4.5387E+02  1.0000E+00
 1.3614E+02  5.8183E-01  2.5574E+02  5.1708E-01  4.5155E+02  1.0000E+00
 1.3718E+02  5.8220E-01  2.5396E+02  5.1834E-01  4.4923E+02  1.0000E+00
 1.3823E+02  5.8258E-01  2.5219E+02  5.1961E-01  4.4692E+02  1.0000E+00
 1.3929E+02  5.8296E-01  2.5044E+02  5.2087E-01  4.4462E+02  1.0000E+00
 1.4036E+02  5.8334E-01  2.4869E+02  5.2213E-01  4.4233E+02  1.0000E+00
 1.4143E+02  5.8372E-01  2.4697E+02  5.2340E-01  4.4006E+02  1.0000E+00
 1.4252E+02  5.8410E-01  2.4525E+02  5.2466E-01  4.3778E+02  1.0000E+00
 1.4361E+02  5.8449E-01  2.4355E+02  5.2592E-01  4.3552E+02  1.0000E+00
 1.4471E+02  5.8488E-01  2.4186E+02  5.2719E-01  4.3327E+02  1.0000E+00
 1.4582E+02  5.8527E-01  2.4018E+02  5.2845E-01  4.3103E+02  1.0000E+00
 1.4693E+02  5.8567E-01  2.3851E+02  5.2971E-01  4.2879E+02  1.0000E+00
 1.4806E+02  5.8607E-01  2.3686E+02  5.3098E-01  4.2657E+02  1.0000E+00
 1.4919E+02  5.8647E-01  2.3522E+02  5.3224E-01  4.2435E+02  1.0000E+00
 1.5033E+02  5.8687E-01  2.3359E+02  5.3350E-01  4.2214E+02  1.0000E+00
 1.5149E+02  5.8727E-01  2.3198E+02  5.3477E-01  4.1994E+02  1.0000E+00
 1.5265E+02  5.8768E-01  2.3037E+02  5.3603E-01  4.1775E+02  1.0000E+00
 1.5381E+02  5.8809E-01  2.2878E+02  5.3729E-01  4.1557E+02  1.0000E+00
 1.5499E+02  5.8850E-01  2.2720E+02  5.3856E-01  4.1340E+02  1.0000E+00
 1.5618E+02  5.8892E-01  2.2564E+02  5.3982E-01  4.1124E+02  1.0000E+00
 1.5738E+02  5.8933E-01  2.2408E+02  5.4108E-01  4.0909E+02  1.0000E+00
 1.5858E+02  5.8975E-01  2.2253E+02  5.4235E-01  4.0694E+02  1.0000E+00
 1.5980E+02  5.9018E-01  2.2100E+02  5.4361E-01  4.0481E+02  1.0000E+00
 1.6102E+02  5.9060E-01  2.1948E+02  5.4487E-01  4.0268E+02  1.0000E+00
 1.6225E+02  5.9103E-01  2.1797E+02  5.4614E-01  4.0056E+02  1.0000E+00
 1.6349E+02  5.9146E-01  2.1647E+02  5.4740E-01  3.9845E+02  1.0000E+00
 1.6475E+02  5.9189E-01  2.1498E+02  5.4866E-01  3.9635E+02  1.0000E+00
 1.6601E+02  5.9232E-01  2.1350E+02  5.4993E-01  3.9426E+02  1.0000E+00
 1.6728E+02  5.9276E-01  2.1203E+02  5.5119E-01  3.9218E+02  1.0000E+00
 1.6856E+02  5.9320E-01  2.1058E+02  5.5245E-01  3.9011E+02  1.0000E+00
 1.6985E+02  5.9364E-01  2.0913E+02  5.5372E-01  3.8804E+02  1.0000E+00
 1.7115E+02  5.9409E-01  2.0770E+02  5.5498E-01  3.8599E+02  1.0000E+00
 1.7246E+02  5.9453E-01  2.0628E+02  5.5624E-01  3.8394E+02  1.0000E+00
 1.7378E+02  5.9498E-01  2.0486E+02  5.5751E-01  3.8190E+02  1.0000E+00
 1.7511E+02  5.9544E-01  2.0346E+02  5.5877E-01  3.7987E+02  1.0000E+00
 1.7646E+02  5.9589E-01  2.0207E+02  5.6004E-01  3.7785E+02  1.0000E+00
 1.7781E+02  5.9635E-01  2.0069E+02  5.6130E-01  3.7584E+02  1.0000E+00
 1.7917E+02  5.9681E-01  1.9931E+02  5.6256E-01  3.7384E+02  1.0000E+00
 1.8054E+02  5.9727E-01  1.9795E+02  5.6383E-01  3.7184E+02  1.0000E+00
 1.8192E+02  5.9773E-01  1.9660E+02  5.6509E-01  3.6986E+02  1.0000E+00
 1.8332E+02  5.9820E-01  1.9526E+02  5.6636E-01  3.6788E+02  1.0000E+00
 1.8472E+02  5.9867E-01  1.9393E+02  5.6762E-01  3.6591E+02  1.0000E+00
 1.8614E+02  5.9914E-01  1.9260E+02  5.6888E-01  3.6395E+02  1.0000E+00
 1.8756E+02  5.9962E-01  1.9129E+02  5.7015E-01  3.6200E+02  1.0000E+00
 1.8900E+02  6.0010E-01  1.8999E+02  5.7141E-01  3.6006E+02  1.0000E+00
 1.9045E+02  6.0058E-01  1.8870E+02  5.7268E-01  3.5813E+02  1.0000E+00
 1.9190E+02  6.0106E-01  1.8741E+02  5.7394E-01  3.5620E+02  1.0000E+00
 1.9337E+02  6.0155E-01  1.8614E+02  5.7520E-01  3.5428E+02  1.0000E+00
 1.9485E+02  6.0203E-01  1.8487E+02  5.7647E-01  3.5238E+02  1.0000E+00
 1.9635E+02  6.0252E-01  1.8362E+02  5.7773E-01  3.5048E+02  1.0000E+00
 1.9785E+02  6.0302E-01  1.8237E+02  5.7900E-01  3.4859E+02  1.0000E+00
 1.9937E+02  6.0351E-01  1.8113E+02  5.8026E-01  3.4670E+02  1.0000E+00
 2.0089E+02  6.0401E-01  1.7990E+02  5.8153E-01  3.4483E+02  1.0000E+00
 2.0243E+02  6.0451E-01  1.7868E+02  5.8279E-01  3.4296E+02  1.0000E+00
 2.0398E+02  6.0502E-01  1.7747E+02  5.8405E-01  3.4111E+02  1.0000E+00
 2.0554E+02  6.0552E-01  1.7627E+02  5.8532E-01  3.3926E+02  1.0000E+00
 2.0712E+02  6.0603E-01  1.7508E+02  5.8658E-01  3.3742E+02  1.0000E+00
 2.0870E+02  6.0654E-01  1.7389E+02  5.8785E-01  3.3558E+02  1.0000E+00
 2.1030E+02  6.0706E-01  1.7272E+02  5.8911E-01  3.3376E+02  1.0000E+00
 2.1191E+02  6.0757E-01  1.7155E+02  5.9038E-01  3.3195E+02  1.0000E+00
 2.1354E+02  6.0809E-01  1.7039E+02  5.9164E-01  3.3014E+02  1.0000E+00
 2.1517E+02  6.0861E-01  1.6924E+02  5.9291E-01  3.2834E+02  1.0000E+00
 2.1682E+02  6.0914E-01  1.6810E+02  5.9417E-01  3.2655E+02  1.0000E+00
 2.1848E+02  6.0967E-01  1.6697E+02  5.9544E-01  3.2477E+02  1.0000E+00
 2.2015E+02  6.1020E-01  1.6584E+02  5.9670E-01  3.2299E+02  1.0000E+00
 2.2184E+02  6.1073E-01  1.6473E+02  5.9797E-01  3.2123E+02  1.0000E+00
 2.2354E+02  6.1126E-01  1.6362E+02  5.9923E-01  3.1947E+02  1.0000E+00
 2.2525E+02  6.1180E-01  1.6252E+02  6.0050E-01  3.1772E+02  1.0000E+00
 2.2697E+02  6.1234E-01  1.6142E+02  6.0176E-01  3.1598E+02  1.0000E+00
 2.2871E+02  6.1289E-01  1.6034E+02  6.0303E-01  3.1425E+02  1.0000E+00
 2.3046E+02  6.1343E-01  1.5926E+02  6.0429E-01  3.1252E+02  1.0000E+00
 2.3223E+02  6.1398E-01  1.5819E+02  6.0556E-01  3.1080E+02  1.0000E+00
 2.3401E+02  6.1453E-01  1.5713E+02  6.0682E-01  3.0909E+02  1.0000E+00
 2.3580E+02  6.1509E-01  1.5608E+02  6.0809E-01  3.0739E+02  1.0000E+00
 2.3761E+02  6.1564E-01  1.5503E+02  6.0935E-01  3.0570E+02  1.0000E+00
 2.3942E+02  6.1620E-01  1.5399E+02  6.1062E-01  3.0402E+02  1.0000E+00
 2.4126E+02  6.1676E-01  1.5296E+02  6.1188E-01  3.0234E+02  1.0000E+00
 2.4311E+02  6.1733E-01  1.5194E+02  6.1315E-01  3.0067E+02  1.0000E+00
 2.4497E+02  6.1790E-01  1.5092E+02  6.1441E-01  2.9901E+02  1.0000E+00
 2.4684E+02  6.1847E-01  1.4991E+02  6.1568E-01  2.9735E+02  1.0000E+00
 2.4873E+02  6.1904E-01  1.4891E+02  6.1694E-01  2.9571E+02  1.0000E+00
 2.5064E+02  6.1962E-01  1.4791E+02  6.1821E-01  2.9407E+02  1.0000E+00
 2.5256E+02  6.2020E-01  1.4693E+02  6.1947E-01  2.9244E+02  1.0000E+00
 2.5449E+02  6.2078E-01  1.4595E+02  6.2074E-01  2.9082E+02  1.0000E+00
 2.5644E+02  6.2137E-01  1.4498E+02  6.2201E-01  2.8920E+02  1.0000E+00
 2.5841E+02  6.2196E-01  1.4401E+02  6.2327E-01  2.8760E+02  1.0000E+00
 2.6038E+02  6.2256E-01  1.4305E+02  6.2454E-01  2.8600E+02  1.0000E+00
 2.6238E+02  6.2315E-01  1.4210E+02  6.2580E-01  2.8441E+02  1.0000E+00
 2.6439E+02  6.2376E-01  1.4116E+02  6.2707E-01  2.8282E+02  1.0000E+00
 2.6641E+02  6.2436E-01  1.4022E+02  6.2834E-01  2.8125E+02  1.0000E+00
 2.6845E+02  6.2497E-01  1.3929E+02  6.2960E-01  2.7968E+02  1.0000E+00
 2.7051E+02  6.2558E-01  1.3837E+02  6.3087E-01  2.7812E+02  1.0000E+00
 2.7258E+02  6.2620E-01  1.3745E+02  6.3213E-01  2.7657E+02  1.0000E+00
 2.7467E+02  6.2682E-01  1.3654E+02  6.3340E-01  2.7502E+02  1.0000E+00
 2.7677E+02  6.2744E-01  1.3564E+02  6.3467E-01  2.7348E+02  1.0000E+00
 2.7889E+02  6.2807E-01  1.3474E+02  6.3593E-01  2.7195E+02  1.0000E+00
 2.8103E+02  6.2870E-01  1.3385E+02  6.3720E-01  2.7043E+02  1.0000E+00
 2.8318E+02  6.2934E-01  1.3297E+02  6.3846E-01  2.6891E+02  1.0000E+00
 2.8535E+02  6.2998E-01  1.3209E+02  6.3973E-01  2.6741E+02  1.0000E+00
 2.8753E+02  6.3062E-01  1.3122E+02  6.4100E-01  2.6590E+02  1.0000E+00
 2.8974E+02  6.3127E-01  1.3036E+02  6.4226E-01  2.6441E+02  1.0000E+00
 2.9195E+02  6.3192E-01  1.2950E+02  6.4353E-01  2.6293E+02  1.0000E+00
 2.9419E+02  6.3257E-01  1.2865E+02  6.4480E-01  2.6145E+02  1.0000E+00
 2.9644E+02  6.3323E-01  1.2780E+02  6.4606E-01  2.5997E+02  1.0000E+00
 2.9871E+02  6.3389E-01  1.2696E+02  6.4733E-01  2.5851E+02  1.0000E+00
 3.0100E+02  6.3455E-01  1.2613E+02  6.4860E-01  2.5705E+02  1.0000E+00
 3.0331E+02  6.3522E-01  1.2530E+02  6.4986E-01  2.5560E+02  1.0000E+00
 3.0563E+02  6.3589E-01  1.2448E+02  6.5113E-01  2.5416E+02  1.0000E+00
 3.0797E+02  6.3657E-01  1.2367E+02  6.5240E-01  2.5273E+02  1.0000E+00
 3.1033E+02  6.3725E-01  1.2286E+02  6.5367E-01  2.5130E+02  1.0000E+00
 3.1271E+02  6.3794E-01  1.2205E+02  6.5493E-01  2.4988E+02  1.0000E+00
 3.1510E+02  6.3862E-01  1.2126E+02  6.5620E-01  2.4846E+02  1.0000E+00
 3.1751E+02  6.3932E-01  1.2047E+02  6.5747E-01  2.4706E+02  1.0000E+00
 3.1994E+02  6.4001E-01  1.1968E+02  6.5873E-01  2.4566E+02  1.0000E+00
 3.2240E+02  6.4071E-01  1.1890E+02  6.6000E-01  2.4426E+02  1.0000E+00
 3.2486E+02  6.4142E-01  1.1813E+02  6.6127E-01  2.4288E+02  1.0000E+00
 3.2735E+02  6.4212E-01  1.1736E+02  6.6254E-01  2.4150E+02  1.0000E+00
 3.2986E+02  6.4284E-01  1.1659E+02  6.6380E-01  2.4013E+02  1.0000E+00
 3.3239E+02  6.4355E-01  1.1584E+02  6.6507E-01  2.3876E+02  1.0000E+00
 3.3493E+02  6.4427E-01  1.1508E+02  6.6634E-01  2.3740E+02  1.0000E+00
 3.3750E+02  6.4500E-01  1.1434E+02  6.6761E-01  2.3605E+02  1.0000E+00
 3.4008E+02  6.4572E-01  1.1360E+02  6.6888E-01  2.3471E+02  1.0000E+00
 3.4268E+02  6.4646E-01  1.1286E+02  6.7014E-01  2.3337E+02  1.0000E+00
 3.4531E+02  6.4719E-01  1.1213E+02  6.7141E-01  2.3204E+02  1.0000E+00
 3.4795E+02  6.4793E-01  1.1140E+02  6.7268E-01  2.3071E+02  1.0000E+00
 3.5062E+02  6.4868E-01  1.1068E+02  6.7395E-01  2.2940E+02  1.0000E+00
 3.5330E+02  6.4942E-01  1.0997E+02  6.7522E-01  2.2809E+02  1.0000E+00
 3.5601E+02  6.5018E-01  1.0926E+02  6.7648E-01  2.2678E+02  1.0000E+00
 3.5874E+02  6.5093E-01  1.0856E+02  6.7775E-01  2.2548E+02  1.0000E+00
 3.6148E+02  6.5169E-01  1.0786E+02  6.7902E-01  2.2419E+02  1.0000E+00
 3.6425E+02  6.5246E-01  1.0716E+02  6.8029E-01  2.2291E+02  1.0000E+00
 3.6704E+02  6.5323E-01  1.0647E+02  6.8156E-01  2.2163E+02  1.0000E+00
 3.6985E+02  6.5400E-01  1.0579E+02  6.8283E-01  2.2036E+02  1.0000E+00
 3.7268E+02  6.5478E-01  1.0511E+02  6.8409E-01  2.1910E+02  1.0000E+00
 3.7554E+02  6.5556E-01  1.0443E+02  6.8536E-01  2.1784E+02  1.0000E+00
 3.7841E+02  6.5634E-01  1.0376E+02  6.8663E-01  2.1659E+02  1.0000E+00
 3.8131E+02  6.5713E-01  1.0310E+02  6.8790E-01  2.1534E+02  1.0000E+00
 3.8423E+02  6.5793E-01  1.0244E+02  6.8917E-01  2.1410E+02  1.0000E+00
 3.8718E+02  6.5872E-01  1.0178E+02  6.9044E-01  2.1287E+02  1.0000E+00
 3.9014E+02  6.5953E-01  1.0113E+02  6.9171E-01  2.1164E+02  1.0000E+00
 3.9313E+02  6.6033E-01  1.0049E+02  6.9298E-01  2.1042E+02  1.0000E+00
 3.9614E+02  6.6114E-01  9.9844E+01  6.9425E-01  2.0921E+02  1.0000E+00
 3.9917E+02  6.6196E-01  9.9207E+01  6.9552E-01  2.0800E+02  1.0000E+00
 4.0223E+02  6.6278E-01  9.8575E+01  6.9679E-01  2.0680E+02  1.0000E+00
 4.0531E+02  6.6360E-01  9.7947E+01  6.9806E-01  2.0561E+02  1.0000E+00
 4.0841E+02  6.6443E-01  9.7324E+01  6.9933E-01  2.0442E+02  1.0000E+00
 4.1154E+02  6.6526E-01  9.6705E+01  7.0059E-01  2.0324E+02  1.0000E+00
 4.1469E+02  6.6610E-01  9.6090E+01  7.0186E-01  2.0206E+02  1.0000E+00
 4.1787E+02  6.6694E-01  9.5480E+01  7.0313E-01  2.0089E+02  1.0000E+00
 4.2107E+02  6.6779E-01  9.4874E+01  7.0440E-01  1.9973E+02  1.0000E+00
 4.2429E+02  6.6864E-01  9.4273E+01  7.0567E-01  1.9857E+02  1.0000E+00
 4.2754E+02  6.6949E-01  9.3676E+01  7.0694E-01  1.9742E+02  1.0000E+00
 4.3082E+02  6.7035E-01  9.3083E+01  7.0822E-01  1.9628E+02  1.0000E+00
 4.3412E+02  6.7122E-01  9.2494E+01  7.0949E-01  1.9514E+02  1.0000E+00
 4.3744E+02  6.7208E-01  9.1909E+01  7.1076E-01  1.9400E+02  1.0000E+00
 4.4079E+02  6.7296E-01  9.1329E+01  7.1203E-01  1.9288E+02  1.0000E+00
 4.4417E+02  6.7383E-01  9.0753E+01  7.1330E-01  1.9176E+02  1.0000E+00
 4.4757E+02  6.7472E-01  9.0181E+01  7.1457E-01  1.9064E+02  1.0000E+00
 4.5100E+02  6.7560E-01  8.9613E+01  7.1584E-01  1.8953E+02  1.0000E+00
 4.5445E+02  6.7649E-01  8.9048E+01  7.1711E-01  1.8843E+02  1.0000E+00
 4.5793E+02  6.7739E-01  8.8488E+01  7.1838E-01  1.8733E+02  1.0000E+00
 4.6144E+02  6.7829E-01  8.7932E+01  7.1965E-01  1.8624E+02  1.0000E+00
 4.6497E+02  6.7919E-01  8.7380E+01  7.2092E-01  1.8515E+02  1.0000E+00
 4.6853E+02  6.8010E-01  8.6832E+01  7.2219E-01  1.8407E+02  1.0000E+00
 4.7212E+02  6.8102E-01  8.6287E+01  7.2347E-01  1.8300E+02  1.0000E+00
 4.7574E+02  6.8194E-01  8.5747E+01  7.2474E-01  1.8193E+02  1.0000E+00
 4.7938E+02  6.8286E-01  8.5210E+01  7.2601E-01  1.8086E+02  1.0000E+00
 4.8305E+02  6.8379E-01  8.4677E+01  7.2728E-01  1.7981E+02  1.0000E+00
 4.8675E+02  6.8472E-01  8.4148E+01  7.2855E-01  1.7875E+02  1.0000E+00
 4.9048E+02  6.8566E-01  8.3622E+01  7.2982E-01  1.7771E+02  1.0000E+00
 4.9424E+02  6.8660E-01  8.3100E+01  7.3110E-01  1.7667E+02  1.0000E+00
 4.9802E+02  6.8755E-01  8.2582E+01  7.3237E-01  1.7563E+02  1.0000E+00
 5.0183E+02  6.8850E-01  8.2068E+01  7.3364E-01  1.7460E+02  1.0000E+00
 5.0568E+02  6.8945E-01  8.1557E+01  7.3491E-01  1.7358E+02  1.0000E+00
 5.0955E+02  6.9041E-01  8.1049E+01  7.3618E-01  1.7256E+02  1.0000E+00
 5.1345E+02  6.9138E-01  8.0545E+01  7.3746E-01  1.7155E+02  1.0000E+00
 5.1738E+02  6.9235E-01  8.0045E+01  7.3873E-01  1.7054E+02  1.0000E+00
 5.2135E+02  6.9332E-01  7.9548E+01  7.4000E-01  1.6954E+02  1.0000E+00
 5.2534E+02  6.9430E-01  7.9054E+01  7.4128E-01  1.6854E+02  1.0000E+00
 5.2936E+02  6.9528E-01  7.8564E+01  7.4255E-01  1.6755E+02  1.0000E+00
 5.3342E+02  6.9627E-01  7.8078E+01  7.4382E-01  1.6656E+02  1.0000E+00
 5.3750E+02  6.9726E-01  7.7594E+01  7.4509E-01  1.6558E+02  1.0000E+00
 5.4162E+02  6.9826E-01  7.7114E+01  7.4637E-01  1.6460E+02  1.0000E+00
 5.4577E+02  6.9926E-01  7.6638E+01  7.4764E-01  1.6363E+02  1.0000E+00
 5.4995E+02  7.0026E-01  7.6164E+01  7.4892E-01  1.6267E+02  1.0000E+00
 5.5416E+02  7.0127E-01  7.5694E+01  7.5019E-01  1.6171E+02  1.0000E+00
 5.5840E+02  7.0229E-01  7.5227E+01  7.5146E-01  1.6075E+02  1.0000E+00
 5.6268E+02  7.0331E-01  7.4763E+01  7.5274E-01  1.5981E+02  1.0000E+00
 5.6699E+02  7.0433E-01  7.4303E+01  7.5401E-01  1.5886E+02  1.0000E+00
 5.7133E+02  7.0536E-01  7.3845E+01  7.5528E-01  1.5792E+02  1.0000E+00
 5.7571E+02  7.0639E-01  7.3391E+01  7.5656E-01  1.5699E+02  1.0000E+00
 5.8011E+02  7.0743E-01  7.2940E+01  7.5783E-01  1.5606E+02  1.0000E+00
 5.8456E+02  7.0847E-01  7.2491E+01  7.5911E-01  1.5514E+02  1.0000E+00
 5.8903E+02  7.0951E-01  7.2046E+01  7.6038E-01  1.5422E+02  1.0000E+00
 5.9354E+02  7.1056E-01  7.1604E+01  7.6166E-01  1.5330E+02  1.0000E+00
 5.9809E+02  7.1162E-01  7.1165E+01  7.6293E-01  1.5239E+02  1.0000E+00
 6.0267E+02  7.1268E-01  7.0729E+01  7.6421E-01  1.5149E+02  1.0000E+00
 6.0729E+02  7.1374E-01  7.0296E+01  7.6548E-01  1.5059E+02  1.0000E+00
 6.1194E+02  7.1481E-01  6.9866E+01  7.6676E-01  1.4970E+02  1.0000E+00
 6.1662E+02  7.1588E-01  6.9438E+01  7.6803E-01  1.4881E+02  1.0000E+00
 6.2135E+02  7.1695E-01  6.9014E+01  7.6931E-01  1.4793E+02  1.0000E+00
 6.2610E+02  7.1804E-01  6.8592E+01  7.7058E-01  1.4705E+02  1.0000E+00
 6.3090E+02  7.1912E-01  6.8174E+01  7.7186E-01  1.4617E+02  1.0000E+00
 6.3573E+02  7.2021E-01  6.7758E+01  7.7314E-01  1.4530E+02  1.0000E+00
 6.4060E+02  7.2131E-01  6.7345E+01  7.7441E-01  1.4444E+02  1.0000E+00
 6.4551E+02  7.2240E-01  6.6934E+01  7.7569E-01  1.4358E+02  1.0000E+00
 6.5045E+02  7.2351E-01  6.6527E+01  7.7697E-01  1.4272E+02  1.0000E+00
 6.5543E+02  7.2461E-01  6.6122E+01  7.7824E-01  1.4187E+02  1.0000E+00
 6.6045E+02  7.2573E-01  6.5720E+01  7.7952E-01  1.4103E+02  1.0000E+00
 6.6551E+02  7.2684E-01  6.5320E+01  7.8080E-01  1.4019E+02  1.0000E+00
 6.7060E+02  7.2796E-01  6.4923E+01  7.8207E-01  1.3935E+02  1.0000E+00
 6.7574E+02  7.2909E-01  6.4529E+01  7.8335E-01  1.3852E+02  1.0000E+00
 6.8092E+02  7.3022E-01  6.4138E+01  7.8463E-01  1.3769E+02  1.0000E+00
 6.8613E+02  7.3135E-01  6.3749E+01  7.8591E-01  1.3687E+02  1.0000E+00
 6.9138E+02  7.3249E-01  6.3362E+01  7.8718E-01  1.3605E+02  1.0000E+00
 6.9668E+02  7.3363E-01  6.2978E+01  7.8846E-01  1.3524E+02  1.0000E+00
 7.0201E+02  7.3478E-01  6.2597E+01  7.8974E-01  1.3443E+02  1.0000E+00
 7.0739E+02  7.3593E-01  6.2218E+01  7.9102E-01  1.3362E+02  1.0000E+00
 7.1281E+02  7.3709E-01  6.1842E+01  7.9229E-01  1.3282E+02  1.0000E+00
 7.1827E+02  7.3825E-01  6.1468E+01  7.9357E-01  1.3203E+02  1.0000E+00
 7.2377E+02  7.3941E-01  6.1097E+01  7.9485E-01  1.3124E+02  1.0000E+00
 7.2931E+02  7.4058E-01  6.0728E+01  7.9613E-01  1.3045E+02  1.0000E+00
 7.3490E+02  7.4175E-01  6.0362E+01  7.9741E-01  1.2967E+02  1.0000E+00
 7.4052E+02  7.4293E-01  5.9998E+01  7.9869E-01  1.2889E+02  1.0000E+00
 7.4620E+02  7.4411E-01  5.9636E+01  7.9997E-01  1.2812E+02  1.0000E+00
 7.5191E+02  7.4530E-01  5.9277E+01  8.0125E-01  1.2735E+02  1.0000E+00
 7.5767E+02  7.4649E-01  5.8920E+01  8.0253E-01  1.2658E+02  1.0000E+00
 7.6347E+02  7.4768E-01  5.8565E+01  8.0381E-01  1.2582E+02  1.0000E+00
 7.6932E+02  7.4888E-01  5.8213E+01  8.0509E-01  1.2507E+02  1.0000E+00
 7.7521E+02  7.5008E-01  5.7863E+01  8.0637E-01  1.2431E+02  1.0000E+00
 7.8115E+02  7.5129E-01  5.7516E+01  8.0765E-01  1.2357E+02  1.0000E+00
 7.8713E+02  7.5250E-01  5.7170E+01  8.0893E-01  1.2282E+02  1.0000E+00
 7.9316E+02  7.5372E-01  5.6827E+01  8.1021E-01  1.2208E+02  1.0000E+00
 7.9923E+02  7.5494E-01  5.6486E+01  8.1149E-01  1.2135E+02  1.0000E+00
 8.0535E+02  7.5616E-01  5.6147E+01  8.1277E-01  1.2062E+02  1.0000E+00
 8.1152E+02  7.5739E-01  5.5811E+01  8.1405E-01  1.1989E+02  1.0000E+00
 8.1774E+02  7.5862E-01  5.5476E+01  8.1533E-01  1.1917E+02  1.0000E+00
 8.2400E+02  7.5986E-01  5.5144E+01  8.1662E-01  1.1845E+02  1.0000E+00
 8.3031E+02  7.6110E-01  5.4814E+01  8.1790E-01  1.1773E+02  1.0000E+00
 8.3667E+02  7.6235E-01  5.4486E+01  8.1918E-01  1.1702E+02  1.0000E+00
 8.4307E+02  7.6360E-01  5.4161E+01  8.2046E-01  1.1632E+02  1.0000E+00
 8.4953E+02  7.6485E-01  5.3837E+01  8.2174E-01  1.1561E+02  1.0000E+00
 8.5604E+02  7.6611E-01  5.3515E+01  8.2303E-01  1.1491E+02  1.0000E+00
 8.6259E+02  7.6737E-01  5.3196E+01  8.2431E-01  1.1422E+02  1.0000E+00
 8.6920E+02  7.6864E-01  5.2878E+01  8.2559E-01  1.1353E+02  1.0000E+00
 8.7586E+02  7.6991E-01  5.2563E+01  8.2688E-01  1.1284E+02  1.0000E+00
 8.8256E+02  7.7118E-01  5.2249E+01  8.2816E-01  1.1216E+02  1.0000E+00
 8.8932E+02  7.7246E-01  5.1938E+01  8.2944E-01  1.1148E+02  1.0000E+00
 8.9613E+02  7.7375E-01  5.1628E+01  8.3073E-01  1.1081E+02  1.0000E+00
 9.0300E+02  7.7503E-01  5.1321E+01  8.3201E-01  1.1013E+02  1.0000E+00
 9.0991E+02  7.7632E-01  5.1015E+01  8.3329E-01  1.0947E+02  1.0000E+00
 9.1688E+02  7.7762E-01  5.0712E+01  8.3458E-01  1.0880E+02  1.0000E+00
 9.2390E+02  7.7892E-01  5.0410E+01  8.3586E-01  1.0814E+02  1.0000E+00
 9.3098E+02  7.8022E-01  5.0110E+01  8.3715E-01  1.0749E+02  1.0000E+00
 9.3811E+02  7.8153E-01  4.9812E+01  8.3843E-01  1.0684E+02  1.0000E+00
 9.4529E+02  7.8284E-01  4.9516E+01  8.3972E-01  1.0619E+02  1.0000E+00
 9.5253E+02  7.8415E-01  4.9222E+01  8.4101E-01  1.0554E+02  1.0000E+00
 9.5983E+02  7.8547E-01  4.8930E+01  8.4229E-01  1.0490E+02  1.0000E+00
 9.6718E+02  7.8679E-01  4.8639E+01  8.4358E-01  1.0426E+02  1.0000E+00
 9.7458E+02  7.8812E-01  4.8350E+01  8.4486E-01  1.0363E+02  1.0000E+00
 9.8205E+02  7.8944E-01  4.8063E+01  8.4615E-01  1.0300E+02  1.0000E+00
 9.8957E+02  7.9077E-01  4.7778E+01  8.4744E-01  1.0237E+02  1.0000E+00
 9.9715E+02  7.9211E-01  4.7495E+01  8.4872E-01  1.0175E+02  1.0000E+00
 1.0048E+03  7.9345E-01  4.7213E+01  8.5001E-01  1.0113E+02  1.0000E+00
 1.0125E+03  7.9479E-01  4.6933E+01  8.5130E-01  1.0051E+02  1.0000E+00
 1.0202E+03  7.9613E-01  4.6655E+01  8.5259E-01  9.9902E+01  1.0000E+00
 1.0280E+03  7.9748E-01  4.6378E+01  8.5387E-01  9.9293E+01  1.0000E+00
 1.0359E+03  7.9883E-01  4.6103E+01  8.5516E-01  9.8688E+01  1.0000E+00
 1.0439E+03  8.0018E-01  4.5830E+01  8.5645E-01  9.8086E+01  1.0000E+00
 1.0518E+03  8.0154E-01  4.5558E+01  8.5774E-01  9.7488E+01  1.0000E+00
 1.0599E+03  8.0290E-01  4.5288E+01  8.5903E-01  9.6893E+01  1.0000E+00
 1.0680E+03  8.0426E-01  4.5020E+01  8.6032E-01  9.6301E+01  1.0000E+00
 1.0762E+03  8.0563E-01  4.4754E+01  8.6161E-01  9.5713E+01  1.0000E+00
 1.0844E+03  8.0700E-01  4.4489E+01  8.6290E-01  9.5129E+01  1.0000E+00
 1.0927E+03  8.0837E-01  4.4225E+01  8.6419E-01  9.4548E+01  1.0000E+00
 1.1011E+03  8.0975E-01  4.3964E+01  8.6548E-01  9.3970E+01  1.0000E+00
 1.1095E+03  8.1113E-01  4.3703E+01  8.6677E-01  9.3395E+01  1.0000E+00
 1.1180E+03  8.1251E-01  4.3445E+01  8.6806E-01  9.2824E+01  1.0000E+00
 1.1266E+03  8.1390E-01  4.3188E+01  8.6935E-01  9.2256E+01  1.0000E+00
 1.1352E+03  8.1529E-01  4.2932E+01  8.7064E-01  9.1692E+01  1.0000E+00
 1.1439E+03  8.1668E-01  4.2679E+01  8.7193E-01  9.1131E+01  1.0000E+00
 1.1527E+03  8.1808E-01  4.2426E+01  8.7322E-01  9.0573E+01  1.0000E+00
 1.1615E+03  8.1948E-01  4.2176E+01  8.7452E-01  9.0018E+01  1.0000E+00
 1.1704E+03  8.2088E-01  4.1926E+01  8.7581E-01  8.9466E+01  1.0000E+00
 1.1794E+03  8.2228E-01  4.1678E+01  8.7710E-01  8.8918E+01  1.0000E+00
 1.1884E+03  8.2369E-01  4.1432E+01  8.7840E-01  8.8373E+01  1.0000E+00
 1.1975E+03  8.2510E-01  4.1187E+01  8.7969E-01  8.7831E+01  1.0000E+00
 1.2067E+03  8.2652E-01  4.0944E+01  8.8098E-01  8.7292E+01  1.0000E+00
 1.2159E+03  8.2794E-01  4.0702E+01  8.8228E-01  8.6757E+01  1.0000E+00
 1.2252E+03  8.2936E-01  4.0462E+01  8.8357E-01  8.6224E+01  1.0000E+00
 1.2346E+03  8.3079E-01  4.0223E+01  8.8487E-01  8.5695E+01  1.0000E+00
 1.2441E+03  8.3221E-01  3.9986E+01  8.8616E-01  8.5168E+01  1.0000E+00
 1.2536E+03  8.3365E-01  3.9750E+01  8.8746E-01  8.4645E+01  1.0000E+00
 1.2632E+03  8.3508E-01  3.9515E+01  8.8875E-01  8.4125E+01  1.0000E+00
 1.2729E+03  8.3652E-01  3.9282E+01  8.9005E-01  8.3608E+01  1.0000E+00
 1.2826E+03  8.3796E-01  3.9050E+01  8.9134E-01  8.3094E+01  1.0000E+00
 1.2924E+03  8.3940E-01  3.8820E+01  8.9264E-01  8.2583E+01  1.0000E+00
 1.3023E+03  8.4085E-01  3.8591E+01  8.9394E-01  8.2075E+01  1.0000E+00
 1.3123E+03  8.4230E-01  3.8363E+01  8.9523E-01  8.1569E+01  1.0000E+00
 1.3224E+03  8.4375E-01  3.8137E+01  8.9653E-01  8.1067E+01  1.0000E+00
 1.3325E+03  8.4521E-01  3.7912E+01  8.9783E-01  8.0568E+01  1.0000E+00
 1.3427E+03  8.4667E-01  3.7689E+01  8.9913E-01  8.0072E+01  1.0000E+00
 1.3530E+03  8.4813E-01  3.7466E+01  9.0043E-01  7.9579E+01  1.0000E+00
 1.3633E+03  8.4960E-01  3.7245E+01  9.0172E-01  7.9088E+01  1.0000E+00
 1.3738E+03  8.5107E-01  3.7026E+01  9.0302E-01  7.8601E+01  1.0000E+00
 1.3843E+03  8.5254E-01  3.6808E+01  9.0432E-01  7.8116E+01  1.0000E+00
 1.3949E+03  8.5402E-01  3.6591E+01  9.0562E-01  7.7634E+01  1.0000E+00
 1.4056E+03  8.5549E-01  3.6375E+01  9.0692E-01  7.7155E+01  1.0000E+00
 1.4164E+03  8.5698E-01  3.6161E+01  9.0822E-01  7.6679E+01  1.0000E+00
 1.4272E+03  8.5846E-01  3.5948E+01  9.0952E-01  7.6206E+01  1.0000E+00
 1.4381E+03  8.5995E-01  3.5736E+01  9.1083E-01  7.5735E+01  1.0000E+00
 1.4491E+03  8.6144E-01  3.5526E+01  9.1213E-01  7.5267E+01  1.0000E+00
 1.4602E+03  8.6293E-01  3.5316E+01  9.1343E-01  7.4802E+01  1.0000E+00
 1.4714E+03  8.6443E-01  3.5108E+01  9.1473E-01  7.4340E+01  1.0000E+00
 1.4827E+03  8.6593E-01  3.4902E+01  9.1603E-01  7.3881E+01  1.0000E+00
 1.4940E+03  8.6743E-01  3.4696E+01  9.1734E-01  7.3424E+01  1.0000E+00
 1.5055E+03  8.6894E-01  3.4492E+01  9.1864E-01  7.2970E+01  1.0000E+00
 1.5170E+03  8.7045E-01  3.4289E+01  9.1994E-01  7.2518E+01  1.0000E+00
 1.5286E+03  8.7196E-01  3.4087E+01  9.2125E-01  7.2070E+01  1.0000E+00
 1.5403E+03  8.7348E-01  3.3886E+01  9.2255E-01  7.1623E+01  1.0000E+00
 1.5521E+03  8.7499E-01  3.3687E+01  9.2386E-01  7.1180E+01  1.0000E+00
 1.5640E+03  8.7651E-01  3.3488E+01  9.2516E-01  7.0739E+01  1.0000E+00
 1.5760E+03  8.7804E-01  3.3291E+01  9.2647E-01  7.0301E+01  1.0000E+00
 1.5881E+03  8.7957E-01  3.3095E+01  9.2778E-01  6.9866E+01  1.0000E+00
 1.6002E+03  8.8109E-01  3.2900E+01  9.2908E-01  6.9433E+01  1.0000E+00
 1.6125E+03  8.8263E-01  3.2707E+01  9.3039E-01  6.9002E+01  1.0000E+00
 1.6248E+03  8.8416E-01  3.2514E+01  9.3170E-01  6.8574E+01  1.0000E+00
 1.6373E+03  8.8570E-01  3.2323E+01  9.3301E-01  6.8149E+01  1.0000E+00
 1.6498E+03  8.8724E-01  3.2133E+01  9.3431E-01  6.7726E+01  1.0000E+00
 1.6625E+03  8.8879E-01  3.1944E+01  9.3562E-01  6.7306E+01  1.0000E+00
 1.6752E+03  8.9034E-01  3.1756E+01  9.3693E-01  6.6888E+01  1.0000E+00
 1.6880E+03  8.9189E-01  3.1569E+01  9.3824E-01  6.6473E+01  1.0000E+00
 1.7009E+03  8.9344E-01  3.1383E+01  9.3955E-01  6.6060E+01  1.0000E+00
 1.7140E+03  8.9500E-01  3.1198E+01  9.4086E-01  6.5650E+01  1.0000E+00
 1.7271E+03  8.9660E-01  3.1016E+01  9.4217E-01  6.5242E+01  1.0000E+00
 1.7403E+03  8.9825E-01  3.0837E+01  9.4349E-01  6.4837E+01  1.0000E+00
 1.7537E+03  8.9990E-01  3.0658E+01  9.4480E-01  6.4434E+01  1.0000E+00
 1.7671E+03  9.0155E-01  3.0481E+01  9.4611E-01  6.4033E+01  1.0000E+00
 1.7806E+03  9.0320E-01  3.0304E+01  9.4742E-01  6.3635E+01  1.0000E+00
 1.7943E+03  9.0485E-01  3.0128E+01  9.4874E-01  6.3239E+01  1.0000E+00
 1.8080E+03  9.0649E-01  2.9953E+01  9.5005E-01  6.2846E+01  1.0000E+00
 1.8218E+03  9.0813E-01  2.9779E+01  9.5136E-01  6.2455E+01  1.0000E+00
 1.8358E+03  9.0977E-01  2.9606E+01  9.5268E-01  6.2066E+01  1.0000E+00
 1.8499E+03  9.1141E-01  2.9433E+01  9.5399E-01  6.1680E+01  1.0000E+00
 1.8640E+03  9.1305E-01  2.9261E+01  9.5531E-01  6.1295E+01  1.0000E+00
 1.8783E+03  9.1468E-01  2.9091E+01  9.5663E-01  6.0914E+01  1.0000E+00
 1.8927E+03  9.1631E-01  2.8921E+01  9.5794E-01  6.0534E+01  1.0000E+00
 1.9072E+03  9.1794E-01  2.8751E+01  9.5926E-01  6.0157E+01  1.0000E+00
 1.9218E+03  9.1957E-01  2.8583E+01  9.6058E-01  5.9782E+01  1.0000E+00
 1.9365E+03  9.2120E-01  2.8416E+01  9.6190E-01  5.9409E+01  1.0000E+00
 1.9513E+03  9.2282E-01  2.8249E+01  9.6321E-01  5.9039E+01  1.0000E+00
 1.9663E+03  9.2445E-01  2.8083E+01  9.6453E-01  5.8671E+01  1.0000E+00
 1.9813E+03  9.2607E-01  2.7918E+01  9.6585E-01  5.8305E+01  1.0000E+00
 1.9965E+03  9.2769E-01  2.7754E+01  9.6717E-01  5.7941E+01  1.0000E+00
 2.0118E+03  9.2930E-01  2.7591E+01  9.6850E-01  5.7579E+01  1.0000E+00
 2.0272E+03  9.3092E-01  2.7428E+01  9.6982E-01  5.7220E+01  1.0000E+00
 2.0427E+03  9.3253E-01  2.7267E+01  9.7114E-01  5.6863E+01  1.0000E+00
 2.0584E+03  9.3415E-01  2.7106E+01  9.7246E-01  5.6508E+01  1.0000E+00
 2.0741E+03  9.3576E-01  2.6946E+01  9.7378E-01  5.6155E+01  1.0000E+00
 2.0900E+03  9.3737E-01  2.6786E+01  9.7511E-01  5.5804E+01  1.0000E+00
 2.1060E+03  9.3898E-01  2.6628E+01  9.7643E-01  5.5455E+01  1.0000E+00
 2.1222E+03  9.4058E-01  2.6470E+01  9.7776E-01  5.5109E+01  1.0000E+00
 2.1384E+03  9.4219E-01  2.6314E+01  9.7908E-01  5.4764E+01  1.0000E+00
 2.1548E+03  9.4379E-01  2.6158E+01  9.8041E-01  5.4422E+01  1.0000E+00
 2.1713E+03  9.4539E-01  2.6003E+01  9.8173E-01  5.4082E+01  1.0000E+00
 2.1879E+03  9.4699E-01  2.5848E+01  9.8306E-01  5.3743E+01  1.0000E+00
 2.2047E+03  9.4859E-01  2.5695E+01  9.8439E-01  5.3407E+01  1.0000E+00
 2.2216E+03  9.5019E-01  2.5542E+01  9.8572E-01  5.3073E+01  1.0000E+00
 2.2386E+03  9.5178E-01  2.5390E+01  9.8705E-01  5.2741E+01  1.0000E+00
 2.2557E+03  9.5338E-01  2.5239E+01  9.8838E-01  5.2411E+01  1.0000E+00
 2.2730E+03  9.5497E-01  2.5088E+01  9.8971E-01  5.2083E+01  1.0000E+00
 2.2904E+03  9.5656E-01  2.4939E+01  9.9104E-01  5.1756E+01  1.0000E+00
 2.3079E+03  9.5815E-01  2.4790E+01  9.9237E-01  5.1432E+01  1.0000E+00
 2.3256E+03  9.5974E-01  2.4642E+01  9.9370E-01  5.1110E+01  1.0000E+00
 2.3434E+03  9.6133E-01  2.4495E+01  9.9503E-01  5.0790E+01  1.0000E+00
 2.3614E+03  9.6292E-01  2.4348E+01  9.9637E-01  5.0472E+01  1.0000E+00
 2.3794E+03  9.6450E-01  2.4202E+01  9.9770E-01  5.0155E+01  1.0000E+00
 2.3977E+03  9.6608E-01  2.4058E+01  9.9903E-01  4.9841E+01  1.0000E+00
 2.4160E+03  9.6767E-01  2.3913E+01  1.0004E+00  4.9528E+01  1.0000E+00
 2.4345E+03  9.6925E-01  2.3770E+01  1.0017E+00  4.9218E+01  1.0000E+00
 2.4532E+03  9.7083E-01  2.3627E+01  1.0030E+00  4.8909E+01  1.0000E+00
 2.4720E+03  9.7241E-01  2.3485E+01  1.0044E+00  4.8602E+01  1.0000E+00
 2.4909E+03  9.7399E-01  2.3344E+01  1.0057E+00  4.8297E+01  1.0000E+00
 2.5100E+03  9.7556E-01  2.3204E+01  1.0071E+00  4.7994E+01  1.0000E+00
 2.5292E+03  9.7714E-01  2.3064E+01  1.0084E+00  4.7693E+01  1.0000E+00
 2.5486E+03  9.7871E-01  2.2926E+01  1.0097E+00  4.7394E+01  1.0000E+00
 2.5681E+03  9.8029E-01  2.2787E+01  1.0111E+00  4.7096E+01  1.0000E+00
 2.5878E+03  9.8186E-01  2.2650E+01  1.0124E+00  4.6800E+01  1.0000E+00
 2.6076E+03  9.8343E-01  2.2514E+01  1.0138E+00  4.6506E+01  1.0000E+00
 2.6275E+03  9.8500E-01  2.2378E+01  1.0151E+00  4.6214E+01  1.0000E+00
 2.6477E+03  9.8657E-01  2.2243E+01  1.0164E+00  4.5924E+01  1.0000E+00
 2.6679E+03  9.8814E-01  2.2108E+01  1.0178E+00  4.5635E+01  1.0000E+00
 2.6884E+03  9.8971E-01  2.1975E+01  1.0191E+00  4.5348E+01  1.0000E+00
 2.7090E+03  9.9127E-01  2.1842E+01  1.0205E+00  4.5063E+01  1.0000E+00
 2.7297E+03  9.9284E-01  2.1709E+01  1.0218E+00  4.4780E+01  1.0000E+00
 2.7506E+03  9.9440E-01  2.1578E+01  1.0232E+00  4.4498E+01  1.0000E+00
 2.7717E+03  9.9597E-01  2.1447E+01  1.0245E+00  4.4219E+01  1.0000E+00
 2.7929E+03  9.9753E-01  2.1317E+01  1.0259E+00  4.3940E+01  1.0000E+00
 2.8143E+03  9.9909E-01  2.1188E+01  1.0272E+00  4.3664E+01  1.0000E+00
 2.8358E+03  1.0007E+00  2.1059E+01  1.0286E+00  4.3389E+01  1.0000E+00
 2.8576E+03  1.0022E+00  2.0931E+01  1.0299E+00  4.3116E+01  1.0000E+00
 2.8794E+03  1.0038E+00  2.0804E+01  1.0313E+00  4.2845E+01  1.0000E+00
 2.9015E+03  1.0053E+00  2.0678E+01  1.0326E+00  4.2575E+01  1.0000E+00
 2.9237E+03  1.0069E+00  2.0552E+01  1.0340E+00  4.2307E+01  1.0000E+00
 2.9461E+03  1.0085E+00  2.0427E+01  1.0353E+00  4.2041E+01  1.0000E+00
 2.9687E+03  1.0100E+00  2.0302E+01  1.0367E+00  4.1776E+01  1.0000E+00
 2.9914E+03  1.0116E+00  2.0179E+01  1.0380E+00  4.1513E+01  1.0000E+00
 3.0143E+03  1.0131E+00  2.0056E+01  1.0394E+00  4.1251E+01  1.0000E+00
 3.0374E+03  1.0147E+00  1.9933E+01  1.0408E+00  4.0991E+01  1.0000E+00
 3.0607E+03  1.0162E+00  1.9812E+01  1.0421E+00  4.0733E+01  1.0000E+00
 3.0841E+03  1.0178E+00  1.9691E+01  1.0435E+00  4.0476E+01  1.0000E+00
 3.1077E+03  1.0193E+00  1.9570E+01  1.0448E+00  4.0221E+01  1.0000E+00
 3.1315E+03  1.0209E+00  1.9451E+01  1.0462E+00  3.9968E+01  1.0000E+00
 3.1555E+03  1.0224E+00  1.9332E+01  1.0476E+00  3.9716E+01  1.0000E+00
 3.1797E+03  1.0240E+00  1.9214E+01  1.0489E+00  3.9465E+01  1.0000E+00
 3.2040E+03  1.0255E+00  1.9096E+01  1.0503E+00  3.9216E+01  1.0000E+00
 3.2286E+03  1.0271E+00  1.8979E+01  1.0517E+00  3.8969E+01  1.0000E+00
 3.2533E+03  1.0286E+00  1.8863E+01  1.0530E+00  3.8723E+01  1.0000E+00
 3.2782E+03  1.0302E+00  1.8747E+01  1.0544E+00  3.8479E+01  1.0000E+00
 3.3033E+03  1.0317E+00  1.8632E+01  1.0558E+00  3.8236E+01  1.0000E+00
 3.3286E+03  1.0333E+00  1.8518E+01  1.0571E+00  3.7995E+01  1.0000E+00
 3.3541E+03  1.0348E+00  1.8404E+01  1.0585E+00  3.7755E+01  1.0000E+00
 3.3798E+03  1.0364E+00  1.8291E+01  1.0599E+00  3.7517E+01  1.0000E+00
 3.4057E+03  1.0379E+00  1.8179E+01  1.0612E+00  3.7280E+01  1.0000E+00
 3.4317E+03  1.0395E+00  1.8067E+01  1.0626E+00  3.7045E+01  1.0000E+00
 3.4580E+03  1.0410E+00  1.7956E+01  1.0640E+00  3.6811E+01  1.0000E+00
 3.4845E+03  1.0426E+00  1.7846E+01  1.0654E+00  3.6578E+01  1.0000E+00
 3.5112E+03  1.0441E+00  1.7736E+01  1.0667E+00  3.6347E+01  1.0000E+00
 3.5381E+03  1.0457E+00  1.7627E+01  1.0681E+00  3.6118E+01  1.0000E+00
 3.5652E+03  1.0472E+00  1.7518E+01  1.0695E+00  3.5889E+01  1.0000E+00
 3.5925E+03  1.0488E+00  1.7410E+01  1.0709E+00  3.5663E+01  1.0000E+00
 3.6200E+03  1.0503E+00  1.7303E+01  1.0723E+00  3.5437E+01  1.0000E+00
 3.6477E+03  1.0518E+00  1.7196E+01  1.0736E+00  3.5213E+01  1.0000E+00
 3.6757E+03  1.0534E+00  1.7090E+01  1.0750E+00  3.4991E+01  1.0000E+00
 3.7038E+03  1.0549E+00  1.6984E+01  1.0764E+00  3.4770E+01  1.0000E+00
 3.7322E+03  1.0565E+00  1.6880E+01  1.0778E+00  3.4550E+01  1.0000E+00
 3.7608E+03  1.0580E+00  1.6775E+01  1.0792E+00  3.4332E+01  1.0000E+00
 3.7896E+03  1.0596E+00  1.6672E+01  1.0806E+00  3.4114E+01  1.0000E+00
 3.8186E+03  1.0611E+00  1.6569E+01  1.0819E+00  3.3899E+01  1.0000E+00
 3.8478E+03  1.0627E+00  1.6466E+01  1.0833E+00  3.3684E+01  1.0000E+00
 3.8773E+03  1.0642E+00  1.6364E+01  1.0847E+00  3.3471E+01  1.0000E+00
 3.9070E+03  1.0658E+00  1.6263E+01  1.0861E+00  3.3260E+01  1.0000E+00
 3.9369E+03  1.0673E+00  1.6162E+01  1.0875E+00  3.3049E+01  1.0000E+00
 3.9671E+03  1.0688E+00  1.6062E+01  1.0889E+00  3.2840E+01  1.0000E+00
 3.9974E+03  1.0704E+00  1.5963E+01  1.0903E+00  3.2632E+01  1.0000E+00
 4.0281E+03  1.0719E+00  1.5864E+01  1.0917E+00  3.2426E+01  1.0000E+00
 4.0589E+03  1.0735E+00  1.5765E+01  1.0931E+00  3.2221E+01  1.0000E+00
 4.0900E+03  1.0750E+00  1.5668E+01  1.0945E+00  3.2017E+01  1.0000E+00
 4.1213E+03  1.0766E+00  1.5570E+01  1.0959E+00  3.1814E+01  1.0000E+00
 4.1529E+03  1.0781E+00  1.5474E+01  1.0973E+00  3.1613E+01  1.0000E+00
 4.1847E+03  1.0797E+00  1.5378E+01  1.0987E+00  3.1413E+01  1.0000E+00
 4.2167E+03  1.0812E+00  1.5282E+01  1.1001E+00  3.1214E+01  1.0000E+00
 4.2490E+03  1.0827E+00  1.5187E+01  1.1015E+00  3.1016E+01  1.0000E+00
 4.2816E+03  1.0843E+00  1.5093E+01  1.1029E+00  3.0820E+01  1.0000E+00
 4.3143E+03  1.0858E+00  1.4999E+01  1.1043E+00  3.0625E+01  1.0000E+00
 4.3474E+03  1.0874E+00  1.4906E+01  1.1057E+00  3.0431E+01  1.0000E+00
 4.3807E+03  1.0889E+00  1.4813E+01  1.1071E+00  3.0238E+01  1.0000E+00
 4.4142E+03  1.0905E+00  1.4721E+01  1.1085E+00  3.0047E+01  1.0000E+00
 4.4480E+03  1.0920E+00  1.4629E+01  1.1099E+00  2.9856E+01  1.0000E+00
 4.4821E+03  1.0936E+00  1.4538E+01  1.1114E+00  2.9667E+01  1.0000E+00
 4.5164E+03  1.0951E+00  1.4447E+01  1.1128E+00  2.9479E+01  1.0000E+00
 4.5510E+03  1.0967E+00  1.4357E+01  1.1142E+00  2.9293E+01  1.0000E+00
 4.5859E+03  1.0982E+00  1.4268E+01  1.1156E+00  2.9107E+01  1.0000E+00
 4.6210E+03  1.0998E+00  1.4179E+01  1.1170E+00  2.8923E+01  1.0000E+00
 4.6564E+03  1.1013E+00  1.4091E+01  1.1184E+00  2.8739E+01  1.0000E+00
 4.6920E+03  1.1029E+00  1.4003E+01  1.1199E+00  2.8557E+01  1.0000E+00
 4.7280E+03  1.1044E+00  1.3915E+01  1.1213E+00  2.8376E+01  1.0000E+00
 4.7642E+03  1.1060E+00  1.3828E+01  1.1227E+00  2.8196E+01  1.0000E+00
 4.8007E+03  1.1075E+00  1.3742E+01  1.1241E+00  2.8018E+01  1.0000E+00
 4.8374E+03  1.1091E+00  1.3656E+01  1.1256E+00  2.7840E+01  1.0000E+00
 4.8745E+03  1.1106E+00  1.3571E+01  1.1270E+00  2.7664E+01  1.0000E+00
 4.9118E+03  1.1122E+00  1.3486E+01  1.1284E+00  2.7488E+01  1.0000E+00
 4.9494E+03  1.1137E+00  1.3402E+01  1.1299E+00  2.7314E+01  1.0000E+00
 4.9873E+03  1.1153E+00  1.3318E+01  1.1313E+00  2.7141E+01  1.0000E+00
 5.0255E+03  1.1168E+00  1.3235E+01  1.1327E+00  2.6969E+01  1.0000E+00
 5.0640E+03  1.1184E+00  1.3152E+01  1.1342E+00  2.6798E+01  1.0000E+00
 5.1028E+03  1.1199E+00  1.3070E+01  1.1356E+00  2.6628E+01  1.0000E+00
 5.1419E+03  1.1215E+00  1.2988E+01  1.1370E+00  2.6459E+01  1.0000E+00
 5.1812E+03  1.1230E+00  1.2907E+01  1.1385E+00  2.6291E+01  1.0000E+00
 5.2209E+03  1.1246E+00  1.2826E+01  1.1399E+00  2.6125E+01  1.0000E+00
 5.2609E+03  1.1262E+00  1.2745E+01  1.1414E+00  2.5959E+01  1.0000E+00
 5.3012E+03  1.1277E+00  1.2665E+01  1.1428E+00  2.5794E+01  1.0000E+00
 5.3418E+03  1.1293E+00  1.2586E+01  1.1443E+00  2.5631E+01  1.0000E+00
 5.3827E+03  1.1308E+00  1.2507E+01  1.1457E+00  2.5468E+01  1.0000E+00
 5.4239E+03  1.1324E+00  1.2429E+01  1.1472E+00  2.5307E+01  1.0000E+00
 5.4655E+03  1.1340E+00  1.2351E+01  1.1486E+00  2.5146E+01  1.0000E+00
 5.5073E+03  1.1355E+00  1.2273E+01  1.1501E+00  2.4987E+01  1.0000E+00
 5.5495E+03  1.1371E+00  1.2196E+01  1.1515E+00  2.4828E+01  1.0000E+00
 5.5920E+03  1.1387E+00  1.2120E+01  1.1530E+00  2.4671E+01  1.0000E+00
 5.6348E+03  1.1402E+00  1.2044E+01  1.1544E+00  2.4515E+01  1.0000E+00
 5.6780E+03  1.1418E+00  1.1968E+01  1.1559E+00  2.4359E+01  1.0000E+00
 5.7215E+03  1.1434E+00  1.1893E+01  1.1574E+00  2.4205E+01  1.0000E+00
 5.7653E+03  1.1449E+00  1.1818E+01  1.1588E+00  2.4051E+01  1.0000E+00
 5.8094E+03  1.1465E+00  1.1744E+01  1.1603E+00  2.3899E+01  1.0000E+00
 5.8539E+03  1.1481E+00  1.1670E+01  1.1618E+00  2.3747E+01  1.0000E+00
 5.8988E+03  1.1496E+00  1.1597E+01  1.1632E+00  2.3596E+01  1.0000E+00
 5.9439E+03  1.1512E+00  1.1524E+01  1.1647E+00  2.3447E+01  1.0000E+00
 5.9895E+03  1.1528E+00  1.1452E+01  1.1662E+00  2.3298E+01  1.0000E+00
 6.0353E+03  1.1544E+00  1.1380E+01  1.1677E+00  2.3150E+01  1.0000E+00
 6.0815E+03  1.1559E+00  1.1308E+01  1.1691E+00  2.3003E+01  1.0000E+00
 6.1281E+03  1.1575E+00  1.1237E+01  1.1706E+00  2.2858E+01  1.0000E+00
 6.1751E+03  1.1591E+00  1.1166E+01  1.1721E+00  2.2713E+01  1.0000E+00
 6.2223E+03  1.1607E+00  1.1096E+01  1.1736E+00  2.2568E+01  1.0000E+00
 6.2700E+03  1.1623E+00  1.1026E+01  1.1751E+00  2.2425E+01  1.0000E+00
 6.3180E+03  1.1638E+00  1.0957E+01  1.1766E+00  2.2283E+01  1.0000E+00
 6.3664E+03  1.1654E+00  1.0888E+01  1.1780E+00  2.2142E+01  1.0000E+00
 6.4152E+03  1.1670E+00  1.0819E+01  1.1795E+00  2.2001E+01  1.0000E+00
 6.4643E+03  1.1686E+00  1.0751E+01  1.1810E+00  2.1862E+01  1.0000E+00
 6.5138E+03  1.1702E+00  1.0683E+01  1.1825E+00  2.1723E+01  1.0000E+00
 6.5637E+03  1.1718E+00  1.0616E+01  1.1840E+00  2.1585E+01  1.0000E+00
 6.6139E+03  1.1734E+00  1.0549E+01  1.1855E+00  2.1449E+01  1.0000E+00
 6.6646E+03  1.1749E+00  1.0482E+01  1.1870E+00  2.1313E+01  1.0000E+00
 6.7156E+03  1.1765E+00  1.0416E+01  1.1885E+00  2.1177E+01  1.0000E+00
 6.7671E+03  1.1781E+00  1.0351E+01  1.1900E+00  2.1043E+01  1.0000E+00
 6.8189E+03  1.1797E+00  1.0285E+01  1.1915E+00  2.0910E+01  1.0000E+00
 6.8711E+03  1.1813E+00  1.0221E+01  1.1930E+00  2.0777E+01  1.0000E+00
 6.9237E+03  1.1829E+00  1.0156E+01  1.1946E+00  2.0645E+01  1.0000E+00
 6.9768E+03  1.1845E+00  1.0092E+01  1.1961E+00  2.0515E+01  1.0000E+00
 7.0302E+03  1.1861E+00  1.0028E+01  1.1976E+00  2.0384E+01  1.0000E+00
 7.0840E+03  1.1877E+00  9.9651E+00  1.1991E+00  2.0255E+01  1.0000E+00
 7.1383E+03  1.1893E+00  9.9022E+00  1.2006E+00  2.0127E+01  1.0000E+00
 7.1929E+03  1.1909E+00  9.8397E+00  1.2022E+00  1.9999E+01  1.0000E+00
 7.2480E+03  1.1926E+00  9.7776E+00  1.2037E+00  1.9872E+01  1.0000E+00
 7.3035E+03  1.1942E+00  9.7159E+00  1.2052E+00  1.9747E+01  1.0000E+00
 7.3595E+03  1.1958E+00  9.6545E+00  1.2067E+00  1.9621E+01  1.0000E+00
 7.4158E+03  1.1974E+00  9.5936E+00  1.2083E+00  1.9497E+01  1.0000E+00
 7.4726E+03  1.1990E+00  9.5330E+00  1.2098E+00  1.9373E+01  1.0000E+00
 7.5299E+03  1.2006E+00  9.4728E+00  1.2114E+00  1.9251E+01  1.0000E+00
 7.5875E+03  1.2022E+00  9.4129E+00  1.2129E+00  1.9129E+01  1.0000E+00
 7.6456E+03  1.2039E+00  9.3534E+00  1.2144E+00  1.9008E+01  1.0000E+00
 7.7042E+03  1.2055E+00  9.2944E+00  1.2160E+00  1.8887E+01  1.0000E+00
 7.7632E+03  1.2071E+00  9.2356E+00  1.2175E+00  1.8767E+01  1.0000E+00
 7.8226E+03  1.2087E+00  9.1773E+00  1.2191E+00  1.8649E+01  1.0000E+00
 7.8825E+03  1.2104E+00  9.1192E+00  1.2206E+00  1.8530E+01  1.0000E+00
 7.9429E+03  1.2120E+00  9.0616E+00  1.2222E+00  1.8413E+01  1.0000E+00
 8.0037E+03  1.2136E+00  9.0043E+00  1.2237E+00  1.8296E+01  1.0000E+00
 8.0650E+03  1.2153E+00  8.9474E+00  1.2253E+00  1.8181E+01  1.0000E+00
 8.1268E+03  1.2169E+00  8.8908E+00  1.2269E+00  1.8065E+01  1.0000E+00
 8.1890E+03  1.2186E+00  8.8346E+00  1.2284E+00  1.7951E+01  1.0000E+00
 8.2518E+03  1.2202E+00  8.7787E+00  1.2300E+00  1.7837E+01  1.0000E+00
 8.3150E+03  1.2218E+00  8.7232E+00  1.2316E+00  1.7724E+01  1.0000E+00
 8.3786E+03  1.2235E+00  8.6681E+00  1.2332E+00  1.7612E+01  1.0000E+00
 8.4428E+03  1.2251E+00  8.6132E+00  1.2347E+00  1.7501E+01  1.0000E+00
 8.5075E+03  1.2268E+00  8.5587E+00  1.2363E+00  1.7390E+01  1.0000E+00
 8.5726E+03  1.2284E+00  8.5046E+00  1.2379E+00  1.7280E+01  1.0000E+00
 8.6383E+03  1.2301E+00  8.4508E+00  1.2395E+00  1.7171E+01  1.0000E+00
 8.7044E+03  1.2317E+00  8.3973E+00  1.2411E+00  1.7062E+01  1.0000E+00
 8.7711E+03  1.2334E+00  8.3442E+00  1.2427E+00  1.6954E+01  1.0000E+00
 8.8383E+03  1.2351E+00  8.2914E+00  1.2443E+00  1.6847E+01  1.0000E+00
 8.9059E+03  1.2367E+00  8.2389E+00  1.2458E+00  1.6740E+01  1.0000E+00
 8.9741E+03  1.2384E+00  8.1868E+00  1.2474E+00  1.6634E+01  1.0000E+00
 9.0429E+03  1.2401E+00  8.1350E+00  1.2491E+00  1.6529E+01  1.0000E+00
 9.1121E+03  1.2417E+00  8.0835E+00  1.2507E+00  1.6425E+01  1.0000E+00
 9.1819E+03  1.2434E+00  8.0323E+00  1.2523E+00  1.6321E+01  1.0000E+00
 9.2522E+03  1.2451E+00  7.9815E+00  1.2539E+00  1.6218E+01  1.0000E+00
 9.3231E+03  1.2468E+00  7.9310E+00  1.2555E+00  1.6115E+01  1.0000E+00
 9.3945E+03  1.2485E+00  7.8808E+00  1.2571E+00  1.6013E+01  1.0000E+00
 9.4664E+03  1.2501E+00  7.8309E+00  1.2587E+00  1.5912E+01  1.0000E+00
 9.5389E+03  1.2518E+00  7.7813E+00  1.2604E+00  1.5812E+01  1.0000E+00
 9.6120E+03  1.2535E+00  7.7321E+00  1.2620E+00  1.5712E+01  1.0000E+00
 9.6856E+03  1.2552E+00  7.6831E+00  1.2636E+00  1.5613E+01  1.0000E+00
 9.7598E+03  1.2569E+00  7.6345E+00  1.2653E+00  1.5514E+01  1.0000E+00
 9.8345E+03  1.2586E+00  7.5861E+00  1.2669E+00  1.5416E+01  1.0000E+00
 9.9098E+03  1.2603E+00  7.5381E+00  1.2685E+00  1.5319E+01  1.0000E+00
 9.9857E+03  1.2620E+00  7.4904E+00  1.2702E+00  1.5222E+01  1.0000E+00
 1.0062E+04  1.2637E+00  7.4430E+00  1.2718E+00  1.5126E+01  1.0000E+00
 1.0139E+04  1.2654E+00  7.3958E+00  1.2735E+00  1.5030E+01  1.0000E+00
 1.0217E+04  1.2671E+00  7.3490E+00  1.2751E+00  1.4936E+01  1.0000E+00
 1.0295E+04  1.2689E+00  7.3025E+00  1.2768E+00  1.4841E+01  1.0000E+00
 1.0374E+04  1.2706E+00  7.2563E+00  1.2785E+00  1.4748E+01  1.0000E+00
 1.0453E+04  1.2723E+00  7.2103E+00  1.2801E+00  1.4655E+01  1.0000E+00
 1.0533E+04  1.2740E+00  7.1647E+00  1.2818E+00  1.4562E+01  1.0000E+00
 1.0614E+04  1.2758E+00  7.1193E+00  1.2835E+00  1.4471E+01  1.0000E+00
 1.0695E+04  1.2775E+00  7.0742E+00  1.2851E+00  1.4379E+01  1.0000E+00
 1.0777E+04  1.2792E+00  7.0295E+00  1.2868E+00  1.4289E+01  1.0000E+00
 1.0860E+04  1.2810E+00  6.9850E+00  1.2885E+00  1.4199E+01  1.0000E+00
 1.0943E+04  1.2827E+00  6.9407E+00  1.2902E+00  1.4109E+01  1.0000E+00
 1.1027E+04  1.2845E+00  6.8968E+00  1.2919E+00  1.4020E+01  1.0000E+00
 1.1111E+04  1.2862E+00  6.8531E+00  1.2936E+00  1.3932E+01  1.0000E+00
 1.1196E+04  1.2880E+00  6.8098E+00  1.2953E+00  1.3844E+01  1.0000E+00
 1.1282E+04  1.2897E+00  6.7667E+00  1.2970E+00  1.3757E+01  1.0000E+00
 1.1369E+04  1.2915E+00  6.7238E+00  1.2987E+00  1.3671E+01  1.0000E+00
 1.1456E+04  1.2932E+00  6.6813E+00  1.3004E+00  1.3585E+01  1.0000E+00
 1.1543E+04  1.2950E+00  6.6390E+00  1.3021E+00  1.3499E+01  1.0000E+00
 1.1632E+04  1.2968E+00  6.5970E+00  1.3038E+00  1.3414E+01  1.0000E+00
 1.1721E+04  1.2985E+00  6.5552E+00  1.3055E+00  1.3330E+01  1.0000E+00
 1.1811E+04  1.3003E+00  6.5137E+00  1.3073E+00  1.3246E+01  1.0000E+00
 1.1901E+04  1.3021E+00  6.4725E+00  1.3090E+00  1.3163E+01  1.0000E+00
 1.1992E+04  1.3039E+00  6.4316E+00  1.3107E+00  1.3080E+01  1.0000E+00
 1.2084E+04  1.3057E+00  6.3909E+00  1.3125E+00  1.2998E+01  1.0000E+00
 1.2177E+04  1.3075E+00  6.3504E+00  1.3142E+00  1.2916E+01  1.0000E+00
 1.2270E+04  1.3093E+00  6.3102E+00  1.3160E+00  1.2835E+01  1.0000E+00
 1.2364E+04  1.3111E+00  6.2703E+00  1.3177E+00  1.2755E+01  1.0000E+00
 1.2458E+04  1.3129E+00  6.2307E+00  1.3195E+00  1.2675E+01  1.0000E+00
 1.2554E+04  1.3147E+00  6.1913E+00  1.3212E+00  1.2595E+01  1.0000E+00
 1.2650E+04  1.3165E+00  6.1521E+00  1.3230E+00  1.2516E+01  1.0000E+00
 1.2747E+04  1.3183E+00  6.1132E+00  1.3248E+00  1.2438E+01  1.0000E+00
 1.2845E+04  1.3201E+00  6.0745E+00  1.3265E+00  1.2360E+01  1.0000E+00
 1.2943E+04  1.3219E+00  6.0361E+00  1.3283E+00  1.2282E+01  1.0000E+00
 1.3042E+04  1.3238E+00  5.9980E+00  1.3301E+00  1.2205E+01  1.0000E+00
 1.3142E+04  1.3256E+00  5.9600E+00  1.3319E+00  1.2129E+01  1.0000E+00
 1.3243E+04  1.3274E+00  5.9224E+00  1.3337E+00  1.2053E+01  1.0000E+00
 1.3344E+04  1.3293E+00  5.8849E+00  1.3355E+00  1.1977E+01  1.0000E+00
 1.3446E+04  1.3311E+00  5.8477E+00  1.3373E+00  1.1902E+01  1.0000E+00
 1.3549E+04  1.3330E+00  5.8108E+00  1.3391E+00  1.1828E+01  1.0000E+00
 1.3653E+04  1.3348E+00  5.7741E+00  1.3409E+00  1.1754E+01  1.0000E+00
 1.3757E+04  1.3367E+00  5.7376E+00  1.3427E+00  1.1680E+01  1.0000E+00
 1.3863E+04  1.3386E+00  5.7013E+00  1.3445E+00  1.1607E+01  1.0000E+00
 1.3969E+04  1.3404E+00  5.6653E+00  1.3464E+00  1.1535E+01  1.0000E+00
 1.4076E+04  1.3423E+00  5.6295E+00  1.3482E+00  1.1462E+01  1.0000E+00
 1.4184E+04  1.3442E+00  5.5940E+00  1.3500E+00  1.1391E+01  1.0000E+00
 1.4292E+04  1.3461E+00  5.5587E+00  1.3519E+00  1.1320E+01  1.0000E+00
 1.4402E+04  1.3479E+00  5.5236E+00  1.3537E+00  1.1249E+01  1.0000E+00
 1.4512E+04  1.3498E+00  5.4887E+00  1.3556E+00  1.1179E+01  1.0000E+00
 1.4623E+04  1.3517E+00  5.4541E+00  1.3574E+00  1.1109E+01  1.0000E+00
 1.4735E+04  1.3536E+00  5.4196E+00  1.3593E+00  1.1040E+01  1.0000E+00
 1.4848E+04  1.3555E+00  5.3854E+00  1.3611E+00  1.0971E+01  1.0000E+00
 1.4962E+04  1.3575E+00  5.3515E+00  1.3630E+00  1.0902E+01  1.0000E+00
 1.5076E+04  1.3594E+00  5.3177E+00  1.3649E+00  1.0835E+01  1.0000E+00
 1.5192E+04  1.3613E+00  5.2842E+00  1.3668E+00  1.0767E+01  1.0000E+00
 1.5308E+04  1.3632E+00  5.2508E+00  1.3687E+00  1.0700E+01  1.0000E+00
 1.5425E+04  1.3652E+00  5.2177E+00  1.3706E+00  1.0633E+01  1.0000E+00
 1.5544E+04  1.3671E+00  5.1848E+00  1.3725E+00  1.0567E+01  1.0000E+00
 1.5663E+04  1.3690E+00  5.1521E+00  1.3744E+00  1.0501E+01  1.0000E+00
 1.5783E+04  1.3710E+00  5.1197E+00  1.3763E+00  1.0436E+01  1.0000E+00
 1.5903E+04  1.3729E+00  5.0874E+00  1.3782E+00  1.0371E+01  1.0000E+00
 1.6025E+04  1.3749E+00  5.0554E+00  1.3801E+00  1.0307E+01  1.0000E+00
 1.6148E+04  1.3769E+00  5.0235E+00  1.3820E+00  1.0243E+01  1.0000E+00
 1.6272E+04  1.3788E+00  4.9919E+00  1.3840E+00  1.0179E+01  1.0000E+00
 1.6396E+04  1.3808E+00  4.9605E+00  1.3859E+00  1.0116E+01  1.0000E+00
 1.6522E+04  1.3828E+00  4.9292E+00  1.3879E+00  1.0053E+01  1.0000E+00
 1.6648E+04  1.3848E+00  4.8982E+00  1.3898E+00  9.9908E+00  1.0000E+00
 1.6776E+04  1.3868E+00  4.8674E+00  1.3918E+00  9.9288E+00  1.0000E+00
 1.6904E+04  1.3888E+00  4.8367E+00  1.3937E+00  9.8673E+00  1.0000E+00
 1.7034E+04  1.3908E+00  4.8063E+00  1.3957E+00  9.8062E+00  1.0000E+00
 1.7164E+04  1.3928E+00  4.7761E+00  1.3977E+00  9.7454E+00  1.0000E+00
 1.7296E+04  1.3948E+00  4.7461E+00  1.3997E+00  9.6851E+00  1.0000E+00
 1.7428E+04  1.3968E+00  4.7162E+00  1.4017E+00  9.6252E+00  1.0000E+00
 1.7562E+04  1.3989E+00  4.6866E+00  1.4036E+00  9.5656E+00  1.0000E+00
 1.7696E+04  1.4009E+00  4.6571E+00  1.4057E+00  9.5065E+00  1.0000E+00
 1.7832E+04  1.4029E+00  4.6279E+00  1.4077E+00  9.4477E+00  1.0000E+00
 1.7968E+04  1.4050E+00  4.5988E+00  1.4097E+00  9.3893E+00  1.0000E+00
 1.8106E+04  1.4071E+00  4.5699E+00  1.4117E+00  9.3314E+00  1.0000E+00
 1.8244E+04  1.4091E+00  4.5412E+00  1.4137E+00  9.2737E+00  1.0000E+00
 1.8384E+04  1.4112E+00  4.5127E+00  1.4158E+00  9.2165E+00  1.0000E+00
 1.8525E+04  1.4133E+00  4.4844E+00  1.4178E+00  9.1597E+00  1.0000E+00
 1.8667E+04  1.4153E+00  4.4563E+00  1.4199E+00  9.1032E+00  1.0000E+00
 1.8810E+04  1.4174E+00  4.4283E+00  1.4219E+00  9.0471E+00  1.0000E+00
 1.8954E+04  1.4195E+00  4.4006E+00  1.4240E+00  8.9914E+00  1.0000E+00
 1.9099E+04  1.4216E+00  4.3730E+00  1.4260E+00  8.9361E+00  1.0000E+00
 1.9245E+04  1.4237E+00  4.3456E+00  1.4281E+00  8.8811E+00  1.0000E+00
 1.9393E+04  1.4259E+00  4.3183E+00  1.4302E+00  8.8265E+00  1.0000E+00
 1.9541E+04  1.4280E+00  4.2913E+00  1.4323E+00  8.7722E+00  1.0000E+00
 1.9691E+04  1.4301E+00  4.2644E+00  1.4344E+00  8.7183E+00  1.0000E+00
 1.9842E+04  1.4322E+00  4.2377E+00  1.4365E+00  8.6648E+00  1.0000E+00
 1.9994E+04  1.4344E+00  4.2112E+00  1.4386E+00  8.6116E+00  1.0000E+00
 2.0147E+04  1.4365E+00  4.1849E+00  1.4408E+00  8.5587E+00  1.0000E+00
 2.0301E+04  1.4387E+00  4.1587E+00  1.4429E+00  8.5063E+00  1.0000E+00
 2.0456E+04  1.4409E+00  4.1327E+00  1.4450E+00  8.4541E+00  1.0000E+00
 2.0613E+04  1.4430E+00  4.1068E+00  1.4472E+00  8.4023E+00  1.0000E+00
 2.0771E+04  1.4452E+00  4.0812E+00  1.4493E+00  8.3509E+00  1.0000E+00
 2.0930E+04  1.4474E+00  4.0557E+00  1.4515E+00  8.2998E+00  1.0000E+00
 2.1090E+04  1.4496E+00  4.0303E+00  1.4537E+00  8.2490E+00  1.0000E+00
 2.1252E+04  1.4518E+00  4.0052E+00  1.4558E+00  8.1986E+00  1.0000E+00
 2.1415E+04  1.4540E+00  3.9802E+00  1.4580E+00  8.1485E+00  1.0000E+00
 2.1579E+04  1.4563E+00  3.9553E+00  1.4602E+00  8.0988E+00  1.0000E+00
 2.1744E+04  1.4585E+00  3.9307E+00  1.4624E+00  8.0493E+00  1.0000E+00
 2.1910E+04  1.4607E+00  3.9062E+00  1.4646E+00  8.0002E+00  1.0000E+00
 2.2078E+04  1.4630E+00  3.8818E+00  1.4668E+00  7.9515E+00  1.0000E+00
 2.2247E+04  1.4652E+00  3.8576E+00  1.4691E+00  7.9030E+00  1.0000E+00
 2.2418E+04  1.4675E+00  3.8336E+00  1.4713E+00  7.8549E+00  1.0000E+00
 2.2589E+04  1.4698E+00  3.8097E+00  1.4736E+00  7.8071E+00  1.0000E+00
 2.2762E+04  1.4720E+00  3.7860E+00  1.4758E+00  7.7596E+00  1.0000E+00
 2.2937E+04  1.4743E+00  3.7624E+00  1.4781E+00  7.7125E+00  1.0000E+00
 2.3112E+04  1.4766E+00  3.7390E+00  1.4803E+00  7.6656E+00  1.0000E+00
 2.3289E+04  1.4789E+00  3.7158E+00  1.4826E+00  7.6191E+00  1.0000E+00
 2.3468E+04  1.4813E+00  3.6927E+00  1.4849E+00  7.5729E+00  1.0000E+00
 2.3647E+04  1.4836E+00  3.6697E+00  1.4872E+00  7.5269E+00  1.0000E+00
 2.3829E+04  1.4859E+00  3.6469E+00  1.4895E+00  7.4813E+00  1.0000E+00
 2.4011E+04  1.4883E+00  3.6243E+00  1.4918E+00  7.4360E+00  1.0000E+00
 2.4195E+04  1.4906E+00  3.6018E+00  1.4942E+00  7.3910E+00  1.0000E+00
 2.4380E+04  1.4930E+00  3.5795E+00  1.4965E+00  7.3463E+00  1.0000E+00
 2.4567E+04  1.4953E+00  3.5573E+00  1.4988E+00  7.3019E+00  1.0000E+00
 2.4755E+04  1.4977E+00  3.5352E+00  1.5012E+00  7.2578E+00  1.0000E+00
 2.4945E+04  1.5001E+00  3.5133E+00  1.5036E+00  7.2140E+00  1.0000E+00
 2.5136E+04  1.5025E+00  3.4915E+00  1.5059E+00  7.1705E+00  1.0000E+00
 2.5328E+04  1.5049E+00  3.4699E+00  1.5083E+00  7.1273E+00  1.0000E+00
 2.5522E+04  1.5073E+00  3.4484E+00  1.5107E+00  7.0843E+00  1.0000E+00
 2.5718E+04  1.5098E+00  3.4271E+00  1.5131E+00  7.0417E+00  1.0000E+00
 2.5915E+04  1.5122E+00  3.4059E+00  1.5155E+00  6.9993E+00  1.0000E+00
 2.6113E+04  1.5146E+00  3.3849E+00  1.5180E+00  6.9573E+00  1.0000E+00
 2.6313E+04  1.5171E+00  3.3639E+00  1.5204E+00  6.9155E+00  1.0000E+00
 2.6515E+04  1.5196E+00  3.3432E+00  1.5228E+00  6.8740E+00  1.0000E+00
 2.6718E+04  1.5221E+00  3.3225E+00  1.5253E+00  6.8327E+00  1.0000E+00
 2.6922E+04  1.5245E+00  3.3020E+00  1.5278E+00  6.7918E+00  1.0000E+00
 2.7128E+04  1.5270E+00  3.2817E+00  1.5303E+00  6.7511E+00  1.0000E+00
 2.7336E+04  1.5296E+00  3.2614E+00  1.5327E+00  6.7107E+00  1.0000E+00
 2.7545E+04  1.5321E+00  3.2413E+00  1.5352E+00  6.6706E+00  1.0000E+00
 2.7756E+04  1.5346E+00  3.2214E+00  1.5378E+00  6.6307E+00  1.0000E+00
 2.7969E+04  1.5372E+00  3.2015E+00  1.5403E+00  6.5911E+00  1.0000E+00
 2.8183E+04  1.5397E+00  3.1818E+00  1.5428E+00  6.5518E+00  1.0000E+00
 2.8399E+04  1.5423E+00  3.1623E+00  1.5454E+00  6.5127E+00  1.0000E+00
 2.8617E+04  1.5449E+00  3.1428E+00  1.5479E+00  6.4739E+00  1.0000E+00
 2.8836E+04  1.5474E+00  3.1235E+00  1.5505E+00  6.4354E+00  1.0000E+00
 2.9056E+04  1.5500E+00  3.1043E+00  1.5531E+00  6.3971E+00  1.0000E+00
 2.9279E+04  1.5527E+00  3.0853E+00  1.5557E+00  6.3591E+00  1.0000E+00
 2.9503E+04  1.5553E+00  3.0664E+00  1.5583E+00  6.3213E+00  1.0000E+00
 2.9729E+04  1.5579E+00  3.0476E+00  1.5609E+00  6.2838E+00  1.0000E+00
 2.9957E+04  1.5606E+00  3.0289E+00  1.5635E+00  6.2466E+00  1.0000E+00
 3.0186E+04  1.5632E+00  3.0103E+00  1.5661E+00  6.2096E+00  1.0000E+00
 3.0417E+04  1.5659E+00  2.9919E+00  1.5688E+00  6.1728E+00  1.0000E+00
 3.0650E+04  1.5686E+00  2.9736E+00  1.5715E+00  6.1363E+00  1.0000E+00
 3.0885E+04  1.5713E+00  2.9554E+00  1.5741E+00  6.1000E+00  1.0000E+00
 3.1122E+04  1.5740E+00  2.9373E+00  1.5768E+00  6.0640E+00  1.0000E+00
 3.1360E+04  1.5767E+00  2.9194E+00  1.5795E+00  6.0283E+00  1.0000E+00
 3.1600E+04  1.5795E+00  2.9016E+00  1.5823E+00  5.9927E+00  1.0000E+00
 3.1842E+04  1.5822E+00  2.8839E+00  1.5850E+00  5.9575E+00  1.0000E+00
 3.2086E+04  1.5850E+00  2.8663E+00  1.5877E+00  5.9224E+00  1.0000E+00
 3.2332E+04  1.5877E+00  2.8488E+00  1.5905E+00  5.8876E+00  1.0000E+00
 3.2579E+04  1.5905E+00  2.8315E+00  1.5933E+00  5.8530E+00  1.0000E+00
 3.2829E+04  1.5933E+00  2.8142E+00  1.5960E+00  5.8187E+00  1.0000E+00
 3.3080E+04  1.5961E+00  2.7971E+00  1.5988E+00  5.7846E+00  1.0000E+00
 3.3334E+04  1.5990E+00  2.7801E+00  1.6016E+00  5.7507E+00  1.0000E+00
 3.3589E+04  1.6018E+00  2.7632E+00  1.6045E+00  5.7171E+00  1.0000E+00
 3.3846E+04  1.6047E+00  2.7464E+00  1.6073E+00  5.6837E+00  1.0000E+00
 3.4105E+04  1.6075E+00  2.7298E+00  1.6102E+00  5.6505E+00  1.0000E+00
 3.4367E+04  1.6104E+00  2.7132E+00  1.6130E+00  5.6176E+00  1.0000E+00
 3.4630E+04  1.6133E+00  2.6968E+00  1.6159E+00  5.5848E+00  1.0000E+00
 3.4895E+04  1.6162E+00  2.6804E+00  1.6188E+00  5.5523E+00  1.0000E+00
 3.5162E+04  1.6192E+00  2.6642E+00  1.6217E+00  5.5200E+00  1.0000E+00
 3.5431E+04  1.6221E+00  2.6481E+00  1.6246E+00  5.4880E+00  1.0000E+00
 3.5703E+04  1.6251E+00  2.6321E+00  1.6276E+00  5.4561E+00  1.0000E+00
 3.5976E+04  1.6280E+00  2.6162E+00  1.6305E+00  5.4245E+00  1.0000E+00
 3.6252E+04  1.6310E+00  2.6004E+00  1.6335E+00  5.3931E+00  1.0000E+00
 3.6529E+04  1.6340E+00  2.5847E+00  1.6365E+00  5.3619E+00  1.0000E+00
 3.6809E+04  1.6371E+00  2.5691E+00  1.6395E+00  5.3309E+00  1.0000E+00
 3.7091E+04  1.6401E+00  2.5536E+00  1.6425E+00  5.3001E+00  1.0000E+00
 3.7375E+04  1.6431E+00  2.5383E+00  1.6456E+00  5.2696E+00  1.0000E+00
 3.7661E+04  1.6462E+00  2.5230E+00  1.6486E+00  5.2392E+00  1.0000E+00
 3.7950E+04  1.6493E+00  2.5078E+00  1.6517E+00  5.2091E+00  1.0000E+00
 3.8240E+04  1.6524E+00  2.4927E+00  1.6548E+00  5.1791E+00  1.0000E+00
 3.8533E+04  1.6555E+00  2.4778E+00  1.6579E+00  5.1494E+00  1.0000E+00
 3.8828E+04  1.6586E+00  2.4629E+00  1.6610E+00  5.1199E+00  1.0000E+00
 3.9126E+04  1.6618E+00  2.4482E+00  1.6641E+00  5.0905E+00  1.0000E+00
 3.9425E+04  1.6649E+00  2.4335E+00  1.6673E+00  5.0614E+00  1.0000E+00
 3.9727E+04  1.6681E+00  2.4189E+00  1.6704E+00  5.0325E+00  1.0000E+00
 4.0032E+04  1.6713E+00  2.4044E+00  1.6736E+00  5.0038E+00  1.0000E+00
 4.0338E+04  1.6745E+00  2.3901E+00  1.6768E+00  4.9752E+00  1.0000E+00
 4.0647E+04  1.6778E+00  2.3758E+00  1.6800E+00  4.9469E+00  1.0000E+00
 4.0958E+04  1.6810E+00  2.3616E+00  1.6833E+00  4.9188E+00  1.0000E+00
 4.1272E+04  1.6843E+00  2.3475E+00  1.6865E+00  4.8908E+00  1.0000E+00
 4.1588E+04  1.6876E+00  2.3336E+00  1.6898E+00  4.8631E+00  1.0000E+00
 4.1907E+04  1.6909E+00  2.3197E+00  1.6931E+00  4.8355E+00  1.0000E+00
 4.2228E+04  1.6942E+00  2.3059E+00  1.6964E+00  4.8082E+00  1.0000E+00
 4.2551E+04  1.6976E+00  2.2922E+00  1.6997E+00  4.7810E+00  1.0000E+00
 4.2877E+04  1.7009E+00  2.2785E+00  1.7031E+00  4.7540E+00  1.0000E+00
 4.3205E+04  1.7043E+00  2.2650E+00  1.7064E+00  4.7272E+00  1.0000E+00
 4.3536E+04  1.7077E+00  2.2516E+00  1.7098E+00  4.7006E+00  1.0000E+00
 4.3869E+04  1.7111E+00  2.2383E+00  1.7132E+00  4.6741E+00  1.0000E+00
 4.4205E+04  1.7146E+00  2.2250E+00  1.7167E+00  4.6479E+00  1.0000E+00
 4.4544E+04  1.7180E+00  2.2118E+00  1.7201E+00  4.6218E+00  1.0000E+00
 4.4885E+04  1.7215E+00  2.1988E+00  1.7236E+00  4.5959E+00  1.0000E+00
 4.5229E+04  1.7250E+00  2.1858E+00  1.7271E+00  4.5702E+00  1.0000E+00
 4.5575E+04  1.7285E+00  2.1729E+00  1.7306E+00  4.5447E+00  1.0000E+00
 4.5924E+04  1.7321E+00  2.1601E+00  1.7341E+00  4.5193E+00  1.0000E+00
 4.6276E+04  1.7356E+00  2.1474E+00  1.7376E+00  4.4942E+00  1.0000E+00
 4.6630E+04  1.7392E+00  2.1347E+00  1.7412E+00  4.4692E+00  1.0000E+00
 4.6987E+04  1.7428E+00  2.1222E+00  1.7448E+00  4.4443E+00  1.0000E+00
 4.7347E+04  1.7464E+00  2.1097E+00  1.7484E+00  4.4197E+00  1.0000E+00
 4.7710E+04  1.7501E+00  2.0974E+00  1.7520E+00  4.3952E+00  1.0000E+00
 4.8075E+04  1.7537E+00  2.0851E+00  1.7557E+00  4.3709E+00  1.0000E+00
 4.8443E+04  1.7574E+00  2.0728E+00  1.7593E+00  4.3468E+00  1.0000E+00
 4.8814E+04  1.7611E+00  2.0607E+00  1.7630E+00  4.3228E+00  1.0000E+00
 4.9188E+04  1.7648E+00  2.0487E+00  1.7668E+00  4.2990E+00  1.0000E+00
 4.9565E+04  1.7686E+00  2.0367E+00  1.7705E+00  4.2754E+00  1.0000E+00
 4.9945E+04  1.7724E+00  2.0248E+00  1.7743E+00  4.2519E+00  1.0000E+00
 5.0327E+04  1.7762E+00  2.0130E+00  1.7781E+00  4.2286E+00  1.0000E+00
 5.0713E+04  1.7800E+00  2.0013E+00  1.7819E+00  4.2054E+00  1.0000E+00
 5.1101E+04  1.7838E+00  1.9897E+00  1.7857E+00  4.1825E+00  1.0000E+00
 5.1492E+04  1.7877E+00  1.9781E+00  1.7896E+00  4.1596E+00  1.0000E+00
 5.1887E+04  1.7916E+00  1.9666E+00  1.7934E+00  4.1370E+00  1.0000E+00
 5.2284E+04  1.7955E+00  1.9552E+00  1.7973E+00  4.1145E+00  1.0000E+00
 5.2684E+04  1.7995E+00  1.9439E+00  1.8013E+00  4.0921E+00  1.0000E+00
 5.3088E+04  1.8034E+00  1.9327E+00  1.8052E+00  4.0699E+00  1.0000E+00
 5.3494E+04  1.8074E+00  1.9215E+00  1.8092E+00  4.0479E+00  1.0000E+00
 5.3904E+04  1.8114E+00  1.9104E+00  1.8132E+00  4.0260E+00  1.0000E+00
 5.4317E+04  1.8155E+00  1.8994E+00  1.8172E+00  4.0043E+00  1.0000E+00
 5.4733E+04  1.8195E+00  1.8884E+00  1.8213E+00  3.9828E+00  1.0000E+00
 5.5152E+04  1.8236E+00  1.8776E+00  1.8254E+00  3.9614E+00  1.0000E+00
 5.5574E+04  1.8278E+00  1.8668E+00  1.8295E+00  3.9401E+00  1.0000E+00
 5.6000E+04  1.8319E+00  1.8560E+00  1.8336E+00  3.9190E+00  1.0000E+00
 5.6429E+04  1.8361E+00  1.8454E+00  1.8378E+00  3.8980E+00  1.0000E+00
 5.6861E+04  1.8403E+00  1.8348E+00  1.8420E+00  3.8772E+00  1.0000E+00
 5.7297E+04  1.8445E+00  1.8243E+00  1.8462E+00  3.8566E+00  1.0000E+00
 5.7735E+04  1.8487E+00  1.8139E+00  1.8504E+00  3.8360E+00  1.0000E+00
 5.8177E+04  1.8530E+00  1.8035E+00  1.8547E+00  3.8157E+00  1.0000E+00
 5.8623E+04  1.8573E+00  1.7933E+00  1.8590E+00  3.7954E+00  1.0000E+00
 5.9072E+04  1.8617E+00  1.7830E+00  1.8633E+00  3.7754E+00  1.0000E+00
 5.9524E+04  1.8660E+00  1.7729E+00  1.8677E+00  3.7554E+00  1.0000E+00
 5.9980E+04  1.8704E+00  1.7628E+00  1.8721E+00  3.7356E+00  1.0000E+00
 6.0440E+04  1.8748E+00  1.7528E+00  1.8765E+00  3.7160E+00  1.0000E+00
 6.0902E+04  1.8793E+00  1.7429E+00  1.8809E+00  3.6965E+00  1.0000E+00
 6.1369E+04  1.8838E+00  1.7330E+00  1.8854E+00  3.6771E+00  1.0000E+00
 6.1839E+04  1.8883E+00  1.7232E+00  1.8899E+00  3.6579E+00  1.0000E+00
 6.2312E+04  1.8928E+00  1.7135E+00  1.8944E+00  3.6388E+00  1.0000E+00
 6.2790E+04  1.8974E+00  1.7038E+00  1.8990E+00  3.6198E+00  1.0000E+00
 6.3270E+04  1.9020E+00  1.6942E+00  1.9036E+00  3.6010E+00  1.0000E+00
 6.3755E+04  1.9066E+00  1.6847E+00  1.9082E+00  3.5823E+00  1.0000E+00
 6.4243E+04  1.9113E+00  1.6752E+00  1.9128E+00  3.5637E+00  1.0000E+00
 6.4735E+04  1.9160E+00  1.6658E+00  1.9175E+00  3.5453E+00  1.0000E+00
 6.5231E+04  1.9207E+00  1.6565E+00  1.9222E+00  3.5270E+00  1.0000E+00
 6.5731E+04  1.9255E+00  1.6472E+00  1.9270E+00  3.5089E+00  1.0000E+00
 6.6234E+04  1.9303E+00  1.6380E+00  1.9318E+00  3.4908E+00  1.0000E+00
 6.6741E+04  1.9351E+00  1.6288E+00  1.9366E+00  3.4729E+00  1.0000E+00
 6.7252E+04  1.9399E+00  1.6197E+00  1.9414E+00  3.4552E+00  1.0000E+00
 6.7767E+04  1.9448E+00  1.6107E+00  1.9463E+00  3.4375E+00  1.0000E+00
 6.8286E+04  1.9498E+00  1.6018E+00  1.9512E+00  3.4200E+00  1.0000E+00
 6.8809E+04  1.9547E+00  1.5929E+00  1.9562E+00  3.4027E+00  1.0000E+00
 6.9336E+04  1.9597E+00  1.5840E+00  1.9612E+00  3.3854E+00  1.0000E+00
 6.9867E+04  1.9647E+00  1.5753E+00  1.9662E+00  3.3683E+00  1.0000E+00
 7.0402E+04  1.9698E+00  1.5666E+00  1.9713E+00  3.3513E+00  1.0000E+00
 7.0942E+04  1.9749E+00  1.5579E+00  1.9763E+00  3.3344E+00  1.0000E+00
 7.1485E+04  1.9801E+00  1.5493E+00  1.9815E+00  3.3176E+00  1.0000E+00
 7.2032E+04  1.9852E+00  1.5408E+00  1.9866E+00  3.3010E+00  1.0000E+00
 7.2584E+04  1.9904E+00  1.5323E+00  1.9918E+00  3.2845E+00  1.0000E+00
 7.3140E+04  1.9957E+00  1.5239E+00  1.9971E+00  3.2681E+00  1.0000E+00
 7.3700E+04  2.0010E+00  1.5156E+00  2.0024E+00  3.2518E+00  1.0000E+00
 7.4264E+04  2.0063E+00  1.5073E+00  2.0077E+00  3.2357E+00  1.0000E+00
 7.4833E+04  2.0116E+00  1.4990E+00  2.0130E+00  3.2197E+00  1.0000E+00
 7.5406E+04  2.0170E+00  1.4909E+00  2.0184E+00  3.2037E+00  1.0000E+00
 7.5984E+04  2.0225E+00  1.4827E+00  2.0238E+00  3.1880E+00  1.0000E+00
 7.6566E+04  2.0280E+00  1.4747E+00  2.0293E+00  3.1723E+00  1.0000E+00
 7.7152E+04  2.0335E+00  1.4667E+00  2.0348E+00  3.1567E+00  1.0000E+00
 7.7743E+04  2.0390E+00  1.4587E+00  2.0404E+00  3.1413E+00  1.0000E+00
 7.8338E+04  2.0446E+00  1.4508E+00  2.0460E+00  3.1259E+00  1.0000E+00
 7.8938E+04  2.0503E+00  1.4430E+00  2.0516E+00  3.1107E+00  1.0000E+00
 7.9543E+04  2.0559E+00  1.4352E+00  2.0573E+00  3.0956E+00  1.0000E+00
 8.0152E+04  2.0617E+00  1.4274E+00  2.0630E+00  3.0806E+00  1.0000E+00
 8.0766E+04  2.0674E+00  1.4198E+00  2.0687E+00  3.0657E+00  1.0000E+00
 8.1384E+04  2.0732E+00  1.4121E+00  2.0745E+00  3.0510E+00  1.0000E+00
 8.2008E+04  2.0791E+00  1.4046E+00  2.0804E+00  3.0363E+00  1.0000E+00
 8.2636E+04  2.0850E+00  1.3970E+00  2.0863E+00  3.0218E+00  1.0000E+00
 8.3268E+04  2.0909E+00  1.3896E+00  2.0922E+00  3.0073E+00  1.0000E+00
 8.3906E+04  2.0969E+00  1.3822E+00  2.0982E+00  2.9930E+00  1.0000E+00
 8.4549E+04  2.1029E+00  1.3748E+00  2.1042E+00  2.9788E+00  1.0000E+00
 8.5196E+04  2.1090E+00  1.3675E+00  2.1103E+00  2.9646E+00  1.0000E+00
 8.5849E+04  2.1151E+00  1.3602E+00  2.1164E+00  2.9506E+00  1.0000E+00
 8.6506E+04  2.1213E+00  1.3530E+00  2.1225E+00  2.9367E+00  1.0000E+00
 8.7169E+04  2.1275E+00  1.3459E+00  2.1287E+00  2.9229E+00  1.0000E+00
 8.7836E+04  2.1338E+00  1.3388E+00  2.1350E+00  2.9092E+00  1.0000E+00
 8.8509E+04  2.1401E+00  1.3317E+00  2.1413E+00  2.8957E+00  1.0000E+00
 8.9187E+04  2.1464E+00  1.3247E+00  2.1476E+00  2.8822E+00  1.0000E+00
 8.9870E+04  2.1528E+00  1.3178E+00  2.1540E+00  2.8688E+00  1.0000E+00
 9.0558E+04  2.1593E+00  1.3109E+00  2.1605E+00  2.8555E+00  1.0000E+00
 9.1252E+04  2.1658E+00  1.3040E+00  2.1670E+00  2.8423E+00  1.0000E+00
 9.1950E+04  2.1723E+00  1.2972E+00  2.1735E+00  2.8292E+00  1.0000E+00
 9.2655E+04  2.1789E+00  1.2904E+00  2.1801E+00  2.8163E+00  1.0000E+00
 9.3364E+04  2.1856E+00  1.2837E+00  2.1868E+00  2.8034E+00  1.0000E+00
 9.4079E+04  2.1923E+00  1.2770E+00  2.1935E+00  2.7906E+00  1.0000E+00
 9.4800E+04  2.1991E+00  1.2704E+00  2.2002E+00  2.7779E+00  1.0000E+00
 9.5526E+04  2.2059E+00  1.2639E+00  2.2070E+00  2.7653E+00  1.0000E+00
 9.6257E+04  2.2128E+00  1.2573E+00  2.2139E+00  2.7529E+00  1.0000E+00
 9.6994E+04  2.2197E+00  1.2509E+00  2.2208E+00  2.7405E+00  1.0000E+00
 9.7737E+04  2.2267E+00  1.2444E+00  2.2278E+00  2.7282E+00  1.0000E+00
 9.8486E+04  2.2337E+00  1.2380E+00  2.2348E+00  2.7160E+00  1.0000E+00
 9.9240E+04  2.2408E+00  1.2317E+00  2.2419E+00  2.7039E+00  1.0000E+00
 1.0000E+05  2.2479E+00  1.2254E+00  2.2490E+00  2.6919E+00  1.0000E+00


