#     0	 1	   15	 1	 9.2830E+02	 1000	1
 4.8978E+01  0.0000E+00  0.0000E+00  0.0000E+00  0.0000E+00  0.0000E+00
 4.9353E+01  0.0000E+00  0.0000E+00  0.0000E+00  0.0000E+00  0.0000E+00
 4.9731E+01  0.0000E+00  0.0000E+00  0.0000E+00  0.0000E+00  0.0000E+00
 5.0112E+01  0.0000E+00  0.0000E+00  0.0000E+00  0.0000E+00  0.0000E+00
 5.0496E+01  0.0000E+00  0.0000E+00  0.0000E+00  0.0000E+00  0.0000E+00
 5.0882E+01  0.0000E+00  0.0000E+00  0.0000E+00  0.0000E+00  0.0000E+00
 5.1272E+01  0.0000E+00  0.0000E+00  0.0000E+00  0.0000E+00  0.0000E+00
 5.1665E+01  0.0000E+00  0.0000E+00  0.0000E+00  0.0000E+00  0.0000E+00
 5.2060E+01  0.0000E+00  0.0000E+00  0.0000E+00  0.0000E+00  0.0000E+00
 5.2459E+01  0.0000E+00  0.0000E+00  0.0000E+00  0.0000E+00  0.0000E+00
 5.2861E+01  0.0000E+00  0.0000E+00  0.0000E+00  0.0000E+00  0.0000E+00
 5.3266E+01  0.0000E+00  0.0000E+00  0.0000E+00  0.0000E+00  0.0000E+00
 5.3673E+01  0.0000E+00  0.0000E+00  0.0000E+00  0.0000E+00  0.0000E+00
 5.4085E+01  0.0000E+00  0.0000E+00  0.0000E+00  0.0000E+00  0.0000E+00
 5.4499E+01  0.0000E+00  0.0000E+00  0.0000E+00  0.0000E+00  0.0000E+00
 5.4916E+01  0.0000E+00  0.0000E+00  0.0000E+00  0.0000E+00  0.0000E+00
 5.5337E+01  0.0000E+00  0.0000E+00  0.0000E+00  0.0000E+00  0.0000E+00
 5.5760E+01  0.0000E+00  0.0000E+00  0.0000E+00  0.0000E+00  0.0000E+00
 5.6187E+01  0.0000E+00  0.0000E+00  0.0000E+00  0.0000E+00  0.0000E+00
 5.6618E+01  0.0000E+00  0.0000E+00  0.0000E+00  0.0000E+00  0.0000E+00
 5.7051E+01  0.0000E+00  0.0000E+00  0.0000E+00  0.0000E+00  0.0000E+00
 5.7488E+01  0.0000E+00  0.0000E+00  0.0000E+00  0.0000E+00  0.0000E+00
 5.7929E+01  0.0000E+00  0.0000E+00  0.0000E+00  0.0000E+00  0.0000E+00
 5.8372E+01  0.0000E+00  0.0000E+00  0.0000E+00  0.0000E+00  0.0000E+00
 5.8819E+01  0.0000E+00  0.0000E+00  0.0000E+00  0.0000E+00  0.0000E+00
 5.9270E+01  0.0000E+00  0.0000E+00  0.0000E+00  0.0000E+00  0.0000E+00
 5.9724E+01  0.0000E+00  0.0000E+00  0.0000E+00  0.0000E+00  0.0000E+00
 6.0181E+01  0.0000E+00  0.0000E+00  0.0000E+00  0.0000E+00  0.0000E+00
 6.0642E+01  0.0000E+00  0.0000E+00  0.0000E+00  0.0000E+00  0.0000E+00
 6.1106E+01  0.0000E+00  0.0000E+00  0.0000E+00  0.0000E+00  0.0000E+00
 6.1574E+01  0.0000E+00  0.0000E+00  0.0000E+00  0.0000E+00  0.0000E+00
 6.2046E+01  0.0000E+00  0.0000E+00  0.0000E+00  0.0000E+00  0.0000E+00
 6.2521E+01  0.0000E+00  0.0000E+00  0.0000E+00  0.0000E+00  0.0000E+00
 6.3000E+01  0.0000E+00  0.0000E+00  0.0000E+00  0.0000E+00  0.0000E+00
 6.3482E+01  0.0000E+00  0.0000E+00  0.0000E+00  0.0000E+00  0.0000E+00
 6.3968E+01  0.0000E+00  0.0000E+00  0.0000E+00  0.0000E+00  0.0000E+00
 6.4458E+01  0.0000E+00  0.0000E+00  0.0000E+00  0.0000E+00  0.0000E+00
 6.4952E+01  0.0000E+00  0.0000E+00  0.0000E+00  0.0000E+00  0.0000E+00
 6.5449E+01  0.0000E+00  0.0000E+00  0.0000E+00  0.0000E+00  0.0000E+00
 6.5951E+01  0.0000E+00  0.0000E+00  0.0000E+00  0.0000E+00  0.0000E+00
 6.6456E+01  0.0000E+00  0.0000E+00  0.0000E+00  0.0000E+00  0.0000E+00
 6.6965E+01  0.0000E+00  0.0000E+00  0.0000E+00  0.0000E+00  0.0000E+00
 6.7478E+01  0.0000E+00  0.0000E+00  0.0000E+00  0.0000E+00  0.0000E+00
 6.7994E+01  0.0000E+00  0.0000E+00  0.0000E+00  0.0000E+00  0.0000E+00
 6.8515E+01  0.0000E+00  0.0000E+00  0.0000E+00  0.0000E+00  0.0000E+00
 6.9040E+01  0.0000E+00  0.0000E+00  0.0000E+00  0.0000E+00  0.0000E+00
 6.9568E+01  0.0000E+00  0.0000E+00  0.0000E+00  0.0000E+00  0.0000E+00
 7.0101E+01  0.0000E+00  0.0000E+00  0.0000E+00  0.0000E+00  0.0000E+00
 7.0638E+01  0.0000E+00  0.0000E+00  0.0000E+00  0.0000E+00  0.0000E+00
 7.1179E+01  0.0000E+00  0.0000E+00  0.0000E+00  0.0000E+00  0.0000E+00
 7.1724E+01  0.0000E+00  0.0000E+00  0.0000E+00  0.0000E+00  0.0000E+00
 7.2273E+01  0.0000E+00  0.0000E+00  0.0000E+00  0.0000E+00  0.0000E+00
 7.2827E+01  0.0000E+00  0.0000E+00  0.0000E+00  0.0000E+00  0.0000E+00
 7.3385E+01  0.0000E+00  0.0000E+00  0.0000E+00  0.0000E+00  0.0000E+00
 7.3947E+01  0.0000E+00  0.0000E+00  0.0000E+00  0.0000E+00  0.0000E+00
 7.4513E+01  0.0000E+00  0.0000E+00  0.0000E+00  0.0000E+00  0.0000E+00
 7.5084E+01  0.0000E+00  0.0000E+00  0.0000E+00  0.0000E+00  0.0000E+00
 7.5659E+01  0.0000E+00  0.0000E+00  0.0000E+00  0.0000E+00  0.0000E+00
 7.6238E+01  0.0000E+00  0.0000E+00  0.0000E+00  0.0000E+00  0.0000E+00
 7.6822E+01  0.0000E+00  0.0000E+00  0.0000E+00  0.0000E+00  0.0000E+00
 7.7410E+01  0.0000E+00  0.0000E+00  0.0000E+00  0.0000E+00  0.0000E+00
 7.8003E+01  0.0000E+00  0.0000E+00  0.0000E+00  0.0000E+00  0.0000E+00
 7.8601E+01  0.0000E+00  0.0000E+00  0.0000E+00  0.0000E+00  0.0000E+00
 7.9202E+01  0.0000E+00  0.0000E+00  0.0000E+00  0.0000E+00  0.0000E+00
 7.9809E+01  0.0000E+00  0.0000E+00  0.0000E+00  0.0000E+00  0.0000E+00
 8.0420E+01  0.0000E+00  0.0000E+00  0.0000E+00  0.0000E+00  0.0000E+00
 8.1036E+01  0.0000E+00  0.0000E+00  0.0000E+00  0.0000E+00  0.0000E+00
 8.1657E+01  0.0000E+00  0.0000E+00  0.0000E+00  0.0000E+00  0.0000E+00
 8.2282E+01  0.0000E+00  0.0000E+00  0.0000E+00  0.0000E+00  0.0000E+00
 8.2912E+01  0.0000E+00  0.0000E+00  0.0000E+00  0.0000E+00  0.0000E+00
 8.3547E+01  0.0000E+00  0.0000E+00  0.0000E+00  0.0000E+00  0.0000E+00
 8.4187E+01  0.0000E+00  0.0000E+00  0.0000E+00  0.0000E+00  0.0000E+00
 8.4832E+01  0.0000E+00  0.0000E+00  0.0000E+00  0.0000E+00  0.0000E+00
 8.5481E+01  0.0000E+00  0.0000E+00  0.0000E+00  0.0000E+00  0.0000E+00
 8.6136E+01  0.0000E+00  0.0000E+00  0.0000E+00  0.0000E+00  0.0000E+00
 8.6796E+01  0.0000E+00  0.0000E+00  0.0000E+00  0.0000E+00  0.0000E+00
 8.7460E+01  0.0000E+00  0.0000E+00  0.0000E+00  0.0000E+00  0.0000E+00
 8.8130E+01  0.0000E+00  0.0000E+00  0.0000E+00  0.0000E+00  0.0000E+00
 8.8805E+01  0.0000E+00  0.0000E+00  0.0000E+00  0.0000E+00  0.0000E+00
 8.9485E+01  0.0000E+00  0.0000E+00  0.0000E+00  0.0000E+00  0.0000E+00
 9.0171E+01  0.0000E+00  0.0000E+00  0.0000E+00  0.0000E+00  0.0000E+00
 9.0861E+01  0.0000E+00  0.0000E+00  0.0000E+00  0.0000E+00  0.0000E+00
 9.1557E+01  0.0000E+00  0.0000E+00  0.0000E+00  0.0000E+00  0.0000E+00
 9.2258E+01  0.0000E+00  0.0000E+00  0.0000E+00  0.0000E+00  0.0000E+00
 9.2965E+01  0.0000E+00  0.0000E+00  0.0000E+00  0.0000E+00  0.0000E+00
 9.3677E+01  0.0000E+00  0.0000E+00  0.0000E+00  0.0000E+00  0.0000E+00
 9.4394E+01  0.0000E+00  0.0000E+00  0.0000E+00  0.0000E+00  0.0000E+00
 9.5117E+01  0.0000E+00  0.0000E+00  0.0000E+00  0.0000E+00  0.0000E+00
 9.5845E+01  0.0000E+00  0.0000E+00  0.0000E+00  0.0000E+00  0.0000E+00
 9.6579E+01  0.0000E+00  0.0000E+00  0.0000E+00  0.0000E+00  0.0000E+00
 9.7319E+01  0.0000E+00  0.0000E+00  0.0000E+00  0.0000E+00  0.0000E+00
 9.8064E+01  0.0000E+00  0.0000E+00  0.0000E+00  0.0000E+00  0.0000E+00
 9.8815E+01  0.0000E+00  0.0000E+00  0.0000E+00  0.0000E+00  0.0000E+00
 9.9572E+01  0.0000E+00  0.0000E+00  0.0000E+00  0.0000E+00  0.0000E+00
 1.0033E+02  0.0000E+00  0.0000E+00  0.0000E+00  0.0000E+00  0.0000E+00
 1.0110E+02  0.0000E+00  0.0000E+00  0.0000E+00  0.0000E+00  0.0000E+00
 1.0188E+02  0.0000E+00  0.0000E+00  0.0000E+00  0.0000E+00  0.0000E+00
 1.0266E+02  0.0000E+00  0.0000E+00  0.0000E+00  0.0000E+00  0.0000E+00
 1.0344E+02  0.0000E+00  0.0000E+00  0.0000E+00  0.0000E+00  0.0000E+00
 1.0424E+02  0.0000E+00  0.0000E+00  0.0000E+00  0.0000E+00  0.0000E+00
 1.0503E+02  0.0000E+00  0.0000E+00  0.0000E+00  0.0000E+00  0.0000E+00
 1.0584E+02  0.0000E+00  0.0000E+00  0.0000E+00  0.0000E+00  0.0000E+00
 1.0665E+02  0.0000E+00  0.0000E+00  0.0000E+00  0.0000E+00  0.0000E+00
 1.0747E+02  0.0000E+00  0.0000E+00  0.0000E+00  0.0000E+00  0.0000E+00
 1.0829E+02  0.0000E+00  0.0000E+00  0.0000E+00  0.0000E+00  0.0000E+00
 1.0912E+02  0.0000E+00  0.0000E+00  0.0000E+00  0.0000E+00  0.0000E+00
 1.0995E+02  0.0000E+00  0.0000E+00  0.0000E+00  0.0000E+00  0.0000E+00
 1.1080E+02  0.0000E+00  0.0000E+00  0.0000E+00  0.0000E+00  0.0000E+00
 1.1164E+02  0.0000E+00  0.0000E+00  0.0000E+00  0.0000E+00  0.0000E+00
 1.1250E+02  0.0000E+00  0.0000E+00  0.0000E+00  0.0000E+00  0.0000E+00
 1.1336E+02  0.0000E+00  0.0000E+00  0.0000E+00  0.0000E+00  0.0000E+00
 1.1423E+02  0.0000E+00  0.0000E+00  0.0000E+00  0.0000E+00  0.0000E+00
 1.1510E+02  0.0000E+00  0.0000E+00  0.0000E+00  0.0000E+00  0.0000E+00
 1.1599E+02  0.0000E+00  0.0000E+00  0.0000E+00  0.0000E+00  0.0000E+00
 1.1687E+02  0.0000E+00  0.0000E+00  0.0000E+00  0.0000E+00  0.0000E+00
 1.1777E+02  0.0000E+00  0.0000E+00  0.0000E+00  0.0000E+00  0.0000E+00
 1.1867E+02  0.0000E+00  0.0000E+00  0.0000E+00  0.0000E+00  0.0000E+00
 1.1958E+02  0.0000E+00  0.0000E+00  0.0000E+00  0.0000E+00  0.0000E+00
 1.2050E+02  0.0000E+00  0.0000E+00  0.0000E+00  0.0000E+00  0.0000E+00
 1.2142E+02  0.0000E+00  0.0000E+00  0.0000E+00  0.0000E+00  0.0000E+00
 1.2235E+02  0.0000E+00  0.0000E+00  0.0000E+00  0.0000E+00  0.0000E+00
 1.2329E+02  0.0000E+00  0.0000E+00  0.0000E+00  0.0000E+00  0.0000E+00
 1.2423E+02  0.0000E+00  0.0000E+00  0.0000E+00  0.0000E+00  0.0000E+00
 1.2518E+02  0.0000E+00  0.0000E+00  0.0000E+00  0.0000E+00  0.0000E+00
 1.2614E+02  0.0000E+00  0.0000E+00  0.0000E+00  0.0000E+00  0.0000E+00
 1.2711E+02  0.0000E+00  0.0000E+00  0.0000E+00  0.0000E+00  0.0000E+00
 1.2808E+02  0.0000E+00  0.0000E+00  0.0000E+00  0.0000E+00  0.0000E+00
 1.2906E+02  0.0000E+00  0.0000E+00  0.0000E+00  0.0000E+00  0.0000E+00
 1.3005E+02  0.0000E+00  0.0000E+00  0.0000E+00  0.0000E+00  0.0000E+00
 1.3104E+02  0.0000E+00  0.0000E+00  0.0000E+00  0.0000E+00  0.0000E+00
 1.3205E+02  0.0000E+00  0.0000E+00  0.0000E+00  0.0000E+00  0.0000E+00
 1.3306E+02  0.0000E+00  0.0000E+00  0.0000E+00  0.0000E+00  0.0000E+00
 1.3408E+02  0.0000E+00  0.0000E+00  0.0000E+00  0.0000E+00  0.0000E+00
 1.3510E+02  0.0000E+00  0.0000E+00  0.0000E+00  0.0000E+00  0.0000E+00
 1.3614E+02  0.0000E+00  0.0000E+00  0.0000E+00  0.0000E+00  0.0000E+00
 1.3718E+02  0.0000E+00  0.0000E+00  0.0000E+00  0.0000E+00  0.0000E+00
 1.3823E+02  0.0000E+00  0.0000E+00  0.0000E+00  0.0000E+00  0.0000E+00
 1.3929E+02  0.0000E+00  0.0000E+00  0.0000E+00  0.0000E+00  0.0000E+00
 1.4036E+02  0.0000E+00  0.0000E+00  0.0000E+00  0.0000E+00  0.0000E+00
 1.4143E+02  0.0000E+00  0.0000E+00  0.0000E+00  0.0000E+00  0.0000E+00
 1.4252E+02  0.0000E+00  0.0000E+00  0.0000E+00  0.0000E+00  0.0000E+00
 1.4361E+02  0.0000E+00  0.0000E+00  0.0000E+00  0.0000E+00  0.0000E+00
 1.4471E+02  0.0000E+00  0.0000E+00  0.0000E+00  0.0000E+00  0.0000E+00
 1.4582E+02  0.0000E+00  0.0000E+00  0.0000E+00  0.0000E+00  0.0000E+00
 1.4693E+02  0.0000E+00  0.0000E+00  0.0000E+00  0.0000E+00  0.0000E+00
 1.4806E+02  0.0000E+00  0.0000E+00  0.0000E+00  0.0000E+00  0.0000E+00
 1.4919E+02  0.0000E+00  0.0000E+00  0.0000E+00  0.0000E+00  0.0000E+00
 1.5033E+02  0.0000E+00  0.0000E+00  0.0000E+00  0.0000E+00  0.0000E+00
 1.5149E+02  0.0000E+00  0.0000E+00  0.0000E+00  0.0000E+00  0.0000E+00
 1.5265E+02  0.0000E+00  0.0000E+00  0.0000E+00  0.0000E+00  0.0000E+00
 1.5381E+02  0.0000E+00  0.0000E+00  0.0000E+00  0.0000E+00  0.0000E+00
 1.5499E+02  0.0000E+00  0.0000E+00  0.0000E+00  0.0000E+00  0.0000E+00
 1.5618E+02  0.0000E+00  0.0000E+00  0.0000E+00  0.0000E+00  0.0000E+00
 1.5738E+02  0.0000E+00  0.0000E+00  0.0000E+00  0.0000E+00  0.0000E+00
 1.5858E+02  0.0000E+00  0.0000E+00  0.0000E+00  0.0000E+00  0.0000E+00
 1.5980E+02  0.0000E+00  0.0000E+00  0.0000E+00  0.0000E+00  0.0000E+00
 1.6102E+02  0.0000E+00  0.0000E+00  0.0000E+00  0.0000E+00  0.0000E+00
 1.6225E+02  0.0000E+00  0.0000E+00  0.0000E+00  0.0000E+00  0.0000E+00
 1.6349E+02  0.0000E+00  0.0000E+00  0.0000E+00  0.0000E+00  0.0000E+00
 1.6475E+02  0.0000E+00  0.0000E+00  0.0000E+00  0.0000E+00  0.0000E+00
 1.6601E+02  0.0000E+00  0.0000E+00  0.0000E+00  0.0000E+00  0.0000E+00
 1.6728E+02  0.0000E+00  0.0000E+00  0.0000E+00  0.0000E+00  0.0000E+00
 1.6856E+02  0.0000E+00  0.0000E+00  0.0000E+00  0.0000E+00  0.0000E+00
 1.6985E+02  0.0000E+00  0.0000E+00  0.0000E+00  0.0000E+00  0.0000E+00
 1.7115E+02  0.0000E+00  0.0000E+00  0.0000E+00  0.0000E+00  0.0000E+00
 1.7246E+02  0.0000E+00  0.0000E+00  0.0000E+00  0.0000E+00  0.0000E+00
 1.7378E+02  0.0000E+00  0.0000E+00  0.0000E+00  0.0000E+00  0.0000E+00
 1.7511E+02  0.0000E+00  0.0000E+00  0.0000E+00  0.0000E+00  0.0000E+00
 1.7646E+02  0.0000E+00  0.0000E+00  0.0000E+00  0.0000E+00  0.0000E+00
 1.7781E+02  0.0000E+00  0.0000E+00  0.0000E+00  0.0000E+00  0.0000E+00
 1.7917E+02  0.0000E+00  0.0000E+00  0.0000E+00  0.0000E+00  0.0000E+00
 1.8054E+02  0.0000E+00  0.0000E+00  0.0000E+00  0.0000E+00  0.0000E+00
 1.8192E+02  0.0000E+00  0.0000E+00  0.0000E+00  0.0000E+00  0.0000E+00
 1.8332E+02  0.0000E+00  0.0000E+00  0.0000E+00  0.0000E+00  0.0000E+00
 1.8472E+02  0.0000E+00  0.0000E+00  0.0000E+00  0.0000E+00  0.0000E+00
 1.8614E+02  0.0000E+00  0.0000E+00  0.0000E+00  0.0000E+00  0.0000E+00
 1.8756E+02  0.0000E+00  0.0000E+00  0.0000E+00  0.0000E+00  0.0000E+00
 1.8900E+02  0.0000E+00  0.0000E+00  0.0000E+00  0.0000E+00  0.0000E+00
 1.9045E+02  0.0000E+00  0.0000E+00  0.0000E+00  0.0000E+00  0.0000E+00
 1.9190E+02  0.0000E+00  0.0000E+00  0.0000E+00  0.0000E+00  0.0000E+00
 1.9337E+02  0.0000E+00  0.0000E+00  0.0000E+00  0.0000E+00  0.0000E+00
 1.9485E+02  0.0000E+00  0.0000E+00  0.0000E+00  0.0000E+00  0.0000E+00
 1.9635E+02  0.0000E+00  0.0000E+00  0.0000E+00  0.0000E+00  0.0000E+00
 1.9785E+02  0.0000E+00  0.0000E+00  0.0000E+00  0.0000E+00  0.0000E+00
 1.9937E+02  0.0000E+00  0.0000E+00  0.0000E+00  0.0000E+00  0.0000E+00
 2.0089E+02  0.0000E+00  0.0000E+00  0.0000E+00  0.0000E+00  0.0000E+00
 2.0243E+02  0.0000E+00  0.0000E+00  0.0000E+00  0.0000E+00  0.0000E+00
 2.0398E+02  0.0000E+00  0.0000E+00  0.0000E+00  0.0000E+00  0.0000E+00
 2.0554E+02  0.0000E+00  0.0000E+00  0.0000E+00  0.0000E+00  0.0000E+00
 2.0712E+02  0.0000E+00  0.0000E+00  0.0000E+00  0.0000E+00  0.0000E+00
 2.0870E+02  0.0000E+00  0.0000E+00  0.0000E+00  0.0000E+00  0.0000E+00
 2.1030E+02  0.0000E+00  0.0000E+00  0.0000E+00  0.0000E+00  0.0000E+00
 2.1191E+02  0.0000E+00  0.0000E+00  0.0000E+00  0.0000E+00  0.0000E+00
 2.1354E+02  0.0000E+00  0.0000E+00  0.0000E+00  0.0000E+00  0.0000E+00
 2.1517E+02  0.0000E+00  0.0000E+00  0.0000E+00  0.0000E+00  0.0000E+00
 2.1682E+02  0.0000E+00  0.0000E+00  0.0000E+00  0.0000E+00  0.0000E+00
 2.1848E+02  0.0000E+00  0.0000E+00  0.0000E+00  0.0000E+00  0.0000E+00
 2.2015E+02  0.0000E+00  0.0000E+00  0.0000E+00  0.0000E+00  0.0000E+00
 2.2184E+02  0.0000E+00  0.0000E+00  0.0000E+00  0.0000E+00  0.0000E+00
 2.2354E+02  0.0000E+00  0.0000E+00  0.0000E+00  0.0000E+00  0.0000E+00
 2.2525E+02  0.0000E+00  0.0000E+00  0.0000E+00  0.0000E+00  0.0000E+00
 2.2697E+02  0.0000E+00  0.0000E+00  0.0000E+00  0.0000E+00  0.0000E+00
 2.2871E+02  0.0000E+00  0.0000E+00  0.0000E+00  0.0000E+00  0.0000E+00
 2.3046E+02  0.0000E+00  0.0000E+00  0.0000E+00  0.0000E+00  0.0000E+00
 2.3223E+02  0.0000E+00  0.0000E+00  0.0000E+00  0.0000E+00  0.0000E+00
 2.3401E+02  0.0000E+00  0.0000E+00  0.0000E+00  0.0000E+00  0.0000E+00
 2.3580E+02  0.0000E+00  0.0000E+00  0.0000E+00  0.0000E+00  0.0000E+00
 2.3761E+02  0.0000E+00  0.0000E+00  0.0000E+00  0.0000E+00  0.0000E+00
 2.3942E+02  0.0000E+00  0.0000E+00  0.0000E+00  0.0000E+00  0.0000E+00
 2.4126E+02  0.0000E+00  0.0000E+00  0.0000E+00  0.0000E+00  0.0000E+00
 2.4311E+02  0.0000E+00  0.0000E+00  0.0000E+00  0.0000E+00  0.0000E+00
 2.4497E+02  0.0000E+00  0.0000E+00  0.0000E+00  0.0000E+00  0.0000E+00
 2.4684E+02  0.0000E+00  0.0000E+00  0.0000E+00  0.0000E+00  0.0000E+00
 2.4873E+02  0.0000E+00  0.0000E+00  0.0000E+00  0.0000E+00  0.0000E+00
 2.5064E+02  0.0000E+00  0.0000E+00  0.0000E+00  0.0000E+00  0.0000E+00
 2.5256E+02  0.0000E+00  0.0000E+00  0.0000E+00  0.0000E+00  0.0000E+00
 2.5449E+02  0.0000E+00  0.0000E+00  0.0000E+00  0.0000E+00  0.0000E+00
 2.5644E+02  0.0000E+00  0.0000E+00  0.0000E+00  0.0000E+00  0.0000E+00
 2.5841E+02  0.0000E+00  0.0000E+00  0.0000E+00  0.0000E+00  0.0000E+00
 2.6038E+02  0.0000E+00  0.0000E+00  0.0000E+00  0.0000E+00  0.0000E+00
 2.6238E+02  0.0000E+00  0.0000E+00  0.0000E+00  0.0000E+00  0.0000E+00
 2.6439E+02  0.0000E+00  0.0000E+00  0.0000E+00  0.0000E+00  0.0000E+00
 2.6641E+02  0.0000E+00  0.0000E+00  0.0000E+00  0.0000E+00  0.0000E+00
 2.6845E+02  0.0000E+00  0.0000E+00  0.0000E+00  0.0000E+00  0.0000E+00
 2.7051E+02  0.0000E+00  0.0000E+00  0.0000E+00  0.0000E+00  0.0000E+00
 2.7258E+02  0.0000E+00  0.0000E+00  0.0000E+00  0.0000E+00  0.0000E+00
 2.7467E+02  0.0000E+00  0.0000E+00  0.0000E+00  0.0000E+00  0.0000E+00
 2.7677E+02  0.0000E+00  0.0000E+00  0.0000E+00  0.0000E+00  0.0000E+00
 2.7889E+02  0.0000E+00  0.0000E+00  0.0000E+00  0.0000E+00  0.0000E+00
 2.8103E+02  0.0000E+00  0.0000E+00  0.0000E+00  0.0000E+00  0.0000E+00
 2.8318E+02  0.0000E+00  0.0000E+00  0.0000E+00  0.0000E+00  0.0000E+00
 2.8535E+02  0.0000E+00  0.0000E+00  0.0000E+00  0.0000E+00  0.0000E+00
 2.8753E+02  0.0000E+00  0.0000E+00  0.0000E+00  0.0000E+00  0.0000E+00
 2.8974E+02  0.0000E+00  0.0000E+00  0.0000E+00  0.0000E+00  0.0000E+00
 2.9195E+02  0.0000E+00  0.0000E+00  0.0000E+00  0.0000E+00  0.0000E+00
 2.9419E+02  0.0000E+00  0.0000E+00  0.0000E+00  0.0000E+00  0.0000E+00
 2.9644E+02  0.0000E+00  0.0000E+00  0.0000E+00  0.0000E+00  0.0000E+00
 2.9871E+02  0.0000E+00  0.0000E+00  0.0000E+00  0.0000E+00  0.0000E+00
 3.0100E+02  0.0000E+00  0.0000E+00  0.0000E+00  0.0000E+00  0.0000E+00
 3.0331E+02  0.0000E+00  0.0000E+00  0.0000E+00  0.0000E+00  0.0000E+00
 3.0563E+02  0.0000E+00  0.0000E+00  0.0000E+00  0.0000E+00  0.0000E+00
 3.0797E+02  0.0000E+00  0.0000E+00  0.0000E+00  0.0000E+00  0.0000E+00
 3.1033E+02  0.0000E+00  0.0000E+00  0.0000E+00  0.0000E+00  0.0000E+00
 3.1271E+02  0.0000E+00  0.0000E+00  0.0000E+00  0.0000E+00  0.0000E+00
 3.1510E+02  0.0000E+00  0.0000E+00  0.0000E+00  0.0000E+00  0.0000E+00
 3.1751E+02  0.0000E+00  0.0000E+00  0.0000E+00  0.0000E+00  0.0000E+00
 3.1994E+02  0.0000E+00  0.0000E+00  0.0000E+00  0.0000E+00  0.0000E+00
 3.2240E+02  0.0000E+00  0.0000E+00  0.0000E+00  0.0000E+00  0.0000E+00
 3.2486E+02  0.0000E+00  0.0000E+00  0.0000E+00  0.0000E+00  0.0000E+00
 3.2735E+02  0.0000E+00  0.0000E+00  0.0000E+00  0.0000E+00  0.0000E+00
 3.2986E+02  0.0000E+00  0.0000E+00  0.0000E+00  0.0000E+00  0.0000E+00
 3.3239E+02  0.0000E+00  0.0000E+00  0.0000E+00  0.0000E+00  0.0000E+00
 3.3493E+02  0.0000E+00  0.0000E+00  0.0000E+00  0.0000E+00  0.0000E+00
 3.3750E+02  0.0000E+00  0.0000E+00  0.0000E+00  0.0000E+00  0.0000E+00
 3.4008E+02  0.0000E+00  0.0000E+00  0.0000E+00  0.0000E+00  0.0000E+00
 3.4268E+02  0.0000E+00  0.0000E+00  0.0000E+00  0.0000E+00  0.0000E+00
 3.4531E+02  0.0000E+00  0.0000E+00  0.0000E+00  0.0000E+00  0.0000E+00
 3.4795E+02  0.0000E+00  0.0000E+00  0.0000E+00  0.0000E+00  0.0000E+00
 3.5062E+02  0.0000E+00  0.0000E+00  0.0000E+00  0.0000E+00  0.0000E+00
 3.5330E+02  0.0000E+00  0.0000E+00  0.0000E+00  0.0000E+00  0.0000E+00
 3.5601E+02  0.0000E+00  0.0000E+00  0.0000E+00  0.0000E+00  0.0000E+00
 3.5874E+02  0.0000E+00  0.0000E+00  0.0000E+00  0.0000E+00  0.0000E+00
 3.6148E+02  0.0000E+00  0.0000E+00  0.0000E+00  0.0000E+00  0.0000E+00
 3.6425E+02  0.0000E+00  0.0000E+00  0.0000E+00  0.0000E+00  0.0000E+00
 3.6704E+02  0.0000E+00  0.0000E+00  0.0000E+00  0.0000E+00  0.0000E+00
 3.6985E+02  0.0000E+00  0.0000E+00  0.0000E+00  0.0000E+00  0.0000E+00
 3.7268E+02  0.0000E+00  0.0000E+00  0.0000E+00  0.0000E+00  0.0000E+00
 3.7554E+02  0.0000E+00  0.0000E+00  0.0000E+00  0.0000E+00  0.0000E+00
 3.7841E+02  0.0000E+00  0.0000E+00  0.0000E+00  0.0000E+00  0.0000E+00
 3.8131E+02  0.0000E+00  0.0000E+00  0.0000E+00  0.0000E+00  0.0000E+00
 3.8423E+02  0.0000E+00  0.0000E+00  0.0000E+00  0.0000E+00  0.0000E+00
 3.8718E+02  0.0000E+00  0.0000E+00  0.0000E+00  0.0000E+00  0.0000E+00
 3.9014E+02  0.0000E+00  0.0000E+00  0.0000E+00  0.0000E+00  0.0000E+00
 3.9313E+02  0.0000E+00  0.0000E+00  0.0000E+00  0.0000E+00  0.0000E+00
 3.9614E+02  0.0000E+00  0.0000E+00  0.0000E+00  0.0000E+00  0.0000E+00
 3.9917E+02  0.0000E+00  0.0000E+00  0.0000E+00  0.0000E+00  0.0000E+00
 4.0223E+02  0.0000E+00  0.0000E+00  0.0000E+00  0.0000E+00  0.0000E+00
 4.0531E+02  0.0000E+00  0.0000E+00  0.0000E+00  0.0000E+00  0.0000E+00
 4.0841E+02  0.0000E+00  0.0000E+00  0.0000E+00  0.0000E+00  0.0000E+00
 4.1154E+02  0.0000E+00  0.0000E+00  0.0000E+00  0.0000E+00  0.0000E+00
 4.1469E+02  0.0000E+00  0.0000E+00  0.0000E+00  0.0000E+00  0.0000E+00
 4.1787E+02  0.0000E+00  0.0000E+00  0.0000E+00  0.0000E+00  0.0000E+00
 4.2107E+02  0.0000E+00  0.0000E+00  0.0000E+00  0.0000E+00  0.0000E+00
 4.2429E+02  0.0000E+00  0.0000E+00  0.0000E+00  0.0000E+00  0.0000E+00
 4.2754E+02  0.0000E+00  0.0000E+00  0.0000E+00  0.0000E+00  0.0000E+00
 4.3082E+02  0.0000E+00  0.0000E+00  0.0000E+00  0.0000E+00  0.0000E+00
 4.3412E+02  0.0000E+00  0.0000E+00  0.0000E+00  0.0000E+00  0.0000E+00
 4.3744E+02  0.0000E+00  0.0000E+00  0.0000E+00  0.0000E+00  0.0000E+00
 4.4079E+02  0.0000E+00  0.0000E+00  0.0000E+00  0.0000E+00  0.0000E+00
 4.4417E+02  0.0000E+00  0.0000E+00  0.0000E+00  0.0000E+00  0.0000E+00
 4.4757E+02  0.0000E+00  0.0000E+00  0.0000E+00  0.0000E+00  0.0000E+00
 4.5100E+02  0.0000E+00  0.0000E+00  0.0000E+00  0.0000E+00  0.0000E+00
 4.5445E+02  0.0000E+00  0.0000E+00  0.0000E+00  0.0000E+00  0.0000E+00
 4.5793E+02  0.0000E+00  0.0000E+00  0.0000E+00  0.0000E+00  0.0000E+00
 4.6144E+02  0.0000E+00  0.0000E+00  0.0000E+00  0.0000E+00  0.0000E+00
 4.6497E+02  0.0000E+00  0.0000E+00  0.0000E+00  0.0000E+00  0.0000E+00
 4.6853E+02  0.0000E+00  0.0000E+00  0.0000E+00  0.0000E+00  0.0000E+00
 4.7212E+02  0.0000E+00  0.0000E+00  0.0000E+00  0.0000E+00  0.0000E+00
 4.7574E+02  0.0000E+00  0.0000E+00  0.0000E+00  0.0000E+00  0.0000E+00
 4.7938E+02  0.0000E+00  0.0000E+00  0.0000E+00  0.0000E+00  0.0000E+00
 4.8305E+02  0.0000E+00  0.0000E+00  0.0000E+00  0.0000E+00  0.0000E+00
 4.8675E+02  0.0000E+00  0.0000E+00  0.0000E+00  0.0000E+00  0.0000E+00
 4.9048E+02  0.0000E+00  0.0000E+00  0.0000E+00  0.0000E+00  0.0000E+00
 4.9424E+02  0.0000E+00  0.0000E+00  0.0000E+00  0.0000E+00  0.0000E+00
 4.9802E+02  0.0000E+00  0.0000E+00  0.0000E+00  0.0000E+00  0.0000E+00
 5.0183E+02  0.0000E+00  0.0000E+00  0.0000E+00  0.0000E+00  0.0000E+00
 5.0568E+02  0.0000E+00  0.0000E+00  0.0000E+00  0.0000E+00  0.0000E+00
 5.0955E+02  0.0000E+00  0.0000E+00  0.0000E+00  0.0000E+00  0.0000E+00
 5.1345E+02  0.0000E+00  0.0000E+00  0.0000E+00  0.0000E+00  0.0000E+00
 5.1738E+02  0.0000E+00  0.0000E+00  0.0000E+00  0.0000E+00  0.0000E+00
 5.2135E+02  0.0000E+00  0.0000E+00  0.0000E+00  0.0000E+00  0.0000E+00
 5.2534E+02  0.0000E+00  0.0000E+00  0.0000E+00  0.0000E+00  0.0000E+00
 5.2936E+02  0.0000E+00  0.0000E+00  0.0000E+00  0.0000E+00  0.0000E+00
 5.3342E+02  0.0000E+00  0.0000E+00  0.0000E+00  0.0000E+00  0.0000E+00
 5.3750E+02  0.0000E+00  0.0000E+00  0.0000E+00  0.0000E+00  0.0000E+00
 5.4162E+02  0.0000E+00  0.0000E+00  0.0000E+00  0.0000E+00  0.0000E+00
 5.4577E+02  0.0000E+00  0.0000E+00  0.0000E+00  0.0000E+00  0.0000E+00
 5.4995E+02  0.0000E+00  0.0000E+00  0.0000E+00  0.0000E+00  0.0000E+00
 5.5416E+02  0.0000E+00  0.0000E+00  0.0000E+00  0.0000E+00  0.0000E+00
 5.5840E+02  0.0000E+00  0.0000E+00  0.0000E+00  0.0000E+00  0.0000E+00
 5.6268E+02  0.0000E+00  0.0000E+00  0.0000E+00  0.0000E+00  0.0000E+00
 5.6699E+02  0.0000E+00  0.0000E+00  0.0000E+00  0.0000E+00  0.0000E+00
 5.7133E+02  0.0000E+00  0.0000E+00  0.0000E+00  0.0000E+00  0.0000E+00
 5.7571E+02  0.0000E+00  0.0000E+00  0.0000E+00  0.0000E+00  0.0000E+00
 5.8011E+02  0.0000E+00  0.0000E+00  0.0000E+00  0.0000E+00  0.0000E+00
 5.8456E+02  0.0000E+00  0.0000E+00  0.0000E+00  0.0000E+00  0.0000E+00
 5.8903E+02  0.0000E+00  0.0000E+00  0.0000E+00  0.0000E+00  0.0000E+00
 5.9354E+02  0.0000E+00  0.0000E+00  0.0000E+00  0.0000E+00  0.0000E+00
 5.9809E+02  0.0000E+00  0.0000E+00  0.0000E+00  0.0000E+00  0.0000E+00
 6.0267E+02  0.0000E+00  0.0000E+00  0.0000E+00  0.0000E+00  0.0000E+00
 6.0729E+02  0.0000E+00  0.0000E+00  0.0000E+00  0.0000E+00  0.0000E+00
 6.1194E+02  0.0000E+00  0.0000E+00  0.0000E+00  0.0000E+00  0.0000E+00
 6.1662E+02  0.0000E+00  0.0000E+00  0.0000E+00  0.0000E+00  0.0000E+00
 6.2135E+02  0.0000E+00  0.0000E+00  0.0000E+00  0.0000E+00  0.0000E+00
 6.2610E+02  0.0000E+00  0.0000E+00  0.0000E+00  0.0000E+00  0.0000E+00
 6.3090E+02  0.0000E+00  0.0000E+00  0.0000E+00  0.0000E+00  0.0000E+00
 6.3573E+02  0.0000E+00  0.0000E+00  0.0000E+00  0.0000E+00  0.0000E+00
 6.4060E+02  0.0000E+00  0.0000E+00  0.0000E+00  0.0000E+00  0.0000E+00
 6.4551E+02  0.0000E+00  0.0000E+00  0.0000E+00  0.0000E+00  0.0000E+00
 6.5045E+02  0.0000E+00  0.0000E+00  0.0000E+00  0.0000E+00  0.0000E+00
 6.5543E+02  0.0000E+00  0.0000E+00  0.0000E+00  0.0000E+00  0.0000E+00
 6.6045E+02  0.0000E+00  0.0000E+00  0.0000E+00  0.0000E+00  0.0000E+00
 6.6551E+02  0.0000E+00  0.0000E+00  0.0000E+00  0.0000E+00  0.0000E+00
 6.7060E+02  0.0000E+00  0.0000E+00  0.0000E+00  0.0000E+00  0.0000E+00
 6.7574E+02  0.0000E+00  0.0000E+00  0.0000E+00  0.0000E+00  0.0000E+00
 6.8092E+02  0.0000E+00  0.0000E+00  0.0000E+00  0.0000E+00  0.0000E+00
 6.8613E+02  0.0000E+00  0.0000E+00  0.0000E+00  0.0000E+00  0.0000E+00
 6.9138E+02  0.0000E+00  0.0000E+00  0.0000E+00  0.0000E+00  0.0000E+00
 6.9668E+02  0.0000E+00  0.0000E+00  0.0000E+00  0.0000E+00  0.0000E+00
 7.0201E+02  0.0000E+00  0.0000E+00  0.0000E+00  0.0000E+00  0.0000E+00
 7.0739E+02  0.0000E+00  0.0000E+00  0.0000E+00  0.0000E+00  0.0000E+00
 7.1281E+02  0.0000E+00  0.0000E+00  0.0000E+00  0.0000E+00  0.0000E+00
 7.1827E+02  0.0000E+00  0.0000E+00  0.0000E+00  0.0000E+00  0.0000E+00
 7.2377E+02  0.0000E+00  0.0000E+00  0.0000E+00  0.0000E+00  0.0000E+00
 7.2931E+02  0.0000E+00  0.0000E+00  0.0000E+00  0.0000E+00  0.0000E+00
 7.3490E+02  0.0000E+00  0.0000E+00  0.0000E+00  0.0000E+00  0.0000E+00
 7.4052E+02  0.0000E+00  0.0000E+00  0.0000E+00  0.0000E+00  0.0000E+00
 7.4620E+02  0.0000E+00  0.0000E+00  0.0000E+00  0.0000E+00  0.0000E+00
 7.5191E+02  0.0000E+00  0.0000E+00  0.0000E+00  0.0000E+00  0.0000E+00
 7.5767E+02  0.0000E+00  0.0000E+00  0.0000E+00  0.0000E+00  0.0000E+00
 7.6347E+02  0.0000E+00  0.0000E+00  0.0000E+00  0.0000E+00  0.0000E+00
 7.6932E+02  0.0000E+00  0.0000E+00  0.0000E+00  0.0000E+00  0.0000E+00
 7.7521E+02  0.0000E+00  0.0000E+00  0.0000E+00  0.0000E+00  0.0000E+00
 7.8115E+02  0.0000E+00  0.0000E+00  0.0000E+00  0.0000E+00  0.0000E+00
 7.8713E+02  0.0000E+00  0.0000E+00  0.0000E+00  0.0000E+00  0.0000E+00
 7.9316E+02  0.0000E+00  0.0000E+00  0.0000E+00  0.0000E+00  0.0000E+00
 7.9923E+02  0.0000E+00  0.0000E+00  0.0000E+00  0.0000E+00  0.0000E+00
 8.0535E+02  0.0000E+00  0.0000E+00  0.0000E+00  0.0000E+00  0.0000E+00
 8.1152E+02  0.0000E+00  0.0000E+00  0.0000E+00  0.0000E+00  0.0000E+00
 8.1774E+02  0.0000E+00  0.0000E+00  0.0000E+00  0.0000E+00  0.0000E+00
 8.2400E+02  0.0000E+00  0.0000E+00  0.0000E+00  0.0000E+00  0.0000E+00
 8.3031E+02  0.0000E+00  0.0000E+00  0.0000E+00  0.0000E+00  0.0000E+00
 8.3667E+02  0.0000E+00  0.0000E+00  0.0000E+00  0.0000E+00  0.0000E+00
 8.4307E+02  0.0000E+00  0.0000E+00  0.0000E+00  0.0000E+00  0.0000E+00
 8.4953E+02  0.0000E+00  0.0000E+00  0.0000E+00  0.0000E+00  0.0000E+00
 8.5604E+02  0.0000E+00  0.0000E+00  0.0000E+00  0.0000E+00  0.0000E+00
 8.6259E+02  0.0000E+00  0.0000E+00  0.0000E+00  0.0000E+00  0.0000E+00
 8.6920E+02  0.0000E+00  0.0000E+00  0.0000E+00  0.0000E+00  0.0000E+00
 8.7586E+02  0.0000E+00  0.0000E+00  0.0000E+00  0.0000E+00  0.0000E+00
 8.8256E+02  0.0000E+00  0.0000E+00  0.0000E+00  0.0000E+00  0.0000E+00
 8.8932E+02  0.0000E+00  0.0000E+00  0.0000E+00  0.0000E+00  0.0000E+00
 8.9613E+02  0.0000E+00  0.0000E+00  0.0000E+00  0.0000E+00  0.0000E+00
 9.0300E+02  0.0000E+00  0.0000E+00  0.0000E+00  0.0000E+00  0.0000E+00
 9.0991E+02  0.0000E+00  0.0000E+00  0.0000E+00  0.0000E+00  0.0000E+00
 9.1688E+02  0.0000E+00  0.0000E+00  0.0000E+00  0.0000E+00  0.0000E+00
 9.2390E+02  0.0000E+00  0.0000E+00  0.0000E+00  0.0000E+00  0.0000E+00
 9.3098E+02  3.0879E-03  1.9833E-01  3.6086E-03  4.6395E-01  1.0000E+00
 9.3811E+02  3.0915E-03  1.9704E-01  3.6087E-03  4.6043E-01  1.0000E+00
 9.4529E+02  3.0950E-03  1.9577E-01  3.6088E-03  4.5695E-01  1.0000E+00
 9.5253E+02  3.0985E-03  1.9450E-01  3.6089E-03  4.5349E-01  1.0000E+00
 9.5983E+02  3.1021E-03  1.9324E-01  3.6090E-03  4.5005E-01  1.0000E+00
 9.6718E+02  3.1056E-03  1.9199E-01  3.6091E-03  4.4664E-01  1.0000E+00
 9.7458E+02  3.1091E-03  1.9074E-01  3.6092E-03  4.4326E-01  1.0000E+00
 9.8205E+02  3.1127E-03  1.8951E-01  3.6093E-03  4.3991E-01  1.0000E+00
 9.8957E+02  3.1162E-03  1.8828E-01  3.6094E-03  4.3658E-01  1.0000E+00
 9.9715E+02  3.1198E-03  1.8706E-01  3.6095E-03  4.3327E-01  1.0000E+00
 1.0048E+03  3.1233E-03  1.8585E-01  3.6096E-03  4.2999E-01  1.0000E+00
 1.0125E+03  3.1268E-03  1.8464E-01  3.6097E-03  4.2674E-01  1.0000E+00
 1.0202E+03  3.1303E-03  1.8344E-01  3.6098E-03  4.2350E-01  1.0000E+00
 1.0280E+03  3.1338E-03  1.8225E-01  3.6099E-03  4.2030E-01  1.0000E+00
 1.0359E+03  3.1373E-03  1.8106E-01  3.6100E-03  4.1712E-01  1.0000E+00
 1.0439E+03  3.1408E-03  1.7988E-01  3.6102E-03  4.1396E-01  1.0000E+00
 1.0518E+03  3.1442E-03  1.7871E-01  3.6103E-03  4.1083E-01  1.0000E+00
 1.0599E+03  3.1477E-03  1.7755E-01  3.6104E-03  4.0772E-01  1.0000E+00
 1.0680E+03  3.1511E-03  1.7639E-01  3.6105E-03  4.0463E-01  1.0000E+00
 1.0762E+03  3.1546E-03  1.7524E-01  3.6106E-03  4.0157E-01  1.0000E+00
 1.0844E+03  3.1580E-03  1.7410E-01  3.6107E-03  3.9853E-01  1.0000E+00
 1.0927E+03  3.1614E-03  1.7296E-01  3.6109E-03  3.9551E-01  1.0000E+00
 1.1011E+03  3.1649E-03  1.7183E-01  3.6110E-03  3.9252E-01  1.0000E+00
 1.1095E+03  3.1683E-03  1.7071E-01  3.6111E-03  3.8955E-01  1.0000E+00
 1.1180E+03  3.1717E-03  1.6959E-01  3.6112E-03  3.8660E-01  1.0000E+00
 1.1266E+03  3.1750E-03  1.6848E-01  3.6113E-03  3.8368E-01  1.0000E+00
 1.1352E+03  3.1784E-03  1.6737E-01  3.6114E-03  3.8077E-01  1.0000E+00
 1.1439E+03  3.1818E-03  1.6628E-01  3.6116E-03  3.7789E-01  1.0000E+00
 1.1527E+03  3.1852E-03  1.6519E-01  3.6117E-03  3.7503E-01  1.0000E+00
 1.1615E+03  3.1885E-03  1.6410E-01  3.6118E-03  3.7220E-01  1.0000E+00
 1.1704E+03  3.1919E-03  1.6302E-01  3.6119E-03  3.6938E-01  1.0000E+00
 1.1794E+03  3.1952E-03  1.6195E-01  3.6121E-03  3.6659E-01  1.0000E+00
 1.1884E+03  3.1985E-03  1.6089E-01  3.6122E-03  3.6381E-01  1.0000E+00
 1.1975E+03  3.2018E-03  1.5983E-01  3.6123E-03  3.6106E-01  1.0000E+00
 1.2067E+03  3.2051E-03  1.5878E-01  3.6125E-03  3.5833E-01  1.0000E+00
 1.2159E+03  3.2084E-03  1.5773E-01  3.6126E-03  3.5562E-01  1.0000E+00
 1.2252E+03  3.2117E-03  1.5669E-01  3.6127E-03  3.5293E-01  1.0000E+00
 1.2346E+03  3.2150E-03  1.5566E-01  3.6129E-03  3.5026E-01  1.0000E+00
 1.2441E+03  3.2183E-03  1.5463E-01  3.6130E-03  3.4761E-01  1.0000E+00
 1.2536E+03  3.2216E-03  1.5361E-01  3.6131E-03  3.4498E-01  1.0000E+00
 1.2632E+03  3.2248E-03  1.5259E-01  3.6133E-03  3.4237E-01  1.0000E+00
 1.2729E+03  3.2280E-03  1.5159E-01  3.6134E-03  3.3978E-01  1.0000E+00
 1.2826E+03  3.2313E-03  1.5058E-01  3.6135E-03  3.3721E-01  1.0000E+00
 1.2924E+03  3.2345E-03  1.4959E-01  3.6137E-03  3.3466E-01  1.0000E+00
 1.3023E+03  3.2377E-03  1.4860E-01  3.6138E-03  3.3213E-01  1.0000E+00
 1.3123E+03  3.2409E-03  1.4761E-01  3.6139E-03  3.2962E-01  1.0000E+00
 1.3224E+03  3.2441E-03  1.4663E-01  3.6141E-03  3.2713E-01  1.0000E+00
 1.3325E+03  3.2473E-03  1.4566E-01  3.6142E-03  3.2466E-01  1.0000E+00
 1.3427E+03  3.2505E-03  1.4469E-01  3.6144E-03  3.2220E-01  1.0000E+00
 1.3530E+03  3.2537E-03  1.4373E-01  3.6145E-03  3.1976E-01  1.0000E+00
 1.3633E+03  3.2568E-03  1.4278E-01  3.6147E-03  3.1735E-01  1.0000E+00
 1.3738E+03  3.2600E-03  1.4183E-01  3.6148E-03  3.1495E-01  1.0000E+00
 1.3843E+03  3.2631E-03  1.4088E-01  3.6150E-03  3.1257E-01  1.0000E+00
 1.3949E+03  3.2663E-03  1.3994E-01  3.6151E-03  3.1020E-01  1.0000E+00
 1.4056E+03  3.2694E-03  1.3901E-01  3.6153E-03  3.0786E-01  1.0000E+00
 1.4164E+03  3.2725E-03  1.3809E-01  3.6154E-03  3.0553E-01  1.0000E+00
 1.4272E+03  3.2756E-03  1.3716E-01  3.6156E-03  3.0322E-01  1.0000E+00
 1.4381E+03  3.2787E-03  1.3625E-01  3.6157E-03  3.0093E-01  1.0000E+00
 1.4491E+03  3.2818E-03  1.3534E-01  3.6159E-03  2.9866E-01  1.0000E+00
 1.4602E+03  3.2849E-03  1.3444E-01  3.6160E-03  2.9640E-01  1.0000E+00
 1.4714E+03  3.2879E-03  1.3354E-01  3.6162E-03  2.9416E-01  1.0000E+00
 1.4827E+03  3.2910E-03  1.3264E-01  3.6164E-03  2.9194E-01  1.0000E+00
 1.4940E+03  3.2940E-03  1.3176E-01  3.6165E-03  2.8973E-01  1.0000E+00
 1.5055E+03  3.2971E-03  1.3087E-01  3.6167E-03  2.8754E-01  1.0000E+00
 1.5170E+03  3.3001E-03  1.3000E-01  3.6168E-03  2.8537E-01  1.0000E+00
 1.5286E+03  3.3031E-03  1.2913E-01  3.6170E-03  2.8321E-01  1.0000E+00
 1.5403E+03  3.3061E-03  1.2826E-01  3.6172E-03  2.8107E-01  1.0000E+00
 1.5521E+03  3.3091E-03  1.2740E-01  3.6173E-03  2.7895E-01  1.0000E+00
 1.5640E+03  3.3121E-03  1.2654E-01  3.6175E-03  2.7684E-01  1.0000E+00
 1.5760E+03  3.3151E-03  1.2569E-01  3.6177E-03  2.7475E-01  1.0000E+00
 1.5881E+03  3.3181E-03  1.2485E-01  3.6178E-03  2.7268E-01  1.0000E+00
 1.6002E+03  3.3210E-03  1.2401E-01  3.6180E-03  2.7062E-01  1.0000E+00
 1.6125E+03  3.3240E-03  1.2317E-01  3.6182E-03  2.6857E-01  1.0000E+00
 1.6248E+03  3.3269E-03  1.2234E-01  3.6184E-03  2.6655E-01  1.0000E+00
 1.6373E+03  3.3299E-03  1.2152E-01  3.6185E-03  2.6453E-01  1.0000E+00
 1.6498E+03  3.3328E-03  1.2070E-01  3.6187E-03  2.6254E-01  1.0000E+00
 1.6625E+03  3.3357E-03  1.1989E-01  3.6189E-03  2.6055E-01  1.0000E+00
 1.6752E+03  3.3386E-03  1.1908E-01  3.6191E-03  2.5859E-01  1.0000E+00
 1.6880E+03  3.3415E-03  1.1827E-01  3.6192E-03  2.5663E-01  1.0000E+00
 1.7009E+03  3.3444E-03  1.1747E-01  3.6194E-03  2.5470E-01  1.0000E+00
 1.7140E+03  3.3472E-03  1.1668E-01  3.6196E-03  2.5277E-01  1.0000E+00
 1.7271E+03  3.3501E-03  1.1589E-01  3.6198E-03  2.5086E-01  1.0000E+00
 1.7403E+03  3.3529E-03  1.1511E-01  3.6200E-03  2.4897E-01  1.0000E+00
 1.7537E+03  3.3557E-03  1.1432E-01  3.6202E-03  2.4709E-01  1.0000E+00
 1.7671E+03  3.3585E-03  1.1355E-01  3.6204E-03  2.4523E-01  1.0000E+00
 1.7806E+03  3.3613E-03  1.1278E-01  3.6206E-03  2.4338E-01  1.0000E+00
 1.7943E+03  3.3641E-03  1.1201E-01  3.6207E-03  2.4154E-01  1.0000E+00
 1.8080E+03  3.3668E-03  1.1125E-01  3.6209E-03  2.3972E-01  1.0000E+00
 1.8218E+03  3.3696E-03  1.1049E-01  3.6211E-03  2.3791E-01  1.0000E+00
 1.8358E+03  3.3723E-03  1.0974E-01  3.6213E-03  2.3611E-01  1.0000E+00
 1.8499E+03  3.3751E-03  1.0899E-01  3.6215E-03  2.3433E-01  1.0000E+00
 1.8640E+03  3.3778E-03  1.0825E-01  3.6217E-03  2.3256E-01  1.0000E+00
 1.8783E+03  3.3805E-03  1.0751E-01  3.6219E-03  2.3081E-01  1.0000E+00
 1.8927E+03  3.3831E-03  1.0678E-01  3.6221E-03  2.2907E-01  1.0000E+00
 1.9072E+03  3.3858E-03  1.0605E-01  3.6223E-03  2.2734E-01  1.0000E+00
 1.9218E+03  3.3885E-03  1.0532E-01  3.6226E-03  2.2562E-01  1.0000E+00
 1.9365E+03  3.3911E-03  1.0460E-01  3.6228E-03  2.2392E-01  1.0000E+00
 1.9513E+03  3.3937E-03  1.0389E-01  3.6230E-03  2.2223E-01  1.0000E+00
 1.9663E+03  3.3963E-03  1.0318E-01  3.6232E-03  2.2056E-01  1.0000E+00
 1.9813E+03  3.3990E-03  1.0247E-01  3.6234E-03  2.1889E-01  1.0000E+00
 1.9965E+03  3.4015E-03  1.0177E-01  3.6236E-03  2.1724E-01  1.0000E+00
 2.0118E+03  3.4041E-03  1.0107E-01  3.6238E-03  2.1560E-01  1.0000E+00
 2.0272E+03  3.4067E-03  1.0037E-01  3.6240E-03  2.1398E-01  1.0000E+00
 2.0427E+03  3.4092E-03  9.9684E-02  3.6243E-03  2.1236E-01  1.0000E+00
 2.0584E+03  3.4118E-03  9.8998E-02  3.6245E-03  2.1076E-01  1.0000E+00
 2.0741E+03  3.4143E-03  9.8317E-02  3.6247E-03  2.0917E-01  1.0000E+00
 2.0900E+03  3.4168E-03  9.7641E-02  3.6249E-03  2.0760E-01  1.0000E+00
 2.1060E+03  3.4194E-03  9.6968E-02  3.6252E-03  2.0603E-01  1.0000E+00
 2.1222E+03  3.4219E-03  9.6300E-02  3.6254E-03  2.0448E-01  1.0000E+00
 2.1384E+03  3.4243E-03  9.5636E-02  3.6256E-03  2.0294E-01  1.0000E+00
 2.1548E+03  3.4268E-03  9.4976E-02  3.6258E-03  2.0141E-01  1.0000E+00
 2.1713E+03  3.4293E-03  9.4321E-02  3.6261E-03  1.9989E-01  1.0000E+00
 2.1879E+03  3.4317E-03  9.3669E-02  3.6263E-03  1.9838E-01  1.0000E+00
 2.2047E+03  3.4342E-03  9.3022E-02  3.6265E-03  1.9689E-01  1.0000E+00
 2.2216E+03  3.4366E-03  9.2379E-02  3.6268E-03  1.9541E-01  1.0000E+00
 2.2386E+03  3.4390E-03  9.1740E-02  3.6270E-03  1.9393E-01  1.0000E+00
 2.2557E+03  3.4414E-03  9.1105E-02  3.6273E-03  1.9247E-01  1.0000E+00
 2.2730E+03  3.4438E-03  9.0474E-02  3.6275E-03  1.9102E-01  1.0000E+00
 2.2904E+03  3.4462E-03  8.9847E-02  3.6278E-03  1.8958E-01  1.0000E+00
 2.3079E+03  3.4486E-03  8.9224E-02  3.6280E-03  1.8816E-01  1.0000E+00
 2.3256E+03  3.4510E-03  8.8606E-02  3.6283E-03  1.8674E-01  1.0000E+00
 2.3434E+03  3.4533E-03  8.7991E-02  3.6285E-03  1.8533E-01  1.0000E+00
 2.3614E+03  3.4557E-03  8.7380E-02  3.6288E-03  1.8394E-01  1.0000E+00
 2.3794E+03  3.4580E-03  8.6773E-02  3.6290E-03  1.8255E-01  1.0000E+00
 2.3977E+03  3.4604E-03  8.6170E-02  3.6293E-03  1.8118E-01  1.0000E+00
 2.4160E+03  3.4627E-03  8.5571E-02  3.6295E-03  1.7981E-01  1.0000E+00
 2.4345E+03  3.4650E-03  8.4976E-02  3.6298E-03  1.7846E-01  1.0000E+00
 2.4532E+03  3.4673E-03  8.4384E-02  3.6301E-03  1.7712E-01  1.0000E+00
 2.4720E+03  3.4696E-03  8.3797E-02  3.6303E-03  1.7578E-01  1.0000E+00
 2.4909E+03  3.4719E-03  8.3213E-02  3.6306E-03  1.7446E-01  1.0000E+00
 2.5100E+03  3.4741E-03  8.2633E-02  3.6309E-03  1.7315E-01  1.0000E+00
 2.5292E+03  3.4764E-03  8.2057E-02  3.6311E-03  1.7184E-01  1.0000E+00
 2.5486E+03  3.4787E-03  8.1485E-02  3.6314E-03  1.7055E-01  1.0000E+00
 2.5681E+03  3.4809E-03  8.0917E-02  3.6317E-03  1.6927E-01  1.0000E+00
 2.5878E+03  3.4832E-03  8.0352E-02  3.6320E-03  1.6799E-01  1.0000E+00
 2.6076E+03  3.4854E-03  7.9791E-02  3.6322E-03  1.6673E-01  1.0000E+00
 2.6275E+03  3.4876E-03  7.9233E-02  3.6325E-03  1.6547E-01  1.0000E+00
 2.6477E+03  3.4898E-03  7.8680E-02  3.6328E-03  1.6423E-01  1.0000E+00
 2.6679E+03  3.4921E-03  7.8130E-02  3.6331E-03  1.6299E-01  1.0000E+00
 2.6884E+03  3.4943E-03  7.7583E-02  3.6334E-03  1.6177E-01  1.0000E+00
 2.7090E+03  3.4965E-03  7.7040E-02  3.6337E-03  1.6055E-01  1.0000E+00
 2.7297E+03  3.4986E-03  7.6501E-02  3.6340E-03  1.5934E-01  1.0000E+00
 2.7506E+03  3.5008E-03  7.5965E-02  3.6343E-03  1.5815E-01  1.0000E+00
 2.7717E+03  3.5030E-03  7.5433E-02  3.6346E-03  1.5696E-01  1.0000E+00
 2.7929E+03  3.5051E-03  7.4903E-02  3.6349E-03  1.5578E-01  1.0000E+00
 2.8143E+03  3.5072E-03  7.4377E-02  3.6352E-03  1.5461E-01  1.0000E+00
 2.8358E+03  3.5093E-03  7.3855E-02  3.6355E-03  1.5344E-01  1.0000E+00
 2.8576E+03  3.5114E-03  7.3335E-02  3.6358E-03  1.5229E-01  1.0000E+00
 2.8794E+03  3.5135E-03  7.2819E-02  3.6361E-03  1.5115E-01  1.0000E+00
 2.9015E+03  3.5155E-03  7.2306E-02  3.6364E-03  1.5001E-01  1.0000E+00
 2.9237E+03  3.5175E-03  7.1797E-02  3.6367E-03  1.4888E-01  1.0000E+00
 2.9461E+03  3.5195E-03  7.1290E-02  3.6370E-03  1.4776E-01  1.0000E+00
 2.9687E+03  3.5215E-03  7.0787E-02  3.6374E-03  1.4665E-01  1.0000E+00
 2.9914E+03  3.5235E-03  7.0287E-02  3.6377E-03  1.4555E-01  1.0000E+00
 3.0143E+03  3.5255E-03  6.9790E-02  3.6380E-03  1.4446E-01  1.0000E+00
 3.0374E+03  3.5274E-03  6.9296E-02  3.6383E-03  1.4337E-01  1.0000E+00
 3.0607E+03  3.5294E-03  6.8806E-02  3.6387E-03  1.4230E-01  1.0000E+00
 3.0841E+03  3.5313E-03  6.8318E-02  3.6390E-03  1.4123E-01  1.0000E+00
 3.1077E+03  3.5332E-03  6.7834E-02  3.6393E-03  1.4017E-01  1.0000E+00
 3.1315E+03  3.5351E-03  6.7353E-02  3.6397E-03  1.3912E-01  1.0000E+00
 3.1555E+03  3.5369E-03  6.6875E-02  3.6400E-03  1.3807E-01  1.0000E+00
 3.1797E+03  3.5388E-03  6.6400E-02  3.6403E-03  1.3704E-01  1.0000E+00
 3.2040E+03  3.5406E-03  6.5927E-02  3.6407E-03  1.3601E-01  1.0000E+00
 3.2286E+03  3.5424E-03  6.5458E-02  3.6410E-03  1.3499E-01  1.0000E+00
 3.2533E+03  3.5442E-03  6.4992E-02  3.6414E-03  1.3397E-01  1.0000E+00
 3.2782E+03  3.5460E-03  6.4529E-02  3.6417E-03  1.3297E-01  1.0000E+00
 3.3033E+03  3.5478E-03  6.4069E-02  3.6421E-03  1.3197E-01  1.0000E+00
 3.3286E+03  3.5496E-03  6.3612E-02  3.6424E-03  1.3098E-01  1.0000E+00
 3.3541E+03  3.5513E-03  6.3158E-02  3.6428E-03  1.3000E-01  1.0000E+00
 3.3798E+03  3.5530E-03  6.2707E-02  3.6432E-03  1.2902E-01  1.0000E+00
 3.4057E+03  3.5547E-03  6.2259E-02  3.6435E-03  1.2805E-01  1.0000E+00
 3.4317E+03  3.5564E-03  6.1814E-02  3.6439E-03  1.2709E-01  1.0000E+00
 3.4580E+03  3.5581E-03  6.1371E-02  3.6443E-03  1.2614E-01  1.0000E+00
 3.4845E+03  3.5598E-03  6.0932E-02  3.6447E-03  1.2519E-01  1.0000E+00
 3.5112E+03  3.5614E-03  6.0495E-02  3.6450E-03  1.2426E-01  1.0000E+00
 3.5381E+03  3.5631E-03  6.0062E-02  3.6454E-03  1.2332E-01  1.0000E+00
 3.5652E+03  3.5647E-03  5.9631E-02  3.6458E-03  1.2240E-01  1.0000E+00
 3.5925E+03  3.5663E-03  5.9203E-02  3.6462E-03  1.2148E-01  1.0000E+00
 3.6200E+03  3.5679E-03  5.8777E-02  3.6466E-03  1.2057E-01  1.0000E+00
 3.6477E+03  3.5695E-03  5.8355E-02  3.6470E-03  1.1967E-01  1.0000E+00
 3.6757E+03  3.5710E-03  5.7935E-02  3.6474E-03  1.1877E-01  1.0000E+00
 3.7038E+03  3.5726E-03  5.7518E-02  3.6478E-03  1.1788E-01  1.0000E+00
 3.7322E+03  3.5741E-03  5.7104E-02  3.6482E-03  1.1700E-01  1.0000E+00
 3.7608E+03  3.5756E-03  5.6692E-02  3.6486E-03  1.1612E-01  1.0000E+00
 3.7896E+03  3.5771E-03  5.6284E-02  3.6490E-03  1.1525E-01  1.0000E+00
 3.8186E+03  3.5786E-03  5.5878E-02  3.6494E-03  1.1439E-01  1.0000E+00
 3.8478E+03  3.5801E-03  5.5474E-02  3.6498E-03  1.1353E-01  1.0000E+00
 3.8773E+03  3.5816E-03  5.5074E-02  3.6502E-03  1.1268E-01  1.0000E+00
 3.9070E+03  3.5830E-03  5.4676E-02  3.6506E-03  1.1184E-01  1.0000E+00
 3.9369E+03  3.5845E-03  5.4280E-02  3.6511E-03  1.1100E-01  1.0000E+00
 3.9671E+03  3.5859E-03  5.3888E-02  3.6515E-03  1.1017E-01  1.0000E+00
 3.9974E+03  3.5873E-03  5.3498E-02  3.6519E-03  1.0935E-01  1.0000E+00
 4.0281E+03  3.5887E-03  5.3110E-02  3.6524E-03  1.0853E-01  1.0000E+00
 4.0589E+03  3.5901E-03  5.2725E-02  3.6528E-03  1.0772E-01  1.0000E+00
 4.0900E+03  3.5915E-03  5.2343E-02  3.6532E-03  1.0691E-01  1.0000E+00
 4.1213E+03  3.5928E-03  5.1963E-02  3.6537E-03  1.0611E-01  1.0000E+00
 4.1529E+03  3.5942E-03  5.1586E-02  3.6541E-03  1.0532E-01  1.0000E+00
 4.1847E+03  3.5955E-03  5.1212E-02  3.6546E-03  1.0453E-01  1.0000E+00
 4.2167E+03  3.5969E-03  5.0840E-02  3.6550E-03  1.0375E-01  1.0000E+00
 4.2490E+03  3.5982E-03  5.0470E-02  3.6555E-03  1.0297E-01  1.0000E+00
 4.2816E+03  3.5995E-03  5.0103E-02  3.6560E-03  1.0220E-01  1.0000E+00
 4.3143E+03  3.6008E-03  4.9738E-02  3.6564E-03  1.0144E-01  1.0000E+00
 4.3474E+03  3.6020E-03  4.9376E-02  3.6569E-03  1.0068E-01  1.0000E+00
 4.3807E+03  3.6033E-03  4.9017E-02  3.6574E-03  9.9931E-02  1.0000E+00
 4.4142E+03  3.6046E-03  4.8660E-02  3.6578E-03  9.9184E-02  1.0000E+00
 4.4480E+03  3.6058E-03  4.8305E-02  3.6583E-03  9.8443E-02  1.0000E+00
 4.4821E+03  3.6070E-03  4.7953E-02  3.6588E-03  9.7708E-02  1.0000E+00
 4.5164E+03  3.6083E-03  4.7603E-02  3.6593E-03  9.6978E-02  1.0000E+00
 4.5510E+03  3.6095E-03  4.7255E-02  3.6598E-03  9.6254E-02  1.0000E+00
 4.5859E+03  3.6107E-03  4.6910E-02  3.6603E-03  9.5536E-02  1.0000E+00
 4.6210E+03  3.6119E-03  4.6567E-02  3.6608E-03  9.4822E-02  1.0000E+00
 4.6564E+03  3.6131E-03  4.6227E-02  3.6613E-03  9.4115E-02  1.0000E+00
 4.6920E+03  3.6142E-03  4.5889E-02  3.6618E-03  9.3412E-02  1.0000E+00
 4.7280E+03  3.6154E-03  4.5554E-02  3.6623E-03  9.2715E-02  1.0000E+00
 4.7642E+03  3.6166E-03  4.5220E-02  3.6628E-03  9.2024E-02  1.0000E+00
 4.8007E+03  3.6177E-03  4.4889E-02  3.6633E-03  9.1337E-02  1.0000E+00
 4.8374E+03  3.6189E-03  4.4561E-02  3.6639E-03  9.0656E-02  1.0000E+00
 4.8745E+03  3.6200E-03  4.4234E-02  3.6644E-03  8.9980E-02  1.0000E+00
 4.9118E+03  3.6211E-03  4.3910E-02  3.6649E-03  8.9309E-02  1.0000E+00
 4.9494E+03  3.6223E-03  4.3588E-02  3.6654E-03  8.8643E-02  1.0000E+00
 4.9873E+03  3.6234E-03  4.3269E-02  3.6660E-03  8.7982E-02  1.0000E+00
 5.0255E+03  3.6245E-03  4.2951E-02  3.6665E-03  8.7326E-02  1.0000E+00
 5.0640E+03  3.6256E-03  4.2636E-02  3.6671E-03  8.6676E-02  1.0000E+00
 5.1028E+03  3.6267E-03  4.2323E-02  3.6676E-03  8.6030E-02  1.0000E+00
 5.1419E+03  3.6277E-03  4.2013E-02  3.6682E-03  8.5389E-02  1.0000E+00
 5.1812E+03  3.6288E-03  4.1704E-02  3.6687E-03  8.4753E-02  1.0000E+00
 5.2209E+03  3.6299E-03  4.1398E-02  3.6693E-03  8.4122E-02  1.0000E+00
 5.2609E+03  3.6310E-03  4.1094E-02  3.6699E-03  8.3495E-02  1.0000E+00
 5.3012E+03  3.6320E-03  4.0792E-02  3.6704E-03  8.2874E-02  1.0000E+00
 5.3418E+03  3.6331E-03  4.0492E-02  3.6710E-03  8.2257E-02  1.0000E+00
 5.3827E+03  3.6341E-03  4.0194E-02  3.6716E-03  8.1645E-02  1.0000E+00
 5.4239E+03  3.6352E-03  3.9898E-02  3.6722E-03  8.1037E-02  1.0000E+00
 5.4655E+03  3.6362E-03  3.9605E-02  3.6728E-03  8.0434E-02  1.0000E+00
 5.5073E+03  3.6372E-03  3.9313E-02  3.6734E-03  7.9836E-02  1.0000E+00
 5.5495E+03  3.6383E-03  3.9024E-02  3.6740E-03  7.9242E-02  1.0000E+00
 5.5920E+03  3.6393E-03  3.8737E-02  3.6746E-03  7.8652E-02  1.0000E+00
 5.6348E+03  3.6403E-03  3.8452E-02  3.6752E-03  7.8068E-02  1.0000E+00
 5.6780E+03  3.6413E-03  3.8168E-02  3.6758E-03  7.7487E-02  1.0000E+00
 5.7215E+03  3.6423E-03  3.7887E-02  3.6764E-03  7.6911E-02  1.0000E+00
 5.7653E+03  3.6434E-03  3.7608E-02  3.6770E-03  7.6340E-02  1.0000E+00
 5.8094E+03  3.6444E-03  3.7331E-02  3.6777E-03  7.5772E-02  1.0000E+00
 5.8539E+03  3.6454E-03  3.7056E-02  3.6783E-03  7.5210E-02  1.0000E+00
 5.8988E+03  3.6464E-03  3.6783E-02  3.6789E-03  7.4651E-02  1.0000E+00
 5.9439E+03  3.6474E-03  3.6511E-02  3.6796E-03  7.4096E-02  1.0000E+00
 5.9895E+03  3.6484E-03  3.6242E-02  3.6802E-03  7.3546E-02  1.0000E+00
 6.0353E+03  3.6493E-03  3.5975E-02  3.6809E-03  7.3000E-02  1.0000E+00
 6.0815E+03  3.6503E-03  3.5710E-02  3.6815E-03  7.2458E-02  1.0000E+00
 6.1281E+03  3.6513E-03  3.5446E-02  3.6822E-03  7.1921E-02  1.0000E+00
 6.1751E+03  3.6523E-03  3.5185E-02  3.6829E-03  7.1387E-02  1.0000E+00
 6.2223E+03  3.6533E-03  3.4925E-02  3.6836E-03  7.0857E-02  1.0000E+00
 6.2700E+03  3.6543E-03  3.4667E-02  3.6842E-03  7.0332E-02  1.0000E+00
 6.3180E+03  3.6553E-03  3.4412E-02  3.6849E-03  6.9810E-02  1.0000E+00
 6.3664E+03  3.6562E-03  3.4158E-02  3.6856E-03  6.9293E-02  1.0000E+00
 6.4152E+03  3.6572E-03  3.3905E-02  3.6863E-03  6.8779E-02  1.0000E+00
 6.4643E+03  3.6582E-03  3.3655E-02  3.6870E-03  6.8269E-02  1.0000E+00
 6.5138E+03  3.6592E-03  3.3407E-02  3.6877E-03  6.7763E-02  1.0000E+00
 6.5637E+03  3.6602E-03  3.3160E-02  3.6884E-03  6.7261E-02  1.0000E+00
 6.6139E+03  3.6612E-03  3.2915E-02  3.6891E-03  6.6763E-02  1.0000E+00
 6.6646E+03  3.6621E-03  3.2672E-02  3.6899E-03  6.6269E-02  1.0000E+00
 6.7156E+03  3.6631E-03  3.2431E-02  3.6906E-03  6.5778E-02  1.0000E+00
 6.7671E+03  3.6641E-03  3.2192E-02  3.6913E-03  6.5291E-02  1.0000E+00
 6.8189E+03  3.6651E-03  3.1954E-02  3.6921E-03  6.4808E-02  1.0000E+00
 6.8711E+03  3.6661E-03  3.1718E-02  3.6928E-03  6.4328E-02  1.0000E+00
 6.9237E+03  3.6671E-03  3.1484E-02  3.6935E-03  6.3852E-02  1.0000E+00
 6.9768E+03  3.6681E-03  3.1252E-02  3.6943E-03  6.3380E-02  1.0000E+00
 7.0302E+03  3.6691E-03  3.1021E-02  3.6951E-03  6.2911E-02  1.0000E+00
 7.0840E+03  3.6701E-03  3.0792E-02  3.6958E-03  6.2446E-02  1.0000E+00
 7.1383E+03  3.6711E-03  3.0565E-02  3.6966E-03  6.1984E-02  1.0000E+00
 7.1929E+03  3.6722E-03  3.0340E-02  3.6974E-03  6.1526E-02  1.0000E+00
 7.2480E+03  3.6732E-03  3.0116E-02  3.6982E-03  6.1072E-02  1.0000E+00
 7.3035E+03  3.6742E-03  2.9894E-02  3.6990E-03  6.0621E-02  1.0000E+00
 7.3595E+03  3.6752E-03  2.9673E-02  3.6998E-03  6.0173E-02  1.0000E+00
 7.4158E+03  3.6762E-03  2.9454E-02  3.7006E-03  5.9728E-02  1.0000E+00
 7.4726E+03  3.6773E-03  2.9237E-02  3.7014E-03  5.9287E-02  1.0000E+00
 7.5299E+03  3.6783E-03  2.9021E-02  3.7022E-03  5.8850E-02  1.0000E+00
 7.5875E+03  3.6794E-03  2.8807E-02  3.7030E-03  5.8416E-02  1.0000E+00
 7.6456E+03  3.6804E-03  2.8595E-02  3.7039E-03  5.7985E-02  1.0000E+00
 7.7042E+03  3.6815E-03  2.8384E-02  3.7047E-03  5.7557E-02  1.0000E+00
 7.7632E+03  3.6825E-03  2.8175E-02  3.7055E-03  5.7132E-02  1.0000E+00
 7.8226E+03  3.6836E-03  2.7967E-02  3.7064E-03  5.6711E-02  1.0000E+00
 7.8825E+03  3.6846E-03  2.7761E-02  3.7072E-03  5.6293E-02  1.0000E+00
 7.9429E+03  3.6857E-03  2.7556E-02  3.7081E-03  5.5878E-02  1.0000E+00
 8.0037E+03  3.6868E-03  2.7353E-02  3.7090E-03  5.5467E-02  1.0000E+00
 8.0650E+03  3.6879E-03  2.7152E-02  3.7098E-03  5.5058E-02  1.0000E+00
 8.1268E+03  3.6890E-03  2.6952E-02  3.7107E-03  5.4653E-02  1.0000E+00
 8.1890E+03  3.6901E-03  2.6753E-02  3.7116E-03  5.4250E-02  1.0000E+00
 8.2518E+03  3.6912E-03  2.6556E-02  3.7125E-03  5.3851E-02  1.0000E+00
 8.3150E+03  3.6923E-03  2.6361E-02  3.7134E-03  5.3455E-02  1.0000E+00
 8.3786E+03  3.6934E-03  2.6167E-02  3.7143E-03  5.3062E-02  1.0000E+00
 8.4428E+03  3.6946E-03  2.5974E-02  3.7152E-03  5.2671E-02  1.0000E+00
 8.5075E+03  3.6957E-03  2.5783E-02  3.7162E-03  5.2284E-02  1.0000E+00
 8.5726E+03  3.6968E-03  2.5594E-02  3.7171E-03  5.1900E-02  1.0000E+00
 8.6383E+03  3.6980E-03  2.5405E-02  3.7180E-03  5.1518E-02  1.0000E+00
 8.7044E+03  3.6991E-03  2.5219E-02  3.7190E-03  5.1140E-02  1.0000E+00
 8.7711E+03  3.7003E-03  2.5033E-02  3.7199E-03  5.0764E-02  1.0000E+00
 8.8383E+03  3.7015E-03  2.4849E-02  3.7209E-03  5.0391E-02  1.0000E+00
 8.9059E+03  3.7027E-03  2.4667E-02  3.7219E-03  5.0021E-02  1.0000E+00
 8.9741E+03  3.7039E-03  2.4486E-02  3.7229E-03  4.9654E-02  1.0000E+00
 9.0429E+03  3.7051E-03  2.4306E-02  3.7238E-03  4.9290E-02  1.0000E+00
 9.1121E+03  3.7062E-03  2.4127E-02  3.7248E-03  4.8928E-02  1.0000E+00
 9.1819E+03  3.7073E-03  2.3949E-02  3.7258E-03  4.8569E-02  1.0000E+00
 9.2522E+03  3.7085E-03  2.3773E-02  3.7268E-03  4.8213E-02  1.0000E+00
 9.3231E+03  3.7096E-03  2.3598E-02  3.7278E-03  4.7860E-02  1.0000E+00
 9.3945E+03  3.7108E-03  2.3424E-02  3.7289E-03  4.7509E-02  1.0000E+00
 9.4664E+03  3.7119E-03  2.3252E-02  3.7299E-03  4.7161E-02  1.0000E+00
 9.5389E+03  3.7131E-03  2.3081E-02  3.7309E-03  4.6816E-02  1.0000E+00
 9.6120E+03  3.7143E-03  2.2911E-02  3.7320E-03  4.6473E-02  1.0000E+00
 9.6856E+03  3.7155E-03  2.2742E-02  3.7330E-03  4.6133E-02  1.0000E+00
 9.7598E+03  3.7167E-03  2.2575E-02  3.7341E-03  4.5795E-02  1.0000E+00
 9.8345E+03  3.7179E-03  2.2409E-02  3.7352E-03  4.5460E-02  1.0000E+00
 9.9098E+03  3.7191E-03  2.2244E-02  3.7363E-03  4.5128E-02  1.0000E+00
 9.9857E+03  3.7203E-03  2.2081E-02  3.7374E-03  4.4798E-02  1.0000E+00
 1.0062E+04  3.7215E-03  2.1919E-02  3.7384E-03  4.4470E-02  1.0000E+00
 1.0139E+04  3.7227E-03  2.1758E-02  3.7396E-03  4.4145E-02  1.0000E+00
 1.0217E+04  3.7240E-03  2.1598E-02  3.7407E-03  4.3823E-02  1.0000E+00
 1.0295E+04  3.7252E-03  2.1439E-02  3.7418E-03  4.3503E-02  1.0000E+00
 1.0374E+04  3.7265E-03  2.1282E-02  3.7429E-03  4.3185E-02  1.0000E+00
 1.0453E+04  3.7277E-03  2.1126E-02  3.7441E-03  4.2870E-02  1.0000E+00
 1.0533E+04  3.7290E-03  2.0971E-02  3.7452E-03  4.2558E-02  1.0000E+00
 1.0614E+04  3.7303E-03  2.0817E-02  3.7464E-03  4.2247E-02  1.0000E+00
 1.0695E+04  3.7316E-03  2.0664E-02  3.7475E-03  4.1939E-02  1.0000E+00
 1.0777E+04  3.7329E-03  2.0512E-02  3.7487E-03  4.1633E-02  1.0000E+00
 1.0860E+04  3.7342E-03  2.0362E-02  3.7499E-03  4.1330E-02  1.0000E+00
 1.0943E+04  3.7355E-03  2.0213E-02  3.7511E-03  4.1029E-02  1.0000E+00
 1.1027E+04  3.7368E-03  2.0064E-02  3.7523E-03  4.0730E-02  1.0000E+00
 1.1111E+04  3.7381E-03  1.9917E-02  3.7535E-03  4.0434E-02  1.0000E+00
 1.1196E+04  3.7394E-03  1.9771E-02  3.7547E-03  4.0140E-02  1.0000E+00
 1.1282E+04  3.7408E-03  1.9627E-02  3.7560E-03  3.9848E-02  1.0000E+00
 1.1369E+04  3.7421E-03  1.9483E-02  3.7572E-03  3.9558E-02  1.0000E+00
 1.1456E+04  3.7435E-03  1.9340E-02  3.7585E-03  3.9270E-02  1.0000E+00
 1.1543E+04  3.7449E-03  1.9199E-02  3.7597E-03  3.8985E-02  1.0000E+00
 1.1632E+04  3.7463E-03  1.9058E-02  3.7610E-03  3.8702E-02  1.0000E+00
 1.1721E+04  3.7476E-03  1.8919E-02  3.7623E-03  3.8421E-02  1.0000E+00
 1.1811E+04  3.7490E-03  1.8780E-02  3.7636E-03  3.8142E-02  1.0000E+00
 1.1901E+04  3.7505E-03  1.8643E-02  3.7649E-03  3.7865E-02  1.0000E+00
 1.1992E+04  3.7519E-03  1.8507E-02  3.7662E-03  3.7590E-02  1.0000E+00
 1.2084E+04  3.7533E-03  1.8371E-02  3.7675E-03  3.7318E-02  1.0000E+00
 1.2177E+04  3.7547E-03  1.8237E-02  3.7688E-03  3.7047E-02  1.0000E+00
 1.2270E+04  3.7562E-03  1.8104E-02  3.7702E-03  3.6779E-02  1.0000E+00
 1.2364E+04  3.7576E-03  1.7971E-02  3.7715E-03  3.6512E-02  1.0000E+00
 1.2458E+04  3.7591E-03  1.7840E-02  3.7729E-03  3.6248E-02  1.0000E+00
 1.2554E+04  3.7606E-03  1.7710E-02  3.7743E-03  3.5986E-02  1.0000E+00
 1.2650E+04  3.7621E-03  1.7581E-02  3.7757E-03  3.5725E-02  1.0000E+00
 1.2747E+04  3.7636E-03  1.7452E-02  3.7771E-03  3.5467E-02  1.0000E+00
 1.2845E+04  3.7651E-03  1.7325E-02  3.7785E-03  3.5210E-02  1.0000E+00
 1.2943E+04  3.7666E-03  1.7199E-02  3.7799E-03  3.4956E-02  1.0000E+00
 1.3042E+04  3.7681E-03  1.7073E-02  3.7813E-03  3.4703E-02  1.0000E+00
 1.3142E+04  3.7696E-03  1.6949E-02  3.7828E-03  3.4453E-02  1.0000E+00
 1.3243E+04  3.7712E-03  1.6825E-02  3.7842E-03  3.4204E-02  1.0000E+00
 1.3344E+04  3.7727E-03  1.6702E-02  3.7857E-03  3.3957E-02  1.0000E+00
 1.3446E+04  3.7743E-03  1.6581E-02  3.7872E-03  3.3712E-02  1.0000E+00
 1.3549E+04  3.7759E-03  1.6460E-02  3.7887E-03  3.3469E-02  1.0000E+00
 1.3653E+04  3.7775E-03  1.6340E-02  3.7902E-03  3.3228E-02  1.0000E+00
 1.3757E+04  3.7791E-03  1.6221E-02  3.7917E-03  3.2989E-02  1.0000E+00
 1.3863E+04  3.7807E-03  1.6103E-02  3.7932E-03  3.2751E-02  1.0000E+00
 1.3969E+04  3.7823E-03  1.5986E-02  3.7947E-03  3.2515E-02  1.0000E+00
 1.4076E+04  3.7840E-03  1.5870E-02  3.7963E-03  3.2281E-02  1.0000E+00
 1.4184E+04  3.7856E-03  1.5754E-02  3.7978E-03  3.2049E-02  1.0000E+00
 1.4292E+04  3.7873E-03  1.5640E-02  3.7994E-03  3.1819E-02  1.0000E+00
 1.4402E+04  3.7889E-03  1.5526E-02  3.8010E-03  3.1590E-02  1.0000E+00
 1.4512E+04  3.7906E-03  1.5413E-02  3.8026E-03  3.1363E-02  1.0000E+00
 1.4623E+04  3.7923E-03  1.5301E-02  3.8042E-03  3.1138E-02  1.0000E+00
 1.4735E+04  3.7940E-03  1.5190E-02  3.8058E-03  3.0914E-02  1.0000E+00
 1.4848E+04  3.7957E-03  1.5080E-02  3.8074E-03  3.0693E-02  1.0000E+00
 1.4962E+04  3.7975E-03  1.4971E-02  3.8091E-03  3.0473E-02  1.0000E+00
 1.5076E+04  3.7992E-03  1.4862E-02  3.8107E-03  3.0254E-02  1.0000E+00
 1.5192E+04  3.8010E-03  1.4754E-02  3.8124E-03  3.0037E-02  1.0000E+00
 1.5308E+04  3.8027E-03  1.4647E-02  3.8141E-03  2.9822E-02  1.0000E+00
 1.5425E+04  3.8045E-03  1.4541E-02  3.8158E-03  2.9609E-02  1.0000E+00
 1.5544E+04  3.8063E-03  1.4436E-02  3.8175E-03  2.9397E-02  1.0000E+00
 1.5663E+04  3.8081E-03  1.4331E-02  3.8192E-03  2.9187E-02  1.0000E+00
 1.5783E+04  3.8099E-03  1.4227E-02  3.8210E-03  2.8978E-02  1.0000E+00
 1.5903E+04  3.8118E-03  1.4124E-02  3.8227E-03  2.8771E-02  1.0000E+00
 1.6025E+04  3.8136E-03  1.4022E-02  3.8245E-03  2.8566E-02  1.0000E+00
 1.6148E+04  3.8155E-03  1.3921E-02  3.8263E-03  2.8362E-02  1.0000E+00
 1.6272E+04  3.8173E-03  1.3820E-02  3.8281E-03  2.8159E-02  1.0000E+00
 1.6396E+04  3.8192E-03  1.3720E-02  3.8299E-03  2.7959E-02  1.0000E+00
 1.6522E+04  3.8211E-03  1.3621E-02  3.8317E-03  2.7759E-02  1.0000E+00
 1.6648E+04  3.8230E-03  1.3523E-02  3.8336E-03  2.7561E-02  1.0000E+00
 1.6776E+04  3.8250E-03  1.3425E-02  3.8354E-03  2.7365E-02  1.0000E+00
 1.6904E+04  3.8269E-03  1.3328E-02  3.8373E-03  2.7170E-02  1.0000E+00
 1.7034E+04  3.8289E-03  1.3232E-02  3.8392E-03  2.6977E-02  1.0000E+00
 1.7164E+04  3.8308E-03  1.3136E-02  3.8411E-03  2.6785E-02  1.0000E+00
 1.7296E+04  3.8328E-03  1.3042E-02  3.8430E-03  2.6595E-02  1.0000E+00
 1.7428E+04  3.8348E-03  1.2948E-02  3.8449E-03  2.6406E-02  1.0000E+00
 1.7562E+04  3.8368E-03  1.2854E-02  3.8468E-03  2.6219E-02  1.0000E+00
 1.7696E+04  3.8389E-03  1.2762E-02  3.8488E-03  2.6033E-02  1.0000E+00
 1.7832E+04  3.8409E-03  1.2670E-02  3.8508E-03  2.5848E-02  1.0000E+00
 1.7968E+04  3.8430E-03  1.2579E-02  3.8528E-03  2.5665E-02  1.0000E+00
 1.8106E+04  3.8450E-03  1.2488E-02  3.8548E-03  2.5483E-02  1.0000E+00
 1.8244E+04  3.8471E-03  1.2398E-02  3.8568E-03  2.5303E-02  1.0000E+00
 1.8384E+04  3.8492E-03  1.2309E-02  3.8588E-03  2.5124E-02  1.0000E+00
 1.8525E+04  3.8514E-03  1.2221E-02  3.8609E-03  2.4946E-02  1.0000E+00
 1.8667E+04  3.8535E-03  1.2133E-02  3.8629E-03  2.4770E-02  1.0000E+00
 1.8810E+04  3.8556E-03  1.2046E-02  3.8650E-03  2.4595E-02  1.0000E+00
 1.8954E+04  3.8578E-03  1.1959E-02  3.8671E-03  2.4421E-02  1.0000E+00
 1.9099E+04  3.8600E-03  1.1873E-02  3.8692E-03  2.4249E-02  1.0000E+00
 1.9245E+04  3.8622E-03  1.1788E-02  3.8714E-03  2.4078E-02  1.0000E+00
 1.9393E+04  3.8644E-03  1.1704E-02  3.8735E-03  2.3908E-02  1.0000E+00
 1.9541E+04  3.8666E-03  1.1620E-02  3.8757E-03  2.3740E-02  1.0000E+00
 1.9691E+04  3.8689E-03  1.1537E-02  3.8779E-03  2.3572E-02  1.0000E+00
 1.9842E+04  3.8712E-03  1.1454E-02  3.8801E-03  2.3407E-02  1.0000E+00
 1.9994E+04  3.8734E-03  1.1372E-02  3.8823E-03  2.3242E-02  1.0000E+00
 2.0147E+04  3.8757E-03  1.1291E-02  3.8846E-03  2.3079E-02  1.0000E+00
 2.0301E+04  3.8781E-03  1.1210E-02  3.8868E-03  2.2917E-02  1.0000E+00
 2.0456E+04  3.8804E-03  1.1130E-02  3.8891E-03  2.2756E-02  1.0000E+00
 2.0613E+04  3.8828E-03  1.1050E-02  3.8914E-03  2.2596E-02  1.0000E+00
 2.0771E+04  3.8851E-03  1.0971E-02  3.8937E-03  2.2438E-02  1.0000E+00
 2.0930E+04  3.8875E-03  1.0893E-02  3.8960E-03  2.2280E-02  1.0000E+00
 2.1090E+04  3.8899E-03  1.0815E-02  3.8984E-03  2.2124E-02  1.0000E+00
 2.1252E+04  3.8924E-03  1.0738E-02  3.9007E-03  2.1970E-02  1.0000E+00
 2.1415E+04  3.8948E-03  1.0661E-02  3.9031E-03  2.1816E-02  1.0000E+00
 2.1579E+04  3.8973E-03  1.0585E-02  3.9055E-03  2.1663E-02  1.0000E+00
 2.1744E+04  3.8997E-03  1.0510E-02  3.9080E-03  2.1512E-02  1.0000E+00
 2.1910E+04  3.9022E-03  1.0435E-02  3.9104E-03  2.1362E-02  1.0000E+00
 2.2078E+04  3.9048E-03  1.0361E-02  3.9129E-03  2.1213E-02  1.0000E+00
 2.2247E+04  3.9073E-03  1.0287E-02  3.9153E-03  2.1065E-02  1.0000E+00
 2.2418E+04  3.9099E-03  1.0214E-02  3.9178E-03  2.0918E-02  1.0000E+00
 2.2589E+04  3.9124E-03  1.0141E-02  3.9204E-03  2.0773E-02  1.0000E+00
 2.2762E+04  3.9150E-03  1.0069E-02  3.9229E-03  2.0628E-02  1.0000E+00
 2.2937E+04  3.9177E-03  9.9977E-03  3.9255E-03  2.0485E-02  1.0000E+00
 2.3112E+04  3.9203E-03  9.9267E-03  3.9281E-03  2.0343E-02  1.0000E+00
 2.3289E+04  3.9229E-03  9.8563E-03  3.9307E-03  2.0201E-02  1.0000E+00
 2.3468E+04  3.9256E-03  9.7864E-03  3.9333E-03  2.0061E-02  1.0000E+00
 2.3647E+04  3.9283E-03  9.7170E-03  3.9359E-03  1.9922E-02  1.0000E+00
 2.3829E+04  3.9310E-03  9.6481E-03  3.9386E-03  1.9784E-02  1.0000E+00
 2.4011E+04  3.9338E-03  9.5798E-03  3.9413E-03  1.9647E-02  1.0000E+00
 2.4195E+04  3.9365E-03  9.5120E-03  3.9440E-03  1.9511E-02  1.0000E+00
 2.4380E+04  3.9393E-03  9.4447E-03  3.9467E-03  1.9376E-02  1.0000E+00
 2.4567E+04  3.9421E-03  9.3779E-03  3.9495E-03  1.9243E-02  1.0000E+00
 2.4755E+04  3.9450E-03  9.3117E-03  3.9523E-03  1.9110E-02  1.0000E+00
 2.4945E+04  3.9478E-03  9.2459E-03  3.9551E-03  1.8978E-02  1.0000E+00
 2.5136E+04  3.9507E-03  9.1806E-03  3.9579E-03  1.8847E-02  1.0000E+00
 2.5328E+04  3.9536E-03  9.1158E-03  3.9607E-03  1.8717E-02  1.0000E+00
 2.5522E+04  3.9565E-03  9.0515E-03  3.9636E-03  1.8588E-02  1.0000E+00
 2.5718E+04  3.9594E-03  8.9877E-03  3.9665E-03  1.8461E-02  1.0000E+00
 2.5915E+04  3.9624E-03  8.9244E-03  3.9694E-03  1.8334E-02  1.0000E+00
 2.6113E+04  3.9654E-03  8.8616E-03  3.9723E-03  1.8208E-02  1.0000E+00
 2.6313E+04  3.9684E-03  8.7992E-03  3.9753E-03  1.8083E-02  1.0000E+00
 2.6515E+04  3.9714E-03  8.7373E-03  3.9783E-03  1.7959E-02  1.0000E+00
 2.6718E+04  3.9745E-03  8.6759E-03  3.9813E-03  1.7836E-02  1.0000E+00
 2.6922E+04  3.9775E-03  8.6150E-03  3.9843E-03  1.7714E-02  1.0000E+00
 2.7128E+04  3.9806E-03  8.5545E-03  3.9873E-03  1.7593E-02  1.0000E+00
 2.7336E+04  3.9838E-03  8.4944E-03  3.9904E-03  1.7473E-02  1.0000E+00
 2.7545E+04  3.9869E-03  8.4349E-03  3.9935E-03  1.7353E-02  1.0000E+00
 2.7756E+04  3.9901E-03  8.3757E-03  3.9967E-03  1.7235E-02  1.0000E+00
 2.7969E+04  3.9933E-03  8.3171E-03  3.9998E-03  1.7117E-02  1.0000E+00
 2.8183E+04  3.9965E-03  8.2588E-03  4.0030E-03  1.7001E-02  1.0000E+00
 2.8399E+04  3.9998E-03  8.2010E-03  4.0062E-03  1.6885E-02  1.0000E+00
 2.8617E+04  4.0030E-03  8.1437E-03  4.0094E-03  1.6770E-02  1.0000E+00
 2.8836E+04  4.0063E-03  8.0868E-03  4.0127E-03  1.6656E-02  1.0000E+00
 2.9056E+04  4.0097E-03  8.0303E-03  4.0160E-03  1.6543E-02  1.0000E+00
 2.9279E+04  4.0130E-03  7.9742E-03  4.0193E-03  1.6431E-02  1.0000E+00
 2.9503E+04  4.0164E-03  7.9186E-03  4.0226E-03  1.6320E-02  1.0000E+00
 2.9729E+04  4.0198E-03  7.8634E-03  4.0260E-03  1.6209E-02  1.0000E+00
 2.9957E+04  4.0232E-03  7.8086E-03  4.0294E-03  1.6100E-02  1.0000E+00
 3.0186E+04  4.0267E-03  7.7542E-03  4.0328E-03  1.5991E-02  1.0000E+00
 3.0417E+04  4.0302E-03  7.7003E-03  4.0362E-03  1.5883E-02  1.0000E+00
 3.0650E+04  4.0337E-03  7.6467E-03  4.0397E-03  1.5776E-02  1.0000E+00
 3.0885E+04  4.0372E-03  7.5936E-03  4.0432E-03  1.5669E-02  1.0000E+00
 3.1122E+04  4.0408E-03  7.5408E-03  4.0467E-03  1.5564E-02  1.0000E+00
 3.1360E+04  4.0444E-03  7.4885E-03  4.0503E-03  1.5459E-02  1.0000E+00
 3.1600E+04  4.0480E-03  7.4366E-03  4.0539E-03  1.5355E-02  1.0000E+00
 3.1842E+04  4.0517E-03  7.3850E-03  4.0575E-03  1.5252E-02  1.0000E+00
 3.2086E+04  4.0554E-03  7.3338E-03  4.0612E-03  1.5150E-02  1.0000E+00
 3.2332E+04  4.0591E-03  7.2831E-03  4.0648E-03  1.5048E-02  1.0000E+00
 3.2579E+04  4.0628E-03  7.2327E-03  4.0685E-03  1.4947E-02  1.0000E+00
 3.2829E+04  4.0666E-03  7.1827E-03  4.0723E-03  1.4848E-02  1.0000E+00
 3.3080E+04  4.0704E-03  7.1331E-03  4.0760E-03  1.4748E-02  1.0000E+00
 3.3334E+04  4.0742E-03  7.0838E-03  4.0798E-03  1.4650E-02  1.0000E+00
 3.3589E+04  4.0781E-03  7.0350E-03  4.0837E-03  1.4552E-02  1.0000E+00
 3.3846E+04  4.0820E-03  6.9865E-03  4.0875E-03  1.4455E-02  1.0000E+00
 3.4105E+04  4.0859E-03  6.9383E-03  4.0914E-03  1.4359E-02  1.0000E+00
 3.4367E+04  4.0899E-03  6.8906E-03  4.0953E-03  1.4263E-02  1.0000E+00
 3.4630E+04  4.0939E-03  6.8431E-03  4.0993E-03  1.4169E-02  1.0000E+00
 3.4895E+04  4.0979E-03  6.7961E-03  4.1033E-03  1.4075E-02  1.0000E+00
 3.5162E+04  4.1020E-03  6.7494E-03  4.1073E-03  1.3981E-02  1.0000E+00
 3.5431E+04  4.1060E-03  6.7031E-03  4.1113E-03  1.3889E-02  1.0000E+00
 3.5703E+04  4.1102E-03  6.6571E-03  4.1154E-03  1.3797E-02  1.0000E+00
 3.5976E+04  4.1143E-03  6.6115E-03  4.1195E-03  1.3706E-02  1.0000E+00
 3.6252E+04  4.1185E-03  6.5662E-03  4.1237E-03  1.3615E-02  1.0000E+00
 3.6529E+04  4.1227E-03  6.5213E-03  4.1279E-03  1.3526E-02  1.0000E+00
 3.6809E+04  4.1270E-03  6.4767E-03  4.1321E-03  1.3437E-02  1.0000E+00
 3.7091E+04  4.1313E-03  6.4324E-03  4.1364E-03  1.3348E-02  1.0000E+00
 3.7375E+04  4.1356E-03  6.3885E-03  4.1406E-03  1.3260E-02  1.0000E+00
 3.7661E+04  4.1399E-03  6.3449E-03  4.1450E-03  1.3173E-02  1.0000E+00
 3.7950E+04  4.1443E-03  6.3016E-03  4.1493E-03  1.3087E-02  1.0000E+00
 3.8240E+04  4.1488E-03  6.2587E-03  4.1537E-03  1.3001E-02  1.0000E+00
 3.8533E+04  4.1532E-03  6.2161E-03  4.1582E-03  1.2916E-02  1.0000E+00
 3.8828E+04  4.1577E-03  6.1738E-03  4.1626E-03  1.2832E-02  1.0000E+00
 3.9126E+04  4.1623E-03  6.1319E-03  4.1671E-03  1.2748E-02  1.0000E+00
 3.9425E+04  4.1668E-03  6.0902E-03  4.1717E-03  1.2665E-02  1.0000E+00
 3.9727E+04  4.1714E-03  6.0489E-03  4.1762E-03  1.2583E-02  1.0000E+00
 4.0032E+04  4.1761E-03  6.0079E-03  4.1809E-03  1.2501E-02  1.0000E+00
 4.0338E+04  4.1808E-03  5.9672E-03  4.1855E-03  1.2420E-02  1.0000E+00
 4.0647E+04  4.1855E-03  5.9268E-03  4.1902E-03  1.2339E-02  1.0000E+00
 4.0958E+04  4.1902E-03  5.8867E-03  4.1949E-03  1.2259E-02  1.0000E+00
 4.1272E+04  4.1950E-03  5.8470E-03  4.1997E-03  1.2180E-02  1.0000E+00
 4.1588E+04  4.1999E-03  5.8075E-03  4.2045E-03  1.2101E-02  1.0000E+00
 4.1907E+04  4.2048E-03  5.7683E-03  4.2094E-03  1.2023E-02  1.0000E+00
 4.2228E+04  4.2097E-03  5.7294E-03  4.2142E-03  1.1945E-02  1.0000E+00
 4.2551E+04  4.2146E-03  5.6909E-03  4.2192E-03  1.1868E-02  1.0000E+00
 4.2877E+04  4.2196E-03  5.6526E-03  4.2241E-03  1.1792E-02  1.0000E+00
 4.3205E+04  4.2247E-03  5.6146E-03  4.2292E-03  1.1716E-02  1.0000E+00
 4.3536E+04  4.2298E-03  5.5769E-03  4.2342E-03  1.1641E-02  1.0000E+00
 4.3869E+04  4.2349E-03  5.5395E-03  4.2393E-03  1.1567E-02  1.0000E+00
 4.4205E+04  4.2400E-03  5.5023E-03  4.2444E-03  1.1493E-02  1.0000E+00
 4.4544E+04  4.2452E-03  5.4655E-03  4.2496E-03  1.1419E-02  1.0000E+00
 4.4885E+04  4.2505E-03  5.4289E-03  4.2548E-03  1.1346E-02  1.0000E+00
 4.5229E+04  4.2558E-03  5.3926E-03  4.2601E-03  1.1274E-02  1.0000E+00
 4.5575E+04  4.2611E-03  5.3566E-03  4.2654E-03  1.1202E-02  1.0000E+00
 4.5924E+04  4.2665E-03  5.3209E-03  4.2708E-03  1.1131E-02  1.0000E+00
 4.6276E+04  4.2719E-03  5.2854E-03  4.2762E-03  1.1060E-02  1.0000E+00
 4.6630E+04  4.2774E-03  5.2502E-03  4.2816E-03  1.0990E-02  1.0000E+00
 4.6987E+04  4.2829E-03  5.2153E-03  4.2871E-03  1.0921E-02  1.0000E+00
 4.7347E+04  4.2885E-03  5.1806E-03  4.2926E-03  1.0852E-02  1.0000E+00
 4.7710E+04  4.2941E-03  5.1462E-03  4.2982E-03  1.0783E-02  1.0000E+00
 4.8075E+04  4.2997E-03  5.1121E-03  4.3038E-03  1.0715E-02  1.0000E+00
 4.8443E+04  4.3054E-03  5.0782E-03  4.3095E-03  1.0648E-02  1.0000E+00
 4.8814E+04  4.3112E-03  5.0446E-03  4.3152E-03  1.0581E-02  1.0000E+00
 4.9188E+04  4.3169E-03  5.0112E-03  4.3210E-03  1.0515E-02  1.0000E+00
 4.9565E+04  4.3228E-03  4.9781E-03  4.3268E-03  1.0449E-02  1.0000E+00
 4.9945E+04  4.3287E-03  4.9452E-03  4.3326E-03  1.0383E-02  1.0000E+00
 5.0327E+04  4.3346E-03  4.9126E-03  4.3385E-03  1.0318E-02  1.0000E+00
 5.0713E+04  4.3406E-03  4.8803E-03  4.3445E-03  1.0254E-02  1.0000E+00
 5.1101E+04  4.3466E-03  4.8482E-03  4.3505E-03  1.0190E-02  1.0000E+00
 5.1492E+04  4.3527E-03  4.8163E-03  4.3566E-03  1.0127E-02  1.0000E+00
 5.1887E+04  4.3588E-03  4.7847E-03  4.3627E-03  1.0064E-02  1.0000E+00
 5.2284E+04  4.3650E-03  4.7533E-03  4.3688E-03  1.0002E-02  1.0000E+00
 5.2684E+04  4.3713E-03  4.7221E-03  4.3751E-03  9.9398E-03  1.0000E+00
 5.3088E+04  4.3776E-03  4.6912E-03  4.3813E-03  9.8783E-03  1.0000E+00
 5.3494E+04  4.3839E-03  4.6606E-03  4.3876E-03  9.8174E-03  1.0000E+00
 5.3904E+04  4.3903E-03  4.6301E-03  4.3940E-03  9.7569E-03  1.0000E+00
 5.4317E+04  4.3967E-03  4.5999E-03  4.4004E-03  9.6969E-03  1.0000E+00
 5.4733E+04  4.4032E-03  4.5699E-03  4.4069E-03  9.6374E-03  1.0000E+00
 5.5152E+04  4.4098E-03  4.5402E-03  4.4135E-03  9.5783E-03  1.0000E+00
 5.5574E+04  4.4164E-03  4.5107E-03  4.4200E-03  9.5197E-03  1.0000E+00
 5.6000E+04  4.4231E-03  4.4814E-03  4.4267E-03  9.4616E-03  1.0000E+00
 5.6429E+04  4.4298E-03  4.4523E-03  4.4334E-03  9.4039E-03  1.0000E+00
 5.6861E+04  4.4366E-03  4.4234E-03  4.4401E-03  9.3466E-03  1.0000E+00
 5.7297E+04  4.4434E-03  4.3948E-03  4.4470E-03  9.2898E-03  1.0000E+00
 5.7735E+04  4.4503E-03  4.3664E-03  4.4538E-03  9.2335E-03  1.0000E+00
 5.8177E+04  4.4572E-03  4.3382E-03  4.4607E-03  9.1775E-03  1.0000E+00
 5.8623E+04  4.4642E-03  4.3102E-03  4.4677E-03  9.1220E-03  1.0000E+00
 5.9072E+04  4.4713E-03  4.2825E-03  4.4748E-03  9.0670E-03  1.0000E+00
 5.9524E+04  4.4784E-03  4.2549E-03  4.4819E-03  9.0124E-03  1.0000E+00
 5.9980E+04  4.4856E-03  4.2276E-03  4.4891E-03  8.9582E-03  1.0000E+00
 6.0440E+04  4.4929E-03  4.2004E-03  4.4963E-03  8.9044E-03  1.0000E+00
 6.0902E+04  4.5002E-03  4.1735E-03  4.5036E-03  8.8510E-03  1.0000E+00
 6.1369E+04  4.5075E-03  4.1468E-03  4.5109E-03  8.7981E-03  1.0000E+00
 6.1839E+04  4.5150E-03  4.1203E-03  4.5183E-03  8.7456E-03  1.0000E+00
 6.2312E+04  4.5225E-03  4.0939E-03  4.5258E-03  8.6935E-03  1.0000E+00
 6.2790E+04  4.5300E-03  4.0678E-03  4.5333E-03  8.6418E-03  1.0000E+00
 6.3270E+04  4.5377E-03  4.0419E-03  4.5409E-03  8.5905E-03  1.0000E+00
 6.3755E+04  4.5453E-03  4.0162E-03  4.5486E-03  8.5396E-03  1.0000E+00
 6.4243E+04  4.5531E-03  3.9907E-03  4.5563E-03  8.4891E-03  1.0000E+00
 6.4735E+04  4.5609E-03  3.9653E-03  4.5641E-03  8.4390E-03  1.0000E+00
 6.5231E+04  4.5688E-03  3.9402E-03  4.5720E-03  8.3893E-03  1.0000E+00
 6.5731E+04  4.5767E-03  3.9153E-03  4.5799E-03  8.3400E-03  1.0000E+00
 6.6234E+04  4.5848E-03  3.8905E-03  4.5879E-03  8.2910E-03  1.0000E+00
 6.6741E+04  4.5928E-03  3.8659E-03  4.5960E-03  8.2425E-03  1.0000E+00
 6.7252E+04  4.6010E-03  3.8416E-03  4.6041E-03  8.1943E-03  1.0000E+00
 6.7767E+04  4.6092E-03  3.8174E-03  4.6123E-03  8.1465E-03  1.0000E+00
 6.8286E+04  4.6175E-03  3.7934E-03  4.6206E-03  8.0991E-03  1.0000E+00
 6.8809E+04  4.6259E-03  3.7696E-03  4.6290E-03  8.0521E-03  1.0000E+00
 6.9336E+04  4.6343E-03  3.7459E-03  4.6374E-03  8.0054E-03  1.0000E+00
 6.9867E+04  4.6428E-03  3.7225E-03  4.6459E-03  7.9591E-03  1.0000E+00
 7.0402E+04  4.6514E-03  3.6992E-03  4.6544E-03  7.9132E-03  1.0000E+00
 7.0942E+04  4.6601E-03  3.6761E-03  4.6631E-03  7.8676E-03  1.0000E+00
 7.1485E+04  4.6688E-03  3.6532E-03  4.6718E-03  7.8224E-03  1.0000E+00
 7.2032E+04  4.6776E-03  3.6304E-03  4.6806E-03  7.7776E-03  1.0000E+00
 7.2584E+04  4.6865E-03  3.6079E-03  4.6894E-03  7.7331E-03  1.0000E+00
 7.3140E+04  4.6954E-03  3.5855E-03  4.6984E-03  7.6889E-03  1.0000E+00
 7.3700E+04  4.7045E-03  3.5632E-03  4.7074E-03  7.6451E-03  1.0000E+00
 7.4264E+04  4.7136E-03  3.5412E-03  4.7165E-03  7.6017E-03  1.0000E+00
 7.4833E+04  4.7227E-03  3.5193E-03  4.7256E-03  7.5586E-03  1.0000E+00
 7.5406E+04  4.7320E-03  3.4976E-03  4.7349E-03  7.5158E-03  1.0000E+00
 7.5984E+04  4.7414E-03  3.4760E-03  4.7442E-03  7.4734E-03  1.0000E+00
 7.6566E+04  4.7508E-03  3.4546E-03  4.7536E-03  7.4313E-03  1.0000E+00
 7.7152E+04  4.7603E-03  3.4334E-03  4.7631E-03  7.3895E-03  1.0000E+00
 7.7743E+04  4.7699E-03  3.4123E-03  4.7727E-03  7.3481E-03  1.0000E+00
 7.8338E+04  4.7796E-03  3.3914E-03  4.7824E-03  7.3070E-03  1.0000E+00
 7.8938E+04  4.7893E-03  3.3707E-03  4.7921E-03  7.2663E-03  1.0000E+00
 7.9543E+04  4.7992E-03  3.3501E-03  4.8019E-03  7.2258E-03  1.0000E+00
 8.0152E+04  4.8091E-03  3.3297E-03  4.8118E-03  7.1857E-03  1.0000E+00
 8.0766E+04  4.8191E-03  3.3094E-03  4.8218E-03  7.1459E-03  1.0000E+00
 8.1384E+04  4.8292E-03  3.2893E-03  4.8319E-03  7.1064E-03  1.0000E+00
 8.2008E+04  4.8394E-03  3.2693E-03  4.8421E-03  7.0673E-03  1.0000E+00
 8.2636E+04  4.8497E-03  3.2495E-03  4.8524E-03  7.0284E-03  1.0000E+00
 8.3268E+04  4.8600E-03  3.2299E-03  4.8627E-03  6.9899E-03  1.0000E+00
 8.3906E+04  4.8705E-03  3.2104E-03  4.8731E-03  6.9517E-03  1.0000E+00
 8.4549E+04  4.8810E-03  3.1910E-03  4.8837E-03  6.9137E-03  1.0000E+00
 8.5196E+04  4.8917E-03  3.1718E-03  4.8943E-03  6.8761E-03  1.0000E+00
 8.5849E+04  4.9024E-03  3.1527E-03  4.9050E-03  6.8388E-03  1.0000E+00
 8.6506E+04  4.9132E-03  3.1338E-03  4.9158E-03  6.8018E-03  1.0000E+00
 8.7169E+04  4.9242E-03  3.1151E-03  4.9267E-03  6.7651E-03  1.0000E+00
 8.7836E+04  4.9352E-03  3.0964E-03  4.9377E-03  6.7286E-03  1.0000E+00
 8.8509E+04  4.9463E-03  3.0780E-03  4.9488E-03  6.6925E-03  1.0000E+00
 8.9187E+04  4.9575E-03  3.0596E-03  4.9600E-03  6.6567E-03  1.0000E+00
 8.9870E+04  4.9688E-03  3.0414E-03  4.9713E-03  6.6211E-03  1.0000E+00
 9.0558E+04  4.9802E-03  3.0234E-03  4.9827E-03  6.5859E-03  1.0000E+00
 9.1252E+04  4.9917E-03  3.0055E-03  4.9942E-03  6.5509E-03  1.0000E+00
 9.1950E+04  5.0033E-03  2.9877E-03  5.0058E-03  6.5162E-03  1.0000E+00
 9.2655E+04  5.0150E-03  2.9700E-03  5.0175E-03  6.4818E-03  1.0000E+00
 9.3364E+04  5.0269E-03  2.9525E-03  5.0293E-03  6.4477E-03  1.0000E+00
 9.4079E+04  5.0388E-03  2.9352E-03  5.0412E-03  6.4138E-03  1.0000E+00
 9.4800E+04  5.0508E-03  2.9179E-03  5.0532E-03  6.3802E-03  1.0000E+00
 9.5526E+04  5.0629E-03  2.9008E-03  5.0654E-03  6.3469E-03  1.0000E+00
 9.6257E+04  5.0752E-03  2.8838E-03  5.0776E-03  6.3139E-03  1.0000E+00
 9.6994E+04  5.0875E-03  2.8670E-03  5.0899E-03  6.2811E-03  1.0000E+00
 9.7737E+04  5.1000E-03  2.8503E-03  5.1024E-03  6.2486E-03  1.0000E+00
 9.8486E+04  5.1126E-03  2.8337E-03  5.1149E-03  6.2164E-03  1.0000E+00
 9.9240E+04  5.1252E-03  2.8172E-03  5.1276E-03  6.1844E-03  1.0000E+00
 1.0000E+05  5.1380E-03  2.8009E-03  5.1404E-03  6.1527E-03  1.0000E+00


