#     0	 1	   23	 3	 1.0136E+03	 1000	1
 4.8978E+01  0.0000E+00  0.0000E+00  0.0000E+00  0.0000E+00  0.0000E+00
 4.9353E+01  0.0000E+00  0.0000E+00  0.0000E+00  0.0000E+00  0.0000E+00
 4.9731E+01  0.0000E+00  0.0000E+00  0.0000E+00  0.0000E+00  0.0000E+00
 5.0112E+01  0.0000E+00  0.0000E+00  0.0000E+00  0.0000E+00  0.0000E+00
 5.0496E+01  0.0000E+00  0.0000E+00  0.0000E+00  0.0000E+00  0.0000E+00
 5.0882E+01  0.0000E+00  0.0000E+00  0.0000E+00  0.0000E+00  0.0000E+00
 5.1272E+01  0.0000E+00  0.0000E+00  0.0000E+00  0.0000E+00  0.0000E+00
 5.1665E+01  0.0000E+00  0.0000E+00  0.0000E+00  0.0000E+00  0.0000E+00
 5.2060E+01  0.0000E+00  0.0000E+00  0.0000E+00  0.0000E+00  0.0000E+00
 5.2459E+01  0.0000E+00  0.0000E+00  0.0000E+00  0.0000E+00  0.0000E+00
 5.2861E+01  0.0000E+00  0.0000E+00  0.0000E+00  0.0000E+00  0.0000E+00
 5.3266E+01  0.0000E+00  0.0000E+00  0.0000E+00  0.0000E+00  0.0000E+00
 5.3673E+01  0.0000E+00  0.0000E+00  0.0000E+00  0.0000E+00  0.0000E+00
 5.4085E+01  0.0000E+00  0.0000E+00  0.0000E+00  0.0000E+00  0.0000E+00
 5.4499E+01  0.0000E+00  0.0000E+00  0.0000E+00  0.0000E+00  0.0000E+00
 5.4916E+01  0.0000E+00  0.0000E+00  0.0000E+00  0.0000E+00  0.0000E+00
 5.5337E+01  0.0000E+00  0.0000E+00  0.0000E+00  0.0000E+00  0.0000E+00
 5.5760E+01  0.0000E+00  0.0000E+00  0.0000E+00  0.0000E+00  0.0000E+00
 5.6187E+01  0.0000E+00  0.0000E+00  0.0000E+00  0.0000E+00  0.0000E+00
 5.6618E+01  0.0000E+00  0.0000E+00  0.0000E+00  0.0000E+00  0.0000E+00
 5.7051E+01  0.0000E+00  0.0000E+00  0.0000E+00  0.0000E+00  0.0000E+00
 5.7488E+01  0.0000E+00  0.0000E+00  0.0000E+00  0.0000E+00  0.0000E+00
 5.7929E+01  0.0000E+00  0.0000E+00  0.0000E+00  0.0000E+00  0.0000E+00
 5.8372E+01  0.0000E+00  0.0000E+00  0.0000E+00  0.0000E+00  0.0000E+00
 5.8819E+01  0.0000E+00  0.0000E+00  0.0000E+00  0.0000E+00  0.0000E+00
 5.9270E+01  0.0000E+00  0.0000E+00  0.0000E+00  0.0000E+00  0.0000E+00
 5.9724E+01  0.0000E+00  0.0000E+00  0.0000E+00  0.0000E+00  0.0000E+00
 6.0181E+01  0.0000E+00  0.0000E+00  0.0000E+00  0.0000E+00  0.0000E+00
 6.0642E+01  0.0000E+00  0.0000E+00  0.0000E+00  0.0000E+00  0.0000E+00
 6.1106E+01  0.0000E+00  0.0000E+00  0.0000E+00  0.0000E+00  0.0000E+00
 6.1574E+01  0.0000E+00  0.0000E+00  0.0000E+00  0.0000E+00  0.0000E+00
 6.2046E+01  0.0000E+00  0.0000E+00  0.0000E+00  0.0000E+00  0.0000E+00
 6.2521E+01  0.0000E+00  0.0000E+00  0.0000E+00  0.0000E+00  0.0000E+00
 6.3000E+01  0.0000E+00  0.0000E+00  0.0000E+00  0.0000E+00  0.0000E+00
 6.3482E+01  0.0000E+00  0.0000E+00  0.0000E+00  0.0000E+00  0.0000E+00
 6.3968E+01  0.0000E+00  0.0000E+00  0.0000E+00  0.0000E+00  0.0000E+00
 6.4458E+01  0.0000E+00  0.0000E+00  0.0000E+00  0.0000E+00  0.0000E+00
 6.4952E+01  0.0000E+00  0.0000E+00  0.0000E+00  0.0000E+00  0.0000E+00
 6.5449E+01  0.0000E+00  0.0000E+00  0.0000E+00  0.0000E+00  0.0000E+00
 6.5951E+01  0.0000E+00  0.0000E+00  0.0000E+00  0.0000E+00  0.0000E+00
 6.6456E+01  0.0000E+00  0.0000E+00  0.0000E+00  0.0000E+00  0.0000E+00
 6.6965E+01  0.0000E+00  0.0000E+00  0.0000E+00  0.0000E+00  0.0000E+00
 6.7478E+01  0.0000E+00  0.0000E+00  0.0000E+00  0.0000E+00  0.0000E+00
 6.7994E+01  0.0000E+00  0.0000E+00  0.0000E+00  0.0000E+00  0.0000E+00
 6.8515E+01  0.0000E+00  0.0000E+00  0.0000E+00  0.0000E+00  0.0000E+00
 6.9040E+01  0.0000E+00  0.0000E+00  0.0000E+00  0.0000E+00  0.0000E+00
 6.9568E+01  0.0000E+00  0.0000E+00  0.0000E+00  0.0000E+00  0.0000E+00
 7.0101E+01  0.0000E+00  0.0000E+00  0.0000E+00  0.0000E+00  0.0000E+00
 7.0638E+01  0.0000E+00  0.0000E+00  0.0000E+00  0.0000E+00  0.0000E+00
 7.1179E+01  0.0000E+00  0.0000E+00  0.0000E+00  0.0000E+00  0.0000E+00
 7.1724E+01  0.0000E+00  0.0000E+00  0.0000E+00  0.0000E+00  0.0000E+00
 7.2273E+01  0.0000E+00  0.0000E+00  0.0000E+00  0.0000E+00  0.0000E+00
 7.2827E+01  0.0000E+00  0.0000E+00  0.0000E+00  0.0000E+00  0.0000E+00
 7.3385E+01  0.0000E+00  0.0000E+00  0.0000E+00  0.0000E+00  0.0000E+00
 7.3947E+01  0.0000E+00  0.0000E+00  0.0000E+00  0.0000E+00  0.0000E+00
 7.4513E+01  0.0000E+00  0.0000E+00  0.0000E+00  0.0000E+00  0.0000E+00
 7.5084E+01  0.0000E+00  0.0000E+00  0.0000E+00  0.0000E+00  0.0000E+00
 7.5659E+01  0.0000E+00  0.0000E+00  0.0000E+00  0.0000E+00  0.0000E+00
 7.6238E+01  0.0000E+00  0.0000E+00  0.0000E+00  0.0000E+00  0.0000E+00
 7.6822E+01  0.0000E+00  0.0000E+00  0.0000E+00  0.0000E+00  0.0000E+00
 7.7410E+01  0.0000E+00  0.0000E+00  0.0000E+00  0.0000E+00  0.0000E+00
 7.8003E+01  0.0000E+00  0.0000E+00  0.0000E+00  0.0000E+00  0.0000E+00
 7.8601E+01  0.0000E+00  0.0000E+00  0.0000E+00  0.0000E+00  0.0000E+00
 7.9202E+01  0.0000E+00  0.0000E+00  0.0000E+00  0.0000E+00  0.0000E+00
 7.9809E+01  0.0000E+00  0.0000E+00  0.0000E+00  0.0000E+00  0.0000E+00
 8.0420E+01  0.0000E+00  0.0000E+00  0.0000E+00  0.0000E+00  0.0000E+00
 8.1036E+01  0.0000E+00  0.0000E+00  0.0000E+00  0.0000E+00  0.0000E+00
 8.1657E+01  0.0000E+00  0.0000E+00  0.0000E+00  0.0000E+00  0.0000E+00
 8.2282E+01  0.0000E+00  0.0000E+00  0.0000E+00  0.0000E+00  0.0000E+00
 8.2912E+01  0.0000E+00  0.0000E+00  0.0000E+00  0.0000E+00  0.0000E+00
 8.3547E+01  0.0000E+00  0.0000E+00  0.0000E+00  0.0000E+00  0.0000E+00
 8.4187E+01  0.0000E+00  0.0000E+00  0.0000E+00  0.0000E+00  0.0000E+00
 8.4832E+01  0.0000E+00  0.0000E+00  0.0000E+00  0.0000E+00  0.0000E+00
 8.5481E+01  0.0000E+00  0.0000E+00  0.0000E+00  0.0000E+00  0.0000E+00
 8.6136E+01  0.0000E+00  0.0000E+00  0.0000E+00  0.0000E+00  0.0000E+00
 8.6796E+01  0.0000E+00  0.0000E+00  0.0000E+00  0.0000E+00  0.0000E+00
 8.7460E+01  0.0000E+00  0.0000E+00  0.0000E+00  0.0000E+00  0.0000E+00
 8.8130E+01  0.0000E+00  0.0000E+00  0.0000E+00  0.0000E+00  0.0000E+00
 8.8805E+01  0.0000E+00  0.0000E+00  0.0000E+00  0.0000E+00  0.0000E+00
 8.9485E+01  0.0000E+00  0.0000E+00  0.0000E+00  0.0000E+00  0.0000E+00
 9.0171E+01  0.0000E+00  0.0000E+00  0.0000E+00  0.0000E+00  0.0000E+00
 9.0861E+01  0.0000E+00  0.0000E+00  0.0000E+00  0.0000E+00  0.0000E+00
 9.1557E+01  0.0000E+00  0.0000E+00  0.0000E+00  0.0000E+00  0.0000E+00
 9.2258E+01  0.0000E+00  0.0000E+00  0.0000E+00  0.0000E+00  0.0000E+00
 9.2965E+01  0.0000E+00  0.0000E+00  0.0000E+00  0.0000E+00  0.0000E+00
 9.3677E+01  0.0000E+00  0.0000E+00  0.0000E+00  0.0000E+00  0.0000E+00
 9.4394E+01  0.0000E+00  0.0000E+00  0.0000E+00  0.0000E+00  0.0000E+00
 9.5117E+01  0.0000E+00  0.0000E+00  0.0000E+00  0.0000E+00  0.0000E+00
 9.5845E+01  0.0000E+00  0.0000E+00  0.0000E+00  0.0000E+00  0.0000E+00
 9.6579E+01  0.0000E+00  0.0000E+00  0.0000E+00  0.0000E+00  0.0000E+00
 9.7319E+01  0.0000E+00  0.0000E+00  0.0000E+00  0.0000E+00  0.0000E+00
 9.8064E+01  0.0000E+00  0.0000E+00  0.0000E+00  0.0000E+00  0.0000E+00
 9.8815E+01  0.0000E+00  0.0000E+00  0.0000E+00  0.0000E+00  0.0000E+00
 9.9572E+01  0.0000E+00  0.0000E+00  0.0000E+00  0.0000E+00  0.0000E+00
 1.0033E+02  0.0000E+00  0.0000E+00  0.0000E+00  0.0000E+00  0.0000E+00
 1.0110E+02  0.0000E+00  0.0000E+00  0.0000E+00  0.0000E+00  0.0000E+00
 1.0188E+02  0.0000E+00  0.0000E+00  0.0000E+00  0.0000E+00  0.0000E+00
 1.0266E+02  0.0000E+00  0.0000E+00  0.0000E+00  0.0000E+00  0.0000E+00
 1.0344E+02  0.0000E+00  0.0000E+00  0.0000E+00  0.0000E+00  0.0000E+00
 1.0424E+02  0.0000E+00  0.0000E+00  0.0000E+00  0.0000E+00  0.0000E+00
 1.0503E+02  0.0000E+00  0.0000E+00  0.0000E+00  0.0000E+00  0.0000E+00
 1.0584E+02  0.0000E+00  0.0000E+00  0.0000E+00  0.0000E+00  0.0000E+00
 1.0665E+02  0.0000E+00  0.0000E+00  0.0000E+00  0.0000E+00  0.0000E+00
 1.0747E+02  0.0000E+00  0.0000E+00  0.0000E+00  0.0000E+00  0.0000E+00
 1.0829E+02  0.0000E+00  0.0000E+00  0.0000E+00  0.0000E+00  0.0000E+00
 1.0912E+02  0.0000E+00  0.0000E+00  0.0000E+00  0.0000E+00  0.0000E+00
 1.0995E+02  0.0000E+00  0.0000E+00  0.0000E+00  0.0000E+00  0.0000E+00
 1.1080E+02  0.0000E+00  0.0000E+00  0.0000E+00  0.0000E+00  0.0000E+00
 1.1164E+02  0.0000E+00  0.0000E+00  0.0000E+00  0.0000E+00  0.0000E+00
 1.1250E+02  0.0000E+00  0.0000E+00  0.0000E+00  0.0000E+00  0.0000E+00
 1.1336E+02  0.0000E+00  0.0000E+00  0.0000E+00  0.0000E+00  0.0000E+00
 1.1423E+02  0.0000E+00  0.0000E+00  0.0000E+00  0.0000E+00  0.0000E+00
 1.1510E+02  0.0000E+00  0.0000E+00  0.0000E+00  0.0000E+00  0.0000E+00
 1.1599E+02  0.0000E+00  0.0000E+00  0.0000E+00  0.0000E+00  0.0000E+00
 1.1687E+02  0.0000E+00  0.0000E+00  0.0000E+00  0.0000E+00  0.0000E+00
 1.1777E+02  0.0000E+00  0.0000E+00  0.0000E+00  0.0000E+00  0.0000E+00
 1.1867E+02  0.0000E+00  0.0000E+00  0.0000E+00  0.0000E+00  0.0000E+00
 1.1958E+02  0.0000E+00  0.0000E+00  0.0000E+00  0.0000E+00  0.0000E+00
 1.2050E+02  0.0000E+00  0.0000E+00  0.0000E+00  0.0000E+00  0.0000E+00
 1.2142E+02  0.0000E+00  0.0000E+00  0.0000E+00  0.0000E+00  0.0000E+00
 1.2235E+02  0.0000E+00  0.0000E+00  0.0000E+00  0.0000E+00  0.0000E+00
 1.2329E+02  0.0000E+00  0.0000E+00  0.0000E+00  0.0000E+00  0.0000E+00
 1.2423E+02  0.0000E+00  0.0000E+00  0.0000E+00  0.0000E+00  0.0000E+00
 1.2518E+02  0.0000E+00  0.0000E+00  0.0000E+00  0.0000E+00  0.0000E+00
 1.2614E+02  0.0000E+00  0.0000E+00  0.0000E+00  0.0000E+00  0.0000E+00
 1.2711E+02  0.0000E+00  0.0000E+00  0.0000E+00  0.0000E+00  0.0000E+00
 1.2808E+02  0.0000E+00  0.0000E+00  0.0000E+00  0.0000E+00  0.0000E+00
 1.2906E+02  0.0000E+00  0.0000E+00  0.0000E+00  0.0000E+00  0.0000E+00
 1.3005E+02  0.0000E+00  0.0000E+00  0.0000E+00  0.0000E+00  0.0000E+00
 1.3104E+02  0.0000E+00  0.0000E+00  0.0000E+00  0.0000E+00  0.0000E+00
 1.3205E+02  0.0000E+00  0.0000E+00  0.0000E+00  0.0000E+00  0.0000E+00
 1.3306E+02  0.0000E+00  0.0000E+00  0.0000E+00  0.0000E+00  0.0000E+00
 1.3408E+02  0.0000E+00  0.0000E+00  0.0000E+00  0.0000E+00  0.0000E+00
 1.3510E+02  0.0000E+00  0.0000E+00  0.0000E+00  0.0000E+00  0.0000E+00
 1.3614E+02  0.0000E+00  0.0000E+00  0.0000E+00  0.0000E+00  0.0000E+00
 1.3718E+02  0.0000E+00  0.0000E+00  0.0000E+00  0.0000E+00  0.0000E+00
 1.3823E+02  0.0000E+00  0.0000E+00  0.0000E+00  0.0000E+00  0.0000E+00
 1.3929E+02  0.0000E+00  0.0000E+00  0.0000E+00  0.0000E+00  0.0000E+00
 1.4036E+02  0.0000E+00  0.0000E+00  0.0000E+00  0.0000E+00  0.0000E+00
 1.4143E+02  0.0000E+00  0.0000E+00  0.0000E+00  0.0000E+00  0.0000E+00
 1.4252E+02  0.0000E+00  0.0000E+00  0.0000E+00  0.0000E+00  0.0000E+00
 1.4361E+02  0.0000E+00  0.0000E+00  0.0000E+00  0.0000E+00  0.0000E+00
 1.4471E+02  0.0000E+00  0.0000E+00  0.0000E+00  0.0000E+00  0.0000E+00
 1.4582E+02  0.0000E+00  0.0000E+00  0.0000E+00  0.0000E+00  0.0000E+00
 1.4693E+02  0.0000E+00  0.0000E+00  0.0000E+00  0.0000E+00  0.0000E+00
 1.4806E+02  0.0000E+00  0.0000E+00  0.0000E+00  0.0000E+00  0.0000E+00
 1.4919E+02  0.0000E+00  0.0000E+00  0.0000E+00  0.0000E+00  0.0000E+00
 1.5033E+02  0.0000E+00  0.0000E+00  0.0000E+00  0.0000E+00  0.0000E+00
 1.5149E+02  0.0000E+00  0.0000E+00  0.0000E+00  0.0000E+00  0.0000E+00
 1.5265E+02  0.0000E+00  0.0000E+00  0.0000E+00  0.0000E+00  0.0000E+00
 1.5381E+02  0.0000E+00  0.0000E+00  0.0000E+00  0.0000E+00  0.0000E+00
 1.5499E+02  0.0000E+00  0.0000E+00  0.0000E+00  0.0000E+00  0.0000E+00
 1.5618E+02  0.0000E+00  0.0000E+00  0.0000E+00  0.0000E+00  0.0000E+00
 1.5738E+02  0.0000E+00  0.0000E+00  0.0000E+00  0.0000E+00  0.0000E+00
 1.5858E+02  0.0000E+00  0.0000E+00  0.0000E+00  0.0000E+00  0.0000E+00
 1.5980E+02  0.0000E+00  0.0000E+00  0.0000E+00  0.0000E+00  0.0000E+00
 1.6102E+02  0.0000E+00  0.0000E+00  0.0000E+00  0.0000E+00  0.0000E+00
 1.6225E+02  0.0000E+00  0.0000E+00  0.0000E+00  0.0000E+00  0.0000E+00
 1.6349E+02  0.0000E+00  0.0000E+00  0.0000E+00  0.0000E+00  0.0000E+00
 1.6475E+02  0.0000E+00  0.0000E+00  0.0000E+00  0.0000E+00  0.0000E+00
 1.6601E+02  0.0000E+00  0.0000E+00  0.0000E+00  0.0000E+00  0.0000E+00
 1.6728E+02  0.0000E+00  0.0000E+00  0.0000E+00  0.0000E+00  0.0000E+00
 1.6856E+02  0.0000E+00  0.0000E+00  0.0000E+00  0.0000E+00  0.0000E+00
 1.6985E+02  0.0000E+00  0.0000E+00  0.0000E+00  0.0000E+00  0.0000E+00
 1.7115E+02  0.0000E+00  0.0000E+00  0.0000E+00  0.0000E+00  0.0000E+00
 1.7246E+02  0.0000E+00  0.0000E+00  0.0000E+00  0.0000E+00  0.0000E+00
 1.7378E+02  0.0000E+00  0.0000E+00  0.0000E+00  0.0000E+00  0.0000E+00
 1.7511E+02  0.0000E+00  0.0000E+00  0.0000E+00  0.0000E+00  0.0000E+00
 1.7646E+02  0.0000E+00  0.0000E+00  0.0000E+00  0.0000E+00  0.0000E+00
 1.7781E+02  0.0000E+00  0.0000E+00  0.0000E+00  0.0000E+00  0.0000E+00
 1.7917E+02  0.0000E+00  0.0000E+00  0.0000E+00  0.0000E+00  0.0000E+00
 1.8054E+02  0.0000E+00  0.0000E+00  0.0000E+00  0.0000E+00  0.0000E+00
 1.8192E+02  0.0000E+00  0.0000E+00  0.0000E+00  0.0000E+00  0.0000E+00
 1.8332E+02  0.0000E+00  0.0000E+00  0.0000E+00  0.0000E+00  0.0000E+00
 1.8472E+02  0.0000E+00  0.0000E+00  0.0000E+00  0.0000E+00  0.0000E+00
 1.8614E+02  0.0000E+00  0.0000E+00  0.0000E+00  0.0000E+00  0.0000E+00
 1.8756E+02  0.0000E+00  0.0000E+00  0.0000E+00  0.0000E+00  0.0000E+00
 1.8900E+02  0.0000E+00  0.0000E+00  0.0000E+00  0.0000E+00  0.0000E+00
 1.9045E+02  0.0000E+00  0.0000E+00  0.0000E+00  0.0000E+00  0.0000E+00
 1.9190E+02  0.0000E+00  0.0000E+00  0.0000E+00  0.0000E+00  0.0000E+00
 1.9337E+02  0.0000E+00  0.0000E+00  0.0000E+00  0.0000E+00  0.0000E+00
 1.9485E+02  0.0000E+00  0.0000E+00  0.0000E+00  0.0000E+00  0.0000E+00
 1.9635E+02  0.0000E+00  0.0000E+00  0.0000E+00  0.0000E+00  0.0000E+00
 1.9785E+02  0.0000E+00  0.0000E+00  0.0000E+00  0.0000E+00  0.0000E+00
 1.9937E+02  0.0000E+00  0.0000E+00  0.0000E+00  0.0000E+00  0.0000E+00
 2.0089E+02  0.0000E+00  0.0000E+00  0.0000E+00  0.0000E+00  0.0000E+00
 2.0243E+02  0.0000E+00  0.0000E+00  0.0000E+00  0.0000E+00  0.0000E+00
 2.0398E+02  0.0000E+00  0.0000E+00  0.0000E+00  0.0000E+00  0.0000E+00
 2.0554E+02  0.0000E+00  0.0000E+00  0.0000E+00  0.0000E+00  0.0000E+00
 2.0712E+02  0.0000E+00  0.0000E+00  0.0000E+00  0.0000E+00  0.0000E+00
 2.0870E+02  0.0000E+00  0.0000E+00  0.0000E+00  0.0000E+00  0.0000E+00
 2.1030E+02  0.0000E+00  0.0000E+00  0.0000E+00  0.0000E+00  0.0000E+00
 2.1191E+02  0.0000E+00  0.0000E+00  0.0000E+00  0.0000E+00  0.0000E+00
 2.1354E+02  0.0000E+00  0.0000E+00  0.0000E+00  0.0000E+00  0.0000E+00
 2.1517E+02  0.0000E+00  0.0000E+00  0.0000E+00  0.0000E+00  0.0000E+00
 2.1682E+02  0.0000E+00  0.0000E+00  0.0000E+00  0.0000E+00  0.0000E+00
 2.1848E+02  0.0000E+00  0.0000E+00  0.0000E+00  0.0000E+00  0.0000E+00
 2.2015E+02  0.0000E+00  0.0000E+00  0.0000E+00  0.0000E+00  0.0000E+00
 2.2184E+02  0.0000E+00  0.0000E+00  0.0000E+00  0.0000E+00  0.0000E+00
 2.2354E+02  0.0000E+00  0.0000E+00  0.0000E+00  0.0000E+00  0.0000E+00
 2.2525E+02  0.0000E+00  0.0000E+00  0.0000E+00  0.0000E+00  0.0000E+00
 2.2697E+02  0.0000E+00  0.0000E+00  0.0000E+00  0.0000E+00  0.0000E+00
 2.2871E+02  0.0000E+00  0.0000E+00  0.0000E+00  0.0000E+00  0.0000E+00
 2.3046E+02  0.0000E+00  0.0000E+00  0.0000E+00  0.0000E+00  0.0000E+00
 2.3223E+02  0.0000E+00  0.0000E+00  0.0000E+00  0.0000E+00  0.0000E+00
 2.3401E+02  0.0000E+00  0.0000E+00  0.0000E+00  0.0000E+00  0.0000E+00
 2.3580E+02  0.0000E+00  0.0000E+00  0.0000E+00  0.0000E+00  0.0000E+00
 2.3761E+02  0.0000E+00  0.0000E+00  0.0000E+00  0.0000E+00  0.0000E+00
 2.3942E+02  0.0000E+00  0.0000E+00  0.0000E+00  0.0000E+00  0.0000E+00
 2.4126E+02  0.0000E+00  0.0000E+00  0.0000E+00  0.0000E+00  0.0000E+00
 2.4311E+02  0.0000E+00  0.0000E+00  0.0000E+00  0.0000E+00  0.0000E+00
 2.4497E+02  0.0000E+00  0.0000E+00  0.0000E+00  0.0000E+00  0.0000E+00
 2.4684E+02  0.0000E+00  0.0000E+00  0.0000E+00  0.0000E+00  0.0000E+00
 2.4873E+02  0.0000E+00  0.0000E+00  0.0000E+00  0.0000E+00  0.0000E+00
 2.5064E+02  0.0000E+00  0.0000E+00  0.0000E+00  0.0000E+00  0.0000E+00
 2.5256E+02  0.0000E+00  0.0000E+00  0.0000E+00  0.0000E+00  0.0000E+00
 2.5449E+02  0.0000E+00  0.0000E+00  0.0000E+00  0.0000E+00  0.0000E+00
 2.5644E+02  0.0000E+00  0.0000E+00  0.0000E+00  0.0000E+00  0.0000E+00
 2.5841E+02  0.0000E+00  0.0000E+00  0.0000E+00  0.0000E+00  0.0000E+00
 2.6038E+02  0.0000E+00  0.0000E+00  0.0000E+00  0.0000E+00  0.0000E+00
 2.6238E+02  0.0000E+00  0.0000E+00  0.0000E+00  0.0000E+00  0.0000E+00
 2.6439E+02  0.0000E+00  0.0000E+00  0.0000E+00  0.0000E+00  0.0000E+00
 2.6641E+02  0.0000E+00  0.0000E+00  0.0000E+00  0.0000E+00  0.0000E+00
 2.6845E+02  0.0000E+00  0.0000E+00  0.0000E+00  0.0000E+00  0.0000E+00
 2.7051E+02  0.0000E+00  0.0000E+00  0.0000E+00  0.0000E+00  0.0000E+00
 2.7258E+02  0.0000E+00  0.0000E+00  0.0000E+00  0.0000E+00  0.0000E+00
 2.7467E+02  0.0000E+00  0.0000E+00  0.0000E+00  0.0000E+00  0.0000E+00
 2.7677E+02  0.0000E+00  0.0000E+00  0.0000E+00  0.0000E+00  0.0000E+00
 2.7889E+02  0.0000E+00  0.0000E+00  0.0000E+00  0.0000E+00  0.0000E+00
 2.8103E+02  0.0000E+00  0.0000E+00  0.0000E+00  0.0000E+00  0.0000E+00
 2.8318E+02  0.0000E+00  0.0000E+00  0.0000E+00  0.0000E+00  0.0000E+00
 2.8535E+02  0.0000E+00  0.0000E+00  0.0000E+00  0.0000E+00  0.0000E+00
 2.8753E+02  0.0000E+00  0.0000E+00  0.0000E+00  0.0000E+00  0.0000E+00
 2.8974E+02  0.0000E+00  0.0000E+00  0.0000E+00  0.0000E+00  0.0000E+00
 2.9195E+02  0.0000E+00  0.0000E+00  0.0000E+00  0.0000E+00  0.0000E+00
 2.9419E+02  0.0000E+00  0.0000E+00  0.0000E+00  0.0000E+00  0.0000E+00
 2.9644E+02  0.0000E+00  0.0000E+00  0.0000E+00  0.0000E+00  0.0000E+00
 2.9871E+02  0.0000E+00  0.0000E+00  0.0000E+00  0.0000E+00  0.0000E+00
 3.0100E+02  0.0000E+00  0.0000E+00  0.0000E+00  0.0000E+00  0.0000E+00
 3.0331E+02  0.0000E+00  0.0000E+00  0.0000E+00  0.0000E+00  0.0000E+00
 3.0563E+02  0.0000E+00  0.0000E+00  0.0000E+00  0.0000E+00  0.0000E+00
 3.0797E+02  0.0000E+00  0.0000E+00  0.0000E+00  0.0000E+00  0.0000E+00
 3.1033E+02  0.0000E+00  0.0000E+00  0.0000E+00  0.0000E+00  0.0000E+00
 3.1271E+02  0.0000E+00  0.0000E+00  0.0000E+00  0.0000E+00  0.0000E+00
 3.1510E+02  0.0000E+00  0.0000E+00  0.0000E+00  0.0000E+00  0.0000E+00
 3.1751E+02  0.0000E+00  0.0000E+00  0.0000E+00  0.0000E+00  0.0000E+00
 3.1994E+02  0.0000E+00  0.0000E+00  0.0000E+00  0.0000E+00  0.0000E+00
 3.2240E+02  0.0000E+00  0.0000E+00  0.0000E+00  0.0000E+00  0.0000E+00
 3.2486E+02  0.0000E+00  0.0000E+00  0.0000E+00  0.0000E+00  0.0000E+00
 3.2735E+02  0.0000E+00  0.0000E+00  0.0000E+00  0.0000E+00  0.0000E+00
 3.2986E+02  0.0000E+00  0.0000E+00  0.0000E+00  0.0000E+00  0.0000E+00
 3.3239E+02  0.0000E+00  0.0000E+00  0.0000E+00  0.0000E+00  0.0000E+00
 3.3493E+02  0.0000E+00  0.0000E+00  0.0000E+00  0.0000E+00  0.0000E+00
 3.3750E+02  0.0000E+00  0.0000E+00  0.0000E+00  0.0000E+00  0.0000E+00
 3.4008E+02  0.0000E+00  0.0000E+00  0.0000E+00  0.0000E+00  0.0000E+00
 3.4268E+02  0.0000E+00  0.0000E+00  0.0000E+00  0.0000E+00  0.0000E+00
 3.4531E+02  0.0000E+00  0.0000E+00  0.0000E+00  0.0000E+00  0.0000E+00
 3.4795E+02  0.0000E+00  0.0000E+00  0.0000E+00  0.0000E+00  0.0000E+00
 3.5062E+02  0.0000E+00  0.0000E+00  0.0000E+00  0.0000E+00  0.0000E+00
 3.5330E+02  0.0000E+00  0.0000E+00  0.0000E+00  0.0000E+00  0.0000E+00
 3.5601E+02  0.0000E+00  0.0000E+00  0.0000E+00  0.0000E+00  0.0000E+00
 3.5874E+02  0.0000E+00  0.0000E+00  0.0000E+00  0.0000E+00  0.0000E+00
 3.6148E+02  0.0000E+00  0.0000E+00  0.0000E+00  0.0000E+00  0.0000E+00
 3.6425E+02  0.0000E+00  0.0000E+00  0.0000E+00  0.0000E+00  0.0000E+00
 3.6704E+02  0.0000E+00  0.0000E+00  0.0000E+00  0.0000E+00  0.0000E+00
 3.6985E+02  0.0000E+00  0.0000E+00  0.0000E+00  0.0000E+00  0.0000E+00
 3.7268E+02  0.0000E+00  0.0000E+00  0.0000E+00  0.0000E+00  0.0000E+00
 3.7554E+02  0.0000E+00  0.0000E+00  0.0000E+00  0.0000E+00  0.0000E+00
 3.7841E+02  0.0000E+00  0.0000E+00  0.0000E+00  0.0000E+00  0.0000E+00
 3.8131E+02  0.0000E+00  0.0000E+00  0.0000E+00  0.0000E+00  0.0000E+00
 3.8423E+02  0.0000E+00  0.0000E+00  0.0000E+00  0.0000E+00  0.0000E+00
 3.8718E+02  0.0000E+00  0.0000E+00  0.0000E+00  0.0000E+00  0.0000E+00
 3.9014E+02  0.0000E+00  0.0000E+00  0.0000E+00  0.0000E+00  0.0000E+00
 3.9313E+02  0.0000E+00  0.0000E+00  0.0000E+00  0.0000E+00  0.0000E+00
 3.9614E+02  0.0000E+00  0.0000E+00  0.0000E+00  0.0000E+00  0.0000E+00
 3.9917E+02  0.0000E+00  0.0000E+00  0.0000E+00  0.0000E+00  0.0000E+00
 4.0223E+02  0.0000E+00  0.0000E+00  0.0000E+00  0.0000E+00  0.0000E+00
 4.0531E+02  0.0000E+00  0.0000E+00  0.0000E+00  0.0000E+00  0.0000E+00
 4.0841E+02  0.0000E+00  0.0000E+00  0.0000E+00  0.0000E+00  0.0000E+00
 4.1154E+02  0.0000E+00  0.0000E+00  0.0000E+00  0.0000E+00  0.0000E+00
 4.1469E+02  0.0000E+00  0.0000E+00  0.0000E+00  0.0000E+00  0.0000E+00
 4.1787E+02  0.0000E+00  0.0000E+00  0.0000E+00  0.0000E+00  0.0000E+00
 4.2107E+02  0.0000E+00  0.0000E+00  0.0000E+00  0.0000E+00  0.0000E+00
 4.2429E+02  0.0000E+00  0.0000E+00  0.0000E+00  0.0000E+00  0.0000E+00
 4.2754E+02  0.0000E+00  0.0000E+00  0.0000E+00  0.0000E+00  0.0000E+00
 4.3082E+02  0.0000E+00  0.0000E+00  0.0000E+00  0.0000E+00  0.0000E+00
 4.3412E+02  0.0000E+00  0.0000E+00  0.0000E+00  0.0000E+00  0.0000E+00
 4.3744E+02  0.0000E+00  0.0000E+00  0.0000E+00  0.0000E+00  0.0000E+00
 4.4079E+02  0.0000E+00  0.0000E+00  0.0000E+00  0.0000E+00  0.0000E+00
 4.4417E+02  0.0000E+00  0.0000E+00  0.0000E+00  0.0000E+00  0.0000E+00
 4.4757E+02  0.0000E+00  0.0000E+00  0.0000E+00  0.0000E+00  0.0000E+00
 4.5100E+02  0.0000E+00  0.0000E+00  0.0000E+00  0.0000E+00  0.0000E+00
 4.5445E+02  0.0000E+00  0.0000E+00  0.0000E+00  0.0000E+00  0.0000E+00
 4.5793E+02  0.0000E+00  0.0000E+00  0.0000E+00  0.0000E+00  0.0000E+00
 4.6144E+02  0.0000E+00  0.0000E+00  0.0000E+00  0.0000E+00  0.0000E+00
 4.6497E+02  0.0000E+00  0.0000E+00  0.0000E+00  0.0000E+00  0.0000E+00
 4.6853E+02  0.0000E+00  0.0000E+00  0.0000E+00  0.0000E+00  0.0000E+00
 4.7212E+02  0.0000E+00  0.0000E+00  0.0000E+00  0.0000E+00  0.0000E+00
 4.7574E+02  0.0000E+00  0.0000E+00  0.0000E+00  0.0000E+00  0.0000E+00
 4.7938E+02  0.0000E+00  0.0000E+00  0.0000E+00  0.0000E+00  0.0000E+00
 4.8305E+02  0.0000E+00  0.0000E+00  0.0000E+00  0.0000E+00  0.0000E+00
 4.8675E+02  0.0000E+00  0.0000E+00  0.0000E+00  0.0000E+00  0.0000E+00
 4.9048E+02  0.0000E+00  0.0000E+00  0.0000E+00  0.0000E+00  0.0000E+00
 4.9424E+02  0.0000E+00  0.0000E+00  0.0000E+00  0.0000E+00  0.0000E+00
 4.9802E+02  0.0000E+00  0.0000E+00  0.0000E+00  0.0000E+00  0.0000E+00
 5.0183E+02  0.0000E+00  0.0000E+00  0.0000E+00  0.0000E+00  0.0000E+00
 5.0568E+02  0.0000E+00  0.0000E+00  0.0000E+00  0.0000E+00  0.0000E+00
 5.0955E+02  0.0000E+00  0.0000E+00  0.0000E+00  0.0000E+00  0.0000E+00
 5.1345E+02  0.0000E+00  0.0000E+00  0.0000E+00  0.0000E+00  0.0000E+00
 5.1738E+02  0.0000E+00  0.0000E+00  0.0000E+00  0.0000E+00  0.0000E+00
 5.2135E+02  0.0000E+00  0.0000E+00  0.0000E+00  0.0000E+00  0.0000E+00
 5.2534E+02  0.0000E+00  0.0000E+00  0.0000E+00  0.0000E+00  0.0000E+00
 5.2936E+02  0.0000E+00  0.0000E+00  0.0000E+00  0.0000E+00  0.0000E+00
 5.3342E+02  0.0000E+00  0.0000E+00  0.0000E+00  0.0000E+00  0.0000E+00
 5.3750E+02  0.0000E+00  0.0000E+00  0.0000E+00  0.0000E+00  0.0000E+00
 5.4162E+02  0.0000E+00  0.0000E+00  0.0000E+00  0.0000E+00  0.0000E+00
 5.4577E+02  0.0000E+00  0.0000E+00  0.0000E+00  0.0000E+00  0.0000E+00
 5.4995E+02  0.0000E+00  0.0000E+00  0.0000E+00  0.0000E+00  0.0000E+00
 5.5416E+02  0.0000E+00  0.0000E+00  0.0000E+00  0.0000E+00  0.0000E+00
 5.5840E+02  0.0000E+00  0.0000E+00  0.0000E+00  0.0000E+00  0.0000E+00
 5.6268E+02  0.0000E+00  0.0000E+00  0.0000E+00  0.0000E+00  0.0000E+00
 5.6699E+02  0.0000E+00  0.0000E+00  0.0000E+00  0.0000E+00  0.0000E+00
 5.7133E+02  0.0000E+00  0.0000E+00  0.0000E+00  0.0000E+00  0.0000E+00
 5.7571E+02  0.0000E+00  0.0000E+00  0.0000E+00  0.0000E+00  0.0000E+00
 5.8011E+02  0.0000E+00  0.0000E+00  0.0000E+00  0.0000E+00  0.0000E+00
 5.8456E+02  0.0000E+00  0.0000E+00  0.0000E+00  0.0000E+00  0.0000E+00
 5.8903E+02  0.0000E+00  0.0000E+00  0.0000E+00  0.0000E+00  0.0000E+00
 5.9354E+02  0.0000E+00  0.0000E+00  0.0000E+00  0.0000E+00  0.0000E+00
 5.9809E+02  0.0000E+00  0.0000E+00  0.0000E+00  0.0000E+00  0.0000E+00
 6.0267E+02  0.0000E+00  0.0000E+00  0.0000E+00  0.0000E+00  0.0000E+00
 6.0729E+02  0.0000E+00  0.0000E+00  0.0000E+00  0.0000E+00  0.0000E+00
 6.1194E+02  0.0000E+00  0.0000E+00  0.0000E+00  0.0000E+00  0.0000E+00
 6.1662E+02  0.0000E+00  0.0000E+00  0.0000E+00  0.0000E+00  0.0000E+00
 6.2135E+02  0.0000E+00  0.0000E+00  0.0000E+00  0.0000E+00  0.0000E+00
 6.2610E+02  0.0000E+00  0.0000E+00  0.0000E+00  0.0000E+00  0.0000E+00
 6.3090E+02  0.0000E+00  0.0000E+00  0.0000E+00  0.0000E+00  0.0000E+00
 6.3573E+02  0.0000E+00  0.0000E+00  0.0000E+00  0.0000E+00  0.0000E+00
 6.4060E+02  0.0000E+00  0.0000E+00  0.0000E+00  0.0000E+00  0.0000E+00
 6.4551E+02  0.0000E+00  0.0000E+00  0.0000E+00  0.0000E+00  0.0000E+00
 6.5045E+02  0.0000E+00  0.0000E+00  0.0000E+00  0.0000E+00  0.0000E+00
 6.5543E+02  0.0000E+00  0.0000E+00  0.0000E+00  0.0000E+00  0.0000E+00
 6.6045E+02  0.0000E+00  0.0000E+00  0.0000E+00  0.0000E+00  0.0000E+00
 6.6551E+02  0.0000E+00  0.0000E+00  0.0000E+00  0.0000E+00  0.0000E+00
 6.7060E+02  0.0000E+00  0.0000E+00  0.0000E+00  0.0000E+00  0.0000E+00
 6.7574E+02  0.0000E+00  0.0000E+00  0.0000E+00  0.0000E+00  0.0000E+00
 6.8092E+02  0.0000E+00  0.0000E+00  0.0000E+00  0.0000E+00  0.0000E+00
 6.8613E+02  0.0000E+00  0.0000E+00  0.0000E+00  0.0000E+00  0.0000E+00
 6.9138E+02  0.0000E+00  0.0000E+00  0.0000E+00  0.0000E+00  0.0000E+00
 6.9668E+02  0.0000E+00  0.0000E+00  0.0000E+00  0.0000E+00  0.0000E+00
 7.0201E+02  0.0000E+00  0.0000E+00  0.0000E+00  0.0000E+00  0.0000E+00
 7.0739E+02  0.0000E+00  0.0000E+00  0.0000E+00  0.0000E+00  0.0000E+00
 7.1281E+02  0.0000E+00  0.0000E+00  0.0000E+00  0.0000E+00  0.0000E+00
 7.1827E+02  0.0000E+00  0.0000E+00  0.0000E+00  0.0000E+00  0.0000E+00
 7.2377E+02  0.0000E+00  0.0000E+00  0.0000E+00  0.0000E+00  0.0000E+00
 7.2931E+02  0.0000E+00  0.0000E+00  0.0000E+00  0.0000E+00  0.0000E+00
 7.3490E+02  0.0000E+00  0.0000E+00  0.0000E+00  0.0000E+00  0.0000E+00
 7.4052E+02  0.0000E+00  0.0000E+00  0.0000E+00  0.0000E+00  0.0000E+00
 7.4620E+02  0.0000E+00  0.0000E+00  0.0000E+00  0.0000E+00  0.0000E+00
 7.5191E+02  0.0000E+00  0.0000E+00  0.0000E+00  0.0000E+00  0.0000E+00
 7.5767E+02  0.0000E+00  0.0000E+00  0.0000E+00  0.0000E+00  0.0000E+00
 7.6347E+02  0.0000E+00  0.0000E+00  0.0000E+00  0.0000E+00  0.0000E+00
 7.6932E+02  0.0000E+00  0.0000E+00  0.0000E+00  0.0000E+00  0.0000E+00
 7.7521E+02  0.0000E+00  0.0000E+00  0.0000E+00  0.0000E+00  0.0000E+00
 7.8115E+02  0.0000E+00  0.0000E+00  0.0000E+00  0.0000E+00  0.0000E+00
 7.8713E+02  0.0000E+00  0.0000E+00  0.0000E+00  0.0000E+00  0.0000E+00
 7.9316E+02  0.0000E+00  0.0000E+00  0.0000E+00  0.0000E+00  0.0000E+00
 7.9923E+02  0.0000E+00  0.0000E+00  0.0000E+00  0.0000E+00  0.0000E+00
 8.0535E+02  0.0000E+00  0.0000E+00  0.0000E+00  0.0000E+00  0.0000E+00
 8.1152E+02  0.0000E+00  0.0000E+00  0.0000E+00  0.0000E+00  0.0000E+00
 8.1774E+02  0.0000E+00  0.0000E+00  0.0000E+00  0.0000E+00  0.0000E+00
 8.2400E+02  0.0000E+00  0.0000E+00  0.0000E+00  0.0000E+00  0.0000E+00
 8.3031E+02  0.0000E+00  0.0000E+00  0.0000E+00  0.0000E+00  0.0000E+00
 8.3667E+02  0.0000E+00  0.0000E+00  0.0000E+00  0.0000E+00  0.0000E+00
 8.4307E+02  0.0000E+00  0.0000E+00  0.0000E+00  0.0000E+00  0.0000E+00
 8.4953E+02  0.0000E+00  0.0000E+00  0.0000E+00  0.0000E+00  0.0000E+00
 8.5604E+02  0.0000E+00  0.0000E+00  0.0000E+00  0.0000E+00  0.0000E+00
 8.6259E+02  0.0000E+00  0.0000E+00  0.0000E+00  0.0000E+00  0.0000E+00
 8.6920E+02  0.0000E+00  0.0000E+00  0.0000E+00  0.0000E+00  0.0000E+00
 8.7586E+02  0.0000E+00  0.0000E+00  0.0000E+00  0.0000E+00  0.0000E+00
 8.8256E+02  0.0000E+00  0.0000E+00  0.0000E+00  0.0000E+00  0.0000E+00
 8.8932E+02  0.0000E+00  0.0000E+00  0.0000E+00  0.0000E+00  0.0000E+00
 8.9613E+02  0.0000E+00  0.0000E+00  0.0000E+00  0.0000E+00  0.0000E+00
 9.0300E+02  0.0000E+00  0.0000E+00  0.0000E+00  0.0000E+00  0.0000E+00
 9.0991E+02  0.0000E+00  0.0000E+00  0.0000E+00  0.0000E+00  0.0000E+00
 9.1688E+02  0.0000E+00  0.0000E+00  0.0000E+00  0.0000E+00  0.0000E+00
 9.2390E+02  0.0000E+00  0.0000E+00  0.0000E+00  0.0000E+00  0.0000E+00
 9.3098E+02  0.0000E+00  0.0000E+00  0.0000E+00  0.0000E+00  0.0000E+00
 9.3811E+02  0.0000E+00  0.0000E+00  0.0000E+00  0.0000E+00  0.0000E+00
 9.4529E+02  0.0000E+00  0.0000E+00  0.0000E+00  0.0000E+00  0.0000E+00
 9.5253E+02  0.0000E+00  0.0000E+00  0.0000E+00  0.0000E+00  0.0000E+00
 9.5983E+02  0.0000E+00  0.0000E+00  0.0000E+00  0.0000E+00  0.0000E+00
 9.6718E+02  0.0000E+00  0.0000E+00  0.0000E+00  0.0000E+00  0.0000E+00
 9.7458E+02  0.0000E+00  0.0000E+00  0.0000E+00  0.0000E+00  0.0000E+00
 9.8205E+02  0.0000E+00  0.0000E+00  0.0000E+00  0.0000E+00  0.0000E+00
 9.8957E+02  0.0000E+00  0.0000E+00  0.0000E+00  0.0000E+00  0.0000E+00
 9.9715E+02  0.0000E+00  0.0000E+00  0.0000E+00  0.0000E+00  0.0000E+00
 1.0048E+03  0.0000E+00  0.0000E+00  0.0000E+00  0.0000E+00  0.0000E+00
 1.0125E+03  0.0000E+00  0.0000E+00  0.0000E+00  0.0000E+00  0.0000E+00
 1.0202E+03  7.3656E-04  4.3164E-02  1.2363E-03  1.4504E-01  1.0000E+00
 1.0280E+03  7.3696E-04  4.2859E-02  1.2363E-03  1.4394E-01  1.0000E+00
 1.0359E+03  7.3737E-04  4.2556E-02  1.2364E-03  1.4285E-01  1.0000E+00
 1.0439E+03  7.3778E-04  4.2256E-02  1.2364E-03  1.4177E-01  1.0000E+00
 1.0518E+03  7.3818E-04  4.1957E-02  1.2364E-03  1.4070E-01  1.0000E+00
 1.0599E+03  7.3859E-04  4.1661E-02  1.2365E-03  1.3963E-01  1.0000E+00
 1.0680E+03  7.3900E-04  4.1367E-02  1.2365E-03  1.3858E-01  1.0000E+00
 1.0762E+03  7.3943E-04  4.1076E-02  1.2365E-03  1.3753E-01  1.0000E+00
 1.0844E+03  7.3988E-04  4.0788E-02  1.2366E-03  1.3649E-01  1.0000E+00
 1.0927E+03  7.4034E-04  4.0503E-02  1.2366E-03  1.3545E-01  1.0000E+00
 1.1011E+03  7.4082E-04  4.0222E-02  1.2367E-03  1.3443E-01  1.0000E+00
 1.1095E+03  7.4132E-04  3.9942E-02  1.2367E-03  1.3341E-01  1.0000E+00
 1.1180E+03  7.4184E-04  3.9666E-02  1.2368E-03  1.3240E-01  1.0000E+00
 1.1266E+03  7.4238E-04  3.9393E-02  1.2368E-03  1.3140E-01  1.0000E+00
 1.1352E+03  7.4293E-04  3.9122E-02  1.2368E-03  1.3041E-01  1.0000E+00
 1.1439E+03  7.4350E-04  3.8854E-02  1.2369E-03  1.2942E-01  1.0000E+00
 1.1527E+03  7.4409E-04  3.8589E-02  1.2369E-03  1.2844E-01  1.0000E+00
 1.1615E+03  7.4469E-04  3.8327E-02  1.2370E-03  1.2747E-01  1.0000E+00
 1.1704E+03  7.4531E-04  3.8067E-02  1.2370E-03  1.2650E-01  1.0000E+00
 1.1794E+03  7.4595E-04  3.7809E-02  1.2370E-03  1.2555E-01  1.0000E+00
 1.1884E+03  7.4660E-04  3.7555E-02  1.2371E-03  1.2460E-01  1.0000E+00
 1.1975E+03  7.4727E-04  3.7302E-02  1.2371E-03  1.2365E-01  1.0000E+00
 1.2067E+03  7.4796E-04  3.7052E-02  1.2372E-03  1.2272E-01  1.0000E+00
 1.2159E+03  7.4866E-04  3.6805E-02  1.2372E-03  1.2179E-01  1.0000E+00
 1.2252E+03  7.4938E-04  3.6560E-02  1.2373E-03  1.2087E-01  1.0000E+00
 1.2346E+03  7.5012E-04  3.6318E-02  1.2373E-03  1.1996E-01  1.0000E+00
 1.2441E+03  7.5087E-04  3.6077E-02  1.2374E-03  1.1905E-01  1.0000E+00
 1.2536E+03  7.5164E-04  3.5839E-02  1.2374E-03  1.1815E-01  1.0000E+00
 1.2632E+03  7.5242E-04  3.5604E-02  1.2375E-03  1.1725E-01  1.0000E+00
 1.2729E+03  7.5322E-04  3.5370E-02  1.2375E-03  1.1637E-01  1.0000E+00
 1.2826E+03  7.5403E-04  3.5139E-02  1.2375E-03  1.1549E-01  1.0000E+00
 1.2924E+03  7.5486E-04  3.4910E-02  1.2376E-03  1.1461E-01  1.0000E+00
 1.3023E+03  7.5570E-04  3.4683E-02  1.2376E-03  1.1375E-01  1.0000E+00
 1.3123E+03  7.5656E-04  3.4458E-02  1.2377E-03  1.1289E-01  1.0000E+00
 1.3224E+03  7.5744E-04  3.4235E-02  1.2377E-03  1.1203E-01  1.0000E+00
 1.3325E+03  7.5832E-04  3.4015E-02  1.2378E-03  1.1119E-01  1.0000E+00
 1.3427E+03  7.5923E-04  3.3796E-02  1.2378E-03  1.1035E-01  1.0000E+00
 1.3530E+03  7.6015E-04  3.3580E-02  1.2379E-03  1.0951E-01  1.0000E+00
 1.3633E+03  7.6108E-04  3.3365E-02  1.2379E-03  1.0868E-01  1.0000E+00
 1.3738E+03  7.6203E-04  3.3152E-02  1.2380E-03  1.0786E-01  1.0000E+00
 1.3843E+03  7.6299E-04  3.2941E-02  1.2380E-03  1.0705E-01  1.0000E+00
 1.3949E+03  7.6397E-04  3.2733E-02  1.2381E-03  1.0624E-01  1.0000E+00
 1.4056E+03  7.6496E-04  3.2526E-02  1.2381E-03  1.0543E-01  1.0000E+00
 1.4164E+03  7.6596E-04  3.2320E-02  1.2382E-03  1.0464E-01  1.0000E+00
 1.4272E+03  7.6698E-04  3.2117E-02  1.2382E-03  1.0385E-01  1.0000E+00
 1.4381E+03  7.6801E-04  3.1916E-02  1.2383E-03  1.0306E-01  1.0000E+00
 1.4491E+03  7.6906E-04  3.1716E-02  1.2384E-03  1.0228E-01  1.0000E+00
 1.4602E+03  7.7012E-04  3.1518E-02  1.2384E-03  1.0151E-01  1.0000E+00
 1.4714E+03  7.7119E-04  3.1322E-02  1.2385E-03  1.0074E-01  1.0000E+00
 1.4827E+03  7.7228E-04  3.1127E-02  1.2385E-03  9.9982E-02  1.0000E+00
 1.4940E+03  7.7338E-04  3.0934E-02  1.2386E-03  9.9227E-02  1.0000E+00
 1.5055E+03  7.7449E-04  3.0743E-02  1.2386E-03  9.8477E-02  1.0000E+00
 1.5170E+03  7.7562E-04  3.0553E-02  1.2387E-03  9.7733E-02  1.0000E+00
 1.5286E+03  7.7676E-04  3.0365E-02  1.2387E-03  9.6994E-02  1.0000E+00
 1.5403E+03  7.7791E-04  3.0179E-02  1.2388E-03  9.6262E-02  1.0000E+00
 1.5521E+03  7.7908E-04  2.9994E-02  1.2388E-03  9.5534E-02  1.0000E+00
 1.5640E+03  7.8026E-04  2.9811E-02  1.2389E-03  9.4813E-02  1.0000E+00
 1.5760E+03  7.8145E-04  2.9629E-02  1.2390E-03  9.4097E-02  1.0000E+00
 1.5881E+03  7.8265E-04  2.9449E-02  1.2390E-03  9.3386E-02  1.0000E+00
 1.6002E+03  7.8387E-04  2.9270E-02  1.2391E-03  9.2680E-02  1.0000E+00
 1.6125E+03  7.8510E-04  2.9093E-02  1.2391E-03  9.1980E-02  1.0000E+00
 1.6248E+03  7.8634E-04  2.8917E-02  1.2392E-03  9.1286E-02  1.0000E+00
 1.6373E+03  7.8759E-04  2.8742E-02  1.2393E-03  9.0596E-02  1.0000E+00
 1.6498E+03  7.8886E-04  2.8569E-02  1.2393E-03  8.9912E-02  1.0000E+00
 1.6625E+03  7.9013E-04  2.8398E-02  1.2394E-03  8.9233E-02  1.0000E+00
 1.6752E+03  7.9142E-04  2.8228E-02  1.2394E-03  8.8560E-02  1.0000E+00
 1.6880E+03  7.9272E-04  2.8059E-02  1.2395E-03  8.7891E-02  1.0000E+00
 1.7009E+03  7.9403E-04  2.7891E-02  1.2396E-03  8.7227E-02  1.0000E+00
 1.7140E+03  7.9536E-04  2.7725E-02  1.2396E-03  8.6569E-02  1.0000E+00
 1.7271E+03  7.9669E-04  2.7560E-02  1.2397E-03  8.5915E-02  1.0000E+00
 1.7403E+03  7.9804E-04  2.7397E-02  1.2398E-03  8.5267E-02  1.0000E+00
 1.7537E+03  7.9939E-04  2.7234E-02  1.2398E-03  8.4623E-02  1.0000E+00
 1.7671E+03  8.0076E-04  2.7073E-02  1.2399E-03  8.3984E-02  1.0000E+00
 1.7806E+03  8.0214E-04  2.6913E-02  1.2400E-03  8.3350E-02  1.0000E+00
 1.7943E+03  8.0353E-04  2.6755E-02  1.2400E-03  8.2721E-02  1.0000E+00
 1.8080E+03  8.0493E-04  2.6597E-02  1.2401E-03  8.2097E-02  1.0000E+00
 1.8218E+03  8.0634E-04  2.6441E-02  1.2402E-03  8.1477E-02  1.0000E+00
 1.8358E+03  8.0777E-04  2.6286E-02  1.2402E-03  8.0863E-02  1.0000E+00
 1.8499E+03  8.0920E-04  2.6132E-02  1.2403E-03  8.0252E-02  1.0000E+00
 1.8640E+03  8.1064E-04  2.5979E-02  1.2404E-03  7.9647E-02  1.0000E+00
 1.8783E+03  8.1210E-04  2.5828E-02  1.2404E-03  7.9046E-02  1.0000E+00
 1.8927E+03  8.1356E-04  2.5677E-02  1.2405E-03  7.8450E-02  1.0000E+00
 1.9072E+03  8.1503E-04  2.5528E-02  1.2406E-03  7.7858E-02  1.0000E+00
 1.9218E+03  8.1652E-04  2.5380E-02  1.2406E-03  7.7270E-02  1.0000E+00
 1.9365E+03  8.1802E-04  2.5233E-02  1.2407E-03  7.6688E-02  1.0000E+00
 1.9513E+03  8.1952E-04  2.5087E-02  1.2408E-03  7.6109E-02  1.0000E+00
 1.9663E+03  8.2104E-04  2.4942E-02  1.2409E-03  7.5535E-02  1.0000E+00
 1.9813E+03  8.2256E-04  2.4798E-02  1.2409E-03  7.4965E-02  1.0000E+00
 1.9965E+03  8.2410E-04  2.4655E-02  1.2410E-03  7.4400E-02  1.0000E+00
 2.0118E+03  8.2564E-04  2.4513E-02  1.2411E-03  7.3839E-02  1.0000E+00
 2.0272E+03  8.2720E-04  2.4372E-02  1.2411E-03  7.3282E-02  1.0000E+00
 2.0427E+03  8.2877E-04  2.4232E-02  1.2412E-03  7.2730E-02  1.0000E+00
 2.0584E+03  8.3034E-04  2.4094E-02  1.2413E-03  7.2181E-02  1.0000E+00
 2.0741E+03  8.3193E-04  2.3956E-02  1.2414E-03  7.1637E-02  1.0000E+00
 2.0900E+03  8.3352E-04  2.3819E-02  1.2415E-03  7.1097E-02  1.0000E+00
 2.1060E+03  8.3513E-04  2.3683E-02  1.2415E-03  7.0561E-02  1.0000E+00
 2.1222E+03  8.3674E-04  2.3548E-02  1.2416E-03  7.0029E-02  1.0000E+00
 2.1384E+03  8.3836E-04  2.3414E-02  1.2417E-03  6.9501E-02  1.0000E+00
 2.1548E+03  8.4000E-04  2.3281E-02  1.2418E-03  6.8978E-02  1.0000E+00
 2.1713E+03  8.4164E-04  2.3149E-02  1.2418E-03  6.8458E-02  1.0000E+00
 2.1879E+03  8.4329E-04  2.3018E-02  1.2419E-03  6.7942E-02  1.0000E+00
 2.2047E+03  8.4495E-04  2.2887E-02  1.2420E-03  6.7430E-02  1.0000E+00
 2.2216E+03  8.4662E-04  2.2758E-02  1.2421E-03  6.6922E-02  1.0000E+00
 2.2386E+03  8.4830E-04  2.2629E-02  1.2422E-03  6.6418E-02  1.0000E+00
 2.2557E+03  8.4999E-04  2.2502E-02  1.2423E-03  6.5917E-02  1.0000E+00
 2.2730E+03  8.5168E-04  2.2375E-02  1.2423E-03  6.5421E-02  1.0000E+00
 2.2904E+03  8.5339E-04  2.2249E-02  1.2424E-03  6.4928E-02  1.0000E+00
 2.3079E+03  8.5510E-04  2.2124E-02  1.2425E-03  6.4439E-02  1.0000E+00
 2.3256E+03  8.5683E-04  2.1999E-02  1.2426E-03  6.3953E-02  1.0000E+00
 2.3434E+03  8.5856E-04  2.1876E-02  1.2427E-03  6.3472E-02  1.0000E+00
 2.3614E+03  8.6030E-04  2.1753E-02  1.2428E-03  6.2994E-02  1.0000E+00
 2.3794E+03  8.6205E-04  2.1632E-02  1.2429E-03  6.2519E-02  1.0000E+00
 2.3977E+03  8.6381E-04  2.1511E-02  1.2429E-03  6.2049E-02  1.0000E+00
 2.4160E+03  8.6557E-04  2.1390E-02  1.2430E-03  6.1582E-02  1.0000E+00
 2.4345E+03  8.6734E-04  2.1271E-02  1.2431E-03  6.1118E-02  1.0000E+00
 2.4532E+03  8.6913E-04  2.1152E-02  1.2432E-03  6.0658E-02  1.0000E+00
 2.4720E+03  8.7092E-04  2.1034E-02  1.2433E-03  6.0201E-02  1.0000E+00
 2.4909E+03  8.7272E-04  2.0917E-02  1.2434E-03  5.9748E-02  1.0000E+00
 2.5100E+03  8.7452E-04  2.0801E-02  1.2435E-03  5.9298E-02  1.0000E+00
 2.5292E+03  8.7634E-04  2.0685E-02  1.2436E-03  5.8852E-02  1.0000E+00
 2.5486E+03  8.7816E-04  2.0570E-02  1.2437E-03  5.8409E-02  1.0000E+00
 2.5681E+03  8.7999E-04  2.0456E-02  1.2438E-03  5.7970E-02  1.0000E+00
 2.5878E+03  8.8183E-04  2.0343E-02  1.2439E-03  5.7534E-02  1.0000E+00
 2.6076E+03  8.8367E-04  2.0230E-02  1.2440E-03  5.7101E-02  1.0000E+00
 2.6275E+03  8.8552E-04  2.0118E-02  1.2441E-03  5.6671E-02  1.0000E+00
 2.6477E+03  8.8739E-04  2.0006E-02  1.2441E-03  5.6245E-02  1.0000E+00
 2.6679E+03  8.8925E-04  1.9896E-02  1.2442E-03  5.5822E-02  1.0000E+00
 2.6884E+03  8.9113E-04  1.9786E-02  1.2443E-03  5.5402E-02  1.0000E+00
 2.7090E+03  8.9301E-04  1.9676E-02  1.2444E-03  5.4985E-02  1.0000E+00
 2.7297E+03  8.9490E-04  1.9568E-02  1.2445E-03  5.4572E-02  1.0000E+00
 2.7506E+03  8.9680E-04  1.9460E-02  1.2446E-03  5.4161E-02  1.0000E+00
 2.7717E+03  8.9870E-04  1.9353E-02  1.2448E-03  5.3754E-02  1.0000E+00
 2.7929E+03  9.0061E-04  1.9246E-02  1.2449E-03  5.3350E-02  1.0000E+00
 2.8143E+03  9.0252E-04  1.9140E-02  1.2450E-03  5.2949E-02  1.0000E+00
 2.8358E+03  9.0444E-04  1.9034E-02  1.2451E-03  5.2551E-02  1.0000E+00
 2.8576E+03  9.0637E-04  1.8929E-02  1.2452E-03  5.2156E-02  1.0000E+00
 2.8794E+03  9.0829E-04  1.8825E-02  1.2453E-03  5.1764E-02  1.0000E+00
 2.9015E+03  9.1022E-04  1.8721E-02  1.2454E-03  5.1375E-02  1.0000E+00
 2.9237E+03  9.1216E-04  1.8618E-02  1.2455E-03  5.0989E-02  1.0000E+00
 2.9461E+03  9.1409E-04  1.8515E-02  1.2456E-03  5.0606E-02  1.0000E+00
 2.9687E+03  9.1603E-04  1.8413E-02  1.2457E-03  5.0226E-02  1.0000E+00
 2.9914E+03  9.1797E-04  1.8312E-02  1.2458E-03  4.9848E-02  1.0000E+00
 3.0143E+03  9.1992E-04  1.8211E-02  1.2459E-03  4.9474E-02  1.0000E+00
 3.0374E+03  9.2186E-04  1.8110E-02  1.2460E-03  4.9102E-02  1.0000E+00
 3.0607E+03  9.2381E-04  1.8010E-02  1.2462E-03  4.8734E-02  1.0000E+00
 3.0841E+03  9.2576E-04  1.7910E-02  1.2463E-03  4.8368E-02  1.0000E+00
 3.1077E+03  9.2771E-04  1.7811E-02  1.2464E-03  4.8004E-02  1.0000E+00
 3.1315E+03  9.2966E-04  1.7713E-02  1.2465E-03  4.7644E-02  1.0000E+00
 3.1555E+03  9.3162E-04  1.7615E-02  1.2466E-03  4.7286E-02  1.0000E+00
 3.1797E+03  9.3357E-04  1.7517E-02  1.2467E-03  4.6931E-02  1.0000E+00
 3.2040E+03  9.3553E-04  1.7420E-02  1.2468E-03  4.6579E-02  1.0000E+00
 3.2286E+03  9.3748E-04  1.7323E-02  1.2470E-03  4.6229E-02  1.0000E+00
 3.2533E+03  9.3944E-04  1.7227E-02  1.2471E-03  4.5882E-02  1.0000E+00
 3.2782E+03  9.4140E-04  1.7131E-02  1.2472E-03  4.5538E-02  1.0000E+00
 3.3033E+03  9.4335E-04  1.7036E-02  1.2473E-03  4.5196E-02  1.0000E+00
 3.3286E+03  9.4531E-04  1.6941E-02  1.2475E-03  4.4857E-02  1.0000E+00
 3.3541E+03  9.4727E-04  1.6847E-02  1.2476E-03  4.4521E-02  1.0000E+00
 3.3798E+03  9.4922E-04  1.6753E-02  1.2477E-03  4.4187E-02  1.0000E+00
 3.4057E+03  9.5118E-04  1.6659E-02  1.2478E-03  4.3856E-02  1.0000E+00
 3.4317E+03  9.5314E-04  1.6566E-02  1.2480E-03  4.3527E-02  1.0000E+00
 3.4580E+03  9.5509E-04  1.6474E-02  1.2481E-03  4.3200E-02  1.0000E+00
 3.4845E+03  9.5704E-04  1.6382E-02  1.2482E-03  4.2876E-02  1.0000E+00
 3.5112E+03  9.5900E-04  1.6290E-02  1.2483E-03  4.2555E-02  1.0000E+00
 3.5381E+03  9.6095E-04  1.6198E-02  1.2485E-03  4.2236E-02  1.0000E+00
 3.5652E+03  9.6289E-04  1.6107E-02  1.2486E-03  4.1919E-02  1.0000E+00
 3.5925E+03  9.6484E-04  1.6017E-02  1.2487E-03  4.1605E-02  1.0000E+00
 3.6200E+03  9.6678E-04  1.5927E-02  1.2489E-03  4.1293E-02  1.0000E+00
 3.6477E+03  9.6873E-04  1.5837E-02  1.2490E-03  4.0984E-02  1.0000E+00
 3.6757E+03  9.7066E-04  1.5748E-02  1.2491E-03  4.0677E-02  1.0000E+00
 3.7038E+03  9.7260E-04  1.5659E-02  1.2493E-03  4.0372E-02  1.0000E+00
 3.7322E+03  9.7453E-04  1.5570E-02  1.2494E-03  4.0070E-02  1.0000E+00
 3.7608E+03  9.7646E-04  1.5482E-02  1.2495E-03  3.9770E-02  1.0000E+00
 3.7896E+03  9.7839E-04  1.5394E-02  1.2497E-03  3.9472E-02  1.0000E+00
 3.8186E+03  9.8031E-04  1.5307E-02  1.2498E-03  3.9176E-02  1.0000E+00
 3.8478E+03  9.8223E-04  1.5220E-02  1.2500E-03  3.8883E-02  1.0000E+00
 3.8773E+03  9.8414E-04  1.5133E-02  1.2501E-03  3.8592E-02  1.0000E+00
 3.9070E+03  9.8605E-04  1.5047E-02  1.2503E-03  3.8303E-02  1.0000E+00
 3.9369E+03  9.8796E-04  1.4961E-02  1.2504E-03  3.8016E-02  1.0000E+00
 3.9671E+03  9.8986E-04  1.4875E-02  1.2505E-03  3.7732E-02  1.0000E+00
 3.9974E+03  9.9176E-04  1.4790E-02  1.2507E-03  3.7449E-02  1.0000E+00
 4.0281E+03  9.9365E-04  1.4705E-02  1.2508E-03  3.7169E-02  1.0000E+00
 4.0589E+03  9.9553E-04  1.4621E-02  1.2510E-03  3.6891E-02  1.0000E+00
 4.0900E+03  9.9741E-04  1.4537E-02  1.2511E-03  3.6615E-02  1.0000E+00
 4.1213E+03  9.9928E-04  1.4453E-02  1.2513E-03  3.6341E-02  1.0000E+00
 4.1529E+03  1.0012E-03  1.4369E-02  1.2515E-03  3.6069E-02  1.0000E+00
 4.1847E+03  1.0030E-03  1.4286E-02  1.2516E-03  3.5800E-02  1.0000E+00
 4.2167E+03  1.0049E-03  1.4203E-02  1.2518E-03  3.5532E-02  1.0000E+00
 4.2490E+03  1.0067E-03  1.4121E-02  1.2519E-03  3.5266E-02  1.0000E+00
 4.2816E+03  1.0086E-03  1.4039E-02  1.2521E-03  3.5003E-02  1.0000E+00
 4.3143E+03  1.0104E-03  1.3957E-02  1.2522E-03  3.4741E-02  1.0000E+00
 4.3474E+03  1.0122E-03  1.3875E-02  1.2524E-03  3.4482E-02  1.0000E+00
 4.3807E+03  1.0140E-03  1.3794E-02  1.2526E-03  3.4224E-02  1.0000E+00
 4.4142E+03  1.0158E-03  1.3713E-02  1.2527E-03  3.3968E-02  1.0000E+00
 4.4480E+03  1.0176E-03  1.3633E-02  1.2529E-03  3.3714E-02  1.0000E+00
 4.4821E+03  1.0194E-03  1.3553E-02  1.2531E-03  3.3463E-02  1.0000E+00
 4.5164E+03  1.0212E-03  1.3473E-02  1.2532E-03  3.3213E-02  1.0000E+00
 4.5510E+03  1.0230E-03  1.3393E-02  1.2534E-03  3.2965E-02  1.0000E+00
 4.5859E+03  1.0248E-03  1.3314E-02  1.2536E-03  3.2719E-02  1.0000E+00
 4.6210E+03  1.0265E-03  1.3235E-02  1.2537E-03  3.2474E-02  1.0000E+00
 4.6564E+03  1.0283E-03  1.3156E-02  1.2539E-03  3.2232E-02  1.0000E+00
 4.6920E+03  1.0300E-03  1.3078E-02  1.2541E-03  3.1991E-02  1.0000E+00
 4.7280E+03  1.0318E-03  1.3000E-02  1.2542E-03  3.1753E-02  1.0000E+00
 4.7642E+03  1.0335E-03  1.2922E-02  1.2544E-03  3.1516E-02  1.0000E+00
 4.8007E+03  1.0352E-03  1.2845E-02  1.2546E-03  3.1281E-02  1.0000E+00
 4.8374E+03  1.0369E-03  1.2768E-02  1.2548E-03  3.1047E-02  1.0000E+00
 4.8745E+03  1.0386E-03  1.2691E-02  1.2550E-03  3.0816E-02  1.0000E+00
 4.9118E+03  1.0403E-03  1.2615E-02  1.2551E-03  3.0586E-02  1.0000E+00
 4.9494E+03  1.0420E-03  1.2539E-02  1.2553E-03  3.0358E-02  1.0000E+00
 4.9873E+03  1.0437E-03  1.2463E-02  1.2555E-03  3.0132E-02  1.0000E+00
 5.0255E+03  1.0453E-03  1.2388E-02  1.2557E-03  2.9907E-02  1.0000E+00
 5.0640E+03  1.0470E-03  1.2312E-02  1.2559E-03  2.9684E-02  1.0000E+00
 5.1028E+03  1.0486E-03  1.2238E-02  1.2561E-03  2.9463E-02  1.0000E+00
 5.1419E+03  1.0503E-03  1.2163E-02  1.2563E-03  2.9244E-02  1.0000E+00
 5.1812E+03  1.0519E-03  1.2089E-02  1.2565E-03  2.9026E-02  1.0000E+00
 5.2209E+03  1.0535E-03  1.2015E-02  1.2566E-03  2.8810E-02  1.0000E+00
 5.2609E+03  1.0551E-03  1.1942E-02  1.2568E-03  2.8595E-02  1.0000E+00
 5.3012E+03  1.0567E-03  1.1868E-02  1.2570E-03  2.8382E-02  1.0000E+00
 5.3418E+03  1.0583E-03  1.1795E-02  1.2572E-03  2.8171E-02  1.0000E+00
 5.3827E+03  1.0599E-03  1.1723E-02  1.2574E-03  2.7961E-02  1.0000E+00
 5.4239E+03  1.0615E-03  1.1650E-02  1.2576E-03  2.7753E-02  1.0000E+00
 5.4655E+03  1.0630E-03  1.1579E-02  1.2578E-03  2.7547E-02  1.0000E+00
 5.5073E+03  1.0646E-03  1.1507E-02  1.2580E-03  2.7342E-02  1.0000E+00
 5.5495E+03  1.0661E-03  1.1435E-02  1.2582E-03  2.7138E-02  1.0000E+00
 5.5920E+03  1.0677E-03  1.1364E-02  1.2585E-03  2.6937E-02  1.0000E+00
 5.6348E+03  1.0692E-03  1.1294E-02  1.2587E-03  2.6736E-02  1.0000E+00
 5.6780E+03  1.0707E-03  1.1223E-02  1.2589E-03  2.6538E-02  1.0000E+00
 5.7215E+03  1.0722E-03  1.1153E-02  1.2591E-03  2.6340E-02  1.0000E+00
 5.7653E+03  1.0737E-03  1.1083E-02  1.2593E-03  2.6145E-02  1.0000E+00
 5.8094E+03  1.0752E-03  1.1014E-02  1.2595E-03  2.5950E-02  1.0000E+00
 5.8539E+03  1.0767E-03  1.0945E-02  1.2597E-03  2.5757E-02  1.0000E+00
 5.8988E+03  1.0781E-03  1.0876E-02  1.2599E-03  2.5566E-02  1.0000E+00
 5.9439E+03  1.0796E-03  1.0807E-02  1.2602E-03  2.5376E-02  1.0000E+00
 5.9895E+03  1.0810E-03  1.0739E-02  1.2604E-03  2.5188E-02  1.0000E+00
 6.0353E+03  1.0825E-03  1.0671E-02  1.2606E-03  2.5001E-02  1.0000E+00
 6.0815E+03  1.0839E-03  1.0603E-02  1.2608E-03  2.4815E-02  1.0000E+00
 6.1281E+03  1.0853E-03  1.0536E-02  1.2611E-03  2.4631E-02  1.0000E+00
 6.1751E+03  1.0867E-03  1.0469E-02  1.2613E-03  2.4448E-02  1.0000E+00
 6.2223E+03  1.0881E-03  1.0402E-02  1.2615E-03  2.4267E-02  1.0000E+00
 6.2700E+03  1.0895E-03  1.0335E-02  1.2618E-03  2.4087E-02  1.0000E+00
 6.3180E+03  1.0908E-03  1.0269E-02  1.2620E-03  2.3908E-02  1.0000E+00
 6.3664E+03  1.0922E-03  1.0203E-02  1.2622E-03  2.3731E-02  1.0000E+00
 6.4152E+03  1.0935E-03  1.0138E-02  1.2625E-03  2.3555E-02  1.0000E+00
 6.4643E+03  1.0949E-03  1.0073E-02  1.2627E-03  2.3381E-02  1.0000E+00
 6.5138E+03  1.0962E-03  1.0008E-02  1.2629E-03  2.3207E-02  1.0000E+00
 6.5637E+03  1.0975E-03  9.9435E-03  1.2632E-03  2.3035E-02  1.0000E+00
 6.6139E+03  1.0989E-03  9.8795E-03  1.2634E-03  2.2865E-02  1.0000E+00
 6.6646E+03  1.1002E-03  9.8160E-03  1.2637E-03  2.2695E-02  1.0000E+00
 6.7156E+03  1.1016E-03  9.7530E-03  1.2639E-03  2.2527E-02  1.0000E+00
 6.7671E+03  1.1030E-03  9.6903E-03  1.2642E-03  2.2361E-02  1.0000E+00
 6.8189E+03  1.1043E-03  9.6280E-03  1.2644E-03  2.2195E-02  1.0000E+00
 6.8711E+03  1.1057E-03  9.5662E-03  1.2647E-03  2.2031E-02  1.0000E+00
 6.9237E+03  1.1071E-03  9.5048E-03  1.2650E-03  2.1868E-02  1.0000E+00
 6.9768E+03  1.1084E-03  9.4437E-03  1.2652E-03  2.1706E-02  1.0000E+00
 7.0302E+03  1.1098E-03  9.3831E-03  1.2655E-03  2.1546E-02  1.0000E+00
 7.0840E+03  1.1112E-03  9.3228E-03  1.2657E-03  2.1386E-02  1.0000E+00
 7.1383E+03  1.1126E-03  9.2629E-03  1.2660E-03  2.1228E-02  1.0000E+00
 7.1929E+03  1.1139E-03  9.2034E-03  1.2663E-03  2.1071E-02  1.0000E+00
 7.2480E+03  1.1153E-03  9.1442E-03  1.2665E-03  2.0916E-02  1.0000E+00
 7.3035E+03  1.1167E-03  9.0855E-03  1.2668E-03  2.0761E-02  1.0000E+00
 7.3595E+03  1.1181E-03  9.0270E-03  1.2671E-03  2.0608E-02  1.0000E+00
 7.4158E+03  1.1194E-03  8.9690E-03  1.2674E-03  2.0456E-02  1.0000E+00
 7.4726E+03  1.1208E-03  8.9113E-03  1.2676E-03  2.0305E-02  1.0000E+00
 7.5299E+03  1.1222E-03  8.8539E-03  1.2679E-03  2.0155E-02  1.0000E+00
 7.5875E+03  1.1236E-03  8.7969E-03  1.2682E-03  2.0006E-02  1.0000E+00
 7.6456E+03  1.1249E-03  8.7403E-03  1.2685E-03  1.9858E-02  1.0000E+00
 7.7042E+03  1.1263E-03  8.6839E-03  1.2688E-03  1.9712E-02  1.0000E+00
 7.7632E+03  1.1277E-03  8.6279E-03  1.2691E-03  1.9567E-02  1.0000E+00
 7.8226E+03  1.1291E-03  8.5723E-03  1.2693E-03  1.9422E-02  1.0000E+00
 7.8825E+03  1.1304E-03  8.5169E-03  1.2696E-03  1.9279E-02  1.0000E+00
 7.9429E+03  1.1318E-03  8.4619E-03  1.2699E-03  1.9137E-02  1.0000E+00
 8.0037E+03  1.1332E-03  8.4072E-03  1.2702E-03  1.8996E-02  1.0000E+00
 8.0650E+03  1.1345E-03  8.3528E-03  1.2705E-03  1.8856E-02  1.0000E+00
 8.1268E+03  1.1359E-03  8.2988E-03  1.2708E-03  1.8717E-02  1.0000E+00
 8.1890E+03  1.1372E-03  8.2450E-03  1.2711E-03  1.8579E-02  1.0000E+00
 8.2518E+03  1.1386E-03  8.1915E-03  1.2714E-03  1.8443E-02  1.0000E+00
 8.3150E+03  1.1399E-03  8.1383E-03  1.2718E-03  1.8307E-02  1.0000E+00
 8.3786E+03  1.1413E-03  8.0855E-03  1.2721E-03  1.8172E-02  1.0000E+00
 8.4428E+03  1.1426E-03  8.0329E-03  1.2724E-03  1.8039E-02  1.0000E+00
 8.5075E+03  1.1439E-03  7.9806E-03  1.2727E-03  1.7906E-02  1.0000E+00
 8.5726E+03  1.1452E-03  7.9286E-03  1.2730E-03  1.7774E-02  1.0000E+00
 8.6383E+03  1.1466E-03  7.8769E-03  1.2733E-03  1.7644E-02  1.0000E+00
 8.7044E+03  1.1479E-03  7.8254E-03  1.2737E-03  1.7514E-02  1.0000E+00
 8.7711E+03  1.1492E-03  7.7743E-03  1.2740E-03  1.7385E-02  1.0000E+00
 8.8383E+03  1.1505E-03  7.7234E-03  1.2743E-03  1.7258E-02  1.0000E+00
 8.9059E+03  1.1517E-03  7.6728E-03  1.2747E-03  1.7131E-02  1.0000E+00
 8.9741E+03  1.1530E-03  7.6224E-03  1.2750E-03  1.7005E-02  1.0000E+00
 9.0429E+03  1.1543E-03  7.5723E-03  1.2753E-03  1.6881E-02  1.0000E+00
 9.1121E+03  1.1556E-03  7.5225E-03  1.2757E-03  1.6757E-02  1.0000E+00
 9.1819E+03  1.1568E-03  7.4728E-03  1.2760E-03  1.6634E-02  1.0000E+00
 9.2522E+03  1.1580E-03  7.4233E-03  1.2764E-03  1.6512E-02  1.0000E+00
 9.3231E+03  1.1592E-03  7.3742E-03  1.2767E-03  1.6391E-02  1.0000E+00
 9.3945E+03  1.1605E-03  7.3253E-03  1.2770E-03  1.6271E-02  1.0000E+00
 9.4664E+03  1.1617E-03  7.2767E-03  1.2774E-03  1.6152E-02  1.0000E+00
 9.5389E+03  1.1629E-03  7.2284E-03  1.2778E-03  1.6033E-02  1.0000E+00
 9.6120E+03  1.1641E-03  7.1804E-03  1.2781E-03  1.5916E-02  1.0000E+00
 9.6856E+03  1.1653E-03  7.1326E-03  1.2785E-03  1.5799E-02  1.0000E+00
 9.7598E+03  1.1665E-03  7.0852E-03  1.2788E-03  1.5684E-02  1.0000E+00
 9.8345E+03  1.1677E-03  7.0380E-03  1.2792E-03  1.5569E-02  1.0000E+00
 9.9098E+03  1.1689E-03  6.9911E-03  1.2796E-03  1.5455E-02  1.0000E+00
 9.9857E+03  1.1700E-03  6.9445E-03  1.2800E-03  1.5342E-02  1.0000E+00
 1.0062E+04  1.1712E-03  6.8982E-03  1.2803E-03  1.5230E-02  1.0000E+00
 1.0139E+04  1.1724E-03  6.8521E-03  1.2807E-03  1.5119E-02  1.0000E+00
 1.0217E+04  1.1736E-03  6.8064E-03  1.2811E-03  1.5008E-02  1.0000E+00
 1.0295E+04  1.1748E-03  6.7609E-03  1.2815E-03  1.4899E-02  1.0000E+00
 1.0374E+04  1.1759E-03  6.7157E-03  1.2819E-03  1.4790E-02  1.0000E+00
 1.0453E+04  1.1771E-03  6.6707E-03  1.2823E-03  1.4682E-02  1.0000E+00
 1.0533E+04  1.1783E-03  6.6261E-03  1.2826E-03  1.4575E-02  1.0000E+00
 1.0614E+04  1.1794E-03  6.5817E-03  1.2830E-03  1.4469E-02  1.0000E+00
 1.0695E+04  1.1806E-03  6.5376E-03  1.2834E-03  1.4363E-02  1.0000E+00
 1.0777E+04  1.1817E-03  6.4937E-03  1.2838E-03  1.4258E-02  1.0000E+00
 1.0860E+04  1.1829E-03  6.4501E-03  1.2843E-03  1.4155E-02  1.0000E+00
 1.0943E+04  1.1840E-03  6.4068E-03  1.2847E-03  1.4051E-02  1.0000E+00
 1.1027E+04  1.1852E-03  6.3638E-03  1.2851E-03  1.3949E-02  1.0000E+00
 1.1111E+04  1.1863E-03  6.3210E-03  1.2855E-03  1.3848E-02  1.0000E+00
 1.1196E+04  1.1875E-03  6.2785E-03  1.2859E-03  1.3747E-02  1.0000E+00
 1.1282E+04  1.1886E-03  6.2362E-03  1.2863E-03  1.3647E-02  1.0000E+00
 1.1369E+04  1.1898E-03  6.1943E-03  1.2868E-03  1.3548E-02  1.0000E+00
 1.1456E+04  1.1909E-03  6.1525E-03  1.2872E-03  1.3449E-02  1.0000E+00
 1.1543E+04  1.1920E-03  6.1111E-03  1.2876E-03  1.3351E-02  1.0000E+00
 1.1632E+04  1.1932E-03  6.0699E-03  1.2881E-03  1.3254E-02  1.0000E+00
 1.1721E+04  1.1943E-03  6.0289E-03  1.2885E-03  1.3158E-02  1.0000E+00
 1.1811E+04  1.1954E-03  5.9882E-03  1.2889E-03  1.3063E-02  1.0000E+00
 1.1901E+04  1.1965E-03  5.9478E-03  1.2894E-03  1.2968E-02  1.0000E+00
 1.1992E+04  1.1977E-03  5.9076E-03  1.2898E-03  1.2874E-02  1.0000E+00
 1.2084E+04  1.1988E-03  5.8677E-03  1.2903E-03  1.2780E-02  1.0000E+00
 1.2177E+04  1.1999E-03  5.8281E-03  1.2907E-03  1.2688E-02  1.0000E+00
 1.2270E+04  1.2010E-03  5.7886E-03  1.2912E-03  1.2596E-02  1.0000E+00
 1.2364E+04  1.2022E-03  5.7495E-03  1.2917E-03  1.2505E-02  1.0000E+00
 1.2458E+04  1.2033E-03  5.7106E-03  1.2921E-03  1.2414E-02  1.0000E+00
 1.2554E+04  1.2044E-03  5.6719E-03  1.2926E-03  1.2324E-02  1.0000E+00
 1.2650E+04  1.2055E-03  5.6335E-03  1.2931E-03  1.2235E-02  1.0000E+00
 1.2747E+04  1.2066E-03  5.5953E-03  1.2936E-03  1.2147E-02  1.0000E+00
 1.2845E+04  1.2077E-03  5.5574E-03  1.2940E-03  1.2059E-02  1.0000E+00
 1.2943E+04  1.2088E-03  5.5197E-03  1.2945E-03  1.1972E-02  1.0000E+00
 1.3042E+04  1.2100E-03  5.4823E-03  1.2950E-03  1.1885E-02  1.0000E+00
 1.3142E+04  1.2111E-03  5.4451E-03  1.2955E-03  1.1799E-02  1.0000E+00
 1.3243E+04  1.2122E-03  5.4081E-03  1.2960E-03  1.1714E-02  1.0000E+00
 1.3344E+04  1.2133E-03  5.3714E-03  1.2965E-03  1.1630E-02  1.0000E+00
 1.3446E+04  1.2144E-03  5.3349E-03  1.2970E-03  1.1546E-02  1.0000E+00
 1.3549E+04  1.2155E-03  5.2987E-03  1.2975E-03  1.1462E-02  1.0000E+00
 1.3653E+04  1.2166E-03  5.2626E-03  1.2980E-03  1.1380E-02  1.0000E+00
 1.3757E+04  1.2177E-03  5.2269E-03  1.2986E-03  1.1298E-02  1.0000E+00
 1.3863E+04  1.2188E-03  5.1913E-03  1.2991E-03  1.1216E-02  1.0000E+00
 1.3969E+04  1.2199E-03  5.1560E-03  1.2996E-03  1.1136E-02  1.0000E+00
 1.4076E+04  1.2210E-03  5.1209E-03  1.3001E-03  1.1056E-02  1.0000E+00
 1.4184E+04  1.2221E-03  5.0861E-03  1.3007E-03  1.0976E-02  1.0000E+00
 1.4292E+04  1.2232E-03  5.0515E-03  1.3012E-03  1.0897E-02  1.0000E+00
 1.4402E+04  1.2243E-03  5.0171E-03  1.3017E-03  1.0819E-02  1.0000E+00
 1.4512E+04  1.2254E-03  4.9829E-03  1.3023E-03  1.0741E-02  1.0000E+00
 1.4623E+04  1.2265E-03  4.9489E-03  1.3028E-03  1.0664E-02  1.0000E+00
 1.4735E+04  1.2277E-03  4.9152E-03  1.3034E-03  1.0587E-02  1.0000E+00
 1.4848E+04  1.2288E-03  4.8817E-03  1.3040E-03  1.0511E-02  1.0000E+00
 1.4962E+04  1.2299E-03  4.8484E-03  1.3045E-03  1.0436E-02  1.0000E+00
 1.5076E+04  1.2310E-03  4.8154E-03  1.3051E-03  1.0361E-02  1.0000E+00
 1.5192E+04  1.2321E-03  4.7826E-03  1.3057E-03  1.0287E-02  1.0000E+00
 1.5308E+04  1.2332E-03  4.7499E-03  1.3062E-03  1.0213E-02  1.0000E+00
 1.5425E+04  1.2343E-03  4.7175E-03  1.3068E-03  1.0140E-02  1.0000E+00
 1.5544E+04  1.2354E-03  4.6853E-03  1.3074E-03  1.0068E-02  1.0000E+00
 1.5663E+04  1.2365E-03  4.6534E-03  1.3080E-03  9.9957E-03  1.0000E+00
 1.5783E+04  1.2376E-03  4.6216E-03  1.3086E-03  9.9243E-03  1.0000E+00
 1.5903E+04  1.2387E-03  4.5901E-03  1.3092E-03  9.8534E-03  1.0000E+00
 1.6025E+04  1.2398E-03  4.5587E-03  1.3098E-03  9.7830E-03  1.0000E+00
 1.6148E+04  1.2409E-03  4.5276E-03  1.3104E-03  9.7132E-03  1.0000E+00
 1.6272E+04  1.2421E-03  4.4967E-03  1.3110E-03  9.6439E-03  1.0000E+00
 1.6396E+04  1.2432E-03  4.4660E-03  1.3116E-03  9.5751E-03  1.0000E+00
 1.6522E+04  1.2443E-03  4.4354E-03  1.3123E-03  9.5069E-03  1.0000E+00
 1.6648E+04  1.2454E-03  4.4051E-03  1.3129E-03  9.4391E-03  1.0000E+00
 1.6776E+04  1.2465E-03  4.3750E-03  1.3135E-03  9.3719E-03  1.0000E+00
 1.6904E+04  1.2476E-03  4.3452E-03  1.3142E-03  9.3052E-03  1.0000E+00
 1.7034E+04  1.2487E-03  4.3155E-03  1.3148E-03  9.2390E-03  1.0000E+00
 1.7164E+04  1.2499E-03  4.2860E-03  1.3155E-03  9.1734E-03  1.0000E+00
 1.7296E+04  1.2510E-03  4.2567E-03  1.3161E-03  9.1082E-03  1.0000E+00
 1.7428E+04  1.2521E-03  4.2276E-03  1.3168E-03  9.0435E-03  1.0000E+00
 1.7562E+04  1.2532E-03  4.1987E-03  1.3174E-03  8.9793E-03  1.0000E+00
 1.7696E+04  1.2544E-03  4.1700E-03  1.3181E-03  8.9156E-03  1.0000E+00
 1.7832E+04  1.2555E-03  4.1415E-03  1.3188E-03  8.8524E-03  1.0000E+00
 1.7968E+04  1.2566E-03  4.1132E-03  1.3195E-03  8.7896E-03  1.0000E+00
 1.8106E+04  1.2578E-03  4.0850E-03  1.3202E-03  8.7273E-03  1.0000E+00
 1.8244E+04  1.2589E-03  4.0571E-03  1.3209E-03  8.6656E-03  1.0000E+00
 1.8384E+04  1.2600E-03  4.0294E-03  1.3216E-03  8.6042E-03  1.0000E+00
 1.8525E+04  1.2612E-03  4.0018E-03  1.3223E-03  8.5434E-03  1.0000E+00
 1.8667E+04  1.2623E-03  3.9745E-03  1.3230E-03  8.4830E-03  1.0000E+00
 1.8810E+04  1.2635E-03  3.9473E-03  1.3237E-03  8.4231E-03  1.0000E+00
 1.8954E+04  1.2646E-03  3.9203E-03  1.3244E-03  8.3636E-03  1.0000E+00
 1.9099E+04  1.2658E-03  3.8935E-03  1.3251E-03  8.3046E-03  1.0000E+00
 1.9245E+04  1.2669E-03  3.8669E-03  1.3259E-03  8.2460E-03  1.0000E+00
 1.9393E+04  1.2681E-03  3.8404E-03  1.3266E-03  8.1879E-03  1.0000E+00
 1.9541E+04  1.2692E-03  3.8142E-03  1.3273E-03  8.1302E-03  1.0000E+00
 1.9691E+04  1.2704E-03  3.7881E-03  1.3281E-03  8.0730E-03  1.0000E+00
 1.9842E+04  1.2715E-03  3.7622E-03  1.3288E-03  8.0162E-03  1.0000E+00
 1.9994E+04  1.2727E-03  3.7365E-03  1.3296E-03  7.9598E-03  1.0000E+00
 2.0147E+04  1.2739E-03  3.7109E-03  1.3304E-03  7.9039E-03  1.0000E+00
 2.0301E+04  1.2750E-03  3.6856E-03  1.3311E-03  7.8484E-03  1.0000E+00
 2.0456E+04  1.2762E-03  3.6604E-03  1.3319E-03  7.7933E-03  1.0000E+00
 2.0613E+04  1.2774E-03  3.6354E-03  1.3327E-03  7.7386E-03  1.0000E+00
 2.0771E+04  1.2786E-03  3.6105E-03  1.3335E-03  7.6843E-03  1.0000E+00
 2.0930E+04  1.2798E-03  3.5859E-03  1.3343E-03  7.6305E-03  1.0000E+00
 2.1090E+04  1.2809E-03  3.5614E-03  1.3351E-03  7.5771E-03  1.0000E+00
 2.1252E+04  1.2821E-03  3.5370E-03  1.3359E-03  7.5241E-03  1.0000E+00
 2.1415E+04  1.2833E-03  3.5129E-03  1.3367E-03  7.4714E-03  1.0000E+00
 2.1579E+04  1.2845E-03  3.4889E-03  1.3375E-03  7.4192E-03  1.0000E+00
 2.1744E+04  1.2857E-03  3.4650E-03  1.3384E-03  7.3674E-03  1.0000E+00
 2.1910E+04  1.2869E-03  3.4414E-03  1.3392E-03  7.3160E-03  1.0000E+00
 2.2078E+04  1.2881E-03  3.4179E-03  1.3401E-03  7.2650E-03  1.0000E+00
 2.2247E+04  1.2893E-03  3.3946E-03  1.3409E-03  7.2143E-03  1.0000E+00
 2.2418E+04  1.2906E-03  3.3714E-03  1.3418E-03  7.1641E-03  1.0000E+00
 2.2589E+04  1.2918E-03  3.3484E-03  1.3426E-03  7.1142E-03  1.0000E+00
 2.2762E+04  1.2930E-03  3.3255E-03  1.3435E-03  7.0647E-03  1.0000E+00
 2.2937E+04  1.2942E-03  3.3028E-03  1.3444E-03  7.0156E-03  1.0000E+00
 2.3112E+04  1.2955E-03  3.2803E-03  1.3453E-03  6.9668E-03  1.0000E+00
 2.3289E+04  1.2967E-03  3.2579E-03  1.3462E-03  6.9185E-03  1.0000E+00
 2.3468E+04  1.2980E-03  3.2357E-03  1.3471E-03  6.8705E-03  1.0000E+00
 2.3647E+04  1.2992E-03  3.2137E-03  1.3480E-03  6.8229E-03  1.0000E+00
 2.3829E+04  1.3005E-03  3.1918E-03  1.3489E-03  6.7756E-03  1.0000E+00
 2.4011E+04  1.3017E-03  3.1700E-03  1.3498E-03  6.7287E-03  1.0000E+00
 2.4195E+04  1.3030E-03  3.1484E-03  1.3507E-03  6.6821E-03  1.0000E+00
 2.4380E+04  1.3042E-03  3.1270E-03  1.3517E-03  6.6359E-03  1.0000E+00
 2.4567E+04  1.3055E-03  3.1057E-03  1.3526E-03  6.5901E-03  1.0000E+00
 2.4755E+04  1.3068E-03  3.0845E-03  1.3536E-03  6.5446E-03  1.0000E+00
 2.4945E+04  1.3081E-03  3.0635E-03  1.3545E-03  6.4995E-03  1.0000E+00
 2.5136E+04  1.3094E-03  3.0427E-03  1.3555E-03  6.4547E-03  1.0000E+00
 2.5328E+04  1.3106E-03  3.0220E-03  1.3564E-03  6.4102E-03  1.0000E+00
 2.5522E+04  1.3119E-03  3.0014E-03  1.3574E-03  6.3661E-03  1.0000E+00
 2.5718E+04  1.3132E-03  2.9810E-03  1.3584E-03  6.3223E-03  1.0000E+00
 2.5915E+04  1.3146E-03  2.9608E-03  1.3594E-03  6.2789E-03  1.0000E+00
 2.6113E+04  1.3159E-03  2.9406E-03  1.3604E-03  6.2358E-03  1.0000E+00
 2.6313E+04  1.3172E-03  2.9207E-03  1.3614E-03  6.1930E-03  1.0000E+00
 2.6515E+04  1.3185E-03  2.9008E-03  1.3625E-03  6.1505E-03  1.0000E+00
 2.6718E+04  1.3198E-03  2.8811E-03  1.3635E-03  6.1084E-03  1.0000E+00
 2.6922E+04  1.3212E-03  2.8616E-03  1.3645E-03  6.0666E-03  1.0000E+00
 2.7128E+04  1.3225E-03  2.8421E-03  1.3656E-03  6.0251E-03  1.0000E+00
 2.7336E+04  1.3239E-03  2.8229E-03  1.3666E-03  5.9839E-03  1.0000E+00
 2.7545E+04  1.3252E-03  2.8037E-03  1.3677E-03  5.9431E-03  1.0000E+00
 2.7756E+04  1.3266E-03  2.7847E-03  1.3688E-03  5.9025E-03  1.0000E+00
 2.7969E+04  1.3280E-03  2.7658E-03  1.3698E-03  5.8623E-03  1.0000E+00
 2.8183E+04  1.3293E-03  2.7471E-03  1.3709E-03  5.8223E-03  1.0000E+00
 2.8399E+04  1.3307E-03  2.7285E-03  1.3720E-03  5.7827E-03  1.0000E+00
 2.8617E+04  1.3321E-03  2.7100E-03  1.3731E-03  5.7434E-03  1.0000E+00
 2.8836E+04  1.3335E-03  2.6917E-03  1.3742E-03  5.7044E-03  1.0000E+00
 2.9056E+04  1.3349E-03  2.6735E-03  1.3754E-03  5.6657E-03  1.0000E+00
 2.9279E+04  1.3363E-03  2.6554E-03  1.3765E-03  5.6272E-03  1.0000E+00
 2.9503E+04  1.3377E-03  2.6374E-03  1.3776E-03  5.5891E-03  1.0000E+00
 2.9729E+04  1.3391E-03  2.6196E-03  1.3788E-03  5.5513E-03  1.0000E+00
 2.9957E+04  1.3406E-03  2.6019E-03  1.3800E-03  5.5137E-03  1.0000E+00
 3.0186E+04  1.3420E-03  2.5843E-03  1.3811E-03  5.4764E-03  1.0000E+00
 3.0417E+04  1.3435E-03  2.5669E-03  1.3823E-03  5.4395E-03  1.0000E+00
 3.0650E+04  1.3449E-03  2.5496E-03  1.3835E-03  5.4028E-03  1.0000E+00
 3.0885E+04  1.3464E-03  2.5324E-03  1.3847E-03  5.3664E-03  1.0000E+00
 3.1122E+04  1.3478E-03  2.5153E-03  1.3859E-03  5.3302E-03  1.0000E+00
 3.1360E+04  1.3493E-03  2.4984E-03  1.3871E-03  5.2944E-03  1.0000E+00
 3.1600E+04  1.3508E-03  2.4815E-03  1.3884E-03  5.2588E-03  1.0000E+00
 3.1842E+04  1.3523E-03  2.4648E-03  1.3896E-03  5.2235E-03  1.0000E+00
 3.2086E+04  1.3538E-03  2.4482E-03  1.3908E-03  5.1884E-03  1.0000E+00
 3.2332E+04  1.3553E-03  2.4318E-03  1.3921E-03  5.1537E-03  1.0000E+00
 3.2579E+04  1.3568E-03  2.4154E-03  1.3934E-03  5.1192E-03  1.0000E+00
 3.2829E+04  1.3583E-03  2.3992E-03  1.3947E-03  5.0849E-03  1.0000E+00
 3.3080E+04  1.3599E-03  2.3831E-03  1.3959E-03  5.0509E-03  1.0000E+00
 3.3334E+04  1.3614E-03  2.3671E-03  1.3972E-03  5.0172E-03  1.0000E+00
 3.3589E+04  1.3630E-03  2.3512E-03  1.3986E-03  4.9838E-03  1.0000E+00
 3.3846E+04  1.3645E-03  2.3354E-03  1.3999E-03  4.9505E-03  1.0000E+00
 3.4105E+04  1.3661E-03  2.3198E-03  1.4012E-03  4.9176E-03  1.0000E+00
 3.4367E+04  1.3677E-03  2.3042E-03  1.4026E-03  4.8849E-03  1.0000E+00
 3.4630E+04  1.3692E-03  2.2888E-03  1.4039E-03  4.8525E-03  1.0000E+00
 3.4895E+04  1.3708E-03  2.2735E-03  1.4053E-03  4.8203E-03  1.0000E+00
 3.5162E+04  1.3725E-03  2.2583E-03  1.4066E-03  4.7883E-03  1.0000E+00
 3.5431E+04  1.3741E-03  2.2432E-03  1.4080E-03  4.7566E-03  1.0000E+00
 3.5703E+04  1.3757E-03  2.2282E-03  1.4094E-03  4.7251E-03  1.0000E+00
 3.5976E+04  1.3773E-03  2.2133E-03  1.4108E-03  4.6939E-03  1.0000E+00
 3.6252E+04  1.3790E-03  2.1985E-03  1.4123E-03  4.6629E-03  1.0000E+00
 3.6529E+04  1.3806E-03  2.1838E-03  1.4137E-03  4.6322E-03  1.0000E+00
 3.6809E+04  1.3823E-03  2.1693E-03  1.4151E-03  4.6017E-03  1.0000E+00
 3.7091E+04  1.3840E-03  2.1548E-03  1.4166E-03  4.5714E-03  1.0000E+00
 3.7375E+04  1.3856E-03  2.1405E-03  1.4181E-03  4.5414E-03  1.0000E+00
 3.7661E+04  1.3873E-03  2.1262E-03  1.4196E-03  4.5116E-03  1.0000E+00
 3.7950E+04  1.3890E-03  2.1121E-03  1.4210E-03  4.4820E-03  1.0000E+00
 3.8240E+04  1.3908E-03  2.0981E-03  1.4225E-03  4.4526E-03  1.0000E+00
 3.8533E+04  1.3925E-03  2.0841E-03  1.4241E-03  4.4235E-03  1.0000E+00
 3.8828E+04  1.3942E-03  2.0703E-03  1.4256E-03  4.3946E-03  1.0000E+00
 3.9126E+04  1.3960E-03  2.0565E-03  1.4271E-03  4.3659E-03  1.0000E+00
 3.9425E+04  1.3977E-03  2.0429E-03  1.4287E-03  4.3375E-03  1.0000E+00
 3.9727E+04  1.3995E-03  2.0294E-03  1.4303E-03  4.3092E-03  1.0000E+00
 4.0032E+04  1.4013E-03  2.0159E-03  1.4318E-03  4.2812E-03  1.0000E+00
 4.0338E+04  1.4031E-03  2.0026E-03  1.4334E-03  4.2534E-03  1.0000E+00
 4.0647E+04  1.4049E-03  1.9893E-03  1.4350E-03  4.2258E-03  1.0000E+00
 4.0958E+04  1.4067E-03  1.9762E-03  1.4367E-03  4.1984E-03  1.0000E+00
 4.1272E+04  1.4085E-03  1.9632E-03  1.4383E-03  4.1712E-03  1.0000E+00
 4.1588E+04  1.4103E-03  1.9502E-03  1.4399E-03  4.1443E-03  1.0000E+00
 4.1907E+04  1.4122E-03  1.9373E-03  1.4416E-03  4.1175E-03  1.0000E+00
 4.2228E+04  1.4141E-03  1.9246E-03  1.4433E-03  4.0910E-03  1.0000E+00
 4.2551E+04  1.4159E-03  1.9119E-03  1.4450E-03  4.0646E-03  1.0000E+00
 4.2877E+04  1.4178E-03  1.8993E-03  1.4467E-03  4.0385E-03  1.0000E+00
 4.3205E+04  1.4197E-03  1.8868E-03  1.4484E-03  4.0126E-03  1.0000E+00
 4.3536E+04  1.4216E-03  1.8744E-03  1.4501E-03  3.9868E-03  1.0000E+00
 4.3869E+04  1.4236E-03  1.8621E-03  1.4519E-03  3.9613E-03  1.0000E+00
 4.4205E+04  1.4255E-03  1.8499E-03  1.4536E-03  3.9359E-03  1.0000E+00
 4.4544E+04  1.4275E-03  1.8378E-03  1.4554E-03  3.9108E-03  1.0000E+00
 4.4885E+04  1.4294E-03  1.8257E-03  1.4572E-03  3.8858E-03  1.0000E+00
 4.5229E+04  1.4314E-03  1.8138E-03  1.4590E-03  3.8611E-03  1.0000E+00
 4.5575E+04  1.4334E-03  1.8019E-03  1.4608E-03  3.8365E-03  1.0000E+00
 4.5924E+04  1.4354E-03  1.7901E-03  1.4626E-03  3.8121E-03  1.0000E+00
 4.6276E+04  1.4374E-03  1.7785E-03  1.4645E-03  3.7879E-03  1.0000E+00
 4.6630E+04  1.4395E-03  1.7668E-03  1.4663E-03  3.7639E-03  1.0000E+00
 4.6987E+04  1.4415E-03  1.7553E-03  1.4682E-03  3.7401E-03  1.0000E+00
 4.7347E+04  1.4436E-03  1.7439E-03  1.4701E-03  3.7165E-03  1.0000E+00
 4.7710E+04  1.4457E-03  1.7325E-03  1.4720E-03  3.6930E-03  1.0000E+00
 4.8075E+04  1.4477E-03  1.7213E-03  1.4740E-03  3.6697E-03  1.0000E+00
 4.8443E+04  1.4499E-03  1.7101E-03  1.4759E-03  3.6466E-03  1.0000E+00
 4.8814E+04  1.4520E-03  1.6990E-03  1.4779E-03  3.6237E-03  1.0000E+00
 4.9188E+04  1.4541E-03  1.6880E-03  1.4798E-03  3.6010E-03  1.0000E+00
 4.9565E+04  1.4563E-03  1.6770E-03  1.4818E-03  3.5784E-03  1.0000E+00
 4.9945E+04  1.4584E-03  1.6662E-03  1.4838E-03  3.5560E-03  1.0000E+00
 5.0327E+04  1.4606E-03  1.6554E-03  1.4858E-03  3.5338E-03  1.0000E+00
 5.0713E+04  1.4628E-03  1.6447E-03  1.4879E-03  3.5118E-03  1.0000E+00
 5.1101E+04  1.4650E-03  1.6341E-03  1.4899E-03  3.4899E-03  1.0000E+00
 5.1492E+04  1.4673E-03  1.6235E-03  1.4920E-03  3.4682E-03  1.0000E+00
 5.1887E+04  1.4695E-03  1.6131E-03  1.4941E-03  3.4467E-03  1.0000E+00
 5.2284E+04  1.4718E-03  1.6027E-03  1.4962E-03  3.4253E-03  1.0000E+00
 5.2684E+04  1.4741E-03  1.5924E-03  1.4984E-03  3.4041E-03  1.0000E+00
 5.3088E+04  1.4763E-03  1.5821E-03  1.5005E-03  3.3831E-03  1.0000E+00
 5.3494E+04  1.4787E-03  1.5720E-03  1.5027E-03  3.3622E-03  1.0000E+00
 5.3904E+04  1.4810E-03  1.5619E-03  1.5048E-03  3.3415E-03  1.0000E+00
 5.4317E+04  1.4833E-03  1.5519E-03  1.5070E-03  3.3210E-03  1.0000E+00
 5.4733E+04  1.4857E-03  1.5419E-03  1.5093E-03  3.3006E-03  1.0000E+00
 5.5152E+04  1.4881E-03  1.5321E-03  1.5115E-03  3.2803E-03  1.0000E+00
 5.5574E+04  1.4905E-03  1.5223E-03  1.5138E-03  3.2603E-03  1.0000E+00
 5.6000E+04  1.4929E-03  1.5126E-03  1.5160E-03  3.2404E-03  1.0000E+00
 5.6429E+04  1.4953E-03  1.5029E-03  1.5183E-03  3.2206E-03  1.0000E+00
 5.6861E+04  1.4978E-03  1.4934E-03  1.5206E-03  3.2010E-03  1.0000E+00
 5.7297E+04  1.5003E-03  1.4839E-03  1.5230E-03  3.1815E-03  1.0000E+00
 5.7735E+04  1.5028E-03  1.4744E-03  1.5253E-03  3.1622E-03  1.0000E+00
 5.8177E+04  1.5053E-03  1.4651E-03  1.5277E-03  3.1431E-03  1.0000E+00
 5.8623E+04  1.5078E-03  1.4558E-03  1.5301E-03  3.1241E-03  1.0000E+00
 5.9072E+04  1.5103E-03  1.4465E-03  1.5325E-03  3.1052E-03  1.0000E+00
 5.9524E+04  1.5129E-03  1.4374E-03  1.5349E-03  3.0865E-03  1.0000E+00
 5.9980E+04  1.5155E-03  1.4283E-03  1.5374E-03  3.0680E-03  1.0000E+00
 6.0440E+04  1.5181E-03  1.4193E-03  1.5399E-03  3.0495E-03  1.0000E+00
 6.0902E+04  1.5207E-03  1.4103E-03  1.5424E-03  3.0313E-03  1.0000E+00
 6.1369E+04  1.5234E-03  1.4014E-03  1.5449E-03  3.0131E-03  1.0000E+00
 6.1839E+04  1.5260E-03  1.3926E-03  1.5474E-03  2.9952E-03  1.0000E+00
 6.2312E+04  1.5287E-03  1.3839E-03  1.5500E-03  2.9773E-03  1.0000E+00
 6.2790E+04  1.5314E-03  1.3752E-03  1.5526E-03  2.9596E-03  1.0000E+00
 6.3270E+04  1.5342E-03  1.3665E-03  1.5552E-03  2.9420E-03  1.0000E+00
 6.3755E+04  1.5369E-03  1.3580E-03  1.5578E-03  2.9246E-03  1.0000E+00
 6.4243E+04  1.5397E-03  1.3495E-03  1.5604E-03  2.9073E-03  1.0000E+00
 6.4735E+04  1.5425E-03  1.3411E-03  1.5631E-03  2.8901E-03  1.0000E+00
 6.5231E+04  1.5453E-03  1.3327E-03  1.5658E-03  2.8731E-03  1.0000E+00
 6.5731E+04  1.5481E-03  1.3244E-03  1.5685E-03  2.8562E-03  1.0000E+00
 6.6234E+04  1.5510E-03  1.3161E-03  1.5713E-03  2.8395E-03  1.0000E+00
 6.6741E+04  1.5539E-03  1.3079E-03  1.5740E-03  2.8228E-03  1.0000E+00
 6.7252E+04  1.5568E-03  1.2998E-03  1.5768E-03  2.8064E-03  1.0000E+00
 6.7767E+04  1.5597E-03  1.2918E-03  1.5796E-03  2.7900E-03  1.0000E+00
 6.8286E+04  1.5626E-03  1.2837E-03  1.5824E-03  2.7738E-03  1.0000E+00
 6.8809E+04  1.5656E-03  1.2758E-03  1.5853E-03  2.7576E-03  1.0000E+00
 6.9336E+04  1.5686E-03  1.2679E-03  1.5882E-03  2.7417E-03  1.0000E+00
 6.9867E+04  1.5716E-03  1.2601E-03  1.5911E-03  2.7258E-03  1.0000E+00
 7.0402E+04  1.5747E-03  1.2523E-03  1.5940E-03  2.7101E-03  1.0000E+00
 7.0942E+04  1.5778E-03  1.2446E-03  1.5970E-03  2.6945E-03  1.0000E+00
 7.1485E+04  1.5808E-03  1.2370E-03  1.6000E-03  2.6790E-03  1.0000E+00
 7.2032E+04  1.5840E-03  1.2294E-03  1.6030E-03  2.6636E-03  1.0000E+00
 7.2584E+04  1.5871E-03  1.2218E-03  1.6060E-03  2.6484E-03  1.0000E+00
 7.3140E+04  1.5903E-03  1.2143E-03  1.6091E-03  2.6333E-03  1.0000E+00
 7.3700E+04  1.5935E-03  1.2069E-03  1.6122E-03  2.6183E-03  1.0000E+00
 7.4264E+04  1.5967E-03  1.1996E-03  1.6153E-03  2.6034E-03  1.0000E+00
 7.4833E+04  1.5999E-03  1.1922E-03  1.6184E-03  2.5886E-03  1.0000E+00
 7.5406E+04  1.6032E-03  1.1850E-03  1.6216E-03  2.5740E-03  1.0000E+00
 7.5984E+04  1.6065E-03  1.1778E-03  1.6248E-03  2.5594E-03  1.0000E+00
 7.6566E+04  1.6098E-03  1.1706E-03  1.6280E-03  2.5450E-03  1.0000E+00
 7.7152E+04  1.6132E-03  1.1635E-03  1.6313E-03  2.5307E-03  1.0000E+00
 7.7743E+04  1.6166E-03  1.1565E-03  1.6345E-03  2.5166E-03  1.0000E+00
 7.8338E+04  1.6200E-03  1.1495E-03  1.6378E-03  2.5025E-03  1.0000E+00
 7.8938E+04  1.6234E-03  1.1425E-03  1.6412E-03  2.4885E-03  1.0000E+00
 7.9543E+04  1.6269E-03  1.1357E-03  1.6445E-03  2.4747E-03  1.0000E+00
 8.0152E+04  1.6304E-03  1.1288E-03  1.6479E-03  2.4609E-03  1.0000E+00
 8.0766E+04  1.6339E-03  1.1220E-03  1.6514E-03  2.4473E-03  1.0000E+00
 8.1384E+04  1.6374E-03  1.1153E-03  1.6548E-03  2.4338E-03  1.0000E+00
 8.2008E+04  1.6410E-03  1.1086E-03  1.6583E-03  2.4204E-03  1.0000E+00
 8.2636E+04  1.6446E-03  1.1020E-03  1.6618E-03  2.4071E-03  1.0000E+00
 8.3268E+04  1.6483E-03  1.0954E-03  1.6654E-03  2.3939E-03  1.0000E+00
 8.3906E+04  1.6519E-03  1.0889E-03  1.6689E-03  2.3808E-03  1.0000E+00
 8.4549E+04  1.6556E-03  1.0824E-03  1.6725E-03  2.3678E-03  1.0000E+00
 8.5196E+04  1.6594E-03  1.0760E-03  1.6762E-03  2.3549E-03  1.0000E+00
 8.5849E+04  1.6631E-03  1.0696E-03  1.6799E-03  2.3421E-03  1.0000E+00
 8.6506E+04  1.6669E-03  1.0632E-03  1.6836E-03  2.3294E-03  1.0000E+00
 8.7169E+04  1.6708E-03  1.0569E-03  1.6873E-03  2.3169E-03  1.0000E+00
 8.7836E+04  1.6746E-03  1.0507E-03  1.6911E-03  2.3044E-03  1.0000E+00
 8.8509E+04  1.6785E-03  1.0445E-03  1.6949E-03  2.2920E-03  1.0000E+00
 8.9187E+04  1.6824E-03  1.0383E-03  1.6987E-03  2.2798E-03  1.0000E+00
 8.9870E+04  1.6864E-03  1.0322E-03  1.7026E-03  2.2676E-03  1.0000E+00
 9.0558E+04  1.6904E-03  1.0262E-03  1.7065E-03  2.2555E-03  1.0000E+00
 9.1252E+04  1.6944E-03  1.0202E-03  1.7104E-03  2.2435E-03  1.0000E+00
 9.1950E+04  1.6984E-03  1.0142E-03  1.7144E-03  2.2316E-03  1.0000E+00
 9.2655E+04  1.7025E-03  1.0083E-03  1.7184E-03  2.2199E-03  1.0000E+00
 9.3364E+04  1.7067E-03  1.0024E-03  1.7224E-03  2.2082E-03  1.0000E+00
 9.4079E+04  1.7108E-03  9.9658E-04  1.7265E-03  2.1966E-03  1.0000E+00
 9.4800E+04  1.7150E-03  9.9079E-04  1.7306E-03  2.1851E-03  1.0000E+00
 9.5526E+04  1.7193E-03  9.8504E-04  1.7348E-03  2.1737E-03  1.0000E+00
 9.6257E+04  1.7235E-03  9.7934E-04  1.7390E-03  2.1624E-03  1.0000E+00
 9.6994E+04  1.7278E-03  9.7369E-04  1.7432E-03  2.1511E-03  1.0000E+00
 9.7737E+04  1.7322E-03  9.6807E-04  1.7474E-03  2.1400E-03  1.0000E+00
 9.8486E+04  1.7365E-03  9.6250E-04  1.7517E-03  2.1290E-03  1.0000E+00
 9.9240E+04  1.7410E-03  9.5697E-04  1.7561E-03  2.1180E-03  1.0000E+00
 1.0000E+05  1.7454E-03  9.5148E-04  1.7605E-03  2.1072E-03  1.0000E+00


