#     0	 1	    9	 5	 6.1409E+02	 1000	1
 4.8978E+01  0.0000E+00  0.0000E+00  0.0000E+00  0.0000E+00  0.0000E+00
 4.9353E+01  0.0000E+00  0.0000E+00  0.0000E+00  0.0000E+00  0.0000E+00
 4.9731E+01  0.0000E+00  0.0000E+00  0.0000E+00  0.0000E+00  0.0000E+00
 5.0112E+01  0.0000E+00  0.0000E+00  0.0000E+00  0.0000E+00  0.0000E+00
 5.0496E+01  0.0000E+00  0.0000E+00  0.0000E+00  0.0000E+00  0.0000E+00
 5.0882E+01  0.0000E+00  0.0000E+00  0.0000E+00  0.0000E+00  0.0000E+00
 5.1272E+01  0.0000E+00  0.0000E+00  0.0000E+00  0.0000E+00  0.0000E+00
 5.1665E+01  0.0000E+00  0.0000E+00  0.0000E+00  0.0000E+00  0.0000E+00
 5.2060E+01  0.0000E+00  0.0000E+00  0.0000E+00  0.0000E+00  0.0000E+00
 5.2459E+01  0.0000E+00  0.0000E+00  0.0000E+00  0.0000E+00  0.0000E+00
 5.2861E+01  0.0000E+00  0.0000E+00  0.0000E+00  0.0000E+00  0.0000E+00
 5.3266E+01  0.0000E+00  0.0000E+00  0.0000E+00  0.0000E+00  0.0000E+00
 5.3673E+01  0.0000E+00  0.0000E+00  0.0000E+00  0.0000E+00  0.0000E+00
 5.4085E+01  0.0000E+00  0.0000E+00  0.0000E+00  0.0000E+00  0.0000E+00
 5.4499E+01  0.0000E+00  0.0000E+00  0.0000E+00  0.0000E+00  0.0000E+00
 5.4916E+01  0.0000E+00  0.0000E+00  0.0000E+00  0.0000E+00  0.0000E+00
 5.5337E+01  0.0000E+00  0.0000E+00  0.0000E+00  0.0000E+00  0.0000E+00
 5.5760E+01  0.0000E+00  0.0000E+00  0.0000E+00  0.0000E+00  0.0000E+00
 5.6187E+01  0.0000E+00  0.0000E+00  0.0000E+00  0.0000E+00  0.0000E+00
 5.6618E+01  0.0000E+00  0.0000E+00  0.0000E+00  0.0000E+00  0.0000E+00
 5.7051E+01  0.0000E+00  0.0000E+00  0.0000E+00  0.0000E+00  0.0000E+00
 5.7488E+01  0.0000E+00  0.0000E+00  0.0000E+00  0.0000E+00  0.0000E+00
 5.7929E+01  0.0000E+00  0.0000E+00  0.0000E+00  0.0000E+00  0.0000E+00
 5.8372E+01  0.0000E+00  0.0000E+00  0.0000E+00  0.0000E+00  0.0000E+00
 5.8819E+01  0.0000E+00  0.0000E+00  0.0000E+00  0.0000E+00  0.0000E+00
 5.9270E+01  0.0000E+00  0.0000E+00  0.0000E+00  0.0000E+00  0.0000E+00
 5.9724E+01  0.0000E+00  0.0000E+00  0.0000E+00  0.0000E+00  0.0000E+00
 6.0181E+01  0.0000E+00  0.0000E+00  0.0000E+00  0.0000E+00  0.0000E+00
 6.0642E+01  0.0000E+00  0.0000E+00  0.0000E+00  0.0000E+00  0.0000E+00
 6.1106E+01  0.0000E+00  0.0000E+00  0.0000E+00  0.0000E+00  0.0000E+00
 6.1574E+01  0.0000E+00  0.0000E+00  0.0000E+00  0.0000E+00  0.0000E+00
 6.2046E+01  0.0000E+00  0.0000E+00  0.0000E+00  0.0000E+00  0.0000E+00
 6.2521E+01  0.0000E+00  0.0000E+00  0.0000E+00  0.0000E+00  0.0000E+00
 6.3000E+01  0.0000E+00  0.0000E+00  0.0000E+00  0.0000E+00  0.0000E+00
 6.3482E+01  0.0000E+00  0.0000E+00  0.0000E+00  0.0000E+00  0.0000E+00
 6.3968E+01  0.0000E+00  0.0000E+00  0.0000E+00  0.0000E+00  0.0000E+00
 6.4458E+01  0.0000E+00  0.0000E+00  0.0000E+00  0.0000E+00  0.0000E+00
 6.4952E+01  0.0000E+00  0.0000E+00  0.0000E+00  0.0000E+00  0.0000E+00
 6.5449E+01  0.0000E+00  0.0000E+00  0.0000E+00  0.0000E+00  0.0000E+00
 6.5951E+01  0.0000E+00  0.0000E+00  0.0000E+00  0.0000E+00  0.0000E+00
 6.6456E+01  0.0000E+00  0.0000E+00  0.0000E+00  0.0000E+00  0.0000E+00
 6.6965E+01  0.0000E+00  0.0000E+00  0.0000E+00  0.0000E+00  0.0000E+00
 6.7478E+01  0.0000E+00  0.0000E+00  0.0000E+00  0.0000E+00  0.0000E+00
 6.7994E+01  0.0000E+00  0.0000E+00  0.0000E+00  0.0000E+00  0.0000E+00
 6.8515E+01  0.0000E+00  0.0000E+00  0.0000E+00  0.0000E+00  0.0000E+00
 6.9040E+01  0.0000E+00  0.0000E+00  0.0000E+00  0.0000E+00  0.0000E+00
 6.9568E+01  0.0000E+00  0.0000E+00  0.0000E+00  0.0000E+00  0.0000E+00
 7.0101E+01  0.0000E+00  0.0000E+00  0.0000E+00  0.0000E+00  0.0000E+00
 7.0638E+01  0.0000E+00  0.0000E+00  0.0000E+00  0.0000E+00  0.0000E+00
 7.1179E+01  0.0000E+00  0.0000E+00  0.0000E+00  0.0000E+00  0.0000E+00
 7.1724E+01  0.0000E+00  0.0000E+00  0.0000E+00  0.0000E+00  0.0000E+00
 7.2273E+01  0.0000E+00  0.0000E+00  0.0000E+00  0.0000E+00  0.0000E+00
 7.2827E+01  0.0000E+00  0.0000E+00  0.0000E+00  0.0000E+00  0.0000E+00
 7.3385E+01  0.0000E+00  0.0000E+00  0.0000E+00  0.0000E+00  0.0000E+00
 7.3947E+01  0.0000E+00  0.0000E+00  0.0000E+00  0.0000E+00  0.0000E+00
 7.4513E+01  0.0000E+00  0.0000E+00  0.0000E+00  0.0000E+00  0.0000E+00
 7.5084E+01  0.0000E+00  0.0000E+00  0.0000E+00  0.0000E+00  0.0000E+00
 7.5659E+01  0.0000E+00  0.0000E+00  0.0000E+00  0.0000E+00  0.0000E+00
 7.6238E+01  0.0000E+00  0.0000E+00  0.0000E+00  0.0000E+00  0.0000E+00
 7.6822E+01  0.0000E+00  0.0000E+00  0.0000E+00  0.0000E+00  0.0000E+00
 7.7410E+01  0.0000E+00  0.0000E+00  0.0000E+00  0.0000E+00  0.0000E+00
 7.8003E+01  0.0000E+00  0.0000E+00  0.0000E+00  0.0000E+00  0.0000E+00
 7.8601E+01  0.0000E+00  0.0000E+00  0.0000E+00  0.0000E+00  0.0000E+00
 7.9202E+01  0.0000E+00  0.0000E+00  0.0000E+00  0.0000E+00  0.0000E+00
 7.9809E+01  0.0000E+00  0.0000E+00  0.0000E+00  0.0000E+00  0.0000E+00
 8.0420E+01  0.0000E+00  0.0000E+00  0.0000E+00  0.0000E+00  0.0000E+00
 8.1036E+01  0.0000E+00  0.0000E+00  0.0000E+00  0.0000E+00  0.0000E+00
 8.1657E+01  0.0000E+00  0.0000E+00  0.0000E+00  0.0000E+00  0.0000E+00
 8.2282E+01  0.0000E+00  0.0000E+00  0.0000E+00  0.0000E+00  0.0000E+00
 8.2912E+01  0.0000E+00  0.0000E+00  0.0000E+00  0.0000E+00  0.0000E+00
 8.3547E+01  0.0000E+00  0.0000E+00  0.0000E+00  0.0000E+00  0.0000E+00
 8.4187E+01  0.0000E+00  0.0000E+00  0.0000E+00  0.0000E+00  0.0000E+00
 8.4832E+01  0.0000E+00  0.0000E+00  0.0000E+00  0.0000E+00  0.0000E+00
 8.5481E+01  0.0000E+00  0.0000E+00  0.0000E+00  0.0000E+00  0.0000E+00
 8.6136E+01  0.0000E+00  0.0000E+00  0.0000E+00  0.0000E+00  0.0000E+00
 8.6796E+01  0.0000E+00  0.0000E+00  0.0000E+00  0.0000E+00  0.0000E+00
 8.7460E+01  0.0000E+00  0.0000E+00  0.0000E+00  0.0000E+00  0.0000E+00
 8.8130E+01  0.0000E+00  0.0000E+00  0.0000E+00  0.0000E+00  0.0000E+00
 8.8805E+01  0.0000E+00  0.0000E+00  0.0000E+00  0.0000E+00  0.0000E+00
 8.9485E+01  0.0000E+00  0.0000E+00  0.0000E+00  0.0000E+00  0.0000E+00
 9.0171E+01  0.0000E+00  0.0000E+00  0.0000E+00  0.0000E+00  0.0000E+00
 9.0861E+01  0.0000E+00  0.0000E+00  0.0000E+00  0.0000E+00  0.0000E+00
 9.1557E+01  0.0000E+00  0.0000E+00  0.0000E+00  0.0000E+00  0.0000E+00
 9.2258E+01  0.0000E+00  0.0000E+00  0.0000E+00  0.0000E+00  0.0000E+00
 9.2965E+01  0.0000E+00  0.0000E+00  0.0000E+00  0.0000E+00  0.0000E+00
 9.3677E+01  0.0000E+00  0.0000E+00  0.0000E+00  0.0000E+00  0.0000E+00
 9.4394E+01  0.0000E+00  0.0000E+00  0.0000E+00  0.0000E+00  0.0000E+00
 9.5117E+01  0.0000E+00  0.0000E+00  0.0000E+00  0.0000E+00  0.0000E+00
 9.5845E+01  0.0000E+00  0.0000E+00  0.0000E+00  0.0000E+00  0.0000E+00
 9.6579E+01  0.0000E+00  0.0000E+00  0.0000E+00  0.0000E+00  0.0000E+00
 9.7319E+01  0.0000E+00  0.0000E+00  0.0000E+00  0.0000E+00  0.0000E+00
 9.8064E+01  0.0000E+00  0.0000E+00  0.0000E+00  0.0000E+00  0.0000E+00
 9.8815E+01  0.0000E+00  0.0000E+00  0.0000E+00  0.0000E+00  0.0000E+00
 9.9572E+01  0.0000E+00  0.0000E+00  0.0000E+00  0.0000E+00  0.0000E+00
 1.0033E+02  0.0000E+00  0.0000E+00  0.0000E+00  0.0000E+00  0.0000E+00
 1.0110E+02  0.0000E+00  0.0000E+00  0.0000E+00  0.0000E+00  0.0000E+00
 1.0188E+02  0.0000E+00  0.0000E+00  0.0000E+00  0.0000E+00  0.0000E+00
 1.0266E+02  0.0000E+00  0.0000E+00  0.0000E+00  0.0000E+00  0.0000E+00
 1.0344E+02  0.0000E+00  0.0000E+00  0.0000E+00  0.0000E+00  0.0000E+00
 1.0424E+02  0.0000E+00  0.0000E+00  0.0000E+00  0.0000E+00  0.0000E+00
 1.0503E+02  0.0000E+00  0.0000E+00  0.0000E+00  0.0000E+00  0.0000E+00
 1.0584E+02  0.0000E+00  0.0000E+00  0.0000E+00  0.0000E+00  0.0000E+00
 1.0665E+02  0.0000E+00  0.0000E+00  0.0000E+00  0.0000E+00  0.0000E+00
 1.0747E+02  0.0000E+00  0.0000E+00  0.0000E+00  0.0000E+00  0.0000E+00
 1.0829E+02  0.0000E+00  0.0000E+00  0.0000E+00  0.0000E+00  0.0000E+00
 1.0912E+02  0.0000E+00  0.0000E+00  0.0000E+00  0.0000E+00  0.0000E+00
 1.0995E+02  0.0000E+00  0.0000E+00  0.0000E+00  0.0000E+00  0.0000E+00
 1.1080E+02  0.0000E+00  0.0000E+00  0.0000E+00  0.0000E+00  0.0000E+00
 1.1164E+02  0.0000E+00  0.0000E+00  0.0000E+00  0.0000E+00  0.0000E+00
 1.1250E+02  0.0000E+00  0.0000E+00  0.0000E+00  0.0000E+00  0.0000E+00
 1.1336E+02  0.0000E+00  0.0000E+00  0.0000E+00  0.0000E+00  0.0000E+00
 1.1423E+02  0.0000E+00  0.0000E+00  0.0000E+00  0.0000E+00  0.0000E+00
 1.1510E+02  0.0000E+00  0.0000E+00  0.0000E+00  0.0000E+00  0.0000E+00
 1.1599E+02  0.0000E+00  0.0000E+00  0.0000E+00  0.0000E+00  0.0000E+00
 1.1687E+02  0.0000E+00  0.0000E+00  0.0000E+00  0.0000E+00  0.0000E+00
 1.1777E+02  0.0000E+00  0.0000E+00  0.0000E+00  0.0000E+00  0.0000E+00
 1.1867E+02  0.0000E+00  0.0000E+00  0.0000E+00  0.0000E+00  0.0000E+00
 1.1958E+02  0.0000E+00  0.0000E+00  0.0000E+00  0.0000E+00  0.0000E+00
 1.2050E+02  0.0000E+00  0.0000E+00  0.0000E+00  0.0000E+00  0.0000E+00
 1.2142E+02  0.0000E+00  0.0000E+00  0.0000E+00  0.0000E+00  0.0000E+00
 1.2235E+02  0.0000E+00  0.0000E+00  0.0000E+00  0.0000E+00  0.0000E+00
 1.2329E+02  0.0000E+00  0.0000E+00  0.0000E+00  0.0000E+00  0.0000E+00
 1.2423E+02  0.0000E+00  0.0000E+00  0.0000E+00  0.0000E+00  0.0000E+00
 1.2518E+02  0.0000E+00  0.0000E+00  0.0000E+00  0.0000E+00  0.0000E+00
 1.2614E+02  0.0000E+00  0.0000E+00  0.0000E+00  0.0000E+00  0.0000E+00
 1.2711E+02  0.0000E+00  0.0000E+00  0.0000E+00  0.0000E+00  0.0000E+00
 1.2808E+02  0.0000E+00  0.0000E+00  0.0000E+00  0.0000E+00  0.0000E+00
 1.2906E+02  0.0000E+00  0.0000E+00  0.0000E+00  0.0000E+00  0.0000E+00
 1.3005E+02  0.0000E+00  0.0000E+00  0.0000E+00  0.0000E+00  0.0000E+00
 1.3104E+02  0.0000E+00  0.0000E+00  0.0000E+00  0.0000E+00  0.0000E+00
 1.3205E+02  0.0000E+00  0.0000E+00  0.0000E+00  0.0000E+00  0.0000E+00
 1.3306E+02  0.0000E+00  0.0000E+00  0.0000E+00  0.0000E+00  0.0000E+00
 1.3408E+02  0.0000E+00  0.0000E+00  0.0000E+00  0.0000E+00  0.0000E+00
 1.3510E+02  0.0000E+00  0.0000E+00  0.0000E+00  0.0000E+00  0.0000E+00
 1.3614E+02  0.0000E+00  0.0000E+00  0.0000E+00  0.0000E+00  0.0000E+00
 1.3718E+02  0.0000E+00  0.0000E+00  0.0000E+00  0.0000E+00  0.0000E+00
 1.3823E+02  0.0000E+00  0.0000E+00  0.0000E+00  0.0000E+00  0.0000E+00
 1.3929E+02  0.0000E+00  0.0000E+00  0.0000E+00  0.0000E+00  0.0000E+00
 1.4036E+02  0.0000E+00  0.0000E+00  0.0000E+00  0.0000E+00  0.0000E+00
 1.4143E+02  0.0000E+00  0.0000E+00  0.0000E+00  0.0000E+00  0.0000E+00
 1.4252E+02  0.0000E+00  0.0000E+00  0.0000E+00  0.0000E+00  0.0000E+00
 1.4361E+02  0.0000E+00  0.0000E+00  0.0000E+00  0.0000E+00  0.0000E+00
 1.4471E+02  0.0000E+00  0.0000E+00  0.0000E+00  0.0000E+00  0.0000E+00
 1.4582E+02  0.0000E+00  0.0000E+00  0.0000E+00  0.0000E+00  0.0000E+00
 1.4693E+02  0.0000E+00  0.0000E+00  0.0000E+00  0.0000E+00  0.0000E+00
 1.4806E+02  0.0000E+00  0.0000E+00  0.0000E+00  0.0000E+00  0.0000E+00
 1.4919E+02  0.0000E+00  0.0000E+00  0.0000E+00  0.0000E+00  0.0000E+00
 1.5033E+02  0.0000E+00  0.0000E+00  0.0000E+00  0.0000E+00  0.0000E+00
 1.5149E+02  0.0000E+00  0.0000E+00  0.0000E+00  0.0000E+00  0.0000E+00
 1.5265E+02  0.0000E+00  0.0000E+00  0.0000E+00  0.0000E+00  0.0000E+00
 1.5381E+02  0.0000E+00  0.0000E+00  0.0000E+00  0.0000E+00  0.0000E+00
 1.5499E+02  0.0000E+00  0.0000E+00  0.0000E+00  0.0000E+00  0.0000E+00
 1.5618E+02  0.0000E+00  0.0000E+00  0.0000E+00  0.0000E+00  0.0000E+00
 1.5738E+02  0.0000E+00  0.0000E+00  0.0000E+00  0.0000E+00  0.0000E+00
 1.5858E+02  0.0000E+00  0.0000E+00  0.0000E+00  0.0000E+00  0.0000E+00
 1.5980E+02  0.0000E+00  0.0000E+00  0.0000E+00  0.0000E+00  0.0000E+00
 1.6102E+02  0.0000E+00  0.0000E+00  0.0000E+00  0.0000E+00  0.0000E+00
 1.6225E+02  0.0000E+00  0.0000E+00  0.0000E+00  0.0000E+00  0.0000E+00
 1.6349E+02  0.0000E+00  0.0000E+00  0.0000E+00  0.0000E+00  0.0000E+00
 1.6475E+02  0.0000E+00  0.0000E+00  0.0000E+00  0.0000E+00  0.0000E+00
 1.6601E+02  0.0000E+00  0.0000E+00  0.0000E+00  0.0000E+00  0.0000E+00
 1.6728E+02  0.0000E+00  0.0000E+00  0.0000E+00  0.0000E+00  0.0000E+00
 1.6856E+02  0.0000E+00  0.0000E+00  0.0000E+00  0.0000E+00  0.0000E+00
 1.6985E+02  0.0000E+00  0.0000E+00  0.0000E+00  0.0000E+00  0.0000E+00
 1.7115E+02  0.0000E+00  0.0000E+00  0.0000E+00  0.0000E+00  0.0000E+00
 1.7246E+02  0.0000E+00  0.0000E+00  0.0000E+00  0.0000E+00  0.0000E+00
 1.7378E+02  0.0000E+00  0.0000E+00  0.0000E+00  0.0000E+00  0.0000E+00
 1.7511E+02  0.0000E+00  0.0000E+00  0.0000E+00  0.0000E+00  0.0000E+00
 1.7646E+02  0.0000E+00  0.0000E+00  0.0000E+00  0.0000E+00  0.0000E+00
 1.7781E+02  0.0000E+00  0.0000E+00  0.0000E+00  0.0000E+00  0.0000E+00
 1.7917E+02  0.0000E+00  0.0000E+00  0.0000E+00  0.0000E+00  0.0000E+00
 1.8054E+02  0.0000E+00  0.0000E+00  0.0000E+00  0.0000E+00  0.0000E+00
 1.8192E+02  0.0000E+00  0.0000E+00  0.0000E+00  0.0000E+00  0.0000E+00
 1.8332E+02  0.0000E+00  0.0000E+00  0.0000E+00  0.0000E+00  0.0000E+00
 1.8472E+02  0.0000E+00  0.0000E+00  0.0000E+00  0.0000E+00  0.0000E+00
 1.8614E+02  0.0000E+00  0.0000E+00  0.0000E+00  0.0000E+00  0.0000E+00
 1.8756E+02  0.0000E+00  0.0000E+00  0.0000E+00  0.0000E+00  0.0000E+00
 1.8900E+02  0.0000E+00  0.0000E+00  0.0000E+00  0.0000E+00  0.0000E+00
 1.9045E+02  0.0000E+00  0.0000E+00  0.0000E+00  0.0000E+00  0.0000E+00
 1.9190E+02  0.0000E+00  0.0000E+00  0.0000E+00  0.0000E+00  0.0000E+00
 1.9337E+02  0.0000E+00  0.0000E+00  0.0000E+00  0.0000E+00  0.0000E+00
 1.9485E+02  0.0000E+00  0.0000E+00  0.0000E+00  0.0000E+00  0.0000E+00
 1.9635E+02  0.0000E+00  0.0000E+00  0.0000E+00  0.0000E+00  0.0000E+00
 1.9785E+02  0.0000E+00  0.0000E+00  0.0000E+00  0.0000E+00  0.0000E+00
 1.9937E+02  0.0000E+00  0.0000E+00  0.0000E+00  0.0000E+00  0.0000E+00
 2.0089E+02  0.0000E+00  0.0000E+00  0.0000E+00  0.0000E+00  0.0000E+00
 2.0243E+02  0.0000E+00  0.0000E+00  0.0000E+00  0.0000E+00  0.0000E+00
 2.0398E+02  0.0000E+00  0.0000E+00  0.0000E+00  0.0000E+00  0.0000E+00
 2.0554E+02  0.0000E+00  0.0000E+00  0.0000E+00  0.0000E+00  0.0000E+00
 2.0712E+02  0.0000E+00  0.0000E+00  0.0000E+00  0.0000E+00  0.0000E+00
 2.0870E+02  0.0000E+00  0.0000E+00  0.0000E+00  0.0000E+00  0.0000E+00
 2.1030E+02  0.0000E+00  0.0000E+00  0.0000E+00  0.0000E+00  0.0000E+00
 2.1191E+02  0.0000E+00  0.0000E+00  0.0000E+00  0.0000E+00  0.0000E+00
 2.1354E+02  0.0000E+00  0.0000E+00  0.0000E+00  0.0000E+00  0.0000E+00
 2.1517E+02  0.0000E+00  0.0000E+00  0.0000E+00  0.0000E+00  0.0000E+00
 2.1682E+02  0.0000E+00  0.0000E+00  0.0000E+00  0.0000E+00  0.0000E+00
 2.1848E+02  0.0000E+00  0.0000E+00  0.0000E+00  0.0000E+00  0.0000E+00
 2.2015E+02  0.0000E+00  0.0000E+00  0.0000E+00  0.0000E+00  0.0000E+00
 2.2184E+02  0.0000E+00  0.0000E+00  0.0000E+00  0.0000E+00  0.0000E+00
 2.2354E+02  0.0000E+00  0.0000E+00  0.0000E+00  0.0000E+00  0.0000E+00
 2.2525E+02  0.0000E+00  0.0000E+00  0.0000E+00  0.0000E+00  0.0000E+00
 2.2697E+02  0.0000E+00  0.0000E+00  0.0000E+00  0.0000E+00  0.0000E+00
 2.2871E+02  0.0000E+00  0.0000E+00  0.0000E+00  0.0000E+00  0.0000E+00
 2.3046E+02  0.0000E+00  0.0000E+00  0.0000E+00  0.0000E+00  0.0000E+00
 2.3223E+02  0.0000E+00  0.0000E+00  0.0000E+00  0.0000E+00  0.0000E+00
 2.3401E+02  0.0000E+00  0.0000E+00  0.0000E+00  0.0000E+00  0.0000E+00
 2.3580E+02  0.0000E+00  0.0000E+00  0.0000E+00  0.0000E+00  0.0000E+00
 2.3761E+02  0.0000E+00  0.0000E+00  0.0000E+00  0.0000E+00  0.0000E+00
 2.3942E+02  0.0000E+00  0.0000E+00  0.0000E+00  0.0000E+00  0.0000E+00
 2.4126E+02  0.0000E+00  0.0000E+00  0.0000E+00  0.0000E+00  0.0000E+00
 2.4311E+02  0.0000E+00  0.0000E+00  0.0000E+00  0.0000E+00  0.0000E+00
 2.4497E+02  0.0000E+00  0.0000E+00  0.0000E+00  0.0000E+00  0.0000E+00
 2.4684E+02  0.0000E+00  0.0000E+00  0.0000E+00  0.0000E+00  0.0000E+00
 2.4873E+02  0.0000E+00  0.0000E+00  0.0000E+00  0.0000E+00  0.0000E+00
 2.5064E+02  0.0000E+00  0.0000E+00  0.0000E+00  0.0000E+00  0.0000E+00
 2.5256E+02  0.0000E+00  0.0000E+00  0.0000E+00  0.0000E+00  0.0000E+00
 2.5449E+02  0.0000E+00  0.0000E+00  0.0000E+00  0.0000E+00  0.0000E+00
 2.5644E+02  0.0000E+00  0.0000E+00  0.0000E+00  0.0000E+00  0.0000E+00
 2.5841E+02  0.0000E+00  0.0000E+00  0.0000E+00  0.0000E+00  0.0000E+00
 2.6038E+02  0.0000E+00  0.0000E+00  0.0000E+00  0.0000E+00  0.0000E+00
 2.6238E+02  0.0000E+00  0.0000E+00  0.0000E+00  0.0000E+00  0.0000E+00
 2.6439E+02  0.0000E+00  0.0000E+00  0.0000E+00  0.0000E+00  0.0000E+00
 2.6641E+02  0.0000E+00  0.0000E+00  0.0000E+00  0.0000E+00  0.0000E+00
 2.6845E+02  0.0000E+00  0.0000E+00  0.0000E+00  0.0000E+00  0.0000E+00
 2.7051E+02  0.0000E+00  0.0000E+00  0.0000E+00  0.0000E+00  0.0000E+00
 2.7258E+02  0.0000E+00  0.0000E+00  0.0000E+00  0.0000E+00  0.0000E+00
 2.7467E+02  0.0000E+00  0.0000E+00  0.0000E+00  0.0000E+00  0.0000E+00
 2.7677E+02  0.0000E+00  0.0000E+00  0.0000E+00  0.0000E+00  0.0000E+00
 2.7889E+02  0.0000E+00  0.0000E+00  0.0000E+00  0.0000E+00  0.0000E+00
 2.8103E+02  0.0000E+00  0.0000E+00  0.0000E+00  0.0000E+00  0.0000E+00
 2.8318E+02  0.0000E+00  0.0000E+00  0.0000E+00  0.0000E+00  0.0000E+00
 2.8535E+02  0.0000E+00  0.0000E+00  0.0000E+00  0.0000E+00  0.0000E+00
 2.8753E+02  0.0000E+00  0.0000E+00  0.0000E+00  0.0000E+00  0.0000E+00
 2.8974E+02  0.0000E+00  0.0000E+00  0.0000E+00  0.0000E+00  0.0000E+00
 2.9195E+02  0.0000E+00  0.0000E+00  0.0000E+00  0.0000E+00  0.0000E+00
 2.9419E+02  0.0000E+00  0.0000E+00  0.0000E+00  0.0000E+00  0.0000E+00
 2.9644E+02  0.0000E+00  0.0000E+00  0.0000E+00  0.0000E+00  0.0000E+00
 2.9871E+02  0.0000E+00  0.0000E+00  0.0000E+00  0.0000E+00  0.0000E+00
 3.0100E+02  0.0000E+00  0.0000E+00  0.0000E+00  0.0000E+00  0.0000E+00
 3.0331E+02  0.0000E+00  0.0000E+00  0.0000E+00  0.0000E+00  0.0000E+00
 3.0563E+02  0.0000E+00  0.0000E+00  0.0000E+00  0.0000E+00  0.0000E+00
 3.0797E+02  0.0000E+00  0.0000E+00  0.0000E+00  0.0000E+00  0.0000E+00
 3.1033E+02  0.0000E+00  0.0000E+00  0.0000E+00  0.0000E+00  0.0000E+00
 3.1271E+02  0.0000E+00  0.0000E+00  0.0000E+00  0.0000E+00  0.0000E+00
 3.1510E+02  0.0000E+00  0.0000E+00  0.0000E+00  0.0000E+00  0.0000E+00
 3.1751E+02  0.0000E+00  0.0000E+00  0.0000E+00  0.0000E+00  0.0000E+00
 3.1994E+02  0.0000E+00  0.0000E+00  0.0000E+00  0.0000E+00  0.0000E+00
 3.2240E+02  0.0000E+00  0.0000E+00  0.0000E+00  0.0000E+00  0.0000E+00
 3.2486E+02  0.0000E+00  0.0000E+00  0.0000E+00  0.0000E+00  0.0000E+00
 3.2735E+02  0.0000E+00  0.0000E+00  0.0000E+00  0.0000E+00  0.0000E+00
 3.2986E+02  0.0000E+00  0.0000E+00  0.0000E+00  0.0000E+00  0.0000E+00
 3.3239E+02  0.0000E+00  0.0000E+00  0.0000E+00  0.0000E+00  0.0000E+00
 3.3493E+02  0.0000E+00  0.0000E+00  0.0000E+00  0.0000E+00  0.0000E+00
 3.3750E+02  0.0000E+00  0.0000E+00  0.0000E+00  0.0000E+00  0.0000E+00
 3.4008E+02  0.0000E+00  0.0000E+00  0.0000E+00  0.0000E+00  0.0000E+00
 3.4268E+02  0.0000E+00  0.0000E+00  0.0000E+00  0.0000E+00  0.0000E+00
 3.4531E+02  0.0000E+00  0.0000E+00  0.0000E+00  0.0000E+00  0.0000E+00
 3.4795E+02  0.0000E+00  0.0000E+00  0.0000E+00  0.0000E+00  0.0000E+00
 3.5062E+02  0.0000E+00  0.0000E+00  0.0000E+00  0.0000E+00  0.0000E+00
 3.5330E+02  0.0000E+00  0.0000E+00  0.0000E+00  0.0000E+00  0.0000E+00
 3.5601E+02  0.0000E+00  0.0000E+00  0.0000E+00  0.0000E+00  0.0000E+00
 3.5874E+02  0.0000E+00  0.0000E+00  0.0000E+00  0.0000E+00  0.0000E+00
 3.6148E+02  0.0000E+00  0.0000E+00  0.0000E+00  0.0000E+00  0.0000E+00
 3.6425E+02  0.0000E+00  0.0000E+00  0.0000E+00  0.0000E+00  0.0000E+00
 3.6704E+02  0.0000E+00  0.0000E+00  0.0000E+00  0.0000E+00  0.0000E+00
 3.6985E+02  0.0000E+00  0.0000E+00  0.0000E+00  0.0000E+00  0.0000E+00
 3.7268E+02  0.0000E+00  0.0000E+00  0.0000E+00  0.0000E+00  0.0000E+00
 3.7554E+02  0.0000E+00  0.0000E+00  0.0000E+00  0.0000E+00  0.0000E+00
 3.7841E+02  0.0000E+00  0.0000E+00  0.0000E+00  0.0000E+00  0.0000E+00
 3.8131E+02  0.0000E+00  0.0000E+00  0.0000E+00  0.0000E+00  0.0000E+00
 3.8423E+02  0.0000E+00  0.0000E+00  0.0000E+00  0.0000E+00  0.0000E+00
 3.8718E+02  0.0000E+00  0.0000E+00  0.0000E+00  0.0000E+00  0.0000E+00
 3.9014E+02  0.0000E+00  0.0000E+00  0.0000E+00  0.0000E+00  0.0000E+00
 3.9313E+02  0.0000E+00  0.0000E+00  0.0000E+00  0.0000E+00  0.0000E+00
 3.9614E+02  0.0000E+00  0.0000E+00  0.0000E+00  0.0000E+00  0.0000E+00
 3.9917E+02  0.0000E+00  0.0000E+00  0.0000E+00  0.0000E+00  0.0000E+00
 4.0223E+02  0.0000E+00  0.0000E+00  0.0000E+00  0.0000E+00  0.0000E+00
 4.0531E+02  0.0000E+00  0.0000E+00  0.0000E+00  0.0000E+00  0.0000E+00
 4.0841E+02  0.0000E+00  0.0000E+00  0.0000E+00  0.0000E+00  0.0000E+00
 4.1154E+02  0.0000E+00  0.0000E+00  0.0000E+00  0.0000E+00  0.0000E+00
 4.1469E+02  0.0000E+00  0.0000E+00  0.0000E+00  0.0000E+00  0.0000E+00
 4.1787E+02  0.0000E+00  0.0000E+00  0.0000E+00  0.0000E+00  0.0000E+00
 4.2107E+02  0.0000E+00  0.0000E+00  0.0000E+00  0.0000E+00  0.0000E+00
 4.2429E+02  0.0000E+00  0.0000E+00  0.0000E+00  0.0000E+00  0.0000E+00
 4.2754E+02  0.0000E+00  0.0000E+00  0.0000E+00  0.0000E+00  0.0000E+00
 4.3082E+02  0.0000E+00  0.0000E+00  0.0000E+00  0.0000E+00  0.0000E+00
 4.3412E+02  0.0000E+00  0.0000E+00  0.0000E+00  0.0000E+00  0.0000E+00
 4.3744E+02  0.0000E+00  0.0000E+00  0.0000E+00  0.0000E+00  0.0000E+00
 4.4079E+02  0.0000E+00  0.0000E+00  0.0000E+00  0.0000E+00  0.0000E+00
 4.4417E+02  0.0000E+00  0.0000E+00  0.0000E+00  0.0000E+00  0.0000E+00
 4.4757E+02  0.0000E+00  0.0000E+00  0.0000E+00  0.0000E+00  0.0000E+00
 4.5100E+02  0.0000E+00  0.0000E+00  0.0000E+00  0.0000E+00  0.0000E+00
 4.5445E+02  0.0000E+00  0.0000E+00  0.0000E+00  0.0000E+00  0.0000E+00
 4.5793E+02  0.0000E+00  0.0000E+00  0.0000E+00  0.0000E+00  0.0000E+00
 4.6144E+02  0.0000E+00  0.0000E+00  0.0000E+00  0.0000E+00  0.0000E+00
 4.6497E+02  0.0000E+00  0.0000E+00  0.0000E+00  0.0000E+00  0.0000E+00
 4.6853E+02  0.0000E+00  0.0000E+00  0.0000E+00  0.0000E+00  0.0000E+00
 4.7212E+02  0.0000E+00  0.0000E+00  0.0000E+00  0.0000E+00  0.0000E+00
 4.7574E+02  0.0000E+00  0.0000E+00  0.0000E+00  0.0000E+00  0.0000E+00
 4.7938E+02  0.0000E+00  0.0000E+00  0.0000E+00  0.0000E+00  0.0000E+00
 4.8305E+02  0.0000E+00  0.0000E+00  0.0000E+00  0.0000E+00  0.0000E+00
 4.8675E+02  0.0000E+00  0.0000E+00  0.0000E+00  0.0000E+00  0.0000E+00
 4.9048E+02  0.0000E+00  0.0000E+00  0.0000E+00  0.0000E+00  0.0000E+00
 4.9424E+02  0.0000E+00  0.0000E+00  0.0000E+00  0.0000E+00  0.0000E+00
 4.9802E+02  0.0000E+00  0.0000E+00  0.0000E+00  0.0000E+00  0.0000E+00
 5.0183E+02  0.0000E+00  0.0000E+00  0.0000E+00  0.0000E+00  0.0000E+00
 5.0568E+02  0.0000E+00  0.0000E+00  0.0000E+00  0.0000E+00  0.0000E+00
 5.0955E+02  0.0000E+00  0.0000E+00  0.0000E+00  0.0000E+00  0.0000E+00
 5.1345E+02  0.0000E+00  0.0000E+00  0.0000E+00  0.0000E+00  0.0000E+00
 5.1738E+02  0.0000E+00  0.0000E+00  0.0000E+00  0.0000E+00  0.0000E+00
 5.2135E+02  0.0000E+00  0.0000E+00  0.0000E+00  0.0000E+00  0.0000E+00
 5.2534E+02  0.0000E+00  0.0000E+00  0.0000E+00  0.0000E+00  0.0000E+00
 5.2936E+02  0.0000E+00  0.0000E+00  0.0000E+00  0.0000E+00  0.0000E+00
 5.3342E+02  0.0000E+00  0.0000E+00  0.0000E+00  0.0000E+00  0.0000E+00
 5.3750E+02  0.0000E+00  0.0000E+00  0.0000E+00  0.0000E+00  0.0000E+00
 5.4162E+02  0.0000E+00  0.0000E+00  0.0000E+00  0.0000E+00  0.0000E+00
 5.4577E+02  0.0000E+00  0.0000E+00  0.0000E+00  0.0000E+00  0.0000E+00
 5.4995E+02  0.0000E+00  0.0000E+00  0.0000E+00  0.0000E+00  0.0000E+00
 5.5416E+02  0.0000E+00  0.0000E+00  0.0000E+00  0.0000E+00  0.0000E+00
 5.5840E+02  0.0000E+00  0.0000E+00  0.0000E+00  0.0000E+00  0.0000E+00
 5.6268E+02  0.0000E+00  0.0000E+00  0.0000E+00  0.0000E+00  0.0000E+00
 5.6699E+02  0.0000E+00  0.0000E+00  0.0000E+00  0.0000E+00  0.0000E+00
 5.7133E+02  0.0000E+00  0.0000E+00  0.0000E+00  0.0000E+00  0.0000E+00
 5.7571E+02  0.0000E+00  0.0000E+00  0.0000E+00  0.0000E+00  0.0000E+00
 5.8011E+02  0.0000E+00  0.0000E+00  0.0000E+00  0.0000E+00  0.0000E+00
 5.8456E+02  0.0000E+00  0.0000E+00  0.0000E+00  0.0000E+00  0.0000E+00
 5.8903E+02  0.0000E+00  0.0000E+00  0.0000E+00  0.0000E+00  0.0000E+00
 5.9354E+02  0.0000E+00  0.0000E+00  0.0000E+00  0.0000E+00  0.0000E+00
 5.9809E+02  0.0000E+00  0.0000E+00  0.0000E+00  0.0000E+00  0.0000E+00
 6.0267E+02  0.0000E+00  0.0000E+00  0.0000E+00  0.0000E+00  0.0000E+00
 6.0729E+02  0.0000E+00  0.0000E+00  0.0000E+00  0.0000E+00  0.0000E+00
 6.1194E+02  0.0000E+00  0.0000E+00  0.0000E+00  0.0000E+00  0.0000E+00
 6.1662E+02  1.4939E-02  1.4490E+00  3.4549E-02  6.7062E+00  1.0000E+00
 6.2135E+02  1.4971E-02  1.4411E+00  3.4550E-02  6.6554E+00  1.0000E+00
 6.2610E+02  1.5004E-02  1.4333E+00  3.4551E-02  6.6049E+00  1.0000E+00
 6.3090E+02  1.5036E-02  1.4255E+00  3.4551E-02  6.5548E+00  1.0000E+00
 6.3573E+02  1.5069E-02  1.4177E+00  3.4552E-02  6.5051E+00  1.0000E+00
 6.4060E+02  1.5102E-02  1.4100E+00  3.4553E-02  6.4558E+00  1.0000E+00
 6.4551E+02  1.5135E-02  1.4023E+00  3.4553E-02  6.4069E+00  1.0000E+00
 6.5045E+02  1.5168E-02  1.3947E+00  3.4554E-02  6.3583E+00  1.0000E+00
 6.5543E+02  1.5201E-02  1.3871E+00  3.4555E-02  6.3101E+00  1.0000E+00
 6.6045E+02  1.5235E-02  1.3796E+00  3.4555E-02  6.2623E+00  1.0000E+00
 6.6551E+02  1.5269E-02  1.3722E+00  3.4556E-02  6.2148E+00  1.0000E+00
 6.7060E+02  1.5303E-02  1.3648E+00  3.4557E-02  6.1677E+00  1.0000E+00
 6.7574E+02  1.5337E-02  1.3575E+00  3.4557E-02  6.1210E+00  1.0000E+00
 6.8092E+02  1.5372E-02  1.3502E+00  3.4558E-02  6.0746E+00  1.0000E+00
 6.8613E+02  1.5407E-02  1.3430E+00  3.4559E-02  6.0285E+00  1.0000E+00
 6.9138E+02  1.5442E-02  1.3358E+00  3.4560E-02  5.9828E+00  1.0000E+00
 6.9668E+02  1.5478E-02  1.3287E+00  3.4560E-02  5.9375E+00  1.0000E+00
 7.0201E+02  1.5514E-02  1.3217E+00  3.4561E-02  5.8925E+00  1.0000E+00
 7.0739E+02  1.5550E-02  1.3147E+00  3.4562E-02  5.8478E+00  1.0000E+00
 7.1281E+02  1.5587E-02  1.3078E+00  3.4562E-02  5.8035E+00  1.0000E+00
 7.1827E+02  1.5624E-02  1.3009E+00  3.4563E-02  5.7595E+00  1.0000E+00
 7.2377E+02  1.5661E-02  1.2941E+00  3.4564E-02  5.7159E+00  1.0000E+00
 7.2931E+02  1.5698E-02  1.2873E+00  3.4565E-02  5.6725E+00  1.0000E+00
 7.3490E+02  1.5736E-02  1.2806E+00  3.4565E-02  5.6296E+00  1.0000E+00
 7.4052E+02  1.5774E-02  1.2739E+00  3.4566E-02  5.5869E+00  1.0000E+00
 7.4620E+02  1.5812E-02  1.2673E+00  3.4567E-02  5.5446E+00  1.0000E+00
 7.5191E+02  1.5851E-02  1.2607E+00  3.4568E-02  5.5025E+00  1.0000E+00
 7.5767E+02  1.5890E-02  1.2542E+00  3.4569E-02  5.4608E+00  1.0000E+00
 7.6347E+02  1.5929E-02  1.2477E+00  3.4569E-02  5.4195E+00  1.0000E+00
 7.6932E+02  1.5969E-02  1.2413E+00  3.4570E-02  5.3784E+00  1.0000E+00
 7.7521E+02  1.6009E-02  1.2349E+00  3.4571E-02  5.3376E+00  1.0000E+00
 7.8115E+02  1.6049E-02  1.2286E+00  3.4572E-02  5.2972E+00  1.0000E+00
 7.8713E+02  1.6089E-02  1.2223E+00  3.4572E-02  5.2571E+00  1.0000E+00
 7.9316E+02  1.6130E-02  1.2161E+00  3.4573E-02  5.2172E+00  1.0000E+00
 7.9923E+02  1.6171E-02  1.2099E+00  3.4574E-02  5.1777E+00  1.0000E+00
 8.0535E+02  1.6212E-02  1.2038E+00  3.4575E-02  5.1385E+00  1.0000E+00
 8.1152E+02  1.6254E-02  1.1977E+00  3.4576E-02  5.0995E+00  1.0000E+00
 8.1774E+02  1.6296E-02  1.1917E+00  3.4577E-02  5.0609E+00  1.0000E+00
 8.2400E+02  1.6338E-02  1.1857E+00  3.4577E-02  5.0226E+00  1.0000E+00
 8.3031E+02  1.6380E-02  1.1797E+00  3.4578E-02  4.9845E+00  1.0000E+00
 8.3667E+02  1.6423E-02  1.1738E+00  3.4579E-02  4.9468E+00  1.0000E+00
 8.4307E+02  1.6466E-02  1.1679E+00  3.4580E-02  4.9093E+00  1.0000E+00
 8.4953E+02  1.6510E-02  1.1621E+00  3.4581E-02  4.8721E+00  1.0000E+00
 8.5604E+02  1.6553E-02  1.1563E+00  3.4582E-02  4.8352E+00  1.0000E+00
 8.6259E+02  1.6597E-02  1.1506E+00  3.4583E-02  4.7986E+00  1.0000E+00
 8.6920E+02  1.6642E-02  1.1449E+00  3.4584E-02  4.7622E+00  1.0000E+00
 8.7586E+02  1.6686E-02  1.1392E+00  3.4584E-02  4.7262E+00  1.0000E+00
 8.8256E+02  1.6731E-02  1.1336E+00  3.4585E-02  4.6904E+00  1.0000E+00
 8.8932E+02  1.6776E-02  1.1280E+00  3.4586E-02  4.6548E+00  1.0000E+00
 8.9613E+02  1.6822E-02  1.1224E+00  3.4587E-02  4.6196E+00  1.0000E+00
 9.0300E+02  1.6868E-02  1.1169E+00  3.4588E-02  4.5846E+00  1.0000E+00
 9.0991E+02  1.6914E-02  1.1115E+00  3.4589E-02  4.5499E+00  1.0000E+00
 9.1688E+02  1.6960E-02  1.1060E+00  3.4590E-02  4.5154E+00  1.0000E+00
 9.2390E+02  1.7007E-02  1.1007E+00  3.4591E-02  4.4812E+00  1.0000E+00
 9.3098E+02  1.7054E-02  1.0953E+00  3.4592E-02  4.4473E+00  1.0000E+00
 9.3811E+02  1.7101E-02  1.0900E+00  3.4593E-02  4.4136E+00  1.0000E+00
 9.4529E+02  1.7149E-02  1.0847E+00  3.4594E-02  4.3802E+00  1.0000E+00
 9.5253E+02  1.7197E-02  1.0795E+00  3.4595E-02  4.3470E+00  1.0000E+00
 9.5983E+02  1.7245E-02  1.0742E+00  3.4596E-02  4.3141E+00  1.0000E+00
 9.6718E+02  1.7293E-02  1.0691E+00  3.4597E-02  4.2815E+00  1.0000E+00
 9.7458E+02  1.7342E-02  1.0639E+00  3.4598E-02  4.2490E+00  1.0000E+00
 9.8205E+02  1.7391E-02  1.0588E+00  3.4599E-02  4.2169E+00  1.0000E+00
 9.8957E+02  1.7441E-02  1.0538E+00  3.4600E-02  4.1849E+00  1.0000E+00
 9.9715E+02  1.7490E-02  1.0487E+00  3.4601E-02  4.1533E+00  1.0000E+00
 1.0048E+03  1.7540E-02  1.0437E+00  3.4602E-02  4.1218E+00  1.0000E+00
 1.0125E+03  1.7590E-02  1.0387E+00  3.4603E-02  4.0906E+00  1.0000E+00
 1.0202E+03  1.7641E-02  1.0338E+00  3.4604E-02  4.0596E+00  1.0000E+00
 1.0280E+03  1.7692E-02  1.0289E+00  3.4605E-02  4.0289E+00  1.0000E+00
 1.0359E+03  1.7743E-02  1.0240E+00  3.4606E-02  3.9984E+00  1.0000E+00
 1.0439E+03  1.7794E-02  1.0192E+00  3.4607E-02  3.9682E+00  1.0000E+00
 1.0518E+03  1.7846E-02  1.0144E+00  3.4608E-02  3.9381E+00  1.0000E+00
 1.0599E+03  1.7898E-02  1.0096E+00  3.4609E-02  3.9083E+00  1.0000E+00
 1.0680E+03  1.7951E-02  1.0048E+00  3.4610E-02  3.8787E+00  1.0000E+00
 1.0762E+03  1.8003E-02  1.0001E+00  3.4612E-02  3.8494E+00  1.0000E+00
 1.0844E+03  1.8056E-02  9.9541E-01  3.4613E-02  3.8202E+00  1.0000E+00
 1.0927E+03  1.8109E-02  9.9074E-01  3.4614E-02  3.7913E+00  1.0000E+00
 1.1011E+03  1.8163E-02  9.8611E-01  3.4615E-02  3.7626E+00  1.0000E+00
 1.1095E+03  1.8216E-02  9.8150E-01  3.4616E-02  3.7342E+00  1.0000E+00
 1.1180E+03  1.8271E-02  9.7693E-01  3.4617E-02  3.7059E+00  1.0000E+00
 1.1266E+03  1.8325E-02  9.7238E-01  3.4618E-02  3.6779E+00  1.0000E+00
 1.1352E+03  1.8380E-02  9.6785E-01  3.4620E-02  3.6500E+00  1.0000E+00
 1.1439E+03  1.8434E-02  9.6336E-01  3.4621E-02  3.6224E+00  1.0000E+00
 1.1527E+03  1.8490E-02  9.5889E-01  3.4622E-02  3.5950E+00  1.0000E+00
 1.1615E+03  1.8545E-02  9.5445E-01  3.4623E-02  3.5678E+00  1.0000E+00
 1.1704E+03  1.8601E-02  9.5004E-01  3.4624E-02  3.5408E+00  1.0000E+00
 1.1794E+03  1.8657E-02  9.4564E-01  3.4626E-02  3.5140E+00  1.0000E+00
 1.1884E+03  1.8713E-02  9.4127E-01  3.4627E-02  3.4875E+00  1.0000E+00
 1.1975E+03  1.8769E-02  9.3693E-01  3.4628E-02  3.4611E+00  1.0000E+00
 1.2067E+03  1.8826E-02  9.3260E-01  3.4629E-02  3.4349E+00  1.0000E+00
 1.2159E+03  1.8883E-02  9.2830E-01  3.4630E-02  3.4089E+00  1.0000E+00
 1.2252E+03  1.8940E-02  9.2402E-01  3.4632E-02  3.3831E+00  1.0000E+00
 1.2346E+03  1.8997E-02  9.1976E-01  3.4633E-02  3.3575E+00  1.0000E+00
 1.2441E+03  1.9054E-02  9.1552E-01  3.4634E-02  3.3321E+00  1.0000E+00
 1.2536E+03  1.9112E-02  9.1130E-01  3.4636E-02  3.3069E+00  1.0000E+00
 1.2632E+03  1.9170E-02  9.0710E-01  3.4637E-02  3.2819E+00  1.0000E+00
 1.2729E+03  1.9228E-02  9.0292E-01  3.4638E-02  3.2571E+00  1.0000E+00
 1.2826E+03  1.9286E-02  8.9877E-01  3.4639E-02  3.2325E+00  1.0000E+00
 1.2924E+03  1.9345E-02  8.9463E-01  3.4641E-02  3.2080E+00  1.0000E+00
 1.3023E+03  1.9403E-02  8.9051E-01  3.4642E-02  3.1838E+00  1.0000E+00
 1.3123E+03  1.9462E-02  8.8641E-01  3.4643E-02  3.1597E+00  1.0000E+00
 1.3224E+03  1.9521E-02  8.8233E-01  3.4645E-02  3.1358E+00  1.0000E+00
 1.3325E+03  1.9580E-02  8.7826E-01  3.4646E-02  3.1121E+00  1.0000E+00
 1.3427E+03  1.9639E-02  8.7422E-01  3.4648E-02  3.0886E+00  1.0000E+00
 1.3530E+03  1.9699E-02  8.7019E-01  3.4649E-02  3.0652E+00  1.0000E+00
 1.3633E+03  1.9758E-02  8.6618E-01  3.4650E-02  3.0420E+00  1.0000E+00
 1.3738E+03  1.9818E-02  8.6218E-01  3.4652E-02  3.0191E+00  1.0000E+00
 1.3843E+03  1.9878E-02  8.5820E-01  3.4653E-02  2.9962E+00  1.0000E+00
 1.3949E+03  1.9938E-02  8.5424E-01  3.4655E-02  2.9736E+00  1.0000E+00
 1.4056E+03  1.9998E-02  8.5030E-01  3.4656E-02  2.9511E+00  1.0000E+00
 1.4164E+03  2.0058E-02  8.4637E-01  3.4658E-02  2.9288E+00  1.0000E+00
 1.4272E+03  2.0118E-02  8.4246E-01  3.4659E-02  2.9067E+00  1.0000E+00
 1.4381E+03  2.0179E-02  8.3856E-01  3.4660E-02  2.8847E+00  1.0000E+00
 1.4491E+03  2.0240E-02  8.3467E-01  3.4662E-02  2.8629E+00  1.0000E+00
 1.4602E+03  2.0300E-02  8.3081E-01  3.4663E-02  2.8413E+00  1.0000E+00
 1.4714E+03  2.0361E-02  8.2695E-01  3.4665E-02  2.8198E+00  1.0000E+00
 1.4827E+03  2.0422E-02  8.2311E-01  3.4667E-02  2.7985E+00  1.0000E+00
 1.4940E+03  2.0483E-02  8.1929E-01  3.4668E-02  2.7773E+00  1.0000E+00
 1.5055E+03  2.0544E-02  8.1548E-01  3.4670E-02  2.7564E+00  1.0000E+00
 1.5170E+03  2.0605E-02  8.1168E-01  3.4671E-02  2.7355E+00  1.0000E+00
 1.5286E+03  2.0666E-02  8.0789E-01  3.4673E-02  2.7149E+00  1.0000E+00
 1.5403E+03  2.0728E-02  8.0412E-01  3.4674E-02  2.6943E+00  1.0000E+00
 1.5521E+03  2.0789E-02  8.0036E-01  3.4676E-02  2.6740E+00  1.0000E+00
 1.5640E+03  2.0850E-02  7.9662E-01  3.4678E-02  2.6538E+00  1.0000E+00
 1.5760E+03  2.0912E-02  7.9289E-01  3.4679E-02  2.6338E+00  1.0000E+00
 1.5881E+03  2.0973E-02  7.8916E-01  3.4681E-02  2.6139E+00  1.0000E+00
 1.6002E+03  2.1035E-02  7.8546E-01  3.4682E-02  2.5941E+00  1.0000E+00
 1.6125E+03  2.1097E-02  7.8176E-01  3.4684E-02  2.5745E+00  1.0000E+00
 1.6248E+03  2.1158E-02  7.7807E-01  3.4686E-02  2.5551E+00  1.0000E+00
 1.6373E+03  2.1220E-02  7.7440E-01  3.4687E-02  2.5358E+00  1.0000E+00
 1.6498E+03  2.1281E-02  7.7074E-01  3.4689E-02  2.5166E+00  1.0000E+00
 1.6625E+03  2.1343E-02  7.6708E-01  3.4691E-02  2.4976E+00  1.0000E+00
 1.6752E+03  2.1405E-02  7.6344E-01  3.4693E-02  2.4788E+00  1.0000E+00
 1.6880E+03  2.1466E-02  7.5981E-01  3.4694E-02  2.4601E+00  1.0000E+00
 1.7009E+03  2.1528E-02  7.5619E-01  3.4696E-02  2.4415E+00  1.0000E+00
 1.7140E+03  2.1590E-02  7.5258E-01  3.4698E-02  2.4231E+00  1.0000E+00
 1.7271E+03  2.1651E-02  7.4898E-01  3.4700E-02  2.4048E+00  1.0000E+00
 1.7403E+03  2.1713E-02  7.4539E-01  3.4701E-02  2.3866E+00  1.0000E+00
 1.7537E+03  2.1774E-02  7.4181E-01  3.4703E-02  2.3686E+00  1.0000E+00
 1.7671E+03  2.1835E-02  7.3824E-01  3.4705E-02  2.3507E+00  1.0000E+00
 1.7806E+03  2.1897E-02  7.3468E-01  3.4707E-02  2.3330E+00  1.0000E+00
 1.7943E+03  2.1958E-02  7.3113E-01  3.4709E-02  2.3154E+00  1.0000E+00
 1.8080E+03  2.2019E-02  7.2758E-01  3.4711E-02  2.2979E+00  1.0000E+00
 1.8218E+03  2.2081E-02  7.2405E-01  3.4712E-02  2.2805E+00  1.0000E+00
 1.8358E+03  2.2142E-02  7.2052E-01  3.4714E-02  2.2633E+00  1.0000E+00
 1.8499E+03  2.2203E-02  7.1701E-01  3.4716E-02  2.2463E+00  1.0000E+00
 1.8640E+03  2.2263E-02  7.1350E-01  3.4718E-02  2.2293E+00  1.0000E+00
 1.8783E+03  2.2324E-02  7.1000E-01  3.4720E-02  2.2125E+00  1.0000E+00
 1.8927E+03  2.2385E-02  7.0651E-01  3.4722E-02  2.1958E+00  1.0000E+00
 1.9072E+03  2.2445E-02  7.0302E-01  3.4724E-02  2.1792E+00  1.0000E+00
 1.9218E+03  2.2506E-02  6.9954E-01  3.4726E-02  2.1628E+00  1.0000E+00
 1.9365E+03  2.2566E-02  6.9608E-01  3.4728E-02  2.1465E+00  1.0000E+00
 1.9513E+03  2.2626E-02  6.9261E-01  3.4730E-02  2.1303E+00  1.0000E+00
 1.9663E+03  2.2686E-02  6.8916E-01  3.4732E-02  2.1142E+00  1.0000E+00
 1.9813E+03  2.2746E-02  6.8571E-01  3.4734E-02  2.0983E+00  1.0000E+00
 1.9965E+03  2.2805E-02  6.8228E-01  3.4736E-02  2.0825E+00  1.0000E+00
 2.0118E+03  2.2865E-02  6.7885E-01  3.4738E-02  2.0668E+00  1.0000E+00
 2.0272E+03  2.2924E-02  6.7543E-01  3.4740E-02  2.0512E+00  1.0000E+00
 2.0427E+03  2.2984E-02  6.7202E-01  3.4742E-02  2.0357E+00  1.0000E+00
 2.0584E+03  2.3043E-02  6.6862E-01  3.4744E-02  2.0204E+00  1.0000E+00
 2.0741E+03  2.3102E-02  6.6523E-01  3.4747E-02  2.0051E+00  1.0000E+00
 2.0900E+03  2.3161E-02  6.6184E-01  3.4749E-02  1.9900E+00  1.0000E+00
 2.1060E+03  2.3219E-02  6.5847E-01  3.4751E-02  1.9750E+00  1.0000E+00
 2.1222E+03  2.3278E-02  6.5510E-01  3.4753E-02  1.9601E+00  1.0000E+00
 2.1384E+03  2.3336E-02  6.5175E-01  3.4755E-02  1.9453E+00  1.0000E+00
 2.1548E+03  2.3395E-02  6.4840E-01  3.4758E-02  1.9307E+00  1.0000E+00
 2.1713E+03  2.3453E-02  6.4506E-01  3.4760E-02  1.9161E+00  1.0000E+00
 2.1879E+03  2.3511E-02  6.4174E-01  3.4762E-02  1.9017E+00  1.0000E+00
 2.2047E+03  2.3569E-02  6.3842E-01  3.4764E-02  1.8874E+00  1.0000E+00
 2.2216E+03  2.3627E-02  6.3511E-01  3.4767E-02  1.8731E+00  1.0000E+00
 2.2386E+03  2.3685E-02  6.3181E-01  3.4769E-02  1.8590E+00  1.0000E+00
 2.2557E+03  2.3742E-02  6.2852E-01  3.4771E-02  1.8450E+00  1.0000E+00
 2.2730E+03  2.3800E-02  6.2524E-01  3.4774E-02  1.8311E+00  1.0000E+00
 2.2904E+03  2.3857E-02  6.2198E-01  3.4776E-02  1.8173E+00  1.0000E+00
 2.3079E+03  2.3914E-02  6.1872E-01  3.4778E-02  1.8036E+00  1.0000E+00
 2.3256E+03  2.3971E-02  6.1547E-01  3.4781E-02  1.7901E+00  1.0000E+00
 2.3434E+03  2.4028E-02  6.1223E-01  3.4783E-02  1.7766E+00  1.0000E+00
 2.3614E+03  2.4085E-02  6.0900E-01  3.4786E-02  1.7632E+00  1.0000E+00
 2.3794E+03  2.4141E-02  6.0578E-01  3.4788E-02  1.7499E+00  1.0000E+00
 2.3977E+03  2.4198E-02  6.0258E-01  3.4790E-02  1.7367E+00  1.0000E+00
 2.4160E+03  2.4254E-02  5.9938E-01  3.4793E-02  1.7237E+00  1.0000E+00
 2.4345E+03  2.4310E-02  5.9619E-01  3.4795E-02  1.7107E+00  1.0000E+00
 2.4532E+03  2.4367E-02  5.9302E-01  3.4798E-02  1.6978E+00  1.0000E+00
 2.4720E+03  2.4423E-02  5.8985E-01  3.4800E-02  1.6850E+00  1.0000E+00
 2.4909E+03  2.4478E-02  5.8670E-01  3.4803E-02  1.6723E+00  1.0000E+00
 2.5100E+03  2.4534E-02  5.8355E-01  3.4806E-02  1.6598E+00  1.0000E+00
 2.5292E+03  2.4590E-02  5.8042E-01  3.4808E-02  1.6473E+00  1.0000E+00
 2.5486E+03  2.4645E-02  5.7729E-01  3.4811E-02  1.6349E+00  1.0000E+00
 2.5681E+03  2.4701E-02  5.7418E-01  3.4814E-02  1.6226E+00  1.0000E+00
 2.5878E+03  2.4756E-02  5.7108E-01  3.4816E-02  1.6104E+00  1.0000E+00
 2.6076E+03  2.4811E-02  5.6799E-01  3.4819E-02  1.5983E+00  1.0000E+00
 2.6275E+03  2.4866E-02  5.6491E-01  3.4822E-02  1.5862E+00  1.0000E+00
 2.6477E+03  2.4921E-02  5.6184E-01  3.4824E-02  1.5743E+00  1.0000E+00
 2.6679E+03  2.4975E-02  5.5879E-01  3.4827E-02  1.5625E+00  1.0000E+00
 2.6884E+03  2.5030E-02  5.5574E-01  3.4830E-02  1.5507E+00  1.0000E+00
 2.7090E+03  2.5084E-02  5.5270E-01  3.4833E-02  1.5390E+00  1.0000E+00
 2.7297E+03  2.5139E-02  5.4968E-01  3.4835E-02  1.5275E+00  1.0000E+00
 2.7506E+03  2.5193E-02  5.4667E-01  3.4838E-02  1.5160E+00  1.0000E+00
 2.7717E+03  2.5247E-02  5.4367E-01  3.4841E-02  1.5046E+00  1.0000E+00
 2.7929E+03  2.5301E-02  5.4068E-01  3.4844E-02  1.4933E+00  1.0000E+00
 2.8143E+03  2.5355E-02  5.3770E-01  3.4847E-02  1.4820E+00  1.0000E+00
 2.8358E+03  2.5408E-02  5.3473E-01  3.4850E-02  1.4709E+00  1.0000E+00
 2.8576E+03  2.5462E-02  5.3177E-01  3.4853E-02  1.4598E+00  1.0000E+00
 2.8794E+03  2.5515E-02  5.2883E-01  3.4856E-02  1.4489E+00  1.0000E+00
 2.9015E+03  2.5569E-02  5.2590E-01  3.4859E-02  1.4380E+00  1.0000E+00
 2.9237E+03  2.5622E-02  5.2297E-01  3.4862E-02  1.4272E+00  1.0000E+00
 2.9461E+03  2.5675E-02  5.2006E-01  3.4865E-02  1.4165E+00  1.0000E+00
 2.9687E+03  2.5728E-02  5.1716E-01  3.4868E-02  1.4058E+00  1.0000E+00
 2.9914E+03  2.5781E-02  5.1428E-01  3.4871E-02  1.3953E+00  1.0000E+00
 3.0143E+03  2.5834E-02  5.1140E-01  3.4874E-02  1.3848E+00  1.0000E+00
 3.0374E+03  2.5886E-02  5.0854E-01  3.4877E-02  1.3744E+00  1.0000E+00
 3.0607E+03  2.5939E-02  5.0568E-01  3.4880E-02  1.3641E+00  1.0000E+00
 3.0841E+03  2.5991E-02  5.0284E-01  3.4884E-02  1.3538E+00  1.0000E+00
 3.1077E+03  2.6044E-02  5.0001E-01  3.4887E-02  1.3436E+00  1.0000E+00
 3.1315E+03  2.6096E-02  4.9720E-01  3.4890E-02  1.3336E+00  1.0000E+00
 3.1555E+03  2.6148E-02  4.9439E-01  3.4893E-02  1.3235E+00  1.0000E+00
 3.1797E+03  2.6200E-02  4.9160E-01  3.4896E-02  1.3136E+00  1.0000E+00
 3.2040E+03  2.6252E-02  4.8882E-01  3.4900E-02  1.3038E+00  1.0000E+00
 3.2286E+03  2.6304E-02  4.8605E-01  3.4903E-02  1.2940E+00  1.0000E+00
 3.2533E+03  2.6356E-02  4.8330E-01  3.4906E-02  1.2843E+00  1.0000E+00
 3.2782E+03  2.6408E-02  4.8057E-01  3.4910E-02  1.2746E+00  1.0000E+00
 3.3033E+03  2.6460E-02  4.7785E-01  3.4913E-02  1.2651E+00  1.0000E+00
 3.3286E+03  2.6513E-02  4.7514E-01  3.4917E-02  1.2556E+00  1.0000E+00
 3.3541E+03  2.6565E-02  4.7245E-01  3.4920E-02  1.2461E+00  1.0000E+00
 3.3798E+03  2.6617E-02  4.6977E-01  3.4924E-02  1.2368E+00  1.0000E+00
 3.4057E+03  2.6670E-02  4.6711E-01  3.4927E-02  1.2275E+00  1.0000E+00
 3.4317E+03  2.6723E-02  4.6446E-01  3.4931E-02  1.2183E+00  1.0000E+00
 3.4580E+03  2.6775E-02  4.6183E-01  3.4934E-02  1.2092E+00  1.0000E+00
 3.4845E+03  2.6828E-02  4.5921E-01  3.4938E-02  1.2001E+00  1.0000E+00
 3.5112E+03  2.6880E-02  4.5660E-01  3.4942E-02  1.1911E+00  1.0000E+00
 3.5381E+03  2.6933E-02  4.5401E-01  3.4945E-02  1.1822E+00  1.0000E+00
 3.5652E+03  2.6986E-02  4.5143E-01  3.4949E-02  1.1733E+00  1.0000E+00
 3.5925E+03  2.7039E-02  4.4886E-01  3.4953E-02  1.1645E+00  1.0000E+00
 3.6200E+03  2.7092E-02  4.4631E-01  3.4956E-02  1.1558E+00  1.0000E+00
 3.6477E+03  2.7144E-02  4.4376E-01  3.4960E-02  1.1471E+00  1.0000E+00
 3.6757E+03  2.7197E-02  4.4124E-01  3.4964E-02  1.1385E+00  1.0000E+00
 3.7038E+03  2.7250E-02  4.3872E-01  3.4968E-02  1.1300E+00  1.0000E+00
 3.7322E+03  2.7303E-02  4.3622E-01  3.4972E-02  1.1216E+00  1.0000E+00
 3.7608E+03  2.7356E-02  4.3373E-01  3.4975E-02  1.1132E+00  1.0000E+00
 3.7896E+03  2.7408E-02  4.3125E-01  3.4979E-02  1.1048E+00  1.0000E+00
 3.8186E+03  2.7461E-02  4.2879E-01  3.4983E-02  1.0965E+00  1.0000E+00
 3.8478E+03  2.7514E-02  4.2633E-01  3.4987E-02  1.0883E+00  1.0000E+00
 3.8773E+03  2.7567E-02  4.2389E-01  3.4991E-02  1.0802E+00  1.0000E+00
 3.9070E+03  2.7619E-02  4.2146E-01  3.4995E-02  1.0721E+00  1.0000E+00
 3.9369E+03  2.7672E-02  4.1904E-01  3.4999E-02  1.0641E+00  1.0000E+00
 3.9671E+03  2.7725E-02  4.1664E-01  3.5003E-02  1.0561E+00  1.0000E+00
 3.9974E+03  2.7777E-02  4.1424E-01  3.5008E-02  1.0482E+00  1.0000E+00
 4.0281E+03  2.7830E-02  4.1186E-01  3.5012E-02  1.0404E+00  1.0000E+00
 4.0589E+03  2.7882E-02  4.0949E-01  3.5016E-02  1.0326E+00  1.0000E+00
 4.0900E+03  2.7935E-02  4.0713E-01  3.5020E-02  1.0249E+00  1.0000E+00
 4.1213E+03  2.7987E-02  4.0478E-01  3.5024E-02  1.0172E+00  1.0000E+00
 4.1529E+03  2.8039E-02  4.0244E-01  3.5029E-02  1.0096E+00  1.0000E+00
 4.1847E+03  2.8092E-02  4.0011E-01  3.5033E-02  1.0020E+00  1.0000E+00
 4.2167E+03  2.8144E-02  3.9780E-01  3.5037E-02  9.9455E-01  1.0000E+00
 4.2490E+03  2.8196E-02  3.9549E-01  3.5042E-02  9.8711E-01  1.0000E+00
 4.2816E+03  2.8248E-02  3.9319E-01  3.5046E-02  9.7973E-01  1.0000E+00
 4.3143E+03  2.8299E-02  3.9091E-01  3.5051E-02  9.7241E-01  1.0000E+00
 4.3474E+03  2.8351E-02  3.8864E-01  3.5055E-02  9.6514E-01  1.0000E+00
 4.3807E+03  2.8403E-02  3.8637E-01  3.5060E-02  9.5793E-01  1.0000E+00
 4.4142E+03  2.8454E-02  3.8412E-01  3.5064E-02  9.5078E-01  1.0000E+00
 4.4480E+03  2.8506E-02  3.8187E-01  3.5069E-02  9.4367E-01  1.0000E+00
 4.4821E+03  2.8557E-02  3.7964E-01  3.5074E-02  9.3663E-01  1.0000E+00
 4.5164E+03  2.8608E-02  3.7741E-01  3.5078E-02  9.2963E-01  1.0000E+00
 4.5510E+03  2.8659E-02  3.7520E-01  3.5083E-02  9.2269E-01  1.0000E+00
 4.5859E+03  2.8710E-02  3.7300E-01  3.5088E-02  9.1580E-01  1.0000E+00
 4.6210E+03  2.8760E-02  3.7080E-01  3.5092E-02  9.0896E-01  1.0000E+00
 4.6564E+03  2.8811E-02  3.6862E-01  3.5097E-02  9.0218E-01  1.0000E+00
 4.6920E+03  2.8861E-02  3.6644E-01  3.5102E-02  8.9545E-01  1.0000E+00
 4.7280E+03  2.8911E-02  3.6428E-01  3.5107E-02  8.8877E-01  1.0000E+00
 4.7642E+03  2.8961E-02  3.6212E-01  3.5112E-02  8.8213E-01  1.0000E+00
 4.8007E+03  2.9011E-02  3.5997E-01  3.5117E-02  8.7555E-01  1.0000E+00
 4.8374E+03  2.9060E-02  3.5783E-01  3.5122E-02  8.6902E-01  1.0000E+00
 4.8745E+03  2.9110E-02  3.5570E-01  3.5127E-02  8.6254E-01  1.0000E+00
 4.9118E+03  2.9159E-02  3.5358E-01  3.5132E-02  8.5611E-01  1.0000E+00
 4.9494E+03  2.9208E-02  3.5147E-01  3.5137E-02  8.4973E-01  1.0000E+00
 4.9873E+03  2.9257E-02  3.4937E-01  3.5142E-02  8.4339E-01  1.0000E+00
 5.0255E+03  2.9305E-02  3.4728E-01  3.5147E-02  8.3711E-01  1.0000E+00
 5.0640E+03  2.9354E-02  3.4520E-01  3.5153E-02  8.3087E-01  1.0000E+00
 5.1028E+03  2.9402E-02  3.4313E-01  3.5158E-02  8.2468E-01  1.0000E+00
 5.1419E+03  2.9451E-02  3.4106E-01  3.5163E-02  8.1854E-01  1.0000E+00
 5.1812E+03  2.9499E-02  3.3901E-01  3.5169E-02  8.1244E-01  1.0000E+00
 5.2209E+03  2.9546E-02  3.3697E-01  3.5174E-02  8.0639E-01  1.0000E+00
 5.2609E+03  2.9594E-02  3.3493E-01  3.5180E-02  8.0038E-01  1.0000E+00
 5.3012E+03  2.9642E-02  3.3291E-01  3.5185E-02  7.9442E-01  1.0000E+00
 5.3418E+03  2.9689E-02  3.3089E-01  3.5191E-02  7.8851E-01  1.0000E+00
 5.3827E+03  2.9736E-02  3.2889E-01  3.5196E-02  7.8264E-01  1.0000E+00
 5.4239E+03  2.9783E-02  3.2689E-01  3.5202E-02  7.7682E-01  1.0000E+00
 5.4655E+03  2.9830E-02  3.2490E-01  3.5207E-02  7.7104E-01  1.0000E+00
 5.5073E+03  2.9877E-02  3.2293E-01  3.5213E-02  7.6530E-01  1.0000E+00
 5.5495E+03  2.9924E-02  3.2096E-01  3.5219E-02  7.5961E-01  1.0000E+00
 5.5920E+03  2.9970E-02  3.1900E-01  3.5225E-02  7.5396E-01  1.0000E+00
 5.6348E+03  3.0016E-02  3.1705E-01  3.5231E-02  7.4835E-01  1.0000E+00
 5.6780E+03  3.0062E-02  3.1511E-01  3.5236E-02  7.4279E-01  1.0000E+00
 5.7215E+03  3.0108E-02  3.1318E-01  3.5242E-02  7.3727E-01  1.0000E+00
 5.7653E+03  3.0154E-02  3.1126E-01  3.5248E-02  7.3179E-01  1.0000E+00
 5.8094E+03  3.0199E-02  3.0935E-01  3.5254E-02  7.2635E-01  1.0000E+00
 5.8539E+03  3.0245E-02  3.0744E-01  3.5260E-02  7.2096E-01  1.0000E+00
 5.8988E+03  3.0290E-02  3.0555E-01  3.5267E-02  7.1560E-01  1.0000E+00
 5.9439E+03  3.0335E-02  3.0367E-01  3.5273E-02  7.1029E-01  1.0000E+00
 5.9895E+03  3.0380E-02  3.0179E-01  3.5279E-02  7.0501E-01  1.0000E+00
 6.0353E+03  3.0425E-02  2.9992E-01  3.5285E-02  6.9978E-01  1.0000E+00
 6.0815E+03  3.0469E-02  2.9807E-01  3.5291E-02  6.9459E-01  1.0000E+00
 6.1281E+03  3.0514E-02  2.9622E-01  3.5298E-02  6.8943E-01  1.0000E+00
 6.1751E+03  3.0558E-02  2.9438E-01  3.5304E-02  6.8431E-01  1.0000E+00
 6.2223E+03  3.0602E-02  2.9255E-01  3.5311E-02  6.7924E-01  1.0000E+00
 6.2700E+03  3.0646E-02  2.9073E-01  3.5317E-02  6.7420E-01  1.0000E+00
 6.3180E+03  3.0690E-02  2.8892E-01  3.5324E-02  6.6920E-01  1.0000E+00
 6.3664E+03  3.0733E-02  2.8712E-01  3.5330E-02  6.6424E-01  1.0000E+00
 6.4152E+03  3.0776E-02  2.8532E-01  3.5337E-02  6.5931E-01  1.0000E+00
 6.4643E+03  3.0820E-02  2.8354E-01  3.5344E-02  6.5443E-01  1.0000E+00
 6.5138E+03  3.0863E-02  2.8176E-01  3.5351E-02  6.4958E-01  1.0000E+00
 6.5637E+03  3.0905E-02  2.8000E-01  3.5357E-02  6.4477E-01  1.0000E+00
 6.6139E+03  3.0948E-02  2.7824E-01  3.5364E-02  6.3999E-01  1.0000E+00
 6.6646E+03  3.0991E-02  2.7649E-01  3.5371E-02  6.3525E-01  1.0000E+00
 6.7156E+03  3.1033E-02  2.7475E-01  3.5378E-02  6.3055E-01  1.0000E+00
 6.7671E+03  3.1075E-02  2.7302E-01  3.5385E-02  6.2588E-01  1.0000E+00
 6.8189E+03  3.1117E-02  2.7129E-01  3.5392E-02  6.2125E-01  1.0000E+00
 6.8711E+03  3.1159E-02  2.6958E-01  3.5399E-02  6.1665E-01  1.0000E+00
 6.9237E+03  3.1200E-02  2.6787E-01  3.5407E-02  6.1209E-01  1.0000E+00
 6.9768E+03  3.1242E-02  2.6618E-01  3.5414E-02  6.0756E-01  1.0000E+00
 7.0302E+03  3.1283E-02  2.6449E-01  3.5421E-02  6.0307E-01  1.0000E+00
 7.0840E+03  3.1324E-02  2.6281E-01  3.5428E-02  5.9861E-01  1.0000E+00
 7.1383E+03  3.1365E-02  2.6114E-01  3.5436E-02  5.9418E-01  1.0000E+00
 7.1929E+03  3.1406E-02  2.5948E-01  3.5443E-02  5.8979E-01  1.0000E+00
 7.2480E+03  3.1446E-02  2.5782E-01  3.5451E-02  5.8543E-01  1.0000E+00
 7.3035E+03  3.1483E-02  2.5615E-01  3.5458E-02  5.8111E-01  1.0000E+00
 7.3595E+03  3.1520E-02  2.5448E-01  3.5466E-02  5.7682E-01  1.0000E+00
 7.4158E+03  3.1556E-02  2.5283E-01  3.5474E-02  5.7256E-01  1.0000E+00
 7.4726E+03  3.1592E-02  2.5118E-01  3.5482E-02  5.6833E-01  1.0000E+00
 7.5299E+03  3.1629E-02  2.4955E-01  3.5489E-02  5.6413E-01  1.0000E+00
 7.5875E+03  3.1665E-02  2.4792E-01  3.5497E-02  5.5997E-01  1.0000E+00
 7.6456E+03  3.1701E-02  2.4630E-01  3.5505E-02  5.5584E-01  1.0000E+00
 7.7042E+03  3.1736E-02  2.4469E-01  3.5513E-02  5.5174E-01  1.0000E+00
 7.7632E+03  3.1772E-02  2.4309E-01  3.5521E-02  5.4767E-01  1.0000E+00
 7.8226E+03  3.1808E-02  2.4150E-01  3.5530E-02  5.4363E-01  1.0000E+00
 7.8825E+03  3.1843E-02  2.3991E-01  3.5538E-02  5.3963E-01  1.0000E+00
 7.9429E+03  3.1878E-02  2.3834E-01  3.5546E-02  5.3565E-01  1.0000E+00
 8.0037E+03  3.1913E-02  2.3677E-01  3.5554E-02  5.3170E-01  1.0000E+00
 8.0650E+03  3.1948E-02  2.3522E-01  3.5563E-02  5.2779E-01  1.0000E+00
 8.1268E+03  3.1983E-02  2.3367E-01  3.5571E-02  5.2390E-01  1.0000E+00
 8.1890E+03  3.2018E-02  2.3213E-01  3.5580E-02  5.2004E-01  1.0000E+00
 8.2518E+03  3.2052E-02  2.3060E-01  3.5588E-02  5.1622E-01  1.0000E+00
 8.3150E+03  3.2087E-02  2.2908E-01  3.5597E-02  5.1242E-01  1.0000E+00
 8.3786E+03  3.2121E-02  2.2757E-01  3.5606E-02  5.0865E-01  1.0000E+00
 8.4428E+03  3.2155E-02  2.2607E-01  3.5615E-02  5.0491E-01  1.0000E+00
 8.5075E+03  3.2189E-02  2.2457E-01  3.5623E-02  5.0119E-01  1.0000E+00
 8.5726E+03  3.2223E-02  2.2309E-01  3.5632E-02  4.9751E-01  1.0000E+00
 8.6383E+03  3.2257E-02  2.2161E-01  3.5641E-02  4.9385E-01  1.0000E+00
 8.7044E+03  3.2291E-02  2.2014E-01  3.5650E-02  4.9022E-01  1.0000E+00
 8.7711E+03  3.2324E-02  2.1868E-01  3.5660E-02  4.8662E-01  1.0000E+00
 8.8383E+03  3.2358E-02  2.1723E-01  3.5669E-02  4.8305E-01  1.0000E+00
 8.9059E+03  3.2391E-02  2.1579E-01  3.5678E-02  4.7950E-01  1.0000E+00
 8.9741E+03  3.2425E-02  2.1435E-01  3.5687E-02  4.7598E-01  1.0000E+00
 9.0429E+03  3.2458E-02  2.1293E-01  3.5697E-02  4.7249E-01  1.0000E+00
 9.1121E+03  3.2491E-02  2.1151E-01  3.5706E-02  4.6903E-01  1.0000E+00
 9.1819E+03  3.2524E-02  2.1010E-01  3.5716E-02  4.6559E-01  1.0000E+00
 9.2522E+03  3.2557E-02  2.0870E-01  3.5726E-02  4.6217E-01  1.0000E+00
 9.3231E+03  3.2589E-02  2.0731E-01  3.5735E-02  4.5878E-01  1.0000E+00
 9.3945E+03  3.2622E-02  2.0592E-01  3.5745E-02  4.5542E-01  1.0000E+00
 9.4664E+03  3.2655E-02  2.0455E-01  3.5755E-02  4.5209E-01  1.0000E+00
 9.5389E+03  3.2687E-02  2.0318E-01  3.5765E-02  4.4878E-01  1.0000E+00
 9.6120E+03  3.2719E-02  2.0182E-01  3.5775E-02  4.4549E-01  1.0000E+00
 9.6856E+03  3.2752E-02  2.0047E-01  3.5785E-02  4.4223E-01  1.0000E+00
 9.7598E+03  3.2784E-02  1.9913E-01  3.5795E-02  4.3899E-01  1.0000E+00
 9.8345E+03  3.2816E-02  1.9780E-01  3.5806E-02  4.3578E-01  1.0000E+00
 9.9098E+03  3.2848E-02  1.9647E-01  3.5816E-02  4.3260E-01  1.0000E+00
 9.9857E+03  3.2880E-02  1.9515E-01  3.5826E-02  4.2943E-01  1.0000E+00
 1.0062E+04  3.2912E-02  1.9384E-01  3.5837E-02  4.2629E-01  1.0000E+00
 1.0139E+04  3.2944E-02  1.9254E-01  3.5848E-02  4.2318E-01  1.0000E+00
 1.0217E+04  3.2975E-02  1.9125E-01  3.5858E-02  4.2009E-01  1.0000E+00
 1.0295E+04  3.3007E-02  1.8996E-01  3.5869E-02  4.1702E-01  1.0000E+00
 1.0374E+04  3.3039E-02  1.8868E-01  3.5880E-02  4.1398E-01  1.0000E+00
 1.0453E+04  3.3070E-02  1.8741E-01  3.5891E-02  4.1096E-01  1.0000E+00
 1.0533E+04  3.3102E-02  1.8615E-01  3.5902E-02  4.0796E-01  1.0000E+00
 1.0614E+04  3.3133E-02  1.8490E-01  3.5913E-02  4.0498E-01  1.0000E+00
 1.0695E+04  3.3164E-02  1.8365E-01  3.5924E-02  4.0203E-01  1.0000E+00
 1.0777E+04  3.3196E-02  1.8241E-01  3.5935E-02  3.9910E-01  1.0000E+00
 1.0860E+04  3.3227E-02  1.8118E-01  3.5947E-02  3.9619E-01  1.0000E+00
 1.0943E+04  3.3258E-02  1.7996E-01  3.5958E-02  3.9331E-01  1.0000E+00
 1.1027E+04  3.3289E-02  1.7874E-01  3.5970E-02  3.9044E-01  1.0000E+00
 1.1111E+04  3.3320E-02  1.7754E-01  3.5981E-02  3.8760E-01  1.0000E+00
 1.1196E+04  3.3351E-02  1.7634E-01  3.5993E-02  3.8478E-01  1.0000E+00
 1.1282E+04  3.3382E-02  1.7514E-01  3.6005E-02  3.8198E-01  1.0000E+00
 1.1369E+04  3.3413E-02  1.7396E-01  3.6017E-02  3.7920E-01  1.0000E+00
 1.1456E+04  3.3443E-02  1.7278E-01  3.6029E-02  3.7645E-01  1.0000E+00
 1.1543E+04  3.3474E-02  1.7161E-01  3.6041E-02  3.7371E-01  1.0000E+00
 1.1632E+04  3.3505E-02  1.7045E-01  3.6053E-02  3.7100E-01  1.0000E+00
 1.1721E+04  3.3536E-02  1.6929E-01  3.6065E-02  3.6830E-01  1.0000E+00
 1.1811E+04  3.3566E-02  1.6814E-01  3.6078E-02  3.6563E-01  1.0000E+00
 1.1901E+04  3.3597E-02  1.6700E-01  3.6090E-02  3.6297E-01  1.0000E+00
 1.1992E+04  3.3627E-02  1.6587E-01  3.6103E-02  3.6034E-01  1.0000E+00
 1.2084E+04  3.3658E-02  1.6474E-01  3.6116E-02  3.5773E-01  1.0000E+00
 1.2177E+04  3.3688E-02  1.6363E-01  3.6128E-02  3.5514E-01  1.0000E+00
 1.2270E+04  3.3719E-02  1.6251E-01  3.6141E-02  3.5256E-01  1.0000E+00
 1.2364E+04  3.3749E-02  1.6141E-01  3.6154E-02  3.5001E-01  1.0000E+00
 1.2458E+04  3.3780E-02  1.6031E-01  3.6167E-02  3.4747E-01  1.0000E+00
 1.2554E+04  3.3810E-02  1.5922E-01  3.6181E-02  3.4496E-01  1.0000E+00
 1.2650E+04  3.3840E-02  1.5814E-01  3.6194E-02  3.4246E-01  1.0000E+00
 1.2747E+04  3.3871E-02  1.5706E-01  3.6207E-02  3.3999E-01  1.0000E+00
 1.2845E+04  3.3901E-02  1.5599E-01  3.6221E-02  3.3753E-01  1.0000E+00
 1.2943E+04  3.3931E-02  1.5493E-01  3.6234E-02  3.3509E-01  1.0000E+00
 1.3042E+04  3.3961E-02  1.5388E-01  3.6248E-02  3.3267E-01  1.0000E+00
 1.3142E+04  3.3992E-02  1.5283E-01  3.6262E-02  3.3026E-01  1.0000E+00
 1.3243E+04  3.4022E-02  1.5179E-01  3.6276E-02  3.2788E-01  1.0000E+00
 1.3344E+04  3.4052E-02  1.5075E-01  3.6290E-02  3.2551E-01  1.0000E+00
 1.3446E+04  3.4082E-02  1.4973E-01  3.6304E-02  3.2317E-01  1.0000E+00
 1.3549E+04  3.4112E-02  1.4870E-01  3.6318E-02  3.2084E-01  1.0000E+00
 1.3653E+04  3.4143E-02  1.4769E-01  3.6333E-02  3.1852E-01  1.0000E+00
 1.3757E+04  3.4173E-02  1.4668E-01  3.6347E-02  3.1623E-01  1.0000E+00
 1.3863E+04  3.4203E-02  1.4568E-01  3.6362E-02  3.1395E-01  1.0000E+00
 1.3969E+04  3.4233E-02  1.4469E-01  3.6376E-02  3.1169E-01  1.0000E+00
 1.4076E+04  3.4263E-02  1.4370E-01  3.6391E-02  3.0945E-01  1.0000E+00
 1.4184E+04  3.4293E-02  1.4272E-01  3.6406E-02  3.0722E-01  1.0000E+00
 1.4292E+04  3.4324E-02  1.4174E-01  3.6421E-02  3.0501E-01  1.0000E+00
 1.4402E+04  3.4354E-02  1.4077E-01  3.6436E-02  3.0282E-01  1.0000E+00
 1.4512E+04  3.4384E-02  1.3981E-01  3.6452E-02  3.0065E-01  1.0000E+00
 1.4623E+04  3.4414E-02  1.3886E-01  3.6467E-02  2.9849E-01  1.0000E+00
 1.4735E+04  3.4444E-02  1.3791E-01  3.6483E-02  2.9635E-01  1.0000E+00
 1.4848E+04  3.4474E-02  1.3696E-01  3.6498E-02  2.9422E-01  1.0000E+00
 1.4962E+04  3.4505E-02  1.3603E-01  3.6514E-02  2.9211E-01  1.0000E+00
 1.5076E+04  3.4535E-02  1.3510E-01  3.6530E-02  2.9002E-01  1.0000E+00
 1.5192E+04  3.4565E-02  1.3417E-01  3.6546E-02  2.8794E-01  1.0000E+00
 1.5308E+04  3.4595E-02  1.3325E-01  3.6562E-02  2.8588E-01  1.0000E+00
 1.5425E+04  3.4626E-02  1.3234E-01  3.6578E-02  2.8383E-01  1.0000E+00
 1.5544E+04  3.4656E-02  1.3144E-01  3.6595E-02  2.8180E-01  1.0000E+00
 1.5663E+04  3.4686E-02  1.3054E-01  3.6611E-02  2.7978E-01  1.0000E+00
 1.5783E+04  3.4717E-02  1.2964E-01  3.6628E-02  2.7778E-01  1.0000E+00
 1.5903E+04  3.4747E-02  1.2876E-01  3.6645E-02  2.7580E-01  1.0000E+00
 1.6025E+04  3.4778E-02  1.2787E-01  3.6662E-02  2.7383E-01  1.0000E+00
 1.6148E+04  3.4808E-02  1.2700E-01  3.6679E-02  2.7188E-01  1.0000E+00
 1.6272E+04  3.4839E-02  1.2613E-01  3.6696E-02  2.6994E-01  1.0000E+00
 1.6396E+04  3.4869E-02  1.2526E-01  3.6714E-02  2.6801E-01  1.0000E+00
 1.6522E+04  3.4900E-02  1.2441E-01  3.6731E-02  2.6610E-01  1.0000E+00
 1.6648E+04  3.4930E-02  1.2355E-01  3.6749E-02  2.6421E-01  1.0000E+00
 1.6776E+04  3.4961E-02  1.2271E-01  3.6766E-02  2.6232E-01  1.0000E+00
 1.6904E+04  3.4992E-02  1.2187E-01  3.6784E-02  2.6046E-01  1.0000E+00
 1.7034E+04  3.5022E-02  1.2103E-01  3.6802E-02  2.5860E-01  1.0000E+00
 1.7164E+04  3.5053E-02  1.2020E-01  3.6821E-02  2.5677E-01  1.0000E+00
 1.7296E+04  3.5084E-02  1.1938E-01  3.6839E-02  2.5494E-01  1.0000E+00
 1.7428E+04  3.5115E-02  1.1856E-01  3.6857E-02  2.5313E-01  1.0000E+00
 1.7562E+04  3.5146E-02  1.1775E-01  3.6876E-02  2.5133E-01  1.0000E+00
 1.7696E+04  3.5177E-02  1.1694E-01  3.6895E-02  2.4955E-01  1.0000E+00
 1.7832E+04  3.5208E-02  1.1614E-01  3.6914E-02  2.4778E-01  1.0000E+00
 1.7968E+04  3.5239E-02  1.1534E-01  3.6933E-02  2.4602E-01  1.0000E+00
 1.8106E+04  3.5270E-02  1.1455E-01  3.6952E-02  2.4428E-01  1.0000E+00
 1.8244E+04  3.5301E-02  1.1377E-01  3.6971E-02  2.4255E-01  1.0000E+00
 1.8384E+04  3.5332E-02  1.1299E-01  3.6991E-02  2.4084E-01  1.0000E+00
 1.8525E+04  3.5364E-02  1.1221E-01  3.7010E-02  2.3913E-01  1.0000E+00
 1.8667E+04  3.5395E-02  1.1144E-01  3.7030E-02  2.3744E-01  1.0000E+00
 1.8810E+04  3.5427E-02  1.1068E-01  3.7050E-02  2.3576E-01  1.0000E+00
 1.8954E+04  3.5458E-02  1.0992E-01  3.7070E-02  2.3410E-01  1.0000E+00
 1.9099E+04  3.5490E-02  1.0917E-01  3.7091E-02  2.3245E-01  1.0000E+00
 1.9245E+04  3.5522E-02  1.0842E-01  3.7111E-02  2.3081E-01  1.0000E+00
 1.9393E+04  3.5553E-02  1.0768E-01  3.7132E-02  2.2918E-01  1.0000E+00
 1.9541E+04  3.5585E-02  1.0694E-01  3.7153E-02  2.2757E-01  1.0000E+00
 1.9691E+04  3.5617E-02  1.0621E-01  3.7174E-02  2.2597E-01  1.0000E+00
 1.9842E+04  3.5649E-02  1.0548E-01  3.7195E-02  2.2438E-01  1.0000E+00
 1.9994E+04  3.5681E-02  1.0476E-01  3.7216E-02  2.2280E-01  1.0000E+00
 2.0147E+04  3.5714E-02  1.0404E-01  3.7238E-02  2.2123E-01  1.0000E+00
 2.0301E+04  3.5746E-02  1.0333E-01  3.7259E-02  2.1968E-01  1.0000E+00
 2.0456E+04  3.5778E-02  1.0262E-01  3.7281E-02  2.1814E-01  1.0000E+00
 2.0613E+04  3.5811E-02  1.0192E-01  3.7303E-02  2.1661E-01  1.0000E+00
 2.0771E+04  3.5843E-02  1.0122E-01  3.7325E-02  2.1509E-01  1.0000E+00
 2.0930E+04  3.5876E-02  1.0052E-01  3.7347E-02  2.1358E-01  1.0000E+00
 2.1090E+04  3.5909E-02  9.9836E-02  3.7370E-02  2.1209E-01  1.0000E+00
 2.1252E+04  3.5942E-02  9.9153E-02  3.7393E-02  2.1060E-01  1.0000E+00
 2.1415E+04  3.5975E-02  9.8474E-02  3.7416E-02  2.0913E-01  1.0000E+00
 2.1579E+04  3.6008E-02  9.7800E-02  3.7439E-02  2.0767E-01  1.0000E+00
 2.1744E+04  3.6041E-02  9.7131E-02  3.7462E-02  2.0622E-01  1.0000E+00
 2.1910E+04  3.6074E-02  9.6467E-02  3.7485E-02  2.0478E-01  1.0000E+00
 2.2078E+04  3.6108E-02  9.5807E-02  3.7509E-02  2.0335E-01  1.0000E+00
 2.2247E+04  3.6141E-02  9.5151E-02  3.7533E-02  2.0193E-01  1.0000E+00
 2.2418E+04  3.6175E-02  9.4501E-02  3.7557E-02  2.0052E-01  1.0000E+00
 2.2589E+04  3.6209E-02  9.3855E-02  3.7581E-02  1.9913E-01  1.0000E+00
 2.2762E+04  3.6242E-02  9.3213E-02  3.7605E-02  1.9774E-01  1.0000E+00
 2.2937E+04  3.6276E-02  9.2576E-02  3.7630E-02  1.9637E-01  1.0000E+00
 2.3112E+04  3.6311E-02  9.1943E-02  3.7655E-02  1.9500E-01  1.0000E+00
 2.3289E+04  3.6345E-02  9.1315E-02  3.7679E-02  1.9365E-01  1.0000E+00
 2.3468E+04  3.6379E-02  9.0691E-02  3.7705E-02  1.9231E-01  1.0000E+00
 2.3647E+04  3.6414E-02  9.0072E-02  3.7730E-02  1.9097E-01  1.0000E+00
 2.3829E+04  3.6448E-02  8.9457E-02  3.7756E-02  1.8965E-01  1.0000E+00
 2.4011E+04  3.6483E-02  8.8846E-02  3.7781E-02  1.8834E-01  1.0000E+00
 2.4195E+04  3.6518E-02  8.8240E-02  3.7807E-02  1.8704E-01  1.0000E+00
 2.4380E+04  3.6553E-02  8.7638E-02  3.7834E-02  1.8574E-01  1.0000E+00
 2.4567E+04  3.6588E-02  8.7040E-02  3.7860E-02  1.8446E-01  1.0000E+00
 2.4755E+04  3.6624E-02  8.6447E-02  3.7887E-02  1.8319E-01  1.0000E+00
 2.4945E+04  3.6659E-02  8.5857E-02  3.7913E-02  1.8192E-01  1.0000E+00
 2.5136E+04  3.6695E-02  8.5272E-02  3.7940E-02  1.8067E-01  1.0000E+00
 2.5328E+04  3.6731E-02  8.4691E-02  3.7968E-02  1.7942E-01  1.0000E+00
 2.5522E+04  3.6767E-02  8.4114E-02  3.7995E-02  1.7819E-01  1.0000E+00
 2.5718E+04  3.6803E-02  8.3541E-02  3.8023E-02  1.7696E-01  1.0000E+00
 2.5915E+04  3.6839E-02  8.2972E-02  3.8051E-02  1.7575E-01  1.0000E+00
 2.6113E+04  3.6875E-02  8.2407E-02  3.8079E-02  1.7454E-01  1.0000E+00
 2.6313E+04  3.6912E-02  8.1847E-02  3.8107E-02  1.7334E-01  1.0000E+00
 2.6515E+04  3.6949E-02  8.1290E-02  3.8136E-02  1.7216E-01  1.0000E+00
 2.6718E+04  3.6986E-02  8.0737E-02  3.8165E-02  1.7098E-01  1.0000E+00
 2.6922E+04  3.7023E-02  8.0188E-02  3.8194E-02  1.6981E-01  1.0000E+00
 2.7128E+04  3.7060E-02  7.9643E-02  3.8223E-02  1.6864E-01  1.0000E+00
 2.7336E+04  3.7098E-02  7.9102E-02  3.8252E-02  1.6749E-01  1.0000E+00
 2.7545E+04  3.7135E-02  7.8565E-02  3.8282E-02  1.6635E-01  1.0000E+00
 2.7756E+04  3.7173E-02  7.8031E-02  3.8312E-02  1.6521E-01  1.0000E+00
 2.7969E+04  3.7211E-02  7.7502E-02  3.8342E-02  1.6409E-01  1.0000E+00
 2.8183E+04  3.7249E-02  7.6976E-02  3.8373E-02  1.6297E-01  1.0000E+00
 2.8399E+04  3.7287E-02  7.6454E-02  3.8404E-02  1.6186E-01  1.0000E+00
 2.8617E+04  3.7326E-02  7.5935E-02  3.8435E-02  1.6076E-01  1.0000E+00
 2.8836E+04  3.7365E-02  7.5421E-02  3.8466E-02  1.5967E-01  1.0000E+00
 2.9056E+04  3.7404E-02  7.4910E-02  3.8497E-02  1.5858E-01  1.0000E+00
 2.9279E+04  3.7443E-02  7.4402E-02  3.8529E-02  1.5751E-01  1.0000E+00
 2.9503E+04  3.7482E-02  7.3899E-02  3.8561E-02  1.5644E-01  1.0000E+00
 2.9729E+04  3.7522E-02  7.3399E-02  3.8593E-02  1.5538E-01  1.0000E+00
 2.9957E+04  3.7561E-02  7.2902E-02  3.8626E-02  1.5433E-01  1.0000E+00
 3.0186E+04  3.7601E-02  7.2409E-02  3.8659E-02  1.5329E-01  1.0000E+00
 3.0417E+04  3.7641E-02  7.1920E-02  3.8692E-02  1.5225E-01  1.0000E+00
 3.0650E+04  3.7682E-02  7.1434E-02  3.8725E-02  1.5123E-01  1.0000E+00
 3.0885E+04  3.7722E-02  7.0952E-02  3.8758E-02  1.5021E-01  1.0000E+00
 3.1122E+04  3.7763E-02  7.0473E-02  3.8792E-02  1.4920E-01  1.0000E+00
 3.1360E+04  3.7804E-02  6.9997E-02  3.8826E-02  1.4819E-01  1.0000E+00
 3.1600E+04  3.7845E-02  6.9525E-02  3.8861E-02  1.4720E-01  1.0000E+00
 3.1842E+04  3.7887E-02  6.9057E-02  3.8895E-02  1.4621E-01  1.0000E+00
 3.2086E+04  3.7929E-02  6.8591E-02  3.8930E-02  1.4523E-01  1.0000E+00
 3.2332E+04  3.7971E-02  6.8129E-02  3.8966E-02  1.4425E-01  1.0000E+00
 3.2579E+04  3.8013E-02  6.7671E-02  3.9001E-02  1.4329E-01  1.0000E+00
 3.2829E+04  3.8055E-02  6.7215E-02  3.9037E-02  1.4233E-01  1.0000E+00
 3.3080E+04  3.8098E-02  6.6763E-02  3.9073E-02  1.4138E-01  1.0000E+00
 3.3334E+04  3.8141E-02  6.6315E-02  3.9110E-02  1.4043E-01  1.0000E+00
 3.3589E+04  3.8184E-02  6.5869E-02  3.9146E-02  1.3950E-01  1.0000E+00
 3.3846E+04  3.8227E-02  6.5427E-02  3.9183E-02  1.3857E-01  1.0000E+00
 3.4105E+04  3.8271E-02  6.4988E-02  3.9220E-02  1.3765E-01  1.0000E+00
 3.4367E+04  3.8315E-02  6.4552E-02  3.9258E-02  1.3673E-01  1.0000E+00
 3.4630E+04  3.8359E-02  6.4119E-02  3.9296E-02  1.3582E-01  1.0000E+00
 3.4895E+04  3.8403E-02  6.3689E-02  3.9334E-02  1.3492E-01  1.0000E+00
 3.5162E+04  3.8448E-02  6.3263E-02  3.9373E-02  1.3403E-01  1.0000E+00
 3.5431E+04  3.8493E-02  6.2840E-02  3.9412E-02  1.3314E-01  1.0000E+00
 3.5703E+04  3.8538E-02  6.2419E-02  3.9451E-02  1.3226E-01  1.0000E+00
 3.5976E+04  3.8584E-02  6.2002E-02  3.9490E-02  1.3138E-01  1.0000E+00
 3.6252E+04  3.8629E-02  6.1588E-02  3.9530E-02  1.3052E-01  1.0000E+00
 3.6529E+04  3.8675E-02  6.1176E-02  3.9570E-02  1.2966E-01  1.0000E+00
 3.6809E+04  3.8722E-02  6.0768E-02  3.9611E-02  1.2880E-01  1.0000E+00
 3.7091E+04  3.8768E-02  6.0363E-02  3.9651E-02  1.2796E-01  1.0000E+00
 3.7375E+04  3.8815E-02  5.9960E-02  3.9692E-02  1.2712E-01  1.0000E+00
 3.7661E+04  3.8862E-02  5.9561E-02  3.9734E-02  1.2628E-01  1.0000E+00
 3.7950E+04  3.8910E-02  5.9164E-02  3.9776E-02  1.2545E-01  1.0000E+00
 3.8240E+04  3.8958E-02  5.8771E-02  3.9818E-02  1.2463E-01  1.0000E+00
 3.8533E+04  3.9006E-02  5.8380E-02  3.9860E-02  1.2382E-01  1.0000E+00
 3.8828E+04  3.9054E-02  5.7992E-02  3.9903E-02  1.2301E-01  1.0000E+00
 3.9126E+04  3.9103E-02  5.7607E-02  3.9946E-02  1.2220E-01  1.0000E+00
 3.9425E+04  3.9152E-02  5.7224E-02  3.9990E-02  1.2141E-01  1.0000E+00
 3.9727E+04  3.9201E-02  5.6845E-02  4.0034E-02  1.2062E-01  1.0000E+00
 4.0032E+04  3.9251E-02  5.6468E-02  4.0078E-02  1.1983E-01  1.0000E+00
 4.0338E+04  3.9301E-02  5.6094E-02  4.0123E-02  1.1905E-01  1.0000E+00
 4.0647E+04  3.9351E-02  5.5723E-02  4.0167E-02  1.1828E-01  1.0000E+00
 4.0958E+04  3.9402E-02  5.5354E-02  4.0213E-02  1.1752E-01  1.0000E+00
 4.1272E+04  3.9453E-02  5.4988E-02  4.0259E-02  1.1675E-01  1.0000E+00
 4.1588E+04  3.9504E-02  5.4625E-02  4.0305E-02  1.1600E-01  1.0000E+00
 4.1907E+04  3.9556E-02  5.4265E-02  4.0351E-02  1.1525E-01  1.0000E+00
 4.2228E+04  3.9608E-02  5.3907E-02  4.0398E-02  1.1451E-01  1.0000E+00
 4.2551E+04  3.9660E-02  5.3551E-02  4.0445E-02  1.1377E-01  1.0000E+00
 4.2877E+04  3.9713E-02  5.3199E-02  4.0493E-02  1.1304E-01  1.0000E+00
 4.3205E+04  3.9766E-02  5.2849E-02  4.0541E-02  1.1231E-01  1.0000E+00
 4.3536E+04  3.9819E-02  5.2501E-02  4.0589E-02  1.1159E-01  1.0000E+00
 4.3869E+04  3.9873E-02  5.2156E-02  4.0638E-02  1.1088E-01  1.0000E+00
 4.4205E+04  3.9927E-02  5.1813E-02  4.0687E-02  1.1017E-01  1.0000E+00
 4.4544E+04  3.9981E-02  5.1474E-02  4.0737E-02  1.0946E-01  1.0000E+00
 4.4885E+04  4.0036E-02  5.1136E-02  4.0787E-02  1.0877E-01  1.0000E+00
 4.5229E+04  4.0091E-02  5.0801E-02  4.0837E-02  1.0807E-01  1.0000E+00
 4.5575E+04  4.0147E-02  5.0468E-02  4.0888E-02  1.0738E-01  1.0000E+00
 4.5924E+04  4.0203E-02  5.0138E-02  4.0940E-02  1.0670E-01  1.0000E+00
 4.6276E+04  4.0259E-02  4.9811E-02  4.0991E-02  1.0603E-01  1.0000E+00
 4.6630E+04  4.0316E-02  4.9485E-02  4.1044E-02  1.0535E-01  1.0000E+00
 4.6987E+04  4.0373E-02  4.9163E-02  4.1096E-02  1.0469E-01  1.0000E+00
 4.7347E+04  4.0431E-02  4.8842E-02  4.1149E-02  1.0403E-01  1.0000E+00
 4.7710E+04  4.0489E-02  4.8524E-02  4.1203E-02  1.0337E-01  1.0000E+00
 4.8075E+04  4.0547E-02  4.8208E-02  4.1257E-02  1.0272E-01  1.0000E+00
 4.8443E+04  4.0606E-02  4.7895E-02  4.1311E-02  1.0207E-01  1.0000E+00
 4.8814E+04  4.0665E-02  4.7583E-02  4.1366E-02  1.0143E-01  1.0000E+00
 4.9188E+04  4.0725E-02  4.7275E-02  4.1421E-02  1.0079E-01  1.0000E+00
 4.9565E+04  4.0785E-02  4.6968E-02  4.1477E-02  1.0016E-01  1.0000E+00
 4.9945E+04  4.0846E-02  4.6664E-02  4.1533E-02  9.9535E-02  1.0000E+00
 5.0327E+04  4.0907E-02  4.6362E-02  4.1590E-02  9.8913E-02  1.0000E+00
 5.0713E+04  4.0968E-02  4.6062E-02  4.1647E-02  9.8296E-02  1.0000E+00
 5.1101E+04  4.1030E-02  4.5764E-02  4.1704E-02  9.7684E-02  1.0000E+00
 5.1492E+04  4.1092E-02  4.5469E-02  4.1762E-02  9.7077E-02  1.0000E+00
 5.1887E+04  4.1155E-02  4.5175E-02  4.1821E-02  9.6474E-02  1.0000E+00
 5.2284E+04  4.1218E-02  4.4884E-02  4.1880E-02  9.5876E-02  1.0000E+00
 5.2684E+04  4.1282E-02  4.4595E-02  4.1940E-02  9.5283E-02  1.0000E+00
 5.3088E+04  4.1346E-02  4.4308E-02  4.2000E-02  9.4694E-02  1.0000E+00
 5.3494E+04  4.1410E-02  4.4024E-02  4.2060E-02  9.4110E-02  1.0000E+00
 5.3904E+04  4.1475E-02  4.3741E-02  4.2121E-02  9.3530E-02  1.0000E+00
 5.4317E+04  4.1541E-02  4.3461E-02  4.2183E-02  9.2955E-02  1.0000E+00
 5.4733E+04  4.1607E-02  4.3182E-02  4.2245E-02  9.2384E-02  1.0000E+00
 5.5152E+04  4.1674E-02  4.2906E-02  4.2308E-02  9.1818E-02  1.0000E+00
 5.5574E+04  4.1741E-02  4.2631E-02  4.2371E-02  9.1256E-02  1.0000E+00
 5.6000E+04  4.1808E-02  4.2359E-02  4.2434E-02  9.0699E-02  1.0000E+00
 5.6429E+04  4.1876E-02  4.2089E-02  4.2499E-02  9.0146E-02  1.0000E+00
 5.6861E+04  4.1945E-02  4.1821E-02  4.2563E-02  8.9597E-02  1.0000E+00
 5.7297E+04  4.2014E-02  4.1554E-02  4.2629E-02  8.9053E-02  1.0000E+00
 5.7735E+04  4.2083E-02  4.1290E-02  4.2695E-02  8.8512E-02  1.0000E+00
 5.8177E+04  4.2153E-02  4.1028E-02  4.2761E-02  8.7976E-02  1.0000E+00
 5.8623E+04  4.2224E-02  4.0767E-02  4.2828E-02  8.7444E-02  1.0000E+00
 5.9072E+04  4.2295E-02  4.0509E-02  4.2895E-02  8.6917E-02  1.0000E+00
 5.9524E+04  4.2367E-02  4.0252E-02  4.2964E-02  8.6393E-02  1.0000E+00
 5.9980E+04  4.2439E-02  3.9998E-02  4.3032E-02  8.5873E-02  1.0000E+00
 6.0440E+04  4.2512E-02  3.9745E-02  4.3102E-02  8.5358E-02  1.0000E+00
 6.0902E+04  4.2585E-02  3.9494E-02  4.3171E-02  8.4846E-02  1.0000E+00
 6.1369E+04  4.2659E-02  3.9245E-02  4.3242E-02  8.4339E-02  1.0000E+00
 6.1839E+04  4.2734E-02  3.8998E-02  4.3313E-02  8.3836E-02  1.0000E+00
 6.2312E+04  4.2809E-02  3.8752E-02  4.3385E-02  8.3336E-02  1.0000E+00
 6.2790E+04  4.2885E-02  3.8509E-02  4.3457E-02  8.2840E-02  1.0000E+00
 6.3270E+04  4.2961E-02  3.8267E-02  4.3530E-02  8.2349E-02  1.0000E+00
 6.3755E+04  4.3038E-02  3.8027E-02  4.3603E-02  8.1861E-02  1.0000E+00
 6.4243E+04  4.3115E-02  3.7789E-02  4.3677E-02  8.1377E-02  1.0000E+00
 6.4735E+04  4.3193E-02  3.7553E-02  4.3752E-02  8.0896E-02  1.0000E+00
 6.5231E+04  4.3272E-02  3.7318E-02  4.3827E-02  8.0420E-02  1.0000E+00
 6.5731E+04  4.3351E-02  3.7086E-02  4.3903E-02  7.9947E-02  1.0000E+00
 6.6234E+04  4.3431E-02  3.6855E-02  4.3980E-02  7.9478E-02  1.0000E+00
 6.6741E+04  4.3512E-02  3.6625E-02  4.4057E-02  7.9013E-02  1.0000E+00
 6.7252E+04  4.3593E-02  3.6398E-02  4.4135E-02  7.8551E-02  1.0000E+00
 6.7767E+04  4.3675E-02  3.6172E-02  4.4214E-02  7.8093E-02  1.0000E+00
 6.8286E+04  4.3757E-02  3.5947E-02  4.4293E-02  7.7638E-02  1.0000E+00
 6.8809E+04  4.3840E-02  3.5725E-02  4.4373E-02  7.7188E-02  1.0000E+00
 6.9336E+04  4.3924E-02  3.5504E-02  4.4454E-02  7.6740E-02  1.0000E+00
 6.9867E+04  4.4008E-02  3.5285E-02  4.4535E-02  7.6296E-02  1.0000E+00
 7.0402E+04  4.4094E-02  3.5067E-02  4.4618E-02  7.5856E-02  1.0000E+00
 7.0942E+04  4.4179E-02  3.4851E-02  4.4700E-02  7.5419E-02  1.0000E+00
 7.1485E+04  4.4266E-02  3.4637E-02  4.4784E-02  7.4986E-02  1.0000E+00
 7.2032E+04  4.4353E-02  3.4424E-02  4.4868E-02  7.4556E-02  1.0000E+00
 7.2584E+04  4.4441E-02  3.4213E-02  4.4953E-02  7.4129E-02  1.0000E+00
 7.3140E+04  4.4530E-02  3.4003E-02  4.5039E-02  7.3706E-02  1.0000E+00
 7.3700E+04  4.4619E-02  3.3795E-02  4.5125E-02  7.3286E-02  1.0000E+00
 7.4264E+04  4.4709E-02  3.3589E-02  4.5212E-02  7.2870E-02  1.0000E+00
 7.4833E+04  4.4800E-02  3.3384E-02  4.5300E-02  7.2457E-02  1.0000E+00
 7.5406E+04  4.4891E-02  3.3180E-02  4.5389E-02  7.2047E-02  1.0000E+00
 7.5984E+04  4.4983E-02  3.2978E-02  4.5478E-02  7.1640E-02  1.0000E+00
 7.6566E+04  4.5076E-02  3.2778E-02  4.5569E-02  7.1237E-02  1.0000E+00
 7.7152E+04  4.5170E-02  3.2579E-02  4.5660E-02  7.0836E-02  1.0000E+00
 7.7743E+04  4.5265E-02  3.2382E-02  4.5751E-02  7.0439E-02  1.0000E+00
 7.8338E+04  4.5360E-02  3.2186E-02  4.5844E-02  7.0045E-02  1.0000E+00
 7.8938E+04  4.5456E-02  3.1992E-02  4.5937E-02  6.9655E-02  1.0000E+00
 7.9543E+04  4.5553E-02  3.1799E-02  4.6031E-02  6.9267E-02  1.0000E+00
 8.0152E+04  4.5651E-02  3.1607E-02  4.6126E-02  6.8883E-02  1.0000E+00
 8.0766E+04  4.5749E-02  3.1417E-02  4.6222E-02  6.8501E-02  1.0000E+00
 8.1384E+04  4.5848E-02  3.1228E-02  4.6319E-02  6.8123E-02  1.0000E+00
 8.2008E+04  4.5948E-02  3.1041E-02  4.6417E-02  6.7747E-02  1.0000E+00
 8.2636E+04  4.6049E-02  3.0855E-02  4.6515E-02  6.7375E-02  1.0000E+00
 8.3268E+04  4.6151E-02  3.0671E-02  4.6614E-02  6.7005E-02  1.0000E+00
 8.3906E+04  4.6254E-02  3.0488E-02  4.6714E-02  6.6639E-02  1.0000E+00
 8.4549E+04  4.6357E-02  3.0306E-02  4.6815E-02  6.6275E-02  1.0000E+00
 8.5196E+04  4.6462E-02  3.0126E-02  4.6917E-02  6.5915E-02  1.0000E+00
 8.5849E+04  4.6567E-02  2.9947E-02  4.7020E-02  6.5557E-02  1.0000E+00
 8.6506E+04  4.6673E-02  2.9770E-02  4.7123E-02  6.5202E-02  1.0000E+00
 8.7169E+04  4.6780E-02  2.9593E-02  4.7228E-02  6.4850E-02  1.0000E+00
 8.7836E+04  4.6888E-02  2.9419E-02  4.7333E-02  6.4501E-02  1.0000E+00
 8.8509E+04  4.6997E-02  2.9245E-02  4.7440E-02  6.4155E-02  1.0000E+00
 8.9187E+04  4.7106E-02  2.9073E-02  4.7547E-02  6.3811E-02  1.0000E+00
 8.9870E+04  4.7217E-02  2.8902E-02  4.7655E-02  6.3470E-02  1.0000E+00
 9.0558E+04  4.7329E-02  2.8732E-02  4.7765E-02  6.3132E-02  1.0000E+00
 9.1252E+04  4.7441E-02  2.8564E-02  4.7875E-02  6.2797E-02  1.0000E+00
 9.1950E+04  4.7555E-02  2.8397E-02  4.7986E-02  6.2465E-02  1.0000E+00
 9.2655E+04  4.7669E-02  2.8231E-02  4.8098E-02  6.2135E-02  1.0000E+00
 9.3364E+04  4.7784E-02  2.8066E-02  4.8211E-02  6.1808E-02  1.0000E+00
 9.4079E+04  4.7901E-02  2.7903E-02  4.8326E-02  6.1483E-02  1.0000E+00
 9.4800E+04  4.8018E-02  2.7741E-02  4.8441E-02  6.1161E-02  1.0000E+00
 9.5526E+04  4.8136E-02  2.7580E-02  4.8557E-02  6.0842E-02  1.0000E+00
 9.6257E+04  4.8256E-02  2.7420E-02  4.8674E-02  6.0525E-02  1.0000E+00
 9.6994E+04  4.8376E-02  2.7262E-02  4.8792E-02  6.0211E-02  1.0000E+00
 9.7737E+04  4.8498E-02  2.7104E-02  4.8912E-02  5.9900E-02  1.0000E+00
 9.8486E+04  4.8620E-02  2.6948E-02  4.9032E-02  5.9591E-02  1.0000E+00
 9.9240E+04  4.8744E-02  2.6793E-02  4.9153E-02  5.9284E-02  1.0000E+00
 1.0000E+05  4.8868E-02  2.6640E-02  4.9276E-02  5.8980E-02  1.0000E+00


