#     0	 1	   21	 1	 1.0080E+03	 1000	1
 4.8978E+01  0.0000E+00  0.0000E+00  0.0000E+00  0.0000E+00  0.0000E+00
 4.9353E+01  0.0000E+00  0.0000E+00  0.0000E+00  0.0000E+00  0.0000E+00
 4.9731E+01  0.0000E+00  0.0000E+00  0.0000E+00  0.0000E+00  0.0000E+00
 5.0112E+01  0.0000E+00  0.0000E+00  0.0000E+00  0.0000E+00  0.0000E+00
 5.0496E+01  0.0000E+00  0.0000E+00  0.0000E+00  0.0000E+00  0.0000E+00
 5.0882E+01  0.0000E+00  0.0000E+00  0.0000E+00  0.0000E+00  0.0000E+00
 5.1272E+01  0.0000E+00  0.0000E+00  0.0000E+00  0.0000E+00  0.0000E+00
 5.1665E+01  0.0000E+00  0.0000E+00  0.0000E+00  0.0000E+00  0.0000E+00
 5.2060E+01  0.0000E+00  0.0000E+00  0.0000E+00  0.0000E+00  0.0000E+00
 5.2459E+01  0.0000E+00  0.0000E+00  0.0000E+00  0.0000E+00  0.0000E+00
 5.2861E+01  0.0000E+00  0.0000E+00  0.0000E+00  0.0000E+00  0.0000E+00
 5.3266E+01  0.0000E+00  0.0000E+00  0.0000E+00  0.0000E+00  0.0000E+00
 5.3673E+01  0.0000E+00  0.0000E+00  0.0000E+00  0.0000E+00  0.0000E+00
 5.4085E+01  0.0000E+00  0.0000E+00  0.0000E+00  0.0000E+00  0.0000E+00
 5.4499E+01  0.0000E+00  0.0000E+00  0.0000E+00  0.0000E+00  0.0000E+00
 5.4916E+01  0.0000E+00  0.0000E+00  0.0000E+00  0.0000E+00  0.0000E+00
 5.5337E+01  0.0000E+00  0.0000E+00  0.0000E+00  0.0000E+00  0.0000E+00
 5.5760E+01  0.0000E+00  0.0000E+00  0.0000E+00  0.0000E+00  0.0000E+00
 5.6187E+01  0.0000E+00  0.0000E+00  0.0000E+00  0.0000E+00  0.0000E+00
 5.6618E+01  0.0000E+00  0.0000E+00  0.0000E+00  0.0000E+00  0.0000E+00
 5.7051E+01  0.0000E+00  0.0000E+00  0.0000E+00  0.0000E+00  0.0000E+00
 5.7488E+01  0.0000E+00  0.0000E+00  0.0000E+00  0.0000E+00  0.0000E+00
 5.7929E+01  0.0000E+00  0.0000E+00  0.0000E+00  0.0000E+00  0.0000E+00
 5.8372E+01  0.0000E+00  0.0000E+00  0.0000E+00  0.0000E+00  0.0000E+00
 5.8819E+01  0.0000E+00  0.0000E+00  0.0000E+00  0.0000E+00  0.0000E+00
 5.9270E+01  0.0000E+00  0.0000E+00  0.0000E+00  0.0000E+00  0.0000E+00
 5.9724E+01  0.0000E+00  0.0000E+00  0.0000E+00  0.0000E+00  0.0000E+00
 6.0181E+01  0.0000E+00  0.0000E+00  0.0000E+00  0.0000E+00  0.0000E+00
 6.0642E+01  0.0000E+00  0.0000E+00  0.0000E+00  0.0000E+00  0.0000E+00
 6.1106E+01  0.0000E+00  0.0000E+00  0.0000E+00  0.0000E+00  0.0000E+00
 6.1574E+01  0.0000E+00  0.0000E+00  0.0000E+00  0.0000E+00  0.0000E+00
 6.2046E+01  0.0000E+00  0.0000E+00  0.0000E+00  0.0000E+00  0.0000E+00
 6.2521E+01  0.0000E+00  0.0000E+00  0.0000E+00  0.0000E+00  0.0000E+00
 6.3000E+01  0.0000E+00  0.0000E+00  0.0000E+00  0.0000E+00  0.0000E+00
 6.3482E+01  0.0000E+00  0.0000E+00  0.0000E+00  0.0000E+00  0.0000E+00
 6.3968E+01  0.0000E+00  0.0000E+00  0.0000E+00  0.0000E+00  0.0000E+00
 6.4458E+01  0.0000E+00  0.0000E+00  0.0000E+00  0.0000E+00  0.0000E+00
 6.4952E+01  0.0000E+00  0.0000E+00  0.0000E+00  0.0000E+00  0.0000E+00
 6.5449E+01  0.0000E+00  0.0000E+00  0.0000E+00  0.0000E+00  0.0000E+00
 6.5951E+01  0.0000E+00  0.0000E+00  0.0000E+00  0.0000E+00  0.0000E+00
 6.6456E+01  0.0000E+00  0.0000E+00  0.0000E+00  0.0000E+00  0.0000E+00
 6.6965E+01  0.0000E+00  0.0000E+00  0.0000E+00  0.0000E+00  0.0000E+00
 6.7478E+01  0.0000E+00  0.0000E+00  0.0000E+00  0.0000E+00  0.0000E+00
 6.7994E+01  0.0000E+00  0.0000E+00  0.0000E+00  0.0000E+00  0.0000E+00
 6.8515E+01  0.0000E+00  0.0000E+00  0.0000E+00  0.0000E+00  0.0000E+00
 6.9040E+01  0.0000E+00  0.0000E+00  0.0000E+00  0.0000E+00  0.0000E+00
 6.9568E+01  0.0000E+00  0.0000E+00  0.0000E+00  0.0000E+00  0.0000E+00
 7.0101E+01  0.0000E+00  0.0000E+00  0.0000E+00  0.0000E+00  0.0000E+00
 7.0638E+01  0.0000E+00  0.0000E+00  0.0000E+00  0.0000E+00  0.0000E+00
 7.1179E+01  0.0000E+00  0.0000E+00  0.0000E+00  0.0000E+00  0.0000E+00
 7.1724E+01  0.0000E+00  0.0000E+00  0.0000E+00  0.0000E+00  0.0000E+00
 7.2273E+01  0.0000E+00  0.0000E+00  0.0000E+00  0.0000E+00  0.0000E+00
 7.2827E+01  0.0000E+00  0.0000E+00  0.0000E+00  0.0000E+00  0.0000E+00
 7.3385E+01  0.0000E+00  0.0000E+00  0.0000E+00  0.0000E+00  0.0000E+00
 7.3947E+01  0.0000E+00  0.0000E+00  0.0000E+00  0.0000E+00  0.0000E+00
 7.4513E+01  0.0000E+00  0.0000E+00  0.0000E+00  0.0000E+00  0.0000E+00
 7.5084E+01  0.0000E+00  0.0000E+00  0.0000E+00  0.0000E+00  0.0000E+00
 7.5659E+01  0.0000E+00  0.0000E+00  0.0000E+00  0.0000E+00  0.0000E+00
 7.6238E+01  0.0000E+00  0.0000E+00  0.0000E+00  0.0000E+00  0.0000E+00
 7.6822E+01  0.0000E+00  0.0000E+00  0.0000E+00  0.0000E+00  0.0000E+00
 7.7410E+01  0.0000E+00  0.0000E+00  0.0000E+00  0.0000E+00  0.0000E+00
 7.8003E+01  0.0000E+00  0.0000E+00  0.0000E+00  0.0000E+00  0.0000E+00
 7.8601E+01  0.0000E+00  0.0000E+00  0.0000E+00  0.0000E+00  0.0000E+00
 7.9202E+01  0.0000E+00  0.0000E+00  0.0000E+00  0.0000E+00  0.0000E+00
 7.9809E+01  0.0000E+00  0.0000E+00  0.0000E+00  0.0000E+00  0.0000E+00
 8.0420E+01  0.0000E+00  0.0000E+00  0.0000E+00  0.0000E+00  0.0000E+00
 8.1036E+01  0.0000E+00  0.0000E+00  0.0000E+00  0.0000E+00  0.0000E+00
 8.1657E+01  0.0000E+00  0.0000E+00  0.0000E+00  0.0000E+00  0.0000E+00
 8.2282E+01  0.0000E+00  0.0000E+00  0.0000E+00  0.0000E+00  0.0000E+00
 8.2912E+01  0.0000E+00  0.0000E+00  0.0000E+00  0.0000E+00  0.0000E+00
 8.3547E+01  0.0000E+00  0.0000E+00  0.0000E+00  0.0000E+00  0.0000E+00
 8.4187E+01  0.0000E+00  0.0000E+00  0.0000E+00  0.0000E+00  0.0000E+00
 8.4832E+01  0.0000E+00  0.0000E+00  0.0000E+00  0.0000E+00  0.0000E+00
 8.5481E+01  0.0000E+00  0.0000E+00  0.0000E+00  0.0000E+00  0.0000E+00
 8.6136E+01  0.0000E+00  0.0000E+00  0.0000E+00  0.0000E+00  0.0000E+00
 8.6796E+01  0.0000E+00  0.0000E+00  0.0000E+00  0.0000E+00  0.0000E+00
 8.7460E+01  0.0000E+00  0.0000E+00  0.0000E+00  0.0000E+00  0.0000E+00
 8.8130E+01  0.0000E+00  0.0000E+00  0.0000E+00  0.0000E+00  0.0000E+00
 8.8805E+01  0.0000E+00  0.0000E+00  0.0000E+00  0.0000E+00  0.0000E+00
 8.9485E+01  0.0000E+00  0.0000E+00  0.0000E+00  0.0000E+00  0.0000E+00
 9.0171E+01  0.0000E+00  0.0000E+00  0.0000E+00  0.0000E+00  0.0000E+00
 9.0861E+01  0.0000E+00  0.0000E+00  0.0000E+00  0.0000E+00  0.0000E+00
 9.1557E+01  0.0000E+00  0.0000E+00  0.0000E+00  0.0000E+00  0.0000E+00
 9.2258E+01  0.0000E+00  0.0000E+00  0.0000E+00  0.0000E+00  0.0000E+00
 9.2965E+01  0.0000E+00  0.0000E+00  0.0000E+00  0.0000E+00  0.0000E+00
 9.3677E+01  0.0000E+00  0.0000E+00  0.0000E+00  0.0000E+00  0.0000E+00
 9.4394E+01  0.0000E+00  0.0000E+00  0.0000E+00  0.0000E+00  0.0000E+00
 9.5117E+01  0.0000E+00  0.0000E+00  0.0000E+00  0.0000E+00  0.0000E+00
 9.5845E+01  0.0000E+00  0.0000E+00  0.0000E+00  0.0000E+00  0.0000E+00
 9.6579E+01  0.0000E+00  0.0000E+00  0.0000E+00  0.0000E+00  0.0000E+00
 9.7319E+01  0.0000E+00  0.0000E+00  0.0000E+00  0.0000E+00  0.0000E+00
 9.8064E+01  0.0000E+00  0.0000E+00  0.0000E+00  0.0000E+00  0.0000E+00
 9.8815E+01  0.0000E+00  0.0000E+00  0.0000E+00  0.0000E+00  0.0000E+00
 9.9572E+01  0.0000E+00  0.0000E+00  0.0000E+00  0.0000E+00  0.0000E+00
 1.0033E+02  0.0000E+00  0.0000E+00  0.0000E+00  0.0000E+00  0.0000E+00
 1.0110E+02  0.0000E+00  0.0000E+00  0.0000E+00  0.0000E+00  0.0000E+00
 1.0188E+02  0.0000E+00  0.0000E+00  0.0000E+00  0.0000E+00  0.0000E+00
 1.0266E+02  0.0000E+00  0.0000E+00  0.0000E+00  0.0000E+00  0.0000E+00
 1.0344E+02  0.0000E+00  0.0000E+00  0.0000E+00  0.0000E+00  0.0000E+00
 1.0424E+02  0.0000E+00  0.0000E+00  0.0000E+00  0.0000E+00  0.0000E+00
 1.0503E+02  0.0000E+00  0.0000E+00  0.0000E+00  0.0000E+00  0.0000E+00
 1.0584E+02  0.0000E+00  0.0000E+00  0.0000E+00  0.0000E+00  0.0000E+00
 1.0665E+02  0.0000E+00  0.0000E+00  0.0000E+00  0.0000E+00  0.0000E+00
 1.0747E+02  0.0000E+00  0.0000E+00  0.0000E+00  0.0000E+00  0.0000E+00
 1.0829E+02  0.0000E+00  0.0000E+00  0.0000E+00  0.0000E+00  0.0000E+00
 1.0912E+02  0.0000E+00  0.0000E+00  0.0000E+00  0.0000E+00  0.0000E+00
 1.0995E+02  0.0000E+00  0.0000E+00  0.0000E+00  0.0000E+00  0.0000E+00
 1.1080E+02  0.0000E+00  0.0000E+00  0.0000E+00  0.0000E+00  0.0000E+00
 1.1164E+02  0.0000E+00  0.0000E+00  0.0000E+00  0.0000E+00  0.0000E+00
 1.1250E+02  0.0000E+00  0.0000E+00  0.0000E+00  0.0000E+00  0.0000E+00
 1.1336E+02  0.0000E+00  0.0000E+00  0.0000E+00  0.0000E+00  0.0000E+00
 1.1423E+02  0.0000E+00  0.0000E+00  0.0000E+00  0.0000E+00  0.0000E+00
 1.1510E+02  0.0000E+00  0.0000E+00  0.0000E+00  0.0000E+00  0.0000E+00
 1.1599E+02  0.0000E+00  0.0000E+00  0.0000E+00  0.0000E+00  0.0000E+00
 1.1687E+02  0.0000E+00  0.0000E+00  0.0000E+00  0.0000E+00  0.0000E+00
 1.1777E+02  0.0000E+00  0.0000E+00  0.0000E+00  0.0000E+00  0.0000E+00
 1.1867E+02  0.0000E+00  0.0000E+00  0.0000E+00  0.0000E+00  0.0000E+00
 1.1958E+02  0.0000E+00  0.0000E+00  0.0000E+00  0.0000E+00  0.0000E+00
 1.2050E+02  0.0000E+00  0.0000E+00  0.0000E+00  0.0000E+00  0.0000E+00
 1.2142E+02  0.0000E+00  0.0000E+00  0.0000E+00  0.0000E+00  0.0000E+00
 1.2235E+02  0.0000E+00  0.0000E+00  0.0000E+00  0.0000E+00  0.0000E+00
 1.2329E+02  0.0000E+00  0.0000E+00  0.0000E+00  0.0000E+00  0.0000E+00
 1.2423E+02  0.0000E+00  0.0000E+00  0.0000E+00  0.0000E+00  0.0000E+00
 1.2518E+02  0.0000E+00  0.0000E+00  0.0000E+00  0.0000E+00  0.0000E+00
 1.2614E+02  0.0000E+00  0.0000E+00  0.0000E+00  0.0000E+00  0.0000E+00
 1.2711E+02  0.0000E+00  0.0000E+00  0.0000E+00  0.0000E+00  0.0000E+00
 1.2808E+02  0.0000E+00  0.0000E+00  0.0000E+00  0.0000E+00  0.0000E+00
 1.2906E+02  0.0000E+00  0.0000E+00  0.0000E+00  0.0000E+00  0.0000E+00
 1.3005E+02  0.0000E+00  0.0000E+00  0.0000E+00  0.0000E+00  0.0000E+00
 1.3104E+02  0.0000E+00  0.0000E+00  0.0000E+00  0.0000E+00  0.0000E+00
 1.3205E+02  0.0000E+00  0.0000E+00  0.0000E+00  0.0000E+00  0.0000E+00
 1.3306E+02  0.0000E+00  0.0000E+00  0.0000E+00  0.0000E+00  0.0000E+00
 1.3408E+02  0.0000E+00  0.0000E+00  0.0000E+00  0.0000E+00  0.0000E+00
 1.3510E+02  0.0000E+00  0.0000E+00  0.0000E+00  0.0000E+00  0.0000E+00
 1.3614E+02  0.0000E+00  0.0000E+00  0.0000E+00  0.0000E+00  0.0000E+00
 1.3718E+02  0.0000E+00  0.0000E+00  0.0000E+00  0.0000E+00  0.0000E+00
 1.3823E+02  0.0000E+00  0.0000E+00  0.0000E+00  0.0000E+00  0.0000E+00
 1.3929E+02  0.0000E+00  0.0000E+00  0.0000E+00  0.0000E+00  0.0000E+00
 1.4036E+02  0.0000E+00  0.0000E+00  0.0000E+00  0.0000E+00  0.0000E+00
 1.4143E+02  0.0000E+00  0.0000E+00  0.0000E+00  0.0000E+00  0.0000E+00
 1.4252E+02  0.0000E+00  0.0000E+00  0.0000E+00  0.0000E+00  0.0000E+00
 1.4361E+02  0.0000E+00  0.0000E+00  0.0000E+00  0.0000E+00  0.0000E+00
 1.4471E+02  0.0000E+00  0.0000E+00  0.0000E+00  0.0000E+00  0.0000E+00
 1.4582E+02  0.0000E+00  0.0000E+00  0.0000E+00  0.0000E+00  0.0000E+00
 1.4693E+02  0.0000E+00  0.0000E+00  0.0000E+00  0.0000E+00  0.0000E+00
 1.4806E+02  0.0000E+00  0.0000E+00  0.0000E+00  0.0000E+00  0.0000E+00
 1.4919E+02  0.0000E+00  0.0000E+00  0.0000E+00  0.0000E+00  0.0000E+00
 1.5033E+02  0.0000E+00  0.0000E+00  0.0000E+00  0.0000E+00  0.0000E+00
 1.5149E+02  0.0000E+00  0.0000E+00  0.0000E+00  0.0000E+00  0.0000E+00
 1.5265E+02  0.0000E+00  0.0000E+00  0.0000E+00  0.0000E+00  0.0000E+00
 1.5381E+02  0.0000E+00  0.0000E+00  0.0000E+00  0.0000E+00  0.0000E+00
 1.5499E+02  0.0000E+00  0.0000E+00  0.0000E+00  0.0000E+00  0.0000E+00
 1.5618E+02  0.0000E+00  0.0000E+00  0.0000E+00  0.0000E+00  0.0000E+00
 1.5738E+02  0.0000E+00  0.0000E+00  0.0000E+00  0.0000E+00  0.0000E+00
 1.5858E+02  0.0000E+00  0.0000E+00  0.0000E+00  0.0000E+00  0.0000E+00
 1.5980E+02  0.0000E+00  0.0000E+00  0.0000E+00  0.0000E+00  0.0000E+00
 1.6102E+02  0.0000E+00  0.0000E+00  0.0000E+00  0.0000E+00  0.0000E+00
 1.6225E+02  0.0000E+00  0.0000E+00  0.0000E+00  0.0000E+00  0.0000E+00
 1.6349E+02  0.0000E+00  0.0000E+00  0.0000E+00  0.0000E+00  0.0000E+00
 1.6475E+02  0.0000E+00  0.0000E+00  0.0000E+00  0.0000E+00  0.0000E+00
 1.6601E+02  0.0000E+00  0.0000E+00  0.0000E+00  0.0000E+00  0.0000E+00
 1.6728E+02  0.0000E+00  0.0000E+00  0.0000E+00  0.0000E+00  0.0000E+00
 1.6856E+02  0.0000E+00  0.0000E+00  0.0000E+00  0.0000E+00  0.0000E+00
 1.6985E+02  0.0000E+00  0.0000E+00  0.0000E+00  0.0000E+00  0.0000E+00
 1.7115E+02  0.0000E+00  0.0000E+00  0.0000E+00  0.0000E+00  0.0000E+00
 1.7246E+02  0.0000E+00  0.0000E+00  0.0000E+00  0.0000E+00  0.0000E+00
 1.7378E+02  0.0000E+00  0.0000E+00  0.0000E+00  0.0000E+00  0.0000E+00
 1.7511E+02  0.0000E+00  0.0000E+00  0.0000E+00  0.0000E+00  0.0000E+00
 1.7646E+02  0.0000E+00  0.0000E+00  0.0000E+00  0.0000E+00  0.0000E+00
 1.7781E+02  0.0000E+00  0.0000E+00  0.0000E+00  0.0000E+00  0.0000E+00
 1.7917E+02  0.0000E+00  0.0000E+00  0.0000E+00  0.0000E+00  0.0000E+00
 1.8054E+02  0.0000E+00  0.0000E+00  0.0000E+00  0.0000E+00  0.0000E+00
 1.8192E+02  0.0000E+00  0.0000E+00  0.0000E+00  0.0000E+00  0.0000E+00
 1.8332E+02  0.0000E+00  0.0000E+00  0.0000E+00  0.0000E+00  0.0000E+00
 1.8472E+02  0.0000E+00  0.0000E+00  0.0000E+00  0.0000E+00  0.0000E+00
 1.8614E+02  0.0000E+00  0.0000E+00  0.0000E+00  0.0000E+00  0.0000E+00
 1.8756E+02  0.0000E+00  0.0000E+00  0.0000E+00  0.0000E+00  0.0000E+00
 1.8900E+02  0.0000E+00  0.0000E+00  0.0000E+00  0.0000E+00  0.0000E+00
 1.9045E+02  0.0000E+00  0.0000E+00  0.0000E+00  0.0000E+00  0.0000E+00
 1.9190E+02  0.0000E+00  0.0000E+00  0.0000E+00  0.0000E+00  0.0000E+00
 1.9337E+02  0.0000E+00  0.0000E+00  0.0000E+00  0.0000E+00  0.0000E+00
 1.9485E+02  0.0000E+00  0.0000E+00  0.0000E+00  0.0000E+00  0.0000E+00
 1.9635E+02  0.0000E+00  0.0000E+00  0.0000E+00  0.0000E+00  0.0000E+00
 1.9785E+02  0.0000E+00  0.0000E+00  0.0000E+00  0.0000E+00  0.0000E+00
 1.9937E+02  0.0000E+00  0.0000E+00  0.0000E+00  0.0000E+00  0.0000E+00
 2.0089E+02  0.0000E+00  0.0000E+00  0.0000E+00  0.0000E+00  0.0000E+00
 2.0243E+02  0.0000E+00  0.0000E+00  0.0000E+00  0.0000E+00  0.0000E+00
 2.0398E+02  0.0000E+00  0.0000E+00  0.0000E+00  0.0000E+00  0.0000E+00
 2.0554E+02  0.0000E+00  0.0000E+00  0.0000E+00  0.0000E+00  0.0000E+00
 2.0712E+02  0.0000E+00  0.0000E+00  0.0000E+00  0.0000E+00  0.0000E+00
 2.0870E+02  0.0000E+00  0.0000E+00  0.0000E+00  0.0000E+00  0.0000E+00
 2.1030E+02  0.0000E+00  0.0000E+00  0.0000E+00  0.0000E+00  0.0000E+00
 2.1191E+02  0.0000E+00  0.0000E+00  0.0000E+00  0.0000E+00  0.0000E+00
 2.1354E+02  0.0000E+00  0.0000E+00  0.0000E+00  0.0000E+00  0.0000E+00
 2.1517E+02  0.0000E+00  0.0000E+00  0.0000E+00  0.0000E+00  0.0000E+00
 2.1682E+02  0.0000E+00  0.0000E+00  0.0000E+00  0.0000E+00  0.0000E+00
 2.1848E+02  0.0000E+00  0.0000E+00  0.0000E+00  0.0000E+00  0.0000E+00
 2.2015E+02  0.0000E+00  0.0000E+00  0.0000E+00  0.0000E+00  0.0000E+00
 2.2184E+02  0.0000E+00  0.0000E+00  0.0000E+00  0.0000E+00  0.0000E+00
 2.2354E+02  0.0000E+00  0.0000E+00  0.0000E+00  0.0000E+00  0.0000E+00
 2.2525E+02  0.0000E+00  0.0000E+00  0.0000E+00  0.0000E+00  0.0000E+00
 2.2697E+02  0.0000E+00  0.0000E+00  0.0000E+00  0.0000E+00  0.0000E+00
 2.2871E+02  0.0000E+00  0.0000E+00  0.0000E+00  0.0000E+00  0.0000E+00
 2.3046E+02  0.0000E+00  0.0000E+00  0.0000E+00  0.0000E+00  0.0000E+00
 2.3223E+02  0.0000E+00  0.0000E+00  0.0000E+00  0.0000E+00  0.0000E+00
 2.3401E+02  0.0000E+00  0.0000E+00  0.0000E+00  0.0000E+00  0.0000E+00
 2.3580E+02  0.0000E+00  0.0000E+00  0.0000E+00  0.0000E+00  0.0000E+00
 2.3761E+02  0.0000E+00  0.0000E+00  0.0000E+00  0.0000E+00  0.0000E+00
 2.3942E+02  0.0000E+00  0.0000E+00  0.0000E+00  0.0000E+00  0.0000E+00
 2.4126E+02  0.0000E+00  0.0000E+00  0.0000E+00  0.0000E+00  0.0000E+00
 2.4311E+02  0.0000E+00  0.0000E+00  0.0000E+00  0.0000E+00  0.0000E+00
 2.4497E+02  0.0000E+00  0.0000E+00  0.0000E+00  0.0000E+00  0.0000E+00
 2.4684E+02  0.0000E+00  0.0000E+00  0.0000E+00  0.0000E+00  0.0000E+00
 2.4873E+02  0.0000E+00  0.0000E+00  0.0000E+00  0.0000E+00  0.0000E+00
 2.5064E+02  0.0000E+00  0.0000E+00  0.0000E+00  0.0000E+00  0.0000E+00
 2.5256E+02  0.0000E+00  0.0000E+00  0.0000E+00  0.0000E+00  0.0000E+00
 2.5449E+02  0.0000E+00  0.0000E+00  0.0000E+00  0.0000E+00  0.0000E+00
 2.5644E+02  0.0000E+00  0.0000E+00  0.0000E+00  0.0000E+00  0.0000E+00
 2.5841E+02  0.0000E+00  0.0000E+00  0.0000E+00  0.0000E+00  0.0000E+00
 2.6038E+02  0.0000E+00  0.0000E+00  0.0000E+00  0.0000E+00  0.0000E+00
 2.6238E+02  0.0000E+00  0.0000E+00  0.0000E+00  0.0000E+00  0.0000E+00
 2.6439E+02  0.0000E+00  0.0000E+00  0.0000E+00  0.0000E+00  0.0000E+00
 2.6641E+02  0.0000E+00  0.0000E+00  0.0000E+00  0.0000E+00  0.0000E+00
 2.6845E+02  0.0000E+00  0.0000E+00  0.0000E+00  0.0000E+00  0.0000E+00
 2.7051E+02  0.0000E+00  0.0000E+00  0.0000E+00  0.0000E+00  0.0000E+00
 2.7258E+02  0.0000E+00  0.0000E+00  0.0000E+00  0.0000E+00  0.0000E+00
 2.7467E+02  0.0000E+00  0.0000E+00  0.0000E+00  0.0000E+00  0.0000E+00
 2.7677E+02  0.0000E+00  0.0000E+00  0.0000E+00  0.0000E+00  0.0000E+00
 2.7889E+02  0.0000E+00  0.0000E+00  0.0000E+00  0.0000E+00  0.0000E+00
 2.8103E+02  0.0000E+00  0.0000E+00  0.0000E+00  0.0000E+00  0.0000E+00
 2.8318E+02  0.0000E+00  0.0000E+00  0.0000E+00  0.0000E+00  0.0000E+00
 2.8535E+02  0.0000E+00  0.0000E+00  0.0000E+00  0.0000E+00  0.0000E+00
 2.8753E+02  0.0000E+00  0.0000E+00  0.0000E+00  0.0000E+00  0.0000E+00
 2.8974E+02  0.0000E+00  0.0000E+00  0.0000E+00  0.0000E+00  0.0000E+00
 2.9195E+02  0.0000E+00  0.0000E+00  0.0000E+00  0.0000E+00  0.0000E+00
 2.9419E+02  0.0000E+00  0.0000E+00  0.0000E+00  0.0000E+00  0.0000E+00
 2.9644E+02  0.0000E+00  0.0000E+00  0.0000E+00  0.0000E+00  0.0000E+00
 2.9871E+02  0.0000E+00  0.0000E+00  0.0000E+00  0.0000E+00  0.0000E+00
 3.0100E+02  0.0000E+00  0.0000E+00  0.0000E+00  0.0000E+00  0.0000E+00
 3.0331E+02  0.0000E+00  0.0000E+00  0.0000E+00  0.0000E+00  0.0000E+00
 3.0563E+02  0.0000E+00  0.0000E+00  0.0000E+00  0.0000E+00  0.0000E+00
 3.0797E+02  0.0000E+00  0.0000E+00  0.0000E+00  0.0000E+00  0.0000E+00
 3.1033E+02  0.0000E+00  0.0000E+00  0.0000E+00  0.0000E+00  0.0000E+00
 3.1271E+02  0.0000E+00  0.0000E+00  0.0000E+00  0.0000E+00  0.0000E+00
 3.1510E+02  0.0000E+00  0.0000E+00  0.0000E+00  0.0000E+00  0.0000E+00
 3.1751E+02  0.0000E+00  0.0000E+00  0.0000E+00  0.0000E+00  0.0000E+00
 3.1994E+02  0.0000E+00  0.0000E+00  0.0000E+00  0.0000E+00  0.0000E+00
 3.2240E+02  0.0000E+00  0.0000E+00  0.0000E+00  0.0000E+00  0.0000E+00
 3.2486E+02  0.0000E+00  0.0000E+00  0.0000E+00  0.0000E+00  0.0000E+00
 3.2735E+02  0.0000E+00  0.0000E+00  0.0000E+00  0.0000E+00  0.0000E+00
 3.2986E+02  0.0000E+00  0.0000E+00  0.0000E+00  0.0000E+00  0.0000E+00
 3.3239E+02  0.0000E+00  0.0000E+00  0.0000E+00  0.0000E+00  0.0000E+00
 3.3493E+02  0.0000E+00  0.0000E+00  0.0000E+00  0.0000E+00  0.0000E+00
 3.3750E+02  0.0000E+00  0.0000E+00  0.0000E+00  0.0000E+00  0.0000E+00
 3.4008E+02  0.0000E+00  0.0000E+00  0.0000E+00  0.0000E+00  0.0000E+00
 3.4268E+02  0.0000E+00  0.0000E+00  0.0000E+00  0.0000E+00  0.0000E+00
 3.4531E+02  0.0000E+00  0.0000E+00  0.0000E+00  0.0000E+00  0.0000E+00
 3.4795E+02  0.0000E+00  0.0000E+00  0.0000E+00  0.0000E+00  0.0000E+00
 3.5062E+02  0.0000E+00  0.0000E+00  0.0000E+00  0.0000E+00  0.0000E+00
 3.5330E+02  0.0000E+00  0.0000E+00  0.0000E+00  0.0000E+00  0.0000E+00
 3.5601E+02  0.0000E+00  0.0000E+00  0.0000E+00  0.0000E+00  0.0000E+00
 3.5874E+02  0.0000E+00  0.0000E+00  0.0000E+00  0.0000E+00  0.0000E+00
 3.6148E+02  0.0000E+00  0.0000E+00  0.0000E+00  0.0000E+00  0.0000E+00
 3.6425E+02  0.0000E+00  0.0000E+00  0.0000E+00  0.0000E+00  0.0000E+00
 3.6704E+02  0.0000E+00  0.0000E+00  0.0000E+00  0.0000E+00  0.0000E+00
 3.6985E+02  0.0000E+00  0.0000E+00  0.0000E+00  0.0000E+00  0.0000E+00
 3.7268E+02  0.0000E+00  0.0000E+00  0.0000E+00  0.0000E+00  0.0000E+00
 3.7554E+02  0.0000E+00  0.0000E+00  0.0000E+00  0.0000E+00  0.0000E+00
 3.7841E+02  0.0000E+00  0.0000E+00  0.0000E+00  0.0000E+00  0.0000E+00
 3.8131E+02  0.0000E+00  0.0000E+00  0.0000E+00  0.0000E+00  0.0000E+00
 3.8423E+02  0.0000E+00  0.0000E+00  0.0000E+00  0.0000E+00  0.0000E+00
 3.8718E+02  0.0000E+00  0.0000E+00  0.0000E+00  0.0000E+00  0.0000E+00
 3.9014E+02  0.0000E+00  0.0000E+00  0.0000E+00  0.0000E+00  0.0000E+00
 3.9313E+02  0.0000E+00  0.0000E+00  0.0000E+00  0.0000E+00  0.0000E+00
 3.9614E+02  0.0000E+00  0.0000E+00  0.0000E+00  0.0000E+00  0.0000E+00
 3.9917E+02  0.0000E+00  0.0000E+00  0.0000E+00  0.0000E+00  0.0000E+00
 4.0223E+02  0.0000E+00  0.0000E+00  0.0000E+00  0.0000E+00  0.0000E+00
 4.0531E+02  0.0000E+00  0.0000E+00  0.0000E+00  0.0000E+00  0.0000E+00
 4.0841E+02  0.0000E+00  0.0000E+00  0.0000E+00  0.0000E+00  0.0000E+00
 4.1154E+02  0.0000E+00  0.0000E+00  0.0000E+00  0.0000E+00  0.0000E+00
 4.1469E+02  0.0000E+00  0.0000E+00  0.0000E+00  0.0000E+00  0.0000E+00
 4.1787E+02  0.0000E+00  0.0000E+00  0.0000E+00  0.0000E+00  0.0000E+00
 4.2107E+02  0.0000E+00  0.0000E+00  0.0000E+00  0.0000E+00  0.0000E+00
 4.2429E+02  0.0000E+00  0.0000E+00  0.0000E+00  0.0000E+00  0.0000E+00
 4.2754E+02  0.0000E+00  0.0000E+00  0.0000E+00  0.0000E+00  0.0000E+00
 4.3082E+02  0.0000E+00  0.0000E+00  0.0000E+00  0.0000E+00  0.0000E+00
 4.3412E+02  0.0000E+00  0.0000E+00  0.0000E+00  0.0000E+00  0.0000E+00
 4.3744E+02  0.0000E+00  0.0000E+00  0.0000E+00  0.0000E+00  0.0000E+00
 4.4079E+02  0.0000E+00  0.0000E+00  0.0000E+00  0.0000E+00  0.0000E+00
 4.4417E+02  0.0000E+00  0.0000E+00  0.0000E+00  0.0000E+00  0.0000E+00
 4.4757E+02  0.0000E+00  0.0000E+00  0.0000E+00  0.0000E+00  0.0000E+00
 4.5100E+02  0.0000E+00  0.0000E+00  0.0000E+00  0.0000E+00  0.0000E+00
 4.5445E+02  0.0000E+00  0.0000E+00  0.0000E+00  0.0000E+00  0.0000E+00
 4.5793E+02  0.0000E+00  0.0000E+00  0.0000E+00  0.0000E+00  0.0000E+00
 4.6144E+02  0.0000E+00  0.0000E+00  0.0000E+00  0.0000E+00  0.0000E+00
 4.6497E+02  0.0000E+00  0.0000E+00  0.0000E+00  0.0000E+00  0.0000E+00
 4.6853E+02  0.0000E+00  0.0000E+00  0.0000E+00  0.0000E+00  0.0000E+00
 4.7212E+02  0.0000E+00  0.0000E+00  0.0000E+00  0.0000E+00  0.0000E+00
 4.7574E+02  0.0000E+00  0.0000E+00  0.0000E+00  0.0000E+00  0.0000E+00
 4.7938E+02  0.0000E+00  0.0000E+00  0.0000E+00  0.0000E+00  0.0000E+00
 4.8305E+02  0.0000E+00  0.0000E+00  0.0000E+00  0.0000E+00  0.0000E+00
 4.8675E+02  0.0000E+00  0.0000E+00  0.0000E+00  0.0000E+00  0.0000E+00
 4.9048E+02  0.0000E+00  0.0000E+00  0.0000E+00  0.0000E+00  0.0000E+00
 4.9424E+02  0.0000E+00  0.0000E+00  0.0000E+00  0.0000E+00  0.0000E+00
 4.9802E+02  0.0000E+00  0.0000E+00  0.0000E+00  0.0000E+00  0.0000E+00
 5.0183E+02  0.0000E+00  0.0000E+00  0.0000E+00  0.0000E+00  0.0000E+00
 5.0568E+02  0.0000E+00  0.0000E+00  0.0000E+00  0.0000E+00  0.0000E+00
 5.0955E+02  0.0000E+00  0.0000E+00  0.0000E+00  0.0000E+00  0.0000E+00
 5.1345E+02  0.0000E+00  0.0000E+00  0.0000E+00  0.0000E+00  0.0000E+00
 5.1738E+02  0.0000E+00  0.0000E+00  0.0000E+00  0.0000E+00  0.0000E+00
 5.2135E+02  0.0000E+00  0.0000E+00  0.0000E+00  0.0000E+00  0.0000E+00
 5.2534E+02  0.0000E+00  0.0000E+00  0.0000E+00  0.0000E+00  0.0000E+00
 5.2936E+02  0.0000E+00  0.0000E+00  0.0000E+00  0.0000E+00  0.0000E+00
 5.3342E+02  0.0000E+00  0.0000E+00  0.0000E+00  0.0000E+00  0.0000E+00
 5.3750E+02  0.0000E+00  0.0000E+00  0.0000E+00  0.0000E+00  0.0000E+00
 5.4162E+02  0.0000E+00  0.0000E+00  0.0000E+00  0.0000E+00  0.0000E+00
 5.4577E+02  0.0000E+00  0.0000E+00  0.0000E+00  0.0000E+00  0.0000E+00
 5.4995E+02  0.0000E+00  0.0000E+00  0.0000E+00  0.0000E+00  0.0000E+00
 5.5416E+02  0.0000E+00  0.0000E+00  0.0000E+00  0.0000E+00  0.0000E+00
 5.5840E+02  0.0000E+00  0.0000E+00  0.0000E+00  0.0000E+00  0.0000E+00
 5.6268E+02  0.0000E+00  0.0000E+00  0.0000E+00  0.0000E+00  0.0000E+00
 5.6699E+02  0.0000E+00  0.0000E+00  0.0000E+00  0.0000E+00  0.0000E+00
 5.7133E+02  0.0000E+00  0.0000E+00  0.0000E+00  0.0000E+00  0.0000E+00
 5.7571E+02  0.0000E+00  0.0000E+00  0.0000E+00  0.0000E+00  0.0000E+00
 5.8011E+02  0.0000E+00  0.0000E+00  0.0000E+00  0.0000E+00  0.0000E+00
 5.8456E+02  0.0000E+00  0.0000E+00  0.0000E+00  0.0000E+00  0.0000E+00
 5.8903E+02  0.0000E+00  0.0000E+00  0.0000E+00  0.0000E+00  0.0000E+00
 5.9354E+02  0.0000E+00  0.0000E+00  0.0000E+00  0.0000E+00  0.0000E+00
 5.9809E+02  0.0000E+00  0.0000E+00  0.0000E+00  0.0000E+00  0.0000E+00
 6.0267E+02  0.0000E+00  0.0000E+00  0.0000E+00  0.0000E+00  0.0000E+00
 6.0729E+02  0.0000E+00  0.0000E+00  0.0000E+00  0.0000E+00  0.0000E+00
 6.1194E+02  0.0000E+00  0.0000E+00  0.0000E+00  0.0000E+00  0.0000E+00
 6.1662E+02  0.0000E+00  0.0000E+00  0.0000E+00  0.0000E+00  0.0000E+00
 6.2135E+02  0.0000E+00  0.0000E+00  0.0000E+00  0.0000E+00  0.0000E+00
 6.2610E+02  0.0000E+00  0.0000E+00  0.0000E+00  0.0000E+00  0.0000E+00
 6.3090E+02  0.0000E+00  0.0000E+00  0.0000E+00  0.0000E+00  0.0000E+00
 6.3573E+02  0.0000E+00  0.0000E+00  0.0000E+00  0.0000E+00  0.0000E+00
 6.4060E+02  0.0000E+00  0.0000E+00  0.0000E+00  0.0000E+00  0.0000E+00
 6.4551E+02  0.0000E+00  0.0000E+00  0.0000E+00  0.0000E+00  0.0000E+00
 6.5045E+02  0.0000E+00  0.0000E+00  0.0000E+00  0.0000E+00  0.0000E+00
 6.5543E+02  0.0000E+00  0.0000E+00  0.0000E+00  0.0000E+00  0.0000E+00
 6.6045E+02  0.0000E+00  0.0000E+00  0.0000E+00  0.0000E+00  0.0000E+00
 6.6551E+02  0.0000E+00  0.0000E+00  0.0000E+00  0.0000E+00  0.0000E+00
 6.7060E+02  0.0000E+00  0.0000E+00  0.0000E+00  0.0000E+00  0.0000E+00
 6.7574E+02  0.0000E+00  0.0000E+00  0.0000E+00  0.0000E+00  0.0000E+00
 6.8092E+02  0.0000E+00  0.0000E+00  0.0000E+00  0.0000E+00  0.0000E+00
 6.8613E+02  0.0000E+00  0.0000E+00  0.0000E+00  0.0000E+00  0.0000E+00
 6.9138E+02  0.0000E+00  0.0000E+00  0.0000E+00  0.0000E+00  0.0000E+00
 6.9668E+02  0.0000E+00  0.0000E+00  0.0000E+00  0.0000E+00  0.0000E+00
 7.0201E+02  0.0000E+00  0.0000E+00  0.0000E+00  0.0000E+00  0.0000E+00
 7.0739E+02  0.0000E+00  0.0000E+00  0.0000E+00  0.0000E+00  0.0000E+00
 7.1281E+02  0.0000E+00  0.0000E+00  0.0000E+00  0.0000E+00  0.0000E+00
 7.1827E+02  0.0000E+00  0.0000E+00  0.0000E+00  0.0000E+00  0.0000E+00
 7.2377E+02  0.0000E+00  0.0000E+00  0.0000E+00  0.0000E+00  0.0000E+00
 7.2931E+02  0.0000E+00  0.0000E+00  0.0000E+00  0.0000E+00  0.0000E+00
 7.3490E+02  0.0000E+00  0.0000E+00  0.0000E+00  0.0000E+00  0.0000E+00
 7.4052E+02  0.0000E+00  0.0000E+00  0.0000E+00  0.0000E+00  0.0000E+00
 7.4620E+02  0.0000E+00  0.0000E+00  0.0000E+00  0.0000E+00  0.0000E+00
 7.5191E+02  0.0000E+00  0.0000E+00  0.0000E+00  0.0000E+00  0.0000E+00
 7.5767E+02  0.0000E+00  0.0000E+00  0.0000E+00  0.0000E+00  0.0000E+00
 7.6347E+02  0.0000E+00  0.0000E+00  0.0000E+00  0.0000E+00  0.0000E+00
 7.6932E+02  0.0000E+00  0.0000E+00  0.0000E+00  0.0000E+00  0.0000E+00
 7.7521E+02  0.0000E+00  0.0000E+00  0.0000E+00  0.0000E+00  0.0000E+00
 7.8115E+02  0.0000E+00  0.0000E+00  0.0000E+00  0.0000E+00  0.0000E+00
 7.8713E+02  0.0000E+00  0.0000E+00  0.0000E+00  0.0000E+00  0.0000E+00
 7.9316E+02  0.0000E+00  0.0000E+00  0.0000E+00  0.0000E+00  0.0000E+00
 7.9923E+02  0.0000E+00  0.0000E+00  0.0000E+00  0.0000E+00  0.0000E+00
 8.0535E+02  0.0000E+00  0.0000E+00  0.0000E+00  0.0000E+00  0.0000E+00
 8.1152E+02  0.0000E+00  0.0000E+00  0.0000E+00  0.0000E+00  0.0000E+00
 8.1774E+02  0.0000E+00  0.0000E+00  0.0000E+00  0.0000E+00  0.0000E+00
 8.2400E+02  0.0000E+00  0.0000E+00  0.0000E+00  0.0000E+00  0.0000E+00
 8.3031E+02  0.0000E+00  0.0000E+00  0.0000E+00  0.0000E+00  0.0000E+00
 8.3667E+02  0.0000E+00  0.0000E+00  0.0000E+00  0.0000E+00  0.0000E+00
 8.4307E+02  0.0000E+00  0.0000E+00  0.0000E+00  0.0000E+00  0.0000E+00
 8.4953E+02  0.0000E+00  0.0000E+00  0.0000E+00  0.0000E+00  0.0000E+00
 8.5604E+02  0.0000E+00  0.0000E+00  0.0000E+00  0.0000E+00  0.0000E+00
 8.6259E+02  0.0000E+00  0.0000E+00  0.0000E+00  0.0000E+00  0.0000E+00
 8.6920E+02  0.0000E+00  0.0000E+00  0.0000E+00  0.0000E+00  0.0000E+00
 8.7586E+02  0.0000E+00  0.0000E+00  0.0000E+00  0.0000E+00  0.0000E+00
 8.8256E+02  0.0000E+00  0.0000E+00  0.0000E+00  0.0000E+00  0.0000E+00
 8.8932E+02  0.0000E+00  0.0000E+00  0.0000E+00  0.0000E+00  0.0000E+00
 8.9613E+02  0.0000E+00  0.0000E+00  0.0000E+00  0.0000E+00  0.0000E+00
 9.0300E+02  0.0000E+00  0.0000E+00  0.0000E+00  0.0000E+00  0.0000E+00
 9.0991E+02  0.0000E+00  0.0000E+00  0.0000E+00  0.0000E+00  0.0000E+00
 9.1688E+02  0.0000E+00  0.0000E+00  0.0000E+00  0.0000E+00  0.0000E+00
 9.2390E+02  0.0000E+00  0.0000E+00  0.0000E+00  0.0000E+00  0.0000E+00
 9.3098E+02  0.0000E+00  0.0000E+00  0.0000E+00  0.0000E+00  0.0000E+00
 9.3811E+02  0.0000E+00  0.0000E+00  0.0000E+00  0.0000E+00  0.0000E+00
 9.4529E+02  0.0000E+00  0.0000E+00  0.0000E+00  0.0000E+00  0.0000E+00
 9.5253E+02  0.0000E+00  0.0000E+00  0.0000E+00  0.0000E+00  0.0000E+00
 9.5983E+02  0.0000E+00  0.0000E+00  0.0000E+00  0.0000E+00  0.0000E+00
 9.6718E+02  0.0000E+00  0.0000E+00  0.0000E+00  0.0000E+00  0.0000E+00
 9.7458E+02  0.0000E+00  0.0000E+00  0.0000E+00  0.0000E+00  0.0000E+00
 9.8205E+02  0.0000E+00  0.0000E+00  0.0000E+00  0.0000E+00  0.0000E+00
 9.8957E+02  0.0000E+00  0.0000E+00  0.0000E+00  0.0000E+00  0.0000E+00
 9.9715E+02  0.0000E+00  0.0000E+00  0.0000E+00  0.0000E+00  0.0000E+00
 1.0048E+03  0.0000E+00  0.0000E+00  0.0000E+00  0.0000E+00  0.0000E+00
 1.0125E+03  2.4482E-04  1.4457E-02 -6.0655E-04 -7.1706E-02  1.0000E+00
 1.0202E+03  2.4580E-04  1.4405E-02 -6.0037E-04 -7.0435E-02  1.0000E+00
 1.0280E+03  2.4679E-04  1.4353E-02 -5.9419E-04 -6.9180E-02  1.0000E+00
 1.0359E+03  2.4779E-04  1.4301E-02 -5.8801E-04 -6.7940E-02  1.0000E+00
 1.0439E+03  2.4879E-04  1.4249E-02 -5.8182E-04 -6.6715E-02  1.0000E+00
 1.0518E+03  2.4979E-04  1.4198E-02 -5.7564E-04 -6.5505E-02  1.0000E+00
 1.0599E+03  2.5079E-04  1.4146E-02 -5.6946E-04 -6.4309E-02  1.0000E+00
 1.0680E+03  2.5182E-04  1.4096E-02 -5.6328E-04 -6.3127E-02  1.0000E+00
 1.0762E+03  2.5286E-04  1.4047E-02 -5.5710E-04 -6.1960E-02  1.0000E+00
 1.0844E+03  2.5393E-04  1.3999E-02 -5.5091E-04 -6.0807E-02  1.0000E+00
 1.0927E+03  2.5502E-04  1.3952E-02 -5.4473E-04 -5.9667E-02  1.0000E+00
 1.1011E+03  2.5612E-04  1.3906E-02 -5.3855E-04 -5.8542E-02  1.0000E+00
 1.1095E+03  2.5725E-04  1.3861E-02 -5.3237E-04 -5.7430E-02  1.0000E+00
 1.1180E+03  2.5840E-04  1.3817E-02 -5.2619E-04 -5.6332E-02  1.0000E+00
 1.1266E+03  2.5957E-04  1.3774E-02 -5.2000E-04 -5.5247E-02  1.0000E+00
 1.1352E+03  2.6076E-04  1.3732E-02 -5.1382E-04 -5.4175E-02  1.0000E+00
 1.1439E+03  2.6198E-04  1.3691E-02 -5.0764E-04 -5.3116E-02  1.0000E+00
 1.1527E+03  2.6321E-04  1.3651E-02 -5.0145E-04 -5.2071E-02  1.0000E+00
 1.1615E+03  2.6447E-04  1.3611E-02 -4.9527E-04 -5.1038E-02  1.0000E+00
 1.1704E+03  2.6575E-04  1.3573E-02 -4.8909E-04 -5.0017E-02  1.0000E+00
 1.1794E+03  2.6705E-04  1.3536E-02 -4.8290E-04 -4.9010E-02  1.0000E+00
 1.1884E+03  2.6837E-04  1.3499E-02 -4.7672E-04 -4.8014E-02  1.0000E+00
 1.1975E+03  2.6971E-04  1.3464E-02 -4.7054E-04 -4.7031E-02  1.0000E+00
 1.2067E+03  2.7108E-04  1.3429E-02 -4.6435E-04 -4.6061E-02  1.0000E+00
 1.2159E+03  2.7247E-04  1.3395E-02 -4.5817E-04 -4.5102E-02  1.0000E+00
 1.2252E+03  2.7388E-04  1.3362E-02 -4.5198E-04 -4.4155E-02  1.0000E+00
 1.2346E+03  2.7531E-04  1.3329E-02 -4.4580E-04 -4.3220E-02  1.0000E+00
 1.2441E+03  2.7677E-04  1.3298E-02 -4.3962E-04 -4.2296E-02  1.0000E+00
 1.2536E+03  2.7825E-04  1.3267E-02 -4.3343E-04 -4.1384E-02  1.0000E+00
 1.2632E+03  2.7975E-04  1.3237E-02 -4.2725E-04 -4.0484E-02  1.0000E+00
 1.2729E+03  2.8127E-04  1.3208E-02 -4.2106E-04 -3.9594E-02  1.0000E+00
 1.2826E+03  2.8282E-04  1.3180E-02 -4.1488E-04 -3.8716E-02  1.0000E+00
 1.2924E+03  2.8439E-04  1.3152E-02 -4.0869E-04 -3.7849E-02  1.0000E+00
 1.3023E+03  2.8599E-04  1.3125E-02 -4.0250E-04 -3.6993E-02  1.0000E+00
 1.3123E+03  2.8761E-04  1.3099E-02 -3.9632E-04 -3.6148E-02  1.0000E+00
 1.3224E+03  2.8925E-04  1.3074E-02 -3.9013E-04 -3.5313E-02  1.0000E+00
 1.3325E+03  2.9091E-04  1.3049E-02 -3.8395E-04 -3.4489E-02  1.0000E+00
 1.3427E+03  2.9260E-04  1.3025E-02 -3.7776E-04 -3.3675E-02  1.0000E+00
 1.3530E+03  2.9432E-04  1.3001E-02 -3.7157E-04 -3.2872E-02  1.0000E+00
 1.3633E+03  2.9605E-04  1.2979E-02 -3.6539E-04 -3.2079E-02  1.0000E+00
 1.3738E+03  2.9782E-04  1.2957E-02 -3.5920E-04 -3.1296E-02  1.0000E+00
 1.3843E+03  2.9961E-04  1.2935E-02 -3.5301E-04 -3.0523E-02  1.0000E+00
 1.3949E+03  3.0142E-04  1.2914E-02 -3.4683E-04 -2.9760E-02  1.0000E+00
 1.4056E+03  3.0325E-04  1.2894E-02 -3.4064E-04 -2.9007E-02  1.0000E+00
 1.4164E+03  3.0512E-04  1.2875E-02 -3.3445E-04 -2.8264E-02  1.0000E+00
 1.4272E+03  3.0700E-04  1.2856E-02 -3.2826E-04 -2.7530E-02  1.0000E+00
 1.4381E+03  3.0892E-04  1.2837E-02 -3.2207E-04 -2.6806E-02  1.0000E+00
 1.4491E+03  3.1086E-04  1.2820E-02 -3.1589E-04 -2.6091E-02  1.0000E+00
 1.4602E+03  3.1282E-04  1.2802E-02 -3.0970E-04 -2.5386E-02  1.0000E+00
 1.4714E+03  3.1481E-04  1.2786E-02 -3.0351E-04 -2.4689E-02  1.0000E+00
 1.4827E+03  3.1683E-04  1.2770E-02 -2.9732E-04 -2.4002E-02  1.0000E+00
 1.4940E+03  3.1887E-04  1.2754E-02 -2.9113E-04 -2.3324E-02  1.0000E+00
 1.5055E+03  3.2094E-04  1.2739E-02 -2.8494E-04 -2.2654E-02  1.0000E+00
 1.5170E+03  3.2304E-04  1.2725E-02 -2.7875E-04 -2.1994E-02  1.0000E+00
 1.5286E+03  3.2516E-04  1.2711E-02 -2.7256E-04 -2.1342E-02  1.0000E+00
 1.5403E+03  3.2731E-04  1.2698E-02 -2.6637E-04 -2.0699E-02  1.0000E+00
 1.5521E+03  3.2949E-04  1.2685E-02 -2.6018E-04 -2.0064E-02  1.0000E+00
 1.5640E+03  3.3169E-04  1.2673E-02 -2.5399E-04 -1.9438E-02  1.0000E+00
 1.5760E+03  3.3392E-04  1.2661E-02 -2.4780E-04 -1.8820E-02  1.0000E+00
 1.5881E+03  3.3618E-04  1.2649E-02 -2.4161E-04 -1.8210E-02  1.0000E+00
 1.6002E+03  3.3847E-04  1.2639E-02 -2.3541E-04 -1.7608E-02  1.0000E+00
 1.6125E+03  3.4079E-04  1.2628E-02 -2.2922E-04 -1.7015E-02  1.0000E+00
 1.6248E+03  3.4313E-04  1.2618E-02 -2.2303E-04 -1.6429E-02  1.0000E+00
 1.6373E+03  3.4550E-04  1.2609E-02 -2.1684E-04 -1.5852E-02  1.0000E+00
 1.6498E+03  3.4790E-04  1.2600E-02 -2.1064E-04 -1.5282E-02  1.0000E+00
 1.6625E+03  3.5033E-04  1.2591E-02 -2.0445E-04 -1.4720E-02  1.0000E+00
 1.6752E+03  3.5279E-04  1.2583E-02 -1.9826E-04 -1.4166E-02  1.0000E+00
 1.6880E+03  3.5528E-04  1.2575E-02 -1.9206E-04 -1.3619E-02  1.0000E+00
 1.7009E+03  3.5780E-04  1.2568E-02 -1.8587E-04 -1.3079E-02  1.0000E+00
 1.7140E+03  3.6035E-04  1.2561E-02 -1.7967E-04 -1.2547E-02  1.0000E+00
 1.7271E+03  3.6293E-04  1.2555E-02 -1.7348E-04 -1.2023E-02  1.0000E+00
 1.7403E+03  3.6553E-04  1.2549E-02 -1.6728E-04 -1.1505E-02  1.0000E+00
 1.7537E+03  3.6817E-04  1.2543E-02 -1.6109E-04 -1.0995E-02  1.0000E+00
 1.7671E+03  3.7083E-04  1.2537E-02 -1.5489E-04 -1.0492E-02  1.0000E+00
 1.7806E+03  3.7351E-04  1.2532E-02 -1.4870E-04 -9.9955E-03  1.0000E+00
 1.7943E+03  3.7622E-04  1.2527E-02 -1.4250E-04 -9.5061E-03  1.0000E+00
 1.8080E+03  3.7896E-04  1.2522E-02 -1.3630E-04 -9.0236E-03  1.0000E+00
 1.8218E+03  3.8172E-04  1.2517E-02 -1.3011E-04 -8.5479E-03  1.0000E+00
 1.8358E+03  3.8451E-04  1.2513E-02 -1.2391E-04 -8.0788E-03  1.0000E+00
 1.8499E+03  3.8732E-04  1.2508E-02 -1.1771E-04 -7.6164E-03  1.0000E+00
 1.8640E+03  3.9016E-04  1.2504E-02 -1.1151E-04 -7.1605E-03  1.0000E+00
 1.8783E+03  3.9303E-04  1.2500E-02 -1.0531E-04 -6.7110E-03  1.0000E+00
 1.8927E+03  3.9592E-04  1.2496E-02 -9.9113E-05 -6.2680E-03  1.0000E+00
 1.9072E+03  3.9884E-04  1.2492E-02 -9.2914E-05 -5.8313E-03  1.0000E+00
 1.9218E+03  4.0178E-04  1.2488E-02 -8.6714E-05 -5.4008E-03  1.0000E+00
 1.9365E+03  4.0475E-04  1.2485E-02 -8.0513E-05 -4.9765E-03  1.0000E+00
 1.9513E+03  4.0774E-04  1.2482E-02 -7.4312E-05 -4.5583E-03  1.0000E+00
 1.9663E+03  4.1076E-04  1.2478E-02 -6.8111E-05 -4.1462E-03  1.0000E+00
 1.9813E+03  4.1381E-04  1.2475E-02 -6.1909E-05 -3.7400E-03  1.0000E+00
 1.9965E+03  4.1688E-04  1.2472E-02 -5.5707E-05 -3.3397E-03  1.0000E+00
 2.0118E+03  4.1997E-04  1.2469E-02 -4.9505E-05 -2.9453E-03  1.0000E+00
 2.0272E+03  4.2310E-04  1.2466E-02 -4.3302E-05 -2.5567E-03  1.0000E+00
 2.0427E+03  4.2625E-04  1.2463E-02 -3.7098E-05 -2.1738E-03  1.0000E+00
 2.0584E+03  4.2942E-04  1.2460E-02 -3.0894E-05 -1.7965E-03  1.0000E+00
 2.0741E+03  4.3262E-04  1.2458E-02 -2.4690E-05 -1.4248E-03  1.0000E+00
 2.0900E+03  4.3585E-04  1.2455E-02 -1.8485E-05 -1.0586E-03  1.0000E+00
 2.1060E+03  4.3910E-04  1.2452E-02 -1.2279E-05 -6.9789E-04  1.0000E+00
 2.1222E+03  4.4238E-04  1.2450E-02 -6.0736E-06 -3.4257E-04  1.0000E+00
 2.1384E+03  4.4568E-04  1.2447E-02  1.3272E-07  7.4286E-06  1.0000E+00
 2.1548E+03  4.4901E-04  1.2445E-02  6.3396E-06  3.5215E-04  1.0000E+00
 2.1713E+03  4.5237E-04  1.2442E-02  1.2547E-05  6.9166E-04  1.0000E+00
 2.1879E+03  4.5575E-04  1.2440E-02  1.8755E-05  1.0260E-03  1.0000E+00
 2.2047E+03  4.5915E-04  1.2437E-02  2.4963E-05  1.3553E-03  1.0000E+00
 2.2216E+03  4.6258E-04  1.2435E-02  3.1172E-05  1.6795E-03  1.0000E+00
 2.2386E+03  4.6604E-04  1.2432E-02  3.7382E-05  1.9988E-03  1.0000E+00
 2.2557E+03  4.6952E-04  1.2430E-02  4.3592E-05  2.3131E-03  1.0000E+00
 2.2730E+03  4.7303E-04  1.2427E-02  4.9802E-05  2.6225E-03  1.0000E+00
 2.2904E+03  4.7656E-04  1.2424E-02  5.6013E-05  2.9272E-03  1.0000E+00
 2.3079E+03  4.8011E-04  1.2422E-02  6.2225E-05  3.2271E-03  1.0000E+00
 2.3256E+03  4.8369E-04  1.2419E-02  6.8437E-05  3.5223E-03  1.0000E+00
 2.3434E+03  4.8730E-04  1.2416E-02  7.4650E-05  3.8129E-03  1.0000E+00
 2.3614E+03  4.9093E-04  1.2414E-02  8.0863E-05  4.0988E-03  1.0000E+00
 2.3794E+03  4.9458E-04  1.2411E-02  8.7077E-05  4.3803E-03  1.0000E+00
 2.3977E+03  4.9826E-04  1.2408E-02  9.3292E-05  4.6572E-03  1.0000E+00
 2.4160E+03  5.0197E-04  1.2405E-02  9.9507E-05  4.9297E-03  1.0000E+00
 2.4345E+03  5.0569E-04  1.2402E-02  1.0572E-04  5.1979E-03  1.0000E+00
 2.4532E+03  5.0944E-04  1.2398E-02  1.1194E-04  5.4617E-03  1.0000E+00
 2.4720E+03  5.1322E-04  1.2395E-02  1.1816E-04  5.7212E-03  1.0000E+00
 2.4909E+03  5.1701E-04  1.2392E-02  1.2437E-04  5.9765E-03  1.0000E+00
 2.5100E+03  5.2083E-04  1.2388E-02  1.3059E-04  6.2276E-03  1.0000E+00
 2.5292E+03  5.2468E-04  1.2385E-02  1.3681E-04  6.4746E-03  1.0000E+00
 2.5486E+03  5.2854E-04  1.2381E-02  1.4303E-04  6.7175E-03  1.0000E+00
 2.5681E+03  5.3243E-04  1.2377E-02  1.4925E-04  6.9564E-03  1.0000E+00
 2.5878E+03  5.3634E-04  1.2373E-02  1.5547E-04  7.1913E-03  1.0000E+00
 2.6076E+03  5.4028E-04  1.2368E-02  1.6169E-04  7.4222E-03  1.0000E+00
 2.6275E+03  5.4423E-04  1.2364E-02  1.6792E-04  7.6492E-03  1.0000E+00
 2.6477E+03  5.4821E-04  1.2360E-02  1.7414E-04  7.8724E-03  1.0000E+00
 2.6679E+03  5.5221E-04  1.2355E-02  1.8036E-04  8.0918E-03  1.0000E+00
 2.6884E+03  5.5623E-04  1.2350E-02  1.8659E-04  8.3075E-03  1.0000E+00
 2.7090E+03  5.6027E-04  1.2345E-02  1.9281E-04  8.5194E-03  1.0000E+00
 2.7297E+03  5.6433E-04  1.2340E-02  1.9904E-04  8.7277E-03  1.0000E+00
 2.7506E+03  5.6841E-04  1.2334E-02  2.0527E-04  8.9323E-03  1.0000E+00
 2.7717E+03  5.7251E-04  1.2328E-02  2.1150E-04  9.1334E-03  1.0000E+00
 2.7929E+03  5.7663E-04  1.2322E-02  2.1772E-04  9.3309E-03  1.0000E+00
 2.8143E+03  5.8076E-04  1.2316E-02  2.2395E-04  9.5249E-03  1.0000E+00
 2.8358E+03  5.8492E-04  1.2310E-02  2.3018E-04  9.7155E-03  1.0000E+00
 2.8576E+03  5.8908E-04  1.2303E-02  2.3641E-04  9.9026E-03  1.0000E+00
 2.8794E+03  5.9326E-04  1.2296E-02  2.4265E-04  1.0086E-02  1.0000E+00
 2.9015E+03  5.9746E-04  1.2288E-02  2.4888E-04  1.0267E-02  1.0000E+00
 2.9237E+03  6.0167E-04  1.2281E-02  2.5511E-04  1.0444E-02  1.0000E+00
 2.9461E+03  6.0589E-04  1.2273E-02  2.6135E-04  1.0618E-02  1.0000E+00
 2.9687E+03  6.1013E-04  1.2264E-02  2.6758E-04  1.0789E-02  1.0000E+00
 2.9914E+03  6.1438E-04  1.2256E-02  2.7382E-04  1.0956E-02  1.0000E+00
 3.0143E+03  6.1864E-04  1.2247E-02  2.8005E-04  1.1121E-02  1.0000E+00
 3.0374E+03  6.2292E-04  1.2237E-02  2.8629E-04  1.1282E-02  1.0000E+00
 3.0607E+03  6.2721E-04  1.2228E-02  2.9253E-04  1.1440E-02  1.0000E+00
 3.0841E+03  6.3151E-04  1.2218E-02  2.9877E-04  1.1595E-02  1.0000E+00
 3.1077E+03  6.3583E-04  1.2207E-02  3.0501E-04  1.1748E-02  1.0000E+00
 3.1315E+03  6.4016E-04  1.2197E-02  3.1125E-04  1.1897E-02  1.0000E+00
 3.1555E+03  6.4450E-04  1.2186E-02  3.1750E-04  1.2043E-02  1.0000E+00
 3.1797E+03  6.4885E-04  1.2175E-02  3.2374E-04  1.2187E-02  1.0000E+00
 3.2040E+03  6.5322E-04  1.2163E-02  3.2998E-04  1.2327E-02  1.0000E+00
 3.2286E+03  6.5759E-04  1.2151E-02  3.3623E-04  1.2465E-02  1.0000E+00
 3.2533E+03  6.6198E-04  1.2139E-02  3.4247E-04  1.2600E-02  1.0000E+00
 3.2782E+03  6.6638E-04  1.2127E-02  3.4872E-04  1.2733E-02  1.0000E+00
 3.3033E+03  6.7079E-04  1.2114E-02  3.5497E-04  1.2862E-02  1.0000E+00
 3.3286E+03  6.7521E-04  1.2101E-02  3.6122E-04  1.2989E-02  1.0000E+00
 3.3541E+03  6.7964E-04  1.2087E-02  3.6747E-04  1.3114E-02  1.0000E+00
 3.3798E+03  6.8409E-04  1.2073E-02  3.7372E-04  1.3235E-02  1.0000E+00
 3.4057E+03  6.8854E-04  1.2059E-02  3.7998E-04  1.3354E-02  1.0000E+00
 3.4317E+03  6.9300E-04  1.2045E-02  3.8623E-04  1.3471E-02  1.0000E+00
 3.4580E+03  6.9747E-04  1.2030E-02  3.9248E-04  1.3585E-02  1.0000E+00
 3.4845E+03  7.0195E-04  1.2015E-02  3.9874E-04  1.3697E-02  1.0000E+00
 3.5112E+03  7.0644E-04  1.2000E-02  4.0500E-04  1.3806E-02  1.0000E+00
 3.5381E+03  7.1094E-04  1.1984E-02  4.1126E-04  1.3913E-02  1.0000E+00
 3.5652E+03  7.1545E-04  1.1968E-02  4.1752E-04  1.4017E-02  1.0000E+00
 3.5925E+03  7.1996E-04  1.1952E-02  4.2378E-04  1.4119E-02  1.0000E+00
 3.6200E+03  7.2449E-04  1.1935E-02  4.3004E-04  1.4219E-02  1.0000E+00
 3.6477E+03  7.2902E-04  1.1918E-02  4.3630E-04  1.4316E-02  1.0000E+00
 3.6757E+03  7.3356E-04  1.1901E-02  4.4256E-04  1.4412E-02  1.0000E+00
 3.7038E+03  7.3810E-04  1.1883E-02  4.4883E-04  1.4505E-02  1.0000E+00
 3.7322E+03  7.4266E-04  1.1865E-02  4.5510E-04  1.4595E-02  1.0000E+00
 3.7608E+03  7.4722E-04  1.1847E-02  4.6137E-04  1.4684E-02  1.0000E+00
 3.7896E+03  7.5178E-04  1.1829E-02  4.6763E-04  1.4770E-02  1.0000E+00
 3.8186E+03  7.5635E-04  1.1810E-02  4.7391E-04  1.4855E-02  1.0000E+00
 3.8478E+03  7.6093E-04  1.1791E-02  4.8018E-04  1.4937E-02  1.0000E+00
 3.8773E+03  7.6552E-04  1.1771E-02  4.8645E-04  1.5017E-02  1.0000E+00
 3.9070E+03  7.7010E-04  1.1752E-02  4.9273E-04  1.5095E-02  1.0000E+00
 3.9369E+03  7.7470E-04  1.1731E-02  4.9900E-04  1.5171E-02  1.0000E+00
 3.9671E+03  7.7930E-04  1.1711E-02  5.0528E-04  1.5245E-02  1.0000E+00
 3.9974E+03  7.8390E-04  1.1690E-02  5.1156E-04  1.5317E-02  1.0000E+00
 4.0281E+03  7.8851E-04  1.1669E-02  5.1784E-04  1.5388E-02  1.0000E+00
 4.0589E+03  7.9312E-04  1.1648E-02  5.2412E-04  1.5456E-02  1.0000E+00
 4.0900E+03  7.9773E-04  1.1626E-02  5.3040E-04  1.5522E-02  1.0000E+00
 4.1213E+03  8.0235E-04  1.1604E-02  5.3669E-04  1.5587E-02  1.0000E+00
 4.1529E+03  8.0697E-04  1.1582E-02  5.4297E-04  1.5650E-02  1.0000E+00
 4.1847E+03  8.1159E-04  1.1560E-02  5.4926E-04  1.5710E-02  1.0000E+00
 4.2167E+03  8.1621E-04  1.1537E-02  5.5555E-04  1.5770E-02  1.0000E+00
 4.2490E+03  8.2084E-04  1.1514E-02  5.6184E-04  1.5827E-02  1.0000E+00
 4.2816E+03  8.2546E-04  1.1490E-02  5.6813E-04  1.5883E-02  1.0000E+00
 4.3143E+03  8.3009E-04  1.1466E-02  5.7443E-04  1.5936E-02  1.0000E+00
 4.3474E+03  8.3472E-04  1.1442E-02  5.8072E-04  1.5989E-02  1.0000E+00
 4.3807E+03  8.3936E-04  1.1418E-02  5.8702E-04  1.6039E-02  1.0000E+00
 4.4142E+03  8.4401E-04  1.1394E-02  5.9332E-04  1.6088E-02  1.0000E+00
 4.4480E+03  8.4867E-04  1.1369E-02  5.9962E-04  1.6135E-02  1.0000E+00
 4.4821E+03  8.5334E-04  1.1344E-02  6.0592E-04  1.6181E-02  1.0000E+00
 4.5164E+03  8.5803E-04  1.1320E-02  6.1222E-04  1.6225E-02  1.0000E+00
 4.5510E+03  8.6272E-04  1.1295E-02  6.1853E-04  1.6268E-02  1.0000E+00
 4.5859E+03  8.6742E-04  1.1270E-02  6.2483E-04  1.6309E-02  1.0000E+00
 4.6210E+03  8.7214E-04  1.1244E-02  6.3114E-04  1.6348E-02  1.0000E+00
 4.6564E+03  8.7686E-04  1.1219E-02  6.3745E-04  1.6386E-02  1.0000E+00
 4.6920E+03  8.8160E-04  1.1193E-02  6.4376E-04  1.6422E-02  1.0000E+00
 4.7280E+03  8.8634E-04  1.1168E-02  6.5008E-04  1.6457E-02  1.0000E+00
 4.7642E+03  8.9110E-04  1.1142E-02  6.5639E-04  1.6491E-02  1.0000E+00
 4.8007E+03  8.9586E-04  1.1116E-02  6.6271E-04  1.6523E-02  1.0000E+00
 4.8374E+03  9.0063E-04  1.1090E-02  6.6903E-04  1.6554E-02  1.0000E+00
 4.8745E+03  9.0542E-04  1.1064E-02  6.7535E-04  1.6583E-02  1.0000E+00
 4.9118E+03  9.1021E-04  1.1037E-02  6.8167E-04  1.6611E-02  1.0000E+00
 4.9494E+03  9.1502E-04  1.1011E-02  6.8800E-04  1.6638E-02  1.0000E+00
 4.9873E+03  9.1983E-04  1.0984E-02  6.9433E-04  1.6664E-02  1.0000E+00
 5.0255E+03  9.2465E-04  1.0957E-02  7.0066E-04  1.6688E-02  1.0000E+00
 5.0640E+03  9.2948E-04  1.0931E-02  7.0699E-04  1.6711E-02  1.0000E+00
 5.1028E+03  9.3432E-04  1.0904E-02  7.1332E-04  1.6732E-02  1.0000E+00
 5.1419E+03  9.3917E-04  1.0876E-02  7.1965E-04  1.6752E-02  1.0000E+00
 5.1812E+03  9.4403E-04  1.0849E-02  7.2599E-04  1.6771E-02  1.0000E+00
 5.2209E+03  9.4890E-04  1.0822E-02  7.3233E-04  1.6789E-02  1.0000E+00
 5.2609E+03  9.5377E-04  1.0794E-02  7.3867E-04  1.6806E-02  1.0000E+00
 5.3012E+03  9.5866E-04  1.0767E-02  7.4502E-04  1.6821E-02  1.0000E+00
 5.3418E+03  9.6355E-04  1.0739E-02  7.5136E-04  1.6836E-02  1.0000E+00
 5.3827E+03  9.6845E-04  1.0711E-02  7.5771E-04  1.6849E-02  1.0000E+00
 5.4239E+03  9.7336E-04  1.0683E-02  7.6406E-04  1.6861E-02  1.0000E+00
 5.4655E+03  9.7828E-04  1.0655E-02  7.7041E-04  1.6872E-02  1.0000E+00
 5.5073E+03  9.8321E-04  1.0627E-02  7.7677E-04  1.6882E-02  1.0000E+00
 5.5495E+03  9.8814E-04  1.0599E-02  7.8312E-04  1.6891E-02  1.0000E+00
 5.5920E+03  9.9308E-04  1.0570E-02  7.8948E-04  1.6898E-02  1.0000E+00
 5.6348E+03  9.9803E-04  1.0542E-02  7.9584E-04  1.6905E-02  1.0000E+00
 5.6780E+03  1.0030E-03  1.0513E-02  8.0221E-04  1.6911E-02  1.0000E+00
 5.7215E+03  1.0080E-03  1.0485E-02  8.0857E-04  1.6915E-02  1.0000E+00
 5.7653E+03  1.0129E-03  1.0456E-02  8.1494E-04  1.6919E-02  1.0000E+00
 5.8094E+03  1.0179E-03  1.0427E-02  8.2131E-04  1.6922E-02  1.0000E+00
 5.8539E+03  1.0229E-03  1.0398E-02  8.2769E-04  1.6924E-02  1.0000E+00
 5.8988E+03  1.0279E-03  1.0369E-02  8.3406E-04  1.6924E-02  1.0000E+00
 5.9439E+03  1.0329E-03  1.0340E-02  8.4044E-04  1.6924E-02  1.0000E+00
 5.9895E+03  1.0379E-03  1.0310E-02  8.4682E-04  1.6923E-02  1.0000E+00
 6.0353E+03  1.0429E-03  1.0281E-02  8.5321E-04  1.6921E-02  1.0000E+00
 6.0815E+03  1.0479E-03  1.0251E-02  8.5959E-04  1.6918E-02  1.0000E+00
 6.1281E+03  1.0529E-03  1.0222E-02  8.6598E-04  1.6914E-02  1.0000E+00
 6.1751E+03  1.0580E-03  1.0192E-02  8.7237E-04  1.6910E-02  1.0000E+00
 6.2223E+03  1.0630E-03  1.0162E-02  8.7877E-04  1.6904E-02  1.0000E+00
 6.2700E+03  1.0681E-03  1.0133E-02  8.8516E-04  1.6898E-02  1.0000E+00
 6.3180E+03  1.0731E-03  1.0103E-02  8.9156E-04  1.6891E-02  1.0000E+00
 6.3664E+03  1.0782E-03  1.0073E-02  8.9797E-04  1.6883E-02  1.0000E+00
 6.4152E+03  1.0832E-03  1.0042E-02  9.0437E-04  1.6874E-02  1.0000E+00
 6.4643E+03  1.0883E-03  1.0012E-02  9.1078E-04  1.6864E-02  1.0000E+00
 6.5138E+03  1.0934E-03  9.9822E-03  9.1719E-04  1.6854E-02  1.0000E+00
 6.5637E+03  1.0985E-03  9.9521E-03  9.2361E-04  1.6843E-02  1.0000E+00
 6.6139E+03  1.1036E-03  9.9221E-03  9.3002E-04  1.6831E-02  1.0000E+00
 6.6646E+03  1.1088E-03  9.8921E-03  9.3644E-04  1.6818E-02  1.0000E+00
 6.7156E+03  1.1139E-03  9.8621E-03  9.4287E-04  1.6805E-02  1.0000E+00
 6.7671E+03  1.1191E-03  9.8322E-03  9.4929E-04  1.6791E-02  1.0000E+00
 6.8189E+03  1.1243E-03  9.8023E-03  9.5572E-04  1.6776E-02  1.0000E+00
 6.8711E+03  1.1295E-03  9.7725E-03  9.6215E-04  1.6761E-02  1.0000E+00
 6.9237E+03  1.1348E-03  9.7427E-03  9.6859E-04  1.6744E-02  1.0000E+00
 6.9768E+03  1.1400E-03  9.7129E-03  9.7503E-04  1.6728E-02  1.0000E+00
 7.0302E+03  1.1453E-03  9.6832E-03  9.8147E-04  1.6710E-02  1.0000E+00
 7.0840E+03  1.1506E-03  9.6536E-03  9.8791E-04  1.6692E-02  1.0000E+00
 7.1383E+03  1.1559E-03  9.6240E-03  9.9436E-04  1.6673E-02  1.0000E+00
 7.1929E+03  1.1613E-03  9.5944E-03  1.0008E-03  1.6654E-02  1.0000E+00
 7.2480E+03  1.1666E-03  9.5649E-03  1.0073E-03  1.6634E-02  1.0000E+00
 7.3035E+03  1.1720E-03  9.5354E-03  1.0137E-03  1.6613E-02  1.0000E+00
 7.3595E+03  1.1774E-03  9.5060E-03  1.0202E-03  1.6592E-02  1.0000E+00
 7.4158E+03  1.1828E-03  9.4766E-03  1.0267E-03  1.6571E-02  1.0000E+00
 7.4726E+03  1.1882E-03  9.4473E-03  1.0331E-03  1.6548E-02  1.0000E+00
 7.5299E+03  1.1937E-03  9.4180E-03  1.0396E-03  1.6525E-02  1.0000E+00
 7.5875E+03  1.1992E-03  9.3888E-03  1.0461E-03  1.6502E-02  1.0000E+00
 7.6456E+03  1.2047E-03  9.3596E-03  1.0526E-03  1.6478E-02  1.0000E+00
 7.7042E+03  1.2102E-03  9.3305E-03  1.0590E-03  1.6453E-02  1.0000E+00
 7.7632E+03  1.2157E-03  9.3014E-03  1.0655E-03  1.6428E-02  1.0000E+00
 7.8226E+03  1.2213E-03  9.2724E-03  1.0720E-03  1.6403E-02  1.0000E+00
 7.8825E+03  1.2269E-03  9.2434E-03  1.0785E-03  1.6377E-02  1.0000E+00
 7.9429E+03  1.2325E-03  9.2145E-03  1.0850E-03  1.6350E-02  1.0000E+00
 8.0037E+03  1.2381E-03  9.1856E-03  1.0915E-03  1.6323E-02  1.0000E+00
 8.0650E+03  1.2437E-03  9.1568E-03  1.0980E-03  1.6296E-02  1.0000E+00
 8.1268E+03  1.2494E-03  9.1281E-03  1.1045E-03  1.6268E-02  1.0000E+00
 8.1890E+03  1.2551E-03  9.0994E-03  1.1110E-03  1.6239E-02  1.0000E+00
 8.2518E+03  1.2608E-03  9.0707E-03  1.1176E-03  1.6210E-02  1.0000E+00
 8.3150E+03  1.2665E-03  9.0422E-03  1.1241E-03  1.6181E-02  1.0000E+00
 8.3786E+03  1.2723E-03  9.0136E-03  1.1306E-03  1.6151E-02  1.0000E+00
 8.4428E+03  1.2780E-03  8.9852E-03  1.1371E-03  1.6121E-02  1.0000E+00
 8.5075E+03  1.2838E-03  8.9568E-03  1.1437E-03  1.6091E-02  1.0000E+00
 8.5726E+03  1.2897E-03  8.9284E-03  1.1502E-03  1.6060E-02  1.0000E+00
 8.6383E+03  1.2955E-03  8.9001E-03  1.1568E-03  1.6028E-02  1.0000E+00
 8.7044E+03  1.3014E-03  8.8719E-03  1.1633E-03  1.5997E-02  1.0000E+00
 8.7711E+03  1.3072E-03  8.8437E-03  1.1699E-03  1.5964E-02  1.0000E+00
 8.8383E+03  1.3131E-03  8.8156E-03  1.1764E-03  1.5932E-02  1.0000E+00
 8.9059E+03  1.3191E-03  8.7875E-03  1.1830E-03  1.5899E-02  1.0000E+00
 8.9741E+03  1.3250E-03  8.7595E-03  1.1895E-03  1.5866E-02  1.0000E+00
 9.0429E+03  1.3310E-03  8.7316E-03  1.1961E-03  1.5832E-02  1.0000E+00
 9.1121E+03  1.3370E-03  8.7037E-03  1.2027E-03  1.5798E-02  1.0000E+00
 9.1819E+03  1.3426E-03  8.6734E-03  1.2093E-03  1.5764E-02  1.0000E+00
 9.2522E+03  1.3483E-03  8.6428E-03  1.2158E-03  1.5729E-02  1.0000E+00
 9.3231E+03  1.3539E-03  8.6122E-03  1.2224E-03  1.5694E-02  1.0000E+00
 9.3945E+03  1.3595E-03  8.5817E-03  1.2290E-03  1.5659E-02  1.0000E+00
 9.4664E+03  1.3651E-03  8.5512E-03  1.2356E-03  1.5623E-02  1.0000E+00
 9.5389E+03  1.3708E-03  8.5207E-03  1.2422E-03  1.5587E-02  1.0000E+00
 9.6120E+03  1.3764E-03  8.4903E-03  1.2488E-03  1.5551E-02  1.0000E+00
 9.6856E+03  1.3821E-03  8.4599E-03  1.2555E-03  1.5515E-02  1.0000E+00
 9.7598E+03  1.3878E-03  8.4296E-03  1.2621E-03  1.5478E-02  1.0000E+00
 9.8345E+03  1.3935E-03  8.3993E-03  1.2687E-03  1.5441E-02  1.0000E+00
 9.9098E+03  1.3992E-03  8.3690E-03  1.2753E-03  1.5404E-02  1.0000E+00
 9.9857E+03  1.4050E-03  8.3388E-03  1.2820E-03  1.5366E-02  1.0000E+00
 1.0062E+04  1.4107E-03  8.3086E-03  1.2886E-03  1.5328E-02  1.0000E+00
 1.0139E+04  1.4164E-03  8.2784E-03  1.2952E-03  1.5290E-02  1.0000E+00
 1.0217E+04  1.4222E-03  8.2483E-03  1.3019E-03  1.5252E-02  1.0000E+00
 1.0295E+04  1.4280E-03  8.2182E-03  1.3086E-03  1.5214E-02  1.0000E+00
 1.0374E+04  1.4338E-03  8.1882E-03  1.3152E-03  1.5175E-02  1.0000E+00
 1.0453E+04  1.4396E-03  8.1582E-03  1.3219E-03  1.5136E-02  1.0000E+00
 1.0533E+04  1.4454E-03  8.1283E-03  1.3286E-03  1.5097E-02  1.0000E+00
 1.0614E+04  1.4512E-03  8.0984E-03  1.3352E-03  1.5057E-02  1.0000E+00
 1.0695E+04  1.4570E-03  8.0685E-03  1.3419E-03  1.5018E-02  1.0000E+00
 1.0777E+04  1.4629E-03  8.0387E-03  1.3486E-03  1.4978E-02  1.0000E+00
 1.0860E+04  1.4687E-03  8.0089E-03  1.3553E-03  1.4938E-02  1.0000E+00
 1.0943E+04  1.4746E-03  7.9792E-03  1.3620E-03  1.4898E-02  1.0000E+00
 1.1027E+04  1.4805E-03  7.9495E-03  1.3687E-03  1.4857E-02  1.0000E+00
 1.1111E+04  1.4864E-03  7.9199E-03  1.3754E-03  1.4817E-02  1.0000E+00
 1.1196E+04  1.4923E-03  7.8903E-03  1.3822E-03  1.4776E-02  1.0000E+00
 1.1282E+04  1.4982E-03  7.8607E-03  1.3889E-03  1.4735E-02  1.0000E+00
 1.1369E+04  1.5042E-03  7.8312E-03  1.3956E-03  1.4694E-02  1.0000E+00
 1.1456E+04  1.5101E-03  7.8018E-03  1.4024E-03  1.4653E-02  1.0000E+00
 1.1543E+04  1.5161E-03  7.7724E-03  1.4091E-03  1.4611E-02  1.0000E+00
 1.1632E+04  1.5221E-03  7.7431E-03  1.4159E-03  1.4570E-02  1.0000E+00
 1.1721E+04  1.5280E-03  7.7138E-03  1.4226E-03  1.4528E-02  1.0000E+00
 1.1811E+04  1.5340E-03  7.6845E-03  1.4294E-03  1.4486E-02  1.0000E+00
 1.1901E+04  1.5401E-03  7.6553E-03  1.4362E-03  1.4444E-02  1.0000E+00
 1.1992E+04  1.5461E-03  7.6262E-03  1.4429E-03  1.4402E-02  1.0000E+00
 1.2084E+04  1.5521E-03  7.5971E-03  1.4497E-03  1.4360E-02  1.0000E+00
 1.2177E+04  1.5582E-03  7.5681E-03  1.4565E-03  1.4317E-02  1.0000E+00
 1.2270E+04  1.5642E-03  7.5391E-03  1.4633E-03  1.4275E-02  1.0000E+00
 1.2364E+04  1.5703E-03  7.5102E-03  1.4701E-03  1.4232E-02  1.0000E+00
 1.2458E+04  1.5764E-03  7.4813E-03  1.4769E-03  1.4190E-02  1.0000E+00
 1.2554E+04  1.5825E-03  7.4525E-03  1.4838E-03  1.4147E-02  1.0000E+00
 1.2650E+04  1.5886E-03  7.4237E-03  1.4906E-03  1.4104E-02  1.0000E+00
 1.2747E+04  1.5947E-03  7.3950E-03  1.4974E-03  1.4061E-02  1.0000E+00
 1.2845E+04  1.6009E-03  7.3664E-03  1.5043E-03  1.4018E-02  1.0000E+00
 1.2943E+04  1.6070E-03  7.3378E-03  1.5111E-03  1.3975E-02  1.0000E+00
 1.3042E+04  1.6132E-03  7.3093E-03  1.5180E-03  1.3931E-02  1.0000E+00
 1.3142E+04  1.6194E-03  7.2808E-03  1.5249E-03  1.3888E-02  1.0000E+00
 1.3243E+04  1.6256E-03  7.2524E-03  1.5317E-03  1.3845E-02  1.0000E+00
 1.3344E+04  1.6318E-03  7.2240E-03  1.5386E-03  1.3801E-02  1.0000E+00
 1.3446E+04  1.6380E-03  7.1957E-03  1.5455E-03  1.3758E-02  1.0000E+00
 1.3549E+04  1.6442E-03  7.1675E-03  1.5524E-03  1.3714E-02  1.0000E+00
 1.3653E+04  1.6504E-03  7.1393E-03  1.5593E-03  1.3670E-02  1.0000E+00
 1.3757E+04  1.6567E-03  7.1112E-03  1.5662E-03  1.3627E-02  1.0000E+00
 1.3863E+04  1.6630E-03  7.0831E-03  1.5732E-03  1.3583E-02  1.0000E+00
 1.3969E+04  1.6693E-03  7.0551E-03  1.5801E-03  1.3539E-02  1.0000E+00
 1.4076E+04  1.6756E-03  7.0272E-03  1.5870E-03  1.3495E-02  1.0000E+00
 1.4184E+04  1.6819E-03  6.9993E-03  1.5940E-03  1.3451E-02  1.0000E+00
 1.4292E+04  1.6882E-03  6.9715E-03  1.6009E-03  1.3407E-02  1.0000E+00
 1.4402E+04  1.6945E-03  6.9438E-03  1.6079E-03  1.3363E-02  1.0000E+00
 1.4512E+04  1.7009E-03  6.9161E-03  1.6149E-03  1.3319E-02  1.0000E+00
 1.4623E+04  1.7072E-03  6.8885E-03  1.6219E-03  1.3275E-02  1.0000E+00
 1.4735E+04  1.7136E-03  6.8609E-03  1.6289E-03  1.3231E-02  1.0000E+00
 1.4848E+04  1.7200E-03  6.8334E-03  1.6359E-03  1.3187E-02  1.0000E+00
 1.4962E+04  1.7264E-03  6.8060E-03  1.6429E-03  1.3143E-02  1.0000E+00
 1.5076E+04  1.7328E-03  6.7787E-03  1.6499E-03  1.3099E-02  1.0000E+00
 1.5192E+04  1.7393E-03  6.7514E-03  1.6569E-03  1.3055E-02  1.0000E+00
 1.5308E+04  1.7457E-03  6.7242E-03  1.6640E-03  1.3010E-02  1.0000E+00
 1.5425E+04  1.7522E-03  6.6970E-03  1.6710E-03  1.2966E-02  1.0000E+00
 1.5544E+04  1.7587E-03  6.6699E-03  1.6781E-03  1.2922E-02  1.0000E+00
 1.5663E+04  1.7652E-03  6.6429E-03  1.6851E-03  1.2878E-02  1.0000E+00
 1.5783E+04  1.7717E-03  6.6159E-03  1.6922E-03  1.2834E-02  1.0000E+00
 1.5903E+04  1.7782E-03  6.5890E-03  1.6993E-03  1.2789E-02  1.0000E+00
 1.6025E+04  1.7847E-03  6.5622E-03  1.7064E-03  1.2745E-02  1.0000E+00
 1.6148E+04  1.7913E-03  6.5355E-03  1.7135E-03  1.2701E-02  1.0000E+00
 1.6272E+04  1.7978E-03  6.5088E-03  1.7206E-03  1.2657E-02  1.0000E+00
 1.6396E+04  1.8044E-03  6.4822E-03  1.7278E-03  1.2613E-02  1.0000E+00
 1.6522E+04  1.8110E-03  6.4557E-03  1.7349E-03  1.2569E-02  1.0000E+00
 1.6648E+04  1.8176E-03  6.4292E-03  1.7421E-03  1.2525E-02  1.0000E+00
 1.6776E+04  1.8242E-03  6.4028E-03  1.7492E-03  1.2481E-02  1.0000E+00
 1.6904E+04  1.8309E-03  6.3765E-03  1.7564E-03  1.2436E-02  1.0000E+00
 1.7034E+04  1.8375E-03  6.3502E-03  1.7636E-03  1.2392E-02  1.0000E+00
 1.7164E+04  1.8442E-03  6.3240E-03  1.7708E-03  1.2348E-02  1.0000E+00
 1.7296E+04  1.8509E-03  6.2979E-03  1.7780E-03  1.2304E-02  1.0000E+00
 1.7428E+04  1.8576E-03  6.2719E-03  1.7852E-03  1.2261E-02  1.0000E+00
 1.7562E+04  1.8643E-03  6.2459E-03  1.7924E-03  1.2217E-02  1.0000E+00
 1.7696E+04  1.8710E-03  6.2200E-03  1.7997E-03  1.2173E-02  1.0000E+00
 1.7832E+04  1.8778E-03  6.1942E-03  1.8069E-03  1.2129E-02  1.0000E+00
 1.7968E+04  1.8845E-03  6.1684E-03  1.8142E-03  1.2085E-02  1.0000E+00
 1.8106E+04  1.8913E-03  6.1427E-03  1.8215E-03  1.2041E-02  1.0000E+00
 1.8244E+04  1.8981E-03  6.1171E-03  1.8288E-03  1.1998E-02  1.0000E+00
 1.8384E+04  1.9049E-03  6.0916E-03  1.8361E-03  1.1954E-02  1.0000E+00
 1.8525E+04  1.9117E-03  6.0661E-03  1.8434E-03  1.1910E-02  1.0000E+00
 1.8667E+04  1.9186E-03  6.0407E-03  1.8507E-03  1.1867E-02  1.0000E+00
 1.8810E+04  1.9254E-03  6.0154E-03  1.8580E-03  1.1823E-02  1.0000E+00
 1.8954E+04  1.9323E-03  5.9902E-03  1.8654E-03  1.1780E-02  1.0000E+00
 1.9099E+04  1.9392E-03  5.9650E-03  1.8727E-03  1.1737E-02  1.0000E+00
 1.9245E+04  1.9461E-03  5.9400E-03  1.8801E-03  1.1693E-02  1.0000E+00
 1.9393E+04  1.9530E-03  5.9150E-03  1.8875E-03  1.1650E-02  1.0000E+00
 1.9541E+04  1.9600E-03  5.8900E-03  1.8949E-03  1.1607E-02  1.0000E+00
 1.9691E+04  1.9669E-03  5.8652E-03  1.9023E-03  1.1564E-02  1.0000E+00
 1.9842E+04  1.9739E-03  5.8404E-03  1.9098E-03  1.1521E-02  1.0000E+00
 1.9994E+04  1.9809E-03  5.8157E-03  1.9172E-03  1.1478E-02  1.0000E+00
 2.0147E+04  1.9879E-03  5.7910E-03  1.9247E-03  1.1435E-02  1.0000E+00
 2.0301E+04  1.9949E-03  5.7665E-03  1.9321E-03  1.1392E-02  1.0000E+00
 2.0456E+04  2.0020E-03  5.7420E-03  1.9396E-03  1.1349E-02  1.0000E+00
 2.0613E+04  2.0090E-03  5.7176E-03  1.9471E-03  1.1306E-02  1.0000E+00
 2.0771E+04  2.0161E-03  5.6933E-03  1.9546E-03  1.1264E-02  1.0000E+00
 2.0930E+04  2.0232E-03  5.6690E-03  1.9622E-03  1.1221E-02  1.0000E+00
 2.1090E+04  2.0303E-03  5.6449E-03  1.9697E-03  1.1179E-02  1.0000E+00
 2.1252E+04  2.0375E-03  5.6208E-03  1.9773E-03  1.1136E-02  1.0000E+00
 2.1415E+04  2.0446E-03  5.5968E-03  1.9848E-03  1.1094E-02  1.0000E+00
 2.1579E+04  2.0518E-03  5.5728E-03  1.9924E-03  1.1052E-02  1.0000E+00
 2.1744E+04  2.0590E-03  5.5490E-03  2.0000E-03  1.1010E-02  1.0000E+00
 2.1910E+04  2.0662E-03  5.5252E-03  2.0077E-03  1.0968E-02  1.0000E+00
 2.2078E+04  2.0734E-03  5.5015E-03  2.0153E-03  1.0926E-02  1.0000E+00
 2.2247E+04  2.0807E-03  5.4779E-03  2.0229E-03  1.0884E-02  1.0000E+00
 2.2418E+04  2.0879E-03  5.4543E-03  2.0306E-03  1.0842E-02  1.0000E+00
 2.2589E+04  2.0952E-03  5.4309E-03  2.0383E-03  1.0800E-02  1.0000E+00
 2.2762E+04  2.1025E-03  5.4075E-03  2.0460E-03  1.0759E-02  1.0000E+00
 2.2937E+04  2.1098E-03  5.3842E-03  2.0537E-03  1.0717E-02  1.0000E+00
 2.3112E+04  2.1172E-03  5.3610E-03  2.0614E-03  1.0676E-02  1.0000E+00
 2.3289E+04  2.1245E-03  5.3378E-03  2.0692E-03  1.0634E-02  1.0000E+00
 2.3468E+04  2.1319E-03  5.3147E-03  2.0770E-03  1.0593E-02  1.0000E+00
 2.3647E+04  2.1393E-03  5.2917E-03  2.0847E-03  1.0552E-02  1.0000E+00
 2.3829E+04  2.1467E-03  5.2688E-03  2.0925E-03  1.0511E-02  1.0000E+00
 2.4011E+04  2.1542E-03  5.2460E-03  2.1004E-03  1.0470E-02  1.0000E+00
 2.4195E+04  2.1616E-03  5.2233E-03  2.1082E-03  1.0429E-02  1.0000E+00
 2.4380E+04  2.1691E-03  5.2006E-03  2.1160E-03  1.0389E-02  1.0000E+00
 2.4567E+04  2.1766E-03  5.1780E-03  2.1239E-03  1.0348E-02  1.0000E+00
 2.4755E+04  2.1842E-03  5.1555E-03  2.1318E-03  1.0308E-02  1.0000E+00
 2.4945E+04  2.1917E-03  5.1330E-03  2.1397E-03  1.0267E-02  1.0000E+00
 2.5136E+04  2.1993E-03  5.1107E-03  2.1476E-03  1.0227E-02  1.0000E+00
 2.5328E+04  2.2069E-03  5.0884E-03  2.1556E-03  1.0187E-02  1.0000E+00
 2.5522E+04  2.2145E-03  5.0662E-03  2.1636E-03  1.0147E-02  1.0000E+00
 2.5718E+04  2.2221E-03  5.0441E-03  2.1715E-03  1.0107E-02  1.0000E+00
 2.5915E+04  2.2298E-03  5.0221E-03  2.1795E-03  1.0067E-02  1.0000E+00
 2.6113E+04  2.2374E-03  5.0001E-03  2.1876E-03  1.0027E-02  1.0000E+00
 2.6313E+04  2.2451E-03  4.9782E-03  2.1956E-03  9.9875E-03  1.0000E+00
 2.6515E+04  2.2529E-03  4.9565E-03  2.2037E-03  9.9480E-03  1.0000E+00
 2.6718E+04  2.2606E-03  4.9347E-03  2.2118E-03  9.9086E-03  1.0000E+00
 2.6922E+04  2.2684E-03  4.9131E-03  2.2199E-03  9.8694E-03  1.0000E+00
 2.7128E+04  2.2762E-03  4.8916E-03  2.2280E-03  9.8302E-03  1.0000E+00
 2.7336E+04  2.2840E-03  4.8701E-03  2.2361E-03  9.7911E-03  1.0000E+00
 2.7545E+04  2.2918E-03  4.8487E-03  2.2443E-03  9.7522E-03  1.0000E+00
 2.7756E+04  2.2997E-03  4.8274E-03  2.2525E-03  9.7134E-03  1.0000E+00
 2.7969E+04  2.3076E-03  4.8062E-03  2.2607E-03  9.6747E-03  1.0000E+00
 2.8183E+04  2.3155E-03  4.7850E-03  2.2689E-03  9.6362E-03  1.0000E+00
 2.8399E+04  2.3234E-03  4.7639E-03  2.2772E-03  9.5977E-03  1.0000E+00
 2.8617E+04  2.3314E-03  4.7429E-03  2.2855E-03  9.5594E-03  1.0000E+00
 2.8836E+04  2.3394E-03  4.7220E-03  2.2938E-03  9.5212E-03  1.0000E+00
 2.9056E+04  2.3474E-03  4.7012E-03  2.3021E-03  9.4831E-03  1.0000E+00
 2.9279E+04  2.3554E-03  4.6805E-03  2.3104E-03  9.4451E-03  1.0000E+00
 2.9503E+04  2.3635E-03  4.6598E-03  2.3188E-03  9.4073E-03  1.0000E+00
 2.9729E+04  2.3716E-03  4.6392E-03  2.3272E-03  9.3696E-03  1.0000E+00
 2.9957E+04  2.3797E-03  4.6187E-03  2.3356E-03  9.3320E-03  1.0000E+00
 3.0186E+04  2.3878E-03  4.5983E-03  2.3440E-03  9.2945E-03  1.0000E+00
 3.0417E+04  2.3960E-03  4.5779E-03  2.3525E-03  9.2572E-03  1.0000E+00
 3.0650E+04  2.4042E-03  4.5576E-03  2.3610E-03  9.2199E-03  1.0000E+00
 3.0885E+04  2.4124E-03  4.5375E-03  2.3695E-03  9.1829E-03  1.0000E+00
 3.1122E+04  2.4206E-03  4.5173E-03  2.3780E-03  9.1459E-03  1.0000E+00
 3.1360E+04  2.4289E-03  4.4973E-03  2.3866E-03  9.1091E-03  1.0000E+00
 3.1600E+04  2.4372E-03  4.4774E-03  2.3952E-03  9.0724E-03  1.0000E+00
 3.1842E+04  2.4456E-03  4.4575E-03  2.4038E-03  9.0358E-03  1.0000E+00
 3.2086E+04  2.4539E-03  4.4377E-03  2.4124E-03  8.9993E-03  1.0000E+00
 3.2332E+04  2.4623E-03  4.4180E-03  2.4211E-03  8.9630E-03  1.0000E+00
 3.2579E+04  2.4707E-03  4.3984E-03  2.4298E-03  8.9268E-03  1.0000E+00
 3.2829E+04  2.4792E-03  4.3788E-03  2.4385E-03  8.8908E-03  1.0000E+00
 3.3080E+04  2.4876E-03  4.3594E-03  2.4472E-03  8.8548E-03  1.0000E+00
 3.3334E+04  2.4961E-03  4.3400E-03  2.4560E-03  8.8190E-03  1.0000E+00
 3.3589E+04  2.5047E-03  4.3207E-03  2.4648E-03  8.7834E-03  1.0000E+00
 3.3846E+04  2.5132E-03  4.3014E-03  2.4736E-03  8.7478E-03  1.0000E+00
 3.4105E+04  2.5218E-03  4.2823E-03  2.4825E-03  8.7124E-03  1.0000E+00
 3.4367E+04  2.5304E-03  4.2632E-03  2.4914E-03  8.6771E-03  1.0000E+00
 3.4630E+04  2.5391E-03  4.2442E-03  2.5003E-03  8.6420E-03  1.0000E+00
 3.4895E+04  2.5478E-03  4.2253E-03  2.5092E-03  8.6070E-03  1.0000E+00
 3.5162E+04  2.5565E-03  4.2065E-03  2.5182E-03  8.5721E-03  1.0000E+00
 3.5431E+04  2.5652E-03  4.1877E-03  2.5272E-03  8.5374E-03  1.0000E+00
 3.5703E+04  2.5740E-03  4.1691E-03  2.5362E-03  8.5028E-03  1.0000E+00
 3.5976E+04  2.5828E-03  4.1505E-03  2.5453E-03  8.4683E-03  1.0000E+00
 3.6252E+04  2.5917E-03  4.1320E-03  2.5544E-03  8.4340E-03  1.0000E+00
 3.6529E+04  2.6006E-03  4.1135E-03  2.5635E-03  8.3998E-03  1.0000E+00
 3.6809E+04  2.6095E-03  4.0952E-03  2.5727E-03  8.3657E-03  1.0000E+00
 3.7091E+04  2.6184E-03  4.0769E-03  2.5819E-03  8.3317E-03  1.0000E+00
 3.7375E+04  2.6274E-03  4.0587E-03  2.5911E-03  8.2979E-03  1.0000E+00
 3.7661E+04  2.6364E-03  4.0406E-03  2.6003E-03  8.2643E-03  1.0000E+00
 3.7950E+04  2.6454E-03  4.0225E-03  2.6096E-03  8.2308E-03  1.0000E+00
 3.8240E+04  2.6545E-03  4.0045E-03  2.6189E-03  8.1974E-03  1.0000E+00
 3.8533E+04  2.6636E-03  3.9867E-03  2.6283E-03  8.1641E-03  1.0000E+00
 3.8828E+04  2.6728E-03  3.9688E-03  2.6377E-03  8.1310E-03  1.0000E+00
 3.9126E+04  2.6820E-03  3.9511E-03  2.6471E-03  8.0980E-03  1.0000E+00
 3.9425E+04  2.6912E-03  3.9335E-03  2.6565E-03  8.0651E-03  1.0000E+00
 3.9727E+04  2.7005E-03  3.9159E-03  2.6660E-03  8.0324E-03  1.0000E+00
 4.0032E+04  2.7098E-03  3.8984E-03  2.6755E-03  7.9998E-03  1.0000E+00
 4.0338E+04  2.7191E-03  3.8810E-03  2.6851E-03  7.9674E-03  1.0000E+00
 4.0647E+04  2.7285E-03  3.8636E-03  2.6947E-03  7.9351E-03  1.0000E+00
 4.0958E+04  2.7379E-03  3.8464E-03  2.7043E-03  7.9029E-03  1.0000E+00
 4.1272E+04  2.7473E-03  3.8292E-03  2.7140E-03  7.8709E-03  1.0000E+00
 4.1588E+04  2.7568E-03  3.8120E-03  2.7237E-03  7.8390E-03  1.0000E+00
 4.1907E+04  2.7663E-03  3.7950E-03  2.7334E-03  7.8072E-03  1.0000E+00
 4.2228E+04  2.7759E-03  3.7781E-03  2.7432E-03  7.7756E-03  1.0000E+00
 4.2551E+04  2.7855E-03  3.7612E-03  2.7530E-03  7.7441E-03  1.0000E+00
 4.2877E+04  2.7952E-03  3.7444E-03  2.7629E-03  7.7128E-03  1.0000E+00
 4.3205E+04  2.8048E-03  3.7276E-03  2.7728E-03  7.6816E-03  1.0000E+00
 4.3536E+04  2.8146E-03  3.7110E-03  2.7827E-03  7.6505E-03  1.0000E+00
 4.3869E+04  2.8243E-03  3.6944E-03  2.7927E-03  7.6196E-03  1.0000E+00
 4.4205E+04  2.8341E-03  3.6779E-03  2.8027E-03  7.5888E-03  1.0000E+00
 4.4544E+04  2.8440E-03  3.6615E-03  2.8127E-03  7.5581E-03  1.0000E+00
 4.4885E+04  2.8539E-03  3.6451E-03  2.8228E-03  7.5276E-03  1.0000E+00
 4.5229E+04  2.8638E-03  3.6288E-03  2.8330E-03  7.4972E-03  1.0000E+00
 4.5575E+04  2.8738E-03  3.6126E-03  2.8431E-03  7.4669E-03  1.0000E+00
 4.5924E+04  2.8838E-03  3.5965E-03  2.8534E-03  7.4368E-03  1.0000E+00
 4.6276E+04  2.8939E-03  3.5805E-03  2.8636E-03  7.4069E-03  1.0000E+00
 4.6630E+04  2.9040E-03  3.5645E-03  2.8739E-03  7.3770E-03  1.0000E+00
 4.6987E+04  2.9142E-03  3.5486E-03  2.8843E-03  7.3473E-03  1.0000E+00
 4.7347E+04  2.9244E-03  3.5328E-03  2.8947E-03  7.3177E-03  1.0000E+00
 4.7710E+04  2.9346E-03  3.5170E-03  2.9051E-03  7.2883E-03  1.0000E+00
 4.8075E+04  2.9449E-03  3.5013E-03  2.9156E-03  7.2590E-03  1.0000E+00
 4.8443E+04  2.9553E-03  3.4857E-03  2.9261E-03  7.2299E-03  1.0000E+00
 4.8814E+04  2.9657E-03  3.4702E-03  2.9367E-03  7.2009E-03  1.0000E+00
 4.9188E+04  2.9761E-03  3.4547E-03  2.9473E-03  7.1720E-03  1.0000E+00
 4.9565E+04  2.9866E-03  3.4394E-03  2.9580E-03  7.1432E-03  1.0000E+00
 4.9945E+04  2.9971E-03  3.4240E-03  2.9687E-03  7.1146E-03  1.0000E+00
 5.0327E+04  3.0077E-03  3.4088E-03  2.9795E-03  7.0862E-03  1.0000E+00
 5.0713E+04  3.0184E-03  3.3936E-03  2.9903E-03  7.0578E-03  1.0000E+00
 5.1101E+04  3.0290E-03  3.3786E-03  3.0012E-03  7.0296E-03  1.0000E+00
 5.1492E+04  3.0398E-03  3.3635E-03  3.0121E-03  7.0016E-03  1.0000E+00
 5.1887E+04  3.0506E-03  3.3486E-03  3.0230E-03  6.9737E-03  1.0000E+00
 5.2284E+04  3.0614E-03  3.3337E-03  3.0340E-03  6.9459E-03  1.0000E+00
 5.2684E+04  3.0723E-03  3.3189E-03  3.0451E-03  6.9182E-03  1.0000E+00
 5.3088E+04  3.0833E-03  3.3042E-03  3.0562E-03  6.8907E-03  1.0000E+00
 5.3494E+04  3.0943E-03  3.2895E-03  3.0674E-03  6.8633E-03  1.0000E+00
 5.3904E+04  3.1053E-03  3.2750E-03  3.0786E-03  6.8361E-03  1.0000E+00
 5.4317E+04  3.1164E-03  3.2604E-03  3.0899E-03  6.8090E-03  1.0000E+00
 5.4733E+04  3.1276E-03  3.2460E-03  3.1012E-03  6.7820E-03  1.0000E+00
 5.5152E+04  3.1388E-03  3.2316E-03  3.1126E-03  6.7552E-03  1.0000E+00
 5.5574E+04  3.1501E-03  3.2173E-03  3.1240E-03  6.7285E-03  1.0000E+00
 5.6000E+04  3.1614E-03  3.2031E-03  3.1355E-03  6.7019E-03  1.0000E+00
 5.6429E+04  3.1728E-03  3.1889E-03  3.1471E-03  6.6754E-03  1.0000E+00
 5.6861E+04  3.1843E-03  3.1749E-03  3.1587E-03  6.6492E-03  1.0000E+00
 5.7297E+04  3.1958E-03  3.1608E-03  3.1704E-03  6.6230E-03  1.0000E+00
 5.7735E+04  3.2074E-03  3.1469E-03  3.1821E-03  6.5970E-03  1.0000E+00
 5.8177E+04  3.2190E-03  3.1330E-03  3.1939E-03  6.5711E-03  1.0000E+00
 5.8623E+04  3.2307E-03  3.1192E-03  3.2057E-03  6.5453E-03  1.0000E+00
 5.9072E+04  3.2424E-03  3.1055E-03  3.2176E-03  6.5197E-03  1.0000E+00
 5.9524E+04  3.2542E-03  3.0918E-03  3.2296E-03  6.4942E-03  1.0000E+00
 5.9980E+04  3.2661E-03  3.0782E-03  3.2416E-03  6.4688E-03  1.0000E+00
 6.0440E+04  3.2781E-03  3.0647E-03  3.2537E-03  6.4436E-03  1.0000E+00
 6.0902E+04  3.2901E-03  3.0512E-03  3.2658E-03  6.4185E-03  1.0000E+00
 6.1369E+04  3.3021E-03  3.0378E-03  3.2781E-03  6.3935E-03  1.0000E+00
 6.1839E+04  3.3143E-03  3.0245E-03  3.2903E-03  6.3687E-03  1.0000E+00
 6.2312E+04  3.3265E-03  3.0113E-03  3.3027E-03  6.3440E-03  1.0000E+00
 6.2790E+04  3.3387E-03  2.9981E-03  3.3151E-03  6.3194E-03  1.0000E+00
 6.3270E+04  3.3511E-03  2.9850E-03  3.3276E-03  6.2950E-03  1.0000E+00
 6.3755E+04  3.3635E-03  2.9719E-03  3.3401E-03  6.2707E-03  1.0000E+00
 6.4243E+04  3.3759E-03  2.9589E-03  3.3527E-03  6.2466E-03  1.0000E+00
 6.4735E+04  3.3885E-03  2.9460E-03  3.3654E-03  6.2225E-03  1.0000E+00
 6.5231E+04  3.4011E-03  2.9332E-03  3.3781E-03  6.1986E-03  1.0000E+00
 6.5731E+04  3.4138E-03  2.9204E-03  3.3909E-03  6.1748E-03  1.0000E+00
 6.6234E+04  3.4265E-03  2.9077E-03  3.4038E-03  6.1512E-03  1.0000E+00
 6.6741E+04  3.4393E-03  2.8950E-03  3.4168E-03  6.1277E-03  1.0000E+00
 6.7252E+04  3.4522E-03  2.8824E-03  3.4298E-03  6.1043E-03  1.0000E+00
 6.7767E+04  3.4652E-03  2.8699E-03  3.4429E-03  6.0811E-03  1.0000E+00
 6.8286E+04  3.4783E-03  2.8575E-03  3.4561E-03  6.0579E-03  1.0000E+00
 6.8809E+04  3.4914E-03  2.8451E-03  3.4693E-03  6.0349E-03  1.0000E+00
 6.9336E+04  3.5046E-03  2.8328E-03  3.4827E-03  6.0121E-03  1.0000E+00
 6.9867E+04  3.5179E-03  2.8205E-03  3.4961E-03  5.9893E-03  1.0000E+00
 7.0402E+04  3.5312E-03  2.8083E-03  3.5096E-03  5.9667E-03  1.0000E+00
 7.0942E+04  3.5446E-03  2.7962E-03  3.5231E-03  5.9443E-03  1.0000E+00
 7.1485E+04  3.5582E-03  2.7841E-03  3.5368E-03  5.9219E-03  1.0000E+00
 7.2032E+04  3.5718E-03  2.7722E-03  3.5505E-03  5.8997E-03  1.0000E+00
 7.2584E+04  3.5854E-03  2.7602E-03  3.5643E-03  5.8776E-03  1.0000E+00
 7.3140E+04  3.5992E-03  2.7484E-03  3.5781E-03  5.8557E-03  1.0000E+00
 7.3700E+04  3.6130E-03  2.7366E-03  3.5921E-03  5.8338E-03  1.0000E+00
 7.4264E+04  3.6269E-03  2.7248E-03  3.6061E-03  5.8121E-03  1.0000E+00
 7.4833E+04  3.6410E-03  2.7132E-03  3.6203E-03  5.7905E-03  1.0000E+00
 7.5406E+04  3.6551E-03  2.7015E-03  3.6345E-03  5.7691E-03  1.0000E+00
 7.5984E+04  3.6692E-03  2.6900E-03  3.6488E-03  5.7478E-03  1.0000E+00
 7.6566E+04  3.6835E-03  2.6785E-03  3.6632E-03  5.7266E-03  1.0000E+00
 7.7152E+04  3.6979E-03  2.6671E-03  3.6776E-03  5.7055E-03  1.0000E+00
 7.7743E+04  3.7123E-03  2.6557E-03  3.6922E-03  5.6846E-03  1.0000E+00
 7.8338E+04  3.7268E-03  2.6444E-03  3.7068E-03  5.6637E-03  1.0000E+00
 7.8938E+04  3.7415E-03  2.6332E-03  3.7216E-03  5.6431E-03  1.0000E+00
 7.9543E+04  3.7562E-03  2.6220E-03  3.7364E-03  5.6225E-03  1.0000E+00
 8.0152E+04  3.7710E-03  2.6109E-03  3.7513E-03  5.6020E-03  1.0000E+00
 8.0766E+04  3.7859E-03  2.5999E-03  3.7664E-03  5.5817E-03  1.0000E+00
 8.1384E+04  3.8009E-03  2.5889E-03  3.7815E-03  5.5615E-03  1.0000E+00
 8.2008E+04  3.8160E-03  2.5780E-03  3.7967E-03  5.5415E-03  1.0000E+00
 8.2636E+04  3.8312E-03  2.5671E-03  3.8120E-03  5.5215E-03  1.0000E+00
 8.3268E+04  3.8465E-03  2.5563E-03  3.8274E-03  5.5017E-03  1.0000E+00
 8.3906E+04  3.8619E-03  2.5456E-03  3.8429E-03  5.4820E-03  1.0000E+00
 8.4549E+04  3.8774E-03  2.5349E-03  3.8585E-03  5.4624E-03  1.0000E+00
 8.5196E+04  3.8930E-03  2.5243E-03  3.8742E-03  5.4430E-03  1.0000E+00
 8.5849E+04  3.9087E-03  2.5137E-03  3.8900E-03  5.4237E-03  1.0000E+00
 8.6506E+04  3.9246E-03  2.5032E-03  3.9059E-03  5.4044E-03  1.0000E+00
 8.7169E+04  3.9405E-03  2.4928E-03  3.9220E-03  5.3854E-03  1.0000E+00
 8.7836E+04  3.9565E-03  2.4824E-03  3.9381E-03  5.3664E-03  1.0000E+00
 8.8509E+04  3.9726E-03  2.4721E-03  3.9543E-03  5.3476E-03  1.0000E+00
 8.9187E+04  3.9889E-03  2.4618E-03  3.9706E-03  5.3289E-03  1.0000E+00
 8.9870E+04  4.0052E-03  2.4516E-03  3.9871E-03  5.3103E-03  1.0000E+00
 9.0558E+04  4.0217E-03  2.4415E-03  4.0036E-03  5.2918E-03  1.0000E+00
 9.1252E+04  4.0382E-03  2.4314E-03  4.0203E-03  5.2734E-03  1.0000E+00
 9.1950E+04  4.0549E-03  2.4214E-03  4.0371E-03  5.2552E-03  1.0000E+00
 9.2655E+04  4.0717E-03  2.4114E-03  4.0540E-03  5.2371E-03  1.0000E+00
 9.3364E+04  4.0887E-03  2.4015E-03  4.0710E-03  5.2191E-03  1.0000E+00
 9.4079E+04  4.1057E-03  2.3916E-03  4.0881E-03  5.2012E-03  1.0000E+00
 9.4800E+04  4.1228E-03  2.3818E-03  4.1054E-03  5.1835E-03  1.0000E+00
 9.5526E+04  4.1401E-03  2.3721E-03  4.1228E-03  5.1658E-03  1.0000E+00
 9.6257E+04  4.1575E-03  2.3624E-03  4.1402E-03  5.1483E-03  1.0000E+00
 9.6994E+04  4.1750E-03  2.3528E-03  4.1579E-03  5.1309E-03  1.0000E+00
 9.7737E+04  4.1927E-03  2.3432E-03  4.1756E-03  5.1136E-03  1.0000E+00
 9.8486E+04  4.2105E-03  2.3337E-03  4.1934E-03  5.0965E-03  1.0000E+00
 9.9240E+04  4.2284E-03  2.3242E-03  4.2114E-03  5.0794E-03  1.0000E+00
 1.0000E+05  4.2464E-03  2.3148E-03  4.2295E-03  5.0625E-03  1.0000E+00


