#     0	 1	    6	 1	 5.7981E+02	 1000	1
 4.8978E+01  0.0000E+00  0.0000E+00  0.0000E+00  0.0000E+00  0.0000E+00
 4.9353E+01  0.0000E+00  0.0000E+00  0.0000E+00  0.0000E+00  0.0000E+00
 4.9731E+01  0.0000E+00  0.0000E+00  0.0000E+00  0.0000E+00  0.0000E+00
 5.0112E+01  0.0000E+00  0.0000E+00  0.0000E+00  0.0000E+00  0.0000E+00
 5.0496E+01  0.0000E+00  0.0000E+00  0.0000E+00  0.0000E+00  0.0000E+00
 5.0882E+01  0.0000E+00  0.0000E+00  0.0000E+00  0.0000E+00  0.0000E+00
 5.1272E+01  0.0000E+00  0.0000E+00  0.0000E+00  0.0000E+00  0.0000E+00
 5.1665E+01  0.0000E+00  0.0000E+00  0.0000E+00  0.0000E+00  0.0000E+00
 5.2060E+01  0.0000E+00  0.0000E+00  0.0000E+00  0.0000E+00  0.0000E+00
 5.2459E+01  0.0000E+00  0.0000E+00  0.0000E+00  0.0000E+00  0.0000E+00
 5.2861E+01  0.0000E+00  0.0000E+00  0.0000E+00  0.0000E+00  0.0000E+00
 5.3266E+01  0.0000E+00  0.0000E+00  0.0000E+00  0.0000E+00  0.0000E+00
 5.3673E+01  0.0000E+00  0.0000E+00  0.0000E+00  0.0000E+00  0.0000E+00
 5.4085E+01  0.0000E+00  0.0000E+00  0.0000E+00  0.0000E+00  0.0000E+00
 5.4499E+01  0.0000E+00  0.0000E+00  0.0000E+00  0.0000E+00  0.0000E+00
 5.4916E+01  0.0000E+00  0.0000E+00  0.0000E+00  0.0000E+00  0.0000E+00
 5.5337E+01  0.0000E+00  0.0000E+00  0.0000E+00  0.0000E+00  0.0000E+00
 5.5760E+01  0.0000E+00  0.0000E+00  0.0000E+00  0.0000E+00  0.0000E+00
 5.6187E+01  0.0000E+00  0.0000E+00  0.0000E+00  0.0000E+00  0.0000E+00
 5.6618E+01  0.0000E+00  0.0000E+00  0.0000E+00  0.0000E+00  0.0000E+00
 5.7051E+01  0.0000E+00  0.0000E+00  0.0000E+00  0.0000E+00  0.0000E+00
 5.7488E+01  0.0000E+00  0.0000E+00  0.0000E+00  0.0000E+00  0.0000E+00
 5.7929E+01  0.0000E+00  0.0000E+00  0.0000E+00  0.0000E+00  0.0000E+00
 5.8372E+01  0.0000E+00  0.0000E+00  0.0000E+00  0.0000E+00  0.0000E+00
 5.8819E+01  0.0000E+00  0.0000E+00  0.0000E+00  0.0000E+00  0.0000E+00
 5.9270E+01  0.0000E+00  0.0000E+00  0.0000E+00  0.0000E+00  0.0000E+00
 5.9724E+01  0.0000E+00  0.0000E+00  0.0000E+00  0.0000E+00  0.0000E+00
 6.0181E+01  0.0000E+00  0.0000E+00  0.0000E+00  0.0000E+00  0.0000E+00
 6.0642E+01  0.0000E+00  0.0000E+00  0.0000E+00  0.0000E+00  0.0000E+00
 6.1106E+01  0.0000E+00  0.0000E+00  0.0000E+00  0.0000E+00  0.0000E+00
 6.1574E+01  0.0000E+00  0.0000E+00  0.0000E+00  0.0000E+00  0.0000E+00
 6.2046E+01  0.0000E+00  0.0000E+00  0.0000E+00  0.0000E+00  0.0000E+00
 6.2521E+01  0.0000E+00  0.0000E+00  0.0000E+00  0.0000E+00  0.0000E+00
 6.3000E+01  0.0000E+00  0.0000E+00  0.0000E+00  0.0000E+00  0.0000E+00
 6.3482E+01  0.0000E+00  0.0000E+00  0.0000E+00  0.0000E+00  0.0000E+00
 6.3968E+01  0.0000E+00  0.0000E+00  0.0000E+00  0.0000E+00  0.0000E+00
 6.4458E+01  0.0000E+00  0.0000E+00  0.0000E+00  0.0000E+00  0.0000E+00
 6.4952E+01  0.0000E+00  0.0000E+00  0.0000E+00  0.0000E+00  0.0000E+00
 6.5449E+01  0.0000E+00  0.0000E+00  0.0000E+00  0.0000E+00  0.0000E+00
 6.5951E+01  0.0000E+00  0.0000E+00  0.0000E+00  0.0000E+00  0.0000E+00
 6.6456E+01  0.0000E+00  0.0000E+00  0.0000E+00  0.0000E+00  0.0000E+00
 6.6965E+01  0.0000E+00  0.0000E+00  0.0000E+00  0.0000E+00  0.0000E+00
 6.7478E+01  0.0000E+00  0.0000E+00  0.0000E+00  0.0000E+00  0.0000E+00
 6.7994E+01  0.0000E+00  0.0000E+00  0.0000E+00  0.0000E+00  0.0000E+00
 6.8515E+01  0.0000E+00  0.0000E+00  0.0000E+00  0.0000E+00  0.0000E+00
 6.9040E+01  0.0000E+00  0.0000E+00  0.0000E+00  0.0000E+00  0.0000E+00
 6.9568E+01  0.0000E+00  0.0000E+00  0.0000E+00  0.0000E+00  0.0000E+00
 7.0101E+01  0.0000E+00  0.0000E+00  0.0000E+00  0.0000E+00  0.0000E+00
 7.0638E+01  0.0000E+00  0.0000E+00  0.0000E+00  0.0000E+00  0.0000E+00
 7.1179E+01  0.0000E+00  0.0000E+00  0.0000E+00  0.0000E+00  0.0000E+00
 7.1724E+01  0.0000E+00  0.0000E+00  0.0000E+00  0.0000E+00  0.0000E+00
 7.2273E+01  0.0000E+00  0.0000E+00  0.0000E+00  0.0000E+00  0.0000E+00
 7.2827E+01  0.0000E+00  0.0000E+00  0.0000E+00  0.0000E+00  0.0000E+00
 7.3385E+01  0.0000E+00  0.0000E+00  0.0000E+00  0.0000E+00  0.0000E+00
 7.3947E+01  0.0000E+00  0.0000E+00  0.0000E+00  0.0000E+00  0.0000E+00
 7.4513E+01  0.0000E+00  0.0000E+00  0.0000E+00  0.0000E+00  0.0000E+00
 7.5084E+01  0.0000E+00  0.0000E+00  0.0000E+00  0.0000E+00  0.0000E+00
 7.5659E+01  0.0000E+00  0.0000E+00  0.0000E+00  0.0000E+00  0.0000E+00
 7.6238E+01  0.0000E+00  0.0000E+00  0.0000E+00  0.0000E+00  0.0000E+00
 7.6822E+01  0.0000E+00  0.0000E+00  0.0000E+00  0.0000E+00  0.0000E+00
 7.7410E+01  0.0000E+00  0.0000E+00  0.0000E+00  0.0000E+00  0.0000E+00
 7.8003E+01  0.0000E+00  0.0000E+00  0.0000E+00  0.0000E+00  0.0000E+00
 7.8601E+01  0.0000E+00  0.0000E+00  0.0000E+00  0.0000E+00  0.0000E+00
 7.9202E+01  0.0000E+00  0.0000E+00  0.0000E+00  0.0000E+00  0.0000E+00
 7.9809E+01  0.0000E+00  0.0000E+00  0.0000E+00  0.0000E+00  0.0000E+00
 8.0420E+01  0.0000E+00  0.0000E+00  0.0000E+00  0.0000E+00  0.0000E+00
 8.1036E+01  0.0000E+00  0.0000E+00  0.0000E+00  0.0000E+00  0.0000E+00
 8.1657E+01  0.0000E+00  0.0000E+00  0.0000E+00  0.0000E+00  0.0000E+00
 8.2282E+01  0.0000E+00  0.0000E+00  0.0000E+00  0.0000E+00  0.0000E+00
 8.2912E+01  0.0000E+00  0.0000E+00  0.0000E+00  0.0000E+00  0.0000E+00
 8.3547E+01  0.0000E+00  0.0000E+00  0.0000E+00  0.0000E+00  0.0000E+00
 8.4187E+01  0.0000E+00  0.0000E+00  0.0000E+00  0.0000E+00  0.0000E+00
 8.4832E+01  0.0000E+00  0.0000E+00  0.0000E+00  0.0000E+00  0.0000E+00
 8.5481E+01  0.0000E+00  0.0000E+00  0.0000E+00  0.0000E+00  0.0000E+00
 8.6136E+01  0.0000E+00  0.0000E+00  0.0000E+00  0.0000E+00  0.0000E+00
 8.6796E+01  0.0000E+00  0.0000E+00  0.0000E+00  0.0000E+00  0.0000E+00
 8.7460E+01  0.0000E+00  0.0000E+00  0.0000E+00  0.0000E+00  0.0000E+00
 8.8130E+01  0.0000E+00  0.0000E+00  0.0000E+00  0.0000E+00  0.0000E+00
 8.8805E+01  0.0000E+00  0.0000E+00  0.0000E+00  0.0000E+00  0.0000E+00
 8.9485E+01  0.0000E+00  0.0000E+00  0.0000E+00  0.0000E+00  0.0000E+00
 9.0171E+01  0.0000E+00  0.0000E+00  0.0000E+00  0.0000E+00  0.0000E+00
 9.0861E+01  0.0000E+00  0.0000E+00  0.0000E+00  0.0000E+00  0.0000E+00
 9.1557E+01  0.0000E+00  0.0000E+00  0.0000E+00  0.0000E+00  0.0000E+00
 9.2258E+01  0.0000E+00  0.0000E+00  0.0000E+00  0.0000E+00  0.0000E+00
 9.2965E+01  0.0000E+00  0.0000E+00  0.0000E+00  0.0000E+00  0.0000E+00
 9.3677E+01  0.0000E+00  0.0000E+00  0.0000E+00  0.0000E+00  0.0000E+00
 9.4394E+01  0.0000E+00  0.0000E+00  0.0000E+00  0.0000E+00  0.0000E+00
 9.5117E+01  0.0000E+00  0.0000E+00  0.0000E+00  0.0000E+00  0.0000E+00
 9.5845E+01  0.0000E+00  0.0000E+00  0.0000E+00  0.0000E+00  0.0000E+00
 9.6579E+01  0.0000E+00  0.0000E+00  0.0000E+00  0.0000E+00  0.0000E+00
 9.7319E+01  0.0000E+00  0.0000E+00  0.0000E+00  0.0000E+00  0.0000E+00
 9.8064E+01  0.0000E+00  0.0000E+00  0.0000E+00  0.0000E+00  0.0000E+00
 9.8815E+01  0.0000E+00  0.0000E+00  0.0000E+00  0.0000E+00  0.0000E+00
 9.9572E+01  0.0000E+00  0.0000E+00  0.0000E+00  0.0000E+00  0.0000E+00
 1.0033E+02  0.0000E+00  0.0000E+00  0.0000E+00  0.0000E+00  0.0000E+00
 1.0110E+02  0.0000E+00  0.0000E+00  0.0000E+00  0.0000E+00  0.0000E+00
 1.0188E+02  0.0000E+00  0.0000E+00  0.0000E+00  0.0000E+00  0.0000E+00
 1.0266E+02  0.0000E+00  0.0000E+00  0.0000E+00  0.0000E+00  0.0000E+00
 1.0344E+02  0.0000E+00  0.0000E+00  0.0000E+00  0.0000E+00  0.0000E+00
 1.0424E+02  0.0000E+00  0.0000E+00  0.0000E+00  0.0000E+00  0.0000E+00
 1.0503E+02  0.0000E+00  0.0000E+00  0.0000E+00  0.0000E+00  0.0000E+00
 1.0584E+02  0.0000E+00  0.0000E+00  0.0000E+00  0.0000E+00  0.0000E+00
 1.0665E+02  0.0000E+00  0.0000E+00  0.0000E+00  0.0000E+00  0.0000E+00
 1.0747E+02  0.0000E+00  0.0000E+00  0.0000E+00  0.0000E+00  0.0000E+00
 1.0829E+02  0.0000E+00  0.0000E+00  0.0000E+00  0.0000E+00  0.0000E+00
 1.0912E+02  0.0000E+00  0.0000E+00  0.0000E+00  0.0000E+00  0.0000E+00
 1.0995E+02  0.0000E+00  0.0000E+00  0.0000E+00  0.0000E+00  0.0000E+00
 1.1080E+02  0.0000E+00  0.0000E+00  0.0000E+00  0.0000E+00  0.0000E+00
 1.1164E+02  0.0000E+00  0.0000E+00  0.0000E+00  0.0000E+00  0.0000E+00
 1.1250E+02  0.0000E+00  0.0000E+00  0.0000E+00  0.0000E+00  0.0000E+00
 1.1336E+02  0.0000E+00  0.0000E+00  0.0000E+00  0.0000E+00  0.0000E+00
 1.1423E+02  0.0000E+00  0.0000E+00  0.0000E+00  0.0000E+00  0.0000E+00
 1.1510E+02  0.0000E+00  0.0000E+00  0.0000E+00  0.0000E+00  0.0000E+00
 1.1599E+02  0.0000E+00  0.0000E+00  0.0000E+00  0.0000E+00  0.0000E+00
 1.1687E+02  0.0000E+00  0.0000E+00  0.0000E+00  0.0000E+00  0.0000E+00
 1.1777E+02  0.0000E+00  0.0000E+00  0.0000E+00  0.0000E+00  0.0000E+00
 1.1867E+02  0.0000E+00  0.0000E+00  0.0000E+00  0.0000E+00  0.0000E+00
 1.1958E+02  0.0000E+00  0.0000E+00  0.0000E+00  0.0000E+00  0.0000E+00
 1.2050E+02  0.0000E+00  0.0000E+00  0.0000E+00  0.0000E+00  0.0000E+00
 1.2142E+02  0.0000E+00  0.0000E+00  0.0000E+00  0.0000E+00  0.0000E+00
 1.2235E+02  0.0000E+00  0.0000E+00  0.0000E+00  0.0000E+00  0.0000E+00
 1.2329E+02  0.0000E+00  0.0000E+00  0.0000E+00  0.0000E+00  0.0000E+00
 1.2423E+02  0.0000E+00  0.0000E+00  0.0000E+00  0.0000E+00  0.0000E+00
 1.2518E+02  0.0000E+00  0.0000E+00  0.0000E+00  0.0000E+00  0.0000E+00
 1.2614E+02  0.0000E+00  0.0000E+00  0.0000E+00  0.0000E+00  0.0000E+00
 1.2711E+02  0.0000E+00  0.0000E+00  0.0000E+00  0.0000E+00  0.0000E+00
 1.2808E+02  0.0000E+00  0.0000E+00  0.0000E+00  0.0000E+00  0.0000E+00
 1.2906E+02  0.0000E+00  0.0000E+00  0.0000E+00  0.0000E+00  0.0000E+00
 1.3005E+02  0.0000E+00  0.0000E+00  0.0000E+00  0.0000E+00  0.0000E+00
 1.3104E+02  0.0000E+00  0.0000E+00  0.0000E+00  0.0000E+00  0.0000E+00
 1.3205E+02  0.0000E+00  0.0000E+00  0.0000E+00  0.0000E+00  0.0000E+00
 1.3306E+02  0.0000E+00  0.0000E+00  0.0000E+00  0.0000E+00  0.0000E+00
 1.3408E+02  0.0000E+00  0.0000E+00  0.0000E+00  0.0000E+00  0.0000E+00
 1.3510E+02  0.0000E+00  0.0000E+00  0.0000E+00  0.0000E+00  0.0000E+00
 1.3614E+02  0.0000E+00  0.0000E+00  0.0000E+00  0.0000E+00  0.0000E+00
 1.3718E+02  0.0000E+00  0.0000E+00  0.0000E+00  0.0000E+00  0.0000E+00
 1.3823E+02  0.0000E+00  0.0000E+00  0.0000E+00  0.0000E+00  0.0000E+00
 1.3929E+02  0.0000E+00  0.0000E+00  0.0000E+00  0.0000E+00  0.0000E+00
 1.4036E+02  0.0000E+00  0.0000E+00  0.0000E+00  0.0000E+00  0.0000E+00
 1.4143E+02  0.0000E+00  0.0000E+00  0.0000E+00  0.0000E+00  0.0000E+00
 1.4252E+02  0.0000E+00  0.0000E+00  0.0000E+00  0.0000E+00  0.0000E+00
 1.4361E+02  0.0000E+00  0.0000E+00  0.0000E+00  0.0000E+00  0.0000E+00
 1.4471E+02  0.0000E+00  0.0000E+00  0.0000E+00  0.0000E+00  0.0000E+00
 1.4582E+02  0.0000E+00  0.0000E+00  0.0000E+00  0.0000E+00  0.0000E+00
 1.4693E+02  0.0000E+00  0.0000E+00  0.0000E+00  0.0000E+00  0.0000E+00
 1.4806E+02  0.0000E+00  0.0000E+00  0.0000E+00  0.0000E+00  0.0000E+00
 1.4919E+02  0.0000E+00  0.0000E+00  0.0000E+00  0.0000E+00  0.0000E+00
 1.5033E+02  0.0000E+00  0.0000E+00  0.0000E+00  0.0000E+00  0.0000E+00
 1.5149E+02  0.0000E+00  0.0000E+00  0.0000E+00  0.0000E+00  0.0000E+00
 1.5265E+02  0.0000E+00  0.0000E+00  0.0000E+00  0.0000E+00  0.0000E+00
 1.5381E+02  0.0000E+00  0.0000E+00  0.0000E+00  0.0000E+00  0.0000E+00
 1.5499E+02  0.0000E+00  0.0000E+00  0.0000E+00  0.0000E+00  0.0000E+00
 1.5618E+02  0.0000E+00  0.0000E+00  0.0000E+00  0.0000E+00  0.0000E+00
 1.5738E+02  0.0000E+00  0.0000E+00  0.0000E+00  0.0000E+00  0.0000E+00
 1.5858E+02  0.0000E+00  0.0000E+00  0.0000E+00  0.0000E+00  0.0000E+00
 1.5980E+02  0.0000E+00  0.0000E+00  0.0000E+00  0.0000E+00  0.0000E+00
 1.6102E+02  0.0000E+00  0.0000E+00  0.0000E+00  0.0000E+00  0.0000E+00
 1.6225E+02  0.0000E+00  0.0000E+00  0.0000E+00  0.0000E+00  0.0000E+00
 1.6349E+02  0.0000E+00  0.0000E+00  0.0000E+00  0.0000E+00  0.0000E+00
 1.6475E+02  0.0000E+00  0.0000E+00  0.0000E+00  0.0000E+00  0.0000E+00
 1.6601E+02  0.0000E+00  0.0000E+00  0.0000E+00  0.0000E+00  0.0000E+00
 1.6728E+02  0.0000E+00  0.0000E+00  0.0000E+00  0.0000E+00  0.0000E+00
 1.6856E+02  0.0000E+00  0.0000E+00  0.0000E+00  0.0000E+00  0.0000E+00
 1.6985E+02  0.0000E+00  0.0000E+00  0.0000E+00  0.0000E+00  0.0000E+00
 1.7115E+02  0.0000E+00  0.0000E+00  0.0000E+00  0.0000E+00  0.0000E+00
 1.7246E+02  0.0000E+00  0.0000E+00  0.0000E+00  0.0000E+00  0.0000E+00
 1.7378E+02  0.0000E+00  0.0000E+00  0.0000E+00  0.0000E+00  0.0000E+00
 1.7511E+02  0.0000E+00  0.0000E+00  0.0000E+00  0.0000E+00  0.0000E+00
 1.7646E+02  0.0000E+00  0.0000E+00  0.0000E+00  0.0000E+00  0.0000E+00
 1.7781E+02  0.0000E+00  0.0000E+00  0.0000E+00  0.0000E+00  0.0000E+00
 1.7917E+02  0.0000E+00  0.0000E+00  0.0000E+00  0.0000E+00  0.0000E+00
 1.8054E+02  0.0000E+00  0.0000E+00  0.0000E+00  0.0000E+00  0.0000E+00
 1.8192E+02  0.0000E+00  0.0000E+00  0.0000E+00  0.0000E+00  0.0000E+00
 1.8332E+02  0.0000E+00  0.0000E+00  0.0000E+00  0.0000E+00  0.0000E+00
 1.8472E+02  0.0000E+00  0.0000E+00  0.0000E+00  0.0000E+00  0.0000E+00
 1.8614E+02  0.0000E+00  0.0000E+00  0.0000E+00  0.0000E+00  0.0000E+00
 1.8756E+02  0.0000E+00  0.0000E+00  0.0000E+00  0.0000E+00  0.0000E+00
 1.8900E+02  0.0000E+00  0.0000E+00  0.0000E+00  0.0000E+00  0.0000E+00
 1.9045E+02  0.0000E+00  0.0000E+00  0.0000E+00  0.0000E+00  0.0000E+00
 1.9190E+02  0.0000E+00  0.0000E+00  0.0000E+00  0.0000E+00  0.0000E+00
 1.9337E+02  0.0000E+00  0.0000E+00  0.0000E+00  0.0000E+00  0.0000E+00
 1.9485E+02  0.0000E+00  0.0000E+00  0.0000E+00  0.0000E+00  0.0000E+00
 1.9635E+02  0.0000E+00  0.0000E+00  0.0000E+00  0.0000E+00  0.0000E+00
 1.9785E+02  0.0000E+00  0.0000E+00  0.0000E+00  0.0000E+00  0.0000E+00
 1.9937E+02  0.0000E+00  0.0000E+00  0.0000E+00  0.0000E+00  0.0000E+00
 2.0089E+02  0.0000E+00  0.0000E+00  0.0000E+00  0.0000E+00  0.0000E+00
 2.0243E+02  0.0000E+00  0.0000E+00  0.0000E+00  0.0000E+00  0.0000E+00
 2.0398E+02  0.0000E+00  0.0000E+00  0.0000E+00  0.0000E+00  0.0000E+00
 2.0554E+02  0.0000E+00  0.0000E+00  0.0000E+00  0.0000E+00  0.0000E+00
 2.0712E+02  0.0000E+00  0.0000E+00  0.0000E+00  0.0000E+00  0.0000E+00
 2.0870E+02  0.0000E+00  0.0000E+00  0.0000E+00  0.0000E+00  0.0000E+00
 2.1030E+02  0.0000E+00  0.0000E+00  0.0000E+00  0.0000E+00  0.0000E+00
 2.1191E+02  0.0000E+00  0.0000E+00  0.0000E+00  0.0000E+00  0.0000E+00
 2.1354E+02  0.0000E+00  0.0000E+00  0.0000E+00  0.0000E+00  0.0000E+00
 2.1517E+02  0.0000E+00  0.0000E+00  0.0000E+00  0.0000E+00  0.0000E+00
 2.1682E+02  0.0000E+00  0.0000E+00  0.0000E+00  0.0000E+00  0.0000E+00
 2.1848E+02  0.0000E+00  0.0000E+00  0.0000E+00  0.0000E+00  0.0000E+00
 2.2015E+02  0.0000E+00  0.0000E+00  0.0000E+00  0.0000E+00  0.0000E+00
 2.2184E+02  0.0000E+00  0.0000E+00  0.0000E+00  0.0000E+00  0.0000E+00
 2.2354E+02  0.0000E+00  0.0000E+00  0.0000E+00  0.0000E+00  0.0000E+00
 2.2525E+02  0.0000E+00  0.0000E+00  0.0000E+00  0.0000E+00  0.0000E+00
 2.2697E+02  0.0000E+00  0.0000E+00  0.0000E+00  0.0000E+00  0.0000E+00
 2.2871E+02  0.0000E+00  0.0000E+00  0.0000E+00  0.0000E+00  0.0000E+00
 2.3046E+02  0.0000E+00  0.0000E+00  0.0000E+00  0.0000E+00  0.0000E+00
 2.3223E+02  0.0000E+00  0.0000E+00  0.0000E+00  0.0000E+00  0.0000E+00
 2.3401E+02  0.0000E+00  0.0000E+00  0.0000E+00  0.0000E+00  0.0000E+00
 2.3580E+02  0.0000E+00  0.0000E+00  0.0000E+00  0.0000E+00  0.0000E+00
 2.3761E+02  0.0000E+00  0.0000E+00  0.0000E+00  0.0000E+00  0.0000E+00
 2.3942E+02  0.0000E+00  0.0000E+00  0.0000E+00  0.0000E+00  0.0000E+00
 2.4126E+02  0.0000E+00  0.0000E+00  0.0000E+00  0.0000E+00  0.0000E+00
 2.4311E+02  0.0000E+00  0.0000E+00  0.0000E+00  0.0000E+00  0.0000E+00
 2.4497E+02  0.0000E+00  0.0000E+00  0.0000E+00  0.0000E+00  0.0000E+00
 2.4684E+02  0.0000E+00  0.0000E+00  0.0000E+00  0.0000E+00  0.0000E+00
 2.4873E+02  0.0000E+00  0.0000E+00  0.0000E+00  0.0000E+00  0.0000E+00
 2.5064E+02  0.0000E+00  0.0000E+00  0.0000E+00  0.0000E+00  0.0000E+00
 2.5256E+02  0.0000E+00  0.0000E+00  0.0000E+00  0.0000E+00  0.0000E+00
 2.5449E+02  0.0000E+00  0.0000E+00  0.0000E+00  0.0000E+00  0.0000E+00
 2.5644E+02  0.0000E+00  0.0000E+00  0.0000E+00  0.0000E+00  0.0000E+00
 2.5841E+02  0.0000E+00  0.0000E+00  0.0000E+00  0.0000E+00  0.0000E+00
 2.6038E+02  0.0000E+00  0.0000E+00  0.0000E+00  0.0000E+00  0.0000E+00
 2.6238E+02  0.0000E+00  0.0000E+00  0.0000E+00  0.0000E+00  0.0000E+00
 2.6439E+02  0.0000E+00  0.0000E+00  0.0000E+00  0.0000E+00  0.0000E+00
 2.6641E+02  0.0000E+00  0.0000E+00  0.0000E+00  0.0000E+00  0.0000E+00
 2.6845E+02  0.0000E+00  0.0000E+00  0.0000E+00  0.0000E+00  0.0000E+00
 2.7051E+02  0.0000E+00  0.0000E+00  0.0000E+00  0.0000E+00  0.0000E+00
 2.7258E+02  0.0000E+00  0.0000E+00  0.0000E+00  0.0000E+00  0.0000E+00
 2.7467E+02  0.0000E+00  0.0000E+00  0.0000E+00  0.0000E+00  0.0000E+00
 2.7677E+02  0.0000E+00  0.0000E+00  0.0000E+00  0.0000E+00  0.0000E+00
 2.7889E+02  0.0000E+00  0.0000E+00  0.0000E+00  0.0000E+00  0.0000E+00
 2.8103E+02  0.0000E+00  0.0000E+00  0.0000E+00  0.0000E+00  0.0000E+00
 2.8318E+02  0.0000E+00  0.0000E+00  0.0000E+00  0.0000E+00  0.0000E+00
 2.8535E+02  0.0000E+00  0.0000E+00  0.0000E+00  0.0000E+00  0.0000E+00
 2.8753E+02  0.0000E+00  0.0000E+00  0.0000E+00  0.0000E+00  0.0000E+00
 2.8974E+02  0.0000E+00  0.0000E+00  0.0000E+00  0.0000E+00  0.0000E+00
 2.9195E+02  0.0000E+00  0.0000E+00  0.0000E+00  0.0000E+00  0.0000E+00
 2.9419E+02  0.0000E+00  0.0000E+00  0.0000E+00  0.0000E+00  0.0000E+00
 2.9644E+02  0.0000E+00  0.0000E+00  0.0000E+00  0.0000E+00  0.0000E+00
 2.9871E+02  0.0000E+00  0.0000E+00  0.0000E+00  0.0000E+00  0.0000E+00
 3.0100E+02  0.0000E+00  0.0000E+00  0.0000E+00  0.0000E+00  0.0000E+00
 3.0331E+02  0.0000E+00  0.0000E+00  0.0000E+00  0.0000E+00  0.0000E+00
 3.0563E+02  0.0000E+00  0.0000E+00  0.0000E+00  0.0000E+00  0.0000E+00
 3.0797E+02  0.0000E+00  0.0000E+00  0.0000E+00  0.0000E+00  0.0000E+00
 3.1033E+02  0.0000E+00  0.0000E+00  0.0000E+00  0.0000E+00  0.0000E+00
 3.1271E+02  0.0000E+00  0.0000E+00  0.0000E+00  0.0000E+00  0.0000E+00
 3.1510E+02  0.0000E+00  0.0000E+00  0.0000E+00  0.0000E+00  0.0000E+00
 3.1751E+02  0.0000E+00  0.0000E+00  0.0000E+00  0.0000E+00  0.0000E+00
 3.1994E+02  0.0000E+00  0.0000E+00  0.0000E+00  0.0000E+00  0.0000E+00
 3.2240E+02  0.0000E+00  0.0000E+00  0.0000E+00  0.0000E+00  0.0000E+00
 3.2486E+02  0.0000E+00  0.0000E+00  0.0000E+00  0.0000E+00  0.0000E+00
 3.2735E+02  0.0000E+00  0.0000E+00  0.0000E+00  0.0000E+00  0.0000E+00
 3.2986E+02  0.0000E+00  0.0000E+00  0.0000E+00  0.0000E+00  0.0000E+00
 3.3239E+02  0.0000E+00  0.0000E+00  0.0000E+00  0.0000E+00  0.0000E+00
 3.3493E+02  0.0000E+00  0.0000E+00  0.0000E+00  0.0000E+00  0.0000E+00
 3.3750E+02  0.0000E+00  0.0000E+00  0.0000E+00  0.0000E+00  0.0000E+00
 3.4008E+02  0.0000E+00  0.0000E+00  0.0000E+00  0.0000E+00  0.0000E+00
 3.4268E+02  0.0000E+00  0.0000E+00  0.0000E+00  0.0000E+00  0.0000E+00
 3.4531E+02  0.0000E+00  0.0000E+00  0.0000E+00  0.0000E+00  0.0000E+00
 3.4795E+02  0.0000E+00  0.0000E+00  0.0000E+00  0.0000E+00  0.0000E+00
 3.5062E+02  0.0000E+00  0.0000E+00  0.0000E+00  0.0000E+00  0.0000E+00
 3.5330E+02  0.0000E+00  0.0000E+00  0.0000E+00  0.0000E+00  0.0000E+00
 3.5601E+02  0.0000E+00  0.0000E+00  0.0000E+00  0.0000E+00  0.0000E+00
 3.5874E+02  0.0000E+00  0.0000E+00  0.0000E+00  0.0000E+00  0.0000E+00
 3.6148E+02  0.0000E+00  0.0000E+00  0.0000E+00  0.0000E+00  0.0000E+00
 3.6425E+02  0.0000E+00  0.0000E+00  0.0000E+00  0.0000E+00  0.0000E+00
 3.6704E+02  0.0000E+00  0.0000E+00  0.0000E+00  0.0000E+00  0.0000E+00
 3.6985E+02  0.0000E+00  0.0000E+00  0.0000E+00  0.0000E+00  0.0000E+00
 3.7268E+02  0.0000E+00  0.0000E+00  0.0000E+00  0.0000E+00  0.0000E+00
 3.7554E+02  0.0000E+00  0.0000E+00  0.0000E+00  0.0000E+00  0.0000E+00
 3.7841E+02  0.0000E+00  0.0000E+00  0.0000E+00  0.0000E+00  0.0000E+00
 3.8131E+02  0.0000E+00  0.0000E+00  0.0000E+00  0.0000E+00  0.0000E+00
 3.8423E+02  0.0000E+00  0.0000E+00  0.0000E+00  0.0000E+00  0.0000E+00
 3.8718E+02  0.0000E+00  0.0000E+00  0.0000E+00  0.0000E+00  0.0000E+00
 3.9014E+02  0.0000E+00  0.0000E+00  0.0000E+00  0.0000E+00  0.0000E+00
 3.9313E+02  0.0000E+00  0.0000E+00  0.0000E+00  0.0000E+00  0.0000E+00
 3.9614E+02  0.0000E+00  0.0000E+00  0.0000E+00  0.0000E+00  0.0000E+00
 3.9917E+02  0.0000E+00  0.0000E+00  0.0000E+00  0.0000E+00  0.0000E+00
 4.0223E+02  0.0000E+00  0.0000E+00  0.0000E+00  0.0000E+00  0.0000E+00
 4.0531E+02  0.0000E+00  0.0000E+00  0.0000E+00  0.0000E+00  0.0000E+00
 4.0841E+02  0.0000E+00  0.0000E+00  0.0000E+00  0.0000E+00  0.0000E+00
 4.1154E+02  0.0000E+00  0.0000E+00  0.0000E+00  0.0000E+00  0.0000E+00
 4.1469E+02  0.0000E+00  0.0000E+00  0.0000E+00  0.0000E+00  0.0000E+00
 4.1787E+02  0.0000E+00  0.0000E+00  0.0000E+00  0.0000E+00  0.0000E+00
 4.2107E+02  0.0000E+00  0.0000E+00  0.0000E+00  0.0000E+00  0.0000E+00
 4.2429E+02  0.0000E+00  0.0000E+00  0.0000E+00  0.0000E+00  0.0000E+00
 4.2754E+02  0.0000E+00  0.0000E+00  0.0000E+00  0.0000E+00  0.0000E+00
 4.3082E+02  0.0000E+00  0.0000E+00  0.0000E+00  0.0000E+00  0.0000E+00
 4.3412E+02  0.0000E+00  0.0000E+00  0.0000E+00  0.0000E+00  0.0000E+00
 4.3744E+02  0.0000E+00  0.0000E+00  0.0000E+00  0.0000E+00  0.0000E+00
 4.4079E+02  0.0000E+00  0.0000E+00  0.0000E+00  0.0000E+00  0.0000E+00
 4.4417E+02  0.0000E+00  0.0000E+00  0.0000E+00  0.0000E+00  0.0000E+00
 4.4757E+02  0.0000E+00  0.0000E+00  0.0000E+00  0.0000E+00  0.0000E+00
 4.5100E+02  0.0000E+00  0.0000E+00  0.0000E+00  0.0000E+00  0.0000E+00
 4.5445E+02  0.0000E+00  0.0000E+00  0.0000E+00  0.0000E+00  0.0000E+00
 4.5793E+02  0.0000E+00  0.0000E+00  0.0000E+00  0.0000E+00  0.0000E+00
 4.6144E+02  0.0000E+00  0.0000E+00  0.0000E+00  0.0000E+00  0.0000E+00
 4.6497E+02  0.0000E+00  0.0000E+00  0.0000E+00  0.0000E+00  0.0000E+00
 4.6853E+02  0.0000E+00  0.0000E+00  0.0000E+00  0.0000E+00  0.0000E+00
 4.7212E+02  0.0000E+00  0.0000E+00  0.0000E+00  0.0000E+00  0.0000E+00
 4.7574E+02  0.0000E+00  0.0000E+00  0.0000E+00  0.0000E+00  0.0000E+00
 4.7938E+02  0.0000E+00  0.0000E+00  0.0000E+00  0.0000E+00  0.0000E+00
 4.8305E+02  0.0000E+00  0.0000E+00  0.0000E+00  0.0000E+00  0.0000E+00
 4.8675E+02  0.0000E+00  0.0000E+00  0.0000E+00  0.0000E+00  0.0000E+00
 4.9048E+02  0.0000E+00  0.0000E+00  0.0000E+00  0.0000E+00  0.0000E+00
 4.9424E+02  0.0000E+00  0.0000E+00  0.0000E+00  0.0000E+00  0.0000E+00
 4.9802E+02  0.0000E+00  0.0000E+00  0.0000E+00  0.0000E+00  0.0000E+00
 5.0183E+02  0.0000E+00  0.0000E+00  0.0000E+00  0.0000E+00  0.0000E+00
 5.0568E+02  0.0000E+00  0.0000E+00  0.0000E+00  0.0000E+00  0.0000E+00
 5.0955E+02  0.0000E+00  0.0000E+00  0.0000E+00  0.0000E+00  0.0000E+00
 5.1345E+02  0.0000E+00  0.0000E+00  0.0000E+00  0.0000E+00  0.0000E+00
 5.1738E+02  0.0000E+00  0.0000E+00  0.0000E+00  0.0000E+00  0.0000E+00
 5.2135E+02  0.0000E+00  0.0000E+00  0.0000E+00  0.0000E+00  0.0000E+00
 5.2534E+02  0.0000E+00  0.0000E+00  0.0000E+00  0.0000E+00  0.0000E+00
 5.2936E+02  0.0000E+00  0.0000E+00  0.0000E+00  0.0000E+00  0.0000E+00
 5.3342E+02  0.0000E+00  0.0000E+00  0.0000E+00  0.0000E+00  0.0000E+00
 5.3750E+02  0.0000E+00  0.0000E+00  0.0000E+00  0.0000E+00  0.0000E+00
 5.4162E+02  0.0000E+00  0.0000E+00  0.0000E+00  0.0000E+00  0.0000E+00
 5.4577E+02  0.0000E+00  0.0000E+00  0.0000E+00  0.0000E+00  0.0000E+00
 5.4995E+02  0.0000E+00  0.0000E+00  0.0000E+00  0.0000E+00  0.0000E+00
 5.5416E+02  0.0000E+00  0.0000E+00  0.0000E+00  0.0000E+00  0.0000E+00
 5.5840E+02  0.0000E+00  0.0000E+00  0.0000E+00  0.0000E+00  0.0000E+00
 5.6268E+02  0.0000E+00  0.0000E+00  0.0000E+00  0.0000E+00  0.0000E+00
 5.6699E+02  0.0000E+00  0.0000E+00  0.0000E+00  0.0000E+00  0.0000E+00
 5.7133E+02  0.0000E+00  0.0000E+00  0.0000E+00  0.0000E+00  0.0000E+00
 5.7571E+02  0.0000E+00  0.0000E+00  0.0000E+00  0.0000E+00  0.0000E+00
 5.8011E+02  3.4274E-03  3.5338E-01 -2.2564E-02 -4.6555E+00  1.0000E+00
 5.8456E+02  3.4509E-03  3.5310E-01 -2.2421E-02 -4.5908E+00  1.0000E+00
 5.8903E+02  3.4746E-03  3.5282E-01 -2.2277E-02 -4.5268E+00  1.0000E+00
 5.9354E+02  3.4985E-03  3.5254E-01 -2.2134E-02 -4.4636E+00  1.0000E+00
 5.9809E+02  3.5225E-03  3.5227E-01 -2.1991E-02 -4.4010E+00  1.0000E+00
 6.0267E+02  3.5468E-03  3.5200E-01 -2.1848E-02 -4.3391E+00  1.0000E+00
 6.0729E+02  3.5713E-03  3.5173E-01 -2.1705E-02 -4.2779E+00  1.0000E+00
 6.1194E+02  3.5959E-03  3.5147E-01 -2.1562E-02 -4.2174E+00  1.0000E+00
 6.1662E+02  3.6208E-03  3.5121E-01 -2.1419E-02 -4.1576E+00  1.0000E+00
 6.2135E+02  3.6459E-03  3.5095E-01 -2.1275E-02 -4.0984E+00  1.0000E+00
 6.2610E+02  3.6712E-03  3.5070E-01 -2.1132E-02 -4.0399E+00  1.0000E+00
 6.3090E+02  3.6968E-03  3.5046E-01 -2.0989E-02 -3.9820E+00  1.0000E+00
 6.3573E+02  3.7225E-03  3.5022E-01 -2.0846E-02 -3.9248E+00  1.0000E+00
 6.4060E+02  3.7486E-03  3.4998E-01 -2.0703E-02 -3.8682E+00  1.0000E+00
 6.4551E+02  3.7748E-03  3.4975E-01 -2.0560E-02 -3.8123E+00  1.0000E+00
 6.5045E+02  3.8013E-03  3.4953E-01 -2.0417E-02 -3.7570E+00  1.0000E+00
 6.5543E+02  3.8280E-03  3.4931E-01 -2.0273E-02 -3.7023E+00  1.0000E+00
 6.6045E+02  3.8550E-03  3.4910E-01 -2.0130E-02 -3.6482E+00  1.0000E+00
 6.6551E+02  3.8822E-03  3.4889E-01 -1.9987E-02 -3.5947E+00  1.0000E+00
 6.7060E+02  3.9097E-03  3.4868E-01 -1.9844E-02 -3.5418E+00  1.0000E+00
 6.7574E+02  3.9374E-03  3.4848E-01 -1.9701E-02 -3.4896E+00  1.0000E+00
 6.8092E+02  3.9653E-03  3.4829E-01 -1.9558E-02 -3.4379E+00  1.0000E+00
 6.8613E+02  3.9935E-03  3.4810E-01 -1.9414E-02 -3.3868E+00  1.0000E+00
 6.9138E+02  4.0220E-03  3.4791E-01 -1.9271E-02 -3.3363E+00  1.0000E+00
 6.9668E+02  4.0507E-03  3.4773E-01 -1.9128E-02 -3.2863E+00  1.0000E+00
 7.0201E+02  4.0797E-03  3.4756E-01 -1.8985E-02 -3.2369E+00  1.0000E+00
 7.0739E+02  4.1089E-03  3.4738E-01 -1.8842E-02 -3.1881E+00  1.0000E+00
 7.1281E+02  4.1384E-03  3.4722E-01 -1.8699E-02 -3.1398E+00  1.0000E+00
 7.1827E+02  4.1682E-03  3.4705E-01 -1.8555E-02 -3.0921E+00  1.0000E+00
 7.2377E+02  4.1982E-03  3.4690E-01 -1.8412E-02 -3.0449E+00  1.0000E+00
 7.2931E+02  4.2285E-03  3.4674E-01 -1.8269E-02 -2.9983E+00  1.0000E+00
 7.3490E+02  4.2591E-03  3.4659E-01 -1.8126E-02 -2.9522E+00  1.0000E+00
 7.4052E+02  4.2899E-03  3.4645E-01 -1.7983E-02 -2.9066E+00  1.0000E+00
 7.4620E+02  4.3210E-03  3.4631E-01 -1.7840E-02 -2.8616E+00  1.0000E+00
 7.5191E+02  4.3524E-03  3.4617E-01 -1.7696E-02 -2.8170E+00  1.0000E+00
 7.5767E+02  4.3841E-03  3.4604E-01 -1.7553E-02 -2.7730E+00  1.0000E+00
 7.6347E+02  4.4161E-03  3.4591E-01 -1.7410E-02 -2.7295E+00  1.0000E+00
 7.6932E+02  4.4483E-03  3.4579E-01 -1.7267E-02 -2.6865E+00  1.0000E+00
 7.7521E+02  4.4809E-03  3.4567E-01 -1.7124E-02 -2.6439E+00  1.0000E+00
 7.8115E+02  4.5137E-03  3.4555E-01 -1.6981E-02 -2.6019E+00  1.0000E+00
 7.8713E+02  4.5468E-03  3.4544E-01 -1.6837E-02 -2.5603E+00  1.0000E+00
 7.9316E+02  4.5802E-03  3.4533E-01 -1.6694E-02 -2.5193E+00  1.0000E+00
 7.9923E+02  4.6140E-03  3.4523E-01 -1.6551E-02 -2.4787E+00  1.0000E+00
 8.0535E+02  4.6480E-03  3.4513E-01 -1.6408E-02 -2.4386E+00  1.0000E+00
 8.1152E+02  4.6823E-03  3.4503E-01 -1.6265E-02 -2.3989E+00  1.0000E+00
 8.1774E+02  4.7169E-03  3.4494E-01 -1.6122E-02 -2.3597E+00  1.0000E+00
 8.2400E+02  4.7518E-03  3.4485E-01 -1.5978E-02 -2.3210E+00  1.0000E+00
 8.3031E+02  4.7871E-03  3.4476E-01 -1.5835E-02 -2.2827E+00  1.0000E+00
 8.3667E+02  4.8226E-03  3.4468E-01 -1.5692E-02 -2.2449E+00  1.0000E+00
 8.4307E+02  4.8585E-03  3.4460E-01 -1.5549E-02 -2.2075E+00  1.0000E+00
 8.4953E+02  4.8947E-03  3.4453E-01 -1.5406E-02 -2.1705E+00  1.0000E+00
 8.5604E+02  4.9312E-03  3.4446E-01 -1.5262E-02 -2.1340E+00  1.0000E+00
 8.6259E+02  4.9680E-03  3.4439E-01 -1.5119E-02 -2.0979E+00  1.0000E+00
 8.6920E+02  5.0051E-03  3.4433E-01 -1.4976E-02 -2.0623E+00  1.0000E+00
 8.7586E+02  5.0426E-03  3.4427E-01 -1.4833E-02 -2.0270E+00  1.0000E+00
 8.8256E+02  5.0804E-03  3.4421E-01 -1.4690E-02 -1.9922E+00  1.0000E+00
 8.8932E+02  5.1186E-03  3.4415E-01 -1.4546E-02 -1.9578E+00  1.0000E+00
 8.9613E+02  5.1570E-03  3.4410E-01 -1.4403E-02 -1.9238E+00  1.0000E+00
 9.0300E+02  5.1958E-03  3.4406E-01 -1.4260E-02 -1.8902E+00  1.0000E+00
 9.0991E+02  5.2350E-03  3.4401E-01 -1.4117E-02 -1.8570E+00  1.0000E+00
 9.1688E+02  5.2745E-03  3.4397E-01 -1.3974E-02 -1.8242E+00  1.0000E+00
 9.2390E+02  5.3143E-03  3.4393E-01 -1.3830E-02 -1.7918E+00  1.0000E+00
 9.3098E+02  5.3545E-03  3.4390E-01 -1.3687E-02 -1.7597E+00  1.0000E+00
 9.3811E+02  5.3951E-03  3.4387E-01 -1.3544E-02 -1.7281E+00  1.0000E+00
 9.4529E+02  5.4360E-03  3.4384E-01 -1.3401E-02 -1.6968E+00  1.0000E+00
 9.5253E+02  5.4772E-03  3.4381E-01 -1.3258E-02 -1.6659E+00  1.0000E+00
 9.5983E+02  5.5188E-03  3.4379E-01 -1.3114E-02 -1.6354E+00  1.0000E+00
 9.6718E+02  5.5608E-03  3.4377E-01 -1.2971E-02 -1.6053E+00  1.0000E+00
 9.7458E+02  5.6031E-03  3.4375E-01 -1.2828E-02 -1.5755E+00  1.0000E+00
 9.8205E+02  5.6458E-03  3.4373E-01 -1.2685E-02 -1.5460E+00  1.0000E+00
 9.8957E+02  5.6889E-03  3.4372E-01 -1.2542E-02 -1.5170E+00  1.0000E+00
 9.9715E+02  5.7324E-03  3.4371E-01 -1.2398E-02 -1.4882E+00  1.0000E+00
 1.0048E+03  5.7762E-03  3.4370E-01 -1.2255E-02 -1.4599E+00  1.0000E+00
 1.0125E+03  5.8204E-03  3.4370E-01 -1.2112E-02 -1.4318E+00  1.0000E+00
 1.0202E+03  5.8650E-03  3.4370E-01 -1.1969E-02 -1.4041E+00  1.0000E+00
 1.0280E+03  5.9099E-03  3.4370E-01 -1.1825E-02 -1.3768E+00  1.0000E+00
 1.0359E+03  5.9553E-03  3.4370E-01 -1.1682E-02 -1.3498E+00  1.0000E+00
 1.0439E+03  6.0010E-03  3.4371E-01 -1.1539E-02 -1.3231E+00  1.0000E+00
 1.0518E+03  6.0472E-03  3.4371E-01 -1.1396E-02 -1.2967E+00  1.0000E+00
 1.0599E+03  6.0937E-03  3.4372E-01 -1.1252E-02 -1.2707E+00  1.0000E+00
 1.0680E+03  6.1407E-03  3.4374E-01 -1.1109E-02 -1.2450E+00  1.0000E+00
 1.0762E+03  6.1880E-03  3.4375E-01 -1.0966E-02 -1.2196E+00  1.0000E+00
 1.0844E+03  6.2357E-03  3.4377E-01 -1.0823E-02 -1.1945E+00  1.0000E+00
 1.0927E+03  6.2839E-03  3.4379E-01 -1.0679E-02 -1.1698E+00  1.0000E+00
 1.1011E+03  6.3324E-03  3.4381E-01 -1.0536E-02 -1.1453E+00  1.0000E+00
 1.1095E+03  6.3814E-03  3.4383E-01 -1.0393E-02 -1.1211E+00  1.0000E+00
 1.1180E+03  6.4308E-03  3.4385E-01 -1.0249E-02 -1.0973E+00  1.0000E+00
 1.1266E+03  6.4806E-03  3.4388E-01 -1.0106E-02 -1.0737E+00  1.0000E+00
 1.1352E+03  6.5308E-03  3.4391E-01 -9.9629E-03 -1.0504E+00  1.0000E+00
 1.1439E+03  6.5813E-03  3.4393E-01 -9.8197E-03 -1.0275E+00  1.0000E+00
 1.1527E+03  6.6323E-03  3.4396E-01 -9.6764E-03 -1.0048E+00  1.0000E+00
 1.1615E+03  6.6836E-03  3.4398E-01 -9.5331E-03 -9.8237E-01  1.0000E+00
 1.1704E+03  6.7353E-03  3.4401E-01 -9.3898E-03 -9.6025E-01  1.0000E+00
 1.1794E+03  6.7874E-03  3.4403E-01 -9.2465E-03 -9.3841E-01  1.0000E+00
 1.1884E+03  6.8399E-03  3.4405E-01 -9.1032E-03 -9.1685E-01  1.0000E+00
 1.1975E+03  6.8927E-03  3.4407E-01 -8.9599E-03 -8.9556E-01  1.0000E+00
 1.2067E+03  6.9460E-03  3.4409E-01 -8.8166E-03 -8.7453E-01  1.0000E+00
 1.2159E+03  6.9996E-03  3.4411E-01 -8.6732E-03 -8.5378E-01  1.0000E+00
 1.2252E+03  7.0537E-03  3.4413E-01 -8.5299E-03 -8.3329E-01  1.0000E+00
 1.2346E+03  7.1081E-03  3.4414E-01 -8.3866E-03 -8.1306E-01  1.0000E+00
 1.2441E+03  7.1629E-03  3.4416E-01 -8.2433E-03 -7.9309E-01  1.0000E+00
 1.2536E+03  7.2180E-03  3.4417E-01 -8.0999E-03 -7.7338E-01  1.0000E+00
 1.2632E+03  7.2736E-03  3.4418E-01 -7.9566E-03 -7.5392E-01  1.0000E+00
 1.2729E+03  7.3296E-03  3.4419E-01 -7.8133E-03 -7.3471E-01  1.0000E+00
 1.2826E+03  7.3859E-03  3.4420E-01 -7.6699E-03 -7.1575E-01  1.0000E+00
 1.2924E+03  7.4427E-03  3.4420E-01 -7.5266E-03 -6.9704E-01  1.0000E+00
 1.3023E+03  7.4998E-03  3.4420E-01 -7.3832E-03 -6.7856E-01  1.0000E+00
 1.3123E+03  7.5573E-03  3.4420E-01 -7.2399E-03 -6.6033E-01  1.0000E+00
 1.3224E+03  7.6153E-03  3.4420E-01 -7.0965E-03 -6.4233E-01  1.0000E+00
 1.3325E+03  7.6736E-03  3.4420E-01 -6.9531E-03 -6.2457E-01  1.0000E+00
 1.3427E+03  7.7322E-03  3.4419E-01 -6.8097E-03 -6.0705E-01  1.0000E+00
 1.3530E+03  7.7913E-03  3.4418E-01 -6.6664E-03 -5.8975E-01  1.0000E+00
 1.3633E+03  7.8508E-03  3.4417E-01 -6.5230E-03 -5.7268E-01  1.0000E+00
 1.3738E+03  7.9106E-03  3.4415E-01 -6.3796E-03 -5.5583E-01  1.0000E+00
 1.3843E+03  7.9709E-03  3.4414E-01 -6.2362E-03 -5.3921E-01  1.0000E+00
 1.3949E+03  8.0315E-03  3.4411E-01 -6.0928E-03 -5.2281E-01  1.0000E+00
 1.4056E+03  8.0925E-03  3.4409E-01 -5.9494E-03 -5.0662E-01  1.0000E+00
 1.4164E+03  8.1539E-03  3.4406E-01 -5.8060E-03 -4.9065E-01  1.0000E+00
 1.4272E+03  8.2157E-03  3.4403E-01 -5.6626E-03 -4.7489E-01  1.0000E+00
 1.4381E+03  8.2779E-03  3.4400E-01 -5.5191E-03 -4.5935E-01  1.0000E+00
 1.4491E+03  8.3404E-03  3.4396E-01 -5.3757E-03 -4.4401E-01  1.0000E+00
 1.4602E+03  8.4034E-03  3.4392E-01 -5.2323E-03 -4.2888E-01  1.0000E+00
 1.4714E+03  8.4667E-03  3.4387E-01 -5.0888E-03 -4.1395E-01  1.0000E+00
 1.4827E+03  8.5304E-03  3.4382E-01 -4.9454E-03 -3.9922E-01  1.0000E+00
 1.4940E+03  8.5944E-03  3.4376E-01 -4.8019E-03 -3.8470E-01  1.0000E+00
 1.5055E+03  8.6589E-03  3.4371E-01 -4.6585E-03 -3.7037E-01  1.0000E+00
 1.5170E+03  8.7237E-03  3.4364E-01 -4.5150E-03 -3.5623E-01  1.0000E+00
 1.5286E+03  8.7889E-03  3.4358E-01 -4.3715E-03 -3.4229E-01  1.0000E+00
 1.5403E+03  8.8545E-03  3.4351E-01 -4.2280E-03 -3.2854E-01  1.0000E+00
 1.5521E+03  8.9204E-03  3.4343E-01 -4.0845E-03 -3.1498E-01  1.0000E+00
 1.5640E+03  8.9867E-03  3.4335E-01 -3.9411E-03 -3.0160E-01  1.0000E+00
 1.5760E+03  9.0534E-03  3.4326E-01 -3.7975E-03 -2.8841E-01  1.0000E+00
 1.5881E+03  9.1204E-03  3.4317E-01 -3.6540E-03 -2.7540E-01  1.0000E+00
 1.6002E+03  9.1878E-03  3.4308E-01 -3.5105E-03 -2.6258E-01  1.0000E+00
 1.6125E+03  9.2556E-03  3.4298E-01 -3.3670E-03 -2.4993E-01  1.0000E+00
 1.6248E+03  9.3237E-03  3.4287E-01 -3.2235E-03 -2.3746E-01  1.0000E+00
 1.6373E+03  9.3921E-03  3.4276E-01 -3.0799E-03 -2.2516E-01  1.0000E+00
 1.6498E+03  9.4610E-03  3.4264E-01 -2.9364E-03 -2.1303E-01  1.0000E+00
 1.6625E+03  9.5301E-03  3.4252E-01 -2.7928E-03 -2.0108E-01  1.0000E+00
 1.6752E+03  9.5996E-03  3.4239E-01 -2.6493E-03 -1.8929E-01  1.0000E+00
 1.6880E+03  9.6695E-03  3.4226E-01 -2.5057E-03 -1.7767E-01  1.0000E+00
 1.7009E+03  9.7397E-03  3.4212E-01 -2.3621E-03 -1.6622E-01  1.0000E+00
 1.7140E+03  9.8102E-03  3.4197E-01 -2.2185E-03 -1.5493E-01  1.0000E+00
 1.7271E+03  9.8811E-03  3.4182E-01 -2.0749E-03 -1.4380E-01  1.0000E+00
 1.7403E+03  9.9523E-03  3.4166E-01 -1.9313E-03 -1.3283E-01  1.0000E+00
 1.7537E+03  1.0024E-02  3.4150E-01 -1.7877E-03 -1.2202E-01  1.0000E+00
 1.7671E+03  1.0096E-02  3.4133E-01 -1.6441E-03 -1.1136E-01  1.0000E+00
 1.7806E+03  1.0168E-02  3.4115E-01 -1.5005E-03 -1.0086E-01  1.0000E+00
 1.7943E+03  1.0240E-02  3.4097E-01 -1.3568E-03 -9.0513E-02  1.0000E+00
 1.8080E+03  1.0313E-02  3.4078E-01 -1.2132E-03 -8.0315E-02  1.0000E+00
 1.8218E+03  1.0386E-02  3.4058E-01 -1.0695E-03 -7.0267E-02  1.0000E+00
 1.8358E+03  1.0460E-02  3.4038E-01 -9.2586E-04 -6.0366E-02  1.0000E+00
 1.8499E+03  1.0533E-02  3.4017E-01 -7.8218E-04 -5.0610E-02  1.0000E+00
 1.8640E+03  1.0607E-02  3.3995E-01 -6.3850E-04 -4.0999E-02  1.0000E+00
 1.8783E+03  1.0682E-02  3.3972E-01 -4.9480E-04 -3.1531E-02  1.0000E+00
 1.8927E+03  1.0756E-02  3.3949E-01 -3.5109E-04 -2.2203E-02  1.0000E+00
 1.9072E+03  1.0831E-02  3.3925E-01 -2.0738E-04 -1.3015E-02  1.0000E+00
 1.9218E+03  1.0906E-02  3.3900E-01 -6.3652E-05 -3.9644E-03  1.0000E+00
 1.9365E+03  1.0982E-02  3.3875E-01  8.0085E-05  4.9500E-03  1.0000E+00
 1.9513E+03  1.1058E-02  3.3849E-01  2.2383E-04  1.3730E-02  1.0000E+00
 1.9663E+03  1.1134E-02  3.3822E-01  3.6759E-04  2.2376E-02  1.0000E+00
 1.9813E+03  1.1210E-02  3.3795E-01  5.1136E-04  3.0891E-02  1.0000E+00
 1.9965E+03  1.1287E-02  3.3767E-01  6.5514E-04  3.9276E-02  1.0000E+00
 2.0118E+03  1.1364E-02  3.3738E-01  7.9893E-04  4.7533E-02  1.0000E+00
 2.0272E+03  1.1441E-02  3.3709E-01  9.4273E-04  5.5662E-02  1.0000E+00
 2.0427E+03  1.1518E-02  3.3679E-01  1.0865E-03  6.3666E-02  1.0000E+00
 2.0584E+03  1.1596E-02  3.3648E-01  1.2304E-03  7.1545E-02  1.0000E+00
 2.0741E+03  1.1674E-02  3.3617E-01  1.3742E-03  7.9302E-02  1.0000E+00
 2.0900E+03  1.1753E-02  3.3585E-01  1.5181E-03  8.6937E-02  1.0000E+00
 2.1060E+03  1.1832E-02  3.3553E-01  1.6619E-03  9.4452E-02  1.0000E+00
 2.1222E+03  1.1911E-02  3.3520E-01  1.8058E-03  1.0185E-01  1.0000E+00
 2.1384E+03  1.1990E-02  3.3486E-01  1.9497E-03  1.0913E-01  1.0000E+00
 2.1548E+03  1.2070E-02  3.3452E-01  2.0936E-03  1.1629E-01  1.0000E+00
 2.1713E+03  1.2150E-02  3.3417E-01  2.2375E-03  1.2334E-01  1.0000E+00
 2.1879E+03  1.2230E-02  3.3382E-01  2.3814E-03  1.3028E-01  1.0000E+00
 2.2047E+03  1.2310E-02  3.3346E-01  2.5253E-03  1.3710E-01  1.0000E+00
 2.2216E+03  1.2391E-02  3.3309E-01  2.6693E-03  1.4382E-01  1.0000E+00
 2.2386E+03  1.2473E-02  3.3272E-01  2.8132E-03  1.5042E-01  1.0000E+00
 2.2557E+03  1.2554E-02  3.3234E-01  2.9572E-03  1.5692E-01  1.0000E+00
 2.2730E+03  1.2636E-02  3.3196E-01  3.1012E-03  1.6331E-01  1.0000E+00
 2.2904E+03  1.2718E-02  3.3157E-01  3.2452E-03  1.6959E-01  1.0000E+00
 2.3079E+03  1.2800E-02  3.3117E-01  3.3892E-03  1.7577E-01  1.0000E+00
 2.3256E+03  1.2883E-02  3.3077E-01  3.5333E-03  1.8185E-01  1.0000E+00
 2.3434E+03  1.2966E-02  3.3037E-01  3.6773E-03  1.8782E-01  1.0000E+00
 2.3614E+03  1.3049E-02  3.2995E-01  3.8214E-03  1.9370E-01  1.0000E+00
 2.3794E+03  1.3133E-02  3.2954E-01  3.9654E-03  1.9947E-01  1.0000E+00
 2.3977E+03  1.3216E-02  3.2911E-01  4.1095E-03  2.0515E-01  1.0000E+00
 2.4160E+03  1.3300E-02  3.2869E-01  4.2536E-03  2.1073E-01  1.0000E+00
 2.4345E+03  1.3385E-02  3.2825E-01  4.3978E-03  2.1621E-01  1.0000E+00
 2.4532E+03  1.3470E-02  3.2781E-01  4.5419E-03  2.2160E-01  1.0000E+00
 2.4720E+03  1.3555E-02  3.2737E-01  4.6861E-03  2.2690E-01  1.0000E+00
 2.4909E+03  1.3640E-02  3.2692E-01  4.8302E-03  2.3210E-01  1.0000E+00
 2.5100E+03  1.3726E-02  3.2647E-01  4.9744E-03  2.3721E-01  1.0000E+00
 2.5292E+03  1.3811E-02  3.2601E-01  5.1186E-03  2.4224E-01  1.0000E+00
 2.5486E+03  1.3898E-02  3.2554E-01  5.2628E-03  2.4717E-01  1.0000E+00
 2.5681E+03  1.3984E-02  3.2507E-01  5.4071E-03  2.5201E-01  1.0000E+00
 2.5878E+03  1.4071E-02  3.2460E-01  5.5513E-03  2.5677E-01  1.0000E+00
 2.6076E+03  1.4158E-02  3.2412E-01  5.6956E-03  2.6144E-01  1.0000E+00
 2.6275E+03  1.4245E-02  3.2363E-01  5.8399E-03  2.6603E-01  1.0000E+00
 2.6477E+03  1.4333E-02  3.2314E-01  5.9842E-03  2.7053E-01  1.0000E+00
 2.6679E+03  1.4421E-02  3.2265E-01  6.1285E-03  2.7495E-01  1.0000E+00
 2.6884E+03  1.4509E-02  3.2215E-01  6.2728E-03  2.7928E-01  1.0000E+00
 2.7090E+03  1.4598E-02  3.2164E-01  6.4172E-03  2.8354E-01  1.0000E+00
 2.7297E+03  1.4686E-02  3.2113E-01  6.5616E-03  2.8771E-01  1.0000E+00
 2.7506E+03  1.4776E-02  3.2062E-01  6.7060E-03  2.9181E-01  1.0000E+00
 2.7717E+03  1.4865E-02  3.2010E-01  6.8504E-03  2.9583E-01  1.0000E+00
 2.7929E+03  1.4955E-02  3.1958E-01  6.9948E-03  2.9977E-01  1.0000E+00
 2.8143E+03  1.5045E-02  3.1905E-01  7.1393E-03  3.0364E-01  1.0000E+00
 2.8358E+03  1.5135E-02  3.1852E-01  7.2838E-03  3.0743E-01  1.0000E+00
 2.8576E+03  1.5225E-02  3.1798E-01  7.4283E-03  3.1114E-01  1.0000E+00
 2.8794E+03  1.5316E-02  3.1744E-01  7.5728E-03  3.1479E-01  1.0000E+00
 2.9015E+03  1.5407E-02  3.1690E-01  7.7173E-03  3.1836E-01  1.0000E+00
 2.9237E+03  1.5499E-02  3.1635E-01  7.8619E-03  3.2185E-01  1.0000E+00
 2.9461E+03  1.5591E-02  3.1580E-01  8.0065E-03  3.2528E-01  1.0000E+00
 2.9687E+03  1.5683E-02  3.1524E-01  8.1511E-03  3.2864E-01  1.0000E+00
 2.9914E+03  1.5775E-02  3.1468E-01  8.2957E-03  3.3193E-01  1.0000E+00
 3.0143E+03  1.5868E-02  3.1411E-01  8.4403E-03  3.3515E-01  1.0000E+00
 3.0374E+03  1.5960E-02  3.1354E-01  8.5850E-03  3.3830E-01  1.0000E+00
 3.0607E+03  1.6054E-02  3.1297E-01  8.7297E-03  3.4139E-01  1.0000E+00
 3.0841E+03  1.6147E-02  3.1239E-01  8.8744E-03  3.4441E-01  1.0000E+00
 3.1077E+03  1.6241E-02  3.1181E-01  9.0191E-03  3.4737E-01  1.0000E+00
 3.1315E+03  1.6335E-02  3.1123E-01  9.1639E-03  3.5026E-01  1.0000E+00
 3.1555E+03  1.6429E-02  3.1064E-01  9.3087E-03  3.5309E-01  1.0000E+00
 3.1797E+03  1.6524E-02  3.1005E-01  9.4535E-03  3.5586E-01  1.0000E+00
 3.2040E+03  1.6619E-02  3.0945E-01  9.5983E-03  3.5856E-01  1.0000E+00
 3.2286E+03  1.6715E-02  3.0886E-01  9.7431E-03  3.6121E-01  1.0000E+00
 3.2533E+03  1.6810E-02  3.0826E-01  9.8880E-03  3.6379E-01  1.0000E+00
 3.2782E+03  1.6907E-02  3.0766E-01  1.0033E-02  3.6632E-01  1.0000E+00
 3.3033E+03  1.7003E-02  3.0706E-01  1.0178E-02  3.6879E-01  1.0000E+00
 3.3286E+03  1.7100E-02  3.0646E-01  1.0323E-02  3.7120E-01  1.0000E+00
 3.3541E+03  1.7198E-02  3.0585E-01  1.0468E-02  3.7355E-01  1.0000E+00
 3.3798E+03  1.7295E-02  3.0524E-01  1.0613E-02  3.7585E-01  1.0000E+00
 3.4057E+03  1.7393E-02  3.0463E-01  1.0758E-02  3.7809E-01  1.0000E+00
 3.4317E+03  1.7492E-02  3.0402E-01  1.0903E-02  3.8027E-01  1.0000E+00
 3.4580E+03  1.7590E-02  3.0341E-01  1.1048E-02  3.8240E-01  1.0000E+00
 3.4845E+03  1.7690E-02  3.0279E-01  1.1193E-02  3.8448E-01  1.0000E+00
 3.5112E+03  1.7789E-02  3.0217E-01  1.1338E-02  3.8651E-01  1.0000E+00
 3.5381E+03  1.7889E-02  3.0155E-01  1.1483E-02  3.8848E-01  1.0000E+00
 3.5652E+03  1.7989E-02  3.0093E-01  1.1629E-02  3.9040E-01  1.0000E+00
 3.5925E+03  1.8090E-02  3.0030E-01  1.1774E-02  3.9228E-01  1.0000E+00
 3.6200E+03  1.8191E-02  2.9967E-01  1.1919E-02  3.9410E-01  1.0000E+00
 3.6477E+03  1.8292E-02  2.9904E-01  1.2064E-02  3.9587E-01  1.0000E+00
 3.6757E+03  1.8393E-02  2.9841E-01  1.2210E-02  3.9759E-01  1.0000E+00
 3.7038E+03  1.8495E-02  2.9777E-01  1.2355E-02  3.9927E-01  1.0000E+00
 3.7322E+03  1.8597E-02  2.9713E-01  1.2500E-02  4.0090E-01  1.0000E+00
 3.7608E+03  1.8700E-02  2.9649E-01  1.2646E-02  4.0248E-01  1.0000E+00
 3.7896E+03  1.8803E-02  2.9585E-01  1.2791E-02  4.0401E-01  1.0000E+00
 3.8186E+03  1.8906E-02  2.9521E-01  1.2937E-02  4.0550E-01  1.0000E+00
 3.8478E+03  1.9010E-02  2.9456E-01  1.3082E-02  4.0695E-01  1.0000E+00
 3.8773E+03  1.9114E-02  2.9391E-01  1.3228E-02  4.0835E-01  1.0000E+00
 3.9070E+03  1.9218E-02  2.9325E-01  1.3373E-02  4.0970E-01  1.0000E+00
 3.9369E+03  1.9322E-02  2.9260E-01  1.3519E-02  4.1101E-01  1.0000E+00
 3.9671E+03  1.9427E-02  2.9194E-01  1.3665E-02  4.1228E-01  1.0000E+00
 3.9974E+03  1.9532E-02  2.9128E-01  1.3810E-02  4.1351E-01  1.0000E+00
 4.0281E+03  1.9637E-02  2.9062E-01  1.3956E-02  4.1470E-01  1.0000E+00
 4.0589E+03  1.9743E-02  2.8995E-01  1.4102E-02  4.1585E-01  1.0000E+00
 4.0900E+03  1.9849E-02  2.8928E-01  1.4247E-02  4.1695E-01  1.0000E+00
 4.1213E+03  1.9955E-02  2.8861E-01  1.4393E-02  4.1802E-01  1.0000E+00
 4.1529E+03  2.0062E-02  2.8794E-01  1.4539E-02  4.1904E-01  1.0000E+00
 4.1847E+03  2.0169E-02  2.8726E-01  1.4685E-02  4.2003E-01  1.0000E+00
 4.2167E+03  2.0276E-02  2.8659E-01  1.4831E-02  4.2098E-01  1.0000E+00
 4.2490E+03  2.0383E-02  2.8590E-01  1.4977E-02  4.2189E-01  1.0000E+00
 4.2816E+03  2.0491E-02  2.8522E-01  1.5123E-02  4.2277E-01  1.0000E+00
 4.3143E+03  2.0598E-02  2.8453E-01  1.5269E-02  4.2361E-01  1.0000E+00
 4.3474E+03  2.0707E-02  2.8384E-01  1.5415E-02  4.2441E-01  1.0000E+00
 4.3807E+03  2.0815E-02  2.8315E-01  1.5561E-02  4.2518E-01  1.0000E+00
 4.4142E+03  2.0924E-02  2.8246E-01  1.5707E-02  4.2591E-01  1.0000E+00
 4.4480E+03  2.1033E-02  2.8176E-01  1.5853E-02  4.2660E-01  1.0000E+00
 4.4821E+03  2.1142E-02  2.8106E-01  1.6000E-02  4.2727E-01  1.0000E+00
 4.5164E+03  2.1251E-02  2.8036E-01  1.6146E-02  4.2790E-01  1.0000E+00
 4.5510E+03  2.1361E-02  2.7965E-01  1.6292E-02  4.2849E-01  1.0000E+00
 4.5859E+03  2.1470E-02  2.7894E-01  1.6439E-02  4.2905E-01  1.0000E+00
 4.6210E+03  2.1580E-02  2.7823E-01  1.6585E-02  4.2959E-01  1.0000E+00
 4.6564E+03  2.1691E-02  2.7752E-01  1.6731E-02  4.3009E-01  1.0000E+00
 4.6920E+03  2.1801E-02  2.7680E-01  1.6878E-02  4.3055E-01  1.0000E+00
 4.7280E+03  2.1912E-02  2.7608E-01  1.7024E-02  4.3099E-01  1.0000E+00
 4.7642E+03  2.2023E-02  2.7536E-01  1.7171E-02  4.3140E-01  1.0000E+00
 4.8007E+03  2.2134E-02  2.7464E-01  1.7318E-02  4.3177E-01  1.0000E+00
 4.8374E+03  2.2245E-02  2.7391E-01  1.7464E-02  4.3212E-01  1.0000E+00
 4.8745E+03  2.2356E-02  2.7318E-01  1.7611E-02  4.3244E-01  1.0000E+00
 4.9118E+03  2.2468E-02  2.7245E-01  1.7758E-02  4.3273E-01  1.0000E+00
 4.9494E+03  2.2580E-02  2.7171E-01  1.7905E-02  4.3299E-01  1.0000E+00
 4.9873E+03  2.2692E-02  2.7098E-01  1.8051E-02  4.3322E-01  1.0000E+00
 5.0255E+03  2.2804E-02  2.7024E-01  1.8198E-02  4.3343E-01  1.0000E+00
 5.0640E+03  2.2916E-02  2.6949E-01  1.8345E-02  4.3361E-01  1.0000E+00
 5.1028E+03  2.3029E-02  2.6875E-01  1.8492E-02  4.3376E-01  1.0000E+00
 5.1419E+03  2.3142E-02  2.6800E-01  1.8639E-02  4.3389E-01  1.0000E+00
 5.1812E+03  2.3255E-02  2.6725E-01  1.8786E-02  4.3399E-01  1.0000E+00
 5.2209E+03  2.3368E-02  2.6650E-01  1.8933E-02  4.3406E-01  1.0000E+00
 5.2609E+03  2.3481E-02  2.6575E-01  1.9081E-02  4.3411E-01  1.0000E+00
 5.3012E+03  2.3595E-02  2.6499E-01  1.9228E-02  4.3414E-01  1.0000E+00
 5.3418E+03  2.3708E-02  2.6424E-01  1.9375E-02  4.3414E-01  1.0000E+00
 5.3827E+03  2.3822E-02  2.6348E-01  1.9523E-02  4.3412E-01  1.0000E+00
 5.4239E+03  2.3936E-02  2.6272E-01  1.9670E-02  4.3407E-01  1.0000E+00
 5.4655E+03  2.4051E-02  2.6195E-01  1.9817E-02  4.3400E-01  1.0000E+00
 5.5073E+03  2.4165E-02  2.6119E-01  1.9965E-02  4.3391E-01  1.0000E+00
 5.5495E+03  2.4280E-02  2.6042E-01  2.0113E-02  4.3379E-01  1.0000E+00
 5.5920E+03  2.4394E-02  2.5965E-01  2.0260E-02  4.3366E-01  1.0000E+00
 5.6348E+03  2.4509E-02  2.5888E-01  2.0408E-02  4.3350E-01  1.0000E+00
 5.6780E+03  2.4624E-02  2.5811E-01  2.0556E-02  4.3332E-01  1.0000E+00
 5.7215E+03  2.4740E-02  2.5734E-01  2.0703E-02  4.3312E-01  1.0000E+00
 5.7653E+03  2.4855E-02  2.5656E-01  2.0851E-02  4.3289E-01  1.0000E+00
 5.8094E+03  2.4971E-02  2.5579E-01  2.0999E-02  4.3265E-01  1.0000E+00
 5.8539E+03  2.5086E-02  2.5501E-01  2.1147E-02  4.3239E-01  1.0000E+00
 5.8988E+03  2.5202E-02  2.5423E-01  2.1295E-02  4.3211E-01  1.0000E+00
 5.9439E+03  2.5318E-02  2.5344E-01  2.1443E-02  4.3180E-01  1.0000E+00
 5.9895E+03  2.5434E-02  2.5266E-01  2.1591E-02  4.3148E-01  1.0000E+00
 6.0353E+03  2.5551E-02  2.5188E-01  2.1740E-02  4.3114E-01  1.0000E+00
 6.0815E+03  2.5667E-02  2.5109E-01  2.1888E-02  4.3078E-01  1.0000E+00
 6.1281E+03  2.5784E-02  2.5030E-01  2.2036E-02  4.3041E-01  1.0000E+00
 6.1751E+03  2.5901E-02  2.4951E-01  2.2185E-02  4.3001E-01  1.0000E+00
 6.2223E+03  2.6017E-02  2.4872E-01  2.2333E-02  4.2960E-01  1.0000E+00
 6.2700E+03  2.6134E-02  2.4793E-01  2.2482E-02  4.2917E-01  1.0000E+00
 6.3180E+03  2.6252E-02  2.4714E-01  2.2630E-02  4.2873E-01  1.0000E+00
 6.3664E+03  2.6369E-02  2.4635E-01  2.2779E-02  4.2826E-01  1.0000E+00
 6.4152E+03  2.6486E-02  2.4555E-01  2.2928E-02  4.2778E-01  1.0000E+00
 6.4643E+03  2.6604E-02  2.4475E-01  2.3077E-02  4.2729E-01  1.0000E+00
 6.5138E+03  2.6722E-02  2.4396E-01  2.3225E-02  4.2678E-01  1.0000E+00
 6.5637E+03  2.6839E-02  2.4316E-01  2.3374E-02  4.2625E-01  1.0000E+00
 6.6139E+03  2.6957E-02  2.4236E-01  2.3523E-02  4.2571E-01  1.0000E+00
 6.6646E+03  2.7075E-02  2.4156E-01  2.3672E-02  4.2515E-01  1.0000E+00
 6.7156E+03  2.7194E-02  2.4076E-01  2.3822E-02  4.2458E-01  1.0000E+00
 6.7671E+03  2.7312E-02  2.3995E-01  2.3971E-02  4.2399E-01  1.0000E+00
 6.8189E+03  2.7430E-02  2.3915E-01  2.4120E-02  4.2339E-01  1.0000E+00
 6.8711E+03  2.7549E-02  2.3835E-01  2.4270E-02  4.2277E-01  1.0000E+00
 6.9237E+03  2.7668E-02  2.3754E-01  2.4419E-02  4.2214E-01  1.0000E+00
 6.9768E+03  2.7786E-02  2.3674E-01  2.4569E-02  4.2150E-01  1.0000E+00
 7.0302E+03  2.7905E-02  2.3593E-01  2.4718E-02  4.2084E-01  1.0000E+00
 7.0840E+03  2.8024E-02  2.3512E-01  2.4868E-02  4.2017E-01  1.0000E+00
 7.1383E+03  2.8143E-02  2.3431E-01  2.5018E-02  4.1949E-01  1.0000E+00
 7.1929E+03  2.8262E-02  2.3351E-01  2.5168E-02  4.1880E-01  1.0000E+00
 7.2480E+03  2.8387E-02  2.3275E-01  2.5318E-02  4.1809E-01  1.0000E+00
 7.3035E+03  2.8515E-02  2.3200E-01  2.5468E-02  4.1737E-01  1.0000E+00
 7.3595E+03  2.8643E-02  2.3126E-01  2.5618E-02  4.1664E-01  1.0000E+00
 7.4158E+03  2.8771E-02  2.3052E-01  2.5768E-02  4.1590E-01  1.0000E+00
 7.4726E+03  2.8900E-02  2.2977E-01  2.5918E-02  4.1515E-01  1.0000E+00
 7.5299E+03  2.9028E-02  2.2903E-01  2.6069E-02  4.1438E-01  1.0000E+00
 7.5875E+03  2.9157E-02  2.2829E-01  2.6219E-02  4.1360E-01  1.0000E+00
 7.6456E+03  2.9287E-02  2.2754E-01  2.6370E-02  4.1282E-01  1.0000E+00
 7.7042E+03  2.9416E-02  2.2680E-01  2.6520E-02  4.1202E-01  1.0000E+00
 7.7632E+03  2.9546E-02  2.2605E-01  2.6671E-02  4.1121E-01  1.0000E+00
 7.8226E+03  2.9676E-02  2.2531E-01  2.6822E-02  4.1040E-01  1.0000E+00
 7.8825E+03  2.9806E-02  2.2456E-01  2.6973E-02  4.0957E-01  1.0000E+00
 7.9429E+03  2.9936E-02  2.2382E-01  2.7124E-02  4.0873E-01  1.0000E+00
 8.0037E+03  3.0067E-02  2.2307E-01  2.7275E-02  4.0788E-01  1.0000E+00
 8.0650E+03  3.0198E-02  2.2233E-01  2.7426E-02  4.0703E-01  1.0000E+00
 8.1268E+03  3.0329E-02  2.2158E-01  2.7577E-02  4.0616E-01  1.0000E+00
 8.1890E+03  3.0460E-02  2.2084E-01  2.7728E-02  4.0529E-01  1.0000E+00
 8.2518E+03  3.0592E-02  2.2010E-01  2.7880E-02  4.0440E-01  1.0000E+00
 8.3150E+03  3.0724E-02  2.1935E-01  2.8031E-02  4.0351E-01  1.0000E+00
 8.3786E+03  3.0856E-02  2.1861E-01  2.8183E-02  4.0261E-01  1.0000E+00
 8.4428E+03  3.0988E-02  2.1786E-01  2.8335E-02  4.0170E-01  1.0000E+00
 8.5075E+03  3.1121E-02  2.1712E-01  2.8487E-02  4.0079E-01  1.0000E+00
 8.5726E+03  3.1254E-02  2.1637E-01  2.8639E-02  3.9986E-01  1.0000E+00
 8.6383E+03  3.1387E-02  2.1563E-01  2.8791E-02  3.9893E-01  1.0000E+00
 8.7044E+03  3.1520E-02  2.1489E-01  2.8943E-02  3.9799E-01  1.0000E+00
 8.7711E+03  3.1654E-02  2.1414E-01  2.9095E-02  3.9705E-01  1.0000E+00
 8.8383E+03  3.1788E-02  2.1340E-01  2.9248E-02  3.9609E-01  1.0000E+00
 8.9059E+03  3.1922E-02  2.1266E-01  2.9400E-02  3.9513E-01  1.0000E+00
 8.9741E+03  3.2056E-02  2.1192E-01  2.9553E-02  3.9416E-01  1.0000E+00
 9.0429E+03  3.2191E-02  2.1117E-01  2.9705E-02  3.9319E-01  1.0000E+00
 9.1121E+03  3.2326E-02  2.1043E-01  2.9858E-02  3.9221E-01  1.0000E+00
 9.1819E+03  3.2461E-02  2.0969E-01  3.0011E-02  3.9122E-01  1.0000E+00
 9.2522E+03  3.2596E-02  2.0895E-01  3.0164E-02  3.9023E-01  1.0000E+00
 9.3231E+03  3.2732E-02  2.0821E-01  3.0318E-02  3.8923E-01  1.0000E+00
 9.3945E+03  3.2867E-02  2.0747E-01  3.0471E-02  3.8822E-01  1.0000E+00
 9.4664E+03  3.3003E-02  2.0673E-01  3.0624E-02  3.8721E-01  1.0000E+00
 9.5389E+03  3.3140E-02  2.0600E-01  3.0778E-02  3.8620E-01  1.0000E+00
 9.6120E+03  3.3276E-02  2.0526E-01  3.0931E-02  3.8517E-01  1.0000E+00
 9.6856E+03  3.3413E-02  2.0452E-01  3.1085E-02  3.8415E-01  1.0000E+00
 9.7598E+03  3.3550E-02  2.0378E-01  3.1239E-02  3.8311E-01  1.0000E+00
 9.8345E+03  3.3687E-02  2.0305E-01  3.1393E-02  3.8208E-01  1.0000E+00
 9.9098E+03  3.3825E-02  2.0231E-01  3.1547E-02  3.8104E-01  1.0000E+00
 9.9857E+03  3.3963E-02  2.0158E-01  3.1701E-02  3.7999E-01  1.0000E+00
 1.0062E+04  3.4101E-02  2.0085E-01  3.1856E-02  3.7894E-01  1.0000E+00
 1.0139E+04  3.4239E-02  2.0011E-01  3.2010E-02  3.7788E-01  1.0000E+00
 1.0217E+04  3.4378E-02  1.9938E-01  3.2165E-02  3.7682E-01  1.0000E+00
 1.0295E+04  3.4517E-02  1.9865E-01  3.2320E-02  3.7576E-01  1.0000E+00
 1.0374E+04  3.4656E-02  1.9792E-01  3.2475E-02  3.7469E-01  1.0000E+00
 1.0453E+04  3.4795E-02  1.9719E-01  3.2630E-02  3.7362E-01  1.0000E+00
 1.0533E+04  3.4935E-02  1.9646E-01  3.2785E-02  3.7254E-01  1.0000E+00
 1.0614E+04  3.5074E-02  1.9573E-01  3.2940E-02  3.7146E-01  1.0000E+00
 1.0695E+04  3.5215E-02  1.9500E-01  3.3096E-02  3.7038E-01  1.0000E+00
 1.0777E+04  3.5355E-02  1.9428E-01  3.3251E-02  3.6929E-01  1.0000E+00
 1.0860E+04  3.5495E-02  1.9355E-01  3.3407E-02  3.6820E-01  1.0000E+00
 1.0943E+04  3.5636E-02  1.9283E-01  3.3563E-02  3.6711E-01  1.0000E+00
 1.1027E+04  3.5777E-02  1.9210E-01  3.3719E-02  3.6601E-01  1.0000E+00
 1.1111E+04  3.5919E-02  1.9138E-01  3.3875E-02  3.6491E-01  1.0000E+00
 1.1196E+04  3.6060E-02  1.9066E-01  3.4032E-02  3.6381E-01  1.0000E+00
 1.1282E+04  3.6202E-02  1.8994E-01  3.4188E-02  3.6271E-01  1.0000E+00
 1.1369E+04  3.6344E-02  1.8922E-01  3.4345E-02  3.6160E-01  1.0000E+00
 1.1456E+04  3.6487E-02  1.8850E-01  3.4502E-02  3.6049E-01  1.0000E+00
 1.1543E+04  3.6630E-02  1.8779E-01  3.4659E-02  3.5938E-01  1.0000E+00
 1.1632E+04  3.6772E-02  1.8707E-01  3.4816E-02  3.5826E-01  1.0000E+00
 1.1721E+04  3.6916E-02  1.8636E-01  3.4973E-02  3.5714E-01  1.0000E+00
 1.1811E+04  3.7059E-02  1.8564E-01  3.5130E-02  3.5603E-01  1.0000E+00
 1.1901E+04  3.7203E-02  1.8493E-01  3.5288E-02  3.5490E-01  1.0000E+00
 1.1992E+04  3.7347E-02  1.8422E-01  3.5446E-02  3.5378E-01  1.0000E+00
 1.2084E+04  3.7491E-02  1.8351E-01  3.5604E-02  3.5266E-01  1.0000E+00
 1.2177E+04  3.7636E-02  1.8280E-01  3.5762E-02  3.5153E-01  1.0000E+00
 1.2270E+04  3.7780E-02  1.8209E-01  3.5920E-02  3.5040E-01  1.0000E+00
 1.2364E+04  3.7926E-02  1.8138E-01  3.6078E-02  3.4927E-01  1.0000E+00
 1.2458E+04  3.8071E-02  1.8068E-01  3.6237E-02  3.4814E-01  1.0000E+00
 1.2554E+04  3.8217E-02  1.7998E-01  3.6396E-02  3.4701E-01  1.0000E+00
 1.2650E+04  3.8362E-02  1.7927E-01  3.6555E-02  3.4588E-01  1.0000E+00
 1.2747E+04  3.8509E-02  1.7857E-01  3.6714E-02  3.4474E-01  1.0000E+00
 1.2845E+04  3.8655E-02  1.7787E-01  3.6873E-02  3.4361E-01  1.0000E+00
 1.2943E+04  3.8802E-02  1.7717E-01  3.7033E-02  3.4247E-01  1.0000E+00
 1.3042E+04  3.8949E-02  1.7648E-01  3.7192E-02  3.4133E-01  1.0000E+00
 1.3142E+04  3.9096E-02  1.7578E-01  3.7352E-02  3.4019E-01  1.0000E+00
 1.3243E+04  3.9244E-02  1.7508E-01  3.7512E-02  3.3906E-01  1.0000E+00
 1.3344E+04  3.9391E-02  1.7439E-01  3.7672E-02  3.3792E-01  1.0000E+00
 1.3446E+04  3.9540E-02  1.7370E-01  3.7833E-02  3.3678E-01  1.0000E+00
 1.3549E+04  3.9688E-02  1.7301E-01  3.7993E-02  3.3564E-01  1.0000E+00
 1.3653E+04  3.9837E-02  1.7232E-01  3.8154E-02  3.3449E-01  1.0000E+00
 1.3757E+04  3.9986E-02  1.7163E-01  3.8315E-02  3.3335E-01  1.0000E+00
 1.3863E+04  4.0135E-02  1.7095E-01  3.8476E-02  3.3221E-01  1.0000E+00
 1.3969E+04  4.0284E-02  1.7026E-01  3.8638E-02  3.3107E-01  1.0000E+00
 1.4076E+04  4.0434E-02  1.6958E-01  3.8799E-02  3.2993E-01  1.0000E+00
 1.4184E+04  4.0584E-02  1.6890E-01  3.8961E-02  3.2879E-01  1.0000E+00
 1.4292E+04  4.0735E-02  1.6822E-01  3.9123E-02  3.2764E-01  1.0000E+00
 1.4402E+04  4.0886E-02  1.6754E-01  3.9286E-02  3.2650E-01  1.0000E+00
 1.4512E+04  4.1037E-02  1.6686E-01  3.9448E-02  3.2536E-01  1.0000E+00
 1.4623E+04  4.1188E-02  1.6619E-01  3.9611E-02  3.2422E-01  1.0000E+00
 1.4735E+04  4.1340E-02  1.6551E-01  3.9773E-02  3.2308E-01  1.0000E+00
 1.4848E+04  4.1492E-02  1.6484E-01  3.9937E-02  3.2194E-01  1.0000E+00
 1.4962E+04  4.1644E-02  1.6417E-01  4.0100E-02  3.2080E-01  1.0000E+00
 1.5076E+04  4.1796E-02  1.6350E-01  4.0263E-02  3.1966E-01  1.0000E+00
 1.5192E+04  4.1949E-02  1.6283E-01  4.0427E-02  3.1852E-01  1.0000E+00
 1.5308E+04  4.2102E-02  1.6217E-01  4.0591E-02  3.1738E-01  1.0000E+00
 1.5425E+04  4.2256E-02  1.6151E-01  4.0755E-02  3.1624E-01  1.0000E+00
 1.5544E+04  4.2410E-02  1.6084E-01  4.0920E-02  3.1510E-01  1.0000E+00
 1.5663E+04  4.2564E-02  1.6018E-01  4.1084E-02  3.1397E-01  1.0000E+00
 1.5783E+04  4.2718E-02  1.5952E-01  4.1249E-02  3.1283E-01  1.0000E+00
 1.5903E+04  4.2873E-02  1.5887E-01  4.1415E-02  3.1170E-01  1.0000E+00
 1.6025E+04  4.3028E-02  1.5821E-01  4.1580E-02  3.1056E-01  1.0000E+00
 1.6148E+04  4.3183E-02  1.5756E-01  4.1746E-02  3.0943E-01  1.0000E+00
 1.6272E+04  4.3339E-02  1.5690E-01  4.1911E-02  3.0830E-01  1.0000E+00
 1.6396E+04  4.3495E-02  1.5625E-01  4.2078E-02  3.0717E-01  1.0000E+00
 1.6522E+04  4.3652E-02  1.5560E-01  4.2244E-02  3.0604E-01  1.0000E+00
 1.6648E+04  4.3808E-02  1.5496E-01  4.2411E-02  3.0491E-01  1.0000E+00
 1.6776E+04  4.3965E-02  1.5431E-01  4.2578E-02  3.0379E-01  1.0000E+00
 1.6904E+04  4.4123E-02  1.5367E-01  4.2745E-02  3.0266E-01  1.0000E+00
 1.7034E+04  4.4280E-02  1.5303E-01  4.2912E-02  3.0154E-01  1.0000E+00
 1.7164E+04  4.4438E-02  1.5239E-01  4.3080E-02  3.0041E-01  1.0000E+00
 1.7296E+04  4.4597E-02  1.5175E-01  4.3248E-02  2.9929E-01  1.0000E+00
 1.7428E+04  4.4755E-02  1.5111E-01  4.3416E-02  2.9817E-01  1.0000E+00
 1.7562E+04  4.4914E-02  1.5048E-01  4.3585E-02  2.9706E-01  1.0000E+00
 1.7696E+04  4.5074E-02  1.4984E-01  4.3753E-02  2.9594E-01  1.0000E+00
 1.7832E+04  4.5234E-02  1.4921E-01  4.3922E-02  2.9483E-01  1.0000E+00
 1.7968E+04  4.5394E-02  1.4858E-01  4.4092E-02  2.9371E-01  1.0000E+00
 1.8106E+04  4.5554E-02  1.4795E-01  4.4261E-02  2.9260E-01  1.0000E+00
 1.8244E+04  4.5715E-02  1.4733E-01  4.4431E-02  2.9149E-01  1.0000E+00
 1.8384E+04  4.5876E-02  1.4670E-01  4.4601E-02  2.9039E-01  1.0000E+00
 1.8525E+04  4.6038E-02  1.4608E-01  4.4772E-02  2.8928E-01  1.0000E+00
 1.8667E+04  4.6200E-02  1.4546E-01  4.4943E-02  2.8818E-01  1.0000E+00
 1.8810E+04  4.6362E-02  1.4484E-01  4.5114E-02  2.8708E-01  1.0000E+00
 1.8954E+04  4.6525E-02  1.4423E-01  4.5285E-02  2.8598E-01  1.0000E+00
 1.9099E+04  4.6688E-02  1.4361E-01  4.5457E-02  2.8488E-01  1.0000E+00
 1.9245E+04  4.6851E-02  1.4300E-01  4.5629E-02  2.8378E-01  1.0000E+00
 1.9393E+04  4.7015E-02  1.4239E-01  4.5801E-02  2.8269E-01  1.0000E+00
 1.9541E+04  4.7179E-02  1.4178E-01  4.5974E-02  2.8160E-01  1.0000E+00
 1.9691E+04  4.7343E-02  1.4117E-01  4.6147E-02  2.8051E-01  1.0000E+00
 1.9842E+04  4.7508E-02  1.4057E-01  4.6320E-02  2.7942E-01  1.0000E+00
 1.9994E+04  4.7674E-02  1.3996E-01  4.6494E-02  2.7834E-01  1.0000E+00
 2.0147E+04  4.7839E-02  1.3936E-01  4.6668E-02  2.7726E-01  1.0000E+00
 2.0301E+04  4.8006E-02  1.3876E-01  4.6842E-02  2.7618E-01  1.0000E+00
 2.0456E+04  4.8172E-02  1.3817E-01  4.7017E-02  2.7510E-01  1.0000E+00
 2.0613E+04  4.8339E-02  1.3757E-01  4.7192E-02  2.7403E-01  1.0000E+00
 2.0771E+04  4.8506E-02  1.3698E-01  4.7367E-02  2.7295E-01  1.0000E+00
 2.0930E+04  4.8674E-02  1.3638E-01  4.7543E-02  2.7188E-01  1.0000E+00
 2.1090E+04  4.8842E-02  1.3579E-01  4.7719E-02  2.7082E-01  1.0000E+00
 2.1252E+04  4.9011E-02  1.3521E-01  4.7895E-02  2.6975E-01  1.0000E+00
 2.1415E+04  4.9180E-02  1.3462E-01  4.8072E-02  2.6869E-01  1.0000E+00
 2.1579E+04  4.9349E-02  1.3404E-01  4.8249E-02  2.6763E-01  1.0000E+00
 2.1744E+04  4.9519E-02  1.3345E-01  4.8426E-02  2.6657E-01  1.0000E+00
 2.1910E+04  4.9689E-02  1.3287E-01  4.8604E-02  2.6552E-01  1.0000E+00
 2.2078E+04  4.9860E-02  1.3230E-01  4.8782E-02  2.6447E-01  1.0000E+00
 2.2247E+04  5.0031E-02  1.3172E-01  4.8961E-02  2.6342E-01  1.0000E+00
 2.2418E+04  5.0202E-02  1.3115E-01  4.9140E-02  2.6237E-01  1.0000E+00
 2.2589E+04  5.0374E-02  1.3057E-01  4.9319E-02  2.6133E-01  1.0000E+00
 2.2762E+04  5.0547E-02  1.3000E-01  4.9499E-02  2.6028E-01  1.0000E+00
 2.2937E+04  5.0719E-02  1.2943E-01  4.9679E-02  2.5925E-01  1.0000E+00
 2.3112E+04  5.0893E-02  1.2887E-01  4.9859E-02  2.5821E-01  1.0000E+00
 2.3289E+04  5.1067E-02  1.2830E-01  5.0040E-02  2.5718E-01  1.0000E+00
 2.3468E+04  5.1241E-02  1.2774E-01  5.0222E-02  2.5615E-01  1.0000E+00
 2.3647E+04  5.1415E-02  1.2718E-01  5.0403E-02  2.5512E-01  1.0000E+00
 2.3829E+04  5.1591E-02  1.2662E-01  5.0585E-02  2.5410E-01  1.0000E+00
 2.4011E+04  5.1766E-02  1.2606E-01  5.0768E-02  2.5308E-01  1.0000E+00
 2.4195E+04  5.1942E-02  1.2551E-01  5.0951E-02  2.5206E-01  1.0000E+00
 2.4380E+04  5.2119E-02  1.2496E-01  5.1134E-02  2.5104E-01  1.0000E+00
 2.4567E+04  5.2296E-02  1.2441E-01  5.1318E-02  2.5003E-01  1.0000E+00
 2.4755E+04  5.2473E-02  1.2386E-01  5.1502E-02  2.4902E-01  1.0000E+00
 2.4945E+04  5.2652E-02  1.2331E-01  5.1687E-02  2.4801E-01  1.0000E+00
 2.5136E+04  5.2830E-02  1.2277E-01  5.1872E-02  2.4701E-01  1.0000E+00
 2.5328E+04  5.3009E-02  1.2222E-01  5.2058E-02  2.4601E-01  1.0000E+00
 2.5522E+04  5.3189E-02  1.2168E-01  5.2244E-02  2.4501E-01  1.0000E+00
 2.5718E+04  5.3369E-02  1.2114E-01  5.2430E-02  2.4402E-01  1.0000E+00
 2.5915E+04  5.3549E-02  1.2061E-01  5.2617E-02  2.4303E-01  1.0000E+00
 2.6113E+04  5.3730E-02  1.2007E-01  5.2805E-02  2.4204E-01  1.0000E+00
 2.6313E+04  5.3912E-02  1.1954E-01  5.2993E-02  2.4106E-01  1.0000E+00
 2.6515E+04  5.4094E-02  1.1901E-01  5.3181E-02  2.4007E-01  1.0000E+00
 2.6718E+04  5.4277E-02  1.1848E-01  5.3370E-02  2.3910E-01  1.0000E+00
 2.6922E+04  5.4460E-02  1.1795E-01  5.3559E-02  2.3812E-01  1.0000E+00
 2.7128E+04  5.4643E-02  1.1743E-01  5.3749E-02  2.3715E-01  1.0000E+00
 2.7336E+04  5.4828E-02  1.1691E-01  5.3939E-02  2.3618E-01  1.0000E+00
 2.7545E+04  5.5013E-02  1.1639E-01  5.4130E-02  2.3521E-01  1.0000E+00
 2.7756E+04  5.5198E-02  1.1587E-01  5.4322E-02  2.3425E-01  1.0000E+00
 2.7969E+04  5.5384E-02  1.1535E-01  5.4513E-02  2.3329E-01  1.0000E+00
 2.8183E+04  5.5570E-02  1.1484E-01  5.4706E-02  2.3234E-01  1.0000E+00
 2.8399E+04  5.5757E-02  1.1432E-01  5.4899E-02  2.3138E-01  1.0000E+00
 2.8617E+04  5.5945E-02  1.1381E-01  5.5092E-02  2.3043E-01  1.0000E+00
 2.8836E+04  5.6133E-02  1.1330E-01  5.5286E-02  2.2949E-01  1.0000E+00
 2.9056E+04  5.6322E-02  1.1280E-01  5.5481E-02  2.2854E-01  1.0000E+00
 2.9279E+04  5.6511E-02  1.1229E-01  5.5676E-02  2.2760E-01  1.0000E+00
 2.9503E+04  5.6701E-02  1.1179E-01  5.5871E-02  2.2667E-01  1.0000E+00
 2.9729E+04  5.6892E-02  1.1129E-01  5.6067E-02  2.2574E-01  1.0000E+00
 2.9957E+04  5.7083E-02  1.1079E-01  5.6264E-02  2.2481E-01  1.0000E+00
 3.0186E+04  5.7275E-02  1.1029E-01  5.6461E-02  2.2388E-01  1.0000E+00
 3.0417E+04  5.7467E-02  1.0980E-01  5.6659E-02  2.2296E-01  1.0000E+00
 3.0650E+04  5.7660E-02  1.0931E-01  5.6858E-02  2.2204E-01  1.0000E+00
 3.0885E+04  5.7854E-02  1.0882E-01  5.7057E-02  2.2112E-01  1.0000E+00
 3.1122E+04  5.8048E-02  1.0833E-01  5.7256E-02  2.2021E-01  1.0000E+00
 3.1360E+04  5.8243E-02  1.0784E-01  5.7457E-02  2.1930E-01  1.0000E+00
 3.1600E+04  5.8439E-02  1.0736E-01  5.7657E-02  2.1839E-01  1.0000E+00
 3.1842E+04  5.8635E-02  1.0687E-01  5.7859E-02  2.1749E-01  1.0000E+00
 3.2086E+04  5.8832E-02  1.0639E-01  5.8061E-02  2.1659E-01  1.0000E+00
 3.2332E+04  5.9029E-02  1.0591E-01  5.8264E-02  2.1569E-01  1.0000E+00
 3.2579E+04  5.9227E-02  1.0544E-01  5.8467E-02  2.1480E-01  1.0000E+00
 3.2829E+04  5.9426E-02  1.0496E-01  5.8671E-02  2.1391E-01  1.0000E+00
 3.3080E+04  5.9626E-02  1.0449E-01  5.8875E-02  2.1303E-01  1.0000E+00
 3.3334E+04  5.9826E-02  1.0402E-01  5.9081E-02  2.1215E-01  1.0000E+00
 3.3589E+04  6.0027E-02  1.0355E-01  5.9287E-02  2.1127E-01  1.0000E+00
 3.3846E+04  6.0229E-02  1.0308E-01  5.9493E-02  2.1039E-01  1.0000E+00
 3.4105E+04  6.0431E-02  1.0262E-01  5.9700E-02  2.0952E-01  1.0000E+00
 3.4367E+04  6.0634E-02  1.0215E-01  5.9908E-02  2.0865E-01  1.0000E+00
 3.4630E+04  6.0838E-02  1.0169E-01  6.0117E-02  2.0779E-01  1.0000E+00
 3.4895E+04  6.1042E-02  1.0123E-01  6.0326E-02  2.0693E-01  1.0000E+00
 3.5162E+04  6.1248E-02  1.0078E-01  6.0536E-02  2.0607E-01  1.0000E+00
 3.5431E+04  6.1453E-02  1.0032E-01  6.0747E-02  2.0521E-01  1.0000E+00
 3.5703E+04  6.1660E-02  9.9869E-02  6.0958E-02  2.0436E-01  1.0000E+00
 3.5976E+04  6.1868E-02  9.9418E-02  6.1170E-02  2.0351E-01  1.0000E+00
 3.6252E+04  6.2076E-02  9.8969E-02  6.1383E-02  2.0267E-01  1.0000E+00
 3.6529E+04  6.2285E-02  9.8522E-02  6.1597E-02  2.0183E-01  1.0000E+00
 3.6809E+04  6.2495E-02  9.8076E-02  6.1811E-02  2.0099E-01  1.0000E+00
 3.7091E+04  6.2705E-02  9.7633E-02  6.2026E-02  2.0016E-01  1.0000E+00
 3.7375E+04  6.2917E-02  9.7191E-02  6.2242E-02  1.9933E-01  1.0000E+00
 3.7661E+04  6.3129E-02  9.6752E-02  6.2458E-02  1.9850E-01  1.0000E+00
 3.7950E+04  6.3342E-02  9.6314E-02  6.2676E-02  1.9768E-01  1.0000E+00
 3.8240E+04  6.3556E-02  9.5879E-02  6.2894E-02  1.9686E-01  1.0000E+00
 3.8533E+04  6.3770E-02  9.5445E-02  6.3113E-02  1.9604E-01  1.0000E+00
 3.8828E+04  6.3986E-02  9.5013E-02  6.3333E-02  1.9523E-01  1.0000E+00
 3.9126E+04  6.4202E-02  9.4583E-02  6.3553E-02  1.9442E-01  1.0000E+00
 3.9425E+04  6.4419E-02  9.4155E-02  6.3775E-02  1.9362E-01  1.0000E+00
 3.9727E+04  6.4637E-02  9.3729E-02  6.3997E-02  1.9282E-01  1.0000E+00
 4.0032E+04  6.4856E-02  9.3305E-02  6.4220E-02  1.9202E-01  1.0000E+00
 4.0338E+04  6.5076E-02  9.2883E-02  6.4444E-02  1.9122E-01  1.0000E+00
 4.0647E+04  6.5297E-02  9.2463E-02  6.4668E-02  1.9043E-01  1.0000E+00
 4.0958E+04  6.5518E-02  9.2044E-02  6.4894E-02  1.8964E-01  1.0000E+00
 4.1272E+04  6.5741E-02  9.1628E-02  6.5120E-02  1.8886E-01  1.0000E+00
 4.1588E+04  6.5964E-02  9.1213E-02  6.5348E-02  1.8808E-01  1.0000E+00
 4.1907E+04  6.6188E-02  9.0800E-02  6.5576E-02  1.8730E-01  1.0000E+00
 4.2228E+04  6.6413E-02  9.0390E-02  6.5805E-02  1.8652E-01  1.0000E+00
 4.2551E+04  6.6639E-02  8.9981E-02  6.6035E-02  1.8575E-01  1.0000E+00
 4.2877E+04  6.6866E-02  8.9574E-02  6.6266E-02  1.8499E-01  1.0000E+00
 4.3205E+04  6.7094E-02  8.9168E-02  6.6498E-02  1.8422E-01  1.0000E+00
 4.3536E+04  6.7323E-02  8.8765E-02  6.6731E-02  1.8346E-01  1.0000E+00
 4.3869E+04  6.7553E-02  8.8364E-02  6.6964E-02  1.8271E-01  1.0000E+00
 4.4205E+04  6.7784E-02  8.7964E-02  6.7199E-02  1.8195E-01  1.0000E+00
 4.4544E+04  6.8016E-02  8.7567E-02  6.7435E-02  1.8120E-01  1.0000E+00
 4.4885E+04  6.8249E-02  8.7171E-02  6.7671E-02  1.8046E-01  1.0000E+00
 4.5229E+04  6.8483E-02  8.6777E-02  6.7909E-02  1.7971E-01  1.0000E+00
 4.5575E+04  6.8718E-02  8.6385E-02  6.8148E-02  1.7898E-01  1.0000E+00
 4.5924E+04  6.8954E-02  8.5995E-02  6.8387E-02  1.7824E-01  1.0000E+00
 4.6276E+04  6.9191E-02  8.5606E-02  6.8628E-02  1.7751E-01  1.0000E+00
 4.6630E+04  6.9429E-02  8.5220E-02  6.8869E-02  1.7678E-01  1.0000E+00
 4.6987E+04  6.9668E-02  8.4835E-02  6.9112E-02  1.7605E-01  1.0000E+00
 4.7347E+04  6.9909E-02  8.4452E-02  6.9356E-02  1.7533E-01  1.0000E+00
 4.7710E+04  7.0150E-02  8.4071E-02  6.9601E-02  1.7461E-01  1.0000E+00
 4.8075E+04  7.0392E-02  8.3692E-02  6.9847E-02  1.7390E-01  1.0000E+00
 4.8443E+04  7.0636E-02  8.3314E-02  7.0094E-02  1.7319E-01  1.0000E+00
 4.8814E+04  7.0880E-02  8.2939E-02  7.0342E-02  1.7248E-01  1.0000E+00
 4.9188E+04  7.1126E-02  8.2565E-02  7.0591E-02  1.7177E-01  1.0000E+00
 4.9565E+04  7.1373E-02  8.2193E-02  7.0841E-02  1.7107E-01  1.0000E+00
 4.9945E+04  7.1621E-02  8.1823E-02  7.1092E-02  1.7038E-01  1.0000E+00
 5.0327E+04  7.1870E-02  8.1455E-02  7.1345E-02  1.6968E-01  1.0000E+00
 5.0713E+04  7.2121E-02  8.1088E-02  7.1599E-02  1.6899E-01  1.0000E+00
 5.1101E+04  7.2372E-02  8.0723E-02  7.1853E-02  1.6830E-01  1.0000E+00
 5.1492E+04  7.2625E-02  8.0360E-02  7.2109E-02  1.6762E-01  1.0000E+00
 5.1887E+04  7.2879E-02  7.9999E-02  7.2367E-02  1.6694E-01  1.0000E+00
 5.2284E+04  7.3135E-02  7.9640E-02  7.2625E-02  1.6626E-01  1.0000E+00
 5.2684E+04  7.3391E-02  7.9282E-02  7.2885E-02  1.6559E-01  1.0000E+00
 5.3088E+04  7.3649E-02  7.8926E-02  7.3146E-02  1.6492E-01  1.0000E+00
 5.3494E+04  7.3908E-02  7.8572E-02  7.3408E-02  1.6425E-01  1.0000E+00
 5.3904E+04  7.4168E-02  7.8220E-02  7.3671E-02  1.6359E-01  1.0000E+00
 5.4317E+04  7.4430E-02  7.7869E-02  7.3936E-02  1.6293E-01  1.0000E+00
 5.4733E+04  7.4693E-02  7.7520E-02  7.4202E-02  1.6227E-01  1.0000E+00
 5.5152E+04  7.4957E-02  7.7173E-02  7.4469E-02  1.6162E-01  1.0000E+00
 5.5574E+04  7.5222E-02  7.6828E-02  7.4737E-02  1.6097E-01  1.0000E+00
 5.6000E+04  7.5489E-02  7.6484E-02  7.5007E-02  1.6032E-01  1.0000E+00
 5.6429E+04  7.5757E-02  7.6142E-02  7.5278E-02  1.5968E-01  1.0000E+00
 5.6861E+04  7.6027E-02  7.5802E-02  7.5551E-02  1.5904E-01  1.0000E+00
 5.7297E+04  7.6298E-02  7.5464E-02  7.5825E-02  1.5840E-01  1.0000E+00
 5.7735E+04  7.6570E-02  7.5127E-02  7.6100E-02  1.5777E-01  1.0000E+00
 5.8177E+04  7.6844E-02  7.4792E-02  7.6377E-02  1.5714E-01  1.0000E+00
 5.8623E+04  7.7119E-02  7.4459E-02  7.6655E-02  1.5651E-01  1.0000E+00
 5.9072E+04  7.7396E-02  7.4127E-02  7.6934E-02  1.5589E-01  1.0000E+00
 5.9524E+04  7.7674E-02  7.3797E-02  7.7215E-02  1.5527E-01  1.0000E+00
 5.9980E+04  7.7954E-02  7.3469E-02  7.7497E-02  1.5465E-01  1.0000E+00
 6.0440E+04  7.8235E-02  7.3143E-02  7.7781E-02  1.5404E-01  1.0000E+00
 6.0902E+04  7.8518E-02  7.2818E-02  7.8067E-02  1.5343E-01  1.0000E+00
 6.1369E+04  7.8802E-02  7.2495E-02  7.8354E-02  1.5282E-01  1.0000E+00
 6.1839E+04  7.9088E-02  7.2173E-02  7.8642E-02  1.5222E-01  1.0000E+00
 6.2312E+04  7.9375E-02  7.1853E-02  7.8932E-02  1.5162E-01  1.0000E+00
 6.2790E+04  7.9664E-02  7.1535E-02  7.9223E-02  1.5102E-01  1.0000E+00
 6.3270E+04  7.9954E-02  7.1219E-02  7.9516E-02  1.5043E-01  1.0000E+00
 6.3755E+04  8.0246E-02  7.0904E-02  7.9811E-02  1.4984E-01  1.0000E+00
 6.4243E+04  8.0540E-02  7.0591E-02  8.0107E-02  1.4925E-01  1.0000E+00
 6.4735E+04  8.0835E-02  7.0279E-02  8.0405E-02  1.4867E-01  1.0000E+00
 6.5231E+04  8.1132E-02  6.9970E-02  8.0704E-02  1.4809E-01  1.0000E+00
 6.5731E+04  8.1431E-02  6.9661E-02  8.1005E-02  1.4751E-01  1.0000E+00
 6.6234E+04  8.1731E-02  6.9355E-02  8.1308E-02  1.4694E-01  1.0000E+00
 6.6741E+04  8.2033E-02  6.9050E-02  8.1613E-02  1.4636E-01  1.0000E+00
 6.7252E+04  8.2337E-02  6.8746E-02  8.1919E-02  1.4580E-01  1.0000E+00
 6.7767E+04  8.2642E-02  6.8445E-02  8.2227E-02  1.4523E-01  1.0000E+00
 6.8286E+04  8.2949E-02  6.8145E-02  8.2537E-02  1.4467E-01  1.0000E+00
 6.8809E+04  8.3258E-02  6.7846E-02  8.2848E-02  1.4411E-01  1.0000E+00
 6.9336E+04  8.3569E-02  6.7549E-02  8.3161E-02  1.4356E-01  1.0000E+00
 6.9867E+04  8.3882E-02  6.7254E-02  8.3476E-02  1.4301E-01  1.0000E+00
 7.0402E+04  8.4196E-02  6.6960E-02  8.3793E-02  1.4246E-01  1.0000E+00
 7.0942E+04  8.4513E-02  6.6668E-02  8.4112E-02  1.4191E-01  1.0000E+00
 7.1485E+04  8.4831E-02  6.6378E-02  8.4432E-02  1.4137E-01  1.0000E+00
 7.2032E+04  8.5151E-02  6.6089E-02  8.4755E-02  1.4083E-01  1.0000E+00
 7.2584E+04  8.5473E-02  6.5801E-02  8.5079E-02  1.4030E-01  1.0000E+00
 7.3140E+04  8.5797E-02  6.5515E-02  8.5405E-02  1.3977E-01  1.0000E+00
 7.3700E+04  8.6123E-02  6.5231E-02  8.5733E-02  1.3924E-01  1.0000E+00
 7.4264E+04  8.6451E-02  6.4948E-02  8.6064E-02  1.3871E-01  1.0000E+00
 7.4833E+04  8.6781E-02  6.4667E-02  8.6396E-02  1.3819E-01  1.0000E+00
 7.5406E+04  8.7113E-02  6.4388E-02  8.6730E-02  1.3767E-01  1.0000E+00
 7.5984E+04  8.7447E-02  6.4110E-02  8.7066E-02  1.3715E-01  1.0000E+00
 7.6566E+04  8.7783E-02  6.3833E-02  8.7404E-02  1.3664E-01  1.0000E+00
 7.7152E+04  8.8121E-02  6.3558E-02  8.7745E-02  1.3613E-01  1.0000E+00
 7.7743E+04  8.8462E-02  6.3284E-02  8.8087E-02  1.3562E-01  1.0000E+00
 7.8338E+04  8.8804E-02  6.3013E-02  8.8432E-02  1.3512E-01  1.0000E+00
 7.8938E+04  8.9149E-02  6.2742E-02  8.8778E-02  1.3461E-01  1.0000E+00
 7.9543E+04  8.9496E-02  6.2473E-02  8.9127E-02  1.3412E-01  1.0000E+00
 8.0152E+04  8.9845E-02  6.2206E-02  8.9478E-02  1.3362E-01  1.0000E+00
 8.0766E+04  9.0196E-02  6.1940E-02  8.9832E-02  1.3313E-01  1.0000E+00
 8.1384E+04  9.0549E-02  6.1675E-02  9.0187E-02  1.3264E-01  1.0000E+00
 8.2008E+04  9.0905E-02  6.1412E-02  9.0545E-02  1.3215E-01  1.0000E+00
 8.2636E+04  9.1263E-02  6.1151E-02  9.0905E-02  1.3167E-01  1.0000E+00
 8.3268E+04  9.1624E-02  6.0891E-02  9.1267E-02  1.3119E-01  1.0000E+00
 8.3906E+04  9.1987E-02  6.0633E-02  9.1632E-02  1.3072E-01  1.0000E+00
 8.4549E+04  9.2352E-02  6.0376E-02  9.1999E-02  1.3024E-01  1.0000E+00
 8.5196E+04  9.2719E-02  6.0120E-02  9.2369E-02  1.2977E-01  1.0000E+00
 8.5849E+04  9.3089E-02  5.9866E-02  9.2741E-02  1.2930E-01  1.0000E+00
 8.6506E+04  9.3462E-02  5.9613E-02  9.3115E-02  1.2884E-01  1.0000E+00
 8.7169E+04  9.3837E-02  5.9362E-02  9.3492E-02  1.2838E-01  1.0000E+00
 8.7836E+04  9.4214E-02  5.9112E-02  9.3871E-02  1.2792E-01  1.0000E+00
 8.8509E+04  9.4594E-02  5.8864E-02  9.4253E-02  1.2746E-01  1.0000E+00
 8.9187E+04  9.4977E-02  5.8617E-02  9.4638E-02  1.2701E-01  1.0000E+00
 8.9870E+04  9.5362E-02  5.8372E-02  9.5025E-02  1.2656E-01  1.0000E+00
 9.0558E+04  9.5750E-02  5.8128E-02  9.5414E-02  1.2611E-01  1.0000E+00
 9.1252E+04  9.6141E-02  5.7885E-02  9.5807E-02  1.2567E-01  1.0000E+00
 9.1950E+04  9.6534E-02  5.7644E-02  9.6202E-02  1.2523E-01  1.0000E+00
 9.2655E+04  9.6930E-02  5.7404E-02  9.6599E-02  1.2479E-01  1.0000E+00
 9.3364E+04  9.7328E-02  5.7166E-02  9.7000E-02  1.2435E-01  1.0000E+00
 9.4079E+04  9.7730E-02  5.6929E-02  9.7403E-02  1.2392E-01  1.0000E+00
 9.4800E+04  9.8134E-02  5.6693E-02  9.7809E-02  1.2349E-01  1.0000E+00
 9.5526E+04  9.8541E-02  5.6459E-02  9.8218E-02  1.2307E-01  1.0000E+00
 9.6257E+04  9.8951E-02  5.6226E-02  9.8629E-02  1.2264E-01  1.0000E+00
 9.6994E+04  9.9364E-02  5.5995E-02  9.9044E-02  1.2222E-01  1.0000E+00
 9.7737E+04  9.9780E-02  5.5765E-02  9.9461E-02  1.2181E-01  1.0000E+00
 9.8486E+04  1.0020E-01  5.5536E-02  9.9882E-02  1.2139E-01  1.0000E+00
 9.9240E+04  1.0062E-01  5.5309E-02  1.0031E-01  1.2098E-01  1.0000E+00
 1.0000E+05  1.0105E-01  5.5083E-02  1.0073E-01  1.2057E-01  1.0000E+00


