#     0	 1	   12	 3	 8.1435E+02	  500	1
 1.0000E+02	 1.8102E-03	 2.1071E-05
 1.0100E+02	 1.8118E-03	 2.2747E-05
 1.0200E+02	 1.8134E-03	 2.4518E-05
 1.0300E+02	 1.8150E-03	 2.6388E-05
 1.0400E+02	 1.8166E-03	 2.8360E-05
 1.0500E+02	 1.8182E-03	 3.0437E-05
 1.0600E+02	 1.8197E-03	 3.2621E-05
 1.0700E+02	 1.8213E-03	 3.4915E-05
 1.0800E+02	 1.8229E-03	 3.7323E-05
 1.0900E+02	 1.8245E-03	 3.9847E-05
 1.1000E+02	 1.8261E-03	 4.2491E-05
 1.1100E+02	 1.8277E-03	 4.5256E-05
 1.1200E+02	 1.8293E-03	 4.8145E-05
 1.1300E+02	 1.8309E-03	 5.1162E-05
 1.1400E+02	 1.8325E-03	 5.4309E-05
 1.1500E+02	 1.8341E-03	 5.7588E-05
 1.1600E+02	 1.8357E-03	 6.1002E-05
 1.1700E+02	 1.8373E-03	 6.4553E-05
 1.1800E+02	 1.8389E-03	 6.8244E-05
 1.1900E+02	 1.8406E-03	 7.2078E-05
 1.2000E+02	 1.8422E-03	 7.6056E-05
 1.2100E+02	 1.8438E-03	 8.0180E-05
 1.2200E+02	 1.8454E-03	 8.4454E-05
 1.2300E+02	 1.8470E-03	 8.8878E-05
 1.2400E+02	 1.8486E-03	 9.3456E-05
 1.2500E+02	 1.8503E-03	 9.8189E-05
 1.2600E+02	 1.8519E-03	 1.0308E-04
 1.2700E+02	 1.8535E-03	 1.0813E-04
 1.2800E+02	 1.8551E-03	 1.1334E-04
 1.2900E+02	 1.8568E-03	 1.1871E-04
 1.3000E+02	 1.8584E-03	 1.2424E-04
 1.3100E+02	 1.8600E-03	 1.2994E-04
 1.3200E+02	 1.8617E-03	 1.3581E-04
 1.3300E+02	 1.8633E-03	 1.4185E-04
 1.3400E+02	 1.8649E-03	 1.4806E-04
 1.3500E+02	 1.8666E-03	 1.5443E-04
 1.3600E+02	 1.8682E-03	 1.6098E-04
 1.3700E+02	 1.8699E-03	 1.6771E-04
 1.3800E+02	 1.8715E-03	 1.7461E-04
 1.3900E+02	 1.8732E-03	 1.8168E-04
 1.4000E+02	 1.8748E-03	 1.8894E-04
 1.4100E+02	 1.8765E-03	 1.9637E-04
 1.4200E+02	 1.8781E-03	 2.0398E-04
 1.4300E+02	 1.8798E-03	 2.1176E-04
 1.4400E+02	 1.8814E-03	 2.1973E-04
 1.4500E+02	 1.8831E-03	 2.2788E-04
 1.4600E+02	 1.8847E-03	 2.3622E-04
 1.4700E+02	 1.8864E-03	 2.4473E-04
 1.4800E+02	 1.8880E-03	 2.5343E-04
 1.4900E+02	 1.8897E-03	 2.6231E-04
 1.5000E+02	 1.8914E-03	 2.7137E-04
 1.5100E+02	 1.8930E-03	 2.8062E-04
 1.5200E+02	 1.8947E-03	 2.9005E-04
 1.5300E+02	 1.8963E-03	 2.9967E-04
 1.5400E+02	 1.8980E-03	 3.0947E-04
 1.5500E+02	 1.8997E-03	 3.1945E-04
 1.5600E+02	 1.9014E-03	 3.2962E-04
 1.5700E+02	 1.9030E-03	 3.3998E-04
 1.5800E+02	 1.9047E-03	 3.5052E-04
 1.5900E+02	 1.9064E-03	 3.6125E-04
 1.6000E+02	 1.9080E-03	 3.7216E-04
 1.6100E+02	 1.9097E-03	 3.8325E-04
 1.6200E+02	 1.9114E-03	 3.9453E-04
 1.6300E+02	 1.9131E-03	 4.0599E-04
 1.6400E+02	 1.9148E-03	 4.1764E-04
 1.6500E+02	 1.9164E-03	 4.2947E-04
 1.6600E+02	 1.9181E-03	 4.4148E-04
 1.6700E+02	 1.9198E-03	 4.5368E-04
 1.6800E+02	 1.9215E-03	 4.6605E-04
 1.6900E+02	 1.9232E-03	 4.7861E-04
 1.7000E+02	 1.9249E-03	 4.9135E-04
 1.7100E+02	 1.9265E-03	 5.0428E-04
 1.7200E+02	 1.9282E-03	 5.1738E-04
 1.7300E+02	 1.9299E-03	 5.3066E-04
 1.7400E+02	 1.9316E-03	 5.4412E-04
 1.7500E+02	 1.9333E-03	 5.5775E-04
 1.7600E+02	 1.9350E-03	 5.7157E-04
 1.7700E+02	 1.9367E-03	 5.8556E-04
 1.7800E+02	 1.9384E-03	 5.9973E-04
 1.7900E+02	 1.9401E-03	 6.1407E-04
 1.8000E+02	 1.9418E-03	 6.2858E-04
 1.8100E+02	 1.9435E-03	 6.4327E-04
 1.8200E+02	 1.9452E-03	 6.5814E-04
 1.8300E+02	 1.9469E-03	 6.7317E-04
 1.8400E+02	 1.9486E-03	 6.8837E-04
 1.8500E+02	 1.9503E-03	 7.0375E-04
 1.8600E+02	 1.9520E-03	 7.1929E-04
 1.8700E+02	 1.9537E-03	 7.3500E-04
 1.8800E+02	 1.9554E-03	 7.5087E-04
 1.8900E+02	 1.9571E-03	 7.6692E-04
 1.9000E+02	 1.9588E-03	 7.8312E-04
 1.9100E+02	 1.9605E-03	 7.9949E-04
 1.9200E+02	 1.9623E-03	 8.1602E-04
 1.9300E+02	 1.9640E-03	 8.3272E-04
 1.9400E+02	 1.9657E-03	 8.4957E-04
 1.9500E+02	 1.9674E-03	 8.6658E-04
 1.9600E+02	 1.9691E-03	 8.8376E-04
 1.9700E+02	 1.9708E-03	 9.0108E-04
 1.9800E+02	 1.9725E-03	 9.1857E-04
 1.9900E+02	 1.9743E-03	 9.3620E-04
 2.0000E+02	 1.9760E-03	 9.5400E-04
 2.0100E+02	 1.9777E-03	 9.7194E-04
 2.0200E+02	 1.9794E-03	 9.9003E-04
 2.0300E+02	 1.9811E-03	 1.0083E-03
 2.0400E+02	 1.9829E-03	 1.0267E-03
 2.0500E+02	 1.9846E-03	 1.0452E-03
 2.0600E+02	 1.9863E-03	 1.0639E-03
 2.0700E+02	 1.9880E-03	 1.0827E-03
 2.0800E+02	 1.9898E-03	 1.1017E-03
 2.0900E+02	 1.9915E-03	 1.1208E-03
 2.1000E+02	 1.9932E-03	 1.1401E-03
 2.1100E+02	 1.9950E-03	 1.1595E-03
 2.1200E+02	 1.9967E-03	 1.1790E-03
 2.1300E+02	 1.9984E-03	 1.1987E-03
 2.1400E+02	 2.0002E-03	 1.2185E-03
 2.1500E+02	 2.0019E-03	 1.2384E-03
 2.1600E+02	 2.0036E-03	 1.2585E-03
 2.1700E+02	 2.0054E-03	 1.2787E-03
 2.1800E+02	 2.0071E-03	 1.2991E-03
 2.1900E+02	 2.0088E-03	 1.3195E-03
 2.2000E+02	 2.0106E-03	 1.3401E-03
 2.2100E+02	 2.0123E-03	 1.3608E-03
 2.2200E+02	 2.0140E-03	 1.3817E-03
 2.2300E+02	 2.0158E-03	 1.4027E-03
 2.2400E+02	 2.0175E-03	 1.4238E-03
 2.2500E+02	 2.0193E-03	 1.4450E-03
 2.2600E+02	 2.0210E-03	 1.4663E-03
 2.2700E+02	 2.0228E-03	 1.4878E-03
 2.2800E+02	 2.0245E-03	 1.5094E-03
 2.2900E+02	 2.0262E-03	 1.5311E-03
 2.3000E+02	 2.0280E-03	 1.5529E-03
 2.3100E+02	 2.0297E-03	 1.5748E-03
 2.3200E+02	 2.0315E-03	 1.5968E-03
 2.3300E+02	 2.0332E-03	 1.6190E-03
 2.3400E+02	 2.0350E-03	 1.6412E-03
 2.3500E+02	 2.0367E-03	 1.6636E-03
 2.3600E+02	 2.0385E-03	 1.6861E-03
 2.3700E+02	 2.0402E-03	 1.7087E-03
 2.3800E+02	 2.0420E-03	 1.7314E-03
 2.3900E+02	 2.0438E-03	 1.7541E-03
 2.4000E+02	 2.0455E-03	 1.7770E-03
 2.4100E+02	 2.0473E-03	 1.8000E-03
 2.4200E+02	 2.0490E-03	 1.8231E-03
 2.4300E+02	 2.0508E-03	 1.8463E-03
 2.4400E+02	 2.0525E-03	 1.8696E-03
 2.4500E+02	 2.0543E-03	 1.8930E-03
 2.4600E+02	 2.0560E-03	 1.9165E-03
 2.4700E+02	 2.0578E-03	 1.9401E-03
 2.4800E+02	 2.0596E-03	 1.9638E-03
 2.4900E+02	 2.0613E-03	 1.9875E-03
 2.5000E+02	 2.0631E-03	 2.0114E-03
 2.5100E+02	 2.0648E-03	 2.0353E-03
 2.5200E+02	 2.0666E-03	 2.0594E-03
 2.5300E+02	 2.0684E-03	 2.0835E-03
 2.5400E+02	 2.0701E-03	 2.1077E-03
 2.5500E+02	 2.0719E-03	 2.1320E-03
 2.5600E+02	 2.0737E-03	 2.1564E-03
 2.5700E+02	 2.0754E-03	 2.1808E-03
 2.5800E+02	 2.0772E-03	 2.2054E-03
 2.5900E+02	 2.0790E-03	 2.2300E-03
 2.6000E+02	 2.0807E-03	 2.2547E-03
 2.6100E+02	 2.0825E-03	 2.2794E-03
 2.6200E+02	 2.0843E-03	 2.3043E-03
 2.6300E+02	 2.0860E-03	 2.3292E-03
 2.6400E+02	 2.0878E-03	 2.3542E-03
 2.6500E+02	 2.0896E-03	 2.3793E-03
 2.6600E+02	 2.0913E-03	 2.4045E-03
 2.6700E+02	 2.0931E-03	 2.4297E-03
 2.6800E+02	 2.0949E-03	 2.4550E-03
 2.6900E+02	 2.0966E-03	 2.4804E-03
 2.7000E+02	 2.0984E-03	 2.5058E-03
 2.7100E+02	 2.1002E-03	 2.5313E-03
 2.7200E+02	 2.1020E-03	 2.5569E-03
 2.7300E+02	 2.1037E-03	 2.5825E-03
 2.7400E+02	 2.1055E-03	 2.6082E-03
 2.7500E+02	 2.1073E-03	 2.6339E-03
 2.7600E+02	 2.1090E-03	 2.6598E-03
 2.7700E+02	 2.1108E-03	 2.6856E-03
 2.7800E+02	 2.1126E-03	 2.7116E-03
 2.7900E+02	 2.1144E-03	 2.7376E-03
 2.8000E+02	 2.1161E-03	 2.7636E-03
 2.8100E+02	 2.1179E-03	 2.7898E-03
 2.8200E+02	 2.1197E-03	 2.8159E-03
 2.8300E+02	 2.1215E-03	 2.8422E-03
 2.8400E+02	 2.1233E-03	 2.8685E-03
 2.8500E+02	 2.1250E-03	 2.8948E-03
 2.8600E+02	 2.1268E-03	 2.9212E-03
 2.8700E+02	 2.1286E-03	 2.9476E-03
 2.8800E+02	 2.1304E-03	 2.9741E-03
 2.8900E+02	 2.1321E-03	 3.0007E-03
 2.9000E+02	 2.1339E-03	 3.0273E-03
 2.9100E+02	 2.1357E-03	 3.0539E-03
 2.9200E+02	 2.1375E-03	 3.0806E-03
 2.9300E+02	 2.1393E-03	 3.1073E-03
 2.9400E+02	 2.1410E-03	 3.1341E-03
 2.9500E+02	 2.1428E-03	 3.1609E-03
 2.9600E+02	 2.1446E-03	 3.1878E-03
 2.9700E+02	 2.1464E-03	 3.2147E-03
 2.9800E+02	 2.1482E-03	 3.2417E-03
 2.9900E+02	 2.1500E-03	 3.2687E-03
 3.0000E+02	 2.1517E-03	 3.2957E-03
 3.0100E+02	 2.1535E-03	 3.3228E-03
 3.0200E+02	 2.1553E-03	 3.3499E-03
 3.0300E+02	 2.1571E-03	 3.3771E-03
 3.0400E+02	 2.1589E-03	 3.4043E-03
 3.0500E+02	 2.1607E-03	 3.4315E-03
 3.0600E+02	 2.1624E-03	 3.4588E-03
 3.0700E+02	 2.1642E-03	 3.4861E-03
 3.0800E+02	 2.1660E-03	 3.5134E-03
 3.0900E+02	 2.1678E-03	 3.5408E-03
 3.1000E+02	 2.1696E-03	 3.5682E-03
 3.1100E+02	 2.1714E-03	 3.5956E-03
 3.1200E+02	 2.1732E-03	 3.6231E-03
 3.1300E+02	 2.1750E-03	 3.6506E-03
 3.1400E+02	 2.1767E-03	 3.6781E-03
 3.1500E+02	 2.1785E-03	 3.7057E-03
 3.1600E+02	 2.1803E-03	 3.7333E-03
 3.1700E+02	 2.1821E-03	 3.7609E-03
 3.1800E+02	 2.1839E-03	 3.7885E-03
 3.1900E+02	 2.1857E-03	 3.8162E-03
 3.2000E+02	 2.1875E-03	 3.8439E-03
 3.2100E+02	 2.1893E-03	 3.8716E-03
 3.2200E+02	 2.1911E-03	 3.8994E-03
 3.2300E+02	 2.1929E-03	 3.9271E-03
 3.2400E+02	 2.1946E-03	 3.9549E-03
 3.2500E+02	 2.1964E-03	 3.9828E-03
 3.2600E+02	 2.1982E-03	 4.0106E-03
 3.2700E+02	 2.2000E-03	 4.0385E-03
 3.2800E+02	 2.2018E-03	 4.0663E-03
 3.2900E+02	 2.2036E-03	 4.0942E-03
 3.3000E+02	 2.2054E-03	 4.1222E-03
 3.3100E+02	 2.2072E-03	 4.1501E-03
 3.3200E+02	 2.2090E-03	 4.1781E-03
 3.3300E+02	 2.2108E-03	 4.2060E-03
 3.3400E+02	 2.2126E-03	 4.2340E-03
 3.3500E+02	 2.2144E-03	 4.2620E-03
 3.3600E+02	 2.2162E-03	 4.2901E-03
 3.3700E+02	 2.2180E-03	 4.3181E-03
 3.3800E+02	 2.2198E-03	 4.3462E-03
 3.3900E+02	 2.2215E-03	 4.3742E-03
 3.4000E+02	 2.2233E-03	 4.4023E-03
 3.4100E+02	 2.2251E-03	 4.4304E-03
 3.4200E+02	 2.2269E-03	 4.4585E-03
 3.4300E+02	 2.2287E-03	 4.4867E-03
 3.4400E+02	 2.2305E-03	 4.5148E-03
 3.4500E+02	 2.2323E-03	 4.5430E-03
 3.4600E+02	 2.2341E-03	 4.5711E-03
 3.4700E+02	 2.2359E-03	 4.5993E-03
 3.4800E+02	 2.2377E-03	 4.6275E-03
 3.4900E+02	 2.2395E-03	 4.6557E-03
 3.5000E+02	 2.2413E-03	 4.6839E-03
 3.5100E+02	 2.2431E-03	 4.7121E-03
 3.5200E+02	 2.2449E-03	 4.7403E-03
 3.5300E+02	 2.2467E-03	 4.7685E-03
 3.5400E+02	 2.2485E-03	 4.7967E-03
 3.5500E+02	 2.2503E-03	 4.8250E-03
 3.5600E+02	 2.2521E-03	 4.8532E-03
 3.5700E+02	 2.2539E-03	 4.8815E-03
 3.5800E+02	 2.2557E-03	 4.9097E-03
 3.5900E+02	 2.2575E-03	 4.9380E-03
 3.6000E+02	 2.2593E-03	 4.9662E-03
 3.6100E+02	 2.2611E-03	 4.9945E-03
 3.6200E+02	 2.2629E-03	 5.0228E-03
 3.6300E+02	 2.2647E-03	 5.0511E-03
 3.6400E+02	 2.2665E-03	 5.0793E-03
 3.6500E+02	 2.2683E-03	 5.1076E-03
 3.6600E+02	 2.2701E-03	 5.1359E-03
 3.6700E+02	 2.2719E-03	 5.1642E-03
 3.6800E+02	 2.2737E-03	 5.1925E-03
 3.6900E+02	 2.2755E-03	 5.2207E-03
 3.7000E+02	 2.2773E-03	 5.2490E-03
 3.7100E+02	 2.2791E-03	 5.2773E-03
 3.7200E+02	 2.2809E-03	 5.3056E-03
 3.7300E+02	 2.2827E-03	 5.3339E-03
 3.7400E+02	 2.2845E-03	 5.3622E-03
 3.7500E+02	 2.2863E-03	 5.3904E-03
 3.7600E+02	 2.2881E-03	 5.4187E-03
 3.7700E+02	 2.2899E-03	 5.4470E-03
 3.7800E+02	 2.2917E-03	 5.4753E-03
 3.7900E+02	 2.2935E-03	 5.5035E-03
 3.8000E+02	 2.2953E-03	 5.5318E-03
 3.8100E+02	 2.2971E-03	 5.5601E-03
 3.8200E+02	 2.2990E-03	 5.5883E-03
 3.8300E+02	 2.3008E-03	 5.6166E-03
 3.8400E+02	 2.3026E-03	 5.6448E-03
 3.8500E+02	 2.3044E-03	 5.6731E-03
 3.8600E+02	 2.3062E-03	 5.7013E-03
 3.8700E+02	 2.3080E-03	 5.7295E-03
 3.8800E+02	 2.3098E-03	 5.7578E-03
 3.8900E+02	 2.3116E-03	 5.7860E-03
 3.9000E+02	 2.3134E-03	 5.8142E-03
 3.9100E+02	 2.3152E-03	 5.8424E-03
 3.9200E+02	 2.3170E-03	 5.8706E-03
 3.9300E+02	 2.3188E-03	 5.8988E-03
 3.9400E+02	 2.3206E-03	 5.9270E-03
 3.9500E+02	 2.3224E-03	 5.9551E-03
 3.9600E+02	 2.3242E-03	 5.9833E-03
 3.9700E+02	 2.3260E-03	 6.0115E-03
 3.9800E+02	 2.3278E-03	 6.0396E-03
 3.9900E+02	 2.3296E-03	 6.0678E-03
 4.0000E+02	 2.3314E-03	 6.0959E-03
 4.0100E+02	 2.3332E-03	 6.1240E-03
 4.0200E+02	 2.3350E-03	 6.1521E-03
 4.0300E+02	 2.3368E-03	 6.1802E-03
 4.0400E+02	 2.3386E-03	 6.2083E-03
 4.0500E+02	 2.3405E-03	 6.2364E-03
 4.0600E+02	 2.3423E-03	 6.2645E-03
 4.0700E+02	 2.3441E-03	 6.2925E-03
 4.0800E+02	 2.3459E-03	 6.3206E-03
 4.0900E+02	 2.3477E-03	 6.3486E-03
 4.1000E+02	 2.3495E-03	 6.3766E-03
 4.1100E+02	 2.3513E-03	 6.4046E-03
 4.1200E+02	 2.3531E-03	 6.4326E-03
 4.1300E+02	 2.3549E-03	 6.4606E-03
 4.1400E+02	 2.3567E-03	 6.4886E-03
 4.1500E+02	 2.3585E-03	 6.5165E-03
 4.1600E+02	 2.3603E-03	 6.5445E-03
 4.1700E+02	 2.3621E-03	 6.5724E-03
 4.1800E+02	 2.3639E-03	 6.6003E-03
 4.1900E+02	 2.3657E-03	 6.6282E-03
 4.2000E+02	 2.3675E-03	 6.6561E-03
 4.2100E+02	 2.3693E-03	 6.6840E-03
 4.2200E+02	 2.3711E-03	 6.7118E-03
 4.2300E+02	 2.3730E-03	 6.7397E-03
 4.2400E+02	 2.3748E-03	 6.7675E-03
 4.2500E+02	 2.3766E-03	 6.7953E-03
 4.2600E+02	 2.3784E-03	 6.8231E-03
 4.2700E+02	 2.3802E-03	 6.8509E-03
 4.2800E+02	 2.3820E-03	 6.8787E-03
 4.2900E+02	 2.3838E-03	 6.9064E-03
 4.3000E+02	 2.3856E-03	 6.9342E-03
 4.3100E+02	 2.3874E-03	 6.9619E-03
 4.3200E+02	 2.3892E-03	 6.9896E-03
 4.3300E+02	 2.3910E-03	 7.0173E-03
 4.3400E+02	 2.3928E-03	 7.0449E-03
 4.3500E+02	 2.3946E-03	 7.0726E-03
 4.3600E+02	 2.3964E-03	 7.1002E-03
 4.3700E+02	 2.3982E-03	 7.1278E-03
 4.3800E+02	 2.4000E-03	 7.1554E-03
 4.3900E+02	 2.4019E-03	 7.1830E-03
 4.4000E+02	 2.4037E-03	 7.2106E-03
 4.4100E+02	 2.4055E-03	 7.2381E-03
 4.4200E+02	 2.4073E-03	 7.2656E-03
 4.4300E+02	 2.4091E-03	 7.2932E-03
 4.4400E+02	 2.4109E-03	 7.3206E-03
 4.4500E+02	 2.4127E-03	 7.3481E-03
 4.4600E+02	 2.4145E-03	 7.3756E-03
 4.4700E+02	 2.4163E-03	 7.4030E-03
 4.4800E+02	 2.4181E-03	 7.4304E-03
 4.4900E+02	 2.4199E-03	 7.4578E-03
 4.5000E+02	 2.4217E-03	 7.4852E-03
 4.5100E+02	 2.4235E-03	 7.5125E-03
 4.5200E+02	 2.4253E-03	 7.5399E-03
 4.5300E+02	 2.4271E-03	 7.5672E-03
 4.5400E+02	 2.4289E-03	 7.5945E-03
 4.5500E+02	 2.4307E-03	 7.6218E-03
 4.5600E+02	 2.4325E-03	 7.6490E-03
 4.5700E+02	 2.4344E-03	 7.6763E-03
 4.5800E+02	 2.4362E-03	 7.7035E-03
 4.5900E+02	 2.4380E-03	 7.7307E-03
 4.6000E+02	 2.4398E-03	 7.7578E-03
 4.6100E+02	 2.4416E-03	 7.7850E-03
 4.6200E+02	 2.4434E-03	 7.8121E-03
 4.6300E+02	 2.4452E-03	 7.8392E-03
 4.6400E+02	 2.4470E-03	 7.8663E-03
 4.6500E+02	 2.4488E-03	 7.8934E-03
 4.6600E+02	 2.4506E-03	 7.9204E-03
 4.6700E+02	 2.4524E-03	 7.9474E-03
 4.6800E+02	 2.4542E-03	 7.9744E-03
 4.6900E+02	 2.4560E-03	 8.0014E-03
 4.7000E+02	 2.4578E-03	 8.0284E-03
 4.7100E+02	 2.4596E-03	 8.0553E-03
 4.7200E+02	 2.4614E-03	 8.0822E-03
 4.7300E+02	 2.4632E-03	 8.1091E-03
 4.7400E+02	 2.4650E-03	 8.1360E-03
 4.7500E+02	 2.4668E-03	 8.1628E-03
 4.7600E+02	 2.4686E-03	 8.1896E-03
 4.7700E+02	 2.4704E-03	 8.2164E-03
 4.7800E+02	 2.4722E-03	 8.2432E-03
 4.7900E+02	 2.4740E-03	 8.2700E-03
 4.8000E+02	 2.4758E-03	 8.2967E-03
 4.8100E+02	 2.4776E-03	 8.3234E-03
 4.8200E+02	 2.4794E-03	 8.3501E-03
 4.8300E+02	 2.4812E-03	 8.3767E-03
 4.8400E+02	 2.4830E-03	 8.4034E-03
 4.8500E+02	 2.4848E-03	 8.4300E-03
 4.8600E+02	 2.4866E-03	 8.4566E-03
 4.8700E+02	 2.4884E-03	 8.4832E-03
 4.8800E+02	 2.4902E-03	 8.5097E-03
 4.8900E+02	 2.4920E-03	 8.5362E-03
 4.9000E+02	 2.4938E-03	 8.5627E-03
 4.9100E+02	 2.4956E-03	 8.5892E-03
 4.9200E+02	 2.4974E-03	 8.6156E-03
 4.9300E+02	 2.4992E-03	 8.6421E-03
 4.9400E+02	 2.5010E-03	 8.6685E-03
 4.9500E+02	 2.5028E-03	 8.6948E-03
 4.9600E+02	 2.5046E-03	 8.7212E-03
 4.9700E+02	 2.5064E-03	 8.7475E-03
 4.9800E+02	 2.5082E-03	 8.7738E-03
 4.9900E+02	 2.5100E-03	 8.8001E-03
 5.0000E+02	 2.5118E-03	 8.8264E-03
 5.0100E+02	 2.5136E-03	 8.8526E-03
 5.0200E+02	 2.5154E-03	 8.8788E-03
 5.0300E+02	 2.5172E-03	 8.9050E-03
 5.0400E+02	 2.5190E-03	 8.9311E-03
 5.0500E+02	 2.5208E-03	 8.9573E-03
 5.0600E+02	 2.5226E-03	 8.9834E-03
 5.0700E+02	 2.5244E-03	 9.0095E-03
 5.0800E+02	 2.5262E-03	 9.0355E-03
 5.0900E+02	 2.5280E-03	 9.0616E-03
 5.1000E+02	 2.5298E-03	 9.0876E-03
 5.1100E+02	 2.5291E-03	 9.1045E-03
 5.1200E+02	 2.5309E-03	 9.1304E-03
 5.1300E+02	 2.5326E-03	 9.1563E-03
 5.1400E+02	 2.5344E-03	 9.1821E-03
 5.1500E+02	 2.5362E-03	 9.2080E-03
 5.1600E+02	 2.5380E-03	 9.2338E-03
 5.1700E+02	 2.5398E-03	 9.2595E-03
 5.1800E+02	 2.5416E-03	 9.2853E-03
 5.1900E+02	 2.5434E-03	 9.3110E-03
 5.2000E+02	 2.5452E-03	 9.3367E-03
 5.2100E+02	 2.5469E-03	 9.3624E-03
 5.2200E+02	 2.5487E-03	 9.3881E-03
 5.2300E+02	 2.5505E-03	 9.4137E-03
 5.2400E+02	 2.5523E-03	 9.4393E-03
 5.2500E+02	 2.5541E-03	 9.4649E-03
 5.2600E+02	 2.5559E-03	 9.4905E-03
 5.2700E+02	 2.5577E-03	 9.5160E-03
 5.2800E+02	 2.5594E-03	 9.5415E-03
 5.2900E+02	 2.5612E-03	 9.5670E-03
 5.3000E+02	 2.5630E-03	 9.5924E-03
 5.3100E+02	 2.5648E-03	 9.6179E-03
 5.3200E+02	 2.5666E-03	 9.6433E-03
 5.3300E+02	 2.5684E-03	 9.6686E-03
 5.3400E+02	 2.5702E-03	 9.6940E-03
 5.3500E+02	 2.5719E-03	 9.7193E-03
 5.3600E+02	 2.5737E-03	 9.7446E-03
 5.3700E+02	 2.5755E-03	 9.7699E-03
 5.3800E+02	 2.5773E-03	 9.7951E-03
 5.3900E+02	 2.5791E-03	 9.8203E-03
 5.4000E+02	 2.5809E-03	 9.8455E-03
 5.4100E+02	 2.5826E-03	 9.8707E-03
 5.4200E+02	 2.5844E-03	 9.8959E-03
 5.4300E+02	 2.5862E-03	 9.9210E-03
 5.4400E+02	 2.5880E-03	 9.9461E-03
 5.4500E+02	 2.5898E-03	 9.9711E-03
 5.4600E+02	 2.5916E-03	 9.9962E-03
 5.4700E+02	 2.5933E-03	 1.0021E-02
 5.4800E+02	 2.5951E-03	 1.0046E-02
 5.4900E+02	 2.5969E-03	 1.0071E-02
 5.5000E+02	 2.5987E-03	 1.0096E-02
 5.5100E+02	 2.6005E-03	 1.0121E-02
 5.5200E+02	 2.6022E-03	 1.0146E-02
 5.5300E+02	 2.6040E-03	 1.0171E-02
 5.5400E+02	 2.6058E-03	 1.0196E-02
 5.5500E+02	 2.6076E-03	 1.0220E-02
 5.5600E+02	 2.6094E-03	 1.0245E-02
 5.5700E+02	 2.6111E-03	 1.0270E-02
 5.5800E+02	 2.6129E-03	 1.0295E-02
 5.5900E+02	 2.6147E-03	 1.0319E-02
 5.6000E+02	 2.6165E-03	 1.0344E-02
 5.6100E+02	 2.6183E-03	 1.0369E-02
 5.6200E+02	 2.6200E-03	 1.0393E-02
 5.6300E+02	 2.6218E-03	 1.0418E-02
 5.6400E+02	 2.6236E-03	 1.0442E-02
 5.6500E+02	 2.6254E-03	 1.0467E-02
 5.6600E+02	 2.6271E-03	 1.0491E-02
 5.6700E+02	 2.6289E-03	 1.0516E-02
 5.6800E+02	 2.6307E-03	 1.0540E-02
 5.6900E+02	 2.6325E-03	 1.0565E-02
 5.7000E+02	 2.6343E-03	 1.0589E-02
 5.7100E+02	 2.6360E-03	 1.0614E-02
 5.7200E+02	 2.6378E-03	 1.0638E-02
 5.7300E+02	 2.6396E-03	 1.0662E-02
 5.7400E+02	 2.6414E-03	 1.0687E-02
 5.7500E+02	 2.6431E-03	 1.0711E-02
 5.7600E+02	 2.6449E-03	 1.0735E-02
 5.7700E+02	 2.6467E-03	 1.0759E-02
 5.7800E+02	 2.6485E-03	 1.0784E-02
 5.7900E+02	 2.6502E-03	 1.0808E-02
 5.8000E+02	 2.6520E-03	 1.0832E-02
 5.8100E+02	 2.6538E-03	 1.0856E-02
 5.8200E+02	 2.6556E-03	 1.0880E-02
 5.8300E+02	 2.6573E-03	 1.0904E-02
 5.8400E+02	 2.6591E-03	 1.0928E-02
 5.8500E+02	 2.6609E-03	 1.0952E-02
 5.8600E+02	 2.6626E-03	 1.0976E-02
 5.8700E+02	 2.6644E-03	 1.1000E-02
 5.8800E+02	 2.6662E-03	 1.1024E-02
 5.8900E+02	 2.6680E-03	 1.1048E-02
 5.9000E+02	 2.6697E-03	 1.1072E-02
 5.9100E+02	 2.6715E-03	 1.1096E-02
 5.9200E+02	 2.6733E-03	 1.1119E-02
 5.9300E+02	 2.6751E-03	 1.1143E-02
 5.9400E+02	 2.6768E-03	 1.1167E-02
 5.9500E+02	 2.6786E-03	 1.1191E-02
 5.9600E+02	 2.6804E-03	 1.1215E-02
 5.9700E+02	 2.6821E-03	 1.1238E-02
 5.9800E+02	 2.6839E-03	 1.1262E-02
 5.9900E+02	 2.6857E-03	 1.1286E-02


