#     0	 1	   10	 1	 8.0028E+02	  500	1
 1.0000E+02	 8.2258E-03	 1.1021E-04
 1.0100E+02	 8.2270E-03	 1.1872E-04
 1.0200E+02	 8.2281E-03	 1.2770E-04
 1.0300E+02	 8.2292E-03	 1.3715E-04
 1.0400E+02	 8.2303E-03	 1.4710E-04
 1.0500E+02	 8.2314E-03	 1.5755E-04
 1.0600E+02	 8.2325E-03	 1.6852E-04
 1.0700E+02	 8.2336E-03	 1.8001E-04
 1.0800E+02	 8.2347E-03	 1.9205E-04
 1.0900E+02	 8.2358E-03	 2.0465E-04
 1.1000E+02	 8.2369E-03	 2.1780E-04
 1.1100E+02	 8.2380E-03	 2.3154E-04
 1.1200E+02	 8.2391E-03	 2.4586E-04
 1.1300E+02	 8.2402E-03	 2.6078E-04
 1.1400E+02	 8.2413E-03	 2.7631E-04
 1.1500E+02	 8.2424E-03	 2.9246E-04
 1.1600E+02	 8.2435E-03	 3.0925E-04
 1.1700E+02	 8.2445E-03	 3.2667E-04
 1.1800E+02	 8.2456E-03	 3.4474E-04
 1.1900E+02	 8.2467E-03	 3.6347E-04
 1.2000E+02	 8.2478E-03	 3.8286E-04
 1.2100E+02	 8.2488E-03	 4.0293E-04
 1.2200E+02	 8.2499E-03	 4.2369E-04
 1.2300E+02	 8.2510E-03	 4.4513E-04
 1.2400E+02	 8.2520E-03	 4.6728E-04
 1.2500E+02	 8.2531E-03	 4.9013E-04
 1.2600E+02	 8.2541E-03	 5.1369E-04
 1.2700E+02	 8.2552E-03	 5.3798E-04
 1.2800E+02	 8.2563E-03	 5.6298E-04
 1.2900E+02	 8.2573E-03	 5.8872E-04
 1.3000E+02	 8.2584E-03	 6.1519E-04
 1.3100E+02	 8.2594E-03	 6.4241E-04
 1.3200E+02	 8.2605E-03	 6.7037E-04
 1.3300E+02	 8.2615E-03	 6.9908E-04
 1.3400E+02	 8.2625E-03	 7.2855E-04
 1.3500E+02	 8.2636E-03	 7.5877E-04
 1.3600E+02	 8.2646E-03	 7.8976E-04
 1.3700E+02	 8.2656E-03	 8.2150E-04
 1.3800E+02	 8.2667E-03	 8.5402E-04
 1.3900E+02	 8.2677E-03	 8.8731E-04
 1.4000E+02	 8.2687E-03	 9.2136E-04
 1.4100E+02	 8.2698E-03	 9.5619E-04
 1.4200E+02	 8.2708E-03	 9.9180E-04
 1.4300E+02	 8.2718E-03	 1.0282E-03
 1.4400E+02	 8.2728E-03	 1.0653E-03
 1.4500E+02	 8.2738E-03	 1.1033E-03
 1.4600E+02	 8.2748E-03	 1.1420E-03
 1.4700E+02	 8.2759E-03	 1.1815E-03
 1.4800E+02	 8.2769E-03	 1.2218E-03
 1.4900E+02	 8.2779E-03	 1.2628E-03
 1.5000E+02	 8.2789E-03	 1.3046E-03
 1.5100E+02	 8.2799E-03	 1.3472E-03
 1.5200E+02	 8.2809E-03	 1.3906E-03
 1.5300E+02	 8.2819E-03	 1.4347E-03
 1.5400E+02	 8.2829E-03	 1.4797E-03
 1.5500E+02	 8.2839E-03	 1.5254E-03
 1.5600E+02	 8.2849E-03	 1.5718E-03
 1.5700E+02	 8.2859E-03	 1.6190E-03
 1.5800E+02	 8.2869E-03	 1.6670E-03
 1.5900E+02	 8.2878E-03	 1.7158E-03
 1.6000E+02	 8.2888E-03	 1.7653E-03
 1.6100E+02	 8.2898E-03	 1.8155E-03
 1.6200E+02	 8.2908E-03	 1.8665E-03
 1.6300E+02	 8.2918E-03	 1.9183E-03
 1.6400E+02	 8.2927E-03	 1.9708E-03
 1.6500E+02	 8.2937E-03	 2.0240E-03
 1.6600E+02	 8.2947E-03	 2.0780E-03
 1.6700E+02	 8.2957E-03	 2.1327E-03
 1.6800E+02	 8.2966E-03	 2.1881E-03
 1.6900E+02	 8.2976E-03	 2.2442E-03
 1.7000E+02	 8.2986E-03	 2.3011E-03
 1.7100E+02	 8.2995E-03	 2.3587E-03
 1.7200E+02	 8.3005E-03	 2.4169E-03
 1.7300E+02	 8.3014E-03	 2.4759E-03
 1.7400E+02	 8.3024E-03	 2.5356E-03
 1.7500E+02	 8.3034E-03	 2.5960E-03
 1.7600E+02	 8.3043E-03	 2.6570E-03
 1.7700E+02	 8.3053E-03	 2.7188E-03
 1.7800E+02	 8.3062E-03	 2.7812E-03
 1.7900E+02	 8.3072E-03	 2.8443E-03
 1.8000E+02	 8.3081E-03	 2.9080E-03
 1.8100E+02	 8.3091E-03	 2.9725E-03
 1.8200E+02	 8.3100E-03	 3.0375E-03
 1.8300E+02	 8.3109E-03	 3.1032E-03
 1.8400E+02	 8.3119E-03	 3.1696E-03
 1.8500E+02	 8.3128E-03	 3.2366E-03
 1.8600E+02	 8.3137E-03	 3.3042E-03
 1.8700E+02	 8.3147E-03	 3.3724E-03
 1.8800E+02	 8.3156E-03	 3.4412E-03
 1.8900E+02	 8.3165E-03	 3.5107E-03
 1.9000E+02	 8.3175E-03	 3.5807E-03
 1.9100E+02	 8.3184E-03	 3.6514E-03
 1.9200E+02	 8.3193E-03	 3.7226E-03
 1.9300E+02	 8.3202E-03	 3.7945E-03
 1.9400E+02	 8.3212E-03	 3.8669E-03
 1.9500E+02	 8.3221E-03	 3.9398E-03
 1.9600E+02	 8.3230E-03	 4.0134E-03
 1.9700E+02	 8.3239E-03	 4.0875E-03
 1.9800E+02	 8.3248E-03	 4.1621E-03
 1.9900E+02	 8.3257E-03	 4.2373E-03
 2.0000E+02	 8.3266E-03	 4.3130E-03
 2.0100E+02	 8.3276E-03	 4.3892E-03
 2.0200E+02	 8.3285E-03	 4.4660E-03
 2.0300E+02	 8.3294E-03	 4.5433E-03
 2.0400E+02	 8.3303E-03	 4.6210E-03
 2.0500E+02	 8.3312E-03	 4.6993E-03
 2.0600E+02	 8.3321E-03	 4.7781E-03
 2.0700E+02	 8.3330E-03	 4.8574E-03
 2.0800E+02	 8.3339E-03	 4.9371E-03
 2.0900E+02	 8.3348E-03	 5.0174E-03
 2.1000E+02	 8.3357E-03	 5.0981E-03
 2.1100E+02	 8.3366E-03	 5.1792E-03
 2.1200E+02	 8.3374E-03	 5.2608E-03
 2.1300E+02	 8.3383E-03	 5.3429E-03
 2.1400E+02	 8.3392E-03	 5.4253E-03
 2.1500E+02	 8.3401E-03	 5.5083E-03
 2.1600E+02	 8.3410E-03	 5.5916E-03
 2.1700E+02	 8.3419E-03	 5.6754E-03
 2.1800E+02	 8.3427E-03	 5.7596E-03
 2.1900E+02	 8.3436E-03	 5.8442E-03
 2.2000E+02	 8.3445E-03	 5.9291E-03
 2.2100E+02	 8.3454E-03	 6.0145E-03
 2.2200E+02	 8.3463E-03	 6.1003E-03
 2.2300E+02	 8.3471E-03	 6.1864E-03
 2.2400E+02	 8.3480E-03	 6.2730E-03
 2.2500E+02	 8.3489E-03	 6.3598E-03
 2.2600E+02	 8.3497E-03	 6.4471E-03
 2.2700E+02	 8.3506E-03	 6.5347E-03
 2.2800E+02	 8.3515E-03	 6.6226E-03
 2.2900E+02	 8.3523E-03	 6.7109E-03
 2.3000E+02	 8.3532E-03	 6.7995E-03
 2.3100E+02	 8.3541E-03	 6.8885E-03
 2.3200E+02	 8.3549E-03	 6.9777E-03
 2.3300E+02	 8.3558E-03	 7.0673E-03
 2.3400E+02	 8.3566E-03	 7.1572E-03
 2.3500E+02	 8.3575E-03	 7.2474E-03
 2.3600E+02	 8.3583E-03	 7.3379E-03
 2.3700E+02	 8.3592E-03	 7.4287E-03
 2.3800E+02	 8.3600E-03	 7.5198E-03
 2.3900E+02	 8.3609E-03	 7.6111E-03
 2.4000E+02	 8.3617E-03	 7.7027E-03
 2.4100E+02	 8.3626E-03	 7.7946E-03
 2.4200E+02	 8.3634E-03	 7.8867E-03
 2.4300E+02	 8.3643E-03	 7.9791E-03
 2.4400E+02	 8.3651E-03	 8.0718E-03
 2.4500E+02	 8.3659E-03	 8.1647E-03
 2.4600E+02	 8.3668E-03	 8.2578E-03
 2.4700E+02	 8.3676E-03	 8.3512E-03
 2.4800E+02	 8.3685E-03	 8.4448E-03
 2.4900E+02	 8.3693E-03	 8.5386E-03
 2.5000E+02	 8.3701E-03	 8.6326E-03
 2.5100E+02	 8.3709E-03	 8.7268E-03
 2.5200E+02	 8.3718E-03	 8.8213E-03
 2.5300E+02	 8.3726E-03	 8.9159E-03
 2.5400E+02	 8.3734E-03	 9.0107E-03
 2.5500E+02	 8.3743E-03	 9.1057E-03
 2.5600E+02	 8.3751E-03	 9.2009E-03
 2.5700E+02	 8.3759E-03	 9.2963E-03
 2.5800E+02	 8.3767E-03	 9.3919E-03
 2.5900E+02	 8.3775E-03	 9.4876E-03
 2.6000E+02	 8.3784E-03	 9.5835E-03
 2.6100E+02	 8.3792E-03	 9.6795E-03
 2.6200E+02	 8.3800E-03	 9.7757E-03
 2.6300E+02	 8.3808E-03	 9.8720E-03
 2.6400E+02	 8.3816E-03	 9.9685E-03
 2.6500E+02	 8.3824E-03	 1.0065E-02
 2.6600E+02	 8.3832E-03	 1.0162E-02
 2.6700E+02	 8.3840E-03	 1.0259E-02
 2.6800E+02	 8.3848E-03	 1.0356E-02
 2.6900E+02	 8.3856E-03	 1.0453E-02
 2.7000E+02	 8.3864E-03	 1.0550E-02
 2.7100E+02	 8.3873E-03	 1.0647E-02
 2.7200E+02	 8.3881E-03	 1.0745E-02
 2.7300E+02	 8.3888E-03	 1.0842E-02
 2.7400E+02	 8.3896E-03	 1.0940E-02
 2.7500E+02	 8.3904E-03	 1.1038E-02
 2.7600E+02	 8.3912E-03	 1.1136E-02
 2.7700E+02	 8.3920E-03	 1.1234E-02
 2.7800E+02	 8.3928E-03	 1.1332E-02
 2.7900E+02	 8.3936E-03	 1.1430E-02
 2.8000E+02	 8.3944E-03	 1.1528E-02
 2.8100E+02	 8.3952E-03	 1.1626E-02
 2.8200E+02	 8.3960E-03	 1.1724E-02
 2.8300E+02	 8.3968E-03	 1.1823E-02
 2.8400E+02	 8.3976E-03	 1.1921E-02
 2.8500E+02	 8.3983E-03	 1.2019E-02
 2.8600E+02	 8.3991E-03	 1.2118E-02
 2.8700E+02	 8.3999E-03	 1.2216E-02
 2.8800E+02	 8.4007E-03	 1.2315E-02
 2.8900E+02	 8.4015E-03	 1.2413E-02
 2.9000E+02	 8.4022E-03	 1.2512E-02
 2.9100E+02	 8.4030E-03	 1.2611E-02
 2.9200E+02	 8.4038E-03	 1.2709E-02
 2.9300E+02	 8.4046E-03	 1.2808E-02
 2.9400E+02	 8.4053E-03	 1.2907E-02
 2.9500E+02	 8.4061E-03	 1.3006E-02
 2.9600E+02	 8.4069E-03	 1.3104E-02
 2.9700E+02	 8.4076E-03	 1.3203E-02
 2.9800E+02	 8.4084E-03	 1.3302E-02
 2.9900E+02	 8.4092E-03	 1.3401E-02
 3.0000E+02	 8.4099E-03	 1.3499E-02
 3.0100E+02	 8.4107E-03	 1.3598E-02
 3.0200E+02	 8.4115E-03	 1.3697E-02
 3.0300E+02	 8.4122E-03	 1.3796E-02
 3.0400E+02	 8.4130E-03	 1.3894E-02
 3.0500E+02	 8.4137E-03	 1.3993E-02
 3.0600E+02	 8.4145E-03	 1.4092E-02
 3.0700E+02	 8.4152E-03	 1.4191E-02
 3.0800E+02	 8.4160E-03	 1.4289E-02
 3.0900E+02	 8.4167E-03	 1.4388E-02
 3.1000E+02	 8.4175E-03	 1.4486E-02
 3.1100E+02	 8.4183E-03	 1.4585E-02
 3.1200E+02	 8.4190E-03	 1.4683E-02
 3.1300E+02	 8.4197E-03	 1.4782E-02
 3.1400E+02	 8.4205E-03	 1.4880E-02
 3.1500E+02	 8.4212E-03	 1.4979E-02
 3.1600E+02	 8.4220E-03	 1.5077E-02
 3.1700E+02	 8.4227E-03	 1.5175E-02
 3.1800E+02	 8.4235E-03	 1.5274E-02
 3.1900E+02	 8.4242E-03	 1.5372E-02
 3.2000E+02	 8.4250E-03	 1.5470E-02
 3.2100E+02	 8.4257E-03	 1.5568E-02
 3.2200E+02	 8.4264E-03	 1.5666E-02
 3.2300E+02	 8.4272E-03	 1.5764E-02
 3.2400E+02	 8.4279E-03	 1.5862E-02
 3.2500E+02	 8.4286E-03	 1.5959E-02
 3.2600E+02	 8.4294E-03	 1.6057E-02
 3.2700E+02	 8.4301E-03	 1.6155E-02
 3.2800E+02	 8.4308E-03	 1.6252E-02
 3.2900E+02	 8.4316E-03	 1.6350E-02
 3.3000E+02	 8.4323E-03	 1.6447E-02
 3.3100E+02	 8.4330E-03	 1.6545E-02
 3.3200E+02	 8.4338E-03	 1.6642E-02
 3.3300E+02	 8.4345E-03	 1.6739E-02
 3.3400E+02	 8.4352E-03	 1.6836E-02
 3.3500E+02	 8.4359E-03	 1.6933E-02
 3.3600E+02	 8.4366E-03	 1.7030E-02
 3.3700E+02	 8.4374E-03	 1.7127E-02
 3.3800E+02	 8.4381E-03	 1.7223E-02
 3.3900E+02	 8.4388E-03	 1.7320E-02
 3.4000E+02	 8.4395E-03	 1.7416E-02
 3.4100E+02	 8.4402E-03	 1.7513E-02
 3.4200E+02	 8.4410E-03	 1.7609E-02
 3.4300E+02	 8.4417E-03	 1.7705E-02
 3.4400E+02	 8.4424E-03	 1.7801E-02
 3.4500E+02	 8.4431E-03	 1.7897E-02
 3.4600E+02	 8.4438E-03	 1.7993E-02
 3.4700E+02	 8.4445E-03	 1.8089E-02
 3.4800E+02	 8.4452E-03	 1.8185E-02
 3.4900E+02	 8.4459E-03	 1.8280E-02
 3.5000E+02	 8.4467E-03	 1.8375E-02
 3.5100E+02	 8.4474E-03	 1.8471E-02
 3.5200E+02	 8.4481E-03	 1.8566E-02
 3.5300E+02	 8.4488E-03	 1.8661E-02
 3.5400E+02	 8.4495E-03	 1.8756E-02
 3.5500E+02	 8.4502E-03	 1.8851E-02
 3.5600E+02	 8.4509E-03	 1.8945E-02
 3.5700E+02	 8.4516E-03	 1.9040E-02
 3.5800E+02	 8.4523E-03	 1.9134E-02
 3.5900E+02	 8.4530E-03	 1.9228E-02
 3.6000E+02	 8.4537E-03	 1.9323E-02
 3.6100E+02	 8.4544E-03	 1.9417E-02
 3.6200E+02	 8.4551E-03	 1.9511E-02
 3.6300E+02	 8.4558E-03	 1.9604E-02
 3.6400E+02	 8.4564E-03	 1.9698E-02
 3.6500E+02	 8.4571E-03	 1.9791E-02
 3.6600E+02	 8.4578E-03	 1.9885E-02
 3.6700E+02	 8.4585E-03	 1.9978E-02
 3.6800E+02	 8.4592E-03	 2.0071E-02
 3.6900E+02	 8.4599E-03	 2.0164E-02
 3.7000E+02	 8.4606E-03	 2.0257E-02
 3.7100E+02	 8.4613E-03	 2.0349E-02
 3.7200E+02	 8.4620E-03	 2.0442E-02
 3.7300E+02	 8.4626E-03	 2.0534E-02
 3.7400E+02	 8.4633E-03	 2.0626E-02
 3.7500E+02	 8.4640E-03	 2.0718E-02
 3.7600E+02	 8.4647E-03	 2.0810E-02
 3.7700E+02	 8.4654E-03	 2.0902E-02
 3.7800E+02	 8.4661E-03	 2.0993E-02
 3.7900E+02	 8.4667E-03	 2.1085E-02
 3.8000E+02	 8.4674E-03	 2.1176E-02
 3.8100E+02	 8.4681E-03	 2.1267E-02
 3.8200E+02	 8.4688E-03	 2.1358E-02
 3.8300E+02	 8.4694E-03	 2.1449E-02
 3.8400E+02	 8.4701E-03	 2.1539E-02
 3.8500E+02	 8.4708E-03	 2.1630E-02
 3.8600E+02	 8.4714E-03	 2.1720E-02
 3.8700E+02	 8.4721E-03	 2.1810E-02
 3.8800E+02	 8.4728E-03	 2.1900E-02
 3.8900E+02	 8.4735E-03	 2.1990E-02
 3.9000E+02	 8.4741E-03	 2.2080E-02
 3.9100E+02	 8.4748E-03	 2.2170E-02
 3.9200E+02	 8.4755E-03	 2.2259E-02
 3.9300E+02	 8.4761E-03	 2.2348E-02
 3.9400E+02	 8.4768E-03	 2.2437E-02
 3.9500E+02	 8.4774E-03	 2.2526E-02
 3.9600E+02	 8.4781E-03	 2.2615E-02
 3.9700E+02	 8.4788E-03	 2.2703E-02
 3.9800E+02	 8.4794E-03	 2.2792E-02
 3.9900E+02	 8.4801E-03	 2.2880E-02
 4.0000E+02	 8.4807E-03	 2.2968E-02
 4.0100E+02	 8.4814E-03	 2.3056E-02
 4.0200E+02	 8.4821E-03	 2.3143E-02
 4.0300E+02	 8.4827E-03	 2.3231E-02
 4.0400E+02	 8.4834E-03	 2.3318E-02
 4.0500E+02	 8.4840E-03	 2.3405E-02
 4.0600E+02	 8.4847E-03	 2.3492E-02
 4.0700E+02	 8.4853E-03	 2.3579E-02
 4.0800E+02	 8.4860E-03	 2.3666E-02
 4.0900E+02	 8.4866E-03	 2.3752E-02
 4.1000E+02	 8.4873E-03	 2.3839E-02
 4.1100E+02	 8.4879E-03	 2.3925E-02
 4.1200E+02	 8.4886E-03	 2.4011E-02
 4.1300E+02	 8.4892E-03	 2.4097E-02
 4.1400E+02	 8.4899E-03	 2.4182E-02
 4.1500E+02	 8.4905E-03	 2.4268E-02
 4.1600E+02	 8.4911E-03	 2.4353E-02
 4.1700E+02	 8.4918E-03	 2.4438E-02
 4.1800E+02	 8.4924E-03	 2.4523E-02
 4.1900E+02	 8.4931E-03	 2.4608E-02
 4.2000E+02	 8.4937E-03	 2.4692E-02
 4.2100E+02	 8.4943E-03	 2.4777E-02
 4.2200E+02	 8.4950E-03	 2.4861E-02
 4.2300E+02	 8.4956E-03	 2.4945E-02
 4.2400E+02	 8.4962E-03	 2.5029E-02
 4.2500E+02	 8.4969E-03	 2.5113E-02
 4.2600E+02	 8.4975E-03	 2.5196E-02
 4.2700E+02	 8.4982E-03	 2.5280E-02
 4.2800E+02	 8.4988E-03	 2.5363E-02
 4.2900E+02	 8.4994E-03	 2.5446E-02
 4.3000E+02	 8.5000E-03	 2.5528E-02
 4.3100E+02	 8.5007E-03	 2.5611E-02
 4.3200E+02	 8.5013E-03	 2.5693E-02
 4.3300E+02	 8.5019E-03	 2.5776E-02
 4.3400E+02	 8.5026E-03	 2.5858E-02
 4.3500E+02	 8.5032E-03	 2.5940E-02
 4.3600E+02	 8.5038E-03	 2.6021E-02
 4.3700E+02	 8.5044E-03	 2.6103E-02
 4.3800E+02	 8.5051E-03	 2.6184E-02
 4.3900E+02	 8.5057E-03	 2.6265E-02
 4.4000E+02	 8.5063E-03	 2.6346E-02
 4.4100E+02	 8.5069E-03	 2.6427E-02
 4.4200E+02	 8.5075E-03	 2.6508E-02
 4.4300E+02	 8.5082E-03	 2.6588E-02
 4.4400E+02	 8.5088E-03	 2.6669E-02
 4.4500E+02	 8.5094E-03	 2.6749E-02
 4.4600E+02	 8.5100E-03	 2.6828E-02
 4.4700E+02	 8.5106E-03	 2.6908E-02
 4.4800E+02	 8.5112E-03	 2.6988E-02
 4.4900E+02	 8.5119E-03	 2.7067E-02
 4.5000E+02	 8.5125E-03	 2.7146E-02
 4.5100E+02	 8.5131E-03	 2.7225E-02
 4.5200E+02	 8.5137E-03	 2.7304E-02
 4.5300E+02	 8.5143E-03	 2.7383E-02
 4.5400E+02	 8.5149E-03	 2.7461E-02
 4.5500E+02	 8.5155E-03	 2.7539E-02
 4.5600E+02	 8.5161E-03	 2.7617E-02
 4.5700E+02	 8.5167E-03	 2.7695E-02
 4.5800E+02	 8.5174E-03	 2.7773E-02
 4.5900E+02	 8.5180E-03	 2.7851E-02
 4.6000E+02	 8.5186E-03	 2.7928E-02
 4.6100E+02	 8.5192E-03	 2.8005E-02
 4.6200E+02	 8.5198E-03	 2.8082E-02
 4.6300E+02	 8.5204E-03	 2.8159E-02
 4.6400E+02	 8.5210E-03	 2.8235E-02
 4.6500E+02	 8.5216E-03	 2.8312E-02
 4.6600E+02	 8.5222E-03	 2.8388E-02
 4.6700E+02	 8.5228E-03	 2.8464E-02
 4.6800E+02	 8.5234E-03	 2.8540E-02
 4.6900E+02	 8.5240E-03	 2.8616E-02
 4.7000E+02	 8.5246E-03	 2.8691E-02
 4.7100E+02	 8.5252E-03	 2.8767E-02
 4.7200E+02	 8.5258E-03	 2.8842E-02
 4.7300E+02	 8.5264E-03	 2.8917E-02
 4.7400E+02	 8.5269E-03	 2.8992E-02
 4.7500E+02	 8.5275E-03	 2.9066E-02
 4.7600E+02	 8.5281E-03	 2.9141E-02
 4.7700E+02	 8.5287E-03	 2.9215E-02
 4.7800E+02	 8.5293E-03	 2.9289E-02
 4.7900E+02	 8.5299E-03	 2.9363E-02
 4.8000E+02	 8.5305E-03	 2.9436E-02
 4.8100E+02	 8.5311E-03	 2.9510E-02
 4.8200E+02	 8.5317E-03	 2.9583E-02
 4.8300E+02	 8.5323E-03	 2.9656E-02
 4.8400E+02	 8.5328E-03	 2.9729E-02
 4.8500E+02	 8.5334E-03	 2.9802E-02
 4.8600E+02	 8.5340E-03	 2.9875E-02
 4.8700E+02	 8.5346E-03	 2.9947E-02
 4.8800E+02	 8.5352E-03	 3.0020E-02
 4.8900E+02	 8.5358E-03	 3.0092E-02
 4.9000E+02	 8.5363E-03	 3.0164E-02
 4.9100E+02	 8.5369E-03	 3.0235E-02
 4.9200E+02	 8.5375E-03	 3.0307E-02
 4.9300E+02	 8.5381E-03	 3.0378E-02
 4.9400E+02	 8.5387E-03	 3.0449E-02
 4.9500E+02	 8.5392E-03	 3.0520E-02
 4.9600E+02	 8.5398E-03	 3.0591E-02
 4.9700E+02	 8.5404E-03	 3.0662E-02
 4.9800E+02	 8.5410E-03	 3.0732E-02
 4.9900E+02	 8.5415E-03	 3.0803E-02
 5.0000E+02	 8.5421E-03	 3.0873E-02
 5.0100E+02	 8.5427E-03	 3.0943E-02
 5.0200E+02	 8.5433E-03	 3.1012E-02
 5.0300E+02	 8.5438E-03	 3.1082E-02
 5.0400E+02	 8.5444E-03	 3.1151E-02
 5.0500E+02	 8.5450E-03	 3.1221E-02
 5.0600E+02	 8.5455E-03	 3.1290E-02
 5.0700E+02	 8.5461E-03	 3.1359E-02
 5.0800E+02	 8.5467E-03	 3.1427E-02
 5.0900E+02	 8.5472E-03	 3.1496E-02
 5.1000E+02	 8.5478E-03	 3.1564E-02
 5.1100E+02	 8.5398E-03	 3.1601E-02
 5.1200E+02	 8.5404E-03	 3.1669E-02
 5.1300E+02	 8.5409E-03	 3.1736E-02
 5.1400E+02	 8.5415E-03	 3.1804E-02
 5.1500E+02	 8.5420E-03	 3.1871E-02
 5.1600E+02	 8.5425E-03	 3.1938E-02
 5.1700E+02	 8.5431E-03	 3.2005E-02
 5.1800E+02	 8.5436E-03	 3.2072E-02
 5.1900E+02	 8.5442E-03	 3.2139E-02
 5.2000E+02	 8.5447E-03	 3.2205E-02
 5.2100E+02	 8.5452E-03	 3.2271E-02
 5.2200E+02	 8.5458E-03	 3.2338E-02
 5.2300E+02	 8.5463E-03	 3.2403E-02
 5.2400E+02	 8.5468E-03	 3.2469E-02
 5.2500E+02	 8.5474E-03	 3.2535E-02
 5.2600E+02	 8.5479E-03	 3.2600E-02
 5.2700E+02	 8.5484E-03	 3.2666E-02
 5.2800E+02	 8.5490E-03	 3.2731E-02
 5.2900E+02	 8.5495E-03	 3.2796E-02
 5.3000E+02	 8.5500E-03	 3.2860E-02
 5.3100E+02	 8.5506E-03	 3.2925E-02
 5.3200E+02	 8.5511E-03	 3.2989E-02
 5.3300E+02	 8.5516E-03	 3.3053E-02
 5.3400E+02	 8.5522E-03	 3.3118E-02
 5.3500E+02	 8.5527E-03	 3.3181E-02
 5.3600E+02	 8.5532E-03	 3.3245E-02
 5.3700E+02	 8.5537E-03	 3.3309E-02
 5.3800E+02	 8.5543E-03	 3.3372E-02
 5.3900E+02	 8.5548E-03	 3.3435E-02
 5.4000E+02	 8.5553E-03	 3.3498E-02
 5.4100E+02	 8.5558E-03	 3.3561E-02
 5.4200E+02	 8.5564E-03	 3.3624E-02
 5.4300E+02	 8.5569E-03	 3.3687E-02
 5.4400E+02	 8.5574E-03	 3.3749E-02
 5.4500E+02	 8.5579E-03	 3.3811E-02
 5.4600E+02	 8.5585E-03	 3.3873E-02
 5.4700E+02	 8.5590E-03	 3.3935E-02
 5.4800E+02	 8.5595E-03	 3.3997E-02
 5.4900E+02	 8.5600E-03	 3.4058E-02
 5.5000E+02	 8.5605E-03	 3.4120E-02
 5.5100E+02	 8.5611E-03	 3.4181E-02
 5.5200E+02	 8.5616E-03	 3.4242E-02
 5.5300E+02	 8.5621E-03	 3.4303E-02
 5.5400E+02	 8.5626E-03	 3.4364E-02
 5.5500E+02	 8.5631E-03	 3.4424E-02
 5.5600E+02	 8.5636E-03	 3.4485E-02
 5.5700E+02	 8.5642E-03	 3.4545E-02
 5.5800E+02	 8.5647E-03	 3.4605E-02
 5.5900E+02	 8.5652E-03	 3.4665E-02
 5.6000E+02	 8.5657E-03	 3.4725E-02
 5.6100E+02	 8.5662E-03	 3.4784E-02
 5.6200E+02	 8.5667E-03	 3.4844E-02
 5.6300E+02	 8.5672E-03	 3.4903E-02
 5.6400E+02	 8.5677E-03	 3.4962E-02
 5.6500E+02	 8.5683E-03	 3.5021E-02
 5.6600E+02	 8.5688E-03	 3.5080E-02
 5.6700E+02	 8.5693E-03	 3.5139E-02
 5.6800E+02	 8.5698E-03	 3.5197E-02
 5.6900E+02	 8.5703E-03	 3.5256E-02
 5.7000E+02	 8.5708E-03	 3.5314E-02
 5.7100E+02	 8.5713E-03	 3.5372E-02
 5.7200E+02	 8.5718E-03	 3.5430E-02
 5.7300E+02	 8.5723E-03	 3.5487E-02
 5.7400E+02	 8.5728E-03	 3.5545E-02
 5.7500E+02	 8.5733E-03	 3.5602E-02
 5.7600E+02	 8.5738E-03	 3.5660E-02
 5.7700E+02	 8.5743E-03	 3.5717E-02
 5.7800E+02	 8.5748E-03	 3.5774E-02
 5.7900E+02	 8.5754E-03	 3.5830E-02
 5.8000E+02	 8.5759E-03	 3.5887E-02
 5.8100E+02	 8.5764E-03	 3.5943E-02
 5.8200E+02	 8.5769E-03	 3.6000E-02
 5.8300E+02	 8.5774E-03	 3.6056E-02
 5.8400E+02	 8.5779E-03	 3.6112E-02
 5.8500E+02	 8.5784E-03	 3.6168E-02
 5.8600E+02	 8.5789E-03	 3.6223E-02
 5.8700E+02	 8.5794E-03	 3.6279E-02
 5.8800E+02	 8.5799E-03	 3.6334E-02
 5.8900E+02	 8.5804E-03	 3.6390E-02
 5.9000E+02	 8.5809E-03	 3.6445E-02
 5.9100E+02	 8.5813E-03	 3.6500E-02
 5.9200E+02	 8.5818E-03	 3.6554E-02
 5.9300E+02	 8.5823E-03	 3.6609E-02
 5.9400E+02	 8.5828E-03	 3.6663E-02
 5.9500E+02	 8.5833E-03	 3.6718E-02
 5.9600E+02	 8.5838E-03	 3.6772E-02
 5.9700E+02	 8.5843E-03	 3.6826E-02
 5.9800E+02	 8.5848E-03	 3.6880E-02
 5.9900E+02	 8.5853E-03	 3.6934E-02


