#     0	 1	   14	 5	 8.2854E+02	  500	1
 1.0000E+02	 4.5377E-03	 4.5830E-05
 1.0100E+02	 4.5388E-03	 4.9514E-05
 1.0200E+02	 4.5399E-03	 5.3410E-05
 1.0300E+02	 4.5411E-03	 5.7526E-05
 1.0400E+02	 4.5422E-03	 6.1868E-05
 1.0500E+02	 4.5433E-03	 6.6443E-05
 1.0600E+02	 4.5445E-03	 7.1257E-05
 1.0700E+02	 4.5456E-03	 7.6317E-05
 1.0800E+02	 4.5467E-03	 8.1630E-05
 1.0900E+02	 4.5479E-03	 8.7201E-05
 1.1000E+02	 4.5490E-03	 9.3037E-05
 1.1100E+02	 4.5501E-03	 9.9145E-05
 1.1200E+02	 4.5513E-03	 1.0553E-04
 1.1300E+02	 4.5524E-03	 1.1220E-04
 1.1400E+02	 4.5535E-03	 1.1915E-04
 1.1500E+02	 4.5547E-03	 1.2641E-04
 1.1600E+02	 4.5558E-03	 1.3396E-04
 1.1700E+02	 4.5569E-03	 1.4182E-04
 1.1800E+02	 4.5581E-03	 1.4999E-04
 1.1900E+02	 4.5592E-03	 1.5847E-04
 1.2000E+02	 4.5603E-03	 1.6728E-04
 1.2100E+02	 4.5615E-03	 1.7641E-04
 1.2200E+02	 4.5626E-03	 1.8588E-04
 1.2300E+02	 4.5637E-03	 1.9568E-04
 1.2400E+02	 4.5649E-03	 2.0582E-04
 1.2500E+02	 4.5660E-03	 2.1630E-04
 1.2600E+02	 4.5671E-03	 2.2713E-04
 1.2700E+02	 4.5682E-03	 2.3832E-04
 1.2800E+02	 4.5694E-03	 2.4986E-04
 1.2900E+02	 4.5705E-03	 2.6176E-04
 1.3000E+02	 4.5716E-03	 2.7403E-04
 1.3100E+02	 4.5728E-03	 2.8666E-04
 1.3200E+02	 4.5739E-03	 2.9966E-04
 1.3300E+02	 4.5750E-03	 3.1304E-04
 1.3400E+02	 4.5761E-03	 3.2679E-04
 1.3500E+02	 4.5773E-03	 3.4092E-04
 1.3600E+02	 4.5784E-03	 3.5543E-04
 1.3700E+02	 4.5795E-03	 3.7032E-04
 1.3800E+02	 4.5806E-03	 3.8560E-04
 1.3900E+02	 4.5818E-03	 4.0127E-04
 1.4000E+02	 4.5829E-03	 4.1733E-04
 1.4100E+02	 4.5840E-03	 4.3378E-04
 1.4200E+02	 4.5851E-03	 4.5062E-04
 1.4300E+02	 4.5863E-03	 4.6786E-04
 1.4400E+02	 4.5874E-03	 4.8549E-04
 1.4500E+02	 4.5885E-03	 5.0352E-04
 1.4600E+02	 4.5896E-03	 5.2195E-04
 1.4700E+02	 4.5908E-03	 5.4078E-04
 1.4800E+02	 4.5919E-03	 5.6000E-04
 1.4900E+02	 4.5930E-03	 5.7963E-04
 1.5000E+02	 4.5941E-03	 5.9966E-04
 1.5100E+02	 4.5952E-03	 6.2009E-04
 1.5200E+02	 4.5964E-03	 6.4092E-04
 1.5300E+02	 4.5975E-03	 6.6215E-04
 1.5400E+02	 4.5986E-03	 6.8379E-04
 1.5500E+02	 4.5997E-03	 7.0582E-04
 1.5600E+02	 4.6008E-03	 7.2826E-04
 1.5700E+02	 4.6020E-03	 7.5110E-04
 1.5800E+02	 4.6031E-03	 7.7434E-04
 1.5900E+02	 4.6042E-03	 7.9797E-04
 1.6000E+02	 4.6053E-03	 8.2201E-04
 1.6100E+02	 4.6064E-03	 8.4644E-04
 1.6200E+02	 4.6075E-03	 8.7127E-04
 1.6300E+02	 4.6087E-03	 8.9650E-04
 1.6400E+02	 4.6098E-03	 9.2212E-04
 1.6500E+02	 4.6109E-03	 9.4813E-04
 1.6600E+02	 4.6120E-03	 9.7454E-04
 1.6700E+02	 4.6131E-03	 1.0013E-03
 1.6800E+02	 4.6142E-03	 1.0285E-03
 1.6900E+02	 4.6153E-03	 1.0561E-03
 1.7000E+02	 4.6165E-03	 1.0841E-03
 1.7100E+02	 4.6176E-03	 1.1124E-03
 1.7200E+02	 4.6187E-03	 1.1411E-03
 1.7300E+02	 4.6198E-03	 1.1702E-03
 1.7400E+02	 4.6209E-03	 1.1997E-03
 1.7500E+02	 4.6220E-03	 1.2296E-03
 1.7600E+02	 4.6231E-03	 1.2598E-03
 1.7700E+02	 4.6242E-03	 1.2904E-03
 1.7800E+02	 4.6253E-03	 1.3214E-03
 1.7900E+02	 4.6265E-03	 1.3527E-03
 1.8000E+02	 4.6276E-03	 1.3844E-03
 1.8100E+02	 4.6287E-03	 1.4165E-03
 1.8200E+02	 4.6298E-03	 1.4489E-03
 1.8300E+02	 4.6309E-03	 1.4817E-03
 1.8400E+02	 4.6320E-03	 1.5149E-03
 1.8500E+02	 4.6331E-03	 1.5484E-03
 1.8600E+02	 4.6342E-03	 1.5822E-03
 1.8700E+02	 4.6353E-03	 1.6164E-03
 1.8800E+02	 4.6364E-03	 1.6509E-03
 1.8900E+02	 4.6375E-03	 1.6858E-03
 1.9000E+02	 4.6386E-03	 1.7210E-03
 1.9100E+02	 4.6397E-03	 1.7566E-03
 1.9200E+02	 4.6408E-03	 1.7924E-03
 1.9300E+02	 4.6419E-03	 1.8286E-03
 1.9400E+02	 4.6430E-03	 1.8652E-03
 1.9500E+02	 4.6441E-03	 1.9020E-03
 1.9600E+02	 4.6452E-03	 1.9392E-03
 1.9700E+02	 4.6463E-03	 1.9767E-03
 1.9800E+02	 4.6474E-03	 2.0145E-03
 1.9900E+02	 4.6485E-03	 2.0526E-03
 2.0000E+02	 4.6496E-03	 2.0911E-03
 2.0100E+02	 4.6507E-03	 2.1298E-03
 2.0200E+02	 4.6518E-03	 2.1688E-03
 2.0300E+02	 4.6529E-03	 2.2082E-03
 2.0400E+02	 4.6540E-03	 2.2478E-03
 2.0500E+02	 4.6551E-03	 2.2877E-03
 2.0600E+02	 4.6562E-03	 2.3279E-03
 2.0700E+02	 4.6573E-03	 2.3684E-03
 2.0800E+02	 4.6584E-03	 2.4092E-03
 2.0900E+02	 4.6595E-03	 2.4502E-03
 2.1000E+02	 4.6606E-03	 2.4916E-03
 2.1100E+02	 4.6617E-03	 2.5332E-03
 2.1200E+02	 4.6628E-03	 2.5750E-03
 2.1300E+02	 4.6639E-03	 2.6172E-03
 2.1400E+02	 4.6650E-03	 2.6596E-03
 2.1500E+02	 4.6661E-03	 2.7022E-03
 2.1600E+02	 4.6672E-03	 2.7451E-03
 2.1700E+02	 4.6683E-03	 2.7883E-03
 2.1800E+02	 4.6693E-03	 2.8317E-03
 2.1900E+02	 4.6704E-03	 2.8753E-03
 2.2000E+02	 4.6715E-03	 2.9192E-03
 2.2100E+02	 4.6726E-03	 2.9634E-03
 2.2200E+02	 4.6737E-03	 3.0078E-03
 2.2300E+02	 4.6748E-03	 3.0524E-03
 2.2400E+02	 4.6759E-03	 3.0972E-03
 2.2500E+02	 4.6770E-03	 3.1423E-03
 2.2600E+02	 4.6781E-03	 3.1875E-03
 2.2700E+02	 4.6791E-03	 3.2331E-03
 2.2800E+02	 4.6802E-03	 3.2788E-03
 2.2900E+02	 4.6813E-03	 3.3247E-03
 2.3000E+02	 4.6824E-03	 3.3709E-03
 2.3100E+02	 4.6835E-03	 3.4172E-03
 2.3200E+02	 4.6846E-03	 3.4638E-03
 2.3300E+02	 4.6856E-03	 3.5105E-03
 2.3400E+02	 4.6867E-03	 3.5575E-03
 2.3500E+02	 4.6878E-03	 3.6046E-03
 2.3600E+02	 4.6889E-03	 3.6519E-03
 2.3700E+02	 4.6900E-03	 3.6995E-03
 2.3800E+02	 4.6910E-03	 3.7472E-03
 2.3900E+02	 4.6921E-03	 3.7951E-03
 2.4000E+02	 4.6932E-03	 3.8431E-03
 2.4100E+02	 4.6943E-03	 3.8914E-03
 2.4200E+02	 4.6954E-03	 3.9398E-03
 2.4300E+02	 4.6964E-03	 3.9884E-03
 2.4400E+02	 4.6975E-03	 4.0371E-03
 2.4500E+02	 4.6986E-03	 4.0861E-03
 2.4600E+02	 4.6997E-03	 4.1351E-03
 2.4700E+02	 4.7007E-03	 4.1844E-03
 2.4800E+02	 4.7018E-03	 4.2338E-03
 2.4900E+02	 4.7029E-03	 4.2833E-03
 2.5000E+02	 4.7040E-03	 4.3330E-03
 2.5100E+02	 4.7050E-03	 4.3828E-03
 2.5200E+02	 4.7061E-03	 4.4328E-03
 2.5300E+02	 4.7072E-03	 4.4829E-03
 2.5400E+02	 4.7083E-03	 4.5332E-03
 2.5500E+02	 4.7093E-03	 4.5836E-03
 2.5600E+02	 4.7104E-03	 4.6341E-03
 2.5700E+02	 4.7115E-03	 4.6848E-03
 2.5800E+02	 4.7125E-03	 4.7355E-03
 2.5900E+02	 4.7136E-03	 4.7864E-03
 2.6000E+02	 4.7147E-03	 4.8375E-03
 2.6100E+02	 4.7158E-03	 4.8886E-03
 2.6200E+02	 4.7168E-03	 4.9399E-03
 2.6300E+02	 4.7179E-03	 4.9912E-03
 2.6400E+02	 4.7190E-03	 5.0427E-03
 2.6500E+02	 4.7200E-03	 5.0943E-03
 2.6600E+02	 4.7211E-03	 5.1460E-03
 2.6700E+02	 4.7222E-03	 5.1978E-03
 2.6800E+02	 4.7232E-03	 5.2497E-03
 2.6900E+02	 4.7243E-03	 5.3017E-03
 2.7000E+02	 4.7254E-03	 5.3538E-03
 2.7100E+02	 4.7264E-03	 5.4060E-03
 2.7200E+02	 4.7275E-03	 5.4583E-03
 2.7300E+02	 4.7285E-03	 5.5106E-03
 2.7400E+02	 4.7296E-03	 5.5631E-03
 2.7500E+02	 4.7307E-03	 5.6156E-03
 2.7600E+02	 4.7317E-03	 5.6682E-03
 2.7700E+02	 4.7328E-03	 5.7209E-03
 2.7800E+02	 4.7338E-03	 5.7737E-03
 2.7900E+02	 4.7349E-03	 5.8265E-03
 2.8000E+02	 4.7360E-03	 5.8794E-03
 2.8100E+02	 4.7370E-03	 5.9324E-03
 2.8200E+02	 4.7381E-03	 5.9855E-03
 2.8300E+02	 4.7391E-03	 6.0386E-03
 2.8400E+02	 4.7402E-03	 6.0918E-03
 2.8500E+02	 4.7412E-03	 6.1450E-03
 2.8600E+02	 4.7423E-03	 6.1983E-03
 2.8700E+02	 4.7434E-03	 6.2517E-03
 2.8800E+02	 4.7444E-03	 6.3051E-03
 2.8900E+02	 4.7455E-03	 6.3585E-03
 2.9000E+02	 4.7465E-03	 6.4120E-03
 2.9100E+02	 4.7476E-03	 6.4656E-03
 2.9200E+02	 4.7486E-03	 6.5192E-03
 2.9300E+02	 4.7497E-03	 6.5729E-03
 2.9400E+02	 4.7507E-03	 6.6266E-03
 2.9500E+02	 4.7518E-03	 6.6803E-03
 2.9600E+02	 4.7528E-03	 6.7341E-03
 2.9700E+02	 4.7539E-03	 6.7879E-03
 2.9800E+02	 4.7549E-03	 6.8417E-03
 2.9900E+02	 4.7560E-03	 6.8956E-03
 3.0000E+02	 4.7570E-03	 6.9495E-03
 3.0100E+02	 4.7581E-03	 7.0035E-03
 3.0200E+02	 4.7591E-03	 7.0574E-03
 3.0300E+02	 4.7602E-03	 7.1114E-03
 3.0400E+02	 4.7612E-03	 7.1654E-03
 3.0500E+02	 4.7623E-03	 7.2195E-03
 3.0600E+02	 4.7633E-03	 7.2735E-03
 3.0700E+02	 4.7644E-03	 7.3276E-03
 3.0800E+02	 4.7654E-03	 7.3817E-03
 3.0900E+02	 4.7664E-03	 7.4358E-03
 3.1000E+02	 4.7675E-03	 7.4900E-03
 3.1100E+02	 4.7685E-03	 7.5441E-03
 3.1200E+02	 4.7696E-03	 7.5982E-03
 3.1300E+02	 4.7706E-03	 7.6524E-03
 3.1400E+02	 4.7717E-03	 7.7066E-03
 3.1500E+02	 4.7727E-03	 7.7607E-03
 3.1600E+02	 4.7737E-03	 7.8149E-03
 3.1700E+02	 4.7748E-03	 7.8691E-03
 3.1800E+02	 4.7758E-03	 7.9233E-03
 3.1900E+02	 4.7768E-03	 7.9775E-03
 3.2000E+02	 4.7779E-03	 8.0317E-03
 3.2100E+02	 4.7789E-03	 8.0858E-03
 3.2200E+02	 4.7800E-03	 8.1400E-03
 3.2300E+02	 4.7810E-03	 8.1942E-03
 3.2400E+02	 4.7820E-03	 8.2483E-03
 3.2500E+02	 4.7831E-03	 8.3025E-03
 3.2600E+02	 4.7841E-03	 8.3566E-03
 3.2700E+02	 4.7851E-03	 8.4108E-03
 3.2800E+02	 4.7862E-03	 8.4649E-03
 3.2900E+02	 4.7872E-03	 8.5190E-03
 3.3000E+02	 4.7882E-03	 8.5731E-03
 3.3100E+02	 4.7893E-03	 8.6272E-03
 3.3200E+02	 4.7903E-03	 8.6812E-03
 3.3300E+02	 4.7913E-03	 8.7353E-03
 3.3400E+02	 4.7924E-03	 8.7893E-03
 3.3500E+02	 4.7934E-03	 8.8433E-03
 3.3600E+02	 4.7944E-03	 8.8973E-03
 3.3700E+02	 4.7954E-03	 8.9512E-03
 3.3800E+02	 4.7965E-03	 9.0051E-03
 3.3900E+02	 4.7975E-03	 9.0591E-03
 3.4000E+02	 4.7985E-03	 9.1129E-03
 3.4100E+02	 4.7996E-03	 9.1668E-03
 3.4200E+02	 4.8006E-03	 9.2206E-03
 3.4300E+02	 4.8016E-03	 9.2744E-03
 3.4400E+02	 4.8026E-03	 9.3282E-03
 3.4500E+02	 4.8037E-03	 9.3819E-03
 3.4600E+02	 4.8047E-03	 9.4356E-03
 3.4700E+02	 4.8057E-03	 9.4892E-03
 3.4800E+02	 4.8067E-03	 9.5429E-03
 3.4900E+02	 4.8078E-03	 9.5965E-03
 3.5000E+02	 4.8088E-03	 9.6500E-03
 3.5100E+02	 4.8098E-03	 9.7035E-03
 3.5200E+02	 4.8108E-03	 9.7570E-03
 3.5300E+02	 4.8118E-03	 9.8104E-03
 3.5400E+02	 4.8129E-03	 9.8638E-03
 3.5500E+02	 4.8139E-03	 9.9172E-03
 3.5600E+02	 4.8149E-03	 9.9705E-03
 3.5700E+02	 4.8159E-03	 1.0024E-02
 3.5800E+02	 4.8169E-03	 1.0077E-02
 3.5900E+02	 4.8180E-03	 1.0130E-02
 3.6000E+02	 4.8190E-03	 1.0183E-02
 3.6100E+02	 4.8200E-03	 1.0236E-02
 3.6200E+02	 4.8210E-03	 1.0289E-02
 3.6300E+02	 4.8220E-03	 1.0342E-02
 3.6400E+02	 4.8230E-03	 1.0395E-02
 3.6500E+02	 4.8240E-03	 1.0448E-02
 3.6600E+02	 4.8251E-03	 1.0501E-02
 3.6700E+02	 4.8261E-03	 1.0554E-02
 3.6800E+02	 4.8271E-03	 1.0607E-02
 3.6900E+02	 4.8281E-03	 1.0659E-02
 3.7000E+02	 4.8291E-03	 1.0712E-02
 3.7100E+02	 4.8301E-03	 1.0764E-02
 3.7200E+02	 4.8311E-03	 1.0817E-02
 3.7300E+02	 4.8321E-03	 1.0869E-02
 3.7400E+02	 4.8331E-03	 1.0922E-02
 3.7500E+02	 4.8342E-03	 1.0974E-02
 3.7600E+02	 4.8352E-03	 1.1026E-02
 3.7700E+02	 4.8362E-03	 1.1079E-02
 3.7800E+02	 4.8372E-03	 1.1131E-02
 3.7900E+02	 4.8382E-03	 1.1183E-02
 3.8000E+02	 4.8392E-03	 1.1235E-02
 3.8100E+02	 4.8402E-03	 1.1287E-02
 3.8200E+02	 4.8412E-03	 1.1339E-02
 3.8300E+02	 4.8422E-03	 1.1391E-02
 3.8400E+02	 4.8432E-03	 1.1443E-02
 3.8500E+02	 4.8442E-03	 1.1494E-02
 3.8600E+02	 4.8452E-03	 1.1546E-02
 3.8700E+02	 4.8462E-03	 1.1598E-02
 3.8800E+02	 4.8472E-03	 1.1649E-02
 3.8900E+02	 4.8482E-03	 1.1701E-02
 3.9000E+02	 4.8492E-03	 1.1752E-02
 3.9100E+02	 4.8502E-03	 1.1803E-02
 3.9200E+02	 4.8512E-03	 1.1855E-02
 3.9300E+02	 4.8522E-03	 1.1906E-02
 3.9400E+02	 4.8532E-03	 1.1957E-02
 3.9500E+02	 4.8542E-03	 1.2008E-02
 3.9600E+02	 4.8552E-03	 1.2059E-02
 3.9700E+02	 4.8562E-03	 1.2110E-02
 3.9800E+02	 4.8572E-03	 1.2161E-02
 3.9900E+02	 4.8582E-03	 1.2212E-02
 4.0000E+02	 4.8592E-03	 1.2262E-02
 4.0100E+02	 4.8602E-03	 1.2313E-02
 4.0200E+02	 4.8612E-03	 1.2364E-02
 4.0300E+02	 4.8622E-03	 1.2414E-02
 4.0400E+02	 4.8632E-03	 1.2464E-02
 4.0500E+02	 4.8642E-03	 1.2515E-02
 4.0600E+02	 4.8651E-03	 1.2565E-02
 4.0700E+02	 4.8661E-03	 1.2615E-02
 4.0800E+02	 4.8671E-03	 1.2665E-02
 4.0900E+02	 4.8681E-03	 1.2715E-02
 4.1000E+02	 4.8691E-03	 1.2765E-02
 4.1100E+02	 4.8701E-03	 1.2815E-02
 4.1200E+02	 4.8711E-03	 1.2865E-02
 4.1300E+02	 4.8721E-03	 1.2915E-02
 4.1400E+02	 4.8731E-03	 1.2965E-02
 4.1500E+02	 4.8740E-03	 1.3014E-02
 4.1600E+02	 4.8750E-03	 1.3064E-02
 4.1700E+02	 4.8760E-03	 1.3113E-02
 4.1800E+02	 4.8770E-03	 1.3163E-02
 4.1900E+02	 4.8780E-03	 1.3212E-02
 4.2000E+02	 4.8790E-03	 1.3261E-02
 4.2100E+02	 4.8800E-03	 1.3310E-02
 4.2200E+02	 4.8809E-03	 1.3359E-02
 4.2300E+02	 4.8819E-03	 1.3408E-02
 4.2400E+02	 4.8829E-03	 1.3457E-02
 4.2500E+02	 4.8839E-03	 1.3506E-02
 4.2600E+02	 4.8849E-03	 1.3555E-02
 4.2700E+02	 4.8858E-03	 1.3603E-02
 4.2800E+02	 4.8868E-03	 1.3652E-02
 4.2900E+02	 4.8878E-03	 1.3700E-02
 4.3000E+02	 4.8888E-03	 1.3749E-02
 4.3100E+02	 4.8898E-03	 1.3797E-02
 4.3200E+02	 4.8907E-03	 1.3845E-02
 4.3300E+02	 4.8917E-03	 1.3894E-02
 4.3400E+02	 4.8927E-03	 1.3942E-02
 4.3500E+02	 4.8937E-03	 1.3990E-02
 4.3600E+02	 4.8946E-03	 1.4038E-02
 4.3700E+02	 4.8956E-03	 1.4085E-02
 4.3800E+02	 4.8966E-03	 1.4133E-02
 4.3900E+02	 4.8975E-03	 1.4181E-02
 4.4000E+02	 4.8985E-03	 1.4228E-02
 4.4100E+02	 4.8995E-03	 1.4276E-02
 4.4200E+02	 4.9005E-03	 1.4323E-02
 4.4300E+02	 4.9014E-03	 1.4371E-02
 4.4400E+02	 4.9024E-03	 1.4418E-02
 4.4500E+02	 4.9034E-03	 1.4465E-02
 4.4600E+02	 4.9043E-03	 1.4512E-02
 4.4700E+02	 4.9053E-03	 1.4559E-02
 4.4800E+02	 4.9063E-03	 1.4606E-02
 4.4900E+02	 4.9072E-03	 1.4653E-02
 4.5000E+02	 4.9082E-03	 1.4700E-02
 4.5100E+02	 4.9092E-03	 1.4746E-02
 4.5200E+02	 4.9101E-03	 1.4793E-02
 4.5300E+02	 4.9111E-03	 1.4839E-02
 4.5400E+02	 4.9121E-03	 1.4886E-02
 4.5500E+02	 4.9130E-03	 1.4932E-02
 4.5600E+02	 4.9140E-03	 1.4978E-02
 4.5700E+02	 4.9150E-03	 1.5025E-02
 4.5800E+02	 4.9159E-03	 1.5071E-02
 4.5900E+02	 4.9169E-03	 1.5117E-02
 4.6000E+02	 4.9179E-03	 1.5162E-02
 4.6100E+02	 4.9188E-03	 1.5208E-02
 4.6200E+02	 4.9198E-03	 1.5254E-02
 4.6300E+02	 4.9207E-03	 1.5300E-02
 4.6400E+02	 4.9217E-03	 1.5345E-02
 4.6500E+02	 4.9227E-03	 1.5391E-02
 4.6600E+02	 4.9236E-03	 1.5436E-02
 4.6700E+02	 4.9246E-03	 1.5481E-02
 4.6800E+02	 4.9255E-03	 1.5527E-02
 4.6900E+02	 4.9265E-03	 1.5572E-02
 4.7000E+02	 4.9274E-03	 1.5617E-02
 4.7100E+02	 4.9284E-03	 1.5662E-02
 4.7200E+02	 4.9294E-03	 1.5706E-02
 4.7300E+02	 4.9303E-03	 1.5751E-02
 4.7400E+02	 4.9313E-03	 1.5796E-02
 4.7500E+02	 4.9322E-03	 1.5841E-02
 4.7600E+02	 4.9332E-03	 1.5885E-02
 4.7700E+02	 4.9341E-03	 1.5929E-02
 4.7800E+02	 4.9351E-03	 1.5974E-02
 4.7900E+02	 4.9360E-03	 1.6018E-02
 4.8000E+02	 4.9370E-03	 1.6062E-02
 4.8100E+02	 4.9379E-03	 1.6106E-02
 4.8200E+02	 4.9389E-03	 1.6150E-02
 4.8300E+02	 4.9398E-03	 1.6194E-02
 4.8400E+02	 4.9408E-03	 1.6238E-02
 4.8500E+02	 4.9417E-03	 1.6282E-02
 4.8600E+02	 4.9427E-03	 1.6325E-02
 4.8700E+02	 4.9436E-03	 1.6369E-02
 4.8800E+02	 4.9446E-03	 1.6412E-02
 4.8900E+02	 4.9455E-03	 1.6456E-02
 4.9000E+02	 4.9465E-03	 1.6499E-02
 4.9100E+02	 4.9474E-03	 1.6542E-02
 4.9200E+02	 4.9483E-03	 1.6585E-02
 4.9300E+02	 4.9493E-03	 1.6629E-02
 4.9400E+02	 4.9502E-03	 1.6671E-02
 4.9500E+02	 4.9512E-03	 1.6714E-02
 4.9600E+02	 4.9521E-03	 1.6757E-02
 4.9700E+02	 4.9531E-03	 1.6800E-02
 4.9800E+02	 4.9540E-03	 1.6842E-02
 4.9900E+02	 4.9549E-03	 1.6885E-02
 5.0000E+02	 4.9559E-03	 1.6927E-02
 5.0100E+02	 4.9568E-03	 1.6970E-02
 5.0200E+02	 4.9578E-03	 1.7012E-02
 5.0300E+02	 4.9587E-03	 1.7054E-02
 5.0400E+02	 4.9596E-03	 1.7096E-02
 5.0500E+02	 4.9606E-03	 1.7138E-02
 5.0600E+02	 4.9615E-03	 1.7180E-02
 5.0700E+02	 4.9625E-03	 1.7222E-02
 5.0800E+02	 4.9634E-03	 1.7264E-02
 5.0900E+02	 4.9643E-03	 1.7305E-02
 5.1000E+02	 4.9653E-03	 1.7347E-02
 5.1100E+02	 4.9612E-03	 1.7371E-02
 5.1200E+02	 4.9622E-03	 1.7412E-02
 5.1300E+02	 4.9631E-03	 1.7453E-02
 5.1400E+02	 4.9640E-03	 1.7495E-02
 5.1500E+02	 4.9649E-03	 1.7536E-02
 5.1600E+02	 4.9658E-03	 1.7577E-02
 5.1700E+02	 4.9668E-03	 1.7617E-02
 5.1800E+02	 4.9677E-03	 1.7658E-02
 5.1900E+02	 4.9686E-03	 1.7699E-02
 5.2000E+02	 4.9695E-03	 1.7740E-02
 5.2100E+02	 4.9704E-03	 1.7780E-02
 5.2200E+02	 4.9713E-03	 1.7821E-02
 5.2300E+02	 4.9723E-03	 1.7861E-02
 5.2400E+02	 4.9732E-03	 1.7901E-02
 5.2500E+02	 4.9741E-03	 1.7941E-02
 5.2600E+02	 4.9750E-03	 1.7981E-02
 5.2700E+02	 4.9759E-03	 1.8021E-02
 5.2800E+02	 4.9768E-03	 1.8061E-02
 5.2900E+02	 4.9777E-03	 1.8101E-02
 5.3000E+02	 4.9787E-03	 1.8141E-02
 5.3100E+02	 4.9796E-03	 1.8181E-02
 5.3200E+02	 4.9805E-03	 1.8220E-02
 5.3300E+02	 4.9814E-03	 1.8260E-02
 5.3400E+02	 4.9823E-03	 1.8299E-02
 5.3500E+02	 4.9832E-03	 1.8339E-02
 5.3600E+02	 4.9841E-03	 1.8378E-02
 5.3700E+02	 4.9850E-03	 1.8417E-02
 5.3800E+02	 4.9859E-03	 1.8456E-02
 5.3900E+02	 4.9869E-03	 1.8495E-02
 5.4000E+02	 4.9878E-03	 1.8534E-02
 5.4100E+02	 4.9887E-03	 1.8573E-02
 5.4200E+02	 4.9896E-03	 1.8612E-02
 5.4300E+02	 4.9905E-03	 1.8650E-02
 5.4400E+02	 4.9914E-03	 1.8689E-02
 5.4500E+02	 4.9923E-03	 1.8727E-02
 5.4600E+02	 4.9932E-03	 1.8766E-02
 5.4700E+02	 4.9941E-03	 1.8804E-02
 5.4800E+02	 4.9950E-03	 1.8842E-02
 5.4900E+02	 4.9959E-03	 1.8880E-02
 5.5000E+02	 4.9968E-03	 1.8919E-02
 5.5100E+02	 4.9977E-03	 1.8957E-02
 5.5200E+02	 4.9986E-03	 1.8994E-02
 5.5300E+02	 4.9995E-03	 1.9032E-02
 5.5400E+02	 5.0004E-03	 1.9070E-02
 5.5500E+02	 5.0013E-03	 1.9108E-02
 5.5600E+02	 5.0022E-03	 1.9145E-02
 5.5700E+02	 5.0031E-03	 1.9183E-02
 5.5800E+02	 5.0040E-03	 1.9220E-02
 5.5900E+02	 5.0049E-03	 1.9258E-02
 5.6000E+02	 5.0058E-03	 1.9295E-02
 5.6100E+02	 5.0067E-03	 1.9332E-02
 5.6200E+02	 5.0076E-03	 1.9369E-02
 5.6300E+02	 5.0085E-03	 1.9406E-02
 5.6400E+02	 5.0094E-03	 1.9443E-02
 5.6500E+02	 5.0103E-03	 1.9480E-02
 5.6600E+02	 5.0112E-03	 1.9517E-02
 5.6700E+02	 5.0121E-03	 1.9553E-02
 5.6800E+02	 5.0130E-03	 1.9590E-02
 5.6900E+02	 5.0139E-03	 1.9626E-02
 5.7000E+02	 5.0148E-03	 1.9663E-02
 5.7100E+02	 5.0157E-03	 1.9699E-02
 5.7200E+02	 5.0166E-03	 1.9735E-02
 5.7300E+02	 5.0175E-03	 1.9772E-02
 5.7400E+02	 5.0184E-03	 1.9808E-02
 5.7500E+02	 5.0193E-03	 1.9844E-02
 5.7600E+02	 5.0202E-03	 1.9880E-02
 5.7700E+02	 5.0210E-03	 1.9916E-02
 5.7800E+02	 5.0219E-03	 1.9951E-02
 5.7900E+02	 5.0228E-03	 1.9987E-02
 5.8000E+02	 5.0237E-03	 2.0023E-02
 5.8100E+02	 5.0246E-03	 2.0058E-02
 5.8200E+02	 5.0255E-03	 2.0094E-02
 5.8300E+02	 5.0264E-03	 2.0129E-02
 5.8400E+02	 5.0273E-03	 2.0165E-02
 5.8500E+02	 5.0282E-03	 2.0200E-02
 5.8600E+02	 5.0290E-03	 2.0235E-02
 5.8700E+02	 5.0299E-03	 2.0270E-02
 5.8800E+02	 5.0308E-03	 2.0305E-02
 5.8900E+02	 5.0317E-03	 2.0340E-02
 5.9000E+02	 5.0326E-03	 2.0375E-02
 5.9100E+02	 5.0335E-03	 2.0410E-02
 5.9200E+02	 5.0344E-03	 2.0444E-02
 5.9300E+02	 5.0352E-03	 2.0479E-02
 5.9400E+02	 5.0361E-03	 2.0514E-02
 5.9500E+02	 5.0370E-03	 2.0548E-02
 5.9600E+02	 5.0379E-03	 2.0582E-02
 5.9700E+02	 5.0388E-03	 2.0617E-02
 5.9800E+02	 5.0397E-03	 2.0651E-02
 5.9900E+02	 5.0405E-03	 2.0685E-02


