#     0	 1	   24	 5	 1.0139E+03	  500	1
 1.0000E+02	 1.1019E-03	 1.7443E-06
 1.0100E+02	 1.1020E-03	 1.9192E-06
 1.0200E+02	 1.1021E-03	 2.1074E-06
 1.0300E+02	 1.1022E-03	 2.3099E-06
 1.0400E+02	 1.1023E-03	 2.5272E-06
 1.0500E+02	 1.1024E-03	 2.7601E-06
 1.0600E+02	 1.1025E-03	 3.0093E-06
 1.0700E+02	 1.1027E-03	 3.2757E-06
 1.0800E+02	 1.1028E-03	 3.5598E-06
 1.0900E+02	 1.1029E-03	 3.8625E-06
 1.1000E+02	 1.1030E-03	 4.1846E-06
 1.1100E+02	 1.1031E-03	 4.5268E-06
 1.1200E+02	 1.1032E-03	 4.8900E-06
 1.1300E+02	 1.1033E-03	 5.2749E-06
 1.1400E+02	 1.1034E-03	 5.6823E-06
 1.1500E+02	 1.1035E-03	 6.1131E-06
 1.1600E+02	 1.1037E-03	 6.5680E-06
 1.1700E+02	 1.1038E-03	 7.0478E-06
 1.1800E+02	 1.1039E-03	 7.5534E-06
 1.1900E+02	 1.1040E-03	 8.0856E-06
 1.2000E+02	 1.1041E-03	 8.6452E-06
 1.2100E+02	 1.1042E-03	 9.2330E-06
 1.2200E+02	 1.1043E-03	 9.8498E-06
 1.2300E+02	 1.1045E-03	 1.0496E-05
 1.2400E+02	 1.1046E-03	 1.1174E-05
 1.2500E+02	 1.1047E-03	 1.1882E-05
 1.2600E+02	 1.1048E-03	 1.2623E-05
 1.2700E+02	 1.1049E-03	 1.3397E-05
 1.2800E+02	 1.1050E-03	 1.4205E-05
 1.2900E+02	 1.1052E-03	 1.5048E-05
 1.3000E+02	 1.1053E-03	 1.5926E-05
 1.3100E+02	 1.1054E-03	 1.6840E-05
 1.3200E+02	 1.1055E-03	 1.7791E-05
 1.3300E+02	 1.1056E-03	 1.8779E-05
 1.3400E+02	 1.1057E-03	 1.9806E-05
 1.3500E+02	 1.1059E-03	 2.0873E-05
 1.3600E+02	 1.1060E-03	 2.1979E-05
 1.3700E+02	 1.1061E-03	 2.3125E-05
 1.3800E+02	 1.1062E-03	 2.4314E-05
 1.3900E+02	 1.1063E-03	 2.5544E-05
 1.4000E+02	 1.1064E-03	 2.6816E-05
 1.4100E+02	 1.1066E-03	 2.8132E-05
 1.4200E+02	 1.1067E-03	 2.9492E-05
 1.4300E+02	 1.1068E-03	 3.0897E-05
 1.4400E+02	 1.1069E-03	 3.2347E-05
 1.4500E+02	 1.1070E-03	 3.3842E-05
 1.4600E+02	 1.1072E-03	 3.5385E-05
 1.4700E+02	 1.1073E-03	 3.6974E-05
 1.4800E+02	 1.1074E-03	 3.8611E-05
 1.4900E+02	 1.1075E-03	 4.0296E-05
 1.5000E+02	 1.1076E-03	 4.2030E-05
 1.5100E+02	 1.1078E-03	 4.3813E-05
 1.5200E+02	 1.1079E-03	 4.5646E-05
 1.5300E+02	 1.1080E-03	 4.7529E-05
 1.5400E+02	 1.1081E-03	 4.9463E-05
 1.5500E+02	 1.1083E-03	 5.1448E-05
 1.5600E+02	 1.1084E-03	 5.3484E-05
 1.5700E+02	 1.1085E-03	 5.5573E-05
 1.5800E+02	 1.1086E-03	 5.7714E-05
 1.5900E+02	 1.1087E-03	 5.9908E-05
 1.6000E+02	 1.1089E-03	 6.2156E-05
 1.6100E+02	 1.1090E-03	 6.4457E-05
 1.6200E+02	 1.1091E-03	 6.6812E-05
 1.6300E+02	 1.1092E-03	 6.9222E-05
 1.6400E+02	 1.1094E-03	 7.1686E-05
 1.6500E+02	 1.1095E-03	 7.4205E-05
 1.6600E+02	 1.1096E-03	 7.6779E-05
 1.6700E+02	 1.1097E-03	 7.9409E-05
 1.6800E+02	 1.1098E-03	 8.2095E-05
 1.6900E+02	 1.1100E-03	 8.4837E-05
 1.7000E+02	 1.1101E-03	 8.7635E-05
 1.7100E+02	 1.1102E-03	 9.0490E-05
 1.7200E+02	 1.1103E-03	 9.3401E-05
 1.7300E+02	 1.1105E-03	 9.6370E-05
 1.7400E+02	 1.1106E-03	 9.9395E-05
 1.7500E+02	 1.1107E-03	 1.0248E-04
 1.7600E+02	 1.1108E-03	 1.0562E-04
 1.7700E+02	 1.1110E-03	 1.0882E-04
 1.7800E+02	 1.1111E-03	 1.1207E-04
 1.7900E+02	 1.1112E-03	 1.1538E-04
 1.8000E+02	 1.1113E-03	 1.1875E-04
 1.8100E+02	 1.1115E-03	 1.2218E-04
 1.8200E+02	 1.1116E-03	 1.2567E-04
 1.8300E+02	 1.1117E-03	 1.2921E-04
 1.8400E+02	 1.1118E-03	 1.3282E-04
 1.8500E+02	 1.1120E-03	 1.3648E-04
 1.8600E+02	 1.1121E-03	 1.4019E-04
 1.8700E+02	 1.1122E-03	 1.4397E-04
 1.8800E+02	 1.1124E-03	 1.4781E-04
 1.8900E+02	 1.1125E-03	 1.5170E-04
 1.9000E+02	 1.1126E-03	 1.5565E-04
 1.9100E+02	 1.1127E-03	 1.5966E-04
 1.9200E+02	 1.1129E-03	 1.6372E-04
 1.9300E+02	 1.1130E-03	 1.6785E-04
 1.9400E+02	 1.1131E-03	 1.7203E-04
 1.9500E+02	 1.1132E-03	 1.7627E-04
 1.9600E+02	 1.1134E-03	 1.8057E-04
 1.9700E+02	 1.1135E-03	 1.8492E-04
 1.9800E+02	 1.1136E-03	 1.8933E-04
 1.9900E+02	 1.1138E-03	 1.9380E-04
 2.0000E+02	 1.1139E-03	 1.9832E-04
 2.0100E+02	 1.1140E-03	 2.0291E-04
 2.0200E+02	 1.1141E-03	 2.0755E-04
 2.0300E+02	 1.1143E-03	 2.1224E-04
 2.0400E+02	 1.1144E-03	 2.1699E-04
 2.0500E+02	 1.1145E-03	 2.2180E-04
 2.0600E+02	 1.1146E-03	 2.2666E-04
 2.0700E+02	 1.1148E-03	 2.3158E-04
 2.0800E+02	 1.1149E-03	 2.3656E-04
 2.0900E+02	 1.1150E-03	 2.4159E-04
 2.1000E+02	 1.1152E-03	 2.4667E-04
 2.1100E+02	 1.1153E-03	 2.5181E-04
 2.1200E+02	 1.1154E-03	 2.5701E-04
 2.1300E+02	 1.1156E-03	 2.6225E-04
 2.1400E+02	 1.1157E-03	 2.6756E-04
 2.1500E+02	 1.1158E-03	 2.7291E-04
 2.1600E+02	 1.1159E-03	 2.7832E-04
 2.1700E+02	 1.1161E-03	 2.8378E-04
 2.1800E+02	 1.1162E-03	 2.8930E-04
 2.1900E+02	 1.1163E-03	 2.9487E-04
 2.2000E+02	 1.1165E-03	 3.0049E-04
 2.2100E+02	 1.1166E-03	 3.0616E-04
 2.2200E+02	 1.1167E-03	 3.1189E-04
 2.2300E+02	 1.1169E-03	 3.1766E-04
 2.2400E+02	 1.1170E-03	 3.2349E-04
 2.2500E+02	 1.1171E-03	 3.2937E-04
 2.2600E+02	 1.1172E-03	 3.3529E-04
 2.2700E+02	 1.1174E-03	 3.4127E-04
 2.2800E+02	 1.1175E-03	 3.4730E-04
 2.2900E+02	 1.1176E-03	 3.5338E-04
 2.3000E+02	 1.1178E-03	 3.5950E-04
 2.3100E+02	 1.1179E-03	 3.6568E-04
 2.3200E+02	 1.1180E-03	 3.7190E-04
 2.3300E+02	 1.1182E-03	 3.7817E-04
 2.3400E+02	 1.1183E-03	 3.8449E-04
 2.3500E+02	 1.1184E-03	 3.9086E-04
 2.3600E+02	 1.1186E-03	 3.9727E-04
 2.3700E+02	 1.1187E-03	 4.0373E-04
 2.3800E+02	 1.1188E-03	 4.1024E-04
 2.3900E+02	 1.1190E-03	 4.1679E-04
 2.4000E+02	 1.1191E-03	 4.2339E-04
 2.4100E+02	 1.1192E-03	 4.3003E-04
 2.4200E+02	 1.1194E-03	 4.3672E-04
 2.4300E+02	 1.1195E-03	 4.4345E-04
 2.4400E+02	 1.1196E-03	 4.5023E-04
 2.4500E+02	 1.1197E-03	 4.5705E-04
 2.4600E+02	 1.1199E-03	 4.6391E-04
 2.4700E+02	 1.1200E-03	 4.7081E-04
 2.4800E+02	 1.1201E-03	 4.7776E-04
 2.4900E+02	 1.1203E-03	 4.8475E-04
 2.5000E+02	 1.1204E-03	 4.9178E-04
 2.5100E+02	 1.1205E-03	 4.9886E-04
 2.5200E+02	 1.1207E-03	 5.0597E-04
 2.5300E+02	 1.1208E-03	 5.1312E-04
 2.5400E+02	 1.1209E-03	 5.2032E-04
 2.5500E+02	 1.1211E-03	 5.2755E-04
 2.5600E+02	 1.1212E-03	 5.3483E-04
 2.5700E+02	 1.1213E-03	 5.4214E-04
 2.5800E+02	 1.1215E-03	 5.4949E-04
 2.5900E+02	 1.1216E-03	 5.5688E-04
 2.6000E+02	 1.1217E-03	 5.6430E-04
 2.6100E+02	 1.1219E-03	 5.7177E-04
 2.6200E+02	 1.1220E-03	 5.7927E-04
 2.6300E+02	 1.1221E-03	 5.8681E-04
 2.6400E+02	 1.1223E-03	 5.9438E-04
 2.6500E+02	 1.1224E-03	 6.0199E-04
 2.6600E+02	 1.1225E-03	 6.0963E-04
 2.6700E+02	 1.1227E-03	 6.1731E-04
 2.6800E+02	 1.1228E-03	 6.2503E-04
 2.6900E+02	 1.1229E-03	 6.3278E-04
 2.7000E+02	 1.1231E-03	 6.4056E-04
 2.7100E+02	 1.1232E-03	 6.4837E-04
 2.7200E+02	 1.1234E-03	 6.5622E-04
 2.7300E+02	 1.1235E-03	 6.6410E-04
 2.7400E+02	 1.1236E-03	 6.7202E-04
 2.7500E+02	 1.1238E-03	 6.7996E-04
 2.7600E+02	 1.1239E-03	 6.8794E-04
 2.7700E+02	 1.1240E-03	 6.9594E-04
 2.7800E+02	 1.1242E-03	 7.0398E-04
 2.7900E+02	 1.1243E-03	 7.1205E-04
 2.8000E+02	 1.1244E-03	 7.2015E-04
 2.8100E+02	 1.1246E-03	 7.2828E-04
 2.8200E+02	 1.1247E-03	 7.3643E-04
 2.8300E+02	 1.1248E-03	 7.4462E-04
 2.8400E+02	 1.1250E-03	 7.5283E-04
 2.8500E+02	 1.1251E-03	 7.6108E-04
 2.8600E+02	 1.1252E-03	 7.6935E-04
 2.8700E+02	 1.1254E-03	 7.7764E-04
 2.8800E+02	 1.1255E-03	 7.8597E-04
 2.8900E+02	 1.1256E-03	 7.9432E-04
 2.9000E+02	 1.1258E-03	 8.0269E-04
 2.9100E+02	 1.1259E-03	 8.1109E-04
 2.9200E+02	 1.1260E-03	 8.1952E-04
 2.9300E+02	 1.1262E-03	 8.2797E-04
 2.9400E+02	 1.1263E-03	 8.3645E-04
 2.9500E+02	 1.1265E-03	 8.4495E-04
 2.9600E+02	 1.1266E-03	 8.5348E-04
 2.9700E+02	 1.1267E-03	 8.6203E-04
 2.9800E+02	 1.1269E-03	 8.7060E-04
 2.9900E+02	 1.1270E-03	 8.7919E-04
 3.0000E+02	 1.1271E-03	 8.8781E-04
 3.0100E+02	 1.1273E-03	 8.9645E-04
 3.0200E+02	 1.1274E-03	 9.0511E-04
 3.0300E+02	 1.1275E-03	 9.1379E-04
 3.0400E+02	 1.1277E-03	 9.2250E-04
 3.0500E+02	 1.1278E-03	 9.3122E-04
 3.0600E+02	 1.1279E-03	 9.3997E-04
 3.0700E+02	 1.1281E-03	 9.4873E-04
 3.0800E+02	 1.1282E-03	 9.5752E-04
 3.0900E+02	 1.1284E-03	 9.6632E-04
 3.1000E+02	 1.1285E-03	 9.7515E-04
 3.1100E+02	 1.1286E-03	 9.8399E-04
 3.1200E+02	 1.1288E-03	 9.9285E-04
 3.1300E+02	 1.1289E-03	 1.0017E-03
 3.1400E+02	 1.1290E-03	 1.0106E-03
 3.1500E+02	 1.1292E-03	 1.0195E-03
 3.1600E+02	 1.1293E-03	 1.0285E-03
 3.1700E+02	 1.1294E-03	 1.0374E-03
 3.1800E+02	 1.1296E-03	 1.0464E-03
 3.1900E+02	 1.1297E-03	 1.0554E-03
 3.2000E+02	 1.1299E-03	 1.0644E-03
 3.2100E+02	 1.1300E-03	 1.0734E-03
 3.2200E+02	 1.1301E-03	 1.0824E-03
 3.2300E+02	 1.1303E-03	 1.0914E-03
 3.2400E+02	 1.1304E-03	 1.1005E-03
 3.2500E+02	 1.1305E-03	 1.1096E-03
 3.2600E+02	 1.1307E-03	 1.1186E-03
 3.2700E+02	 1.1308E-03	 1.1277E-03
 3.2800E+02	 1.1309E-03	 1.1369E-03
 3.2900E+02	 1.1311E-03	 1.1460E-03
 3.3000E+02	 1.1312E-03	 1.1551E-03
 3.3100E+02	 1.1314E-03	 1.1643E-03
 3.3200E+02	 1.1315E-03	 1.1734E-03
 3.3300E+02	 1.1316E-03	 1.1826E-03
 3.3400E+02	 1.1318E-03	 1.1918E-03
 3.3500E+02	 1.1319E-03	 1.2010E-03
 3.3600E+02	 1.1320E-03	 1.2102E-03
 3.3700E+02	 1.1322E-03	 1.2194E-03
 3.3800E+02	 1.1323E-03	 1.2286E-03
 3.3900E+02	 1.1325E-03	 1.2379E-03
 3.4000E+02	 1.1326E-03	 1.2471E-03
 3.4100E+02	 1.1327E-03	 1.2564E-03
 3.4200E+02	 1.1329E-03	 1.2657E-03
 3.4300E+02	 1.1330E-03	 1.2749E-03
 3.4400E+02	 1.1331E-03	 1.2842E-03
 3.4500E+02	 1.1333E-03	 1.2935E-03
 3.4600E+02	 1.1334E-03	 1.3028E-03
 3.4700E+02	 1.1336E-03	 1.3121E-03
 3.4800E+02	 1.1337E-03	 1.3215E-03
 3.4900E+02	 1.1338E-03	 1.3308E-03
 3.5000E+02	 1.1340E-03	 1.3401E-03
 3.5100E+02	 1.1341E-03	 1.3495E-03
 3.5200E+02	 1.1342E-03	 1.3588E-03
 3.5300E+02	 1.1344E-03	 1.3682E-03
 3.5400E+02	 1.1345E-03	 1.3775E-03
 3.5500E+02	 1.1346E-03	 1.3869E-03
 3.5600E+02	 1.1348E-03	 1.3963E-03
 3.5700E+02	 1.1349E-03	 1.4057E-03
 3.5800E+02	 1.1351E-03	 1.4150E-03
 3.5900E+02	 1.1352E-03	 1.4244E-03
 3.6000E+02	 1.1353E-03	 1.4338E-03
 3.6100E+02	 1.1355E-03	 1.4432E-03
 3.6200E+02	 1.1356E-03	 1.4526E-03
 3.6300E+02	 1.1357E-03	 1.4620E-03
 3.6400E+02	 1.1359E-03	 1.4715E-03
 3.6500E+02	 1.1360E-03	 1.4809E-03
 3.6600E+02	 1.1362E-03	 1.4903E-03
 3.6700E+02	 1.1363E-03	 1.4997E-03
 3.6800E+02	 1.1364E-03	 1.5092E-03
 3.6900E+02	 1.1366E-03	 1.5186E-03
 3.7000E+02	 1.1367E-03	 1.5280E-03
 3.7100E+02	 1.1368E-03	 1.5375E-03
 3.7200E+02	 1.1370E-03	 1.5469E-03
 3.7300E+02	 1.1371E-03	 1.5563E-03
 3.7400E+02	 1.1373E-03	 1.5658E-03
 3.7500E+02	 1.1374E-03	 1.5752E-03
 3.7600E+02	 1.1375E-03	 1.5847E-03
 3.7700E+02	 1.1377E-03	 1.5941E-03
 3.7800E+02	 1.1378E-03	 1.6036E-03
 3.7900E+02	 1.1379E-03	 1.6130E-03
 3.8000E+02	 1.1381E-03	 1.6225E-03
 3.8100E+02	 1.1382E-03	 1.6319E-03
 3.8200E+02	 1.1384E-03	 1.6414E-03
 3.8300E+02	 1.1385E-03	 1.6508E-03
 3.8400E+02	 1.1386E-03	 1.6603E-03
 3.8500E+02	 1.1388E-03	 1.6698E-03
 3.8600E+02	 1.1389E-03	 1.6792E-03
 3.8700E+02	 1.1391E-03	 1.6887E-03
 3.8800E+02	 1.1392E-03	 1.6981E-03
 3.8900E+02	 1.1393E-03	 1.7076E-03
 3.9000E+02	 1.1395E-03	 1.7170E-03
 3.9100E+02	 1.1396E-03	 1.7265E-03
 3.9200E+02	 1.1397E-03	 1.7359E-03
 3.9300E+02	 1.1399E-03	 1.7454E-03
 3.9400E+02	 1.1400E-03	 1.7548E-03
 3.9500E+02	 1.1402E-03	 1.7643E-03
 3.9600E+02	 1.1403E-03	 1.7737E-03
 3.9700E+02	 1.1404E-03	 1.7831E-03
 3.9800E+02	 1.1406E-03	 1.7926E-03
 3.9900E+02	 1.1407E-03	 1.8020E-03
 4.0000E+02	 1.1408E-03	 1.8115E-03
 4.0100E+02	 1.1410E-03	 1.8209E-03
 4.0200E+02	 1.1411E-03	 1.8303E-03
 4.0300E+02	 1.1413E-03	 1.8397E-03
 4.0400E+02	 1.1414E-03	 1.8492E-03
 4.0500E+02	 1.1415E-03	 1.8586E-03
 4.0600E+02	 1.1417E-03	 1.8680E-03
 4.0700E+02	 1.1418E-03	 1.8774E-03
 4.0800E+02	 1.1419E-03	 1.8868E-03
 4.0900E+02	 1.1421E-03	 1.8962E-03
 4.1000E+02	 1.1422E-03	 1.9056E-03
 4.1100E+02	 1.1424E-03	 1.9150E-03
 4.1200E+02	 1.1425E-03	 1.9244E-03
 4.1300E+02	 1.1426E-03	 1.9338E-03
 4.1400E+02	 1.1428E-03	 1.9432E-03
 4.1500E+02	 1.1429E-03	 1.9526E-03
 4.1600E+02	 1.1430E-03	 1.9619E-03
 4.1700E+02	 1.1432E-03	 1.9713E-03
 4.1800E+02	 1.1433E-03	 1.9807E-03
 4.1900E+02	 1.1435E-03	 1.9900E-03
 4.2000E+02	 1.1436E-03	 1.9994E-03
 4.2100E+02	 1.1437E-03	 2.0087E-03
 4.2200E+02	 1.1439E-03	 2.0181E-03
 4.2300E+02	 1.1440E-03	 2.0274E-03
 4.2400E+02	 1.1441E-03	 2.0368E-03
 4.2500E+02	 1.1443E-03	 2.0461E-03
 4.2600E+02	 1.1444E-03	 2.0554E-03
 4.2700E+02	 1.1446E-03	 2.0647E-03
 4.2800E+02	 1.1447E-03	 2.0740E-03
 4.2900E+02	 1.1448E-03	 2.0833E-03
 4.3000E+02	 1.1450E-03	 2.0926E-03
 4.3100E+02	 1.1451E-03	 2.1019E-03
 4.3200E+02	 1.1453E-03	 2.1112E-03
 4.3300E+02	 1.1454E-03	 2.1205E-03
 4.3400E+02	 1.1455E-03	 2.1298E-03
 4.3500E+02	 1.1457E-03	 2.1390E-03
 4.3600E+02	 1.1458E-03	 2.1483E-03
 4.3700E+02	 1.1459E-03	 2.1575E-03
 4.3800E+02	 1.1461E-03	 2.1668E-03
 4.3900E+02	 1.1462E-03	 2.1760E-03
 4.4000E+02	 1.1464E-03	 2.1852E-03
 4.4100E+02	 1.1465E-03	 2.1944E-03
 4.4200E+02	 1.1466E-03	 2.2037E-03
 4.4300E+02	 1.1468E-03	 2.2129E-03
 4.4400E+02	 1.1469E-03	 2.2221E-03
 4.4500E+02	 1.1470E-03	 2.2312E-03
 4.4600E+02	 1.1472E-03	 2.2404E-03
 4.4700E+02	 1.1473E-03	 2.2496E-03
 4.4800E+02	 1.1475E-03	 2.2588E-03
 4.4900E+02	 1.1476E-03	 2.2679E-03
 4.5000E+02	 1.1477E-03	 2.2771E-03
 4.5100E+02	 1.1479E-03	 2.2862E-03
 4.5200E+02	 1.1480E-03	 2.2953E-03
 4.5300E+02	 1.1481E-03	 2.3045E-03
 4.5400E+02	 1.1483E-03	 2.3136E-03
 4.5500E+02	 1.1484E-03	 2.3227E-03
 4.5600E+02	 1.1486E-03	 2.3318E-03
 4.5700E+02	 1.1487E-03	 2.3409E-03
 4.5800E+02	 1.1488E-03	 2.3499E-03
 4.5900E+02	 1.1490E-03	 2.3590E-03
 4.6000E+02	 1.1491E-03	 2.3681E-03
 4.6100E+02	 1.1492E-03	 2.3771E-03
 4.6200E+02	 1.1494E-03	 2.3862E-03
 4.6300E+02	 1.1495E-03	 2.3952E-03
 4.6400E+02	 1.1497E-03	 2.4042E-03
 4.6500E+02	 1.1498E-03	 2.4132E-03
 4.6600E+02	 1.1499E-03	 2.4222E-03
 4.6700E+02	 1.1501E-03	 2.4312E-03
 4.6800E+02	 1.1502E-03	 2.4402E-03
 4.6900E+02	 1.1503E-03	 2.4492E-03
 4.7000E+02	 1.1505E-03	 2.4582E-03
 4.7100E+02	 1.1506E-03	 2.4671E-03
 4.7200E+02	 1.1508E-03	 2.4761E-03
 4.7300E+02	 1.1509E-03	 2.4850E-03
 4.7400E+02	 1.1510E-03	 2.4939E-03
 4.7500E+02	 1.1512E-03	 2.5028E-03
 4.7600E+02	 1.1513E-03	 2.5117E-03
 4.7700E+02	 1.1514E-03	 2.5206E-03
 4.7800E+02	 1.1516E-03	 2.5295E-03
 4.7900E+02	 1.1517E-03	 2.5384E-03
 4.8000E+02	 1.1519E-03	 2.5473E-03
 4.8100E+02	 1.1520E-03	 2.5561E-03
 4.8200E+02	 1.1521E-03	 2.5650E-03
 4.8300E+02	 1.1523E-03	 2.5738E-03
 4.8400E+02	 1.1524E-03	 2.5826E-03
 4.8500E+02	 1.1525E-03	 2.5914E-03
 4.8600E+02	 1.1527E-03	 2.6002E-03
 4.8700E+02	 1.1528E-03	 2.6090E-03
 4.8800E+02	 1.1530E-03	 2.6178E-03
 4.8900E+02	 1.1531E-03	 2.6266E-03
 4.9000E+02	 1.1532E-03	 2.6353E-03
 4.9100E+02	 1.1534E-03	 2.6441E-03
 4.9200E+02	 1.1535E-03	 2.6528E-03
 4.9300E+02	 1.1536E-03	 2.6615E-03
 4.9400E+02	 1.1538E-03	 2.6703E-03
 4.9500E+02	 1.1539E-03	 2.6790E-03
 4.9600E+02	 1.1541E-03	 2.6876E-03
 4.9700E+02	 1.1542E-03	 2.6963E-03
 4.9800E+02	 1.1543E-03	 2.7050E-03
 4.9900E+02	 1.1545E-03	 2.7137E-03
 5.0000E+02	 1.1546E-03	 2.7223E-03
 5.0100E+02	 1.1547E-03	 2.7309E-03
 5.0200E+02	 1.1549E-03	 2.7396E-03
 5.0300E+02	 1.1550E-03	 2.7482E-03
 5.0400E+02	 1.1552E-03	 2.7568E-03
 5.0500E+02	 1.1553E-03	 2.7654E-03
 5.0600E+02	 1.1554E-03	 2.7739E-03
 5.0700E+02	 1.1556E-03	 2.7825E-03
 5.0800E+02	 1.1557E-03	 2.7911E-03
 5.0900E+02	 1.1558E-03	 2.7996E-03
 5.1000E+02	 1.1560E-03	 2.8081E-03
 5.1100E+02	 1.1550E-03	 2.8138E-03
 5.1200E+02	 1.1551E-03	 2.8223E-03
 5.1300E+02	 1.1552E-03	 2.8308E-03
 5.1400E+02	 1.1554E-03	 2.8393E-03
 5.1500E+02	 1.1555E-03	 2.8477E-03
 5.1600E+02	 1.1556E-03	 2.8562E-03
 5.1700E+02	 1.1558E-03	 2.8646E-03
 5.1800E+02	 1.1559E-03	 2.8730E-03
 5.1900E+02	 1.1560E-03	 2.8814E-03
 5.2000E+02	 1.1562E-03	 2.8898E-03
 5.2100E+02	 1.1563E-03	 2.8982E-03
 5.2200E+02	 1.1564E-03	 2.9066E-03
 5.2300E+02	 1.1566E-03	 2.9150E-03
 5.2400E+02	 1.1567E-03	 2.9233E-03
 5.2500E+02	 1.1568E-03	 2.9316E-03
 5.2600E+02	 1.1570E-03	 2.9400E-03
 5.2700E+02	 1.1571E-03	 2.9483E-03
 5.2800E+02	 1.1572E-03	 2.9566E-03
 5.2900E+02	 1.1574E-03	 2.9649E-03
 5.3000E+02	 1.1575E-03	 2.9731E-03
 5.3100E+02	 1.1576E-03	 2.9814E-03
 5.3200E+02	 1.1578E-03	 2.9897E-03
 5.3300E+02	 1.1579E-03	 2.9979E-03
 5.3400E+02	 1.1580E-03	 3.0061E-03
 5.3500E+02	 1.1582E-03	 3.0143E-03
 5.3600E+02	 1.1583E-03	 3.0225E-03
 5.3700E+02	 1.1584E-03	 3.0307E-03
 5.3800E+02	 1.1586E-03	 3.0389E-03
 5.3900E+02	 1.1587E-03	 3.0471E-03
 5.4000E+02	 1.1588E-03	 3.0552E-03
 5.4100E+02	 1.1590E-03	 3.0634E-03
 5.4200E+02	 1.1591E-03	 3.0715E-03
 5.4300E+02	 1.1592E-03	 3.0796E-03
 5.4400E+02	 1.1594E-03	 3.0877E-03
 5.4500E+02	 1.1595E-03	 3.0958E-03
 5.4600E+02	 1.1596E-03	 3.1039E-03
 5.4700E+02	 1.1598E-03	 3.1119E-03
 5.4800E+02	 1.1599E-03	 3.1200E-03
 5.4900E+02	 1.1600E-03	 3.1280E-03
 5.5000E+02	 1.1602E-03	 3.1360E-03
 5.5100E+02	 1.1603E-03	 3.1441E-03
 5.5200E+02	 1.1604E-03	 3.1521E-03
 5.5300E+02	 1.1606E-03	 3.1601E-03
 5.5400E+02	 1.1607E-03	 3.1680E-03
 5.5500E+02	 1.1608E-03	 3.1760E-03
 5.5600E+02	 1.1610E-03	 3.1839E-03
 5.5700E+02	 1.1611E-03	 3.1919E-03
 5.5800E+02	 1.1612E-03	 3.1998E-03
 5.5900E+02	 1.1614E-03	 3.2077E-03
 5.6000E+02	 1.1615E-03	 3.2156E-03
 5.6100E+02	 1.1616E-03	 3.2235E-03
 5.6200E+02	 1.1618E-03	 3.2314E-03
 5.6300E+02	 1.1619E-03	 3.2392E-03
 5.6400E+02	 1.1620E-03	 3.2471E-03
 5.6500E+02	 1.1622E-03	 3.2549E-03
 5.6600E+02	 1.1623E-03	 3.2627E-03
 5.6700E+02	 1.1624E-03	 3.2706E-03
 5.6800E+02	 1.1626E-03	 3.2784E-03
 5.6900E+02	 1.1627E-03	 3.2861E-03
 5.7000E+02	 1.1628E-03	 3.2939E-03
 5.7100E+02	 1.1630E-03	 3.3017E-03
 5.7200E+02	 1.1631E-03	 3.3094E-03
 5.7300E+02	 1.1632E-03	 3.3171E-03
 5.7400E+02	 1.1634E-03	 3.3249E-03
 5.7500E+02	 1.1635E-03	 3.3326E-03
 5.7600E+02	 1.1636E-03	 3.3403E-03
 5.7700E+02	 1.1638E-03	 3.3480E-03
 5.7800E+02	 1.1639E-03	 3.3556E-03
 5.7900E+02	 1.1640E-03	 3.3633E-03
 5.8000E+02	 1.1642E-03	 3.3709E-03
 5.8100E+02	 1.1643E-03	 3.3786E-03
 5.8200E+02	 1.1644E-03	 3.3862E-03
 5.8300E+02	 1.1646E-03	 3.3938E-03
 5.8400E+02	 1.1647E-03	 3.4014E-03
 5.8500E+02	 1.1648E-03	 3.4090E-03
 5.8600E+02	 1.1649E-03	 3.4165E-03
 5.8700E+02	 1.1651E-03	 3.4241E-03
 5.8800E+02	 1.1652E-03	 3.4316E-03
 5.8900E+02	 1.1653E-03	 3.4391E-03
 5.9000E+02	 1.1655E-03	 3.4467E-03
 5.9100E+02	 1.1656E-03	 3.4542E-03
 5.9200E+02	 1.1657E-03	 3.4617E-03
 5.9300E+02	 1.1659E-03	 3.4691E-03
 5.9400E+02	 1.1660E-03	 3.4766E-03
 5.9500E+02	 1.1661E-03	 3.4840E-03
 5.9600E+02	 1.1663E-03	 3.4915E-03
 5.9700E+02	 1.1664E-03	 3.4989E-03
 5.9800E+02	 1.1665E-03	 3.5063E-03
 5.9900E+02	 1.1667E-03	 3.5137E-03


