#     0	 1	    6	 1	 5.7981E+02	  500	1
 1.0000E+02	 3.9648E-03	 4.8167E-04
 1.0100E+02	 3.9703E-03	 5.0830E-04
 1.0200E+02	 3.9758E-03	 5.3583E-04
 1.0300E+02	 3.9813E-03	 5.6426E-04
 1.0400E+02	 3.9868E-03	 5.9359E-04
 1.0500E+02	 3.9924E-03	 6.2383E-04
 1.0600E+02	 3.9979E-03	 6.5499E-04
 1.0700E+02	 4.0034E-03	 6.8706E-04
 1.0800E+02	 4.0089E-03	 7.2005E-04
 1.0900E+02	 4.0144E-03	 7.5396E-04
 1.1000E+02	 4.0199E-03	 7.8880E-04
 1.1100E+02	 4.0254E-03	 8.2455E-04
 1.1200E+02	 4.0310E-03	 8.6123E-04
 1.1300E+02	 4.0365E-03	 8.9884E-04
 1.1400E+02	 4.0420E-03	 9.3737E-04
 1.1500E+02	 4.0475E-03	 9.7682E-04
 1.1600E+02	 4.0531E-03	 1.0172E-03
 1.1700E+02	 4.0586E-03	 1.0585E-03
 1.1800E+02	 4.0641E-03	 1.1007E-03
 1.1900E+02	 4.0697E-03	 1.1438E-03
 1.2000E+02	 4.0752E-03	 1.1879E-03
 1.2100E+02	 4.0807E-03	 1.2328E-03
 1.2200E+02	 4.0863E-03	 1.2787E-03
 1.2300E+02	 4.0918E-03	 1.3254E-03
 1.2400E+02	 4.0973E-03	 1.3731E-03
 1.2500E+02	 4.1029E-03	 1.4216E-03
 1.2600E+02	 4.1084E-03	 1.4710E-03
 1.2700E+02	 4.1140E-03	 1.5213E-03
 1.2800E+02	 4.1195E-03	 1.5725E-03
 1.2900E+02	 4.1251E-03	 1.6246E-03
 1.3000E+02	 4.1306E-03	 1.6775E-03
 1.3100E+02	 4.1362E-03	 1.7313E-03
 1.3200E+02	 4.1417E-03	 1.7859E-03
 1.3300E+02	 4.1473E-03	 1.8414E-03
 1.3400E+02	 4.1528E-03	 1.8977E-03
 1.3500E+02	 4.1584E-03	 1.9549E-03
 1.3600E+02	 4.1639E-03	 2.0128E-03
 1.3700E+02	 4.1695E-03	 2.0716E-03
 1.3800E+02	 4.1750E-03	 2.1312E-03
 1.3900E+02	 4.1806E-03	 2.1916E-03
 1.4000E+02	 4.1862E-03	 2.2528E-03
 1.4100E+02	 4.1917E-03	 2.3148E-03
 1.4200E+02	 4.1973E-03	 2.3776E-03
 1.4300E+02	 4.2028E-03	 2.4411E-03
 1.4400E+02	 4.2084E-03	 2.5054E-03
 1.4500E+02	 4.2140E-03	 2.5704E-03
 1.4600E+02	 4.2195E-03	 2.6362E-03
 1.4700E+02	 4.2251E-03	 2.7028E-03
 1.4800E+02	 4.2307E-03	 2.7700E-03
 1.4900E+02	 4.2363E-03	 2.8380E-03
 1.5000E+02	 4.2418E-03	 2.9067E-03
 1.5100E+02	 4.2474E-03	 2.9760E-03
 1.5200E+02	 4.2530E-03	 3.0461E-03
 1.5300E+02	 4.2586E-03	 3.1169E-03
 1.5400E+02	 4.2641E-03	 3.1883E-03
 1.5500E+02	 4.2697E-03	 3.2604E-03
 1.5600E+02	 4.2753E-03	 3.3332E-03
 1.5700E+02	 4.2809E-03	 3.4066E-03
 1.5800E+02	 4.2864E-03	 3.4806E-03
 1.5900E+02	 4.2920E-03	 3.5553E-03
 1.6000E+02	 4.2976E-03	 3.6306E-03
 1.6100E+02	 4.3032E-03	 3.7065E-03
 1.6200E+02	 4.3088E-03	 3.7830E-03
 1.6300E+02	 4.3143E-03	 3.8601E-03
 1.6400E+02	 4.3199E-03	 3.9377E-03
 1.6500E+02	 4.3255E-03	 4.0160E-03
 1.6600E+02	 4.3311E-03	 4.0948E-03
 1.6700E+02	 4.3367E-03	 4.1742E-03
 1.6800E+02	 4.3423E-03	 4.2541E-03
 1.6900E+02	 4.3479E-03	 4.3346E-03
 1.7000E+02	 4.3534E-03	 4.4156E-03
 1.7100E+02	 4.3590E-03	 4.4972E-03
 1.7200E+02	 4.3646E-03	 4.5792E-03
 1.7300E+02	 4.3702E-03	 4.6618E-03
 1.7400E+02	 4.3758E-03	 4.7448E-03
 1.7500E+02	 4.3814E-03	 4.8283E-03
 1.7600E+02	 4.3870E-03	 4.9124E-03
 1.7700E+02	 4.3926E-03	 4.9968E-03
 1.7800E+02	 4.3982E-03	 5.0818E-03
 1.7900E+02	 4.4038E-03	 5.1672E-03
 1.8000E+02	 4.4093E-03	 5.2531E-03
 1.8100E+02	 4.4149E-03	 5.3394E-03
 1.8200E+02	 4.4205E-03	 5.4261E-03
 1.8300E+02	 4.4261E-03	 5.5132E-03
 1.8400E+02	 4.4317E-03	 5.6008E-03
 1.8500E+02	 4.4373E-03	 5.6888E-03
 1.8600E+02	 4.4429E-03	 5.7771E-03
 1.8700E+02	 4.4485E-03	 5.8659E-03
 1.8800E+02	 4.4541E-03	 5.9550E-03
 1.8900E+02	 4.4597E-03	 6.0446E-03
 1.9000E+02	 4.4653E-03	 6.1345E-03
 1.9100E+02	 4.4709E-03	 6.2247E-03
 1.9200E+02	 4.4765E-03	 6.3153E-03
 1.9300E+02	 4.4821E-03	 6.4063E-03
 1.9400E+02	 4.4877E-03	 6.4976E-03
 1.9500E+02	 4.4933E-03	 6.5892E-03
 1.9600E+02	 4.4989E-03	 6.6811E-03
 1.9700E+02	 4.5045E-03	 6.7734E-03
 1.9800E+02	 4.5101E-03	 6.8660E-03
 1.9900E+02	 4.5157E-03	 6.9589E-03
 2.0000E+02	 4.5213E-03	 7.0521E-03
 2.0100E+02	 4.5269E-03	 7.1455E-03
 2.0200E+02	 4.5325E-03	 7.2393E-03
 2.0300E+02	 4.5381E-03	 7.3333E-03
 2.0400E+02	 4.5437E-03	 7.4276E-03
 2.0500E+02	 4.5493E-03	 7.5222E-03
 2.0600E+02	 4.5549E-03	 7.6170E-03
 2.0700E+02	 4.5605E-03	 7.7121E-03
 2.0800E+02	 4.5661E-03	 7.8074E-03
 2.0900E+02	 4.5717E-03	 7.9030E-03
 2.1000E+02	 4.5773E-03	 7.9988E-03
 2.1100E+02	 4.5829E-03	 8.0948E-03
 2.1200E+02	 4.5885E-03	 8.1910E-03
 2.1300E+02	 4.5941E-03	 8.2875E-03
 2.1400E+02	 4.5997E-03	 8.3842E-03
 2.1500E+02	 4.6053E-03	 8.4811E-03
 2.1600E+02	 4.6109E-03	 8.5781E-03
 2.1700E+02	 4.6165E-03	 8.6754E-03
 2.1800E+02	 4.6222E-03	 8.7729E-03
 2.1900E+02	 4.6278E-03	 8.8705E-03
 2.2000E+02	 4.6334E-03	 8.9683E-03
 2.2100E+02	 4.6390E-03	 9.0663E-03
 2.2200E+02	 4.6446E-03	 9.1645E-03
 2.2300E+02	 4.6502E-03	 9.2628E-03
 2.2400E+02	 4.6558E-03	 9.3613E-03
 2.2500E+02	 4.6614E-03	 9.4599E-03
 2.2600E+02	 4.6670E-03	 9.5587E-03
 2.2700E+02	 4.6726E-03	 9.6576E-03
 2.2800E+02	 4.6782E-03	 9.7566E-03
 2.2900E+02	 4.6838E-03	 9.8558E-03
 2.3000E+02	 4.6894E-03	 9.9551E-03
 2.3100E+02	 4.6950E-03	 1.0055E-02
 2.3200E+02	 4.7006E-03	 1.0154E-02
 2.3300E+02	 4.7062E-03	 1.0254E-02
 2.3400E+02	 4.7118E-03	 1.0354E-02
 2.3500E+02	 4.7175E-03	 1.0453E-02
 2.3600E+02	 4.7231E-03	 1.0553E-02
 2.3700E+02	 4.7287E-03	 1.0653E-02
 2.3800E+02	 4.7343E-03	 1.0754E-02
 2.3900E+02	 4.7399E-03	 1.0854E-02
 2.4000E+02	 4.7455E-03	 1.0954E-02
 2.4100E+02	 4.7511E-03	 1.1055E-02
 2.4200E+02	 4.7567E-03	 1.1155E-02
 2.4300E+02	 4.7623E-03	 1.1256E-02
 2.4400E+02	 4.7679E-03	 1.1356E-02
 2.4500E+02	 4.7735E-03	 1.1457E-02
 2.4600E+02	 4.7791E-03	 1.1558E-02
 2.4700E+02	 4.7847E-03	 1.1659E-02
 2.4800E+02	 4.7903E-03	 1.1760E-02
 2.4900E+02	 4.7959E-03	 1.1860E-02
 2.5000E+02	 4.8015E-03	 1.1961E-02
 2.5100E+02	 4.8071E-03	 1.2062E-02
 2.5200E+02	 4.8127E-03	 1.2164E-02
 2.5300E+02	 4.8183E-03	 1.2265E-02
 2.5400E+02	 4.8239E-03	 1.2366E-02
 2.5500E+02	 4.8295E-03	 1.2467E-02
 2.5600E+02	 4.8351E-03	 1.2568E-02
 2.5700E+02	 4.8407E-03	 1.2669E-02
 2.5800E+02	 4.8463E-03	 1.2771E-02
 2.5900E+02	 4.8519E-03	 1.2872E-02
 2.6000E+02	 4.8575E-03	 1.2973E-02
 2.6100E+02	 4.8631E-03	 1.3074E-02
 2.6200E+02	 4.8687E-03	 1.3176E-02
 2.6300E+02	 4.8743E-03	 1.3277E-02
 2.6400E+02	 4.8799E-03	 1.3378E-02
 2.6500E+02	 4.8855E-03	 1.3479E-02
 2.6600E+02	 4.8911E-03	 1.3581E-02
 2.6700E+02	 4.8967E-03	 1.3682E-02
 2.6800E+02	 4.9022E-03	 1.3783E-02
 2.6900E+02	 4.9078E-03	 1.3885E-02
 2.7000E+02	 4.9134E-03	 1.3986E-02
 2.7100E+02	 4.9190E-03	 1.4087E-02
 2.7200E+02	 4.9246E-03	 1.4188E-02
 2.7300E+02	 4.9302E-03	 1.4290E-02
 2.7400E+02	 4.9358E-03	 1.4391E-02
 2.7500E+02	 4.9414E-03	 1.4492E-02
 2.7600E+02	 4.9470E-03	 1.4593E-02
 2.7700E+02	 4.9525E-03	 1.4694E-02
 2.7800E+02	 4.9581E-03	 1.4795E-02
 2.7900E+02	 4.9637E-03	 1.4896E-02
 2.8000E+02	 4.9693E-03	 1.4997E-02
 2.8100E+02	 4.9749E-03	 1.5098E-02
 2.8200E+02	 4.9805E-03	 1.5199E-02
 2.8300E+02	 4.9860E-03	 1.5300E-02
 2.8400E+02	 4.9916E-03	 1.5401E-02
 2.8500E+02	 4.9972E-03	 1.5502E-02
 2.8600E+02	 5.0028E-03	 1.5602E-02
 2.8700E+02	 5.0084E-03	 1.5703E-02
 2.8800E+02	 5.0139E-03	 1.5804E-02
 2.8900E+02	 5.0195E-03	 1.5904E-02
 2.9000E+02	 5.0251E-03	 1.6005E-02
 2.9100E+02	 5.0307E-03	 1.6105E-02
 2.9200E+02	 5.0363E-03	 1.6206E-02
 2.9300E+02	 5.0418E-03	 1.6306E-02
 2.9400E+02	 5.0474E-03	 1.6406E-02
 2.9500E+02	 5.0530E-03	 1.6507E-02
 2.9600E+02	 5.0585E-03	 1.6607E-02
 2.9700E+02	 5.0641E-03	 1.6707E-02
 2.9800E+02	 5.0697E-03	 1.6807E-02
 2.9900E+02	 5.0753E-03	 1.6907E-02
 3.0000E+02	 5.0808E-03	 1.7007E-02
 3.0100E+02	 5.0864E-03	 1.7107E-02
 3.0200E+02	 5.0920E-03	 1.7206E-02
 3.0300E+02	 5.0975E-03	 1.7306E-02
 3.0400E+02	 5.1031E-03	 1.7406E-02
 3.0500E+02	 5.1087E-03	 1.7505E-02
 3.0600E+02	 5.1142E-03	 1.7605E-02
 3.0700E+02	 5.1198E-03	 1.7704E-02
 3.0800E+02	 5.1254E-03	 1.7803E-02
 3.0900E+02	 5.1309E-03	 1.7902E-02
 3.1000E+02	 5.1365E-03	 1.8002E-02
 3.1100E+02	 5.1420E-03	 1.8101E-02
 3.1200E+02	 5.1476E-03	 1.8199E-02
 3.1300E+02	 5.1532E-03	 1.8298E-02
 3.1400E+02	 5.1587E-03	 1.8397E-02
 3.1500E+02	 5.1643E-03	 1.8496E-02
 3.1600E+02	 5.1698E-03	 1.8594E-02
 3.1700E+02	 5.1754E-03	 1.8693E-02
 3.1800E+02	 5.1809E-03	 1.8791E-02
 3.1900E+02	 5.1865E-03	 1.8889E-02
 3.2000E+02	 5.1920E-03	 1.8988E-02
 3.2100E+02	 5.1976E-03	 1.9086E-02
 3.2200E+02	 5.2031E-03	 1.9184E-02
 3.2300E+02	 5.2087E-03	 1.9282E-02
 3.2400E+02	 5.2142E-03	 1.9379E-02
 3.2500E+02	 5.2198E-03	 1.9477E-02
 3.2600E+02	 5.2253E-03	 1.9575E-02
 3.2700E+02	 5.2309E-03	 1.9672E-02
 3.2800E+02	 5.2364E-03	 1.9770E-02
 3.2900E+02	 5.2420E-03	 1.9867E-02
 3.3000E+02	 5.2475E-03	 1.9964E-02
 3.3100E+02	 5.2530E-03	 2.0061E-02
 3.3200E+02	 5.2586E-03	 2.0158E-02
 3.3300E+02	 5.2641E-03	 2.0255E-02
 3.3400E+02	 5.2697E-03	 2.0352E-02
 3.3500E+02	 5.2752E-03	 2.0448E-02
 3.3600E+02	 5.2807E-03	 2.0545E-02
 3.3700E+02	 5.2863E-03	 2.0641E-02
 3.3800E+02	 5.2918E-03	 2.0738E-02
 3.3900E+02	 5.2973E-03	 2.0834E-02
 3.4000E+02	 5.3029E-03	 2.0930E-02
 3.4100E+02	 5.3084E-03	 2.1026E-02
 3.4200E+02	 5.3139E-03	 2.1122E-02
 3.4300E+02	 5.3195E-03	 2.1218E-02
 3.4400E+02	 5.3250E-03	 2.1313E-02
 3.4500E+02	 5.3305E-03	 2.1409E-02
 3.4600E+02	 5.3360E-03	 2.1504E-02
 3.4700E+02	 5.3416E-03	 2.1599E-02
 3.4800E+02	 5.3471E-03	 2.1695E-02
 3.4900E+02	 5.3526E-03	 2.1790E-02
 3.5000E+02	 5.3581E-03	 2.1885E-02
 3.5100E+02	 5.3637E-03	 2.1979E-02
 3.5200E+02	 5.3692E-03	 2.2074E-02
 3.5300E+02	 5.3747E-03	 2.2169E-02
 3.5400E+02	 5.3802E-03	 2.2263E-02
 3.5500E+02	 5.3857E-03	 2.2357E-02
 3.5600E+02	 5.3912E-03	 2.2452E-02
 3.5700E+02	 5.3968E-03	 2.2546E-02
 3.5800E+02	 5.4023E-03	 2.2640E-02
 3.5900E+02	 5.4078E-03	 2.2733E-02
 3.6000E+02	 5.4133E-03	 2.2827E-02
 3.6100E+02	 5.4188E-03	 2.2921E-02
 3.6200E+02	 5.4243E-03	 2.3014E-02
 3.6300E+02	 5.4298E-03	 2.3108E-02
 3.6400E+02	 5.4353E-03	 2.3201E-02
 3.6500E+02	 5.4408E-03	 2.3294E-02
 3.6600E+02	 5.4463E-03	 2.3387E-02
 3.6700E+02	 5.4518E-03	 2.3480E-02
 3.6800E+02	 5.4573E-03	 2.3572E-02
 3.6900E+02	 5.4628E-03	 2.3665E-02
 3.7000E+02	 5.4683E-03	 2.3757E-02
 3.7100E+02	 5.4738E-03	 2.3850E-02
 3.7200E+02	 5.4793E-03	 2.3942E-02
 3.7300E+02	 5.4848E-03	 2.4034E-02
 3.7400E+02	 5.4903E-03	 2.4126E-02
 3.7500E+02	 5.4958E-03	 2.4218E-02
 3.7600E+02	 5.5013E-03	 2.4310E-02
 3.7700E+02	 5.5068E-03	 2.4401E-02
 3.7800E+02	 5.5123E-03	 2.4493E-02
 3.7900E+02	 5.5178E-03	 2.4584E-02
 3.8000E+02	 5.5233E-03	 2.4675E-02
 3.8100E+02	 5.5287E-03	 2.4766E-02
 3.8200E+02	 5.5342E-03	 2.4857E-02
 3.8300E+02	 5.5397E-03	 2.4948E-02
 3.8400E+02	 5.5452E-03	 2.5039E-02
 3.8500E+02	 5.5507E-03	 2.5129E-02
 3.8600E+02	 5.5562E-03	 2.5220E-02
 3.8700E+02	 5.5616E-03	 2.5310E-02
 3.8800E+02	 5.5671E-03	 2.5400E-02
 3.8900E+02	 5.5726E-03	 2.5490E-02
 3.9000E+02	 5.5781E-03	 2.5580E-02
 3.9100E+02	 5.5836E-03	 2.5670E-02
 3.9200E+02	 5.5890E-03	 2.5759E-02
 3.9300E+02	 5.5945E-03	 2.5849E-02
 3.9400E+02	 5.6000E-03	 2.5938E-02
 3.9500E+02	 5.6054E-03	 2.6027E-02
 3.9600E+02	 5.6109E-03	 2.6117E-02
 3.9700E+02	 5.6164E-03	 2.6206E-02
 3.9800E+02	 5.6219E-03	 2.6294E-02
 3.9900E+02	 5.6273E-03	 2.6383E-02
 4.0000E+02	 5.6328E-03	 2.6472E-02
 4.0100E+02	 5.6383E-03	 2.6560E-02
 4.0200E+02	 5.6437E-03	 2.6649E-02
 4.0300E+02	 5.6492E-03	 2.6737E-02
 4.0400E+02	 5.6546E-03	 2.6825E-02
 4.0500E+02	 5.6601E-03	 2.6913E-02
 4.0600E+02	 5.6656E-03	 2.7001E-02
 4.0700E+02	 5.6710E-03	 2.7088E-02
 4.0800E+02	 5.6765E-03	 2.7176E-02
 4.0900E+02	 5.6819E-03	 2.7263E-02
 4.1000E+02	 5.6874E-03	 2.7350E-02
 4.1100E+02	 5.6928E-03	 2.7438E-02
 4.1200E+02	 5.6983E-03	 2.7525E-02
 4.1300E+02	 5.7037E-03	 2.7611E-02
 4.1400E+02	 5.7092E-03	 2.7698E-02
 4.1500E+02	 5.7146E-03	 2.7785E-02
 4.1600E+02	 5.7201E-03	 2.7871E-02
 4.1700E+02	 5.7255E-03	 2.7958E-02
 4.1800E+02	 5.7310E-03	 2.8044E-02
 4.1900E+02	 5.7364E-03	 2.8130E-02
 4.2000E+02	 5.7419E-03	 2.8216E-02
 4.2100E+02	 5.7473E-03	 2.8302E-02
 4.2200E+02	 5.7527E-03	 2.8387E-02
 4.2300E+02	 5.7582E-03	 2.8473E-02
 4.2400E+02	 5.7636E-03	 2.8558E-02
 4.2500E+02	 5.7691E-03	 2.8644E-02
 4.2600E+02	 5.7745E-03	 2.8729E-02
 4.2700E+02	 5.7799E-03	 2.8814E-02
 4.2800E+02	 5.7854E-03	 2.8899E-02
 4.2900E+02	 5.7908E-03	 2.8984E-02
 4.3000E+02	 5.7962E-03	 2.9068E-02
 4.3100E+02	 5.8016E-03	 2.9153E-02
 4.3200E+02	 5.8071E-03	 2.9237E-02
 4.3300E+02	 5.8125E-03	 2.9321E-02
 4.3400E+02	 5.8179E-03	 2.9406E-02
 4.3500E+02	 5.8233E-03	 2.9490E-02
 4.3600E+02	 5.8288E-03	 2.9573E-02
 4.3700E+02	 5.8342E-03	 2.9657E-02
 4.3800E+02	 5.8396E-03	 2.9741E-02
 4.3900E+02	 5.8450E-03	 2.9824E-02
 4.4000E+02	 5.8505E-03	 2.9908E-02
 4.4100E+02	 5.8559E-03	 2.9991E-02
 4.4200E+02	 5.8613E-03	 3.0074E-02
 4.4300E+02	 5.8667E-03	 3.0157E-02
 4.4400E+02	 5.8721E-03	 3.0240E-02
 4.4500E+02	 5.8775E-03	 3.0322E-02
 4.4600E+02	 5.8829E-03	 3.0405E-02
 4.4700E+02	 5.8883E-03	 3.0487E-02
 4.4800E+02	 5.8938E-03	 3.0570E-02
 4.4900E+02	 5.8992E-03	 3.0652E-02
 4.5000E+02	 5.9046E-03	 3.0734E-02
 4.5100E+02	 5.9100E-03	 3.0816E-02
 4.5200E+02	 5.9154E-03	 3.0898E-02
 4.5300E+02	 5.9208E-03	 3.0979E-02
 4.5400E+02	 5.9262E-03	 3.1061E-02
 4.5500E+02	 5.9316E-03	 3.1142E-02
 4.5600E+02	 5.9370E-03	 3.1223E-02
 4.5700E+02	 5.9424E-03	 3.1305E-02
 4.5800E+02	 5.9478E-03	 3.1386E-02
 4.5900E+02	 5.9531E-03	 3.1466E-02
 4.6000E+02	 5.9585E-03	 3.1547E-02
 4.6100E+02	 5.9639E-03	 3.1628E-02
 4.6200E+02	 5.9693E-03	 3.1708E-02
 4.6300E+02	 5.9747E-03	 3.1789E-02
 4.6400E+02	 5.9801E-03	 3.1869E-02
 4.6500E+02	 5.9855E-03	 3.1949E-02
 4.6600E+02	 5.9908E-03	 3.2029E-02
 4.6700E+02	 5.9962E-03	 3.2109E-02
 4.6800E+02	 6.0016E-03	 3.2189E-02
 4.6900E+02	 6.0070E-03	 3.2268E-02
 4.7000E+02	 6.0124E-03	 3.2348E-02
 4.7100E+02	 6.0177E-03	 3.2427E-02
 4.7200E+02	 6.0231E-03	 3.2506E-02
 4.7300E+02	 6.0285E-03	 3.2585E-02
 4.7400E+02	 6.0338E-03	 3.2664E-02
 4.7500E+02	 6.0392E-03	 3.2743E-02
 4.7600E+02	 6.0446E-03	 3.2822E-02
 4.7700E+02	 6.0499E-03	 3.2900E-02
 4.7800E+02	 6.0553E-03	 3.2979E-02
 4.7900E+02	 6.0607E-03	 3.3057E-02
 4.8000E+02	 6.0660E-03	 3.3135E-02
 4.8100E+02	 6.0714E-03	 3.3214E-02
 4.8200E+02	 6.0767E-03	 3.3292E-02
 4.8300E+02	 6.0821E-03	 3.3369E-02
 4.8400E+02	 6.0875E-03	 3.3447E-02
 4.8500E+02	 6.0928E-03	 3.3525E-02
 4.8600E+02	 6.0982E-03	 3.3602E-02
 4.8700E+02	 6.1035E-03	 3.3679E-02
 4.8800E+02	 6.1089E-03	 3.3757E-02
 4.8900E+02	 6.1142E-03	 3.3834E-02
 4.9000E+02	 6.1196E-03	 3.3911E-02
 4.9100E+02	 6.1249E-03	 3.3988E-02
 4.9200E+02	 6.1302E-03	 3.4064E-02
 4.9300E+02	 6.1356E-03	 3.4141E-02
 4.9400E+02	 6.1409E-03	 3.4217E-02
 4.9500E+02	 6.1463E-03	 3.4294E-02
 4.9600E+02	 6.1516E-03	 3.4370E-02
 4.9700E+02	 6.1569E-03	 3.4446E-02
 4.9800E+02	 6.1623E-03	 3.4522E-02
 4.9900E+02	 6.1676E-03	 3.4598E-02
 5.0000E+02	 6.1729E-03	 3.4674E-02
 5.0100E+02	 6.1783E-03	 3.4749E-02
 5.0200E+02	 6.1836E-03	 3.4825E-02
 5.0300E+02	 6.1889E-03	 3.4900E-02
 5.0400E+02	 6.1942E-03	 3.4975E-02
 5.0500E+02	 6.1996E-03	 3.5051E-02
 5.0600E+02	 6.2049E-03	 3.5126E-02
 5.0700E+02	 6.2102E-03	 3.5200E-02
 5.0800E+02	 6.2155E-03	 3.5275E-02
 5.0900E+02	 6.2208E-03	 3.5350E-02
 5.1000E+02	 6.2262E-03	 3.5424E-02
 5.1100E+02	 6.2252E-03	 3.5463E-02
 5.1200E+02	 6.2305E-03	 3.5538E-02
 5.1300E+02	 6.2358E-03	 3.5612E-02
 5.1400E+02	 6.2411E-03	 3.5685E-02
 5.1500E+02	 6.2464E-03	 3.5759E-02
 5.1600E+02	 6.2517E-03	 3.5833E-02
 5.1700E+02	 6.2570E-03	 3.5906E-02
 5.1800E+02	 6.2622E-03	 3.5980E-02
 5.1900E+02	 6.2675E-03	 3.6053E-02
 5.2000E+02	 6.2728E-03	 3.6126E-02
 5.2100E+02	 6.2781E-03	 3.6199E-02
 5.2200E+02	 6.2834E-03	 3.6272E-02
 5.2300E+02	 6.2886E-03	 3.6345E-02
 5.2400E+02	 6.2939E-03	 3.6418E-02
 5.2500E+02	 6.2992E-03	 3.6490E-02
 5.2600E+02	 6.3045E-03	 3.6563E-02
 5.2700E+02	 6.3097E-03	 3.6635E-02
 5.2800E+02	 6.3150E-03	 3.6708E-02
 5.2900E+02	 6.3203E-03	 3.6780E-02
 5.3000E+02	 6.3255E-03	 3.6852E-02
 5.3100E+02	 6.3308E-03	 3.6924E-02
 5.3200E+02	 6.3360E-03	 3.6995E-02
 5.3300E+02	 6.3413E-03	 3.7067E-02
 5.3400E+02	 6.3466E-03	 3.7139E-02
 5.3500E+02	 6.3518E-03	 3.7210E-02
 5.3600E+02	 6.3571E-03	 3.7281E-02
 5.3700E+02	 6.3623E-03	 3.7353E-02
 5.3800E+02	 6.3676E-03	 3.7424E-02
 5.3900E+02	 6.3728E-03	 3.7495E-02
 5.4000E+02	 6.3781E-03	 3.7566E-02
 5.4100E+02	 6.3833E-03	 3.7636E-02
 5.4200E+02	 6.3886E-03	 3.7707E-02
 5.4300E+02	 6.3938E-03	 3.7778E-02
 5.4400E+02	 6.3990E-03	 3.7848E-02
 5.4500E+02	 6.4043E-03	 3.7918E-02
 5.4600E+02	 6.4095E-03	 3.7988E-02
 5.4700E+02	 6.4148E-03	 3.8059E-02
 5.4800E+02	 6.4200E-03	 3.8129E-02
 5.4900E+02	 6.4252E-03	 3.8198E-02
 5.5000E+02	 6.4305E-03	 3.8268E-02
 5.5100E+02	 6.4357E-03	 3.8338E-02
 5.5200E+02	 6.4409E-03	 3.8407E-02
 5.5300E+02	 6.4461E-03	 3.8477E-02
 5.5400E+02	 6.4514E-03	 3.8546E-02
 5.5500E+02	 6.4566E-03	 3.8615E-02
 5.5600E+02	 6.4618E-03	 3.8684E-02
 5.5700E+02	 6.4670E-03	 3.8753E-02
 5.5800E+02	 6.4723E-03	 3.8822E-02
 5.5900E+02	 6.4775E-03	 3.8891E-02
 5.6000E+02	 6.4827E-03	 3.8959E-02
 5.6100E+02	 6.4879E-03	 3.9028E-02
 5.6200E+02	 6.4931E-03	 3.9096E-02
 5.6300E+02	 6.4983E-03	 3.9165E-02
 5.6400E+02	 6.5035E-03	 3.9233E-02
 5.6500E+02	 6.5087E-03	 3.9301E-02
 5.6600E+02	 6.5140E-03	 3.9369E-02
 5.6700E+02	 6.5192E-03	 3.9437E-02
 5.6800E+02	 6.5244E-03	 3.9505E-02
 5.6900E+02	 6.5296E-03	 3.9572E-02
 5.7000E+02	 6.5348E-03	 3.9640E-02
 5.7100E+02	 6.5400E-03	 3.9707E-02
 5.7200E+02	 6.5452E-03	 3.9775E-02
 5.7300E+02	 6.5503E-03	 3.9842E-02
 5.7400E+02	 6.5555E-03	 3.9909E-02
 5.7500E+02	 6.5607E-03	 3.9976E-02
 5.7600E+02	 6.5659E-03	 4.0043E-02
 5.7700E+02	 6.5711E-03	 4.0110E-02
 5.7800E+02	 6.5763E-03	 4.0177E-02
 5.7900E+02	 6.5815E-03	 4.0243E-02
 5.8000E+02	 6.5867E-03	 4.0310E-02
 5.8100E+02	 6.5918E-03	 4.0376E-02
 5.8200E+02	 6.5970E-03	 4.0442E-02
 5.8300E+02	 6.6022E-03	 4.0509E-02
 5.8400E+02	 6.6074E-03	 4.0575E-02
 5.8500E+02	 6.6126E-03	 4.0641E-02
 5.8600E+02	 6.6177E-03	 4.0706E-02
 5.8700E+02	 6.6229E-03	 4.0772E-02
 5.8800E+02	 6.6281E-03	 4.0838E-02
 5.8900E+02	 6.6332E-03	 4.0903E-02
 5.9000E+02	 6.6384E-03	 4.0969E-02
 5.9100E+02	 6.6436E-03	 4.1034E-02
 5.9200E+02	 6.6487E-03	 4.1099E-02
 5.9300E+02	 6.6539E-03	 4.1165E-02
 5.9400E+02	 6.6591E-03	 4.1230E-02
 5.9500E+02	 6.6642E-03	 4.1295E-02
 5.9600E+02	 6.6694E-03	 4.1359E-02
 5.9700E+02	 6.6745E-03	 4.1424E-02
 5.9800E+02	 6.6797E-03	 4.1489E-02
 5.9900E+02	 6.6848E-03	 4.1553E-02


