#     0	 1	    4	 5	 1.4700E+02	  500	1
 1.0000E+02	 7.8419E-02	 7.2216E-01
 1.0100E+02	 7.8427E-02	 7.2918E-01
 1.0200E+02	 7.8435E-02	 7.3610E-01
 1.0300E+02	 7.8442E-02	 7.4291E-01
 1.0400E+02	 7.8450E-02	 7.4962E-01
 1.0500E+02	 7.8458E-02	 7.5622E-01
 1.0600E+02	 7.8465E-02	 7.6273E-01
 1.0700E+02	 7.8473E-02	 7.6913E-01
 1.0800E+02	 7.8481E-02	 7.7544E-01
 1.0900E+02	 7.8488E-02	 7.8165E-01
 1.1000E+02	 7.8496E-02	 7.8776E-01
 1.1100E+02	 7.8503E-02	 7.9378E-01
 1.1200E+02	 7.8511E-02	 7.9970E-01
 1.1300E+02	 7.8518E-02	 8.0554E-01
 1.1400E+02	 7.8526E-02	 8.1128E-01
 1.1500E+02	 7.8533E-02	 8.1693E-01
 1.1600E+02	 7.8541E-02	 8.2249E-01
 1.1700E+02	 7.8548E-02	 8.2796E-01
 1.1800E+02	 7.8555E-02	 8.3335E-01
 1.1900E+02	 7.8563E-02	 8.3865E-01
 1.2000E+02	 7.8570E-02	 8.4387E-01
 1.2100E+02	 7.8577E-02	 8.4901E-01
 1.2200E+02	 7.8585E-02	 8.5406E-01
 1.2300E+02	 7.8592E-02	 8.5903E-01
 1.2400E+02	 7.8599E-02	 8.6393E-01
 1.2500E+02	 7.8606E-02	 8.6874E-01
 1.2600E+02	 7.8614E-02	 8.7348E-01
 1.2700E+02	 7.8621E-02	 8.7815E-01
 1.2800E+02	 7.8628E-02	 8.8274E-01
 1.2900E+02	 7.8635E-02	 8.8725E-01
 1.3000E+02	 7.8642E-02	 8.9170E-01
 1.3100E+02	 7.8649E-02	 8.9607E-01
 1.3200E+02	 7.8656E-02	 9.0037E-01
 1.3300E+02	 7.8663E-02	 9.0460E-01
 1.3400E+02	 7.8670E-02	 9.0876E-01
 1.3500E+02	 7.8677E-02	 9.1286E-01
 1.3600E+02	 7.8684E-02	 9.1689E-01
 1.3700E+02	 7.8691E-02	 9.2085E-01
 1.3800E+02	 7.8698E-02	 9.2476E-01
 1.3900E+02	 7.8705E-02	 9.2859E-01
 1.4000E+02	 7.8712E-02	 9.3237E-01
 1.4100E+02	 7.8719E-02	 9.3608E-01
 1.4200E+02	 7.8726E-02	 9.3973E-01
 1.4300E+02	 7.8733E-02	 9.4333E-01
 1.4400E+02	 7.8740E-02	 9.4686E-01
 1.4500E+02	 7.8746E-02	 9.5034E-01
 1.4600E+02	 7.8753E-02	 9.5376E-01
 1.4700E+02	 7.8760E-02	 9.5713E-01
 1.4800E+02	 7.8767E-02	 9.6044E-01
 1.4900E+02	 7.8773E-02	 9.6369E-01
 1.5000E+02	 7.8780E-02	 9.6690E-01
 1.5100E+02	 7.8787E-02	 9.7005E-01
 1.5200E+02	 7.8793E-02	 9.7314E-01
 1.5300E+02	 7.8800E-02	 9.7619E-01
 1.5400E+02	 7.8807E-02	 9.7919E-01
 1.5500E+02	 7.8813E-02	 9.8213E-01
 1.5600E+02	 7.8820E-02	 9.8503E-01
 1.5700E+02	 7.8826E-02	 9.8788E-01
 1.5800E+02	 7.8833E-02	 9.9069E-01
 1.5900E+02	 7.8839E-02	 9.9345E-01
 1.6000E+02	 7.8846E-02	 9.9616E-01
 1.6100E+02	 7.8852E-02	 9.9882E-01
 1.6200E+02	 7.8859E-02	 1.0014E+00
 1.6300E+02	 7.8865E-02	 1.0040E+00
 1.6400E+02	 7.8872E-02	 1.0066E+00
 1.6500E+02	 7.8878E-02	 1.0091E+00
 1.6600E+02	 7.8884E-02	 1.0115E+00
 1.6700E+02	 7.8891E-02	 1.0139E+00
 1.6800E+02	 7.8897E-02	 1.0163E+00
 1.6900E+02	 7.8903E-02	 1.0186E+00
 1.7000E+02	 7.8910E-02	 1.0209E+00
 1.7100E+02	 7.8916E-02	 1.0232E+00
 1.7200E+02	 7.8922E-02	 1.0254E+00
 1.7300E+02	 7.8929E-02	 1.0276E+00
 1.7400E+02	 7.8935E-02	 1.0297E+00
 1.7500E+02	 7.8941E-02	 1.0318E+00
 1.7600E+02	 7.8947E-02	 1.0339E+00
 1.7700E+02	 7.8953E-02	 1.0359E+00
 1.7800E+02	 7.8960E-02	 1.0379E+00
 1.7900E+02	 7.8966E-02	 1.0399E+00
 1.8000E+02	 7.8972E-02	 1.0418E+00
 1.8100E+02	 7.8978E-02	 1.0437E+00
 1.8200E+02	 7.8984E-02	 1.0455E+00
 1.8300E+02	 7.8990E-02	 1.0474E+00
 1.8400E+02	 7.8996E-02	 1.0492E+00
 1.8500E+02	 7.9002E-02	 1.0510E+00
 1.8600E+02	 7.9008E-02	 1.0527E+00
 1.8700E+02	 7.9014E-02	 1.0544E+00
 1.8800E+02	 7.9020E-02	 1.0561E+00
 1.8900E+02	 7.9026E-02	 1.0577E+00
 1.9000E+02	 7.9032E-02	 1.0593E+00
 1.9100E+02	 7.9038E-02	 1.0609E+00
 1.9200E+02	 7.9044E-02	 1.0625E+00
 1.9300E+02	 7.9050E-02	 1.0640E+00
 1.9400E+02	 7.9056E-02	 1.0655E+00
 1.9500E+02	 7.9062E-02	 1.0670E+00
 1.9600E+02	 7.9068E-02	 1.0685E+00
 1.9700E+02	 7.9074E-02	 1.0699E+00
 1.9800E+02	 7.9080E-02	 1.0713E+00
 1.9900E+02	 7.9085E-02	 1.0727E+00
 2.0000E+02	 7.9091E-02	 1.0740E+00
 2.0100E+02	 7.9097E-02	 1.0754E+00
 2.0200E+02	 7.9103E-02	 1.0767E+00
 2.0300E+02	 7.9109E-02	 1.0780E+00
 2.0400E+02	 7.9114E-02	 1.0792E+00
 2.0500E+02	 7.9120E-02	 1.0805E+00
 2.0600E+02	 7.9126E-02	 1.0817E+00
 2.0700E+02	 7.9132E-02	 1.0829E+00
 2.0800E+02	 7.9137E-02	 1.0840E+00
 2.0900E+02	 7.9143E-02	 1.0852E+00
 2.1000E+02	 7.9149E-02	 1.0863E+00
 2.1100E+02	 7.9154E-02	 1.0874E+00
 2.1200E+02	 7.9160E-02	 1.0885E+00
 2.1300E+02	 7.9166E-02	 1.0895E+00
 2.1400E+02	 7.9171E-02	 1.0906E+00
 2.1500E+02	 7.9177E-02	 1.0916E+00
 2.1600E+02	 7.9182E-02	 1.0926E+00
 2.1700E+02	 7.9188E-02	 1.0936E+00
 2.1800E+02	 7.9194E-02	 1.0945E+00
 2.1900E+02	 7.9199E-02	 1.0955E+00
 2.2000E+02	 7.9205E-02	 1.0964E+00
 2.2100E+02	 7.9210E-02	 1.0973E+00
 2.2200E+02	 7.9216E-02	 1.0982E+00
 2.2300E+02	 7.9221E-02	 1.0991E+00
 2.2400E+02	 7.9227E-02	 1.0999E+00
 2.2500E+02	 7.9232E-02	 1.1007E+00
 2.2600E+02	 7.9238E-02	 1.1016E+00
 2.2700E+02	 7.9243E-02	 1.1024E+00
 2.2800E+02	 7.9248E-02	 1.1031E+00
 2.2900E+02	 7.9254E-02	 1.1039E+00
 2.3000E+02	 7.9259E-02	 1.1047E+00
 2.3100E+02	 7.9265E-02	 1.1054E+00
 2.3200E+02	 7.9270E-02	 1.1061E+00
 2.3300E+02	 7.9275E-02	 1.1068E+00
 2.3400E+02	 7.9281E-02	 1.1075E+00
 2.3500E+02	 7.9286E-02	 1.1082E+00
 2.3600E+02	 7.9291E-02	 1.1088E+00
 2.3700E+02	 7.9297E-02	 1.1095E+00
 2.3800E+02	 7.9302E-02	 1.1101E+00
 2.3900E+02	 7.9307E-02	 1.1107E+00
 2.4000E+02	 7.9312E-02	 1.1113E+00
 2.4100E+02	 7.9318E-02	 1.1119E+00
 2.4200E+02	 7.9323E-02	 1.1125E+00
 2.4300E+02	 7.9328E-02	 1.1131E+00
 2.4400E+02	 7.9333E-02	 1.1136E+00
 2.4500E+02	 7.9339E-02	 1.1141E+00
 2.4600E+02	 7.9344E-02	 1.1147E+00
 2.4700E+02	 7.9349E-02	 1.1152E+00
 2.4800E+02	 7.9354E-02	 1.1157E+00
 2.4900E+02	 7.9359E-02	 1.1161E+00
 2.5000E+02	 7.9364E-02	 1.1166E+00
 2.5100E+02	 7.9369E-02	 1.1171E+00
 2.5200E+02	 7.9375E-02	 1.1175E+00
 2.5300E+02	 7.9380E-02	 1.1180E+00
 2.5400E+02	 7.9385E-02	 1.1184E+00
 2.5500E+02	 7.9390E-02	 1.1188E+00
 2.5600E+02	 7.9395E-02	 1.1192E+00
 2.5700E+02	 7.9400E-02	 1.1196E+00
 2.5800E+02	 7.9405E-02	 1.1200E+00
 2.5900E+02	 7.9410E-02	 1.1203E+00
 2.6000E+02	 7.9415E-02	 1.1207E+00
 2.6100E+02	 7.9420E-02	 1.1210E+00
 2.6200E+02	 7.9425E-02	 1.1214E+00
 2.6300E+02	 7.9430E-02	 1.1217E+00
 2.6400E+02	 7.9435E-02	 1.1220E+00
 2.6500E+02	 7.9440E-02	 1.1223E+00
 2.6600E+02	 7.9445E-02	 1.1226E+00
 2.6700E+02	 7.9450E-02	 1.1229E+00
 2.6800E+02	 7.9455E-02	 1.1232E+00
 2.6900E+02	 7.9460E-02	 1.1235E+00
 2.7000E+02	 7.9465E-02	 1.1237E+00
 2.7100E+02	 7.9470E-02	 1.1240E+00
 2.7200E+02	 7.9475E-02	 1.1242E+00
 2.7300E+02	 7.9479E-02	 1.1244E+00
 2.7400E+02	 7.9484E-02	 1.1247E+00
 2.7500E+02	 7.9489E-02	 1.1249E+00
 2.7600E+02	 7.9494E-02	 1.1251E+00
 2.7700E+02	 7.9499E-02	 1.1253E+00
 2.7800E+02	 7.9504E-02	 1.1255E+00
 2.7900E+02	 7.9509E-02	 1.1257E+00
 2.8000E+02	 7.9513E-02	 1.1258E+00
 2.8100E+02	 7.9518E-02	 1.1260E+00
 2.8200E+02	 7.9523E-02	 1.1261E+00
 2.8300E+02	 7.9528E-02	 1.1263E+00
 2.8400E+02	 7.9532E-02	 1.1264E+00
 2.8500E+02	 7.9537E-02	 1.1266E+00
 2.8600E+02	 7.9542E-02	 1.1267E+00
 2.8700E+02	 7.9547E-02	 1.1268E+00
 2.8800E+02	 7.9551E-02	 1.1269E+00
 2.8900E+02	 7.9556E-02	 1.1270E+00
 2.9000E+02	 7.9561E-02	 1.1271E+00
 2.9100E+02	 7.9566E-02	 1.1272E+00
 2.9200E+02	 7.9570E-02	 1.1273E+00
 2.9300E+02	 7.9575E-02	 1.1274E+00
 2.9400E+02	 7.9580E-02	 1.1274E+00
 2.9500E+02	 7.9584E-02	 1.1275E+00
 2.9600E+02	 7.9589E-02	 1.1276E+00
 2.9700E+02	 7.9594E-02	 1.1276E+00
 2.9800E+02	 7.9598E-02	 1.1277E+00
 2.9900E+02	 7.9603E-02	 1.1277E+00
 3.0000E+02	 7.9607E-02	 1.1277E+00
 3.0100E+02	 7.9612E-02	 1.1277E+00
 3.0200E+02	 7.9617E-02	 1.1278E+00
 3.0300E+02	 7.9621E-02	 1.1278E+00
 3.0400E+02	 7.9626E-02	 1.1278E+00
 3.0500E+02	 7.9630E-02	 1.1278E+00
 3.0600E+02	 7.9635E-02	 1.1278E+00
 3.0700E+02	 7.9639E-02	 1.1278E+00
 3.0800E+02	 7.9644E-02	 1.1278E+00
 3.0900E+02	 7.9648E-02	 1.1277E+00
 3.1000E+02	 7.9653E-02	 1.1277E+00
 3.1100E+02	 7.9657E-02	 1.1277E+00
 3.1200E+02	 7.9662E-02	 1.1276E+00
 3.1300E+02	 7.9666E-02	 1.1276E+00
 3.1400E+02	 7.9671E-02	 1.1275E+00
 3.1500E+02	 7.9675E-02	 1.1275E+00
 3.1600E+02	 7.9680E-02	 1.1274E+00
 3.1700E+02	 7.9684E-02	 1.1274E+00
 3.1800E+02	 7.9689E-02	 1.1273E+00
 3.1900E+02	 7.9693E-02	 1.1272E+00
 3.2000E+02	 7.9698E-02	 1.1271E+00
 3.2100E+02	 7.9702E-02	 1.1271E+00
 3.2200E+02	 7.9706E-02	 1.1270E+00
 3.2300E+02	 7.9711E-02	 1.1269E+00
 3.2400E+02	 7.9715E-02	 1.1268E+00
 3.2500E+02	 7.9720E-02	 1.1267E+00
 3.2600E+02	 7.9724E-02	 1.1266E+00
 3.2700E+02	 7.9728E-02	 1.1265E+00
 3.2800E+02	 7.9733E-02	 1.1264E+00
 3.2900E+02	 7.9737E-02	 1.1262E+00
 3.3000E+02	 7.9741E-02	 1.1261E+00
 3.3100E+02	 7.9746E-02	 1.1260E+00
 3.3200E+02	 7.9750E-02	 1.1259E+00
 3.3300E+02	 7.9754E-02	 1.1257E+00
 3.3400E+02	 7.9759E-02	 1.1256E+00
 3.3500E+02	 7.9763E-02	 1.1254E+00
 3.3600E+02	 7.9767E-02	 1.1253E+00
 3.3700E+02	 7.9772E-02	 1.1251E+00
 3.3800E+02	 7.9776E-02	 1.1250E+00
 3.3900E+02	 7.9780E-02	 1.1248E+00
 3.4000E+02	 7.9784E-02	 1.1247E+00
 3.4100E+02	 7.9789E-02	 1.1245E+00
 3.4200E+02	 7.9793E-02	 1.1243E+00
 3.4300E+02	 7.9797E-02	 1.1242E+00
 3.4400E+02	 7.9801E-02	 1.1240E+00
 3.4500E+02	 7.9805E-02	 1.1238E+00
 3.4600E+02	 7.9810E-02	 1.1236E+00
 3.4700E+02	 7.9814E-02	 1.1234E+00
 3.4800E+02	 7.9818E-02	 1.1232E+00
 3.4900E+02	 7.9822E-02	 1.1230E+00
 3.5000E+02	 7.9826E-02	 1.1229E+00
 3.5100E+02	 7.9830E-02	 1.1227E+00
 3.5200E+02	 7.9835E-02	 1.1224E+00
 3.5300E+02	 7.9839E-02	 1.1222E+00
 3.5400E+02	 7.9843E-02	 1.1220E+00
 3.5500E+02	 7.9847E-02	 1.1218E+00
 3.5600E+02	 7.9851E-02	 1.1216E+00
 3.5700E+02	 7.9855E-02	 1.1214E+00
 3.5800E+02	 7.9859E-02	 1.1212E+00
 3.5900E+02	 7.9863E-02	 1.1209E+00
 3.6000E+02	 7.9868E-02	 1.1207E+00
 3.6100E+02	 7.9872E-02	 1.1205E+00
 3.6200E+02	 7.9876E-02	 1.1203E+00
 3.6300E+02	 7.9880E-02	 1.1200E+00
 3.6400E+02	 7.9884E-02	 1.1198E+00
 3.6500E+02	 7.9888E-02	 1.1195E+00
 3.6600E+02	 7.9892E-02	 1.1193E+00
 3.6700E+02	 7.9896E-02	 1.1191E+00
 3.6800E+02	 7.9900E-02	 1.1188E+00
 3.6900E+02	 7.9904E-02	 1.1186E+00
 3.7000E+02	 7.9908E-02	 1.1183E+00
 3.7100E+02	 7.9912E-02	 1.1180E+00
 3.7200E+02	 7.9916E-02	 1.1178E+00
 3.7300E+02	 7.9920E-02	 1.1175E+00
 3.7400E+02	 7.9924E-02	 1.1173E+00
 3.7500E+02	 7.9928E-02	 1.1170E+00
 3.7600E+02	 7.9932E-02	 1.1167E+00
 3.7700E+02	 7.9936E-02	 1.1165E+00
 3.7800E+02	 7.9940E-02	 1.1162E+00
 3.7900E+02	 7.9944E-02	 1.1159E+00
 3.8000E+02	 7.9948E-02	 1.1156E+00
 3.8100E+02	 7.9952E-02	 1.1154E+00
 3.8200E+02	 7.9956E-02	 1.1151E+00
 3.8300E+02	 7.9959E-02	 1.1148E+00
 3.8400E+02	 7.9963E-02	 1.1145E+00
 3.8500E+02	 7.9967E-02	 1.1142E+00
 3.8600E+02	 7.9971E-02	 1.1139E+00
 3.8700E+02	 7.9975E-02	 1.1136E+00
 3.8800E+02	 7.9979E-02	 1.1134E+00
 3.8900E+02	 7.9983E-02	 1.1131E+00
 3.9000E+02	 7.9987E-02	 1.1128E+00
 3.9100E+02	 7.9990E-02	 1.1125E+00
 3.9200E+02	 7.9994E-02	 1.1122E+00
 3.9300E+02	 7.9998E-02	 1.1119E+00
 3.9400E+02	 8.0002E-02	 1.1116E+00
 3.9500E+02	 8.0006E-02	 1.1113E+00
 3.9600E+02	 8.0010E-02	 1.1109E+00
 3.9700E+02	 8.0013E-02	 1.1106E+00
 3.9800E+02	 8.0017E-02	 1.1103E+00
 3.9900E+02	 8.0021E-02	 1.1100E+00
 4.0000E+02	 8.0025E-02	 1.1097E+00
 4.0100E+02	 8.0029E-02	 1.1094E+00
 4.0200E+02	 8.0032E-02	 1.1091E+00
 4.0300E+02	 8.0036E-02	 1.1087E+00
 4.0400E+02	 8.0040E-02	 1.1084E+00
 4.0500E+02	 8.0044E-02	 1.1081E+00
 4.0600E+02	 8.0047E-02	 1.1078E+00
 4.0700E+02	 8.0051E-02	 1.1075E+00
 4.0800E+02	 8.0055E-02	 1.1071E+00
 4.0900E+02	 8.0058E-02	 1.1068E+00
 4.1000E+02	 8.0062E-02	 1.1065E+00
 4.1100E+02	 8.0066E-02	 1.1061E+00
 4.1200E+02	 8.0070E-02	 1.1058E+00
 4.1300E+02	 8.0073E-02	 1.1055E+00
 4.1400E+02	 8.0077E-02	 1.1051E+00
 4.1500E+02	 8.0081E-02	 1.1048E+00
 4.1600E+02	 8.0084E-02	 1.1045E+00
 4.1700E+02	 8.0088E-02	 1.1041E+00
 4.1800E+02	 8.0092E-02	 1.1038E+00
 4.1900E+02	 8.0095E-02	 1.1034E+00
 4.2000E+02	 8.0099E-02	 1.1031E+00
 4.2100E+02	 8.0103E-02	 1.1027E+00
 4.2200E+02	 8.0106E-02	 1.1024E+00
 4.2300E+02	 8.0110E-02	 1.1021E+00
 4.2400E+02	 8.0113E-02	 1.1017E+00
 4.2500E+02	 8.0117E-02	 1.1014E+00
 4.2600E+02	 8.0121E-02	 1.1010E+00
 4.2700E+02	 8.0124E-02	 1.1007E+00
 4.2800E+02	 8.0128E-02	 1.1003E+00
 4.2900E+02	 8.0131E-02	 1.1000E+00
 4.3000E+02	 8.0135E-02	 1.0996E+00
 4.3100E+02	 8.0139E-02	 1.0992E+00
 4.3200E+02	 8.0142E-02	 1.0989E+00
 4.3300E+02	 8.0146E-02	 1.0985E+00
 4.3400E+02	 8.0149E-02	 1.0982E+00
 4.3500E+02	 8.0153E-02	 1.0978E+00
 4.3600E+02	 8.0156E-02	 1.0974E+00
 4.3700E+02	 8.0160E-02	 1.0971E+00
 4.3800E+02	 8.0163E-02	 1.0967E+00
 4.3900E+02	 8.0167E-02	 1.0964E+00
 4.4000E+02	 8.0171E-02	 1.0960E+00
 4.4100E+02	 8.0174E-02	 1.0956E+00
 4.4200E+02	 8.0178E-02	 1.0953E+00
 4.4300E+02	 8.0181E-02	 1.0949E+00
 4.4400E+02	 8.0185E-02	 1.0945E+00
 4.4500E+02	 8.0188E-02	 1.0942E+00
 4.4600E+02	 8.0191E-02	 1.0938E+00
 4.4700E+02	 8.0195E-02	 1.0934E+00
 4.4800E+02	 8.0198E-02	 1.0930E+00
 4.4900E+02	 8.0202E-02	 1.0927E+00
 4.5000E+02	 8.0205E-02	 1.0923E+00
 4.5100E+02	 8.0209E-02	 1.0919E+00
 4.5200E+02	 8.0212E-02	 1.0915E+00
 4.5300E+02	 8.0216E-02	 1.0912E+00
 4.5400E+02	 8.0219E-02	 1.0908E+00
 4.5500E+02	 8.0223E-02	 1.0904E+00
 4.5600E+02	 8.0226E-02	 1.0900E+00
 4.5700E+02	 8.0229E-02	 1.0897E+00
 4.5800E+02	 8.0233E-02	 1.0893E+00
 4.5900E+02	 8.0236E-02	 1.0889E+00
 4.6000E+02	 8.0240E-02	 1.0885E+00
 4.6100E+02	 8.0243E-02	 1.0881E+00
 4.6200E+02	 8.0246E-02	 1.0878E+00
 4.6300E+02	 8.0250E-02	 1.0874E+00
 4.6400E+02	 8.0253E-02	 1.0870E+00
 4.6500E+02	 8.0257E-02	 1.0866E+00
 4.6600E+02	 8.0260E-02	 1.0862E+00
 4.6700E+02	 8.0263E-02	 1.0858E+00
 4.6800E+02	 8.0267E-02	 1.0855E+00
 4.6900E+02	 8.0270E-02	 1.0851E+00
 4.7000E+02	 8.0273E-02	 1.0847E+00
 4.7100E+02	 8.0277E-02	 1.0843E+00
 4.7200E+02	 8.0280E-02	 1.0839E+00
 4.7300E+02	 8.0283E-02	 1.0835E+00
 4.7400E+02	 8.0287E-02	 1.0831E+00
 4.7500E+02	 8.0290E-02	 1.0827E+00
 4.7600E+02	 8.0293E-02	 1.0823E+00
 4.7700E+02	 8.0296E-02	 1.0820E+00
 4.7800E+02	 8.0300E-02	 1.0816E+00
 4.7900E+02	 8.0303E-02	 1.0812E+00
 4.8000E+02	 8.0306E-02	 1.0808E+00
 4.8100E+02	 8.0310E-02	 1.0804E+00
 4.8200E+02	 8.0313E-02	 1.0800E+00
 4.8300E+02	 8.0316E-02	 1.0796E+00
 4.8400E+02	 8.0319E-02	 1.0792E+00
 4.8500E+02	 8.0323E-02	 1.0788E+00
 4.8600E+02	 8.0326E-02	 1.0784E+00
 4.8700E+02	 8.0329E-02	 1.0780E+00
 4.8800E+02	 8.0332E-02	 1.0776E+00
 4.8900E+02	 8.0336E-02	 1.0772E+00
 4.9000E+02	 8.0339E-02	 1.0768E+00
 4.9100E+02	 8.0342E-02	 1.0764E+00
 4.9200E+02	 8.0345E-02	 1.0760E+00
 4.9300E+02	 8.0349E-02	 1.0757E+00
 4.9400E+02	 8.0352E-02	 1.0753E+00
 4.9500E+02	 8.0355E-02	 1.0749E+00
 4.9600E+02	 8.0358E-02	 1.0745E+00
 4.9700E+02	 8.0361E-02	 1.0741E+00
 4.9800E+02	 8.0365E-02	 1.0737E+00
 4.9900E+02	 8.0368E-02	 1.0733E+00
 5.0000E+02	 8.0371E-02	 1.0729E+00
 5.0100E+02	 8.0374E-02	 1.0725E+00
 5.0200E+02	 8.0377E-02	 1.0721E+00
 5.0300E+02	 8.0380E-02	 1.0717E+00
 5.0400E+02	 8.0384E-02	 1.0713E+00
 5.0500E+02	 8.0387E-02	 1.0709E+00
 5.0600E+02	 8.0390E-02	 1.0705E+00
 5.0700E+02	 8.0393E-02	 1.0701E+00
 5.0800E+02	 8.0396E-02	 1.0697E+00
 5.0900E+02	 8.0399E-02	 1.0693E+00
 5.1000E+02	 8.0402E-02	 1.0689E+00
 5.1100E+02	 8.0325E-02	 1.0674E+00
 5.1200E+02	 8.0328E-02	 1.0670E+00
 5.1300E+02	 8.0331E-02	 1.0666E+00
 5.1400E+02	 8.0334E-02	 1.0662E+00
 5.1500E+02	 8.0337E-02	 1.0658E+00
 5.1600E+02	 8.0340E-02	 1.0654E+00
 5.1700E+02	 8.0343E-02	 1.0650E+00
 5.1800E+02	 8.0346E-02	 1.0645E+00
 5.1900E+02	 8.0348E-02	 1.0641E+00
 5.2000E+02	 8.0351E-02	 1.0637E+00
 5.2100E+02	 8.0354E-02	 1.0633E+00
 5.2200E+02	 8.0357E-02	 1.0629E+00
 5.2300E+02	 8.0360E-02	 1.0625E+00
 5.2400E+02	 8.0363E-02	 1.0621E+00
 5.2500E+02	 8.0366E-02	 1.0617E+00
 5.2600E+02	 8.0369E-02	 1.0613E+00
 5.2700E+02	 8.0371E-02	 1.0609E+00
 5.2800E+02	 8.0374E-02	 1.0605E+00
 5.2900E+02	 8.0377E-02	 1.0601E+00
 5.3000E+02	 8.0380E-02	 1.0597E+00
 5.3100E+02	 8.0383E-02	 1.0593E+00
 5.3200E+02	 8.0386E-02	 1.0588E+00
 5.3300E+02	 8.0388E-02	 1.0584E+00
 5.3400E+02	 8.0391E-02	 1.0580E+00
 5.3500E+02	 8.0394E-02	 1.0576E+00
 5.3600E+02	 8.0397E-02	 1.0572E+00
 5.3700E+02	 8.0400E-02	 1.0568E+00
 5.3800E+02	 8.0403E-02	 1.0564E+00
 5.3900E+02	 8.0405E-02	 1.0560E+00
 5.4000E+02	 8.0408E-02	 1.0556E+00
 5.4100E+02	 8.0411E-02	 1.0552E+00
 5.4200E+02	 8.0414E-02	 1.0548E+00
 5.4300E+02	 8.0416E-02	 1.0544E+00
 5.4400E+02	 8.0419E-02	 1.0539E+00
 5.4500E+02	 8.0422E-02	 1.0535E+00
 5.4600E+02	 8.0425E-02	 1.0531E+00
 5.4700E+02	 8.0428E-02	 1.0527E+00
 5.4800E+02	 8.0430E-02	 1.0523E+00
 5.4900E+02	 8.0433E-02	 1.0519E+00
 5.5000E+02	 8.0436E-02	 1.0515E+00
 5.5100E+02	 8.0439E-02	 1.0511E+00
 5.5200E+02	 8.0441E-02	 1.0507E+00
 5.5300E+02	 8.0444E-02	 1.0503E+00
 5.5400E+02	 8.0447E-02	 1.0499E+00
 5.5500E+02	 8.0450E-02	 1.0494E+00
 5.5600E+02	 8.0452E-02	 1.0490E+00
 5.5700E+02	 8.0455E-02	 1.0486E+00
 5.5800E+02	 8.0458E-02	 1.0482E+00
 5.5900E+02	 8.0461E-02	 1.0478E+00
 5.6000E+02	 8.0463E-02	 1.0474E+00
 5.6100E+02	 8.0466E-02	 1.0470E+00
 5.6200E+02	 8.0469E-02	 1.0466E+00
 5.6300E+02	 8.0472E-02	 1.0462E+00
 5.6400E+02	 8.0474E-02	 1.0458E+00
 5.6500E+02	 8.0477E-02	 1.0454E+00
 5.6600E+02	 8.0480E-02	 1.0450E+00
 5.6700E+02	 8.0482E-02	 1.0445E+00
 5.6800E+02	 8.0485E-02	 1.0441E+00
 5.6900E+02	 8.0488E-02	 1.0437E+00
 5.7000E+02	 8.0490E-02	 1.0433E+00
 5.7100E+02	 8.0493E-02	 1.0429E+00
 5.7200E+02	 8.0496E-02	 1.0425E+00
 5.7300E+02	 8.0499E-02	 1.0421E+00
 5.7400E+02	 8.0501E-02	 1.0417E+00
 5.7500E+02	 8.0504E-02	 1.0413E+00
 5.7600E+02	 8.0507E-02	 1.0409E+00
 5.7700E+02	 8.0509E-02	 1.0405E+00
 5.7800E+02	 8.0512E-02	 1.0401E+00
 5.7900E+02	 8.0515E-02	 1.0396E+00
 5.8000E+02	 8.0517E-02	 1.0392E+00
 5.8100E+02	 8.0520E-02	 1.0388E+00
 5.8200E+02	 8.0523E-02	 1.0384E+00
 5.8300E+02	 8.0525E-02	 1.0380E+00
 5.8400E+02	 8.0528E-02	 1.0376E+00
 5.8500E+02	 8.0530E-02	 1.0372E+00
 5.8600E+02	 8.0533E-02	 1.0368E+00
 5.8700E+02	 8.0536E-02	 1.0364E+00
 5.8800E+02	 8.0538E-02	 1.0360E+00
 5.8900E+02	 8.0541E-02	 1.0356E+00
 5.9000E+02	 8.0544E-02	 1.0352E+00
 5.9100E+02	 8.0546E-02	 1.0348E+00
 5.9200E+02	 8.0549E-02	 1.0344E+00
 5.9300E+02	 8.0551E-02	 1.0340E+00
 5.9400E+02	 8.0554E-02	 1.0335E+00
 5.9500E+02	 8.0557E-02	 1.0331E+00
 5.9600E+02	 8.0559E-02	 1.0327E+00
 5.9700E+02	 8.0562E-02	 1.0323E+00
 5.9800E+02	 8.0564E-02	 1.0319E+00
 5.9900E+02	 8.0567E-02	 1.0315E+00


