#     0	 1	   16	 1	 9.3488E+02	  500	1
 1.0000E+02	 4.6209E-04	 1.6114E-06
 1.0100E+02	 4.6242E-04	 1.7602E-06
 1.0200E+02	 4.6276E-04	 1.9193E-06
 1.0300E+02	 4.6309E-04	 2.0892E-06
 1.0400E+02	 4.6342E-04	 2.2704E-06
 1.0500E+02	 4.6376E-04	 2.4633E-06
 1.0600E+02	 4.6409E-04	 2.6684E-06
 1.0700E+02	 4.6443E-04	 2.8861E-06
 1.0800E+02	 4.6476E-04	 3.1170E-06
 1.0900E+02	 4.6509E-04	 3.3616E-06
 1.1000E+02	 4.6543E-04	 3.6202E-06
 1.1100E+02	 4.6577E-04	 3.8935E-06
 1.1200E+02	 4.6610E-04	 4.1818E-06
 1.1300E+02	 4.6644E-04	 4.4856E-06
 1.1400E+02	 4.6677E-04	 4.8055E-06
 1.1500E+02	 4.6711E-04	 5.1420E-06
 1.1600E+02	 4.6745E-04	 5.4954E-06
 1.1700E+02	 4.6778E-04	 5.8663E-06
 1.1800E+02	 4.6812E-04	 6.2551E-06
 1.1900E+02	 4.6846E-04	 6.6624E-06
 1.2000E+02	 4.6880E-04	 7.0886E-06
 1.2100E+02	 4.6914E-04	 7.5341E-06
 1.2200E+02	 4.6947E-04	 7.9995E-06
 1.2300E+02	 4.6981E-04	 8.4852E-06
 1.2400E+02	 4.7015E-04	 8.9916E-06
 1.2500E+02	 4.7049E-04	 9.5192E-06
 1.2600E+02	 4.7083E-04	 1.0068E-05
 1.2700E+02	 4.7117E-04	 1.0640E-05
 1.2800E+02	 4.7151E-04	 1.1234E-05
 1.2900E+02	 4.7185E-04	 1.1850E-05
 1.3000E+02	 4.7219E-04	 1.2490E-05
 1.3100E+02	 4.7254E-04	 1.3154E-05
 1.3200E+02	 4.7288E-04	 1.3842E-05
 1.3300E+02	 4.7322E-04	 1.4555E-05
 1.3400E+02	 4.7356E-04	 1.5293E-05
 1.3500E+02	 4.7390E-04	 1.6056E-05
 1.3600E+02	 4.7425E-04	 1.6844E-05
 1.3700E+02	 4.7459E-04	 1.7659E-05
 1.3800E+02	 4.7493E-04	 1.8500E-05
 1.3900E+02	 4.7528E-04	 1.9368E-05
 1.4000E+02	 4.7562E-04	 2.0263E-05
 1.4100E+02	 4.7596E-04	 2.1186E-05
 1.4200E+02	 4.7631E-04	 2.2136E-05
 1.4300E+02	 4.7665E-04	 2.3115E-05
 1.4400E+02	 4.7700E-04	 2.4122E-05
 1.4500E+02	 4.7734E-04	 2.5157E-05
 1.4600E+02	 4.7769E-04	 2.6222E-05
 1.4700E+02	 4.7803E-04	 2.7316E-05
 1.4800E+02	 4.7838E-04	 2.8439E-05
 1.4900E+02	 4.7872E-04	 2.9592E-05
 1.5000E+02	 4.7907E-04	 3.0776E-05
 1.5100E+02	 4.7942E-04	 3.1989E-05
 1.5200E+02	 4.7976E-04	 3.3233E-05
 1.5300E+02	 4.8011E-04	 3.4508E-05
 1.5400E+02	 4.8046E-04	 3.5814E-05
 1.5500E+02	 4.8080E-04	 3.7151E-05
 1.5600E+02	 4.8115E-04	 3.8519E-05
 1.5700E+02	 4.8150E-04	 3.9919E-05
 1.5800E+02	 4.8185E-04	 4.1351E-05
 1.5900E+02	 4.8220E-04	 4.2814E-05
 1.6000E+02	 4.8254E-04	 4.4310E-05
 1.6100E+02	 4.8289E-04	 4.5838E-05
 1.6200E+02	 4.8324E-04	 4.7398E-05
 1.6300E+02	 4.8359E-04	 4.8991E-05
 1.6400E+02	 4.8394E-04	 5.0616E-05
 1.6500E+02	 4.8429E-04	 5.2274E-05
 1.6600E+02	 4.8464E-04	 5.3965E-05
 1.6700E+02	 4.8499E-04	 5.5689E-05
 1.6800E+02	 4.8534E-04	 5.7445E-05
 1.6900E+02	 4.8569E-04	 5.9235E-05
 1.7000E+02	 4.8604E-04	 6.1058E-05
 1.7100E+02	 4.8639E-04	 6.2915E-05
 1.7200E+02	 4.8674E-04	 6.4804E-05
 1.7300E+02	 4.8710E-04	 6.6727E-05
 1.7400E+02	 4.8745E-04	 6.8683E-05
 1.7500E+02	 4.8780E-04	 7.0673E-05
 1.7600E+02	 4.8815E-04	 7.2696E-05
 1.7700E+02	 4.8850E-04	 7.4753E-05
 1.7800E+02	 4.8886E-04	 7.6843E-05
 1.7900E+02	 4.8921E-04	 7.8967E-05
 1.8000E+02	 4.8956E-04	 8.1124E-05
 1.8100E+02	 4.8991E-04	 8.3315E-05
 1.8200E+02	 4.9027E-04	 8.5539E-05
 1.8300E+02	 4.9062E-04	 8.7797E-05
 1.8400E+02	 4.9098E-04	 9.0088E-05
 1.8500E+02	 4.9133E-04	 9.2412E-05
 1.8600E+02	 4.9168E-04	 9.4770E-05
 1.8700E+02	 4.9204E-04	 9.7161E-05
 1.8800E+02	 4.9239E-04	 9.9586E-05
 1.8900E+02	 4.9275E-04	 1.0204E-04
 1.9000E+02	 4.9310E-04	 1.0453E-04
 1.9100E+02	 4.9346E-04	 1.0706E-04
 1.9200E+02	 4.9381E-04	 1.0961E-04
 1.9300E+02	 4.9417E-04	 1.1220E-04
 1.9400E+02	 4.9452E-04	 1.1483E-04
 1.9500E+02	 4.9488E-04	 1.1748E-04
 1.9600E+02	 4.9524E-04	 1.2017E-04
 1.9700E+02	 4.9559E-04	 1.2289E-04
 1.9800E+02	 4.9595E-04	 1.2564E-04
 1.9900E+02	 4.9631E-04	 1.2843E-04
 2.0000E+02	 4.9666E-04	 1.3125E-04
 2.0100E+02	 4.9702E-04	 1.3410E-04
 2.0200E+02	 4.9738E-04	 1.3698E-04
 2.0300E+02	 4.9773E-04	 1.3989E-04
 2.0400E+02	 4.9809E-04	 1.4284E-04
 2.0500E+02	 4.9845E-04	 1.4581E-04
 2.0600E+02	 4.9881E-04	 1.4882E-04
 2.0700E+02	 4.9917E-04	 1.5186E-04
 2.0800E+02	 4.9952E-04	 1.5493E-04
 2.0900E+02	 4.9988E-04	 1.5804E-04
 2.1000E+02	 5.0024E-04	 1.6117E-04
 2.1100E+02	 5.0060E-04	 1.6433E-04
 2.1200E+02	 5.0096E-04	 1.6753E-04
 2.1300E+02	 5.0132E-04	 1.7075E-04
 2.1400E+02	 5.0168E-04	 1.7401E-04
 2.1500E+02	 5.0204E-04	 1.7729E-04
 2.1600E+02	 5.0240E-04	 1.8061E-04
 2.1700E+02	 5.0276E-04	 1.8395E-04
 2.1800E+02	 5.0312E-04	 1.8733E-04
 2.1900E+02	 5.0348E-04	 1.9073E-04
 2.2000E+02	 5.0384E-04	 1.9417E-04
 2.2100E+02	 5.0420E-04	 1.9763E-04
 2.2200E+02	 5.0456E-04	 2.0112E-04
 2.2300E+02	 5.0492E-04	 2.0464E-04
 2.2400E+02	 5.0528E-04	 2.0819E-04
 2.2500E+02	 5.0564E-04	 2.1177E-04
 2.2600E+02	 5.0600E-04	 2.1537E-04
 2.2700E+02	 5.0636E-04	 2.1900E-04
 2.2800E+02	 5.0673E-04	 2.2267E-04
 2.2900E+02	 5.0709E-04	 2.2635E-04
 2.3000E+02	 5.0745E-04	 2.3007E-04
 2.3100E+02	 5.0781E-04	 2.3381E-04
 2.3200E+02	 5.0817E-04	 2.3759E-04
 2.3300E+02	 5.0853E-04	 2.4138E-04
 2.3400E+02	 5.0890E-04	 2.4521E-04
 2.3500E+02	 5.0926E-04	 2.4906E-04
 2.3600E+02	 5.0962E-04	 2.5293E-04
 2.3700E+02	 5.0999E-04	 2.5684E-04
 2.3800E+02	 5.1035E-04	 2.6077E-04
 2.3900E+02	 5.1071E-04	 2.6472E-04
 2.4000E+02	 5.1107E-04	 2.6870E-04
 2.4100E+02	 5.1144E-04	 2.7270E-04
 2.4200E+02	 5.1180E-04	 2.7673E-04
 2.4300E+02	 5.1217E-04	 2.8079E-04
 2.4400E+02	 5.1253E-04	 2.8487E-04
 2.4500E+02	 5.1289E-04	 2.8897E-04
 2.4600E+02	 5.1326E-04	 2.9310E-04
 2.4700E+02	 5.1362E-04	 2.9725E-04
 2.4800E+02	 5.1399E-04	 3.0143E-04
 2.4900E+02	 5.1435E-04	 3.0563E-04
 2.5000E+02	 5.1472E-04	 3.0985E-04
 2.5100E+02	 5.1508E-04	 3.1410E-04
 2.5200E+02	 5.1544E-04	 3.1837E-04
 2.5300E+02	 5.1581E-04	 3.2266E-04
 2.5400E+02	 5.1617E-04	 3.2697E-04
 2.5500E+02	 5.1654E-04	 3.3131E-04
 2.5600E+02	 5.1691E-04	 3.3567E-04
 2.5700E+02	 5.1727E-04	 3.4005E-04
 2.5800E+02	 5.1764E-04	 3.4445E-04
 2.5900E+02	 5.1800E-04	 3.4888E-04
 2.6000E+02	 5.1837E-04	 3.5332E-04
 2.6100E+02	 5.1873E-04	 3.5779E-04
 2.6200E+02	 5.1910E-04	 3.6228E-04
 2.6300E+02	 5.1947E-04	 3.6679E-04
 2.6400E+02	 5.1983E-04	 3.7131E-04
 2.6500E+02	 5.2020E-04	 3.7586E-04
 2.6600E+02	 5.2057E-04	 3.8043E-04
 2.6700E+02	 5.2093E-04	 3.8502E-04
 2.6800E+02	 5.2130E-04	 3.8963E-04
 2.6900E+02	 5.2167E-04	 3.9426E-04
 2.7000E+02	 5.2203E-04	 3.9891E-04
 2.7100E+02	 5.2240E-04	 4.0358E-04
 2.7200E+02	 5.2277E-04	 4.0826E-04
 2.7300E+02	 5.2314E-04	 4.1297E-04
 2.7400E+02	 5.2350E-04	 4.1769E-04
 2.7500E+02	 5.2387E-04	 4.2243E-04
 2.7600E+02	 5.2424E-04	 4.2719E-04
 2.7700E+02	 5.2461E-04	 4.3197E-04
 2.7800E+02	 5.2497E-04	 4.3676E-04
 2.7900E+02	 5.2534E-04	 4.4158E-04
 2.8000E+02	 5.2571E-04	 4.4641E-04
 2.8100E+02	 5.2608E-04	 4.5125E-04
 2.8200E+02	 5.2645E-04	 4.5612E-04
 2.8300E+02	 5.2682E-04	 4.6100E-04
 2.8400E+02	 5.2718E-04	 4.6590E-04
 2.8500E+02	 5.2755E-04	 4.7081E-04
 2.8600E+02	 5.2792E-04	 4.7574E-04
 2.8700E+02	 5.2829E-04	 4.8069E-04
 2.8800E+02	 5.2866E-04	 4.8565E-04
 2.8900E+02	 5.2903E-04	 4.9063E-04
 2.9000E+02	 5.2940E-04	 4.9562E-04
 2.9100E+02	 5.2977E-04	 5.0063E-04
 2.9200E+02	 5.3014E-04	 5.0565E-04
 2.9300E+02	 5.3051E-04	 5.1069E-04
 2.9400E+02	 5.3088E-04	 5.1574E-04
 2.9500E+02	 5.3125E-04	 5.2081E-04
 2.9600E+02	 5.3162E-04	 5.2589E-04
 2.9700E+02	 5.3199E-04	 5.3099E-04
 2.9800E+02	 5.3236E-04	 5.3610E-04
 2.9900E+02	 5.3273E-04	 5.4122E-04
 3.0000E+02	 5.3310E-04	 5.4636E-04
 3.0100E+02	 5.3347E-04	 5.5151E-04
 3.0200E+02	 5.3384E-04	 5.5667E-04
 3.0300E+02	 5.3421E-04	 5.6185E-04
 3.0400E+02	 5.3458E-04	 5.6704E-04
 3.0500E+02	 5.3495E-04	 5.7224E-04
 3.0600E+02	 5.3532E-04	 5.7746E-04
 3.0700E+02	 5.3569E-04	 5.8269E-04
 3.0800E+02	 5.3606E-04	 5.8793E-04
 3.0900E+02	 5.3643E-04	 5.9318E-04
 3.1000E+02	 5.3680E-04	 5.9845E-04
 3.1100E+02	 5.3718E-04	 6.0372E-04
 3.1200E+02	 5.3755E-04	 6.0901E-04
 3.1300E+02	 5.3792E-04	 6.1431E-04
 3.1400E+02	 5.3829E-04	 6.1962E-04
 3.1500E+02	 5.3866E-04	 6.2494E-04
 3.1600E+02	 5.3903E-04	 6.3027E-04
 3.1700E+02	 5.3940E-04	 6.3562E-04
 3.1800E+02	 5.3978E-04	 6.4097E-04
 3.1900E+02	 5.4015E-04	 6.4634E-04
 3.2000E+02	 5.4052E-04	 6.5171E-04
 3.2100E+02	 5.4089E-04	 6.5710E-04
 3.2200E+02	 5.4126E-04	 6.6249E-04
 3.2300E+02	 5.4164E-04	 6.6790E-04
 3.2400E+02	 5.4201E-04	 6.7331E-04
 3.2500E+02	 5.4238E-04	 6.7874E-04
 3.2600E+02	 5.4275E-04	 6.8417E-04
 3.2700E+02	 5.4313E-04	 6.8961E-04
 3.2800E+02	 5.4350E-04	 6.9507E-04
 3.2900E+02	 5.4387E-04	 7.0053E-04
 3.3000E+02	 5.4424E-04	 7.0600E-04
 3.3100E+02	 5.4462E-04	 7.1148E-04
 3.3200E+02	 5.4499E-04	 7.1696E-04
 3.3300E+02	 5.4536E-04	 7.2246E-04
 3.3400E+02	 5.4574E-04	 7.2796E-04
 3.3500E+02	 5.4611E-04	 7.3348E-04
 3.3600E+02	 5.4648E-04	 7.3900E-04
 3.3700E+02	 5.4685E-04	 7.4452E-04
 3.3800E+02	 5.4723E-04	 7.5006E-04
 3.3900E+02	 5.4760E-04	 7.5560E-04
 3.4000E+02	 5.4797E-04	 7.6115E-04
 3.4100E+02	 5.4835E-04	 7.6671E-04
 3.4200E+02	 5.4872E-04	 7.7228E-04
 3.4300E+02	 5.4909E-04	 7.7785E-04
 3.4400E+02	 5.4947E-04	 7.8343E-04
 3.4500E+02	 5.4984E-04	 7.8902E-04
 3.4600E+02	 5.5021E-04	 7.9461E-04
 3.4700E+02	 5.5059E-04	 8.0021E-04
 3.4800E+02	 5.5096E-04	 8.0582E-04
 3.4900E+02	 5.5133E-04	 8.1143E-04
 3.5000E+02	 5.5171E-04	 8.1705E-04
 3.5100E+02	 5.5208E-04	 8.2267E-04
 3.5200E+02	 5.5246E-04	 8.2830E-04
 3.5300E+02	 5.5283E-04	 8.3394E-04
 3.5400E+02	 5.5320E-04	 8.3958E-04
 3.5500E+02	 5.5358E-04	 8.4523E-04
 3.5600E+02	 5.5395E-04	 8.5088E-04
 3.5700E+02	 5.5433E-04	 8.5654E-04
 3.5800E+02	 5.5470E-04	 8.6221E-04
 3.5900E+02	 5.5507E-04	 8.6787E-04
 3.6000E+02	 5.5545E-04	 8.7355E-04
 3.6100E+02	 5.5582E-04	 8.7923E-04
 3.6200E+02	 5.5620E-04	 8.8491E-04
 3.6300E+02	 5.5657E-04	 8.9060E-04
 3.6400E+02	 5.5695E-04	 8.9629E-04
 3.6500E+02	 5.5732E-04	 9.0199E-04
 3.6600E+02	 5.5769E-04	 9.0769E-04
 3.6700E+02	 5.5807E-04	 9.1340E-04
 3.6800E+02	 5.5844E-04	 9.1911E-04
 3.6900E+02	 5.5882E-04	 9.2482E-04
 3.7000E+02	 5.5919E-04	 9.3054E-04
 3.7100E+02	 5.5957E-04	 9.3627E-04
 3.7200E+02	 5.5994E-04	 9.4199E-04
 3.7300E+02	 5.6032E-04	 9.4772E-04
 3.7400E+02	 5.6069E-04	 9.5345E-04
 3.7500E+02	 5.6107E-04	 9.5919E-04
 3.7600E+02	 5.6144E-04	 9.6493E-04
 3.7700E+02	 5.6182E-04	 9.7068E-04
 3.7800E+02	 5.6219E-04	 9.7642E-04
 3.7900E+02	 5.6256E-04	 9.8217E-04
 3.8000E+02	 5.6294E-04	 9.8792E-04
 3.8100E+02	 5.6331E-04	 9.9368E-04
 3.8200E+02	 5.6369E-04	 9.9944E-04
 3.8300E+02	 5.6406E-04	 1.0052E-03
 3.8400E+02	 5.6444E-04	 1.0110E-03
 3.8500E+02	 5.6481E-04	 1.0167E-03
 3.8600E+02	 5.6519E-04	 1.0225E-03
 3.8700E+02	 5.6556E-04	 1.0283E-03
 3.8800E+02	 5.6594E-04	 1.0340E-03
 3.8900E+02	 5.6632E-04	 1.0398E-03
 3.9000E+02	 5.6669E-04	 1.0456E-03
 3.9100E+02	 5.6707E-04	 1.0514E-03
 3.9200E+02	 5.6744E-04	 1.0572E-03
 3.9300E+02	 5.6782E-04	 1.0629E-03
 3.9400E+02	 5.6819E-04	 1.0687E-03
 3.9500E+02	 5.6857E-04	 1.0745E-03
 3.9600E+02	 5.6894E-04	 1.0803E-03
 3.9700E+02	 5.6932E-04	 1.0861E-03
 3.9800E+02	 5.6969E-04	 1.0919E-03
 3.9900E+02	 5.7007E-04	 1.0977E-03
 4.0000E+02	 5.7044E-04	 1.1035E-03
 4.0100E+02	 5.7082E-04	 1.1093E-03
 4.0200E+02	 5.7119E-04	 1.1151E-03
 4.0300E+02	 5.7157E-04	 1.1209E-03
 4.0400E+02	 5.7195E-04	 1.1267E-03
 4.0500E+02	 5.7232E-04	 1.1325E-03
 4.0600E+02	 5.7270E-04	 1.1383E-03
 4.0700E+02	 5.7307E-04	 1.1441E-03
 4.0800E+02	 5.7345E-04	 1.1499E-03
 4.0900E+02	 5.7382E-04	 1.1557E-03
 4.1000E+02	 5.7420E-04	 1.1615E-03
 4.1100E+02	 5.7458E-04	 1.1673E-03
 4.1200E+02	 5.7495E-04	 1.1731E-03
 4.1300E+02	 5.7533E-04	 1.1789E-03
 4.1400E+02	 5.7570E-04	 1.1847E-03
 4.1500E+02	 5.7608E-04	 1.1905E-03
 4.1600E+02	 5.7645E-04	 1.1963E-03
 4.1700E+02	 5.7683E-04	 1.2021E-03
 4.1800E+02	 5.7721E-04	 1.2079E-03
 4.1900E+02	 5.7758E-04	 1.2137E-03
 4.2000E+02	 5.7796E-04	 1.2195E-03
 4.2100E+02	 5.7833E-04	 1.2253E-03
 4.2200E+02	 5.7871E-04	 1.2311E-03
 4.2300E+02	 5.7908E-04	 1.2369E-03
 4.2400E+02	 5.7946E-04	 1.2427E-03
 4.2500E+02	 5.7984E-04	 1.2485E-03
 4.2600E+02	 5.8021E-04	 1.2543E-03
 4.2700E+02	 5.8059E-04	 1.2601E-03
 4.2800E+02	 5.8096E-04	 1.2659E-03
 4.2900E+02	 5.8134E-04	 1.2717E-03
 4.3000E+02	 5.8172E-04	 1.2775E-03
 4.3100E+02	 5.8209E-04	 1.2833E-03
 4.3200E+02	 5.8247E-04	 1.2891E-03
 4.3300E+02	 5.8284E-04	 1.2949E-03
 4.3400E+02	 5.8322E-04	 1.3007E-03
 4.3500E+02	 5.8360E-04	 1.3065E-03
 4.3600E+02	 5.8397E-04	 1.3123E-03
 4.3700E+02	 5.8435E-04	 1.3181E-03
 4.3800E+02	 5.8472E-04	 1.3239E-03
 4.3900E+02	 5.8510E-04	 1.3297E-03
 4.4000E+02	 5.8548E-04	 1.3355E-03
 4.4100E+02	 5.8585E-04	 1.3413E-03
 4.4200E+02	 5.8623E-04	 1.3470E-03
 4.4300E+02	 5.8660E-04	 1.3528E-03
 4.4400E+02	 5.8698E-04	 1.3586E-03
 4.4500E+02	 5.8736E-04	 1.3644E-03
 4.4600E+02	 5.8773E-04	 1.3702E-03
 4.4700E+02	 5.8811E-04	 1.3760E-03
 4.4800E+02	 5.8848E-04	 1.3817E-03
 4.4900E+02	 5.8886E-04	 1.3875E-03
 4.5000E+02	 5.8924E-04	 1.3933E-03
 4.5100E+02	 5.8961E-04	 1.3991E-03
 4.5200E+02	 5.8999E-04	 1.4048E-03
 4.5300E+02	 5.9036E-04	 1.4106E-03
 4.5400E+02	 5.9074E-04	 1.4164E-03
 4.5500E+02	 5.9112E-04	 1.4221E-03
 4.5600E+02	 5.9149E-04	 1.4279E-03
 4.5700E+02	 5.9187E-04	 1.4337E-03
 4.5800E+02	 5.9225E-04	 1.4394E-03
 4.5900E+02	 5.9262E-04	 1.4452E-03
 4.6000E+02	 5.9300E-04	 1.4509E-03
 4.6100E+02	 5.9337E-04	 1.4567E-03
 4.6200E+02	 5.9375E-04	 1.4624E-03
 4.6300E+02	 5.9413E-04	 1.4682E-03
 4.6400E+02	 5.9450E-04	 1.4739E-03
 4.6500E+02	 5.9488E-04	 1.4797E-03
 4.6600E+02	 5.9525E-04	 1.4854E-03
 4.6700E+02	 5.9563E-04	 1.4911E-03
 4.6800E+02	 5.9601E-04	 1.4969E-03
 4.6900E+02	 5.9638E-04	 1.5026E-03
 4.7000E+02	 5.9676E-04	 1.5083E-03
 4.7100E+02	 5.9713E-04	 1.5141E-03
 4.7200E+02	 5.9751E-04	 1.5198E-03
 4.7300E+02	 5.9789E-04	 1.5255E-03
 4.7400E+02	 5.9826E-04	 1.5312E-03
 4.7500E+02	 5.9864E-04	 1.5370E-03
 4.7600E+02	 5.9901E-04	 1.5427E-03
 4.7700E+02	 5.9939E-04	 1.5484E-03
 4.7800E+02	 5.9977E-04	 1.5541E-03
 4.7900E+02	 6.0014E-04	 1.5598E-03
 4.8000E+02	 6.0052E-04	 1.5655E-03
 4.8100E+02	 6.0089E-04	 1.5712E-03
 4.8200E+02	 6.0127E-04	 1.5769E-03
 4.8300E+02	 6.0165E-04	 1.5826E-03
 4.8400E+02	 6.0202E-04	 1.5883E-03
 4.8500E+02	 6.0240E-04	 1.5940E-03
 4.8600E+02	 6.0277E-04	 1.5997E-03
 4.8700E+02	 6.0315E-04	 1.6053E-03
 4.8800E+02	 6.0353E-04	 1.6110E-03
 4.8900E+02	 6.0390E-04	 1.6167E-03
 4.9000E+02	 6.0428E-04	 1.6224E-03
 4.9100E+02	 6.0465E-04	 1.6280E-03
 4.9200E+02	 6.0503E-04	 1.6337E-03
 4.9300E+02	 6.0541E-04	 1.6394E-03
 4.9400E+02	 6.0578E-04	 1.6450E-03
 4.9500E+02	 6.0616E-04	 1.6507E-03
 4.9600E+02	 6.0653E-04	 1.6563E-03
 4.9700E+02	 6.0691E-04	 1.6620E-03
 4.9800E+02	 6.0728E-04	 1.6676E-03
 4.9900E+02	 6.0766E-04	 1.6733E-03
 5.0000E+02	 6.0804E-04	 1.6789E-03
 5.0100E+02	 6.0841E-04	 1.6845E-03
 5.0200E+02	 6.0879E-04	 1.6902E-03
 5.0300E+02	 6.0916E-04	 1.6958E-03
 5.0400E+02	 6.0954E-04	 1.7014E-03
 5.0500E+02	 6.0991E-04	 1.7070E-03
 5.0600E+02	 6.1029E-04	 1.7127E-03
 5.0700E+02	 6.1067E-04	 1.7183E-03
 5.0800E+02	 6.1104E-04	 1.7239E-03
 5.0900E+02	 6.1142E-04	 1.7295E-03
 5.1000E+02	 6.1179E-04	 1.7351E-03
 5.1100E+02	 6.1156E-04	 1.7390E-03
 5.1200E+02	 6.1193E-04	 1.7445E-03
 5.1300E+02	 6.1230E-04	 1.7501E-03
 5.1400E+02	 6.1268E-04	 1.7557E-03
 5.1500E+02	 6.1305E-04	 1.7613E-03
 5.1600E+02	 6.1342E-04	 1.7668E-03
 5.1700E+02	 6.1380E-04	 1.7724E-03
 5.1800E+02	 6.1417E-04	 1.7780E-03
 5.1900E+02	 6.1454E-04	 1.7835E-03
 5.2000E+02	 6.1492E-04	 1.7891E-03
 5.2100E+02	 6.1529E-04	 1.7946E-03
 5.2200E+02	 6.1566E-04	 1.8002E-03
 5.2300E+02	 6.1604E-04	 1.8057E-03
 5.2400E+02	 6.1641E-04	 1.8113E-03
 5.2500E+02	 6.1678E-04	 1.8168E-03
 5.2600E+02	 6.1716E-04	 1.8223E-03
 5.2700E+02	 6.1753E-04	 1.8278E-03
 5.2800E+02	 6.1790E-04	 1.8334E-03
 5.2900E+02	 6.1828E-04	 1.8389E-03
 5.3000E+02	 6.1865E-04	 1.8444E-03
 5.3100E+02	 6.1902E-04	 1.8499E-03
 5.3200E+02	 6.1939E-04	 1.8554E-03
 5.3300E+02	 6.1977E-04	 1.8609E-03
 5.3400E+02	 6.2014E-04	 1.8664E-03
 5.3500E+02	 6.2051E-04	 1.8719E-03
 5.3600E+02	 6.2089E-04	 1.8774E-03
 5.3700E+02	 6.2126E-04	 1.8829E-03
 5.3800E+02	 6.2163E-04	 1.8883E-03
 5.3900E+02	 6.2201E-04	 1.8938E-03
 5.4000E+02	 6.2238E-04	 1.8993E-03
 5.4100E+02	 6.2275E-04	 1.9048E-03
 5.4200E+02	 6.2312E-04	 1.9102E-03
 5.4300E+02	 6.2350E-04	 1.9157E-03
 5.4400E+02	 6.2387E-04	 1.9211E-03
 5.4500E+02	 6.2424E-04	 1.9266E-03
 5.4600E+02	 6.2461E-04	 1.9320E-03
 5.4700E+02	 6.2499E-04	 1.9375E-03
 5.4800E+02	 6.2536E-04	 1.9429E-03
 5.4900E+02	 6.2573E-04	 1.9483E-03
 5.5000E+02	 6.2611E-04	 1.9538E-03
 5.5100E+02	 6.2648E-04	 1.9592E-03
 5.5200E+02	 6.2685E-04	 1.9646E-03
 5.5300E+02	 6.2722E-04	 1.9700E-03
 5.5400E+02	 6.2760E-04	 1.9754E-03
 5.5500E+02	 6.2797E-04	 1.9808E-03
 5.5600E+02	 6.2834E-04	 1.9862E-03
 5.5700E+02	 6.2871E-04	 1.9916E-03
 5.5800E+02	 6.2909E-04	 1.9970E-03
 5.5900E+02	 6.2946E-04	 2.0024E-03
 5.6000E+02	 6.2983E-04	 2.0078E-03
 5.6100E+02	 6.3020E-04	 2.0132E-03
 5.6200E+02	 6.3057E-04	 2.0185E-03
 5.6300E+02	 6.3095E-04	 2.0239E-03
 5.6400E+02	 6.3132E-04	 2.0293E-03
 5.6500E+02	 6.3169E-04	 2.0346E-03
 5.6600E+02	 6.3206E-04	 2.0400E-03
 5.6700E+02	 6.3243E-04	 2.0453E-03
 5.6800E+02	 6.3281E-04	 2.0507E-03
 5.6900E+02	 6.3318E-04	 2.0560E-03
 5.7000E+02	 6.3355E-04	 2.0613E-03
 5.7100E+02	 6.3392E-04	 2.0667E-03
 5.7200E+02	 6.3429E-04	 2.0720E-03
 5.7300E+02	 6.3467E-04	 2.0773E-03
 5.7400E+02	 6.3504E-04	 2.0826E-03
 5.7500E+02	 6.3541E-04	 2.0879E-03
 5.7600E+02	 6.3578E-04	 2.0933E-03
 5.7700E+02	 6.3615E-04	 2.0986E-03
 5.7800E+02	 6.3653E-04	 2.1039E-03
 5.7900E+02	 6.3690E-04	 2.1092E-03
 5.8000E+02	 6.3727E-04	 2.1144E-03
 5.8100E+02	 6.3764E-04	 2.1197E-03
 5.8200E+02	 6.3801E-04	 2.1250E-03
 5.8300E+02	 6.3838E-04	 2.1303E-03
 5.8400E+02	 6.3875E-04	 2.1355E-03
 5.8500E+02	 6.3913E-04	 2.1408E-03
 5.8600E+02	 6.3950E-04	 2.1461E-03
 5.8700E+02	 6.3987E-04	 2.1513E-03
 5.8800E+02	 6.4024E-04	 2.1566E-03
 5.8900E+02	 6.4061E-04	 2.1618E-03
 5.9000E+02	 6.4098E-04	 2.1671E-03
 5.9100E+02	 6.4135E-04	 2.1723E-03
 5.9200E+02	 6.4173E-04	 2.1775E-03
 5.9300E+02	 6.4210E-04	 2.1828E-03
 5.9400E+02	 6.4247E-04	 2.1880E-03
 5.9500E+02	 6.4284E-04	 2.1932E-03
 5.9600E+02	 6.4321E-04	 2.1984E-03
 5.9700E+02	 6.4358E-04	 2.2036E-03
 5.9800E+02	 6.4395E-04	 2.2088E-03
 5.9900E+02	 6.4432E-04	 2.2140E-03


