#     0	 1	   13	 3	 8.2798E+02	  500	1
 1.0000E+02	 3.0603E-03	 3.1082E-05
 1.0100E+02	 3.0610E-03	 3.3578E-05
 1.0200E+02	 3.0618E-03	 3.6218E-05
 1.0300E+02	 3.0625E-03	 3.9007E-05
 1.0400E+02	 3.0633E-03	 4.1949E-05
 1.0500E+02	 3.0641E-03	 4.5049E-05
 1.0600E+02	 3.0648E-03	 4.8310E-05
 1.0700E+02	 3.0656E-03	 5.1738E-05
 1.0800E+02	 3.0663E-03	 5.5337E-05
 1.0900E+02	 3.0671E-03	 5.9111E-05
 1.1000E+02	 3.0679E-03	 6.3065E-05
 1.1100E+02	 3.0686E-03	 6.7201E-05
 1.1200E+02	 3.0694E-03	 7.1526E-05
 1.1300E+02	 3.0701E-03	 7.6042E-05
 1.1400E+02	 3.0709E-03	 8.0753E-05
 1.1500E+02	 3.0717E-03	 8.5664E-05
 1.1600E+02	 3.0724E-03	 9.0778E-05
 1.1700E+02	 3.0732E-03	 9.6099E-05
 1.1800E+02	 3.0739E-03	 1.0163E-04
 1.1900E+02	 3.0747E-03	 1.0738E-04
 1.2000E+02	 3.0755E-03	 1.1334E-04
 1.2100E+02	 3.0762E-03	 1.1952E-04
 1.2200E+02	 3.0770E-03	 1.2593E-04
 1.2300E+02	 3.0777E-03	 1.3256E-04
 1.2400E+02	 3.0785E-03	 1.3943E-04
 1.2500E+02	 3.0793E-03	 1.4652E-04
 1.2600E+02	 3.0800E-03	 1.5386E-04
 1.2700E+02	 3.0808E-03	 1.6143E-04
 1.2800E+02	 3.0815E-03	 1.6924E-04
 1.2900E+02	 3.0823E-03	 1.7730E-04
 1.3000E+02	 3.0830E-03	 1.8560E-04
 1.3100E+02	 3.0838E-03	 1.9415E-04
 1.3200E+02	 3.0846E-03	 2.0294E-04
 1.3300E+02	 3.0853E-03	 2.1200E-04
 1.3400E+02	 3.0861E-03	 2.2130E-04
 1.3500E+02	 3.0868E-03	 2.3086E-04
 1.3600E+02	 3.0876E-03	 2.4068E-04
 1.3700E+02	 3.0883E-03	 2.5076E-04
 1.3800E+02	 3.0891E-03	 2.6110E-04
 1.3900E+02	 3.0898E-03	 2.7170E-04
 1.4000E+02	 3.0906E-03	 2.8256E-04
 1.4100E+02	 3.0913E-03	 2.9369E-04
 1.4200E+02	 3.0921E-03	 3.0509E-04
 1.4300E+02	 3.0929E-03	 3.1675E-04
 1.4400E+02	 3.0936E-03	 3.2868E-04
 1.4500E+02	 3.0944E-03	 3.4087E-04
 1.4600E+02	 3.0951E-03	 3.5334E-04
 1.4700E+02	 3.0959E-03	 3.6607E-04
 1.4800E+02	 3.0966E-03	 3.7908E-04
 1.4900E+02	 3.0974E-03	 3.9236E-04
 1.5000E+02	 3.0981E-03	 4.0590E-04
 1.5100E+02	 3.0989E-03	 4.1972E-04
 1.5200E+02	 3.0996E-03	 4.3381E-04
 1.5300E+02	 3.1004E-03	 4.4817E-04
 1.5400E+02	 3.1011E-03	 4.6280E-04
 1.5500E+02	 3.1019E-03	 4.7770E-04
 1.5600E+02	 3.1026E-03	 4.9288E-04
 1.5700E+02	 3.1034E-03	 5.0832E-04
 1.5800E+02	 3.1041E-03	 5.2403E-04
 1.5900E+02	 3.1049E-03	 5.4002E-04
 1.6000E+02	 3.1056E-03	 5.5627E-04
 1.6100E+02	 3.1064E-03	 5.7279E-04
 1.6200E+02	 3.1071E-03	 5.8958E-04
 1.6300E+02	 3.1079E-03	 6.0664E-04
 1.6400E+02	 3.1086E-03	 6.2396E-04
 1.6500E+02	 3.1094E-03	 6.4155E-04
 1.6600E+02	 3.1101E-03	 6.5940E-04
 1.6700E+02	 3.1109E-03	 6.7752E-04
 1.6800E+02	 3.1116E-03	 6.9590E-04
 1.6900E+02	 3.1123E-03	 7.1454E-04
 1.7000E+02	 3.1131E-03	 7.3344E-04
 1.7100E+02	 3.1138E-03	 7.5260E-04
 1.7200E+02	 3.1146E-03	 7.7202E-04
 1.7300E+02	 3.1153E-03	 7.9170E-04
 1.7400E+02	 3.1161E-03	 8.1163E-04
 1.7500E+02	 3.1168E-03	 8.3181E-04
 1.7600E+02	 3.1176E-03	 8.5225E-04
 1.7700E+02	 3.1183E-03	 8.7294E-04
 1.7800E+02	 3.1191E-03	 8.9387E-04
 1.7900E+02	 3.1198E-03	 9.1506E-04
 1.8000E+02	 3.1205E-03	 9.3649E-04
 1.8100E+02	 3.1213E-03	 9.5817E-04
 1.8200E+02	 3.1220E-03	 9.8008E-04
 1.8300E+02	 3.1228E-03	 1.0022E-03
 1.8400E+02	 3.1235E-03	 1.0246E-03
 1.8500E+02	 3.1243E-03	 1.0473E-03
 1.8600E+02	 3.1250E-03	 1.0701E-03
 1.8700E+02	 3.1257E-03	 1.0933E-03
 1.8800E+02	 3.1265E-03	 1.1166E-03
 1.8900E+02	 3.1272E-03	 1.1402E-03
 1.9000E+02	 3.1280E-03	 1.1640E-03
 1.9100E+02	 3.1287E-03	 1.1880E-03
 1.9200E+02	 3.1294E-03	 1.2122E-03
 1.9300E+02	 3.1302E-03	 1.2367E-03
 1.9400E+02	 3.1309E-03	 1.2614E-03
 1.9500E+02	 3.1317E-03	 1.2863E-03
 1.9600E+02	 3.1324E-03	 1.3114E-03
 1.9700E+02	 3.1331E-03	 1.3367E-03
 1.9800E+02	 3.1339E-03	 1.3623E-03
 1.9900E+02	 3.1346E-03	 1.3880E-03
 2.0000E+02	 3.1353E-03	 1.4140E-03
 2.0100E+02	 3.1361E-03	 1.4402E-03
 2.0200E+02	 3.1368E-03	 1.4665E-03
 2.0300E+02	 3.1375E-03	 1.4931E-03
 2.0400E+02	 3.1383E-03	 1.5199E-03
 2.0500E+02	 3.1390E-03	 1.5469E-03
 2.0600E+02	 3.1398E-03	 1.5740E-03
 2.0700E+02	 3.1405E-03	 1.6014E-03
 2.0800E+02	 3.1412E-03	 1.6289E-03
 2.0900E+02	 3.1420E-03	 1.6566E-03
 2.1000E+02	 3.1427E-03	 1.6846E-03
 2.1100E+02	 3.1434E-03	 1.7127E-03
 2.1200E+02	 3.1442E-03	 1.7409E-03
 2.1300E+02	 3.1449E-03	 1.7694E-03
 2.1400E+02	 3.1456E-03	 1.7980E-03
 2.1500E+02	 3.1464E-03	 1.8269E-03
 2.1600E+02	 3.1471E-03	 1.8558E-03
 2.1700E+02	 3.1478E-03	 1.8850E-03
 2.1800E+02	 3.1485E-03	 1.9143E-03
 2.1900E+02	 3.1493E-03	 1.9438E-03
 2.2000E+02	 3.1500E-03	 1.9735E-03
 2.2100E+02	 3.1507E-03	 2.0033E-03
 2.2200E+02	 3.1515E-03	 2.0332E-03
 2.2300E+02	 3.1522E-03	 2.0634E-03
 2.2400E+02	 3.1529E-03	 2.0937E-03
 2.2500E+02	 3.1536E-03	 2.1241E-03
 2.2600E+02	 3.1544E-03	 2.1547E-03
 2.2700E+02	 3.1551E-03	 2.1854E-03
 2.2800E+02	 3.1558E-03	 2.2163E-03
 2.2900E+02	 3.1566E-03	 2.2473E-03
 2.3000E+02	 3.1573E-03	 2.2785E-03
 2.3100E+02	 3.1580E-03	 2.3098E-03
 2.3200E+02	 3.1587E-03	 2.3412E-03
 2.3300E+02	 3.1595E-03	 2.3728E-03
 2.3400E+02	 3.1602E-03	 2.4045E-03
 2.3500E+02	 3.1609E-03	 2.4363E-03
 2.3600E+02	 3.1616E-03	 2.4683E-03
 2.3700E+02	 3.1624E-03	 2.5004E-03
 2.3800E+02	 3.1631E-03	 2.5326E-03
 2.3900E+02	 3.1638E-03	 2.5649E-03
 2.4000E+02	 3.1645E-03	 2.5974E-03
 2.4100E+02	 3.1653E-03	 2.6300E-03
 2.4200E+02	 3.1660E-03	 2.6627E-03
 2.4300E+02	 3.1667E-03	 2.6955E-03
 2.4400E+02	 3.1674E-03	 2.7284E-03
 2.4500E+02	 3.1681E-03	 2.7614E-03
 2.4600E+02	 3.1689E-03	 2.7946E-03
 2.4700E+02	 3.1696E-03	 2.8278E-03
 2.4800E+02	 3.1703E-03	 2.8612E-03
 2.4900E+02	 3.1710E-03	 2.8946E-03
 2.5000E+02	 3.1717E-03	 2.9282E-03
 2.5100E+02	 3.1725E-03	 2.9618E-03
 2.5200E+02	 3.1732E-03	 2.9955E-03
 2.5300E+02	 3.1739E-03	 3.0294E-03
 2.5400E+02	 3.1746E-03	 3.0633E-03
 2.5500E+02	 3.1753E-03	 3.0973E-03
 2.5600E+02	 3.1761E-03	 3.1314E-03
 2.5700E+02	 3.1768E-03	 3.1656E-03
 2.5800E+02	 3.1775E-03	 3.1999E-03
 2.5900E+02	 3.1782E-03	 3.2343E-03
 2.6000E+02	 3.1789E-03	 3.2687E-03
 2.6100E+02	 3.1796E-03	 3.3033E-03
 2.6200E+02	 3.1804E-03	 3.3379E-03
 2.6300E+02	 3.1811E-03	 3.3725E-03
 2.6400E+02	 3.1818E-03	 3.4073E-03
 2.6500E+02	 3.1825E-03	 3.4421E-03
 2.6600E+02	 3.1832E-03	 3.4770E-03
 2.6700E+02	 3.1839E-03	 3.5120E-03
 2.6800E+02	 3.1846E-03	 3.5470E-03
 2.6900E+02	 3.1854E-03	 3.5821E-03
 2.7000E+02	 3.1861E-03	 3.6173E-03
 2.7100E+02	 3.1868E-03	 3.6525E-03
 2.7200E+02	 3.1875E-03	 3.6878E-03
 2.7300E+02	 3.1882E-03	 3.7231E-03
 2.7400E+02	 3.1889E-03	 3.7585E-03
 2.7500E+02	 3.1896E-03	 3.7940E-03
 2.7600E+02	 3.1903E-03	 3.8295E-03
 2.7700E+02	 3.1910E-03	 3.8651E-03
 2.7800E+02	 3.1918E-03	 3.9007E-03
 2.7900E+02	 3.1925E-03	 3.9364E-03
 2.8000E+02	 3.1932E-03	 3.9721E-03
 2.8100E+02	 3.1939E-03	 4.0078E-03
 2.8200E+02	 3.1946E-03	 4.0436E-03
 2.8300E+02	 3.1953E-03	 4.0795E-03
 2.8400E+02	 3.1960E-03	 4.1154E-03
 2.8500E+02	 3.1967E-03	 4.1513E-03
 2.8600E+02	 3.1974E-03	 4.1873E-03
 2.8700E+02	 3.1981E-03	 4.2233E-03
 2.8800E+02	 3.1988E-03	 4.2593E-03
 2.8900E+02	 3.1995E-03	 4.2954E-03
 2.9000E+02	 3.2002E-03	 4.3315E-03
 2.9100E+02	 3.2010E-03	 4.3677E-03
 2.9200E+02	 3.2017E-03	 4.4039E-03
 2.9300E+02	 3.2024E-03	 4.4401E-03
 2.9400E+02	 3.2031E-03	 4.4763E-03
 2.9500E+02	 3.2038E-03	 4.5126E-03
 2.9600E+02	 3.2045E-03	 4.5489E-03
 2.9700E+02	 3.2052E-03	 4.5852E-03
 2.9800E+02	 3.2059E-03	 4.6215E-03
 2.9900E+02	 3.2066E-03	 4.6579E-03
 3.0000E+02	 3.2073E-03	 4.6943E-03
 3.0100E+02	 3.2080E-03	 4.7307E-03
 3.0200E+02	 3.2087E-03	 4.7671E-03
 3.0300E+02	 3.2094E-03	 4.8035E-03
 3.0400E+02	 3.2101E-03	 4.8400E-03
 3.0500E+02	 3.2108E-03	 4.8764E-03
 3.0600E+02	 3.2115E-03	 4.9129E-03
 3.0700E+02	 3.2122E-03	 4.9494E-03
 3.0800E+02	 3.2129E-03	 4.9859E-03
 3.0900E+02	 3.2136E-03	 5.0224E-03
 3.1000E+02	 3.2143E-03	 5.0589E-03
 3.1100E+02	 3.2150E-03	 5.0955E-03
 3.1200E+02	 3.2157E-03	 5.1320E-03
 3.1300E+02	 3.2164E-03	 5.1685E-03
 3.1400E+02	 3.2171E-03	 5.2051E-03
 3.1500E+02	 3.2178E-03	 5.2416E-03
 3.1600E+02	 3.2185E-03	 5.2782E-03
 3.1700E+02	 3.2192E-03	 5.3148E-03
 3.1800E+02	 3.2199E-03	 5.3513E-03
 3.1900E+02	 3.2206E-03	 5.3879E-03
 3.2000E+02	 3.2213E-03	 5.4244E-03
 3.2100E+02	 3.2219E-03	 5.4610E-03
 3.2200E+02	 3.2226E-03	 5.4975E-03
 3.2300E+02	 3.2233E-03	 5.5341E-03
 3.2400E+02	 3.2240E-03	 5.5706E-03
 3.2500E+02	 3.2247E-03	 5.6072E-03
 3.2600E+02	 3.2254E-03	 5.6437E-03
 3.2700E+02	 3.2261E-03	 5.6802E-03
 3.2800E+02	 3.2268E-03	 5.7167E-03
 3.2900E+02	 3.2275E-03	 5.7532E-03
 3.3000E+02	 3.2282E-03	 5.7897E-03
 3.3100E+02	 3.2289E-03	 5.8262E-03
 3.3200E+02	 3.2296E-03	 5.8627E-03
 3.3300E+02	 3.2303E-03	 5.8991E-03
 3.3400E+02	 3.2309E-03	 5.9356E-03
 3.3500E+02	 3.2316E-03	 5.9720E-03
 3.3600E+02	 3.2323E-03	 6.0084E-03
 3.3700E+02	 3.2330E-03	 6.0448E-03
 3.3800E+02	 3.2337E-03	 6.0812E-03
 3.3900E+02	 3.2344E-03	 6.1175E-03
 3.4000E+02	 3.2351E-03	 6.1539E-03
 3.4100E+02	 3.2358E-03	 6.1902E-03
 3.4200E+02	 3.2365E-03	 6.2265E-03
 3.4300E+02	 3.2371E-03	 6.2628E-03
 3.4400E+02	 3.2378E-03	 6.2991E-03
 3.4500E+02	 3.2385E-03	 6.3353E-03
 3.4600E+02	 3.2392E-03	 6.3715E-03
 3.4700E+02	 3.2399E-03	 6.4077E-03
 3.4800E+02	 3.2406E-03	 6.4439E-03
 3.4900E+02	 3.2413E-03	 6.4801E-03
 3.5000E+02	 3.2419E-03	 6.5162E-03
 3.5100E+02	 3.2426E-03	 6.5523E-03
 3.5200E+02	 3.2433E-03	 6.5883E-03
 3.5300E+02	 3.2440E-03	 6.6244E-03
 3.5400E+02	 3.2447E-03	 6.6604E-03
 3.5500E+02	 3.2454E-03	 6.6964E-03
 3.5600E+02	 3.2460E-03	 6.7323E-03
 3.5700E+02	 3.2467E-03	 6.7683E-03
 3.5800E+02	 3.2474E-03	 6.8042E-03
 3.5900E+02	 3.2481E-03	 6.8400E-03
 3.6000E+02	 3.2488E-03	 6.8759E-03
 3.6100E+02	 3.2495E-03	 6.9117E-03
 3.6200E+02	 3.2501E-03	 6.9474E-03
 3.6300E+02	 3.2508E-03	 6.9832E-03
 3.6400E+02	 3.2515E-03	 7.0189E-03
 3.6500E+02	 3.2522E-03	 7.0546E-03
 3.6600E+02	 3.2528E-03	 7.0902E-03
 3.6700E+02	 3.2535E-03	 7.1258E-03
 3.6800E+02	 3.2542E-03	 7.1614E-03
 3.6900E+02	 3.2549E-03	 7.1969E-03
 3.7000E+02	 3.2556E-03	 7.2324E-03
 3.7100E+02	 3.2562E-03	 7.2678E-03
 3.7200E+02	 3.2569E-03	 7.3032E-03
 3.7300E+02	 3.2576E-03	 7.3386E-03
 3.7400E+02	 3.2583E-03	 7.3740E-03
 3.7500E+02	 3.2589E-03	 7.4093E-03
 3.7600E+02	 3.2596E-03	 7.4445E-03
 3.7700E+02	 3.2603E-03	 7.4797E-03
 3.7800E+02	 3.2610E-03	 7.5149E-03
 3.7900E+02	 3.2616E-03	 7.5501E-03
 3.8000E+02	 3.2623E-03	 7.5852E-03
 3.8100E+02	 3.2630E-03	 7.6202E-03
 3.8200E+02	 3.2637E-03	 7.6552E-03
 3.8300E+02	 3.2643E-03	 7.6902E-03
 3.8400E+02	 3.2650E-03	 7.7251E-03
 3.8500E+02	 3.2657E-03	 7.7600E-03
 3.8600E+02	 3.2663E-03	 7.7949E-03
 3.8700E+02	 3.2670E-03	 7.8297E-03
 3.8800E+02	 3.2677E-03	 7.8644E-03
 3.8900E+02	 3.2684E-03	 7.8991E-03
 3.9000E+02	 3.2690E-03	 7.9338E-03
 3.9100E+02	 3.2697E-03	 7.9684E-03
 3.9200E+02	 3.2704E-03	 8.0030E-03
 3.9300E+02	 3.2710E-03	 8.0375E-03
 3.9400E+02	 3.2717E-03	 8.0720E-03
 3.9500E+02	 3.2724E-03	 8.1064E-03
 3.9600E+02	 3.2730E-03	 8.1408E-03
 3.9700E+02	 3.2737E-03	 8.1752E-03
 3.9800E+02	 3.2744E-03	 8.2095E-03
 3.9900E+02	 3.2750E-03	 8.2437E-03
 4.0000E+02	 3.2757E-03	 8.2779E-03
 4.0100E+02	 3.2764E-03	 8.3120E-03
 4.0200E+02	 3.2770E-03	 8.3461E-03
 4.0300E+02	 3.2777E-03	 8.3802E-03
 4.0400E+02	 3.2784E-03	 8.4142E-03
 4.0500E+02	 3.2790E-03	 8.4482E-03
 4.0600E+02	 3.2797E-03	 8.4821E-03
 4.0700E+02	 3.2804E-03	 8.5159E-03
 4.0800E+02	 3.2810E-03	 8.5497E-03
 4.0900E+02	 3.2817E-03	 8.5835E-03
 4.1000E+02	 3.2824E-03	 8.6172E-03
 4.1100E+02	 3.2830E-03	 8.6508E-03
 4.1200E+02	 3.2837E-03	 8.6844E-03
 4.1300E+02	 3.2843E-03	 8.7179E-03
 4.1400E+02	 3.2850E-03	 8.7514E-03
 4.1500E+02	 3.2857E-03	 8.7849E-03
 4.1600E+02	 3.2863E-03	 8.8183E-03
 4.1700E+02	 3.2870E-03	 8.8516E-03
 4.1800E+02	 3.2876E-03	 8.8849E-03
 4.1900E+02	 3.2883E-03	 8.9181E-03
 4.2000E+02	 3.2890E-03	 8.9513E-03
 4.2100E+02	 3.2896E-03	 8.9844E-03
 4.2200E+02	 3.2903E-03	 9.0175E-03
 4.2300E+02	 3.2909E-03	 9.0505E-03
 4.2400E+02	 3.2916E-03	 9.0835E-03
 4.2500E+02	 3.2922E-03	 9.1164E-03
 4.2600E+02	 3.2929E-03	 9.1492E-03
 4.2700E+02	 3.2936E-03	 9.1820E-03
 4.2800E+02	 3.2942E-03	 9.2148E-03
 4.2900E+02	 3.2949E-03	 9.2475E-03
 4.3000E+02	 3.2955E-03	 9.2801E-03
 4.3100E+02	 3.2962E-03	 9.3127E-03
 4.3200E+02	 3.2968E-03	 9.3452E-03
 4.3300E+02	 3.2975E-03	 9.3777E-03
 4.3400E+02	 3.2981E-03	 9.4101E-03
 4.3500E+02	 3.2988E-03	 9.4425E-03
 4.3600E+02	 3.2994E-03	 9.4748E-03
 4.3700E+02	 3.3001E-03	 9.5070E-03
 4.3800E+02	 3.3007E-03	 9.5392E-03
 4.3900E+02	 3.3014E-03	 9.5713E-03
 4.4000E+02	 3.3020E-03	 9.6034E-03
 4.4100E+02	 3.3027E-03	 9.6354E-03
 4.4200E+02	 3.3033E-03	 9.6674E-03
 4.4300E+02	 3.3040E-03	 9.6993E-03
 4.4400E+02	 3.3046E-03	 9.7312E-03
 4.4500E+02	 3.3053E-03	 9.7630E-03
 4.4600E+02	 3.3059E-03	 9.7947E-03
 4.4700E+02	 3.3066E-03	 9.8264E-03
 4.4800E+02	 3.3072E-03	 9.8580E-03
 4.4900E+02	 3.3079E-03	 9.8896E-03
 4.5000E+02	 3.3085E-03	 9.9211E-03
 4.5100E+02	 3.3092E-03	 9.9525E-03
 4.5200E+02	 3.3098E-03	 9.9839E-03
 4.5300E+02	 3.3105E-03	 1.0015E-02
 4.5400E+02	 3.3111E-03	 1.0047E-02
 4.5500E+02	 3.3118E-03	 1.0078E-02
 4.5600E+02	 3.3124E-03	 1.0109E-02
 4.5700E+02	 3.3131E-03	 1.0140E-02
 4.5800E+02	 3.3137E-03	 1.0171E-02
 4.5900E+02	 3.3143E-03	 1.0202E-02
 4.6000E+02	 3.3150E-03	 1.0233E-02
 4.6100E+02	 3.3156E-03	 1.0264E-02
 4.6200E+02	 3.3163E-03	 1.0295E-02
 4.6300E+02	 3.3169E-03	 1.0325E-02
 4.6400E+02	 3.3176E-03	 1.0356E-02
 4.6500E+02	 3.3182E-03	 1.0387E-02
 4.6600E+02	 3.3188E-03	 1.0417E-02
 4.6700E+02	 3.3195E-03	 1.0448E-02
 4.6800E+02	 3.3201E-03	 1.0478E-02
 4.6900E+02	 3.3208E-03	 1.0509E-02
 4.7000E+02	 3.3214E-03	 1.0539E-02
 4.7100E+02	 3.3221E-03	 1.0569E-02
 4.7200E+02	 3.3227E-03	 1.0600E-02
 4.7300E+02	 3.3233E-03	 1.0630E-02
 4.7400E+02	 3.3240E-03	 1.0660E-02
 4.7500E+02	 3.3246E-03	 1.0690E-02
 4.7600E+02	 3.3252E-03	 1.0720E-02
 4.7700E+02	 3.3259E-03	 1.0750E-02
 4.7800E+02	 3.3265E-03	 1.0780E-02
 4.7900E+02	 3.3272E-03	 1.0810E-02
 4.8000E+02	 3.3278E-03	 1.0839E-02
 4.8100E+02	 3.3284E-03	 1.0869E-02
 4.8200E+02	 3.3291E-03	 1.0899E-02
 4.8300E+02	 3.3297E-03	 1.0928E-02
 4.8400E+02	 3.3303E-03	 1.0958E-02
 4.8500E+02	 3.3310E-03	 1.0987E-02
 4.8600E+02	 3.3316E-03	 1.1017E-02
 4.8700E+02	 3.3322E-03	 1.1046E-02
 4.8800E+02	 3.3329E-03	 1.1075E-02
 4.8900E+02	 3.3335E-03	 1.1105E-02
 4.9000E+02	 3.3341E-03	 1.1134E-02
 4.9100E+02	 3.3348E-03	 1.1163E-02
 4.9200E+02	 3.3354E-03	 1.1192E-02
 4.9300E+02	 3.3360E-03	 1.1221E-02
 4.9400E+02	 3.3367E-03	 1.1250E-02
 4.9500E+02	 3.3373E-03	 1.1279E-02
 4.9600E+02	 3.3379E-03	 1.1308E-02
 4.9700E+02	 3.3386E-03	 1.1336E-02
 4.9800E+02	 3.3392E-03	 1.1365E-02
 4.9900E+02	 3.3398E-03	 1.1394E-02
 5.0000E+02	 3.3405E-03	 1.1422E-02
 5.0100E+02	 3.3411E-03	 1.1451E-02
 5.0200E+02	 3.3417E-03	 1.1479E-02
 5.0300E+02	 3.3423E-03	 1.1508E-02
 5.0400E+02	 3.3430E-03	 1.1536E-02
 5.0500E+02	 3.3436E-03	 1.1565E-02
 5.0600E+02	 3.3442E-03	 1.1593E-02
 5.0700E+02	 3.3449E-03	 1.1621E-02
 5.0800E+02	 3.3455E-03	 1.1649E-02
 5.0900E+02	 3.3461E-03	 1.1677E-02
 5.1000E+02	 3.3467E-03	 1.1705E-02
 5.1100E+02	 3.3440E-03	 1.1721E-02
 5.1200E+02	 3.3446E-03	 1.1749E-02
 5.1300E+02	 3.3453E-03	 1.1777E-02
 5.1400E+02	 3.3459E-03	 1.1805E-02
 5.1500E+02	 3.3465E-03	 1.1832E-02
 5.1600E+02	 3.3471E-03	 1.1860E-02
 5.1700E+02	 3.3477E-03	 1.1887E-02
 5.1800E+02	 3.3483E-03	 1.1915E-02
 5.1900E+02	 3.3489E-03	 1.1942E-02
 5.2000E+02	 3.3496E-03	 1.1970E-02
 5.2100E+02	 3.3502E-03	 1.1997E-02
 5.2200E+02	 3.3508E-03	 1.2024E-02
 5.2300E+02	 3.3514E-03	 1.2051E-02
 5.2400E+02	 3.3520E-03	 1.2079E-02
 5.2500E+02	 3.3526E-03	 1.2106E-02
 5.2600E+02	 3.3532E-03	 1.2133E-02
 5.2700E+02	 3.3539E-03	 1.2160E-02
 5.2800E+02	 3.3545E-03	 1.2187E-02
 5.2900E+02	 3.3551E-03	 1.2213E-02
 5.3000E+02	 3.3557E-03	 1.2240E-02
 5.3100E+02	 3.3563E-03	 1.2267E-02
 5.3200E+02	 3.3569E-03	 1.2294E-02
 5.3300E+02	 3.3575E-03	 1.2320E-02
 5.3400E+02	 3.3581E-03	 1.2347E-02
 5.3500E+02	 3.3587E-03	 1.2373E-02
 5.3600E+02	 3.3593E-03	 1.2400E-02
 5.3700E+02	 3.3600E-03	 1.2426E-02
 5.3800E+02	 3.3606E-03	 1.2452E-02
 5.3900E+02	 3.3612E-03	 1.2479E-02
 5.4000E+02	 3.3618E-03	 1.2505E-02
 5.4100E+02	 3.3624E-03	 1.2531E-02
 5.4200E+02	 3.3630E-03	 1.2557E-02
 5.4300E+02	 3.3636E-03	 1.2583E-02
 5.4400E+02	 3.3642E-03	 1.2609E-02
 5.4500E+02	 3.3648E-03	 1.2635E-02
 5.4600E+02	 3.3654E-03	 1.2661E-02
 5.4700E+02	 3.3660E-03	 1.2687E-02
 5.4800E+02	 3.3666E-03	 1.2713E-02
 5.4900E+02	 3.3672E-03	 1.2738E-02
 5.5000E+02	 3.3678E-03	 1.2764E-02
 5.5100E+02	 3.3685E-03	 1.2790E-02
 5.5200E+02	 3.3691E-03	 1.2815E-02
 5.5300E+02	 3.3697E-03	 1.2841E-02
 5.5400E+02	 3.3703E-03	 1.2866E-02
 5.5500E+02	 3.3709E-03	 1.2891E-02
 5.5600E+02	 3.3715E-03	 1.2917E-02
 5.5700E+02	 3.3721E-03	 1.2942E-02
 5.5800E+02	 3.3727E-03	 1.2967E-02
 5.5900E+02	 3.3733E-03	 1.2992E-02
 5.6000E+02	 3.3739E-03	 1.3018E-02
 5.6100E+02	 3.3745E-03	 1.3043E-02
 5.6200E+02	 3.3751E-03	 1.3068E-02
 5.6300E+02	 3.3757E-03	 1.3092E-02
 5.6400E+02	 3.3763E-03	 1.3117E-02
 5.6500E+02	 3.3769E-03	 1.3142E-02
 5.6600E+02	 3.3775E-03	 1.3167E-02
 5.6700E+02	 3.3781E-03	 1.3192E-02
 5.6800E+02	 3.3787E-03	 1.3216E-02
 5.6900E+02	 3.3793E-03	 1.3241E-02
 5.7000E+02	 3.3799E-03	 1.3265E-02
 5.7100E+02	 3.3805E-03	 1.3290E-02
 5.7200E+02	 3.3811E-03	 1.3314E-02
 5.7300E+02	 3.3817E-03	 1.3339E-02
 5.7400E+02	 3.3823E-03	 1.3363E-02
 5.7500E+02	 3.3829E-03	 1.3387E-02
 5.7600E+02	 3.3835E-03	 1.3412E-02
 5.7700E+02	 3.3841E-03	 1.3436E-02
 5.7800E+02	 3.3847E-03	 1.3460E-02
 5.7900E+02	 3.3853E-03	 1.3484E-02
 5.8000E+02	 3.3859E-03	 1.3508E-02
 5.8100E+02	 3.3865E-03	 1.3532E-02
 5.8200E+02	 3.3870E-03	 1.3556E-02
 5.8300E+02	 3.3876E-03	 1.3580E-02
 5.8400E+02	 3.3882E-03	 1.3603E-02
 5.8500E+02	 3.3888E-03	 1.3627E-02
 5.8600E+02	 3.3894E-03	 1.3651E-02
 5.8700E+02	 3.3900E-03	 1.3674E-02
 5.8800E+02	 3.3906E-03	 1.3698E-02
 5.8900E+02	 3.3912E-03	 1.3722E-02
 5.9000E+02	 3.3918E-03	 1.3745E-02
 5.9100E+02	 3.3924E-03	 1.3768E-02
 5.9200E+02	 3.3930E-03	 1.3792E-02
 5.9300E+02	 3.3936E-03	 1.3815E-02
 5.9400E+02	 3.3942E-03	 1.3838E-02
 5.9500E+02	 3.3948E-03	 1.3862E-02
 5.9600E+02	 3.3954E-03	 1.3885E-02
 5.9700E+02	 3.3959E-03	 1.3908E-02
 5.9800E+02	 3.3965E-03	 1.3931E-02
 5.9900E+02	 3.3971E-03	 1.3954E-02


