#     0	 1	   22	 3	 1.0089E+03	  500	1
 1.0000E+02	 4.5597E-04	 7.5846E-07
 1.0100E+02	 4.5621E-04	 8.3441E-07
 1.0200E+02	 4.5645E-04	 9.1622E-07
 1.0300E+02	 4.5669E-04	 1.0042E-06
 1.0400E+02	 4.5693E-04	 1.0986E-06
 1.0500E+02	 4.5716E-04	 1.1998E-06
 1.0600E+02	 4.5740E-04	 1.3081E-06
 1.0700E+02	 4.5764E-04	 1.4239E-06
 1.0800E+02	 4.5789E-04	 1.5474E-06
 1.0900E+02	 4.5813E-04	 1.6790E-06
 1.1000E+02	 4.5837E-04	 1.8190E-06
 1.1100E+02	 4.5861E-04	 1.9678E-06
 1.1200E+02	 4.5885E-04	 2.1258E-06
 1.1300E+02	 4.5910E-04	 2.2932E-06
 1.1400E+02	 4.5934E-04	 2.4704E-06
 1.1500E+02	 4.5959E-04	 2.6578E-06
 1.1600E+02	 4.5983E-04	 2.8558E-06
 1.1700E+02	 4.6008E-04	 3.0646E-06
 1.1800E+02	 4.6032E-04	 3.2847E-06
 1.1900E+02	 4.6057E-04	 3.5164E-06
 1.2000E+02	 4.6081E-04	 3.7601E-06
 1.2100E+02	 4.6106E-04	 4.0161E-06
 1.2200E+02	 4.6131E-04	 4.2848E-06
 1.2300E+02	 4.6156E-04	 4.5666E-06
 1.2400E+02	 4.6181E-04	 4.8618E-06
 1.2500E+02	 4.6206E-04	 5.1708E-06
 1.2600E+02	 4.6231E-04	 5.4939E-06
 1.2700E+02	 4.6256E-04	 5.8315E-06
 1.2800E+02	 4.6281E-04	 6.1840E-06
 1.2900E+02	 4.6306E-04	 6.5516E-06
 1.3000E+02	 4.6331E-04	 6.9348E-06
 1.3100E+02	 4.6356E-04	 7.3340E-06
 1.3200E+02	 4.6382E-04	 7.7493E-06
 1.3300E+02	 4.6407E-04	 8.1812E-06
 1.3400E+02	 4.6432E-04	 8.6301E-06
 1.3500E+02	 4.6458E-04	 9.0962E-06
 1.3600E+02	 4.6483E-04	 9.5799E-06
 1.3700E+02	 4.6509E-04	 1.0081E-05
 1.3800E+02	 4.6534E-04	 1.0601E-05
 1.3900E+02	 4.6560E-04	 1.1140E-05
 1.4000E+02	 4.6586E-04	 1.1697E-05
 1.4100E+02	 4.6611E-04	 1.2273E-05
 1.4200E+02	 4.6637E-04	 1.2869E-05
 1.4300E+02	 4.6663E-04	 1.3485E-05
 1.4400E+02	 4.6689E-04	 1.4120E-05
 1.4500E+02	 4.6714E-04	 1.4777E-05
 1.4600E+02	 4.6740E-04	 1.5453E-05
 1.4700E+02	 4.6766E-04	 1.6151E-05
 1.4800E+02	 4.6792E-04	 1.6869E-05
 1.4900E+02	 4.6818E-04	 1.7610E-05
 1.5000E+02	 4.6844E-04	 1.8371E-05
 1.5100E+02	 4.6870E-04	 1.9155E-05
 1.5200E+02	 4.6897E-04	 1.9961E-05
 1.5300E+02	 4.6923E-04	 2.0790E-05
 1.5400E+02	 4.6949E-04	 2.1641E-05
 1.5500E+02	 4.6975E-04	 2.2515E-05
 1.5600E+02	 4.7002E-04	 2.3412E-05
 1.5700E+02	 4.7028E-04	 2.4332E-05
 1.5800E+02	 4.7055E-04	 2.5276E-05
 1.5900E+02	 4.7081E-04	 2.6244E-05
 1.6000E+02	 4.7107E-04	 2.7235E-05
 1.6100E+02	 4.7134E-04	 2.8251E-05
 1.6200E+02	 4.7161E-04	 2.9291E-05
 1.6300E+02	 4.7187E-04	 3.0355E-05
 1.6400E+02	 4.7214E-04	 3.1444E-05
 1.6500E+02	 4.7241E-04	 3.2558E-05
 1.6600E+02	 4.7267E-04	 3.3697E-05
 1.6700E+02	 4.7294E-04	 3.4861E-05
 1.6800E+02	 4.7321E-04	 3.6050E-05
 1.6900E+02	 4.7348E-04	 3.7264E-05
 1.7000E+02	 4.7375E-04	 3.8504E-05
 1.7100E+02	 4.7402E-04	 3.9770E-05
 1.7200E+02	 4.7429E-04	 4.1061E-05
 1.7300E+02	 4.7456E-04	 4.2379E-05
 1.7400E+02	 4.7483E-04	 4.3722E-05
 1.7500E+02	 4.7510E-04	 4.5091E-05
 1.7600E+02	 4.7537E-04	 4.6487E-05
 1.7700E+02	 4.7564E-04	 4.7909E-05
 1.7800E+02	 4.7591E-04	 4.9357E-05
 1.7900E+02	 4.7619E-04	 5.0831E-05
 1.8000E+02	 4.7646E-04	 5.2332E-05
 1.8100E+02	 4.7673E-04	 5.3859E-05
 1.8200E+02	 4.7701E-04	 5.5414E-05
 1.8300E+02	 4.7728E-04	 5.6994E-05
 1.8400E+02	 4.7755E-04	 5.8602E-05
 1.8500E+02	 4.7783E-04	 6.0236E-05
 1.8600E+02	 4.7810E-04	 6.1897E-05
 1.8700E+02	 4.7838E-04	 6.3584E-05
 1.8800E+02	 4.7866E-04	 6.5299E-05
 1.8900E+02	 4.7893E-04	 6.7040E-05
 1.9000E+02	 4.7921E-04	 6.8809E-05
 1.9100E+02	 4.7949E-04	 7.0604E-05
 1.9200E+02	 4.7976E-04	 7.2426E-05
 1.9300E+02	 4.8004E-04	 7.4275E-05
 1.9400E+02	 4.8032E-04	 7.6151E-05
 1.9500E+02	 4.8060E-04	 7.8053E-05
 1.9600E+02	 4.8088E-04	 7.9983E-05
 1.9700E+02	 4.8115E-04	 8.1939E-05
 1.9800E+02	 4.8143E-04	 8.3922E-05
 1.9900E+02	 4.8171E-04	 8.5932E-05
 2.0000E+02	 4.8199E-04	 8.7969E-05
 2.0100E+02	 4.8228E-04	 9.0032E-05
 2.0200E+02	 4.8256E-04	 9.2122E-05
 2.0300E+02	 4.8284E-04	 9.4239E-05
 2.0400E+02	 4.8312E-04	 9.6382E-05
 2.0500E+02	 4.8340E-04	 9.8552E-05
 2.0600E+02	 4.8368E-04	 1.0075E-04
 2.0700E+02	 4.8397E-04	 1.0297E-04
 2.0800E+02	 4.8425E-04	 1.0522E-04
 2.0900E+02	 4.8453E-04	 1.0750E-04
 2.1000E+02	 4.8481E-04	 1.0980E-04
 2.1100E+02	 4.8510E-04	 1.1213E-04
 2.1200E+02	 4.8538E-04	 1.1448E-04
 2.1300E+02	 4.8567E-04	 1.1686E-04
 2.1400E+02	 4.8595E-04	 1.1926E-04
 2.1500E+02	 4.8624E-04	 1.2170E-04
 2.1600E+02	 4.8652E-04	 1.2415E-04
 2.1700E+02	 4.8681E-04	 1.2664E-04
 2.1800E+02	 4.8709E-04	 1.2914E-04
 2.1900E+02	 4.8738E-04	 1.3168E-04
 2.2000E+02	 4.8766E-04	 1.3424E-04
 2.2100E+02	 4.8795E-04	 1.3682E-04
 2.2200E+02	 4.8824E-04	 1.3943E-04
 2.2300E+02	 4.8852E-04	 1.4207E-04
 2.2400E+02	 4.8881E-04	 1.4473E-04
 2.2500E+02	 4.8910E-04	 1.4741E-04
 2.2600E+02	 4.8939E-04	 1.5012E-04
 2.2700E+02	 4.8968E-04	 1.5285E-04
 2.2800E+02	 4.8996E-04	 1.5561E-04
 2.2900E+02	 4.9025E-04	 1.5840E-04
 2.3000E+02	 4.9054E-04	 1.6120E-04
 2.3100E+02	 4.9083E-04	 1.6403E-04
 2.3200E+02	 4.9112E-04	 1.6689E-04
 2.3300E+02	 4.9141E-04	 1.6977E-04
 2.3400E+02	 4.9170E-04	 1.7267E-04
 2.3500E+02	 4.9199E-04	 1.7560E-04
 2.3600E+02	 4.9228E-04	 1.7855E-04
 2.3700E+02	 4.9257E-04	 1.8152E-04
 2.3800E+02	 4.9286E-04	 1.8452E-04
 2.3900E+02	 4.9316E-04	 1.8754E-04
 2.4000E+02	 4.9345E-04	 1.9058E-04
 2.4100E+02	 4.9374E-04	 1.9364E-04
 2.4200E+02	 4.9403E-04	 1.9673E-04
 2.4300E+02	 4.9432E-04	 1.9984E-04
 2.4400E+02	 4.9462E-04	 2.0297E-04
 2.4500E+02	 4.9491E-04	 2.0613E-04
 2.4600E+02	 4.9520E-04	 2.0931E-04
 2.4700E+02	 4.9550E-04	 2.1251E-04
 2.4800E+02	 4.9579E-04	 2.1573E-04
 2.4900E+02	 4.9609E-04	 2.1897E-04
 2.5000E+02	 4.9638E-04	 2.2223E-04
 2.5100E+02	 4.9667E-04	 2.2552E-04
 2.5200E+02	 4.9697E-04	 2.2882E-04
 2.5300E+02	 4.9726E-04	 2.3215E-04
 2.5400E+02	 4.9756E-04	 2.3550E-04
 2.5500E+02	 4.9786E-04	 2.3887E-04
 2.5600E+02	 4.9815E-04	 2.4226E-04
 2.5700E+02	 4.9845E-04	 2.4567E-04
 2.5800E+02	 4.9874E-04	 2.4910E-04
 2.5900E+02	 4.9904E-04	 2.5255E-04
 2.6000E+02	 4.9934E-04	 2.5602E-04
 2.6100E+02	 4.9963E-04	 2.5951E-04
 2.6200E+02	 4.9993E-04	 2.6303E-04
 2.6300E+02	 5.0023E-04	 2.6656E-04
 2.6400E+02	 5.0053E-04	 2.7011E-04
 2.6500E+02	 5.0083E-04	 2.7367E-04
 2.6600E+02	 5.0112E-04	 2.7726E-04
 2.6700E+02	 5.0142E-04	 2.8087E-04
 2.6800E+02	 5.0172E-04	 2.8449E-04
 2.6900E+02	 5.0202E-04	 2.8814E-04
 2.7000E+02	 5.0232E-04	 2.9180E-04
 2.7100E+02	 5.0262E-04	 2.9548E-04
 2.7200E+02	 5.0292E-04	 2.9918E-04
 2.7300E+02	 5.0322E-04	 3.0290E-04
 2.7400E+02	 5.0352E-04	 3.0663E-04
 2.7500E+02	 5.0382E-04	 3.1039E-04
 2.7600E+02	 5.0412E-04	 3.1416E-04
 2.7700E+02	 5.0442E-04	 3.1795E-04
 2.7800E+02	 5.0472E-04	 3.2175E-04
 2.7900E+02	 5.0502E-04	 3.2557E-04
 2.8000E+02	 5.0533E-04	 3.2941E-04
 2.8100E+02	 5.0563E-04	 3.3327E-04
 2.8200E+02	 5.0593E-04	 3.3714E-04
 2.8300E+02	 5.0623E-04	 3.4103E-04
 2.8400E+02	 5.0653E-04	 3.4494E-04
 2.8500E+02	 5.0684E-04	 3.4886E-04
 2.8600E+02	 5.0714E-04	 3.5279E-04
 2.8700E+02	 5.0744E-04	 3.5675E-04
 2.8800E+02	 5.0775E-04	 3.6072E-04
 2.8900E+02	 5.0805E-04	 3.6470E-04
 2.9000E+02	 5.0835E-04	 3.6870E-04
 2.9100E+02	 5.0866E-04	 3.7272E-04
 2.9200E+02	 5.0896E-04	 3.7675E-04
 2.9300E+02	 5.0927E-04	 3.8079E-04
 2.9400E+02	 5.0957E-04	 3.8485E-04
 2.9500E+02	 5.0988E-04	 3.8893E-04
 2.9600E+02	 5.1018E-04	 3.9302E-04
 2.9700E+02	 5.1049E-04	 3.9712E-04
 2.9800E+02	 5.1079E-04	 4.0124E-04
 2.9900E+02	 5.1110E-04	 4.0537E-04
 3.0000E+02	 5.1141E-04	 4.0952E-04
 3.0100E+02	 5.1171E-04	 4.1368E-04
 3.0200E+02	 5.1202E-04	 4.1786E-04
 3.0300E+02	 5.1233E-04	 4.2204E-04
 3.0400E+02	 5.1263E-04	 4.2624E-04
 3.0500E+02	 5.1294E-04	 4.3046E-04
 3.0600E+02	 5.1325E-04	 4.3469E-04
 3.0700E+02	 5.1355E-04	 4.3893E-04
 3.0800E+02	 5.1386E-04	 4.4318E-04
 3.0900E+02	 5.1417E-04	 4.4744E-04
 3.1000E+02	 5.1448E-04	 4.5172E-04
 3.1100E+02	 5.1479E-04	 4.5601E-04
 3.1200E+02	 5.1510E-04	 4.6032E-04
 3.1300E+02	 5.1540E-04	 4.6463E-04
 3.1400E+02	 5.1571E-04	 4.6896E-04
 3.1500E+02	 5.1602E-04	 4.7330E-04
 3.1600E+02	 5.1633E-04	 4.7765E-04
 3.1700E+02	 5.1664E-04	 4.8201E-04
 3.1800E+02	 5.1695E-04	 4.8638E-04
 3.1900E+02	 5.1726E-04	 4.9077E-04
 3.2000E+02	 5.1757E-04	 4.9517E-04
 3.2100E+02	 5.1788E-04	 4.9957E-04
 3.2200E+02	 5.1819E-04	 5.0399E-04
 3.2300E+02	 5.1850E-04	 5.0842E-04
 3.2400E+02	 5.1881E-04	 5.1286E-04
 3.2500E+02	 5.1912E-04	 5.1731E-04
 3.2600E+02	 5.1944E-04	 5.2177E-04
 3.2700E+02	 5.1975E-04	 5.2624E-04
 3.2800E+02	 5.2006E-04	 5.3072E-04
 3.2900E+02	 5.2037E-04	 5.3521E-04
 3.3000E+02	 5.2068E-04	 5.3971E-04
 3.3100E+02	 5.2099E-04	 5.4422E-04
 3.3200E+02	 5.2131E-04	 5.4874E-04
 3.3300E+02	 5.2162E-04	 5.5327E-04
 3.3400E+02	 5.2193E-04	 5.5781E-04
 3.3500E+02	 5.2224E-04	 5.6236E-04
 3.3600E+02	 5.2256E-04	 5.6692E-04
 3.3700E+02	 5.2287E-04	 5.7148E-04
 3.3800E+02	 5.2318E-04	 5.7606E-04
 3.3900E+02	 5.2349E-04	 5.8064E-04
 3.4000E+02	 5.2381E-04	 5.8524E-04
 3.4100E+02	 5.2412E-04	 5.8984E-04
 3.4200E+02	 5.2443E-04	 5.9445E-04
 3.4300E+02	 5.2475E-04	 5.9906E-04
 3.4400E+02	 5.2506E-04	 6.0369E-04
 3.4500E+02	 5.2537E-04	 6.0832E-04
 3.4600E+02	 5.2569E-04	 6.1297E-04
 3.4700E+02	 5.2600E-04	 6.1762E-04
 3.4800E+02	 5.2632E-04	 6.2227E-04
 3.4900E+02	 5.2663E-04	 6.2694E-04
 3.5000E+02	 5.2694E-04	 6.3161E-04
 3.5100E+02	 5.2726E-04	 6.3629E-04
 3.5200E+02	 5.2757E-04	 6.4098E-04
 3.5300E+02	 5.2789E-04	 6.4567E-04
 3.5400E+02	 5.2820E-04	 6.5037E-04
 3.5500E+02	 5.2852E-04	 6.5508E-04
 3.5600E+02	 5.2883E-04	 6.5980E-04
 3.5700E+02	 5.2915E-04	 6.6452E-04
 3.5800E+02	 5.2946E-04	 6.6925E-04
 3.5900E+02	 5.2978E-04	 6.7398E-04
 3.6000E+02	 5.3009E-04	 6.7873E-04
 3.6100E+02	 5.3041E-04	 6.8347E-04
 3.6200E+02	 5.3072E-04	 6.8823E-04
 3.6300E+02	 5.3104E-04	 6.9299E-04
 3.6400E+02	 5.3136E-04	 6.9776E-04
 3.6500E+02	 5.3167E-04	 7.0253E-04
 3.6600E+02	 5.3199E-04	 7.0731E-04
 3.6700E+02	 5.3230E-04	 7.1209E-04
 3.6800E+02	 5.3262E-04	 7.1688E-04
 3.6900E+02	 5.3294E-04	 7.2168E-04
 3.7000E+02	 5.3325E-04	 7.2648E-04
 3.7100E+02	 5.3357E-04	 7.3128E-04
 3.7200E+02	 5.3389E-04	 7.3609E-04
 3.7300E+02	 5.3420E-04	 7.4091E-04
 3.7400E+02	 5.3452E-04	 7.4573E-04
 3.7500E+02	 5.3484E-04	 7.5056E-04
 3.7600E+02	 5.3515E-04	 7.5539E-04
 3.7700E+02	 5.3547E-04	 7.6023E-04
 3.7800E+02	 5.3579E-04	 7.6507E-04
 3.7900E+02	 5.3611E-04	 7.6991E-04
 3.8000E+02	 5.3642E-04	 7.7476E-04
 3.8100E+02	 5.3674E-04	 7.7962E-04
 3.8200E+02	 5.3706E-04	 7.8448E-04
 3.8300E+02	 5.3738E-04	 7.8934E-04
 3.8400E+02	 5.3769E-04	 7.9421E-04
 3.8500E+02	 5.3801E-04	 7.9908E-04
 3.8600E+02	 5.3833E-04	 8.0396E-04
 3.8700E+02	 5.3865E-04	 8.0884E-04
 3.8800E+02	 5.3897E-04	 8.1372E-04
 3.8900E+02	 5.3929E-04	 8.1861E-04
 3.9000E+02	 5.3960E-04	 8.2350E-04
 3.9100E+02	 5.3992E-04	 8.2839E-04
 3.9200E+02	 5.4024E-04	 8.3329E-04
 3.9300E+02	 5.4056E-04	 8.3819E-04
 3.9400E+02	 5.4088E-04	 8.4310E-04
 3.9500E+02	 5.4120E-04	 8.4800E-04
 3.9600E+02	 5.4152E-04	 8.5292E-04
 3.9700E+02	 5.4184E-04	 8.5783E-04
 3.9800E+02	 5.4216E-04	 8.6275E-04
 3.9900E+02	 5.4248E-04	 8.6767E-04
 4.0000E+02	 5.4280E-04	 8.7259E-04
 4.0100E+02	 5.4311E-04	 8.7752E-04
 4.0200E+02	 5.4343E-04	 8.8245E-04
 4.0300E+02	 5.4375E-04	 8.8738E-04
 4.0400E+02	 5.4407E-04	 8.9232E-04
 4.0500E+02	 5.4439E-04	 8.9725E-04
 4.0600E+02	 5.4471E-04	 9.0219E-04
 4.0700E+02	 5.4503E-04	 9.0714E-04
 4.0800E+02	 5.4535E-04	 9.1208E-04
 4.0900E+02	 5.4568E-04	 9.1703E-04
 4.1000E+02	 5.4600E-04	 9.2198E-04
 4.1100E+02	 5.4632E-04	 9.2693E-04
 4.1200E+02	 5.4664E-04	 9.3188E-04
 4.1300E+02	 5.4696E-04	 9.3684E-04
 4.1400E+02	 5.4728E-04	 9.4179E-04
 4.1500E+02	 5.4760E-04	 9.4675E-04
 4.1600E+02	 5.4792E-04	 9.5172E-04
 4.1700E+02	 5.4824E-04	 9.5668E-04
 4.1800E+02	 5.4856E-04	 9.6164E-04
 4.1900E+02	 5.4888E-04	 9.6661E-04
 4.2000E+02	 5.4920E-04	 9.7158E-04
 4.2100E+02	 5.4953E-04	 9.7655E-04
 4.2200E+02	 5.4985E-04	 9.8152E-04
 4.2300E+02	 5.5017E-04	 9.8649E-04
 4.2400E+02	 5.5049E-04	 9.9146E-04
 4.2500E+02	 5.5081E-04	 9.9644E-04
 4.2600E+02	 5.5113E-04	 1.0014E-03
 4.2700E+02	 5.5146E-04	 1.0064E-03
 4.2800E+02	 5.5178E-04	 1.0114E-03
 4.2900E+02	 5.5210E-04	 1.0163E-03
 4.3000E+02	 5.5242E-04	 1.0213E-03
 4.3100E+02	 5.5274E-04	 1.0263E-03
 4.3200E+02	 5.5307E-04	 1.0313E-03
 4.3300E+02	 5.5339E-04	 1.0363E-03
 4.3400E+02	 5.5371E-04	 1.0413E-03
 4.3500E+02	 5.5403E-04	 1.0462E-03
 4.3600E+02	 5.5435E-04	 1.0512E-03
 4.3700E+02	 5.5468E-04	 1.0562E-03
 4.3800E+02	 5.5500E-04	 1.0612E-03
 4.3900E+02	 5.5532E-04	 1.0662E-03
 4.4000E+02	 5.5565E-04	 1.0712E-03
 4.4100E+02	 5.5597E-04	 1.0762E-03
 4.4200E+02	 5.5629E-04	 1.0811E-03
 4.4300E+02	 5.5661E-04	 1.0861E-03
 4.4400E+02	 5.5694E-04	 1.0911E-03
 4.4500E+02	 5.5726E-04	 1.0961E-03
 4.4600E+02	 5.5758E-04	 1.1011E-03
 4.4700E+02	 5.5791E-04	 1.1061E-03
 4.4800E+02	 5.5823E-04	 1.1111E-03
 4.4900E+02	 5.5855E-04	 1.1161E-03
 4.5000E+02	 5.5888E-04	 1.1211E-03
 4.5100E+02	 5.5920E-04	 1.1260E-03
 4.5200E+02	 5.5952E-04	 1.1310E-03
 4.5300E+02	 5.5985E-04	 1.1360E-03
 4.5400E+02	 5.6017E-04	 1.1410E-03
 4.5500E+02	 5.6050E-04	 1.1460E-03
 4.5600E+02	 5.6082E-04	 1.1510E-03
 4.5700E+02	 5.6114E-04	 1.1560E-03
 4.5800E+02	 5.6147E-04	 1.1610E-03
 4.5900E+02	 5.6179E-04	 1.1659E-03
 4.6000E+02	 5.6212E-04	 1.1709E-03
 4.6100E+02	 5.6244E-04	 1.1759E-03
 4.6200E+02	 5.6276E-04	 1.1809E-03
 4.6300E+02	 5.6309E-04	 1.1859E-03
 4.6400E+02	 5.6341E-04	 1.1909E-03
 4.6500E+02	 5.6374E-04	 1.1959E-03
 4.6600E+02	 5.6406E-04	 1.2008E-03
 4.6700E+02	 5.6439E-04	 1.2058E-03
 4.6800E+02	 5.6471E-04	 1.2108E-03
 4.6900E+02	 5.6504E-04	 1.2158E-03
 4.7000E+02	 5.6536E-04	 1.2208E-03
 4.7100E+02	 5.6569E-04	 1.2257E-03
 4.7200E+02	 5.6601E-04	 1.2307E-03
 4.7300E+02	 5.6634E-04	 1.2357E-03
 4.7400E+02	 5.6666E-04	 1.2407E-03
 4.7500E+02	 5.6699E-04	 1.2456E-03
 4.7600E+02	 5.6731E-04	 1.2506E-03
 4.7700E+02	 5.6764E-04	 1.2556E-03
 4.7800E+02	 5.6796E-04	 1.2605E-03
 4.7900E+02	 5.6829E-04	 1.2655E-03
 4.8000E+02	 5.6861E-04	 1.2705E-03
 4.8100E+02	 5.6894E-04	 1.2755E-03
 4.8200E+02	 5.6926E-04	 1.2804E-03
 4.8300E+02	 5.6959E-04	 1.2854E-03
 4.8400E+02	 5.6992E-04	 1.2903E-03
 4.8500E+02	 5.7024E-04	 1.2953E-03
 4.8600E+02	 5.7057E-04	 1.3003E-03
 4.8700E+02	 5.7089E-04	 1.3052E-03
 4.8800E+02	 5.7122E-04	 1.3102E-03
 4.8900E+02	 5.7154E-04	 1.3151E-03
 4.9000E+02	 5.7187E-04	 1.3201E-03
 4.9100E+02	 5.7220E-04	 1.3250E-03
 4.9200E+02	 5.7252E-04	 1.3300E-03
 4.9300E+02	 5.7285E-04	 1.3349E-03
 4.9400E+02	 5.7317E-04	 1.3399E-03
 4.9500E+02	 5.7350E-04	 1.3448E-03
 4.9600E+02	 5.7383E-04	 1.3498E-03
 4.9700E+02	 5.7415E-04	 1.3547E-03
 4.9800E+02	 5.7448E-04	 1.3596E-03
 4.9900E+02	 5.7480E-04	 1.3646E-03
 5.0000E+02	 5.7513E-04	 1.3695E-03
 5.0100E+02	 5.7546E-04	 1.3745E-03
 5.0200E+02	 5.7578E-04	 1.3794E-03
 5.0300E+02	 5.7611E-04	 1.3843E-03
 5.0400E+02	 5.7644E-04	 1.3892E-03
 5.0500E+02	 5.7676E-04	 1.3942E-03
 5.0600E+02	 5.7709E-04	 1.3991E-03
 5.0700E+02	 5.7742E-04	 1.4040E-03
 5.0800E+02	 5.7774E-04	 1.4089E-03
 5.0900E+02	 5.7807E-04	 1.4138E-03
 5.1000E+02	 5.7840E-04	 1.4188E-03
 5.1100E+02	 5.7815E-04	 1.4223E-03
 5.1200E+02	 5.7847E-04	 1.4272E-03
 5.1300E+02	 5.7880E-04	 1.4321E-03
 5.1400E+02	 5.7912E-04	 1.4370E-03
 5.1500E+02	 5.7945E-04	 1.4418E-03
 5.1600E+02	 5.7977E-04	 1.4467E-03
 5.1700E+02	 5.8010E-04	 1.4516E-03
 5.1800E+02	 5.8042E-04	 1.4565E-03
 5.1900E+02	 5.8075E-04	 1.4614E-03
 5.2000E+02	 5.8107E-04	 1.4663E-03
 5.2100E+02	 5.8140E-04	 1.4712E-03
 5.2200E+02	 5.8172E-04	 1.4760E-03
 5.2300E+02	 5.8205E-04	 1.4809E-03
 5.2400E+02	 5.8237E-04	 1.4858E-03
 5.2500E+02	 5.8270E-04	 1.4907E-03
 5.2600E+02	 5.8302E-04	 1.4955E-03
 5.2700E+02	 5.8335E-04	 1.5004E-03
 5.2800E+02	 5.8368E-04	 1.5053E-03
 5.2900E+02	 5.8400E-04	 1.5101E-03
 5.3000E+02	 5.8433E-04	 1.5150E-03
 5.3100E+02	 5.8465E-04	 1.5198E-03
 5.3200E+02	 5.8498E-04	 1.5247E-03
 5.3300E+02	 5.8530E-04	 1.5295E-03
 5.3400E+02	 5.8563E-04	 1.5344E-03
 5.3500E+02	 5.8596E-04	 1.5392E-03
 5.3600E+02	 5.8628E-04	 1.5441E-03
 5.3700E+02	 5.8661E-04	 1.5489E-03
 5.3800E+02	 5.8693E-04	 1.5538E-03
 5.3900E+02	 5.8726E-04	 1.5586E-03
 5.4000E+02	 5.8759E-04	 1.5634E-03
 5.4100E+02	 5.8791E-04	 1.5682E-03
 5.4200E+02	 5.8824E-04	 1.5731E-03
 5.4300E+02	 5.8856E-04	 1.5779E-03
 5.4400E+02	 5.8889E-04	 1.5827E-03
 5.4500E+02	 5.8922E-04	 1.5875E-03
 5.4600E+02	 5.8954E-04	 1.5923E-03
 5.4700E+02	 5.8987E-04	 1.5972E-03
 5.4800E+02	 5.9020E-04	 1.6020E-03
 5.4900E+02	 5.9052E-04	 1.6068E-03
 5.5000E+02	 5.9085E-04	 1.6116E-03
 5.5100E+02	 5.9118E-04	 1.6164E-03
 5.5200E+02	 5.9150E-04	 1.6212E-03
 5.5300E+02	 5.9183E-04	 1.6260E-03
 5.5400E+02	 5.9215E-04	 1.6307E-03
 5.5500E+02	 5.9248E-04	 1.6355E-03
 5.5600E+02	 5.9281E-04	 1.6403E-03
 5.5700E+02	 5.9313E-04	 1.6451E-03
 5.5800E+02	 5.9346E-04	 1.6499E-03
 5.5900E+02	 5.9379E-04	 1.6546E-03
 5.6000E+02	 5.9411E-04	 1.6594E-03
 5.6100E+02	 5.9444E-04	 1.6642E-03
 5.6200E+02	 5.9477E-04	 1.6689E-03
 5.6300E+02	 5.9509E-04	 1.6737E-03
 5.6400E+02	 5.9542E-04	 1.6785E-03
 5.6500E+02	 5.9575E-04	 1.6832E-03
 5.6600E+02	 5.9608E-04	 1.6880E-03
 5.6700E+02	 5.9640E-04	 1.6927E-03
 5.6800E+02	 5.9673E-04	 1.6975E-03
 5.6900E+02	 5.9706E-04	 1.7022E-03
 5.7000E+02	 5.9738E-04	 1.7070E-03
 5.7100E+02	 5.9771E-04	 1.7117E-03
 5.7200E+02	 5.9804E-04	 1.7164E-03
 5.7300E+02	 5.9836E-04	 1.7211E-03
 5.7400E+02	 5.9869E-04	 1.7259E-03
 5.7500E+02	 5.9902E-04	 1.7306E-03
 5.7600E+02	 5.9935E-04	 1.7353E-03
 5.7700E+02	 5.9967E-04	 1.7400E-03
 5.7800E+02	 6.0000E-04	 1.7447E-03
 5.7900E+02	 6.0033E-04	 1.7495E-03
 5.8000E+02	 6.0065E-04	 1.7542E-03
 5.8100E+02	 6.0098E-04	 1.7589E-03
 5.8200E+02	 6.0131E-04	 1.7636E-03
 5.8300E+02	 6.0164E-04	 1.7683E-03
 5.8400E+02	 6.0196E-04	 1.7730E-03
 5.8500E+02	 6.0229E-04	 1.7776E-03
 5.8600E+02	 6.0262E-04	 1.7823E-03
 5.8700E+02	 6.0295E-04	 1.7870E-03
 5.8800E+02	 6.0327E-04	 1.7917E-03
 5.8900E+02	 6.0360E-04	 1.7964E-03
 5.9000E+02	 6.0393E-04	 1.8010E-03
 5.9100E+02	 6.0426E-04	 1.8057E-03
 5.9200E+02	 6.0458E-04	 1.8104E-03
 5.9300E+02	 6.0491E-04	 1.8150E-03
 5.9400E+02	 6.0524E-04	 1.8197E-03
 5.9500E+02	 6.0557E-04	 1.8243E-03
 5.9600E+02	 6.0589E-04	 1.8290E-03
 5.9700E+02	 6.0622E-04	 1.8336E-03
 5.9800E+02	 6.0655E-04	 1.8383E-03
 5.9900E+02	 6.0688E-04	 1.8429E-03


