#     0	 1	   23	 3	 1.0136E+03	  500	1
 1.0000E+02	 7.4216E-04	 1.1773E-06
 1.0100E+02	 7.4224E-04	 1.2953E-06
 1.0200E+02	 7.4231E-04	 1.4223E-06
 1.0300E+02	 7.4238E-04	 1.5589E-06
 1.0400E+02	 7.4245E-04	 1.7055E-06
 1.0500E+02	 7.4252E-04	 1.8627E-06
 1.0600E+02	 7.4259E-04	 2.0308E-06
 1.0700E+02	 7.4267E-04	 2.2105E-06
 1.0800E+02	 7.4274E-04	 2.4022E-06
 1.0900E+02	 7.4281E-04	 2.6064E-06
 1.1000E+02	 7.4288E-04	 2.8237E-06
 1.1100E+02	 7.4296E-04	 3.0545E-06
 1.1200E+02	 7.4303E-04	 3.2995E-06
 1.1300E+02	 7.4310E-04	 3.5592E-06
 1.1400E+02	 7.4318E-04	 3.8340E-06
 1.1500E+02	 7.4325E-04	 4.1245E-06
 1.1600E+02	 7.4332E-04	 4.4314E-06
 1.1700E+02	 7.4340E-04	 4.7551E-06
 1.1800E+02	 7.4347E-04	 5.0961E-06
 1.1900E+02	 7.4355E-04	 5.4550E-06
 1.2000E+02	 7.4362E-04	 5.8325E-06
 1.2100E+02	 7.4370E-04	 6.2289E-06
 1.2200E+02	 7.4377E-04	 6.6449E-06
 1.2300E+02	 7.4385E-04	 7.0811E-06
 1.2400E+02	 7.4392E-04	 7.5378E-06
 1.2500E+02	 7.4400E-04	 8.0158E-06
 1.2600E+02	 7.4407E-04	 8.5155E-06
 1.2700E+02	 7.4415E-04	 9.0375E-06
 1.2800E+02	 7.4422E-04	 9.5824E-06
 1.2900E+02	 7.4430E-04	 1.0150E-05
 1.3000E+02	 7.4438E-04	 1.0743E-05
 1.3100E+02	 7.4445E-04	 1.1359E-05
 1.3200E+02	 7.4453E-04	 1.2000E-05
 1.3300E+02	 7.4461E-04	 1.2667E-05
 1.3400E+02	 7.4468E-04	 1.3359E-05
 1.3500E+02	 7.4476E-04	 1.4078E-05
 1.3600E+02	 7.4484E-04	 1.4824E-05
 1.3700E+02	 7.4491E-04	 1.5597E-05
 1.3800E+02	 7.4499E-04	 1.6399E-05
 1.3900E+02	 7.4507E-04	 1.7228E-05
 1.4000E+02	 7.4515E-04	 1.8086E-05
 1.4100E+02	 7.4522E-04	 1.8973E-05
 1.4200E+02	 7.4530E-04	 1.9890E-05
 1.4300E+02	 7.4538E-04	 2.0837E-05
 1.4400E+02	 7.4546E-04	 2.1815E-05
 1.4500E+02	 7.4554E-04	 2.2823E-05
 1.4600E+02	 7.4561E-04	 2.3863E-05
 1.4700E+02	 7.4569E-04	 2.4935E-05
 1.4800E+02	 7.4577E-04	 2.6038E-05
 1.4900E+02	 7.4585E-04	 2.7174E-05
 1.5000E+02	 7.4593E-04	 2.8343E-05
 1.5100E+02	 7.4601E-04	 2.9545E-05
 1.5200E+02	 7.4609E-04	 3.0781E-05
 1.5300E+02	 7.4617E-04	 3.2050E-05
 1.5400E+02	 7.4625E-04	 3.3354E-05
 1.5500E+02	 7.4633E-04	 3.4692E-05
 1.5600E+02	 7.4641E-04	 3.6065E-05
 1.5700E+02	 7.4649E-04	 3.7473E-05
 1.5800E+02	 7.4657E-04	 3.8916E-05
 1.5900E+02	 7.4665E-04	 4.0395E-05
 1.6000E+02	 7.4673E-04	 4.1910E-05
 1.6100E+02	 7.4681E-04	 4.3462E-05
 1.6200E+02	 7.4689E-04	 4.5049E-05
 1.6300E+02	 7.4697E-04	 4.6673E-05
 1.6400E+02	 7.4705E-04	 4.8334E-05
 1.6500E+02	 7.4713E-04	 5.0032E-05
 1.6600E+02	 7.4721E-04	 5.1767E-05
 1.6700E+02	 7.4729E-04	 5.3540E-05
 1.6800E+02	 7.4737E-04	 5.5350E-05
 1.6900E+02	 7.4745E-04	 5.7199E-05
 1.7000E+02	 7.4753E-04	 5.9085E-05
 1.7100E+02	 7.4762E-04	 6.1009E-05
 1.7200E+02	 7.4770E-04	 6.2971E-05
 1.7300E+02	 7.4778E-04	 6.4971E-05
 1.7400E+02	 7.4786E-04	 6.7010E-05
 1.7500E+02	 7.4794E-04	 6.9088E-05
 1.7600E+02	 7.4802E-04	 7.1204E-05
 1.7700E+02	 7.4811E-04	 7.3359E-05
 1.7800E+02	 7.4819E-04	 7.5553E-05
 1.7900E+02	 7.4827E-04	 7.7786E-05
 1.8000E+02	 7.4835E-04	 8.0057E-05
 1.8100E+02	 7.4844E-04	 8.2368E-05
 1.8200E+02	 7.4852E-04	 8.4717E-05
 1.8300E+02	 7.4860E-04	 8.7106E-05
 1.8400E+02	 7.4868E-04	 8.9534E-05
 1.8500E+02	 7.4877E-04	 9.2001E-05
 1.8600E+02	 7.4885E-04	 9.4506E-05
 1.8700E+02	 7.4893E-04	 9.7051E-05
 1.8800E+02	 7.4902E-04	 9.9635E-05
 1.8900E+02	 7.4910E-04	 1.0226E-04
 1.9000E+02	 7.4918E-04	 1.0492E-04
 1.9100E+02	 7.4926E-04	 1.0762E-04
 1.9200E+02	 7.4935E-04	 1.1036E-04
 1.9300E+02	 7.4943E-04	 1.1314E-04
 1.9400E+02	 7.4952E-04	 1.1596E-04
 1.9500E+02	 7.4960E-04	 1.1882E-04
 1.9600E+02	 7.4968E-04	 1.2171E-04
 1.9700E+02	 7.4977E-04	 1.2464E-04
 1.9800E+02	 7.4985E-04	 1.2762E-04
 1.9900E+02	 7.4994E-04	 1.3063E-04
 2.0000E+02	 7.5002E-04	 1.3368E-04
 2.0100E+02	 7.5010E-04	 1.3676E-04
 2.0200E+02	 7.5019E-04	 1.3989E-04
 2.0300E+02	 7.5027E-04	 1.4305E-04
 2.0400E+02	 7.5036E-04	 1.4625E-04
 2.0500E+02	 7.5044E-04	 1.4949E-04
 2.0600E+02	 7.5053E-04	 1.5277E-04
 2.0700E+02	 7.5061E-04	 1.5609E-04
 2.0800E+02	 7.5070E-04	 1.5944E-04
 2.0900E+02	 7.5078E-04	 1.6283E-04
 2.1000E+02	 7.5086E-04	 1.6625E-04
 2.1100E+02	 7.5095E-04	 1.6971E-04
 2.1200E+02	 7.5103E-04	 1.7321E-04
 2.1300E+02	 7.5112E-04	 1.7675E-04
 2.1400E+02	 7.5121E-04	 1.8032E-04
 2.1500E+02	 7.5129E-04	 1.8393E-04
 2.1600E+02	 7.5138E-04	 1.8757E-04
 2.1700E+02	 7.5146E-04	 1.9125E-04
 2.1800E+02	 7.5155E-04	 1.9497E-04
 2.1900E+02	 7.5163E-04	 1.9872E-04
 2.2000E+02	 7.5172E-04	 2.0251E-04
 2.2100E+02	 7.5180E-04	 2.0633E-04
 2.2200E+02	 7.5189E-04	 2.1019E-04
 2.2300E+02	 7.5198E-04	 2.1408E-04
 2.2400E+02	 7.5206E-04	 2.1800E-04
 2.2500E+02	 7.5215E-04	 2.2196E-04
 2.2600E+02	 7.5223E-04	 2.2596E-04
 2.2700E+02	 7.5232E-04	 2.2998E-04
 2.2800E+02	 7.5241E-04	 2.3404E-04
 2.2900E+02	 7.5249E-04	 2.3814E-04
 2.3000E+02	 7.5258E-04	 2.4226E-04
 2.3100E+02	 7.5266E-04	 2.4642E-04
 2.3200E+02	 7.5275E-04	 2.5062E-04
 2.3300E+02	 7.5284E-04	 2.5484E-04
 2.3400E+02	 7.5292E-04	 2.5910E-04
 2.3500E+02	 7.5301E-04	 2.6338E-04
 2.3600E+02	 7.5310E-04	 2.6771E-04
 2.3700E+02	 7.5318E-04	 2.7206E-04
 2.3800E+02	 7.5327E-04	 2.7644E-04
 2.3900E+02	 7.5336E-04	 2.8085E-04
 2.4000E+02	 7.5344E-04	 2.8530E-04
 2.4100E+02	 7.5353E-04	 2.8977E-04
 2.4200E+02	 7.5362E-04	 2.9428E-04
 2.4300E+02	 7.5371E-04	 2.9881E-04
 2.4400E+02	 7.5379E-04	 3.0337E-04
 2.4500E+02	 7.5388E-04	 3.0797E-04
 2.4600E+02	 7.5397E-04	 3.1259E-04
 2.4700E+02	 7.5405E-04	 3.1724E-04
 2.4800E+02	 7.5414E-04	 3.2192E-04
 2.4900E+02	 7.5423E-04	 3.2663E-04
 2.5000E+02	 7.5432E-04	 3.3136E-04
 2.5100E+02	 7.5440E-04	 3.3613E-04
 2.5200E+02	 7.5449E-04	 3.4092E-04
 2.5300E+02	 7.5458E-04	 3.4574E-04
 2.5400E+02	 7.5467E-04	 3.5058E-04
 2.5500E+02	 7.5475E-04	 3.5545E-04
 2.5600E+02	 7.5484E-04	 3.6035E-04
 2.5700E+02	 7.5493E-04	 3.6528E-04
 2.5800E+02	 7.5502E-04	 3.7023E-04
 2.5900E+02	 7.5511E-04	 3.7520E-04
 2.6000E+02	 7.5519E-04	 3.8021E-04
 2.6100E+02	 7.5528E-04	 3.8523E-04
 2.6200E+02	 7.5537E-04	 3.9028E-04
 2.6300E+02	 7.5546E-04	 3.9536E-04
 2.6400E+02	 7.5555E-04	 4.0046E-04
 2.6500E+02	 7.5563E-04	 4.0559E-04
 2.6600E+02	 7.5572E-04	 4.1073E-04
 2.6700E+02	 7.5581E-04	 4.1591E-04
 2.6800E+02	 7.5590E-04	 4.2110E-04
 2.6900E+02	 7.5599E-04	 4.2632E-04
 2.7000E+02	 7.5608E-04	 4.3156E-04
 2.7100E+02	 7.5616E-04	 4.3682E-04
 2.7200E+02	 7.5625E-04	 4.4211E-04
 2.7300E+02	 7.5634E-04	 4.4742E-04
 2.7400E+02	 7.5643E-04	 4.5274E-04
 2.7500E+02	 7.5652E-04	 4.5809E-04
 2.7600E+02	 7.5661E-04	 4.6347E-04
 2.7700E+02	 7.5670E-04	 4.6886E-04
 2.7800E+02	 7.5679E-04	 4.7427E-04
 2.7900E+02	 7.5687E-04	 4.7970E-04
 2.8000E+02	 7.5696E-04	 4.8516E-04
 2.8100E+02	 7.5705E-04	 4.9063E-04
 2.8200E+02	 7.5714E-04	 4.9612E-04
 2.8300E+02	 7.5723E-04	 5.0164E-04
 2.8400E+02	 7.5732E-04	 5.0717E-04
 2.8500E+02	 7.5741E-04	 5.1272E-04
 2.8600E+02	 7.5750E-04	 5.1829E-04
 2.8700E+02	 7.5759E-04	 5.2387E-04
 2.8800E+02	 7.5767E-04	 5.2948E-04
 2.8900E+02	 7.5776E-04	 5.3510E-04
 2.9000E+02	 7.5785E-04	 5.4074E-04
 2.9100E+02	 7.5794E-04	 5.4640E-04
 2.9200E+02	 7.5803E-04	 5.5207E-04
 2.9300E+02	 7.5812E-04	 5.5776E-04
 2.9400E+02	 7.5821E-04	 5.6347E-04
 2.9500E+02	 7.5830E-04	 5.6919E-04
 2.9600E+02	 7.5839E-04	 5.7493E-04
 2.9700E+02	 7.5848E-04	 5.8069E-04
 2.9800E+02	 7.5857E-04	 5.8646E-04
 2.9900E+02	 7.5866E-04	 5.9225E-04
 3.0000E+02	 7.5875E-04	 5.9805E-04
 3.0100E+02	 7.5884E-04	 6.0387E-04
 3.0200E+02	 7.5893E-04	 6.0970E-04
 3.0300E+02	 7.5902E-04	 6.1555E-04
 3.0400E+02	 7.5910E-04	 6.2141E-04
 3.0500E+02	 7.5919E-04	 6.2728E-04
 3.0600E+02	 7.5928E-04	 6.3317E-04
 3.0700E+02	 7.5937E-04	 6.3907E-04
 3.0800E+02	 7.5946E-04	 6.4498E-04
 3.0900E+02	 7.5955E-04	 6.5091E-04
 3.1000E+02	 7.5964E-04	 6.5685E-04
 3.1100E+02	 7.5973E-04	 6.6280E-04
 3.1200E+02	 7.5982E-04	 6.6877E-04
 3.1300E+02	 7.5991E-04	 6.7475E-04
 3.1400E+02	 7.6000E-04	 6.8074E-04
 3.1500E+02	 7.6009E-04	 6.8674E-04
 3.1600E+02	 7.6018E-04	 6.9275E-04
 3.1700E+02	 7.6027E-04	 6.9877E-04
 3.1800E+02	 7.6036E-04	 7.0481E-04
 3.1900E+02	 7.6045E-04	 7.1085E-04
 3.2000E+02	 7.6054E-04	 7.1691E-04
 3.2100E+02	 7.6063E-04	 7.2298E-04
 3.2200E+02	 7.6072E-04	 7.2905E-04
 3.2300E+02	 7.6081E-04	 7.3514E-04
 3.2400E+02	 7.6090E-04	 7.4124E-04
 3.2500E+02	 7.6099E-04	 7.4734E-04
 3.2600E+02	 7.6108E-04	 7.5346E-04
 3.2700E+02	 7.6117E-04	 7.5958E-04
 3.2800E+02	 7.6126E-04	 7.6572E-04
 3.2900E+02	 7.6135E-04	 7.7186E-04
 3.3000E+02	 7.6144E-04	 7.7801E-04
 3.3100E+02	 7.6154E-04	 7.8417E-04
 3.3200E+02	 7.6163E-04	 7.9034E-04
 3.3300E+02	 7.6172E-04	 7.9651E-04
 3.3400E+02	 7.6181E-04	 8.0270E-04
 3.3500E+02	 7.6190E-04	 8.0889E-04
 3.3600E+02	 7.6199E-04	 8.1508E-04
 3.3700E+02	 7.6208E-04	 8.2129E-04
 3.3800E+02	 7.6217E-04	 8.2750E-04
 3.3900E+02	 7.6226E-04	 8.3372E-04
 3.4000E+02	 7.6235E-04	 8.3995E-04
 3.4100E+02	 7.6244E-04	 8.4618E-04
 3.4200E+02	 7.6253E-04	 8.5242E-04
 3.4300E+02	 7.6262E-04	 8.5867E-04
 3.4400E+02	 7.6271E-04	 8.6492E-04
 3.4500E+02	 7.6280E-04	 8.7118E-04
 3.4600E+02	 7.6289E-04	 8.7744E-04
 3.4700E+02	 7.6298E-04	 8.8371E-04
 3.4800E+02	 7.6307E-04	 8.8998E-04
 3.4900E+02	 7.6316E-04	 8.9626E-04
 3.5000E+02	 7.6325E-04	 9.0254E-04
 3.5100E+02	 7.6335E-04	 9.0883E-04
 3.5200E+02	 7.6344E-04	 9.1512E-04
 3.5300E+02	 7.6353E-04	 9.2142E-04
 3.5400E+02	 7.6362E-04	 9.2772E-04
 3.5500E+02	 7.6371E-04	 9.3403E-04
 3.5600E+02	 7.6380E-04	 9.4034E-04
 3.5700E+02	 7.6389E-04	 9.4665E-04
 3.5800E+02	 7.6398E-04	 9.5297E-04
 3.5900E+02	 7.6407E-04	 9.5929E-04
 3.6000E+02	 7.6416E-04	 9.6562E-04
 3.6100E+02	 7.6425E-04	 9.7194E-04
 3.6200E+02	 7.6434E-04	 9.7827E-04
 3.6300E+02	 7.6443E-04	 9.8461E-04
 3.6400E+02	 7.6453E-04	 9.9094E-04
 3.6500E+02	 7.6462E-04	 9.9728E-04
 3.6600E+02	 7.6471E-04	 1.0036E-03
 3.6700E+02	 7.6480E-04	 1.0100E-03
 3.6800E+02	 7.6489E-04	 1.0163E-03
 3.6900E+02	 7.6498E-04	 1.0227E-03
 3.7000E+02	 7.6507E-04	 1.0290E-03
 3.7100E+02	 7.6516E-04	 1.0354E-03
 3.7200E+02	 7.6525E-04	 1.0417E-03
 3.7300E+02	 7.6534E-04	 1.0481E-03
 3.7400E+02	 7.6543E-04	 1.0544E-03
 3.7500E+02	 7.6553E-04	 1.0608E-03
 3.7600E+02	 7.6562E-04	 1.0671E-03
 3.7700E+02	 7.6571E-04	 1.0735E-03
 3.7800E+02	 7.6580E-04	 1.0799E-03
 3.7900E+02	 7.6589E-04	 1.0862E-03
 3.8000E+02	 7.6598E-04	 1.0926E-03
 3.8100E+02	 7.6607E-04	 1.0989E-03
 3.8200E+02	 7.6616E-04	 1.1053E-03
 3.8300E+02	 7.6625E-04	 1.1117E-03
 3.8400E+02	 7.6634E-04	 1.1180E-03
 3.8500E+02	 7.6644E-04	 1.1244E-03
 3.8600E+02	 7.6653E-04	 1.1308E-03
 3.8700E+02	 7.6662E-04	 1.1371E-03
 3.8800E+02	 7.6671E-04	 1.1435E-03
 3.8900E+02	 7.6680E-04	 1.1498E-03
 3.9000E+02	 7.6689E-04	 1.1562E-03
 3.9100E+02	 7.6698E-04	 1.1626E-03
 3.9200E+02	 7.6707E-04	 1.1689E-03
 3.9300E+02	 7.6716E-04	 1.1753E-03
 3.9400E+02	 7.6725E-04	 1.1816E-03
 3.9500E+02	 7.6735E-04	 1.1880E-03
 3.9600E+02	 7.6744E-04	 1.1944E-03
 3.9700E+02	 7.6753E-04	 1.2007E-03
 3.9800E+02	 7.6762E-04	 1.2071E-03
 3.9900E+02	 7.6771E-04	 1.2134E-03
 4.0000E+02	 7.6780E-04	 1.2198E-03
 4.0100E+02	 7.6789E-04	 1.2261E-03
 4.0200E+02	 7.6798E-04	 1.2324E-03
 4.0300E+02	 7.6807E-04	 1.2388E-03
 4.0400E+02	 7.6817E-04	 1.2451E-03
 4.0500E+02	 7.6826E-04	 1.2515E-03
 4.0600E+02	 7.6835E-04	 1.2578E-03
 4.0700E+02	 7.6844E-04	 1.2641E-03
 4.0800E+02	 7.6853E-04	 1.2705E-03
 4.0900E+02	 7.6862E-04	 1.2768E-03
 4.1000E+02	 7.6871E-04	 1.2831E-03
 4.1100E+02	 7.6880E-04	 1.2894E-03
 4.1200E+02	 7.6890E-04	 1.2958E-03
 4.1300E+02	 7.6899E-04	 1.3021E-03
 4.1400E+02	 7.6908E-04	 1.3084E-03
 4.1500E+02	 7.6917E-04	 1.3147E-03
 4.1600E+02	 7.6926E-04	 1.3210E-03
 4.1700E+02	 7.6935E-04	 1.3273E-03
 4.1800E+02	 7.6944E-04	 1.3336E-03
 4.1900E+02	 7.6953E-04	 1.3399E-03
 4.2000E+02	 7.6962E-04	 1.3462E-03
 4.2100E+02	 7.6972E-04	 1.3525E-03
 4.2200E+02	 7.6981E-04	 1.3588E-03
 4.2300E+02	 7.6990E-04	 1.3651E-03
 4.2400E+02	 7.6999E-04	 1.3714E-03
 4.2500E+02	 7.7008E-04	 1.3776E-03
 4.2600E+02	 7.7017E-04	 1.3839E-03
 4.2700E+02	 7.7026E-04	 1.3902E-03
 4.2800E+02	 7.7035E-04	 1.3964E-03
 4.2900E+02	 7.7045E-04	 1.4027E-03
 4.3000E+02	 7.7054E-04	 1.4090E-03
 4.3100E+02	 7.7063E-04	 1.4152E-03
 4.3200E+02	 7.7072E-04	 1.4214E-03
 4.3300E+02	 7.7081E-04	 1.4277E-03
 4.3400E+02	 7.7090E-04	 1.4339E-03
 4.3500E+02	 7.7099E-04	 1.4402E-03
 4.3600E+02	 7.7108E-04	 1.4464E-03
 4.3700E+02	 7.7117E-04	 1.4526E-03
 4.3800E+02	 7.7127E-04	 1.4588E-03
 4.3900E+02	 7.7136E-04	 1.4650E-03
 4.4000E+02	 7.7145E-04	 1.4712E-03
 4.4100E+02	 7.7154E-04	 1.4774E-03
 4.4200E+02	 7.7163E-04	 1.4836E-03
 4.4300E+02	 7.7172E-04	 1.4898E-03
 4.4400E+02	 7.7181E-04	 1.4960E-03
 4.4500E+02	 7.7190E-04	 1.5022E-03
 4.4600E+02	 7.7200E-04	 1.5084E-03
 4.4700E+02	 7.7209E-04	 1.5146E-03
 4.4800E+02	 7.7218E-04	 1.5207E-03
 4.4900E+02	 7.7227E-04	 1.5269E-03
 4.5000E+02	 7.7236E-04	 1.5330E-03
 4.5100E+02	 7.7245E-04	 1.5392E-03
 4.5200E+02	 7.7254E-04	 1.5453E-03
 4.5300E+02	 7.7263E-04	 1.5515E-03
 4.5400E+02	 7.7272E-04	 1.5576E-03
 4.5500E+02	 7.7282E-04	 1.5637E-03
 4.5600E+02	 7.7291E-04	 1.5698E-03
 4.5700E+02	 7.7300E-04	 1.5760E-03
 4.5800E+02	 7.7309E-04	 1.5821E-03
 4.5900E+02	 7.7318E-04	 1.5882E-03
 4.6000E+02	 7.7327E-04	 1.5943E-03
 4.6100E+02	 7.7336E-04	 1.6003E-03
 4.6200E+02	 7.7345E-04	 1.6064E-03
 4.6300E+02	 7.7354E-04	 1.6125E-03
 4.6400E+02	 7.7364E-04	 1.6186E-03
 4.6500E+02	 7.7373E-04	 1.6246E-03
 4.6600E+02	 7.7382E-04	 1.6307E-03
 4.6700E+02	 7.7391E-04	 1.6367E-03
 4.6800E+02	 7.7400E-04	 1.6428E-03
 4.6900E+02	 7.7409E-04	 1.6488E-03
 4.7000E+02	 7.7418E-04	 1.6549E-03
 4.7100E+02	 7.7427E-04	 1.6609E-03
 4.7200E+02	 7.7436E-04	 1.6669E-03
 4.7300E+02	 7.7446E-04	 1.6729E-03
 4.7400E+02	 7.7455E-04	 1.6789E-03
 4.7500E+02	 7.7464E-04	 1.6849E-03
 4.7600E+02	 7.7473E-04	 1.6909E-03
 4.7700E+02	 7.7482E-04	 1.6969E-03
 4.7800E+02	 7.7491E-04	 1.7029E-03
 4.7900E+02	 7.7500E-04	 1.7088E-03
 4.8000E+02	 7.7509E-04	 1.7148E-03
 4.8100E+02	 7.7518E-04	 1.7208E-03
 4.8200E+02	 7.7527E-04	 1.7267E-03
 4.8300E+02	 7.7537E-04	 1.7326E-03
 4.8400E+02	 7.7546E-04	 1.7386E-03
 4.8500E+02	 7.7555E-04	 1.7445E-03
 4.8600E+02	 7.7564E-04	 1.7504E-03
 4.8700E+02	 7.7573E-04	 1.7563E-03
 4.8800E+02	 7.7582E-04	 1.7622E-03
 4.8900E+02	 7.7591E-04	 1.7681E-03
 4.9000E+02	 7.7600E-04	 1.7740E-03
 4.9100E+02	 7.7609E-04	 1.7799E-03
 4.9200E+02	 7.7618E-04	 1.7858E-03
 4.9300E+02	 7.7628E-04	 1.7917E-03
 4.9400E+02	 7.7637E-04	 1.7975E-03
 4.9500E+02	 7.7646E-04	 1.8034E-03
 4.9600E+02	 7.7655E-04	 1.8092E-03
 4.9700E+02	 7.7664E-04	 1.8151E-03
 4.9800E+02	 7.7673E-04	 1.8209E-03
 4.9900E+02	 7.7682E-04	 1.8267E-03
 5.0000E+02	 7.7691E-04	 1.8325E-03
 5.0100E+02	 7.7700E-04	 1.8383E-03
 5.0200E+02	 7.7709E-04	 1.8441E-03
 5.0300E+02	 7.7718E-04	 1.8499E-03
 5.0400E+02	 7.7727E-04	 1.8557E-03
 5.0500E+02	 7.7737E-04	 1.8615E-03
 5.0600E+02	 7.7746E-04	 1.8673E-03
 5.0700E+02	 7.7755E-04	 1.8730E-03
 5.0800E+02	 7.7764E-04	 1.8788E-03
 5.0900E+02	 7.7773E-04	 1.8845E-03
 5.1000E+02	 7.7782E-04	 1.8903E-03
 5.1100E+02	 7.7713E-04	 1.8941E-03
 5.1200E+02	 7.7722E-04	 1.8998E-03
 5.1300E+02	 7.7731E-04	 1.9055E-03
 5.1400E+02	 7.7740E-04	 1.9112E-03
 5.1500E+02	 7.7749E-04	 1.9169E-03
 5.1600E+02	 7.7758E-04	 1.9226E-03
 5.1700E+02	 7.7766E-04	 1.9282E-03
 5.1800E+02	 7.7775E-04	 1.9339E-03
 5.1900E+02	 7.7784E-04	 1.9396E-03
 5.2000E+02	 7.7793E-04	 1.9452E-03
 5.2100E+02	 7.7802E-04	 1.9509E-03
 5.2200E+02	 7.7811E-04	 1.9565E-03
 5.2300E+02	 7.7820E-04	 1.9621E-03
 5.2400E+02	 7.7828E-04	 1.9677E-03
 5.2500E+02	 7.7837E-04	 1.9733E-03
 5.2600E+02	 7.7846E-04	 1.9789E-03
 5.2700E+02	 7.7855E-04	 1.9845E-03
 5.2800E+02	 7.7864E-04	 1.9901E-03
 5.2900E+02	 7.7873E-04	 1.9957E-03
 5.3000E+02	 7.7881E-04	 2.0012E-03
 5.3100E+02	 7.7890E-04	 2.0068E-03
 5.3200E+02	 7.7899E-04	 2.0123E-03
 5.3300E+02	 7.7908E-04	 2.0179E-03
 5.3400E+02	 7.7917E-04	 2.0234E-03
 5.3500E+02	 7.7926E-04	 2.0289E-03
 5.3600E+02	 7.7935E-04	 2.0345E-03
 5.3700E+02	 7.7943E-04	 2.0400E-03
 5.3800E+02	 7.7952E-04	 2.0455E-03
 5.3900E+02	 7.7961E-04	 2.0509E-03
 5.4000E+02	 7.7970E-04	 2.0564E-03
 5.4100E+02	 7.7979E-04	 2.0619E-03
 5.4200E+02	 7.7988E-04	 2.0674E-03
 5.4300E+02	 7.7996E-04	 2.0728E-03
 5.4400E+02	 7.8005E-04	 2.0783E-03
 5.4500E+02	 7.8014E-04	 2.0837E-03
 5.4600E+02	 7.8023E-04	 2.0891E-03
 5.4700E+02	 7.8032E-04	 2.0946E-03
 5.4800E+02	 7.8041E-04	 2.1000E-03
 5.4900E+02	 7.8049E-04	 2.1054E-03
 5.5000E+02	 7.8058E-04	 2.1108E-03
 5.5100E+02	 7.8067E-04	 2.1162E-03
 5.5200E+02	 7.8076E-04	 2.1216E-03
 5.5300E+02	 7.8085E-04	 2.1269E-03
 5.5400E+02	 7.8094E-04	 2.1323E-03
 5.5500E+02	 7.8102E-04	 2.1376E-03
 5.5600E+02	 7.8111E-04	 2.1430E-03
 5.5700E+02	 7.8120E-04	 2.1483E-03
 5.5800E+02	 7.8129E-04	 2.1537E-03
 5.5900E+02	 7.8138E-04	 2.1590E-03
 5.6000E+02	 7.8146E-04	 2.1643E-03
 5.6100E+02	 7.8155E-04	 2.1696E-03
 5.6200E+02	 7.8164E-04	 2.1749E-03
 5.6300E+02	 7.8173E-04	 2.1802E-03
 5.6400E+02	 7.8182E-04	 2.1854E-03
 5.6500E+02	 7.8191E-04	 2.1907E-03
 5.6600E+02	 7.8199E-04	 2.1960E-03
 5.6700E+02	 7.8208E-04	 2.2012E-03
 5.6800E+02	 7.8217E-04	 2.2065E-03
 5.6900E+02	 7.8226E-04	 2.2117E-03
 5.7000E+02	 7.8235E-04	 2.2169E-03
 5.7100E+02	 7.8243E-04	 2.2221E-03
 5.7200E+02	 7.8252E-04	 2.2274E-03
 5.7300E+02	 7.8261E-04	 2.2326E-03
 5.7400E+02	 7.8270E-04	 2.2377E-03
 5.7500E+02	 7.8279E-04	 2.2429E-03
 5.7600E+02	 7.8287E-04	 2.2481E-03
 5.7700E+02	 7.8296E-04	 2.2533E-03
 5.7800E+02	 7.8305E-04	 2.2584E-03
 5.7900E+02	 7.8314E-04	 2.2636E-03
 5.8000E+02	 7.8323E-04	 2.2687E-03
 5.8100E+02	 7.8331E-04	 2.2738E-03
 5.8200E+02	 7.8340E-04	 2.2790E-03
 5.8300E+02	 7.8349E-04	 2.2841E-03
 5.8400E+02	 7.8358E-04	 2.2892E-03
 5.8500E+02	 7.8366E-04	 2.2943E-03
 5.8600E+02	 7.8375E-04	 2.2994E-03
 5.8700E+02	 7.8384E-04	 2.3044E-03
 5.8800E+02	 7.8393E-04	 2.3095E-03
 5.8900E+02	 7.8402E-04	 2.3146E-03
 5.9000E+02	 7.8410E-04	 2.3196E-03
 5.9100E+02	 7.8419E-04	 2.3247E-03
 5.9200E+02	 7.8428E-04	 2.3297E-03
 5.9300E+02	 7.8437E-04	 2.3347E-03
 5.9400E+02	 7.8445E-04	 2.3398E-03
 5.9500E+02	 7.8454E-04	 2.3448E-03
 5.9600E+02	 7.8463E-04	 2.3498E-03
 5.9700E+02	 7.8472E-04	 2.3548E-03
 5.9800E+02	 7.8481E-04	 2.3597E-03
 5.9900E+02	 7.8489E-04	 2.3647E-03


