#     0	 1	   20	 1	 1.0039E+03	  500	1
 1.0000E+02	 1.5778E-03	 2.7591E-06
 1.0100E+02	 1.5780E-03	 3.0327E-06
 1.0200E+02	 1.5782E-03	 3.3271E-06
 1.0300E+02	 1.5784E-03	 3.6433E-06
 1.0400E+02	 1.5786E-03	 3.9825E-06
 1.0500E+02	 1.5788E-03	 4.3457E-06
 1.0600E+02	 1.5789E-03	 4.7339E-06
 1.0700E+02	 1.5791E-03	 5.1484E-06
 1.0800E+02	 1.5793E-03	 5.5903E-06
 1.0900E+02	 1.5795E-03	 6.0607E-06
 1.1000E+02	 1.5797E-03	 6.5607E-06
 1.1100E+02	 1.5799E-03	 7.0916E-06
 1.1200E+02	 1.5801E-03	 7.6546E-06
 1.1300E+02	 1.5803E-03	 8.2507E-06
 1.1400E+02	 1.5804E-03	 8.8812E-06
 1.1500E+02	 1.5806E-03	 9.5474E-06
 1.1600E+02	 1.5808E-03	 1.0250E-05
 1.1700E+02	 1.5810E-03	 1.0991E-05
 1.1800E+02	 1.5812E-03	 1.1771E-05
 1.1900E+02	 1.5814E-03	 1.2592E-05
 1.2000E+02	 1.5816E-03	 1.3454E-05
 1.2100E+02	 1.5817E-03	 1.4359E-05
 1.2200E+02	 1.5819E-03	 1.5309E-05
 1.2300E+02	 1.5821E-03	 1.6303E-05
 1.2400E+02	 1.5823E-03	 1.7344E-05
 1.2500E+02	 1.5825E-03	 1.8432E-05
 1.2600E+02	 1.5827E-03	 1.9570E-05
 1.2700E+02	 1.5828E-03	 2.0757E-05
 1.2800E+02	 1.5830E-03	 2.1995E-05
 1.2900E+02	 1.5832E-03	 2.3286E-05
 1.3000E+02	 1.5834E-03	 2.4630E-05
 1.3100E+02	 1.5836E-03	 2.6029E-05
 1.3200E+02	 1.5837E-03	 2.7483E-05
 1.3300E+02	 1.5839E-03	 2.8994E-05
 1.3400E+02	 1.5841E-03	 3.0563E-05
 1.3500E+02	 1.5843E-03	 3.2190E-05
 1.3600E+02	 1.5845E-03	 3.3878E-05
 1.3700E+02	 1.5846E-03	 3.5627E-05
 1.3800E+02	 1.5848E-03	 3.7438E-05
 1.3900E+02	 1.5850E-03	 3.9311E-05
 1.4000E+02	 1.5852E-03	 4.1249E-05
 1.4100E+02	 1.5853E-03	 4.3252E-05
 1.4200E+02	 1.5855E-03	 4.5320E-05
 1.4300E+02	 1.5857E-03	 4.7456E-05
 1.4400E+02	 1.5859E-03	 4.9659E-05
 1.4500E+02	 1.5861E-03	 5.1931E-05
 1.4600E+02	 1.5862E-03	 5.4272E-05
 1.4700E+02	 1.5864E-03	 5.6683E-05
 1.4800E+02	 1.5866E-03	 5.9166E-05
 1.4900E+02	 1.5868E-03	 6.1720E-05
 1.5000E+02	 1.5869E-03	 6.4347E-05
 1.5100E+02	 1.5871E-03	 6.7047E-05
 1.5200E+02	 1.5873E-03	 6.9822E-05
 1.5300E+02	 1.5874E-03	 7.2671E-05
 1.5400E+02	 1.5876E-03	 7.5596E-05
 1.5500E+02	 1.5878E-03	 7.8597E-05
 1.5600E+02	 1.5880E-03	 8.1675E-05
 1.5700E+02	 1.5881E-03	 8.4830E-05
 1.5800E+02	 1.5883E-03	 8.8063E-05
 1.5900E+02	 1.5885E-03	 9.1374E-05
 1.6000E+02	 1.5886E-03	 9.4765E-05
 1.6100E+02	 1.5888E-03	 9.8235E-05
 1.6200E+02	 1.5890E-03	 1.0179E-04
 1.6300E+02	 1.5892E-03	 1.0542E-04
 1.6400E+02	 1.5893E-03	 1.0913E-04
 1.6500E+02	 1.5895E-03	 1.1292E-04
 1.6600E+02	 1.5897E-03	 1.1679E-04
 1.6700E+02	 1.5898E-03	 1.2075E-04
 1.6800E+02	 1.5900E-03	 1.2479E-04
 1.6900E+02	 1.5902E-03	 1.2891E-04
 1.7000E+02	 1.5903E-03	 1.3312E-04
 1.7100E+02	 1.5905E-03	 1.3741E-04
 1.7200E+02	 1.5907E-03	 1.4178E-04
 1.7300E+02	 1.5908E-03	 1.4623E-04
 1.7400E+02	 1.5910E-03	 1.5077E-04
 1.7500E+02	 1.5912E-03	 1.5540E-04
 1.7600E+02	 1.5913E-03	 1.6011E-04
 1.7700E+02	 1.5915E-03	 1.6490E-04
 1.7800E+02	 1.5917E-03	 1.6978E-04
 1.7900E+02	 1.5918E-03	 1.7474E-04
 1.8000E+02	 1.5920E-03	 1.7979E-04
 1.8100E+02	 1.5922E-03	 1.8492E-04
 1.8200E+02	 1.5923E-03	 1.9014E-04
 1.8300E+02	 1.5925E-03	 1.9544E-04
 1.8400E+02	 1.5927E-03	 2.0083E-04
 1.8500E+02	 1.5928E-03	 2.0630E-04
 1.8600E+02	 1.5930E-03	 2.1186E-04
 1.8700E+02	 1.5932E-03	 2.1750E-04
 1.8800E+02	 1.5933E-03	 2.2323E-04
 1.8900E+02	 1.5935E-03	 2.2904E-04
 1.9000E+02	 1.5936E-03	 2.3493E-04
 1.9100E+02	 1.5938E-03	 2.4091E-04
 1.9200E+02	 1.5940E-03	 2.4698E-04
 1.9300E+02	 1.5941E-03	 2.5313E-04
 1.9400E+02	 1.5943E-03	 2.5936E-04
 1.9500E+02	 1.5944E-03	 2.6568E-04
 1.9600E+02	 1.5946E-03	 2.7208E-04
 1.9700E+02	 1.5948E-03	 2.7857E-04
 1.9800E+02	 1.5949E-03	 2.8514E-04
 1.9900E+02	 1.5951E-03	 2.9179E-04
 2.0000E+02	 1.5952E-03	 2.9852E-04
 2.0100E+02	 1.5954E-03	 3.0534E-04
 2.0200E+02	 1.5956E-03	 3.1224E-04
 2.0300E+02	 1.5957E-03	 3.1922E-04
 2.0400E+02	 1.5959E-03	 3.2628E-04
 2.0500E+02	 1.5960E-03	 3.3343E-04
 2.0600E+02	 1.5962E-03	 3.4065E-04
 2.0700E+02	 1.5964E-03	 3.4796E-04
 2.0800E+02	 1.5965E-03	 3.5535E-04
 2.0900E+02	 1.5967E-03	 3.6281E-04
 2.1000E+02	 1.5968E-03	 3.7036E-04
 2.1100E+02	 1.5970E-03	 3.7798E-04
 2.1200E+02	 1.5971E-03	 3.8569E-04
 2.1300E+02	 1.5973E-03	 3.9347E-04
 2.1400E+02	 1.5975E-03	 4.0133E-04
 2.1500E+02	 1.5976E-03	 4.0927E-04
 2.1600E+02	 1.5978E-03	 4.1728E-04
 2.1700E+02	 1.5979E-03	 4.2537E-04
 2.1800E+02	 1.5981E-03	 4.3354E-04
 2.1900E+02	 1.5982E-03	 4.4178E-04
 2.2000E+02	 1.5984E-03	 4.5010E-04
 2.2100E+02	 1.5985E-03	 4.5850E-04
 2.2200E+02	 1.5987E-03	 4.6697E-04
 2.2300E+02	 1.5988E-03	 4.7551E-04
 2.2400E+02	 1.5990E-03	 4.8412E-04
 2.2500E+02	 1.5992E-03	 4.9281E-04
 2.2600E+02	 1.5993E-03	 5.0157E-04
 2.2700E+02	 1.5995E-03	 5.1040E-04
 2.2800E+02	 1.5996E-03	 5.1931E-04
 2.2900E+02	 1.5998E-03	 5.2828E-04
 2.3000E+02	 1.5999E-03	 5.3733E-04
 2.3100E+02	 1.6001E-03	 5.4644E-04
 2.3200E+02	 1.6002E-03	 5.5563E-04
 2.3300E+02	 1.6004E-03	 5.6488E-04
 2.3400E+02	 1.6005E-03	 5.7420E-04
 2.3500E+02	 1.6007E-03	 5.8359E-04
 2.3600E+02	 1.6008E-03	 5.9304E-04
 2.3700E+02	 1.6010E-03	 6.0257E-04
 2.3800E+02	 1.6011E-03	 6.1215E-04
 2.3900E+02	 1.6013E-03	 6.2181E-04
 2.4000E+02	 1.6014E-03	 6.3152E-04
 2.4100E+02	 1.6016E-03	 6.4131E-04
 2.4200E+02	 1.6017E-03	 6.5115E-04
 2.4300E+02	 1.6019E-03	 6.6106E-04
 2.4400E+02	 1.6020E-03	 6.7103E-04
 2.4500E+02	 1.6022E-03	 6.8106E-04
 2.4600E+02	 1.6023E-03	 6.9116E-04
 2.4700E+02	 1.6025E-03	 7.0131E-04
 2.4800E+02	 1.6026E-03	 7.1153E-04
 2.4900E+02	 1.6028E-03	 7.2180E-04
 2.5000E+02	 1.6029E-03	 7.3214E-04
 2.5100E+02	 1.6031E-03	 7.4253E-04
 2.5200E+02	 1.6032E-03	 7.5298E-04
 2.5300E+02	 1.6033E-03	 7.6348E-04
 2.5400E+02	 1.6035E-03	 7.7405E-04
 2.5500E+02	 1.6036E-03	 7.8467E-04
 2.5600E+02	 1.6038E-03	 7.9534E-04
 2.5700E+02	 1.6039E-03	 8.0607E-04
 2.5800E+02	 1.6041E-03	 8.1686E-04
 2.5900E+02	 1.6042E-03	 8.2769E-04
 2.6000E+02	 1.6044E-03	 8.3858E-04
 2.6100E+02	 1.6045E-03	 8.4953E-04
 2.6200E+02	 1.6047E-03	 8.6052E-04
 2.6300E+02	 1.6048E-03	 8.7157E-04
 2.6400E+02	 1.6049E-03	 8.8266E-04
 2.6500E+02	 1.6051E-03	 8.9381E-04
 2.6600E+02	 1.6052E-03	 9.0500E-04
 2.6700E+02	 1.6054E-03	 9.1625E-04
 2.6800E+02	 1.6055E-03	 9.2754E-04
 2.6900E+02	 1.6057E-03	 9.3888E-04
 2.7000E+02	 1.6058E-03	 9.5027E-04
 2.7100E+02	 1.6059E-03	 9.6170E-04
 2.7200E+02	 1.6061E-03	 9.7318E-04
 2.7300E+02	 1.6062E-03	 9.8471E-04
 2.7400E+02	 1.6064E-03	 9.9628E-04
 2.7500E+02	 1.6065E-03	 1.0079E-03
 2.7600E+02	 1.6067E-03	 1.0195E-03
 2.7700E+02	 1.6068E-03	 1.0312E-03
 2.7800E+02	 1.6069E-03	 1.0430E-03
 2.7900E+02	 1.6071E-03	 1.0548E-03
 2.8000E+02	 1.6072E-03	 1.0666E-03
 2.8100E+02	 1.6074E-03	 1.0785E-03
 2.8200E+02	 1.6075E-03	 1.0904E-03
 2.8300E+02	 1.6076E-03	 1.1023E-03
 2.8400E+02	 1.6078E-03	 1.1143E-03
 2.8500E+02	 1.6079E-03	 1.1263E-03
 2.8600E+02	 1.6081E-03	 1.1384E-03
 2.8700E+02	 1.6082E-03	 1.1505E-03
 2.8800E+02	 1.6083E-03	 1.1626E-03
 2.8900E+02	 1.6085E-03	 1.1748E-03
 2.9000E+02	 1.6086E-03	 1.1870E-03
 2.9100E+02	 1.6088E-03	 1.1992E-03
 2.9200E+02	 1.6089E-03	 1.2115E-03
 2.9300E+02	 1.6090E-03	 1.2238E-03
 2.9400E+02	 1.6092E-03	 1.2362E-03
 2.9500E+02	 1.6093E-03	 1.2486E-03
 2.9600E+02	 1.6094E-03	 1.2610E-03
 2.9700E+02	 1.6096E-03	 1.2734E-03
 2.9800E+02	 1.6097E-03	 1.2859E-03
 2.9900E+02	 1.6099E-03	 1.2984E-03
 3.0000E+02	 1.6100E-03	 1.3109E-03
 3.0100E+02	 1.6101E-03	 1.3235E-03
 3.0200E+02	 1.6103E-03	 1.3361E-03
 3.0300E+02	 1.6104E-03	 1.3487E-03
 3.0400E+02	 1.6105E-03	 1.3613E-03
 3.0500E+02	 1.6107E-03	 1.3740E-03
 3.0600E+02	 1.6108E-03	 1.3867E-03
 3.0700E+02	 1.6109E-03	 1.3995E-03
 3.0800E+02	 1.6111E-03	 1.4122E-03
 3.0900E+02	 1.6112E-03	 1.4250E-03
 3.1000E+02	 1.6113E-03	 1.4378E-03
 3.1100E+02	 1.6115E-03	 1.4506E-03
 3.1200E+02	 1.6116E-03	 1.4635E-03
 3.1300E+02	 1.6118E-03	 1.4764E-03
 3.1400E+02	 1.6119E-03	 1.4893E-03
 3.1500E+02	 1.6120E-03	 1.5022E-03
 3.1600E+02	 1.6122E-03	 1.5152E-03
 3.1700E+02	 1.6123E-03	 1.5281E-03
 3.1800E+02	 1.6124E-03	 1.5411E-03
 3.1900E+02	 1.6126E-03	 1.5541E-03
 3.2000E+02	 1.6127E-03	 1.5672E-03
 3.2100E+02	 1.6128E-03	 1.5802E-03
 3.2200E+02	 1.6130E-03	 1.5933E-03
 3.2300E+02	 1.6131E-03	 1.6064E-03
 3.2400E+02	 1.6132E-03	 1.6195E-03
 3.2500E+02	 1.6133E-03	 1.6326E-03
 3.2600E+02	 1.6135E-03	 1.6458E-03
 3.2700E+02	 1.6136E-03	 1.6590E-03
 3.2800E+02	 1.6137E-03	 1.6721E-03
 3.2900E+02	 1.6139E-03	 1.6853E-03
 3.3000E+02	 1.6140E-03	 1.6986E-03
 3.3100E+02	 1.6141E-03	 1.7118E-03
 3.3200E+02	 1.6143E-03	 1.7250E-03
 3.3300E+02	 1.6144E-03	 1.7383E-03
 3.3400E+02	 1.6145E-03	 1.7516E-03
 3.3500E+02	 1.6147E-03	 1.7649E-03
 3.3600E+02	 1.6148E-03	 1.7782E-03
 3.3700E+02	 1.6149E-03	 1.7915E-03
 3.3800E+02	 1.6150E-03	 1.8048E-03
 3.3900E+02	 1.6152E-03	 1.8181E-03
 3.4000E+02	 1.6153E-03	 1.8315E-03
 3.4100E+02	 1.6154E-03	 1.8449E-03
 3.4200E+02	 1.6156E-03	 1.8582E-03
 3.4300E+02	 1.6157E-03	 1.8716E-03
 3.4400E+02	 1.6158E-03	 1.8850E-03
 3.4500E+02	 1.6160E-03	 1.8984E-03
 3.4600E+02	 1.6161E-03	 1.9118E-03
 3.4700E+02	 1.6162E-03	 1.9253E-03
 3.4800E+02	 1.6163E-03	 1.9387E-03
 3.4900E+02	 1.6165E-03	 1.9521E-03
 3.5000E+02	 1.6166E-03	 1.9656E-03
 3.5100E+02	 1.6167E-03	 1.9790E-03
 3.5200E+02	 1.6168E-03	 1.9925E-03
 3.5300E+02	 1.6170E-03	 2.0060E-03
 3.5400E+02	 1.6171E-03	 2.0195E-03
 3.5500E+02	 1.6172E-03	 2.0330E-03
 3.5600E+02	 1.6173E-03	 2.0464E-03
 3.5700E+02	 1.6175E-03	 2.0599E-03
 3.5800E+02	 1.6176E-03	 2.0735E-03
 3.5900E+02	 1.6177E-03	 2.0870E-03
 3.6000E+02	 1.6179E-03	 2.1005E-03
 3.6100E+02	 1.6180E-03	 2.1140E-03
 3.6200E+02	 1.6181E-03	 2.1275E-03
 3.6300E+02	 1.6182E-03	 2.1410E-03
 3.6400E+02	 1.6184E-03	 2.1546E-03
 3.6500E+02	 1.6185E-03	 2.1681E-03
 3.6600E+02	 1.6186E-03	 2.1816E-03
 3.6700E+02	 1.6187E-03	 2.1952E-03
 3.6800E+02	 1.6189E-03	 2.2087E-03
 3.6900E+02	 1.6190E-03	 2.2223E-03
 3.7000E+02	 1.6191E-03	 2.2358E-03
 3.7100E+02	 1.6192E-03	 2.2494E-03
 3.7200E+02	 1.6193E-03	 2.2629E-03
 3.7300E+02	 1.6195E-03	 2.2764E-03
 3.7400E+02	 1.6196E-03	 2.2900E-03
 3.7500E+02	 1.6197E-03	 2.3035E-03
 3.7600E+02	 1.6198E-03	 2.3171E-03
 3.7700E+02	 1.6200E-03	 2.3306E-03
 3.7800E+02	 1.6201E-03	 2.3442E-03
 3.7900E+02	 1.6202E-03	 2.3577E-03
 3.8000E+02	 1.6203E-03	 2.3713E-03
 3.8100E+02	 1.6205E-03	 2.3848E-03
 3.8200E+02	 1.6206E-03	 2.3984E-03
 3.8300E+02	 1.6207E-03	 2.4119E-03
 3.8400E+02	 1.6208E-03	 2.4254E-03
 3.8500E+02	 1.6209E-03	 2.4390E-03
 3.8600E+02	 1.6211E-03	 2.4525E-03
 3.8700E+02	 1.6212E-03	 2.4660E-03
 3.8800E+02	 1.6213E-03	 2.4796E-03
 3.8900E+02	 1.6214E-03	 2.4931E-03
 3.9000E+02	 1.6215E-03	 2.5066E-03
 3.9100E+02	 1.6217E-03	 2.5201E-03
 3.9200E+02	 1.6218E-03	 2.5336E-03
 3.9300E+02	 1.6219E-03	 2.5471E-03
 3.9400E+02	 1.6220E-03	 2.5606E-03
 3.9500E+02	 1.6221E-03	 2.5741E-03
 3.9600E+02	 1.6223E-03	 2.5876E-03
 3.9700E+02	 1.6224E-03	 2.6011E-03
 3.9800E+02	 1.6225E-03	 2.6146E-03
 3.9900E+02	 1.6226E-03	 2.6281E-03
 4.0000E+02	 1.6227E-03	 2.6415E-03
 4.0100E+02	 1.6229E-03	 2.6550E-03
 4.0200E+02	 1.6230E-03	 2.6685E-03
 4.0300E+02	 1.6231E-03	 2.6819E-03
 4.0400E+02	 1.6232E-03	 2.6953E-03
 4.0500E+02	 1.6233E-03	 2.7088E-03
 4.0600E+02	 1.6235E-03	 2.7222E-03
 4.0700E+02	 1.6236E-03	 2.7356E-03
 4.0800E+02	 1.6237E-03	 2.7490E-03
 4.0900E+02	 1.6238E-03	 2.7625E-03
 4.1000E+02	 1.6239E-03	 2.7758E-03
 4.1100E+02	 1.6240E-03	 2.7892E-03
 4.1200E+02	 1.6242E-03	 2.8026E-03
 4.1300E+02	 1.6243E-03	 2.8160E-03
 4.1400E+02	 1.6244E-03	 2.8294E-03
 4.1500E+02	 1.6245E-03	 2.8427E-03
 4.1600E+02	 1.6246E-03	 2.8561E-03
 4.1700E+02	 1.6247E-03	 2.8694E-03
 4.1800E+02	 1.6249E-03	 2.8827E-03
 4.1900E+02	 1.6250E-03	 2.8960E-03
 4.2000E+02	 1.6251E-03	 2.9093E-03
 4.2100E+02	 1.6252E-03	 2.9226E-03
 4.2200E+02	 1.6253E-03	 2.9359E-03
 4.2300E+02	 1.6254E-03	 2.9492E-03
 4.2400E+02	 1.6256E-03	 2.9625E-03
 4.2500E+02	 1.6257E-03	 2.9757E-03
 4.2600E+02	 1.6258E-03	 2.9890E-03
 4.2700E+02	 1.6259E-03	 3.0022E-03
 4.2800E+02	 1.6260E-03	 3.0154E-03
 4.2900E+02	 1.6261E-03	 3.0286E-03
 4.3000E+02	 1.6262E-03	 3.0418E-03
 4.3100E+02	 1.6264E-03	 3.0550E-03
 4.3200E+02	 1.6265E-03	 3.0682E-03
 4.3300E+02	 1.6266E-03	 3.0813E-03
 4.3400E+02	 1.6267E-03	 3.0945E-03
 4.3500E+02	 1.6268E-03	 3.1076E-03
 4.3600E+02	 1.6269E-03	 3.1208E-03
 4.3700E+02	 1.6270E-03	 3.1339E-03
 4.3800E+02	 1.6272E-03	 3.1470E-03
 4.3900E+02	 1.6273E-03	 3.1601E-03
 4.4000E+02	 1.6274E-03	 3.1731E-03
 4.4100E+02	 1.6275E-03	 3.1862E-03
 4.4200E+02	 1.6276E-03	 3.1993E-03
 4.4300E+02	 1.6277E-03	 3.2123E-03
 4.4400E+02	 1.6278E-03	 3.2253E-03
 4.4500E+02	 1.6279E-03	 3.2383E-03
 4.4600E+02	 1.6281E-03	 3.2513E-03
 4.4700E+02	 1.6282E-03	 3.2643E-03
 4.4800E+02	 1.6283E-03	 3.2773E-03
 4.4900E+02	 1.6284E-03	 3.2902E-03
 4.5000E+02	 1.6285E-03	 3.3032E-03
 4.5100E+02	 1.6286E-03	 3.3161E-03
 4.5200E+02	 1.6287E-03	 3.3290E-03
 4.5300E+02	 1.6288E-03	 3.3419E-03
 4.5400E+02	 1.6290E-03	 3.3548E-03
 4.5500E+02	 1.6291E-03	 3.3676E-03
 4.5600E+02	 1.6292E-03	 3.3805E-03
 4.5700E+02	 1.6293E-03	 3.3933E-03
 4.5800E+02	 1.6294E-03	 3.4062E-03
 4.5900E+02	 1.6295E-03	 3.4190E-03
 4.6000E+02	 1.6296E-03	 3.4318E-03
 4.6100E+02	 1.6297E-03	 3.4445E-03
 4.6200E+02	 1.6298E-03	 3.4573E-03
 4.6300E+02	 1.6300E-03	 3.4700E-03
 4.6400E+02	 1.6301E-03	 3.4828E-03
 4.6500E+02	 1.6302E-03	 3.4955E-03
 4.6600E+02	 1.6303E-03	 3.5082E-03
 4.6700E+02	 1.6304E-03	 3.5209E-03
 4.6800E+02	 1.6305E-03	 3.5335E-03
 4.6900E+02	 1.6306E-03	 3.5462E-03
 4.7000E+02	 1.6307E-03	 3.5588E-03
 4.7100E+02	 1.6308E-03	 3.5714E-03
 4.7200E+02	 1.6309E-03	 3.5840E-03
 4.7300E+02	 1.6311E-03	 3.5966E-03
 4.7400E+02	 1.6312E-03	 3.6092E-03
 4.7500E+02	 1.6313E-03	 3.6217E-03
 4.7600E+02	 1.6314E-03	 3.6343E-03
 4.7700E+02	 1.6315E-03	 3.6468E-03
 4.7800E+02	 1.6316E-03	 3.6593E-03
 4.7900E+02	 1.6317E-03	 3.6718E-03
 4.8000E+02	 1.6318E-03	 3.6843E-03
 4.8100E+02	 1.6319E-03	 3.6967E-03
 4.8200E+02	 1.6320E-03	 3.7091E-03
 4.8300E+02	 1.6321E-03	 3.7216E-03
 4.8400E+02	 1.6322E-03	 3.7340E-03
 4.8500E+02	 1.6324E-03	 3.7463E-03
 4.8600E+02	 1.6325E-03	 3.7587E-03
 4.8700E+02	 1.6326E-03	 3.7710E-03
 4.8800E+02	 1.6327E-03	 3.7834E-03
 4.8900E+02	 1.6328E-03	 3.7957E-03
 4.9000E+02	 1.6329E-03	 3.8080E-03
 4.9100E+02	 1.6330E-03	 3.8203E-03
 4.9200E+02	 1.6331E-03	 3.8325E-03
 4.9300E+02	 1.6332E-03	 3.8448E-03
 4.9400E+02	 1.6333E-03	 3.8570E-03
 4.9500E+02	 1.6334E-03	 3.8692E-03
 4.9600E+02	 1.6335E-03	 3.8814E-03
 4.9700E+02	 1.6336E-03	 3.8935E-03
 4.9800E+02	 1.6337E-03	 3.9057E-03
 4.9900E+02	 1.6338E-03	 3.9178E-03
 5.0000E+02	 1.6340E-03	 3.9299E-03
 5.0100E+02	 1.6341E-03	 3.9420E-03
 5.0200E+02	 1.6342E-03	 3.9541E-03
 5.0300E+02	 1.6343E-03	 3.9662E-03
 5.0400E+02	 1.6344E-03	 3.9782E-03
 5.0500E+02	 1.6345E-03	 3.9902E-03
 5.0600E+02	 1.6346E-03	 4.0022E-03
 5.0700E+02	 1.6347E-03	 4.0142E-03
 5.0800E+02	 1.6348E-03	 4.0262E-03
 5.0900E+02	 1.6349E-03	 4.0381E-03
 5.1000E+02	 1.6350E-03	 4.0501E-03
 5.1100E+02	 1.6335E-03	 4.0579E-03
 5.1200E+02	 1.6336E-03	 4.0698E-03
 5.1300E+02	 1.6337E-03	 4.0816E-03
 5.1400E+02	 1.6338E-03	 4.0935E-03
 5.1500E+02	 1.6339E-03	 4.1053E-03
 5.1600E+02	 1.6340E-03	 4.1171E-03
 5.1700E+02	 1.6341E-03	 4.1289E-03
 5.1800E+02	 1.6342E-03	 4.1406E-03
 5.1900E+02	 1.6343E-03	 4.1524E-03
 5.2000E+02	 1.6344E-03	 4.1641E-03
 5.2100E+02	 1.6345E-03	 4.1758E-03
 5.2200E+02	 1.6346E-03	 4.1875E-03
 5.2300E+02	 1.6347E-03	 4.1991E-03
 5.2400E+02	 1.6348E-03	 4.2108E-03
 5.2500E+02	 1.6349E-03	 4.2224E-03
 5.2600E+02	 1.6350E-03	 4.2340E-03
 5.2700E+02	 1.6351E-03	 4.2456E-03
 5.2800E+02	 1.6352E-03	 4.2571E-03
 5.2900E+02	 1.6353E-03	 4.2687E-03
 5.3000E+02	 1.6354E-03	 4.2802E-03
 5.3100E+02	 1.6355E-03	 4.2917E-03
 5.3200E+02	 1.6356E-03	 4.3032E-03
 5.3300E+02	 1.6356E-03	 4.3147E-03
 5.3400E+02	 1.6357E-03	 4.3261E-03
 5.3500E+02	 1.6358E-03	 4.3375E-03
 5.3600E+02	 1.6359E-03	 4.3489E-03
 5.3700E+02	 1.6360E-03	 4.3603E-03
 5.3800E+02	 1.6361E-03	 4.3717E-03
 5.3900E+02	 1.6362E-03	 4.3830E-03
 5.4000E+02	 1.6363E-03	 4.3944E-03
 5.4100E+02	 1.6364E-03	 4.4057E-03
 5.4200E+02	 1.6365E-03	 4.4170E-03
 5.4300E+02	 1.6366E-03	 4.4283E-03
 5.4400E+02	 1.6367E-03	 4.4395E-03
 5.4500E+02	 1.6368E-03	 4.4507E-03
 5.4600E+02	 1.6369E-03	 4.4619E-03
 5.4700E+02	 1.6370E-03	 4.4731E-03
 5.4800E+02	 1.6371E-03	 4.4843E-03
 5.4900E+02	 1.6372E-03	 4.4955E-03
 5.5000E+02	 1.6373E-03	 4.5066E-03
 5.5100E+02	 1.6374E-03	 4.5177E-03
 5.5200E+02	 1.6375E-03	 4.5288E-03
 5.5300E+02	 1.6376E-03	 4.5399E-03
 5.5400E+02	 1.6377E-03	 4.5509E-03
 5.5500E+02	 1.6378E-03	 4.5620E-03
 5.5600E+02	 1.6379E-03	 4.5730E-03
 5.5700E+02	 1.6380E-03	 4.5840E-03
 5.5800E+02	 1.6381E-03	 4.5950E-03
 5.5900E+02	 1.6382E-03	 4.6059E-03
 5.6000E+02	 1.6383E-03	 4.6168E-03
 5.6100E+02	 1.6383E-03	 4.6278E-03
 5.6200E+02	 1.6384E-03	 4.6387E-03
 5.6300E+02	 1.6385E-03	 4.6495E-03
 5.6400E+02	 1.6386E-03	 4.6604E-03
 5.6500E+02	 1.6387E-03	 4.6712E-03
 5.6600E+02	 1.6388E-03	 4.6820E-03
 5.6700E+02	 1.6389E-03	 4.6928E-03
 5.6800E+02	 1.6390E-03	 4.7036E-03
 5.6900E+02	 1.6391E-03	 4.7144E-03
 5.7000E+02	 1.6392E-03	 4.7251E-03
 5.7100E+02	 1.6393E-03	 4.7358E-03
 5.7200E+02	 1.6394E-03	 4.7465E-03
 5.7300E+02	 1.6395E-03	 4.7572E-03
 5.7400E+02	 1.6396E-03	 4.7678E-03
 5.7500E+02	 1.6397E-03	 4.7785E-03
 5.7600E+02	 1.6398E-03	 4.7891E-03
 5.7700E+02	 1.6399E-03	 4.7997E-03
 5.7800E+02	 1.6399E-03	 4.8103E-03
 5.7900E+02	 1.6400E-03	 4.8208E-03
 5.8000E+02	 1.6401E-03	 4.8314E-03
 5.8100E+02	 1.6402E-03	 4.8419E-03
 5.8200E+02	 1.6403E-03	 4.8524E-03
 5.8300E+02	 1.6404E-03	 4.8629E-03
 5.8400E+02	 1.6405E-03	 4.8733E-03
 5.8500E+02	 1.6406E-03	 4.8838E-03
 5.8600E+02	 1.6407E-03	 4.8942E-03
 5.8700E+02	 1.6408E-03	 4.9046E-03
 5.8800E+02	 1.6409E-03	 4.9149E-03
 5.8900E+02	 1.6410E-03	 4.9253E-03
 5.9000E+02	 1.6411E-03	 4.9356E-03
 5.9100E+02	 1.6412E-03	 4.9460E-03
 5.9200E+02	 1.6412E-03	 4.9563E-03
 5.9300E+02	 1.6413E-03	 4.9665E-03
 5.9400E+02	 1.6414E-03	 4.9768E-03
 5.9500E+02	 1.6415E-03	 4.9870E-03
 5.9600E+02	 1.6416E-03	 4.9973E-03
 5.9700E+02	 1.6417E-03	 5.0075E-03
 5.9800E+02	 1.6418E-03	 5.0176E-03
 5.9900E+02	 1.6419E-03	 5.0278E-03


