#     0	 1	   17	 3	 9.3634E+02	  500	1
 1.0000E+02	 8.1267E-04	 2.7929E-06
 1.0100E+02	 8.1321E-04	 3.0511E-06
 1.0200E+02	 8.1376E-04	 3.3272E-06
 1.0300E+02	 8.1431E-04	 3.6221E-06
 1.0400E+02	 8.1486E-04	 3.9365E-06
 1.0500E+02	 8.1541E-04	 4.2714E-06
 1.0600E+02	 8.1596E-04	 4.6274E-06
 1.0700E+02	 8.1651E-04	 5.0055E-06
 1.0800E+02	 8.1707E-04	 5.4064E-06
 1.0900E+02	 8.1762E-04	 5.8310E-06
 1.1000E+02	 8.1817E-04	 6.2802E-06
 1.1100E+02	 8.1873E-04	 6.7547E-06
 1.1200E+02	 8.1928E-04	 7.2554E-06
 1.1300E+02	 8.1984E-04	 7.7832E-06
 1.1400E+02	 8.2040E-04	 8.3389E-06
 1.1500E+02	 8.2095E-04	 8.9233E-06
 1.1600E+02	 8.2151E-04	 9.5372E-06
 1.1700E+02	 8.2207E-04	 1.0182E-05
 1.1800E+02	 8.2263E-04	 1.0857E-05
 1.1900E+02	 8.2319E-04	 1.1565E-05
 1.2000E+02	 8.2375E-04	 1.2305E-05
 1.2100E+02	 8.2431E-04	 1.3080E-05
 1.2200E+02	 8.2487E-04	 1.3888E-05
 1.2300E+02	 8.2544E-04	 1.4732E-05
 1.2400E+02	 8.2600E-04	 1.5613E-05
 1.2500E+02	 8.2657E-04	 1.6530E-05
 1.2600E+02	 8.2713E-04	 1.7484E-05
 1.2700E+02	 8.2770E-04	 1.8477E-05
 1.2800E+02	 8.2826E-04	 1.9510E-05
 1.2900E+02	 8.2883E-04	 2.0582E-05
 1.3000E+02	 8.2940E-04	 2.1695E-05
 1.3100E+02	 8.2997E-04	 2.2849E-05
 1.3200E+02	 8.3053E-04	 2.4045E-05
 1.3300E+02	 8.3110E-04	 2.5284E-05
 1.3400E+02	 8.3167E-04	 2.6567E-05
 1.3500E+02	 8.3225E-04	 2.7893E-05
 1.3600E+02	 8.3282E-04	 2.9265E-05
 1.3700E+02	 8.3339E-04	 3.0681E-05
 1.3800E+02	 8.3396E-04	 3.2144E-05
 1.3900E+02	 8.3454E-04	 3.3654E-05
 1.4000E+02	 8.3511E-04	 3.5210E-05
 1.4100E+02	 8.3568E-04	 3.6815E-05
 1.4200E+02	 8.3626E-04	 3.8468E-05
 1.4300E+02	 8.3684E-04	 4.0170E-05
 1.4400E+02	 8.3741E-04	 4.1921E-05
 1.4500E+02	 8.3799E-04	 4.3723E-05
 1.4600E+02	 8.3857E-04	 4.5574E-05
 1.4700E+02	 8.3914E-04	 4.7477E-05
 1.4800E+02	 8.3972E-04	 4.9432E-05
 1.4900E+02	 8.4030E-04	 5.1438E-05
 1.5000E+02	 8.4088E-04	 5.3496E-05
 1.5100E+02	 8.4146E-04	 5.5608E-05
 1.5200E+02	 8.4205E-04	 5.7772E-05
 1.5300E+02	 8.4263E-04	 5.9990E-05
 1.5400E+02	 8.4321E-04	 6.2262E-05
 1.5500E+02	 8.4379E-04	 6.4588E-05
 1.5600E+02	 8.4438E-04	 6.6969E-05
 1.5700E+02	 8.4496E-04	 6.9405E-05
 1.5800E+02	 8.4555E-04	 7.1896E-05
 1.5900E+02	 8.4613E-04	 7.4443E-05
 1.6000E+02	 8.4672E-04	 7.7046E-05
 1.6100E+02	 8.4730E-04	 7.9704E-05
 1.6200E+02	 8.4789E-04	 8.2419E-05
 1.6300E+02	 8.4848E-04	 8.5191E-05
 1.6400E+02	 8.4907E-04	 8.8019E-05
 1.6500E+02	 8.4965E-04	 9.0905E-05
 1.6600E+02	 8.5024E-04	 9.3847E-05
 1.6700E+02	 8.5083E-04	 9.6847E-05
 1.6800E+02	 8.5142E-04	 9.9905E-05
 1.6900E+02	 8.5201E-04	 1.0302E-04
 1.7000E+02	 8.5261E-04	 1.0619E-04
 1.7100E+02	 8.5320E-04	 1.0942E-04
 1.7200E+02	 8.5379E-04	 1.1271E-04
 1.7300E+02	 8.5438E-04	 1.1606E-04
 1.7400E+02	 8.5498E-04	 1.1947E-04
 1.7500E+02	 8.5557E-04	 1.2293E-04
 1.7600E+02	 8.5617E-04	 1.2645E-04
 1.7700E+02	 8.5676E-04	 1.3003E-04
 1.7800E+02	 8.5736E-04	 1.3367E-04
 1.7900E+02	 8.5795E-04	 1.3737E-04
 1.8000E+02	 8.5855E-04	 1.4112E-04
 1.8100E+02	 8.5915E-04	 1.4493E-04
 1.8200E+02	 8.5974E-04	 1.4881E-04
 1.8300E+02	 8.6034E-04	 1.5274E-04
 1.8400E+02	 8.6094E-04	 1.5673E-04
 1.8500E+02	 8.6154E-04	 1.6077E-04
 1.8600E+02	 8.6214E-04	 1.6488E-04
 1.8700E+02	 8.6274E-04	 1.6904E-04
 1.8800E+02	 8.6334E-04	 1.7326E-04
 1.8900E+02	 8.6394E-04	 1.7754E-04
 1.9000E+02	 8.6454E-04	 1.8188E-04
 1.9100E+02	 8.6515E-04	 1.8627E-04
 1.9200E+02	 8.6575E-04	 1.9072E-04
 1.9300E+02	 8.6635E-04	 1.9523E-04
 1.9400E+02	 8.6696E-04	 1.9980E-04
 1.9500E+02	 8.6756E-04	 2.0442E-04
 1.9600E+02	 8.6816E-04	 2.0910E-04
 1.9700E+02	 8.6877E-04	 2.1384E-04
 1.9800E+02	 8.6937E-04	 2.1863E-04
 1.9900E+02	 8.6998E-04	 2.2348E-04
 2.0000E+02	 8.7059E-04	 2.2839E-04
 2.0100E+02	 8.7119E-04	 2.3335E-04
 2.0200E+02	 8.7180E-04	 2.3837E-04
 2.0300E+02	 8.7241E-04	 2.4344E-04
 2.0400E+02	 8.7302E-04	 2.4857E-04
 2.0500E+02	 8.7363E-04	 2.5376E-04
 2.0600E+02	 8.7424E-04	 2.5900E-04
 2.0700E+02	 8.7485E-04	 2.6429E-04
 2.0800E+02	 8.7546E-04	 2.6964E-04
 2.0900E+02	 8.7607E-04	 2.7504E-04
 2.1000E+02	 8.7668E-04	 2.8050E-04
 2.1100E+02	 8.7729E-04	 2.8601E-04
 2.1200E+02	 8.7790E-04	 2.9157E-04
 2.1300E+02	 8.7851E-04	 2.9719E-04
 2.1400E+02	 8.7912E-04	 3.0286E-04
 2.1500E+02	 8.7974E-04	 3.0858E-04
 2.1600E+02	 8.8035E-04	 3.1435E-04
 2.1700E+02	 8.8096E-04	 3.2018E-04
 2.1800E+02	 8.8158E-04	 3.2606E-04
 2.1900E+02	 8.8219E-04	 3.3199E-04
 2.2000E+02	 8.8281E-04	 3.3797E-04
 2.2100E+02	 8.8342E-04	 3.4400E-04
 2.2200E+02	 8.8404E-04	 3.5008E-04
 2.2300E+02	 8.8465E-04	 3.5621E-04
 2.2400E+02	 8.8527E-04	 3.6239E-04
 2.2500E+02	 8.8589E-04	 3.6862E-04
 2.2600E+02	 8.8651E-04	 3.7490E-04
 2.2700E+02	 8.8712E-04	 3.8123E-04
 2.2800E+02	 8.8774E-04	 3.8761E-04
 2.2900E+02	 8.8836E-04	 3.9403E-04
 2.3000E+02	 8.8898E-04	 4.0051E-04
 2.3100E+02	 8.8960E-04	 4.0703E-04
 2.3200E+02	 8.9022E-04	 4.1360E-04
 2.3300E+02	 8.9084E-04	 4.2021E-04
 2.3400E+02	 8.9146E-04	 4.2687E-04
 2.3500E+02	 8.9208E-04	 4.3358E-04
 2.3600E+02	 8.9270E-04	 4.4033E-04
 2.3700E+02	 8.9332E-04	 4.4713E-04
 2.3800E+02	 8.9394E-04	 4.5398E-04
 2.3900E+02	 8.9457E-04	 4.6086E-04
 2.4000E+02	 8.9519E-04	 4.6780E-04
 2.4100E+02	 8.9581E-04	 4.7478E-04
 2.4200E+02	 8.9643E-04	 4.8180E-04
 2.4300E+02	 8.9706E-04	 4.8886E-04
 2.4400E+02	 8.9768E-04	 4.9597E-04
 2.4500E+02	 8.9831E-04	 5.0312E-04
 2.4600E+02	 8.9893E-04	 5.1031E-04
 2.4700E+02	 8.9956E-04	 5.1754E-04
 2.4800E+02	 9.0018E-04	 5.2482E-04
 2.4900E+02	 9.0081E-04	 5.3214E-04
 2.5000E+02	 9.0143E-04	 5.3950E-04
 2.5100E+02	 9.0206E-04	 5.4689E-04
 2.5200E+02	 9.0269E-04	 5.5433E-04
 2.5300E+02	 9.0331E-04	 5.6181E-04
 2.5400E+02	 9.0394E-04	 5.6933E-04
 2.5500E+02	 9.0457E-04	 5.7689E-04
 2.5600E+02	 9.0520E-04	 5.8448E-04
 2.5700E+02	 9.0582E-04	 5.9211E-04
 2.5800E+02	 9.0645E-04	 5.9979E-04
 2.5900E+02	 9.0708E-04	 6.0750E-04
 2.6000E+02	 9.0771E-04	 6.1524E-04
 2.6100E+02	 9.0834E-04	 6.2303E-04
 2.6200E+02	 9.0897E-04	 6.3085E-04
 2.6300E+02	 9.0960E-04	 6.3870E-04
 2.6400E+02	 9.1023E-04	 6.4660E-04
 2.6500E+02	 9.1086E-04	 6.5452E-04
 2.6600E+02	 9.1149E-04	 6.6249E-04
 2.6700E+02	 9.1213E-04	 6.7049E-04
 2.6800E+02	 9.1276E-04	 6.7852E-04
 2.6900E+02	 9.1339E-04	 6.8658E-04
 2.7000E+02	 9.1402E-04	 6.9468E-04
 2.7100E+02	 9.1466E-04	 7.0282E-04
 2.7200E+02	 9.1529E-04	 7.1098E-04
 2.7300E+02	 9.1592E-04	 7.1918E-04
 2.7400E+02	 9.1656E-04	 7.2742E-04
 2.7500E+02	 9.1719E-04	 7.3568E-04
 2.7600E+02	 9.1782E-04	 7.4398E-04
 2.7700E+02	 9.1846E-04	 7.5230E-04
 2.7800E+02	 9.1909E-04	 7.6066E-04
 2.7900E+02	 9.1973E-04	 7.6905E-04
 2.8000E+02	 9.2037E-04	 7.7747E-04
 2.8100E+02	 9.2100E-04	 7.8592E-04
 2.8200E+02	 9.2164E-04	 7.9440E-04
 2.8300E+02	 9.2227E-04	 8.0290E-04
 2.8400E+02	 9.2291E-04	 8.1144E-04
 2.8500E+02	 9.2355E-04	 8.2001E-04
 2.8600E+02	 9.2418E-04	 8.2860E-04
 2.8700E+02	 9.2482E-04	 8.3722E-04
 2.8800E+02	 9.2546E-04	 8.4587E-04
 2.8900E+02	 9.2610E-04	 8.5455E-04
 2.9000E+02	 9.2674E-04	 8.6325E-04
 2.9100E+02	 9.2738E-04	 8.7198E-04
 2.9200E+02	 9.2801E-04	 8.8074E-04
 2.9300E+02	 9.2865E-04	 8.8953E-04
 2.9400E+02	 9.2929E-04	 8.9833E-04
 2.9500E+02	 9.2993E-04	 9.0717E-04
 2.9600E+02	 9.3057E-04	 9.1603E-04
 2.9700E+02	 9.3121E-04	 9.2491E-04
 2.9800E+02	 9.3185E-04	 9.3382E-04
 2.9900E+02	 9.3250E-04	 9.4276E-04
 3.0000E+02	 9.3314E-04	 9.5171E-04
 3.0100E+02	 9.3378E-04	 9.6069E-04
 3.0200E+02	 9.3442E-04	 9.6970E-04
 3.0300E+02	 9.3506E-04	 9.7873E-04
 3.0400E+02	 9.3570E-04	 9.8778E-04
 3.0500E+02	 9.3635E-04	 9.9685E-04
 3.0600E+02	 9.3699E-04	 1.0059E-03
 3.0700E+02	 9.3763E-04	 1.0151E-03
 3.0800E+02	 9.3827E-04	 1.0242E-03
 3.0900E+02	 9.3892E-04	 1.0334E-03
 3.1000E+02	 9.3956E-04	 1.0425E-03
 3.1100E+02	 9.4021E-04	 1.0517E-03
 3.1200E+02	 9.4085E-04	 1.0610E-03
 3.1300E+02	 9.4149E-04	 1.0702E-03
 3.1400E+02	 9.4214E-04	 1.0795E-03
 3.1500E+02	 9.4278E-04	 1.0887E-03
 3.1600E+02	 9.4343E-04	 1.0980E-03
 3.1700E+02	 9.4407E-04	 1.1074E-03
 3.1800E+02	 9.4472E-04	 1.1167E-03
 3.1900E+02	 9.4537E-04	 1.1261E-03
 3.2000E+02	 9.4601E-04	 1.1354E-03
 3.2100E+02	 9.4666E-04	 1.1448E-03
 3.2200E+02	 9.4731E-04	 1.1542E-03
 3.2300E+02	 9.4795E-04	 1.1637E-03
 3.2400E+02	 9.4860E-04	 1.1731E-03
 3.2500E+02	 9.4925E-04	 1.1826E-03
 3.2600E+02	 9.4989E-04	 1.1921E-03
 3.2700E+02	 9.5054E-04	 1.2015E-03
 3.2800E+02	 9.5119E-04	 1.2111E-03
 3.2900E+02	 9.5184E-04	 1.2206E-03
 3.3000E+02	 9.5249E-04	 1.2301E-03
 3.3100E+02	 9.5313E-04	 1.2397E-03
 3.3200E+02	 9.5378E-04	 1.2493E-03
 3.3300E+02	 9.5443E-04	 1.2588E-03
 3.3400E+02	 9.5508E-04	 1.2684E-03
 3.3500E+02	 9.5573E-04	 1.2781E-03
 3.3600E+02	 9.5638E-04	 1.2877E-03
 3.3700E+02	 9.5703E-04	 1.2973E-03
 3.3800E+02	 9.5768E-04	 1.3070E-03
 3.3900E+02	 9.5833E-04	 1.3167E-03
 3.4000E+02	 9.5898E-04	 1.3264E-03
 3.4100E+02	 9.5963E-04	 1.3361E-03
 3.4200E+02	 9.6028E-04	 1.3458E-03
 3.4300E+02	 9.6093E-04	 1.3555E-03
 3.4400E+02	 9.6158E-04	 1.3652E-03
 3.4500E+02	 9.6223E-04	 1.3750E-03
 3.4600E+02	 9.6288E-04	 1.3847E-03
 3.4700E+02	 9.6353E-04	 1.3945E-03
 3.4800E+02	 9.6418E-04	 1.4043E-03
 3.4900E+02	 9.6483E-04	 1.4141E-03
 3.5000E+02	 9.6548E-04	 1.4239E-03
 3.5100E+02	 9.6614E-04	 1.4337E-03
 3.5200E+02	 9.6679E-04	 1.4435E-03
 3.5300E+02	 9.6744E-04	 1.4534E-03
 3.5400E+02	 9.6809E-04	 1.4632E-03
 3.5500E+02	 9.6874E-04	 1.4731E-03
 3.5600E+02	 9.6940E-04	 1.4829E-03
 3.5700E+02	 9.7005E-04	 1.4928E-03
 3.5800E+02	 9.7070E-04	 1.5027E-03
 3.5900E+02	 9.7135E-04	 1.5126E-03
 3.6000E+02	 9.7201E-04	 1.5225E-03
 3.6100E+02	 9.7266E-04	 1.5324E-03
 3.6200E+02	 9.7331E-04	 1.5423E-03
 3.6300E+02	 9.7397E-04	 1.5523E-03
 3.6400E+02	 9.7462E-04	 1.5622E-03
 3.6500E+02	 9.7527E-04	 1.5721E-03
 3.6600E+02	 9.7593E-04	 1.5821E-03
 3.6700E+02	 9.7658E-04	 1.5921E-03
 3.6800E+02	 9.7724E-04	 1.6020E-03
 3.6900E+02	 9.7789E-04	 1.6120E-03
 3.7000E+02	 9.7854E-04	 1.6220E-03
 3.7100E+02	 9.7920E-04	 1.6320E-03
 3.7200E+02	 9.7985E-04	 1.6420E-03
 3.7300E+02	 9.8051E-04	 1.6520E-03
 3.7400E+02	 9.8116E-04	 1.6620E-03
 3.7500E+02	 9.8182E-04	 1.6720E-03
 3.7600E+02	 9.8247E-04	 1.6820E-03
 3.7700E+02	 9.8313E-04	 1.6920E-03
 3.7800E+02	 9.8378E-04	 1.7021E-03
 3.7900E+02	 9.8444E-04	 1.7121E-03
 3.8000E+02	 9.8510E-04	 1.7222E-03
 3.8100E+02	 9.8575E-04	 1.7322E-03
 3.8200E+02	 9.8641E-04	 1.7423E-03
 3.8300E+02	 9.8706E-04	 1.7523E-03
 3.8400E+02	 9.8772E-04	 1.7624E-03
 3.8500E+02	 9.8838E-04	 1.7725E-03
 3.8600E+02	 9.8903E-04	 1.7825E-03
 3.8700E+02	 9.8969E-04	 1.7926E-03
 3.8800E+02	 9.9035E-04	 1.8027E-03
 3.8900E+02	 9.9100E-04	 1.8128E-03
 3.9000E+02	 9.9166E-04	 1.8229E-03
 3.9100E+02	 9.9232E-04	 1.8330E-03
 3.9200E+02	 9.9297E-04	 1.8431E-03
 3.9300E+02	 9.9363E-04	 1.8532E-03
 3.9400E+02	 9.9429E-04	 1.8633E-03
 3.9500E+02	 9.9494E-04	 1.8734E-03
 3.9600E+02	 9.9560E-04	 1.8835E-03
 3.9700E+02	 9.9626E-04	 1.8936E-03
 3.9800E+02	 9.9692E-04	 1.9037E-03
 3.9900E+02	 9.9757E-04	 1.9138E-03
 4.0000E+02	 9.9823E-04	 1.9240E-03
 4.0100E+02	 9.9889E-04	 1.9341E-03
 4.0200E+02	 9.9955E-04	 1.9442E-03
 4.0300E+02	 1.0002E-03	 1.9543E-03
 4.0400E+02	 1.0009E-03	 1.9645E-03
 4.0500E+02	 1.0015E-03	 1.9746E-03
 4.0600E+02	 1.0022E-03	 1.9847E-03
 4.0700E+02	 1.0028E-03	 1.9949E-03
 4.0800E+02	 1.0035E-03	 2.0050E-03
 4.0900E+02	 1.0042E-03	 2.0151E-03
 4.1000E+02	 1.0048E-03	 2.0253E-03
 4.1100E+02	 1.0055E-03	 2.0354E-03
 4.1200E+02	 1.0061E-03	 2.0456E-03
 4.1300E+02	 1.0068E-03	 2.0557E-03
 4.1400E+02	 1.0075E-03	 2.0658E-03
 4.1500E+02	 1.0081E-03	 2.0760E-03
 4.1600E+02	 1.0088E-03	 2.0861E-03
 4.1700E+02	 1.0094E-03	 2.0963E-03
 4.1800E+02	 1.0101E-03	 2.1064E-03
 4.1900E+02	 1.0108E-03	 2.1166E-03
 4.2000E+02	 1.0114E-03	 2.1267E-03
 4.2100E+02	 1.0121E-03	 2.1368E-03
 4.2200E+02	 1.0127E-03	 2.1470E-03
 4.2300E+02	 1.0134E-03	 2.1571E-03
 4.2400E+02	 1.0141E-03	 2.1673E-03
 4.2500E+02	 1.0147E-03	 2.1774E-03
 4.2600E+02	 1.0154E-03	 2.1876E-03
 4.2700E+02	 1.0160E-03	 2.1977E-03
 4.2800E+02	 1.0167E-03	 2.2078E-03
 4.2900E+02	 1.0174E-03	 2.2180E-03
 4.3000E+02	 1.0180E-03	 2.2281E-03
 4.3100E+02	 1.0187E-03	 2.2383E-03
 4.3200E+02	 1.0193E-03	 2.2484E-03
 4.3300E+02	 1.0200E-03	 2.2585E-03
 4.3400E+02	 1.0207E-03	 2.2687E-03
 4.3500E+02	 1.0213E-03	 2.2788E-03
 4.3600E+02	 1.0220E-03	 2.2889E-03
 4.3700E+02	 1.0226E-03	 2.2991E-03
 4.3800E+02	 1.0233E-03	 2.3092E-03
 4.3900E+02	 1.0240E-03	 2.3193E-03
 4.4000E+02	 1.0246E-03	 2.3294E-03
 4.4100E+02	 1.0253E-03	 2.3396E-03
 4.4200E+02	 1.0259E-03	 2.3497E-03
 4.4300E+02	 1.0266E-03	 2.3598E-03
 4.4400E+02	 1.0273E-03	 2.3699E-03
 4.4500E+02	 1.0279E-03	 2.3800E-03
 4.4600E+02	 1.0286E-03	 2.3901E-03
 4.4700E+02	 1.0293E-03	 2.4002E-03
 4.4800E+02	 1.0299E-03	 2.4103E-03
 4.4900E+02	 1.0306E-03	 2.4204E-03
 4.5000E+02	 1.0312E-03	 2.4305E-03
 4.5100E+02	 1.0319E-03	 2.4406E-03
 4.5200E+02	 1.0326E-03	 2.4507E-03
 4.5300E+02	 1.0332E-03	 2.4608E-03
 4.5400E+02	 1.0339E-03	 2.4709E-03
 4.5500E+02	 1.0345E-03	 2.4810E-03
 4.5600E+02	 1.0352E-03	 2.4911E-03
 4.5700E+02	 1.0359E-03	 2.5012E-03
 4.5800E+02	 1.0365E-03	 2.5112E-03
 4.5900E+02	 1.0372E-03	 2.5213E-03
 4.6000E+02	 1.0379E-03	 2.5314E-03
 4.6100E+02	 1.0385E-03	 2.5414E-03
 4.6200E+02	 1.0392E-03	 2.5515E-03
 4.6300E+02	 1.0398E-03	 2.5616E-03
 4.6400E+02	 1.0405E-03	 2.5716E-03
 4.6500E+02	 1.0412E-03	 2.5817E-03
 4.6600E+02	 1.0418E-03	 2.5917E-03
 4.6700E+02	 1.0425E-03	 2.6017E-03
 4.6800E+02	 1.0432E-03	 2.6118E-03
 4.6900E+02	 1.0438E-03	 2.6218E-03
 4.7000E+02	 1.0445E-03	 2.6318E-03
 4.7100E+02	 1.0451E-03	 2.6419E-03
 4.7200E+02	 1.0458E-03	 2.6519E-03
 4.7300E+02	 1.0465E-03	 2.6619E-03
 4.7400E+02	 1.0471E-03	 2.6719E-03
 4.7500E+02	 1.0478E-03	 2.6819E-03
 4.7600E+02	 1.0485E-03	 2.6919E-03
 4.7700E+02	 1.0491E-03	 2.7019E-03
 4.7800E+02	 1.0498E-03	 2.7119E-03
 4.7900E+02	 1.0505E-03	 2.7219E-03
 4.8000E+02	 1.0511E-03	 2.7319E-03
 4.8100E+02	 1.0518E-03	 2.7419E-03
 4.8200E+02	 1.0524E-03	 2.7518E-03
 4.8300E+02	 1.0531E-03	 2.7618E-03
 4.8400E+02	 1.0538E-03	 2.7718E-03
 4.8500E+02	 1.0544E-03	 2.7817E-03
 4.8600E+02	 1.0551E-03	 2.7917E-03
 4.8700E+02	 1.0558E-03	 2.8016E-03
 4.8800E+02	 1.0564E-03	 2.8116E-03
 4.8900E+02	 1.0571E-03	 2.8215E-03
 4.9000E+02	 1.0578E-03	 2.8314E-03
 4.9100E+02	 1.0584E-03	 2.8414E-03
 4.9200E+02	 1.0591E-03	 2.8513E-03
 4.9300E+02	 1.0597E-03	 2.8612E-03
 4.9400E+02	 1.0604E-03	 2.8711E-03
 4.9500E+02	 1.0611E-03	 2.8810E-03
 4.9600E+02	 1.0617E-03	 2.8909E-03
 4.9700E+02	 1.0624E-03	 2.9008E-03
 4.9800E+02	 1.0631E-03	 2.9107E-03
 4.9900E+02	 1.0637E-03	 2.9206E-03
 5.0000E+02	 1.0644E-03	 2.9304E-03
 5.0100E+02	 1.0651E-03	 2.9403E-03
 5.0200E+02	 1.0657E-03	 2.9502E-03
 5.0300E+02	 1.0664E-03	 2.9600E-03
 5.0400E+02	 1.0670E-03	 2.9699E-03
 5.0500E+02	 1.0677E-03	 2.9797E-03
 5.0600E+02	 1.0684E-03	 2.9896E-03
 5.0700E+02	 1.0690E-03	 2.9994E-03
 5.0800E+02	 1.0697E-03	 3.0092E-03
 5.0900E+02	 1.0704E-03	 3.0190E-03
 5.1000E+02	 1.0710E-03	 3.0289E-03
 5.1100E+02	 1.0706E-03	 3.0356E-03
 5.1200E+02	 1.0713E-03	 3.0454E-03
 5.1300E+02	 1.0719E-03	 3.0552E-03
 5.1400E+02	 1.0726E-03	 3.0650E-03
 5.1500E+02	 1.0733E-03	 3.0747E-03
 5.1600E+02	 1.0739E-03	 3.0845E-03
 5.1700E+02	 1.0746E-03	 3.0942E-03
 5.1800E+02	 1.0752E-03	 3.1040E-03
 5.1900E+02	 1.0759E-03	 3.1137E-03
 5.2000E+02	 1.0766E-03	 3.1235E-03
 5.2100E+02	 1.0772E-03	 3.1332E-03
 5.2200E+02	 1.0779E-03	 3.1429E-03
 5.2300E+02	 1.0785E-03	 3.1526E-03
 5.2400E+02	 1.0792E-03	 3.1623E-03
 5.2500E+02	 1.0799E-03	 3.1720E-03
 5.2600E+02	 1.0805E-03	 3.1817E-03
 5.2700E+02	 1.0812E-03	 3.1914E-03
 5.2800E+02	 1.0818E-03	 3.2011E-03
 5.2900E+02	 1.0825E-03	 3.2107E-03
 5.3000E+02	 1.0832E-03	 3.2204E-03
 5.3100E+02	 1.0838E-03	 3.2301E-03
 5.3200E+02	 1.0845E-03	 3.2397E-03
 5.3300E+02	 1.0851E-03	 3.2494E-03
 5.3400E+02	 1.0858E-03	 3.2590E-03
 5.3500E+02	 1.0865E-03	 3.2686E-03
 5.3600E+02	 1.0871E-03	 3.2782E-03
 5.3700E+02	 1.0878E-03	 3.2879E-03
 5.3800E+02	 1.0885E-03	 3.2975E-03
 5.3900E+02	 1.0891E-03	 3.3071E-03
 5.4000E+02	 1.0898E-03	 3.3167E-03
 5.4100E+02	 1.0904E-03	 3.3262E-03
 5.4200E+02	 1.0911E-03	 3.3358E-03
 5.4300E+02	 1.0918E-03	 3.3454E-03
 5.4400E+02	 1.0924E-03	 3.3550E-03
 5.4500E+02	 1.0931E-03	 3.3645E-03
 5.4600E+02	 1.0937E-03	 3.3741E-03
 5.4700E+02	 1.0944E-03	 3.3836E-03
 5.4800E+02	 1.0951E-03	 3.3931E-03
 5.4900E+02	 1.0957E-03	 3.4027E-03
 5.5000E+02	 1.0964E-03	 3.4122E-03
 5.5100E+02	 1.0970E-03	 3.4217E-03
 5.5200E+02	 1.0977E-03	 3.4312E-03
 5.5300E+02	 1.0984E-03	 3.4407E-03
 5.5400E+02	 1.0990E-03	 3.4502E-03
 5.5500E+02	 1.0997E-03	 3.4597E-03
 5.5600E+02	 1.1003E-03	 3.4691E-03
 5.5700E+02	 1.1010E-03	 3.4786E-03
 5.5800E+02	 1.1017E-03	 3.4881E-03
 5.5900E+02	 1.1023E-03	 3.4975E-03
 5.6000E+02	 1.1030E-03	 3.5070E-03
 5.6100E+02	 1.1036E-03	 3.5164E-03
 5.6200E+02	 1.1043E-03	 3.5258E-03
 5.6300E+02	 1.1050E-03	 3.5352E-03
 5.6400E+02	 1.1056E-03	 3.5446E-03
 5.6500E+02	 1.1063E-03	 3.5541E-03
 5.6600E+02	 1.1069E-03	 3.5634E-03
 5.6700E+02	 1.1076E-03	 3.5728E-03
 5.6800E+02	 1.1083E-03	 3.5822E-03
 5.6900E+02	 1.1089E-03	 3.5916E-03
 5.7000E+02	 1.1096E-03	 3.6010E-03
 5.7100E+02	 1.1102E-03	 3.6103E-03
 5.7200E+02	 1.1109E-03	 3.6197E-03
 5.7300E+02	 1.1116E-03	 3.6290E-03
 5.7400E+02	 1.1122E-03	 3.6383E-03
 5.7500E+02	 1.1129E-03	 3.6477E-03
 5.7600E+02	 1.1135E-03	 3.6570E-03
 5.7700E+02	 1.1142E-03	 3.6663E-03
 5.7800E+02	 1.1149E-03	 3.6756E-03
 5.7900E+02	 1.1155E-03	 3.6849E-03
 5.8000E+02	 1.1162E-03	 3.6942E-03
 5.8100E+02	 1.1168E-03	 3.7035E-03
 5.8200E+02	 1.1175E-03	 3.7127E-03
 5.8300E+02	 1.1182E-03	 3.7220E-03
 5.8400E+02	 1.1188E-03	 3.7312E-03
 5.8500E+02	 1.1195E-03	 3.7405E-03
 5.8600E+02	 1.1201E-03	 3.7497E-03
 5.8700E+02	 1.1208E-03	 3.7590E-03
 5.8800E+02	 1.1215E-03	 3.7682E-03
 5.8900E+02	 1.1221E-03	 3.7774E-03
 5.9000E+02	 1.1228E-03	 3.7866E-03
 5.9100E+02	 1.1234E-03	 3.7958E-03
 5.9200E+02	 1.1241E-03	 3.8050E-03
 5.9300E+02	 1.1248E-03	 3.8142E-03
 5.9400E+02	 1.1254E-03	 3.8233E-03
 5.9500E+02	 1.1261E-03	 3.8325E-03
 5.9600E+02	 1.1267E-03	 3.8417E-03
 5.9700E+02	 1.1274E-03	 3.8508E-03
 5.9800E+02	 1.1281E-03	 3.8599E-03
 5.9900E+02	 1.1287E-03	 3.8691E-03


