#     0	 1	   18	 3	 9.4401E+02	  500	1
 1.0000E+02	 1.3571E-03	 4.3197E-06
 1.0100E+02	 1.3573E-03	 4.7201E-06
 1.0200E+02	 1.3575E-03	 5.1484E-06
 1.0300E+02	 1.3577E-03	 5.6059E-06
 1.0400E+02	 1.3579E-03	 6.0937E-06
 1.0500E+02	 1.3581E-03	 6.6132E-06
 1.0600E+02	 1.3584E-03	 7.1657E-06
 1.0700E+02	 1.3586E-03	 7.7523E-06
 1.0800E+02	 1.3588E-03	 8.3744E-06
 1.0900E+02	 1.3590E-03	 9.0333E-06
 1.1000E+02	 1.3592E-03	 9.7302E-06
 1.1100E+02	 1.3594E-03	 1.0466E-05
 1.1200E+02	 1.3596E-03	 1.1243E-05
 1.1300E+02	 1.3598E-03	 1.2062E-05
 1.1400E+02	 1.3600E-03	 1.2924E-05
 1.1500E+02	 1.3602E-03	 1.3831E-05
 1.1600E+02	 1.3604E-03	 1.4783E-05
 1.1700E+02	 1.3606E-03	 1.5782E-05
 1.1800E+02	 1.3608E-03	 1.6830E-05
 1.1900E+02	 1.3610E-03	 1.7927E-05
 1.2000E+02	 1.3613E-03	 1.9076E-05
 1.2100E+02	 1.3615E-03	 2.0276E-05
 1.2200E+02	 1.3617E-03	 2.1529E-05
 1.2300E+02	 1.3619E-03	 2.2837E-05
 1.2400E+02	 1.3621E-03	 2.4201E-05
 1.2500E+02	 1.3623E-03	 2.5622E-05
 1.2600E+02	 1.3625E-03	 2.7100E-05
 1.2700E+02	 1.3627E-03	 2.8638E-05
 1.2800E+02	 1.3629E-03	 3.0236E-05
 1.2900E+02	 1.3631E-03	 3.1896E-05
 1.3000E+02	 1.3633E-03	 3.3618E-05
 1.3100E+02	 1.3636E-03	 3.5404E-05
 1.3200E+02	 1.3638E-03	 3.7254E-05
 1.3300E+02	 1.3640E-03	 3.9170E-05
 1.3400E+02	 1.3642E-03	 4.1153E-05
 1.3500E+02	 1.3644E-03	 4.3203E-05
 1.3600E+02	 1.3646E-03	 4.5322E-05
 1.3700E+02	 1.3648E-03	 4.7510E-05
 1.3800E+02	 1.3650E-03	 4.9769E-05
 1.3900E+02	 1.3652E-03	 5.2099E-05
 1.4000E+02	 1.3655E-03	 5.4502E-05
 1.4100E+02	 1.3657E-03	 5.6977E-05
 1.4200E+02	 1.3659E-03	 5.9527E-05
 1.4300E+02	 1.3661E-03	 6.2150E-05
 1.4400E+02	 1.3663E-03	 6.4850E-05
 1.4500E+02	 1.3665E-03	 6.7625E-05
 1.4600E+02	 1.3667E-03	 7.0477E-05
 1.4700E+02	 1.3669E-03	 7.3407E-05
 1.4800E+02	 1.3671E-03	 7.6415E-05
 1.4900E+02	 1.3674E-03	 7.9501E-05
 1.5000E+02	 1.3676E-03	 8.2667E-05
 1.5100E+02	 1.3678E-03	 8.5913E-05
 1.5200E+02	 1.3680E-03	 8.9239E-05
 1.5300E+02	 1.3682E-03	 9.2646E-05
 1.5400E+02	 1.3684E-03	 9.6134E-05
 1.5500E+02	 1.3686E-03	 9.9705E-05
 1.5600E+02	 1.3689E-03	 1.0336E-04
 1.5700E+02	 1.3691E-03	 1.0709E-04
 1.5800E+02	 1.3693E-03	 1.1091E-04
 1.5900E+02	 1.3695E-03	 1.1481E-04
 1.6000E+02	 1.3697E-03	 1.1880E-04
 1.6100E+02	 1.3699E-03	 1.2287E-04
 1.6200E+02	 1.3701E-03	 1.2703E-04
 1.6300E+02	 1.3704E-03	 1.3126E-04
 1.6400E+02	 1.3706E-03	 1.3559E-04
 1.6500E+02	 1.3708E-03	 1.4000E-04
 1.6600E+02	 1.3710E-03	 1.4449E-04
 1.6700E+02	 1.3712E-03	 1.4907E-04
 1.6800E+02	 1.3714E-03	 1.5374E-04
 1.6900E+02	 1.3716E-03	 1.5849E-04
 1.7000E+02	 1.3719E-03	 1.6333E-04
 1.7100E+02	 1.3721E-03	 1.6825E-04
 1.7200E+02	 1.3723E-03	 1.7326E-04
 1.7300E+02	 1.3725E-03	 1.7836E-04
 1.7400E+02	 1.3727E-03	 1.8354E-04
 1.7500E+02	 1.3729E-03	 1.8880E-04
 1.7600E+02	 1.3731E-03	 1.9416E-04
 1.7700E+02	 1.3734E-03	 1.9959E-04
 1.7800E+02	 1.3736E-03	 2.0512E-04
 1.7900E+02	 1.3738E-03	 2.1073E-04
 1.8000E+02	 1.3740E-03	 2.1643E-04
 1.8100E+02	 1.3742E-03	 2.2221E-04
 1.8200E+02	 1.3744E-03	 2.2807E-04
 1.8300E+02	 1.3747E-03	 2.3403E-04
 1.8400E+02	 1.3749E-03	 2.4006E-04
 1.8500E+02	 1.3751E-03	 2.4618E-04
 1.8600E+02	 1.3753E-03	 2.5239E-04
 1.8700E+02	 1.3755E-03	 2.5868E-04
 1.8800E+02	 1.3757E-03	 2.6505E-04
 1.8900E+02	 1.3760E-03	 2.7151E-04
 1.9000E+02	 1.3762E-03	 2.7805E-04
 1.9100E+02	 1.3764E-03	 2.8468E-04
 1.9200E+02	 1.3766E-03	 2.9139E-04
 1.9300E+02	 1.3768E-03	 2.9818E-04
 1.9400E+02	 1.3770E-03	 3.0505E-04
 1.9500E+02	 1.3773E-03	 3.1200E-04
 1.9600E+02	 1.3775E-03	 3.1904E-04
 1.9700E+02	 1.3777E-03	 3.2615E-04
 1.9800E+02	 1.3779E-03	 3.3335E-04
 1.9900E+02	 1.3781E-03	 3.4063E-04
 2.0000E+02	 1.3783E-03	 3.4799E-04
 2.0100E+02	 1.3786E-03	 3.5542E-04
 2.0200E+02	 1.3788E-03	 3.6294E-04
 2.0300E+02	 1.3790E-03	 3.7053E-04
 2.0400E+02	 1.3792E-03	 3.7821E-04
 2.0500E+02	 1.3794E-03	 3.8596E-04
 2.0600E+02	 1.3796E-03	 3.9379E-04
 2.0700E+02	 1.3799E-03	 4.0169E-04
 2.0800E+02	 1.3801E-03	 4.0967E-04
 2.0900E+02	 1.3803E-03	 4.1773E-04
 2.1000E+02	 1.3805E-03	 4.2586E-04
 2.1100E+02	 1.3807E-03	 4.3407E-04
 2.1200E+02	 1.3809E-03	 4.4235E-04
 2.1300E+02	 1.3812E-03	 4.5070E-04
 2.1400E+02	 1.3814E-03	 4.5913E-04
 2.1500E+02	 1.3816E-03	 4.6763E-04
 2.1600E+02	 1.3818E-03	 4.7620E-04
 2.1700E+02	 1.3820E-03	 4.8484E-04
 2.1800E+02	 1.3823E-03	 4.9356E-04
 2.1900E+02	 1.3825E-03	 5.0234E-04
 2.2000E+02	 1.3827E-03	 5.1120E-04
 2.2100E+02	 1.3829E-03	 5.2012E-04
 2.2200E+02	 1.3831E-03	 5.2911E-04
 2.2300E+02	 1.3833E-03	 5.3817E-04
 2.2400E+02	 1.3836E-03	 5.4730E-04
 2.2500E+02	 1.3838E-03	 5.5650E-04
 2.2600E+02	 1.3840E-03	 5.6576E-04
 2.2700E+02	 1.3842E-03	 5.7508E-04
 2.2800E+02	 1.3844E-03	 5.8448E-04
 2.2900E+02	 1.3847E-03	 5.9393E-04
 2.3000E+02	 1.3849E-03	 6.0345E-04
 2.3100E+02	 1.3851E-03	 6.1304E-04
 2.3200E+02	 1.3853E-03	 6.2268E-04
 2.3300E+02	 1.3855E-03	 6.3239E-04
 2.3400E+02	 1.3857E-03	 6.4216E-04
 2.3500E+02	 1.3860E-03	 6.5199E-04
 2.3600E+02	 1.3862E-03	 6.6188E-04
 2.3700E+02	 1.3864E-03	 6.7183E-04
 2.3800E+02	 1.3866E-03	 6.8184E-04
 2.3900E+02	 1.3868E-03	 6.9191E-04
 2.4000E+02	 1.3871E-03	 7.0203E-04
 2.4100E+02	 1.3873E-03	 7.1221E-04
 2.4200E+02	 1.3875E-03	 7.2245E-04
 2.4300E+02	 1.3877E-03	 7.3275E-04
 2.4400E+02	 1.3879E-03	 7.4310E-04
 2.4500E+02	 1.3881E-03	 7.5350E-04
 2.4600E+02	 1.3884E-03	 7.6396E-04
 2.4700E+02	 1.3886E-03	 7.7447E-04
 2.4800E+02	 1.3888E-03	 7.8503E-04
 2.4900E+02	 1.3890E-03	 7.9565E-04
 2.5000E+02	 1.3892E-03	 8.0632E-04
 2.5100E+02	 1.3895E-03	 8.1704E-04
 2.5200E+02	 1.3897E-03	 8.2780E-04
 2.5300E+02	 1.3899E-03	 8.3862E-04
 2.5400E+02	 1.3901E-03	 8.4949E-04
 2.5500E+02	 1.3903E-03	 8.6040E-04
 2.5600E+02	 1.3905E-03	 8.7137E-04
 2.5700E+02	 1.3908E-03	 8.8238E-04
 2.5800E+02	 1.3910E-03	 8.9343E-04
 2.5900E+02	 1.3912E-03	 9.0454E-04
 2.6000E+02	 1.3914E-03	 9.1568E-04
 2.6100E+02	 1.3916E-03	 9.2688E-04
 2.6200E+02	 1.3919E-03	 9.3811E-04
 2.6300E+02	 1.3921E-03	 9.4939E-04
 2.6400E+02	 1.3923E-03	 9.6072E-04
 2.6500E+02	 1.3925E-03	 9.7208E-04
 2.6600E+02	 1.3927E-03	 9.8349E-04
 2.6700E+02	 1.3930E-03	 9.9494E-04
 2.6800E+02	 1.3932E-03	 1.0064E-03
 2.6900E+02	 1.3934E-03	 1.0180E-03
 2.7000E+02	 1.3936E-03	 1.0295E-03
 2.7100E+02	 1.3938E-03	 1.0411E-03
 2.7200E+02	 1.3940E-03	 1.0528E-03
 2.7300E+02	 1.3943E-03	 1.0645E-03
 2.7400E+02	 1.3945E-03	 1.0762E-03
 2.7500E+02	 1.3947E-03	 1.0879E-03
 2.7600E+02	 1.3949E-03	 1.0997E-03
 2.7700E+02	 1.3951E-03	 1.1115E-03
 2.7800E+02	 1.3954E-03	 1.1234E-03
 2.7900E+02	 1.3956E-03	 1.1353E-03
 2.8000E+02	 1.3958E-03	 1.1472E-03
 2.8100E+02	 1.3960E-03	 1.1592E-03
 2.8200E+02	 1.3962E-03	 1.1712E-03
 2.8300E+02	 1.3965E-03	 1.1832E-03
 2.8400E+02	 1.3967E-03	 1.1953E-03
 2.8500E+02	 1.3969E-03	 1.2073E-03
 2.8600E+02	 1.3971E-03	 1.2195E-03
 2.8700E+02	 1.3973E-03	 1.2316E-03
 2.8800E+02	 1.3975E-03	 1.2438E-03
 2.8900E+02	 1.3978E-03	 1.2560E-03
 2.9000E+02	 1.3980E-03	 1.2682E-03
 2.9100E+02	 1.3982E-03	 1.2805E-03
 2.9200E+02	 1.3984E-03	 1.2928E-03
 2.9300E+02	 1.3986E-03	 1.3051E-03
 2.9400E+02	 1.3989E-03	 1.3174E-03
 2.9500E+02	 1.3991E-03	 1.3298E-03
 2.9600E+02	 1.3993E-03	 1.3422E-03
 2.9700E+02	 1.3995E-03	 1.3546E-03
 2.9800E+02	 1.3997E-03	 1.3670E-03
 2.9900E+02	 1.4000E-03	 1.3795E-03
 3.0000E+02	 1.4002E-03	 1.3920E-03
 3.0100E+02	 1.4004E-03	 1.4045E-03
 3.0200E+02	 1.4006E-03	 1.4170E-03
 3.0300E+02	 1.4008E-03	 1.4296E-03
 3.0400E+02	 1.4010E-03	 1.4422E-03
 3.0500E+02	 1.4013E-03	 1.4548E-03
 3.0600E+02	 1.4015E-03	 1.4674E-03
 3.0700E+02	 1.4017E-03	 1.4800E-03
 3.0800E+02	 1.4019E-03	 1.4927E-03
 3.0900E+02	 1.4021E-03	 1.5053E-03
 3.1000E+02	 1.4024E-03	 1.5180E-03
 3.1100E+02	 1.4026E-03	 1.5307E-03
 3.1200E+02	 1.4028E-03	 1.5435E-03
 3.1300E+02	 1.4030E-03	 1.5562E-03
 3.1400E+02	 1.4032E-03	 1.5690E-03
 3.1500E+02	 1.4034E-03	 1.5817E-03
 3.1600E+02	 1.4037E-03	 1.5945E-03
 3.1700E+02	 1.4039E-03	 1.6073E-03
 3.1800E+02	 1.4041E-03	 1.6202E-03
 3.1900E+02	 1.4043E-03	 1.6330E-03
 3.2000E+02	 1.4045E-03	 1.6458E-03
 3.2100E+02	 1.4048E-03	 1.6587E-03
 3.2200E+02	 1.4050E-03	 1.6716E-03
 3.2300E+02	 1.4052E-03	 1.6845E-03
 3.2400E+02	 1.4054E-03	 1.6974E-03
 3.2500E+02	 1.4056E-03	 1.7103E-03
 3.2600E+02	 1.4058E-03	 1.7232E-03
 3.2700E+02	 1.4061E-03	 1.7362E-03
 3.2800E+02	 1.4063E-03	 1.7491E-03
 3.2900E+02	 1.4065E-03	 1.7621E-03
 3.3000E+02	 1.4067E-03	 1.7750E-03
 3.3100E+02	 1.4069E-03	 1.7880E-03
 3.3200E+02	 1.4072E-03	 1.8010E-03
 3.3300E+02	 1.4074E-03	 1.8140E-03
 3.3400E+02	 1.4076E-03	 1.8270E-03
 3.3500E+02	 1.4078E-03	 1.8400E-03
 3.3600E+02	 1.4080E-03	 1.8530E-03
 3.3700E+02	 1.4082E-03	 1.8660E-03
 3.3800E+02	 1.4085E-03	 1.8791E-03
 3.3900E+02	 1.4087E-03	 1.8921E-03
 3.4000E+02	 1.4089E-03	 1.9052E-03
 3.4100E+02	 1.4091E-03	 1.9182E-03
 3.4200E+02	 1.4093E-03	 1.9313E-03
 3.4300E+02	 1.4096E-03	 1.9443E-03
 3.4400E+02	 1.4098E-03	 1.9574E-03
 3.4500E+02	 1.4100E-03	 1.9705E-03
 3.4600E+02	 1.4102E-03	 1.9836E-03
 3.4700E+02	 1.4104E-03	 1.9967E-03
 3.4800E+02	 1.4106E-03	 2.0097E-03
 3.4900E+02	 1.4109E-03	 2.0228E-03
 3.5000E+02	 1.4111E-03	 2.0359E-03
 3.5100E+02	 1.4113E-03	 2.0490E-03
 3.5200E+02	 1.4115E-03	 2.0621E-03
 3.5300E+02	 1.4117E-03	 2.0752E-03
 3.5400E+02	 1.4119E-03	 2.0883E-03
 3.5500E+02	 1.4122E-03	 2.1014E-03
 3.5600E+02	 1.4124E-03	 2.1145E-03
 3.5700E+02	 1.4126E-03	 2.1276E-03
 3.5800E+02	 1.4128E-03	 2.1407E-03
 3.5900E+02	 1.4130E-03	 2.1538E-03
 3.6000E+02	 1.4132E-03	 2.1669E-03
 3.6100E+02	 1.4135E-03	 2.1800E-03
 3.6200E+02	 1.4137E-03	 2.1932E-03
 3.6300E+02	 1.4139E-03	 2.2063E-03
 3.6400E+02	 1.4141E-03	 2.2194E-03
 3.6500E+02	 1.4143E-03	 2.2325E-03
 3.6600E+02	 1.4145E-03	 2.2456E-03
 3.6700E+02	 1.4148E-03	 2.2587E-03
 3.6800E+02	 1.4150E-03	 2.2718E-03
 3.6900E+02	 1.4152E-03	 2.2849E-03
 3.7000E+02	 1.4154E-03	 2.2980E-03
 3.7100E+02	 1.4156E-03	 2.3110E-03
 3.7200E+02	 1.4158E-03	 2.3241E-03
 3.7300E+02	 1.4160E-03	 2.3372E-03
 3.7400E+02	 1.4163E-03	 2.3503E-03
 3.7500E+02	 1.4165E-03	 2.3634E-03
 3.7600E+02	 1.4167E-03	 2.3764E-03
 3.7700E+02	 1.4169E-03	 2.3895E-03
 3.7800E+02	 1.4171E-03	 2.4026E-03
 3.7900E+02	 1.4173E-03	 2.4156E-03
 3.8000E+02	 1.4176E-03	 2.4287E-03
 3.8100E+02	 1.4178E-03	 2.4417E-03
 3.8200E+02	 1.4180E-03	 2.4548E-03
 3.8300E+02	 1.4182E-03	 2.4678E-03
 3.8400E+02	 1.4184E-03	 2.4808E-03
 3.8500E+02	 1.4186E-03	 2.4939E-03
 3.8600E+02	 1.4188E-03	 2.5069E-03
 3.8700E+02	 1.4191E-03	 2.5199E-03
 3.8800E+02	 1.4193E-03	 2.5329E-03
 3.8900E+02	 1.4195E-03	 2.5459E-03
 3.9000E+02	 1.4197E-03	 2.5589E-03
 3.9100E+02	 1.4199E-03	 2.5719E-03
 3.9200E+02	 1.4201E-03	 2.5849E-03
 3.9300E+02	 1.4204E-03	 2.5978E-03
 3.9400E+02	 1.4206E-03	 2.6108E-03
 3.9500E+02	 1.4208E-03	 2.6237E-03
 3.9600E+02	 1.4210E-03	 2.6367E-03
 3.9700E+02	 1.4212E-03	 2.6496E-03
 3.9800E+02	 1.4214E-03	 2.6626E-03
 3.9900E+02	 1.4216E-03	 2.6755E-03
 4.0000E+02	 1.4219E-03	 2.6884E-03
 4.0100E+02	 1.4221E-03	 2.7013E-03
 4.0200E+02	 1.4223E-03	 2.7142E-03
 4.0300E+02	 1.4225E-03	 2.7271E-03
 4.0400E+02	 1.4227E-03	 2.7399E-03
 4.0500E+02	 1.4229E-03	 2.7528E-03
 4.0600E+02	 1.4231E-03	 2.7657E-03
 4.0700E+02	 1.4234E-03	 2.7785E-03
 4.0800E+02	 1.4236E-03	 2.7913E-03
 4.0900E+02	 1.4238E-03	 2.8042E-03
 4.1000E+02	 1.4240E-03	 2.8170E-03
 4.1100E+02	 1.4242E-03	 2.8298E-03
 4.1200E+02	 1.4244E-03	 2.8426E-03
 4.1300E+02	 1.4246E-03	 2.8553E-03
 4.1400E+02	 1.4249E-03	 2.8681E-03
 4.1500E+02	 1.4251E-03	 2.8809E-03
 4.1600E+02	 1.4253E-03	 2.8936E-03
 4.1700E+02	 1.4255E-03	 2.9063E-03
 4.1800E+02	 1.4257E-03	 2.9191E-03
 4.1900E+02	 1.4259E-03	 2.9318E-03
 4.2000E+02	 1.4261E-03	 2.9445E-03
 4.2100E+02	 1.4263E-03	 2.9572E-03
 4.2200E+02	 1.4266E-03	 2.9698E-03
 4.2300E+02	 1.4268E-03	 2.9825E-03
 4.2400E+02	 1.4270E-03	 2.9951E-03
 4.2500E+02	 1.4272E-03	 3.0078E-03
 4.2600E+02	 1.4274E-03	 3.0204E-03
 4.2700E+02	 1.4276E-03	 3.0330E-03
 4.2800E+02	 1.4278E-03	 3.0456E-03
 4.2900E+02	 1.4280E-03	 3.0582E-03
 4.3000E+02	 1.4283E-03	 3.0708E-03
 4.3100E+02	 1.4285E-03	 3.0833E-03
 4.3200E+02	 1.4287E-03	 3.0959E-03
 4.3300E+02	 1.4289E-03	 3.1084E-03
 4.3400E+02	 1.4291E-03	 3.1209E-03
 4.3500E+02	 1.4293E-03	 3.1334E-03
 4.3600E+02	 1.4295E-03	 3.1459E-03
 4.3700E+02	 1.4297E-03	 3.1584E-03
 4.3800E+02	 1.4300E-03	 3.1708E-03
 4.3900E+02	 1.4302E-03	 3.1833E-03
 4.4000E+02	 1.4304E-03	 3.1957E-03
 4.4100E+02	 1.4306E-03	 3.2081E-03
 4.4200E+02	 1.4308E-03	 3.2205E-03
 4.4300E+02	 1.4310E-03	 3.2329E-03
 4.4400E+02	 1.4312E-03	 3.2453E-03
 4.4500E+02	 1.4314E-03	 3.2577E-03
 4.4600E+02	 1.4317E-03	 3.2700E-03
 4.4700E+02	 1.4319E-03	 3.2823E-03
 4.4800E+02	 1.4321E-03	 3.2946E-03
 4.4900E+02	 1.4323E-03	 3.3069E-03
 4.5000E+02	 1.4325E-03	 3.3192E-03
 4.5100E+02	 1.4327E-03	 3.3315E-03
 4.5200E+02	 1.4329E-03	 3.3438E-03
 4.5300E+02	 1.4331E-03	 3.3560E-03
 4.5400E+02	 1.4333E-03	 3.3682E-03
 4.5500E+02	 1.4336E-03	 3.3804E-03
 4.5600E+02	 1.4338E-03	 3.3926E-03
 4.5700E+02	 1.4340E-03	 3.4048E-03
 4.5800E+02	 1.4342E-03	 3.4169E-03
 4.5900E+02	 1.4344E-03	 3.4291E-03
 4.6000E+02	 1.4346E-03	 3.4412E-03
 4.6100E+02	 1.4348E-03	 3.4533E-03
 4.6200E+02	 1.4350E-03	 3.4654E-03
 4.6300E+02	 1.4352E-03	 3.4775E-03
 4.6400E+02	 1.4355E-03	 3.4895E-03
 4.6500E+02	 1.4357E-03	 3.5016E-03
 4.6600E+02	 1.4359E-03	 3.5136E-03
 4.6700E+02	 1.4361E-03	 3.5256E-03
 4.6800E+02	 1.4363E-03	 3.5376E-03
 4.6900E+02	 1.4365E-03	 3.5496E-03
 4.7000E+02	 1.4367E-03	 3.5616E-03
 4.7100E+02	 1.4369E-03	 3.5735E-03
 4.7200E+02	 1.4371E-03	 3.5854E-03
 4.7300E+02	 1.4373E-03	 3.5973E-03
 4.7400E+02	 1.4376E-03	 3.6092E-03
 4.7500E+02	 1.4378E-03	 3.6211E-03
 4.7600E+02	 1.4380E-03	 3.6330E-03
 4.7700E+02	 1.4382E-03	 3.6448E-03
 4.7800E+02	 1.4384E-03	 3.6566E-03
 4.7900E+02	 1.4386E-03	 3.6684E-03
 4.8000E+02	 1.4388E-03	 3.6802E-03
 4.8100E+02	 1.4390E-03	 3.6920E-03
 4.8200E+02	 1.4392E-03	 3.7038E-03
 4.8300E+02	 1.4394E-03	 3.7155E-03
 4.8400E+02	 1.4397E-03	 3.7272E-03
 4.8500E+02	 1.4399E-03	 3.7389E-03
 4.8600E+02	 1.4401E-03	 3.7506E-03
 4.8700E+02	 1.4403E-03	 3.7623E-03
 4.8800E+02	 1.4405E-03	 3.7739E-03
 4.8900E+02	 1.4407E-03	 3.7855E-03
 4.9000E+02	 1.4409E-03	 3.7972E-03
 4.9100E+02	 1.4411E-03	 3.8088E-03
 4.9200E+02	 1.4413E-03	 3.8203E-03
 4.9300E+02	 1.4415E-03	 3.8319E-03
 4.9400E+02	 1.4417E-03	 3.8434E-03
 4.9500E+02	 1.4420E-03	 3.8550E-03
 4.9600E+02	 1.4422E-03	 3.8665E-03
 4.9700E+02	 1.4424E-03	 3.8780E-03
 4.9800E+02	 1.4426E-03	 3.8894E-03
 4.9900E+02	 1.4428E-03	 3.9009E-03
 5.0000E+02	 1.4430E-03	 3.9123E-03
 5.0100E+02	 1.4432E-03	 3.9237E-03
 5.0200E+02	 1.4434E-03	 3.9351E-03
 5.0300E+02	 1.4436E-03	 3.9465E-03
 5.0400E+02	 1.4438E-03	 3.9579E-03
 5.0500E+02	 1.4440E-03	 3.9692E-03
 5.0600E+02	 1.4442E-03	 3.9805E-03
 5.0700E+02	 1.4444E-03	 3.9918E-03
 5.0800E+02	 1.4447E-03	 4.0031E-03
 5.0900E+02	 1.4449E-03	 4.0144E-03
 5.1000E+02	 1.4451E-03	 4.0257E-03
 5.1100E+02	 1.4438E-03	 4.0329E-03
 5.1200E+02	 1.4440E-03	 4.0440E-03
 5.1300E+02	 1.4442E-03	 4.0552E-03
 5.1400E+02	 1.4444E-03	 4.0664E-03
 5.1500E+02	 1.4446E-03	 4.0775E-03
 5.1600E+02	 1.4449E-03	 4.0886E-03
 5.1700E+02	 1.4451E-03	 4.0997E-03
 5.1800E+02	 1.4453E-03	 4.1108E-03
 5.1900E+02	 1.4455E-03	 4.1219E-03
 5.2000E+02	 1.4457E-03	 4.1329E-03
 5.2100E+02	 1.4459E-03	 4.1439E-03
 5.2200E+02	 1.4461E-03	 4.1550E-03
 5.2300E+02	 1.4463E-03	 4.1659E-03
 5.2400E+02	 1.4465E-03	 4.1769E-03
 5.2500E+02	 1.4467E-03	 4.1879E-03
 5.2600E+02	 1.4469E-03	 4.1988E-03
 5.2700E+02	 1.4471E-03	 4.2097E-03
 5.2800E+02	 1.4473E-03	 4.2206E-03
 5.2900E+02	 1.4475E-03	 4.2315E-03
 5.3000E+02	 1.4477E-03	 4.2423E-03
 5.3100E+02	 1.4479E-03	 4.2532E-03
 5.3200E+02	 1.4481E-03	 4.2640E-03
 5.3300E+02	 1.4483E-03	 4.2748E-03
 5.3400E+02	 1.4485E-03	 4.2856E-03
 5.3500E+02	 1.4487E-03	 4.2963E-03
 5.3600E+02	 1.4489E-03	 4.3071E-03
 5.3700E+02	 1.4491E-03	 4.3178E-03
 5.3800E+02	 1.4493E-03	 4.3285E-03
 5.3900E+02	 1.4495E-03	 4.3392E-03
 5.4000E+02	 1.4497E-03	 4.3499E-03
 5.4100E+02	 1.4499E-03	 4.3605E-03
 5.4200E+02	 1.4501E-03	 4.3712E-03
 5.4300E+02	 1.4503E-03	 4.3818E-03
 5.4400E+02	 1.4505E-03	 4.3924E-03
 5.4500E+02	 1.4507E-03	 4.4029E-03
 5.4600E+02	 1.4509E-03	 4.4135E-03
 5.4700E+02	 1.4511E-03	 4.4240E-03
 5.4800E+02	 1.4513E-03	 4.4345E-03
 5.4900E+02	 1.4515E-03	 4.4450E-03
 5.5000E+02	 1.4517E-03	 4.4555E-03
 5.5100E+02	 1.4519E-03	 4.4660E-03
 5.5200E+02	 1.4521E-03	 4.4764E-03
 5.5300E+02	 1.4523E-03	 4.4869E-03
 5.5400E+02	 1.4525E-03	 4.4973E-03
 5.5500E+02	 1.4527E-03	 4.5076E-03
 5.5600E+02	 1.4529E-03	 4.5180E-03
 5.5700E+02	 1.4531E-03	 4.5284E-03
 5.5800E+02	 1.4533E-03	 4.5387E-03
 5.5900E+02	 1.4535E-03	 4.5490E-03
 5.6000E+02	 1.4537E-03	 4.5593E-03
 5.6100E+02	 1.4539E-03	 4.5696E-03
 5.6200E+02	 1.4541E-03	 4.5798E-03
 5.6300E+02	 1.4543E-03	 4.5901E-03
 5.6400E+02	 1.4545E-03	 4.6003E-03
 5.6500E+02	 1.4547E-03	 4.6105E-03
 5.6600E+02	 1.4549E-03	 4.6206E-03
 5.6700E+02	 1.4551E-03	 4.6308E-03
 5.6800E+02	 1.4553E-03	 4.6410E-03
 5.6900E+02	 1.4555E-03	 4.6511E-03
 5.7000E+02	 1.4557E-03	 4.6612E-03
 5.7100E+02	 1.4559E-03	 4.6713E-03
 5.7200E+02	 1.4561E-03	 4.6813E-03
 5.7300E+02	 1.4563E-03	 4.6914E-03
 5.7400E+02	 1.4565E-03	 4.7014E-03
 5.7500E+02	 1.4567E-03	 4.7114E-03
 5.7600E+02	 1.4569E-03	 4.7214E-03
 5.7700E+02	 1.4571E-03	 4.7314E-03
 5.7800E+02	 1.4573E-03	 4.7413E-03
 5.7900E+02	 1.4575E-03	 4.7513E-03
 5.8000E+02	 1.4577E-03	 4.7612E-03
 5.8100E+02	 1.4579E-03	 4.7711E-03
 5.8200E+02	 1.4581E-03	 4.7810E-03
 5.8300E+02	 1.4583E-03	 4.7908E-03
 5.8400E+02	 1.4585E-03	 4.8007E-03
 5.8500E+02	 1.4587E-03	 4.8105E-03
 5.8600E+02	 1.4589E-03	 4.8203E-03
 5.8700E+02	 1.4591E-03	 4.8301E-03
 5.8800E+02	 1.4593E-03	 4.8398E-03
 5.8900E+02	 1.4595E-03	 4.8496E-03
 5.9000E+02	 1.4597E-03	 4.8593E-03
 5.9100E+02	 1.4599E-03	 4.8690E-03
 5.9200E+02	 1.4601E-03	 4.8787E-03
 5.9300E+02	 1.4603E-03	 4.8884E-03
 5.9400E+02	 1.4605E-03	 4.8981E-03
 5.9500E+02	 1.4607E-03	 4.9077E-03
 5.9600E+02	 1.4609E-03	 4.9173E-03
 5.9700E+02	 1.4611E-03	 4.9269E-03
 5.9800E+02	 1.4613E-03	 4.9365E-03
 5.9900E+02	 1.4615E-03	 4.9461E-03


