#     0	 1	   11	 1	 8.1178E+02	  500	1
 1.0000E+02	 1.0458E-03	 1.2490E-05
 1.0100E+02	 1.0468E-03	 1.3481E-05
 1.0200E+02	 1.0478E-03	 1.4528E-05
 1.0300E+02	 1.0487E-03	 1.5633E-05
 1.0400E+02	 1.0497E-03	 1.6798E-05
 1.0500E+02	 1.0507E-03	 1.8024E-05
 1.0600E+02	 1.0516E-03	 1.9314E-05
 1.0700E+02	 1.0526E-03	 2.0669E-05
 1.0800E+02	 1.0536E-03	 2.2090E-05
 1.0900E+02	 1.0545E-03	 2.3580E-05
 1.1000E+02	 1.0555E-03	 2.5140E-05
 1.1100E+02	 1.0565E-03	 2.6771E-05
 1.1200E+02	 1.0574E-03	 2.8476E-05
 1.1300E+02	 1.0584E-03	 3.0256E-05
 1.1400E+02	 1.0594E-03	 3.2111E-05
 1.1500E+02	 1.0604E-03	 3.4045E-05
 1.1600E+02	 1.0613E-03	 3.6058E-05
 1.1700E+02	 1.0623E-03	 3.8151E-05
 1.1800E+02	 1.0633E-03	 4.0327E-05
 1.1900E+02	 1.0643E-03	 4.2586E-05
 1.2000E+02	 1.0652E-03	 4.4930E-05
 1.2100E+02	 1.0662E-03	 4.7360E-05
 1.2200E+02	 1.0672E-03	 4.9878E-05
 1.2300E+02	 1.0682E-03	 5.2484E-05
 1.2400E+02	 1.0691E-03	 5.5180E-05
 1.2500E+02	 1.0701E-03	 5.7967E-05
 1.2600E+02	 1.0711E-03	 6.0846E-05
 1.2700E+02	 1.0721E-03	 6.3818E-05
 1.2800E+02	 1.0731E-03	 6.6884E-05
 1.2900E+02	 1.0740E-03	 7.0046E-05
 1.3000E+02	 1.0750E-03	 7.3304E-05
 1.3100E+02	 1.0760E-03	 7.6659E-05
 1.3200E+02	 1.0770E-03	 8.0111E-05
 1.3300E+02	 1.0780E-03	 8.3663E-05
 1.3400E+02	 1.0790E-03	 8.7314E-05
 1.3500E+02	 1.0799E-03	 9.1066E-05
 1.3600E+02	 1.0809E-03	 9.4919E-05
 1.3700E+02	 1.0819E-03	 9.8873E-05
 1.3800E+02	 1.0829E-03	 1.0293E-04
 1.3900E+02	 1.0839E-03	 1.0709E-04
 1.4000E+02	 1.0849E-03	 1.1135E-04
 1.4100E+02	 1.0859E-03	 1.1572E-04
 1.4200E+02	 1.0869E-03	 1.2019E-04
 1.4300E+02	 1.0878E-03	 1.2477E-04
 1.4400E+02	 1.0888E-03	 1.2946E-04
 1.4500E+02	 1.0898E-03	 1.3425E-04
 1.4600E+02	 1.0908E-03	 1.3914E-04
 1.4700E+02	 1.0918E-03	 1.4414E-04
 1.4800E+02	 1.0928E-03	 1.4925E-04
 1.4900E+02	 1.0938E-03	 1.5447E-04
 1.5000E+02	 1.0948E-03	 1.5979E-04
 1.5100E+02	 1.0958E-03	 1.6522E-04
 1.5200E+02	 1.0968E-03	 1.7076E-04
 1.5300E+02	 1.0978E-03	 1.7641E-04
 1.5400E+02	 1.0988E-03	 1.8217E-04
 1.5500E+02	 1.0998E-03	 1.8803E-04
 1.5600E+02	 1.1008E-03	 1.9400E-04
 1.5700E+02	 1.1018E-03	 2.0008E-04
 1.5800E+02	 1.1028E-03	 2.0627E-04
 1.5900E+02	 1.1038E-03	 2.1256E-04
 1.6000E+02	 1.1048E-03	 2.1897E-04
 1.6100E+02	 1.1058E-03	 2.2548E-04
 1.6200E+02	 1.1068E-03	 2.3210E-04
 1.6300E+02	 1.1078E-03	 2.3882E-04
 1.6400E+02	 1.1088E-03	 2.4565E-04
 1.6500E+02	 1.1098E-03	 2.5260E-04
 1.6600E+02	 1.1108E-03	 2.5964E-04
 1.6700E+02	 1.1118E-03	 2.6680E-04
 1.6800E+02	 1.1128E-03	 2.7406E-04
 1.6900E+02	 1.1138E-03	 2.8142E-04
 1.7000E+02	 1.1148E-03	 2.8890E-04
 1.7100E+02	 1.1158E-03	 2.9648E-04
 1.7200E+02	 1.1168E-03	 3.0416E-04
 1.7300E+02	 1.1178E-03	 3.1195E-04
 1.7400E+02	 1.1188E-03	 3.1984E-04
 1.7500E+02	 1.1198E-03	 3.2783E-04
 1.7600E+02	 1.1208E-03	 3.3593E-04
 1.7700E+02	 1.1218E-03	 3.4414E-04
 1.7800E+02	 1.1228E-03	 3.5244E-04
 1.7900E+02	 1.1238E-03	 3.6085E-04
 1.8000E+02	 1.1248E-03	 3.6936E-04
 1.8100E+02	 1.1258E-03	 3.7797E-04
 1.8200E+02	 1.1268E-03	 3.8668E-04
 1.8300E+02	 1.1279E-03	 3.9549E-04
 1.8400E+02	 1.1289E-03	 4.0439E-04
 1.8500E+02	 1.1299E-03	 4.1340E-04
 1.8600E+02	 1.1309E-03	 4.2251E-04
 1.8700E+02	 1.1319E-03	 4.3171E-04
 1.8800E+02	 1.1329E-03	 4.4102E-04
 1.8900E+02	 1.1339E-03	 4.5041E-04
 1.9000E+02	 1.1349E-03	 4.5991E-04
 1.9100E+02	 1.1359E-03	 4.6950E-04
 1.9200E+02	 1.1370E-03	 4.7918E-04
 1.9300E+02	 1.1380E-03	 4.8896E-04
 1.9400E+02	 1.1390E-03	 4.9883E-04
 1.9500E+02	 1.1400E-03	 5.0879E-04
 1.9600E+02	 1.1410E-03	 5.1885E-04
 1.9700E+02	 1.1420E-03	 5.2900E-04
 1.9800E+02	 1.1430E-03	 5.3923E-04
 1.9900E+02	 1.1440E-03	 5.4956E-04
 2.0000E+02	 1.1451E-03	 5.5998E-04
 2.0100E+02	 1.1461E-03	 5.7048E-04
 2.0200E+02	 1.1471E-03	 5.8107E-04
 2.0300E+02	 1.1481E-03	 5.9175E-04
 2.0400E+02	 1.1491E-03	 6.0252E-04
 2.0500E+02	 1.1501E-03	 6.1337E-04
 2.0600E+02	 1.1512E-03	 6.2431E-04
 2.0700E+02	 1.1522E-03	 6.3533E-04
 2.0800E+02	 1.1532E-03	 6.4643E-04
 2.0900E+02	 1.1542E-03	 6.5762E-04
 2.1000E+02	 1.1552E-03	 6.6889E-04
 2.1100E+02	 1.1562E-03	 6.8024E-04
 2.1200E+02	 1.1573E-03	 6.9167E-04
 2.1300E+02	 1.1583E-03	 7.0318E-04
 2.1400E+02	 1.1593E-03	 7.1477E-04
 2.1500E+02	 1.1603E-03	 7.2644E-04
 2.1600E+02	 1.1613E-03	 7.3819E-04
 2.1700E+02	 1.1624E-03	 7.5001E-04
 2.1800E+02	 1.1634E-03	 7.6191E-04
 2.1900E+02	 1.1644E-03	 7.7388E-04
 2.2000E+02	 1.1654E-03	 7.8593E-04
 2.2100E+02	 1.1665E-03	 7.9805E-04
 2.2200E+02	 1.1675E-03	 8.1024E-04
 2.2300E+02	 1.1685E-03	 8.2251E-04
 2.2400E+02	 1.1695E-03	 8.3485E-04
 2.2500E+02	 1.1705E-03	 8.4725E-04
 2.2600E+02	 1.1716E-03	 8.5973E-04
 2.2700E+02	 1.1726E-03	 8.7228E-04
 2.2800E+02	 1.1736E-03	 8.8490E-04
 2.2900E+02	 1.1746E-03	 8.9758E-04
 2.3000E+02	 1.1757E-03	 9.1033E-04
 2.3100E+02	 1.1767E-03	 9.2315E-04
 2.3200E+02	 1.1777E-03	 9.3603E-04
 2.3300E+02	 1.1787E-03	 9.4897E-04
 2.3400E+02	 1.1798E-03	 9.6199E-04
 2.3500E+02	 1.1808E-03	 9.7506E-04
 2.3600E+02	 1.1818E-03	 9.8820E-04
 2.3700E+02	 1.1828E-03	 1.0014E-03
 2.3800E+02	 1.1839E-03	 1.0147E-03
 2.3900E+02	 1.1849E-03	 1.0280E-03
 2.4000E+02	 1.1859E-03	 1.0414E-03
 2.4100E+02	 1.1869E-03	 1.0548E-03
 2.4200E+02	 1.1880E-03	 1.0683E-03
 2.4300E+02	 1.1890E-03	 1.0818E-03
 2.4400E+02	 1.1900E-03	 1.0954E-03
 2.4500E+02	 1.1911E-03	 1.1091E-03
 2.4600E+02	 1.1921E-03	 1.1228E-03
 2.4700E+02	 1.1931E-03	 1.1366E-03
 2.4800E+02	 1.1941E-03	 1.1504E-03
 2.4900E+02	 1.1952E-03	 1.1643E-03
 2.5000E+02	 1.1962E-03	 1.1783E-03
 2.5100E+02	 1.1972E-03	 1.1922E-03
 2.5200E+02	 1.1983E-03	 1.2063E-03
 2.5300E+02	 1.1993E-03	 1.2204E-03
 2.5400E+02	 1.2003E-03	 1.2345E-03
 2.5500E+02	 1.2013E-03	 1.2487E-03
 2.5600E+02	 1.2024E-03	 1.2629E-03
 2.5700E+02	 1.2034E-03	 1.2772E-03
 2.5800E+02	 1.2044E-03	 1.2915E-03
 2.5900E+02	 1.2055E-03	 1.3059E-03
 2.6000E+02	 1.2065E-03	 1.3203E-03
 2.6100E+02	 1.2075E-03	 1.3348E-03
 2.6200E+02	 1.2086E-03	 1.3493E-03
 2.6300E+02	 1.2096E-03	 1.3639E-03
 2.6400E+02	 1.2106E-03	 1.3785E-03
 2.6500E+02	 1.2116E-03	 1.3931E-03
 2.6600E+02	 1.2127E-03	 1.4078E-03
 2.6700E+02	 1.2137E-03	 1.4225E-03
 2.6800E+02	 1.2147E-03	 1.4373E-03
 2.6900E+02	 1.2158E-03	 1.4521E-03
 2.7000E+02	 1.2168E-03	 1.4669E-03
 2.7100E+02	 1.2178E-03	 1.4818E-03
 2.7200E+02	 1.2189E-03	 1.4967E-03
 2.7300E+02	 1.2199E-03	 1.5117E-03
 2.7400E+02	 1.2209E-03	 1.5267E-03
 2.7500E+02	 1.2220E-03	 1.5417E-03
 2.7600E+02	 1.2230E-03	 1.5568E-03
 2.7700E+02	 1.2240E-03	 1.5719E-03
 2.7800E+02	 1.2251E-03	 1.5870E-03
 2.7900E+02	 1.2261E-03	 1.6022E-03
 2.8000E+02	 1.2271E-03	 1.6174E-03
 2.8100E+02	 1.2282E-03	 1.6326E-03
 2.8200E+02	 1.2292E-03	 1.6479E-03
 2.8300E+02	 1.2302E-03	 1.6632E-03
 2.8400E+02	 1.2313E-03	 1.6785E-03
 2.8500E+02	 1.2323E-03	 1.6939E-03
 2.8600E+02	 1.2333E-03	 1.7093E-03
 2.8700E+02	 1.2344E-03	 1.7247E-03
 2.8800E+02	 1.2354E-03	 1.7401E-03
 2.8900E+02	 1.2364E-03	 1.7556E-03
 2.9000E+02	 1.2375E-03	 1.7711E-03
 2.9100E+02	 1.2385E-03	 1.7867E-03
 2.9200E+02	 1.2395E-03	 1.8022E-03
 2.9300E+02	 1.2406E-03	 1.8178E-03
 2.9400E+02	 1.2416E-03	 1.8334E-03
 2.9500E+02	 1.2426E-03	 1.8491E-03
 2.9600E+02	 1.2437E-03	 1.8647E-03
 2.9700E+02	 1.2447E-03	 1.8804E-03
 2.9800E+02	 1.2457E-03	 1.8961E-03
 2.9900E+02	 1.2468E-03	 1.9119E-03
 3.0000E+02	 1.2478E-03	 1.9277E-03
 3.0100E+02	 1.2488E-03	 1.9434E-03
 3.0200E+02	 1.2499E-03	 1.9592E-03
 3.0300E+02	 1.2509E-03	 1.9751E-03
 3.0400E+02	 1.2520E-03	 1.9909E-03
 3.0500E+02	 1.2530E-03	 2.0068E-03
 3.0600E+02	 1.2540E-03	 2.0227E-03
 3.0700E+02	 1.2551E-03	 2.0386E-03
 3.0800E+02	 1.2561E-03	 2.0545E-03
 3.0900E+02	 1.2571E-03	 2.0705E-03
 3.1000E+02	 1.2582E-03	 2.0864E-03
 3.1100E+02	 1.2592E-03	 2.1024E-03
 3.1200E+02	 1.2602E-03	 2.1184E-03
 3.1300E+02	 1.2613E-03	 2.1345E-03
 3.1400E+02	 1.2623E-03	 2.1505E-03
 3.1500E+02	 1.2633E-03	 2.1665E-03
 3.1600E+02	 1.2644E-03	 2.1826E-03
 3.1700E+02	 1.2654E-03	 2.1987E-03
 3.1800E+02	 1.2665E-03	 2.2148E-03
 3.1900E+02	 1.2675E-03	 2.2309E-03
 3.2000E+02	 1.2685E-03	 2.2471E-03
 3.2100E+02	 1.2696E-03	 2.2632E-03
 3.2200E+02	 1.2706E-03	 2.2794E-03
 3.2300E+02	 1.2716E-03	 2.2955E-03
 3.2400E+02	 1.2727E-03	 2.3117E-03
 3.2500E+02	 1.2737E-03	 2.3279E-03
 3.2600E+02	 1.2747E-03	 2.3441E-03
 3.2700E+02	 1.2758E-03	 2.3603E-03
 3.2800E+02	 1.2768E-03	 2.3766E-03
 3.2900E+02	 1.2779E-03	 2.3928E-03
 3.3000E+02	 1.2789E-03	 2.4091E-03
 3.3100E+02	 1.2799E-03	 2.4253E-03
 3.3200E+02	 1.2810E-03	 2.4416E-03
 3.3300E+02	 1.2820E-03	 2.4579E-03
 3.3400E+02	 1.2830E-03	 2.4742E-03
 3.3500E+02	 1.2841E-03	 2.4905E-03
 3.3600E+02	 1.2851E-03	 2.5068E-03
 3.3700E+02	 1.2862E-03	 2.5231E-03
 3.3800E+02	 1.2872E-03	 2.5395E-03
 3.3900E+02	 1.2882E-03	 2.5558E-03
 3.4000E+02	 1.2893E-03	 2.5722E-03
 3.4100E+02	 1.2903E-03	 2.5885E-03
 3.4200E+02	 1.2913E-03	 2.6049E-03
 3.4300E+02	 1.2924E-03	 2.6212E-03
 3.4400E+02	 1.2934E-03	 2.6376E-03
 3.4500E+02	 1.2944E-03	 2.6540E-03
 3.4600E+02	 1.2955E-03	 2.6704E-03
 3.4700E+02	 1.2965E-03	 2.6868E-03
 3.4800E+02	 1.2976E-03	 2.7032E-03
 3.4900E+02	 1.2986E-03	 2.7196E-03
 3.5000E+02	 1.2996E-03	 2.7360E-03
 3.5100E+02	 1.3007E-03	 2.7524E-03
 3.5200E+02	 1.3017E-03	 2.7688E-03
 3.5300E+02	 1.3027E-03	 2.7852E-03
 3.5400E+02	 1.3038E-03	 2.8016E-03
 3.5500E+02	 1.3048E-03	 2.8180E-03
 3.5600E+02	 1.3059E-03	 2.8345E-03
 3.5700E+02	 1.3069E-03	 2.8509E-03
 3.5800E+02	 1.3079E-03	 2.8673E-03
 3.5900E+02	 1.3090E-03	 2.8838E-03
 3.6000E+02	 1.3100E-03	 2.9002E-03
 3.6100E+02	 1.3110E-03	 2.9166E-03
 3.6200E+02	 1.3121E-03	 2.9331E-03
 3.6300E+02	 1.3131E-03	 2.9495E-03
 3.6400E+02	 1.3142E-03	 2.9659E-03
 3.6500E+02	 1.3152E-03	 2.9824E-03
 3.6600E+02	 1.3162E-03	 2.9988E-03
 3.6700E+02	 1.3173E-03	 3.0153E-03
 3.6800E+02	 1.3183E-03	 3.0317E-03
 3.6900E+02	 1.3193E-03	 3.0481E-03
 3.7000E+02	 1.3204E-03	 3.0646E-03
 3.7100E+02	 1.3214E-03	 3.0810E-03
 3.7200E+02	 1.3225E-03	 3.0974E-03
 3.7300E+02	 1.3235E-03	 3.1139E-03
 3.7400E+02	 1.3245E-03	 3.1303E-03
 3.7500E+02	 1.3256E-03	 3.1468E-03
 3.7600E+02	 1.3266E-03	 3.1632E-03
 3.7700E+02	 1.3276E-03	 3.1796E-03
 3.7800E+02	 1.3287E-03	 3.1960E-03
 3.7900E+02	 1.3297E-03	 3.2125E-03
 3.8000E+02	 1.3308E-03	 3.2289E-03
 3.8100E+02	 1.3318E-03	 3.2453E-03
 3.8200E+02	 1.3328E-03	 3.2617E-03
 3.8300E+02	 1.3339E-03	 3.2781E-03
 3.8400E+02	 1.3349E-03	 3.2945E-03
 3.8500E+02	 1.3359E-03	 3.3109E-03
 3.8600E+02	 1.3370E-03	 3.3273E-03
 3.8700E+02	 1.3380E-03	 3.3437E-03
 3.8800E+02	 1.3391E-03	 3.3601E-03
 3.8900E+02	 1.3401E-03	 3.3765E-03
 3.9000E+02	 1.3411E-03	 3.3929E-03
 3.9100E+02	 1.3422E-03	 3.4093E-03
 3.9200E+02	 1.3432E-03	 3.4257E-03
 3.9300E+02	 1.3442E-03	 3.4420E-03
 3.9400E+02	 1.3453E-03	 3.4584E-03
 3.9500E+02	 1.3463E-03	 3.4747E-03
 3.9600E+02	 1.3473E-03	 3.4911E-03
 3.9700E+02	 1.3484E-03	 3.5074E-03
 3.9800E+02	 1.3494E-03	 3.5238E-03
 3.9900E+02	 1.3505E-03	 3.5401E-03
 4.0000E+02	 1.3515E-03	 3.5564E-03
 4.0100E+02	 1.3525E-03	 3.5728E-03
 4.0200E+02	 1.3536E-03	 3.5891E-03
 4.0300E+02	 1.3546E-03	 3.6054E-03
 4.0400E+02	 1.3556E-03	 3.6217E-03
 4.0500E+02	 1.3567E-03	 3.6380E-03
 4.0600E+02	 1.3577E-03	 3.6543E-03
 4.0700E+02	 1.3587E-03	 3.6706E-03
 4.0800E+02	 1.3598E-03	 3.6868E-03
 4.0900E+02	 1.3608E-03	 3.7031E-03
 4.1000E+02	 1.3619E-03	 3.7194E-03
 4.1100E+02	 1.3629E-03	 3.7356E-03
 4.1200E+02	 1.3639E-03	 3.7518E-03
 4.1300E+02	 1.3650E-03	 3.7681E-03
 4.1400E+02	 1.3660E-03	 3.7843E-03
 4.1500E+02	 1.3670E-03	 3.8005E-03
 4.1600E+02	 1.3681E-03	 3.8167E-03
 4.1700E+02	 1.3691E-03	 3.8329E-03
 4.1800E+02	 1.3701E-03	 3.8491E-03
 4.1900E+02	 1.3712E-03	 3.8653E-03
 4.2000E+02	 1.3722E-03	 3.8815E-03
 4.2100E+02	 1.3732E-03	 3.8976E-03
 4.2200E+02	 1.3743E-03	 3.9138E-03
 4.2300E+02	 1.3753E-03	 3.9299E-03
 4.2400E+02	 1.3763E-03	 3.9461E-03
 4.2500E+02	 1.3774E-03	 3.9622E-03
 4.2600E+02	 1.3784E-03	 3.9783E-03
 4.2700E+02	 1.3794E-03	 3.9944E-03
 4.2800E+02	 1.3805E-03	 4.0105E-03
 4.2900E+02	 1.3815E-03	 4.0266E-03
 4.3000E+02	 1.3825E-03	 4.0427E-03
 4.3100E+02	 1.3836E-03	 4.0588E-03
 4.3200E+02	 1.3846E-03	 4.0748E-03
 4.3300E+02	 1.3856E-03	 4.0909E-03
 4.3400E+02	 1.3867E-03	 4.1069E-03
 4.3500E+02	 1.3877E-03	 4.1229E-03
 4.3600E+02	 1.3888E-03	 4.1389E-03
 4.3700E+02	 1.3898E-03	 4.1549E-03
 4.3800E+02	 1.3908E-03	 4.1709E-03
 4.3900E+02	 1.3919E-03	 4.1869E-03
 4.4000E+02	 1.3929E-03	 4.2029E-03
 4.4100E+02	 1.3939E-03	 4.2188E-03
 4.4200E+02	 1.3949E-03	 4.2348E-03
 4.4300E+02	 1.3960E-03	 4.2507E-03
 4.4400E+02	 1.3970E-03	 4.2666E-03
 4.4500E+02	 1.3980E-03	 4.2826E-03
 4.4600E+02	 1.3991E-03	 4.2985E-03
 4.4700E+02	 1.4001E-03	 4.3143E-03
 4.4800E+02	 1.4011E-03	 4.3302E-03
 4.4900E+02	 1.4022E-03	 4.3461E-03
 4.5000E+02	 1.4032E-03	 4.3619E-03
 4.5100E+02	 1.4042E-03	 4.3778E-03
 4.5200E+02	 1.4053E-03	 4.3936E-03
 4.5300E+02	 1.4063E-03	 4.4094E-03
 4.5400E+02	 1.4073E-03	 4.4252E-03
 4.5500E+02	 1.4084E-03	 4.4410E-03
 4.5600E+02	 1.4094E-03	 4.4568E-03
 4.5700E+02	 1.4104E-03	 4.4726E-03
 4.5800E+02	 1.4115E-03	 4.4883E-03
 4.5900E+02	 1.4125E-03	 4.5041E-03
 4.6000E+02	 1.4135E-03	 4.5198E-03
 4.6100E+02	 1.4146E-03	 4.5355E-03
 4.6200E+02	 1.4156E-03	 4.5512E-03
 4.6300E+02	 1.4166E-03	 4.5669E-03
 4.6400E+02	 1.4176E-03	 4.5826E-03
 4.6500E+02	 1.4187E-03	 4.5983E-03
 4.6600E+02	 1.4197E-03	 4.6139E-03
 4.6700E+02	 1.4207E-03	 4.6295E-03
 4.6800E+02	 1.4218E-03	 4.6452E-03
 4.6900E+02	 1.4228E-03	 4.6608E-03
 4.7000E+02	 1.4238E-03	 4.6764E-03
 4.7100E+02	 1.4249E-03	 4.6920E-03
 4.7200E+02	 1.4259E-03	 4.7075E-03
 4.7300E+02	 1.4269E-03	 4.7231E-03
 4.7400E+02	 1.4279E-03	 4.7386E-03
 4.7500E+02	 1.4290E-03	 4.7542E-03
 4.7600E+02	 1.4300E-03	 4.7697E-03
 4.7700E+02	 1.4310E-03	 4.7852E-03
 4.7800E+02	 1.4321E-03	 4.8007E-03
 4.7900E+02	 1.4331E-03	 4.8162E-03
 4.8000E+02	 1.4341E-03	 4.8316E-03
 4.8100E+02	 1.4351E-03	 4.8471E-03
 4.8200E+02	 1.4362E-03	 4.8625E-03
 4.8300E+02	 1.4372E-03	 4.8779E-03
 4.8400E+02	 1.4382E-03	 4.8933E-03
 4.8500E+02	 1.4393E-03	 4.9087E-03
 4.8600E+02	 1.4403E-03	 4.9241E-03
 4.8700E+02	 1.4413E-03	 4.9394E-03
 4.8800E+02	 1.4423E-03	 4.9548E-03
 4.8900E+02	 1.4434E-03	 4.9701E-03
 4.9000E+02	 1.4444E-03	 4.9854E-03
 4.9100E+02	 1.4454E-03	 5.0008E-03
 4.9200E+02	 1.4464E-03	 5.0160E-03
 4.9300E+02	 1.4475E-03	 5.0313E-03
 4.9400E+02	 1.4485E-03	 5.0466E-03
 4.9500E+02	 1.4495E-03	 5.0618E-03
 4.9600E+02	 1.4505E-03	 5.0771E-03
 4.9700E+02	 1.4516E-03	 5.0923E-03
 4.9800E+02	 1.4526E-03	 5.1075E-03
 4.9900E+02	 1.4536E-03	 5.1227E-03
 5.0000E+02	 1.4546E-03	 5.1378E-03
 5.0100E+02	 1.4557E-03	 5.1530E-03
 5.0200E+02	 1.4567E-03	 5.1682E-03
 5.0300E+02	 1.4577E-03	 5.1833E-03
 5.0400E+02	 1.4587E-03	 5.1984E-03
 5.0500E+02	 1.4598E-03	 5.2135E-03
 5.0600E+02	 1.4608E-03	 5.2286E-03
 5.0700E+02	 1.4618E-03	 5.2437E-03
 5.0800E+02	 1.4628E-03	 5.2587E-03
 5.0900E+02	 1.4639E-03	 5.2737E-03
 5.1000E+02	 1.4649E-03	 5.2888E-03
 5.1100E+02	 1.4645E-03	 5.2985E-03
 5.1200E+02	 1.4655E-03	 5.3135E-03
 5.1300E+02	 1.4665E-03	 5.3284E-03
 5.1400E+02	 1.4675E-03	 5.3433E-03
 5.1500E+02	 1.4685E-03	 5.3583E-03
 5.1600E+02	 1.4695E-03	 5.3732E-03
 5.1700E+02	 1.4706E-03	 5.3881E-03
 5.1800E+02	 1.4716E-03	 5.4029E-03
 5.1900E+02	 1.4726E-03	 5.4178E-03
 5.2000E+02	 1.4736E-03	 5.4326E-03
 5.2100E+02	 1.4746E-03	 5.4475E-03
 5.2200E+02	 1.4757E-03	 5.4623E-03
 5.2300E+02	 1.4767E-03	 5.4771E-03
 5.2400E+02	 1.4777E-03	 5.4919E-03
 5.2500E+02	 1.4787E-03	 5.5066E-03
 5.2600E+02	 1.4797E-03	 5.5214E-03
 5.2700E+02	 1.4807E-03	 5.5361E-03
 5.2800E+02	 1.4818E-03	 5.5508E-03
 5.2900E+02	 1.4828E-03	 5.5656E-03
 5.3000E+02	 1.4838E-03	 5.5802E-03
 5.3100E+02	 1.4848E-03	 5.5949E-03
 5.3200E+02	 1.4858E-03	 5.6096E-03
 5.3300E+02	 1.4868E-03	 5.6242E-03
 5.3400E+02	 1.4878E-03	 5.6389E-03
 5.3500E+02	 1.4889E-03	 5.6535E-03
 5.3600E+02	 1.4899E-03	 5.6681E-03
 5.3700E+02	 1.4909E-03	 5.6826E-03
 5.3800E+02	 1.4919E-03	 5.6972E-03
 5.3900E+02	 1.4929E-03	 5.7118E-03
 5.4000E+02	 1.4939E-03	 5.7263E-03
 5.4100E+02	 1.4950E-03	 5.7408E-03
 5.4200E+02	 1.4960E-03	 5.7553E-03
 5.4300E+02	 1.4970E-03	 5.7698E-03
 5.4400E+02	 1.4980E-03	 5.7843E-03
 5.4500E+02	 1.4990E-03	 5.7987E-03
 5.4600E+02	 1.5000E-03	 5.8132E-03
 5.4700E+02	 1.5010E-03	 5.8276E-03
 5.4800E+02	 1.5021E-03	 5.8420E-03
 5.4900E+02	 1.5031E-03	 5.8564E-03
 5.5000E+02	 1.5041E-03	 5.8708E-03
 5.5100E+02	 1.5051E-03	 5.8852E-03
 5.5200E+02	 1.5061E-03	 5.8995E-03
 5.5300E+02	 1.5071E-03	 5.9138E-03
 5.5400E+02	 1.5081E-03	 5.9282E-03
 5.5500E+02	 1.5091E-03	 5.9425E-03
 5.5600E+02	 1.5102E-03	 5.9567E-03
 5.5700E+02	 1.5112E-03	 5.9710E-03
 5.5800E+02	 1.5122E-03	 5.9853E-03
 5.5900E+02	 1.5132E-03	 5.9995E-03
 5.6000E+02	 1.5142E-03	 6.0137E-03
 5.6100E+02	 1.5152E-03	 6.0279E-03
 5.6200E+02	 1.5162E-03	 6.0421E-03
 5.6300E+02	 1.5172E-03	 6.0563E-03
 5.6400E+02	 1.5182E-03	 6.0705E-03
 5.6500E+02	 1.5193E-03	 6.0846E-03
 5.6600E+02	 1.5203E-03	 6.0987E-03
 5.6700E+02	 1.5213E-03	 6.1128E-03
 5.6800E+02	 1.5223E-03	 6.1269E-03
 5.6900E+02	 1.5233E-03	 6.1410E-03
 5.7000E+02	 1.5243E-03	 6.1551E-03
 5.7100E+02	 1.5253E-03	 6.1691E-03
 5.7200E+02	 1.5263E-03	 6.1832E-03
 5.7300E+02	 1.5273E-03	 6.1972E-03
 5.7400E+02	 1.5283E-03	 6.2112E-03
 5.7500E+02	 1.5293E-03	 6.2252E-03
 5.7600E+02	 1.5304E-03	 6.2391E-03
 5.7700E+02	 1.5314E-03	 6.2531E-03
 5.7800E+02	 1.5324E-03	 6.2670E-03
 5.7900E+02	 1.5334E-03	 6.2809E-03
 5.8000E+02	 1.5344E-03	 6.2948E-03
 5.8100E+02	 1.5354E-03	 6.3087E-03
 5.8200E+02	 1.5364E-03	 6.3226E-03
 5.8300E+02	 1.5374E-03	 6.3365E-03
 5.8400E+02	 1.5384E-03	 6.3503E-03
 5.8500E+02	 1.5394E-03	 6.3641E-03
 5.8600E+02	 1.5404E-03	 6.3779E-03
 5.8700E+02	 1.5414E-03	 6.3917E-03
 5.8800E+02	 1.5424E-03	 6.4055E-03
 5.8900E+02	 1.5435E-03	 6.4193E-03
 5.9000E+02	 1.5445E-03	 6.4330E-03
 5.9100E+02	 1.5455E-03	 6.4468E-03
 5.9200E+02	 1.5465E-03	 6.4605E-03
 5.9300E+02	 1.5475E-03	 6.4742E-03
 5.9400E+02	 1.5485E-03	 6.4879E-03
 5.9500E+02	 1.5495E-03	 6.5015E-03
 5.9600E+02	 1.5505E-03	 6.5152E-03
 5.9700E+02	 1.5515E-03	 6.5288E-03
 5.9800E+02	 1.5525E-03	 6.5425E-03
 5.9900E+02	 1.5535E-03	 6.5561E-03


