#     0	 1	   21	 1	 1.0080E+03	  500	1
 1.0000E+02	 2.5772E-04	 4.3260E-07
 1.0100E+02	 2.5787E-04	 4.7590E-07
 1.0200E+02	 2.5802E-04	 5.2254E-07
 1.0300E+02	 2.5817E-04	 5.7269E-07
 1.0400E+02	 2.5831E-04	 6.2652E-07
 1.0500E+02	 2.5846E-04	 6.8422E-07
 1.0600E+02	 2.5861E-04	 7.4596E-07
 1.0700E+02	 2.5876E-04	 8.1194E-07
 1.0800E+02	 2.5891E-04	 8.8234E-07
 1.0900E+02	 2.5906E-04	 9.5735E-07
 1.1000E+02	 2.5921E-04	 1.0372E-06
 1.1100E+02	 2.5936E-04	 1.1220E-06
 1.1200E+02	 2.5951E-04	 1.2120E-06
 1.1300E+02	 2.5966E-04	 1.3074E-06
 1.1400E+02	 2.5981E-04	 1.4084E-06
 1.1500E+02	 2.5996E-04	 1.5152E-06
 1.1600E+02	 2.6011E-04	 1.6281E-06
 1.1700E+02	 2.6026E-04	 1.7471E-06
 1.1800E+02	 2.6041E-04	 1.8725E-06
 1.1900E+02	 2.6056E-04	 2.0046E-06
 1.2000E+02	 2.6071E-04	 2.1434E-06
 1.2100E+02	 2.6086E-04	 2.2893E-06
 1.2200E+02	 2.6101E-04	 2.4425E-06
 1.2300E+02	 2.6117E-04	 2.6031E-06
 1.2400E+02	 2.6132E-04	 2.7713E-06
 1.2500E+02	 2.6147E-04	 2.9474E-06
 1.2600E+02	 2.6162E-04	 3.1315E-06
 1.2700E+02	 2.6178E-04	 3.3239E-06
 1.2800E+02	 2.6193E-04	 3.5247E-06
 1.2900E+02	 2.6208E-04	 3.7343E-06
 1.3000E+02	 2.6224E-04	 3.9526E-06
 1.3100E+02	 2.6239E-04	 4.1801E-06
 1.3200E+02	 2.6254E-04	 4.4167E-06
 1.3300E+02	 2.6270E-04	 4.6629E-06
 1.3400E+02	 2.6285E-04	 4.9186E-06
 1.3500E+02	 2.6301E-04	 5.1843E-06
 1.3600E+02	 2.6316E-04	 5.4599E-06
 1.3700E+02	 2.6332E-04	 5.7457E-06
 1.3800E+02	 2.6347E-04	 6.0419E-06
 1.3900E+02	 2.6363E-04	 6.3487E-06
 1.4000E+02	 2.6378E-04	 6.6662E-06
 1.4100E+02	 2.6394E-04	 6.9947E-06
 1.4200E+02	 2.6410E-04	 7.3342E-06
 1.4300E+02	 2.6425E-04	 7.6850E-06
 1.4400E+02	 2.6441E-04	 8.0473E-06
 1.4500E+02	 2.6457E-04	 8.4211E-06
 1.4600E+02	 2.6472E-04	 8.8067E-06
 1.4700E+02	 2.6488E-04	 9.2042E-06
 1.4800E+02	 2.6504E-04	 9.6137E-06
 1.4900E+02	 2.6519E-04	 1.0036E-05
 1.5000E+02	 2.6535E-04	 1.0470E-05
 1.5100E+02	 2.6551E-04	 1.0916E-05
 1.5200E+02	 2.6567E-04	 1.1376E-05
 1.5300E+02	 2.6582E-04	 1.1848E-05
 1.5400E+02	 2.6598E-04	 1.2333E-05
 1.5500E+02	 2.6614E-04	 1.2831E-05
 1.5600E+02	 2.6630E-04	 1.3342E-05
 1.5700E+02	 2.6646E-04	 1.3866E-05
 1.5800E+02	 2.6662E-04	 1.4404E-05
 1.5900E+02	 2.6678E-04	 1.4956E-05
 1.6000E+02	 2.6694E-04	 1.5521E-05
 1.6100E+02	 2.6710E-04	 1.6099E-05
 1.6200E+02	 2.6726E-04	 1.6692E-05
 1.6300E+02	 2.6742E-04	 1.7299E-05
 1.6400E+02	 2.6758E-04	 1.7919E-05
 1.6500E+02	 2.6774E-04	 1.8554E-05
 1.6600E+02	 2.6790E-04	 1.9203E-05
 1.6700E+02	 2.6806E-04	 1.9866E-05
 1.6800E+02	 2.6822E-04	 2.0544E-05
 1.6900E+02	 2.6838E-04	 2.1236E-05
 1.7000E+02	 2.6854E-04	 2.1943E-05
 1.7100E+02	 2.6870E-04	 2.2664E-05
 1.7200E+02	 2.6886E-04	 2.3400E-05
 1.7300E+02	 2.6902E-04	 2.4151E-05
 1.7400E+02	 2.6919E-04	 2.4916E-05
 1.7500E+02	 2.6935E-04	 2.5696E-05
 1.7600E+02	 2.6951E-04	 2.6492E-05
 1.7700E+02	 2.6967E-04	 2.7302E-05
 1.7800E+02	 2.6983E-04	 2.8127E-05
 1.7900E+02	 2.7000E-04	 2.8968E-05
 1.8000E+02	 2.7016E-04	 2.9823E-05
 1.8100E+02	 2.7032E-04	 3.0693E-05
 1.8200E+02	 2.7049E-04	 3.1579E-05
 1.8300E+02	 2.7065E-04	 3.2480E-05
 1.8400E+02	 2.7081E-04	 3.3396E-05
 1.8500E+02	 2.7098E-04	 3.4327E-05
 1.8600E+02	 2.7114E-04	 3.5274E-05
 1.8700E+02	 2.7130E-04	 3.6236E-05
 1.8800E+02	 2.7147E-04	 3.7213E-05
 1.8900E+02	 2.7163E-04	 3.8206E-05
 1.9000E+02	 2.7180E-04	 3.9213E-05
 1.9100E+02	 2.7196E-04	 4.0237E-05
 1.9200E+02	 2.7213E-04	 4.1275E-05
 1.9300E+02	 2.7229E-04	 4.2329E-05
 1.9400E+02	 2.7246E-04	 4.3398E-05
 1.9500E+02	 2.7262E-04	 4.4482E-05
 1.9600E+02	 2.7279E-04	 4.5582E-05
 1.9700E+02	 2.7295E-04	 4.6697E-05
 1.9800E+02	 2.7312E-04	 4.7827E-05
 1.9900E+02	 2.7328E-04	 4.8973E-05
 2.0000E+02	 2.7345E-04	 5.0134E-05
 2.0100E+02	 2.7361E-04	 5.1310E-05
 2.0200E+02	 2.7378E-04	 5.2501E-05
 2.0300E+02	 2.7395E-04	 5.3708E-05
 2.0400E+02	 2.7411E-04	 5.4929E-05
 2.0500E+02	 2.7428E-04	 5.6166E-05
 2.0600E+02	 2.7445E-04	 5.7418E-05
 2.0700E+02	 2.7461E-04	 5.8685E-05
 2.0800E+02	 2.7478E-04	 5.9967E-05
 2.0900E+02	 2.7495E-04	 6.1264E-05
 2.1000E+02	 2.7512E-04	 6.2576E-05
 2.1100E+02	 2.7528E-04	 6.3902E-05
 2.1200E+02	 2.7545E-04	 6.5244E-05
 2.1300E+02	 2.7562E-04	 6.6601E-05
 2.1400E+02	 2.7579E-04	 6.7972E-05
 2.1500E+02	 2.7595E-04	 6.9358E-05
 2.1600E+02	 2.7612E-04	 7.0759E-05
 2.1700E+02	 2.7629E-04	 7.2174E-05
 2.1800E+02	 2.7646E-04	 7.3604E-05
 2.1900E+02	 2.7663E-04	 7.5048E-05
 2.2000E+02	 2.7679E-04	 7.6507E-05
 2.2100E+02	 2.7696E-04	 7.7980E-05
 2.2200E+02	 2.7713E-04	 7.9468E-05
 2.2300E+02	 2.7730E-04	 8.0970E-05
 2.2400E+02	 2.7747E-04	 8.2486E-05
 2.2500E+02	 2.7764E-04	 8.4016E-05
 2.2600E+02	 2.7781E-04	 8.5561E-05
 2.2700E+02	 2.7798E-04	 8.7119E-05
 2.2800E+02	 2.7815E-04	 8.8692E-05
 2.2900E+02	 2.7832E-04	 9.0278E-05
 2.3000E+02	 2.7849E-04	 9.1878E-05
 2.3100E+02	 2.7866E-04	 9.3492E-05
 2.3200E+02	 2.7883E-04	 9.5119E-05
 2.3300E+02	 2.7900E-04	 9.6760E-05
 2.3400E+02	 2.7917E-04	 9.8415E-05
 2.3500E+02	 2.7934E-04	 1.0008E-04
 2.3600E+02	 2.7951E-04	 1.0176E-04
 2.3700E+02	 2.7968E-04	 1.0346E-04
 2.3800E+02	 2.7985E-04	 1.0517E-04
 2.3900E+02	 2.8002E-04	 1.0689E-04
 2.4000E+02	 2.8019E-04	 1.0862E-04
 2.4100E+02	 2.8036E-04	 1.1037E-04
 2.4200E+02	 2.8053E-04	 1.1213E-04
 2.4300E+02	 2.8070E-04	 1.1390E-04
 2.4400E+02	 2.8087E-04	 1.1569E-04
 2.4500E+02	 2.8105E-04	 1.1749E-04
 2.4600E+02	 2.8122E-04	 1.1930E-04
 2.4700E+02	 2.8139E-04	 1.2112E-04
 2.4800E+02	 2.8156E-04	 1.2296E-04
 2.4900E+02	 2.8173E-04	 1.2481E-04
 2.5000E+02	 2.8190E-04	 1.2667E-04
 2.5100E+02	 2.8208E-04	 1.2854E-04
 2.5200E+02	 2.8225E-04	 1.3043E-04
 2.5300E+02	 2.8242E-04	 1.3232E-04
 2.5400E+02	 2.8259E-04	 1.3423E-04
 2.5500E+02	 2.8277E-04	 1.3615E-04
 2.5600E+02	 2.8294E-04	 1.3809E-04
 2.5700E+02	 2.8311E-04	 1.4003E-04
 2.5800E+02	 2.8328E-04	 1.4199E-04
 2.5900E+02	 2.8346E-04	 1.4395E-04
 2.6000E+02	 2.8363E-04	 1.4593E-04
 2.6100E+02	 2.8380E-04	 1.4792E-04
 2.6200E+02	 2.8398E-04	 1.4992E-04
 2.6300E+02	 2.8415E-04	 1.5194E-04
 2.6400E+02	 2.8432E-04	 1.5396E-04
 2.6500E+02	 2.8450E-04	 1.5599E-04
 2.6600E+02	 2.8467E-04	 1.5804E-04
 2.6700E+02	 2.8484E-04	 1.6010E-04
 2.6800E+02	 2.8502E-04	 1.6216E-04
 2.6900E+02	 2.8519E-04	 1.6424E-04
 2.7000E+02	 2.8537E-04	 1.6633E-04
 2.7100E+02	 2.8554E-04	 1.6843E-04
 2.7200E+02	 2.8571E-04	 1.7054E-04
 2.7300E+02	 2.8589E-04	 1.7266E-04
 2.7400E+02	 2.8606E-04	 1.7478E-04
 2.7500E+02	 2.8624E-04	 1.7692E-04
 2.7600E+02	 2.8641E-04	 1.7907E-04
 2.7700E+02	 2.8659E-04	 1.8123E-04
 2.7800E+02	 2.8676E-04	 1.8340E-04
 2.7900E+02	 2.8694E-04	 1.8558E-04
 2.8000E+02	 2.8711E-04	 1.8777E-04
 2.8100E+02	 2.8729E-04	 1.8997E-04
 2.8200E+02	 2.8746E-04	 1.9217E-04
 2.8300E+02	 2.8764E-04	 1.9439E-04
 2.8400E+02	 2.8781E-04	 1.9662E-04
 2.8500E+02	 2.8799E-04	 1.9885E-04
 2.8600E+02	 2.8816E-04	 2.0110E-04
 2.8700E+02	 2.8834E-04	 2.0335E-04
 2.8800E+02	 2.8851E-04	 2.0561E-04
 2.8900E+02	 2.8869E-04	 2.0789E-04
 2.9000E+02	 2.8887E-04	 2.1017E-04
 2.9100E+02	 2.8904E-04	 2.1246E-04
 2.9200E+02	 2.8922E-04	 2.1475E-04
 2.9300E+02	 2.8939E-04	 2.1706E-04
 2.9400E+02	 2.8957E-04	 2.1937E-04
 2.9500E+02	 2.8975E-04	 2.2170E-04
 2.9600E+02	 2.8992E-04	 2.2403E-04
 2.9700E+02	 2.9010E-04	 2.2637E-04
 2.9800E+02	 2.9028E-04	 2.2871E-04
 2.9900E+02	 2.9045E-04	 2.3107E-04
 3.0000E+02	 2.9063E-04	 2.3343E-04
 3.0100E+02	 2.9081E-04	 2.3580E-04
 3.0200E+02	 2.9098E-04	 2.3818E-04
 3.0300E+02	 2.9116E-04	 2.4057E-04
 3.0400E+02	 2.9134E-04	 2.4296E-04
 3.0500E+02	 2.9151E-04	 2.4537E-04
 3.0600E+02	 2.9169E-04	 2.4778E-04
 3.0700E+02	 2.9187E-04	 2.5019E-04
 3.0800E+02	 2.9205E-04	 2.5262E-04
 3.0900E+02	 2.9222E-04	 2.5505E-04
 3.1000E+02	 2.9240E-04	 2.5749E-04
 3.1100E+02	 2.9258E-04	 2.5993E-04
 3.1200E+02	 2.9276E-04	 2.6238E-04
 3.1300E+02	 2.9294E-04	 2.6484E-04
 3.1400E+02	 2.9311E-04	 2.6731E-04
 3.1500E+02	 2.9329E-04	 2.6978E-04
 3.1600E+02	 2.9347E-04	 2.7226E-04
 3.1700E+02	 2.9365E-04	 2.7475E-04
 3.1800E+02	 2.9383E-04	 2.7724E-04
 3.1900E+02	 2.9400E-04	 2.7974E-04
 3.2000E+02	 2.9418E-04	 2.8225E-04
 3.2100E+02	 2.9436E-04	 2.8476E-04
 3.2200E+02	 2.9454E-04	 2.8727E-04
 3.2300E+02	 2.9472E-04	 2.8980E-04
 3.2400E+02	 2.9490E-04	 2.9233E-04
 3.2500E+02	 2.9508E-04	 2.9486E-04
 3.2600E+02	 2.9525E-04	 2.9741E-04
 3.2700E+02	 2.9543E-04	 2.9995E-04
 3.2800E+02	 2.9561E-04	 3.0251E-04
 3.2900E+02	 2.9579E-04	 3.0507E-04
 3.3000E+02	 2.9597E-04	 3.0763E-04
 3.3100E+02	 2.9615E-04	 3.1020E-04
 3.3200E+02	 2.9633E-04	 3.1278E-04
 3.3300E+02	 2.9651E-04	 3.1536E-04
 3.3400E+02	 2.9669E-04	 3.1795E-04
 3.3500E+02	 2.9687E-04	 3.2054E-04
 3.3600E+02	 2.9705E-04	 3.2313E-04
 3.3700E+02	 2.9722E-04	 3.2574E-04
 3.3800E+02	 2.9740E-04	 3.2834E-04
 3.3900E+02	 2.9758E-04	 3.3095E-04
 3.4000E+02	 2.9776E-04	 3.3357E-04
 3.4100E+02	 2.9794E-04	 3.3619E-04
 3.4200E+02	 2.9812E-04	 3.3882E-04
 3.4300E+02	 2.9830E-04	 3.4145E-04
 3.4400E+02	 2.9848E-04	 3.4409E-04
 3.4500E+02	 2.9866E-04	 3.4673E-04
 3.4600E+02	 2.9884E-04	 3.4937E-04
 3.4700E+02	 2.9902E-04	 3.5202E-04
 3.4800E+02	 2.9920E-04	 3.5467E-04
 3.4900E+02	 2.9938E-04	 3.5733E-04
 3.5000E+02	 2.9956E-04	 3.5999E-04
 3.5100E+02	 2.9974E-04	 3.6266E-04
 3.5200E+02	 2.9992E-04	 3.6533E-04
 3.5300E+02	 3.0010E-04	 3.6801E-04
 3.5400E+02	 3.0028E-04	 3.7068E-04
 3.5500E+02	 3.0046E-04	 3.7337E-04
 3.5600E+02	 3.0064E-04	 3.7605E-04
 3.5700E+02	 3.0082E-04	 3.7874E-04
 3.5800E+02	 3.0100E-04	 3.8144E-04
 3.5900E+02	 3.0118E-04	 3.8414E-04
 3.6000E+02	 3.0136E-04	 3.8684E-04
 3.6100E+02	 3.0154E-04	 3.8954E-04
 3.6200E+02	 3.0173E-04	 3.9225E-04
 3.6300E+02	 3.0191E-04	 3.9496E-04
 3.6400E+02	 3.0209E-04	 3.9768E-04
 3.6500E+02	 3.0227E-04	 4.0040E-04
 3.6600E+02	 3.0245E-04	 4.0312E-04
 3.6700E+02	 3.0263E-04	 4.0584E-04
 3.6800E+02	 3.0281E-04	 4.0857E-04
 3.6900E+02	 3.0299E-04	 4.1130E-04
 3.7000E+02	 3.0317E-04	 4.1404E-04
 3.7100E+02	 3.0335E-04	 4.1678E-04
 3.7200E+02	 3.0353E-04	 4.1952E-04
 3.7300E+02	 3.0371E-04	 4.2226E-04
 3.7400E+02	 3.0390E-04	 4.2501E-04
 3.7500E+02	 3.0408E-04	 4.2776E-04
 3.7600E+02	 3.0426E-04	 4.3051E-04
 3.7700E+02	 3.0444E-04	 4.3326E-04
 3.7800E+02	 3.0462E-04	 4.3602E-04
 3.7900E+02	 3.0480E-04	 4.3878E-04
 3.8000E+02	 3.0498E-04	 4.4154E-04
 3.8100E+02	 3.0516E-04	 4.4431E-04
 3.8200E+02	 3.0535E-04	 4.4708E-04
 3.8300E+02	 3.0553E-04	 4.4985E-04
 3.8400E+02	 3.0571E-04	 4.5262E-04
 3.8500E+02	 3.0589E-04	 4.5539E-04
 3.8600E+02	 3.0607E-04	 4.5817E-04
 3.8700E+02	 3.0625E-04	 4.6095E-04
 3.8800E+02	 3.0643E-04	 4.6373E-04
 3.8900E+02	 3.0662E-04	 4.6651E-04
 3.9000E+02	 3.0680E-04	 4.6930E-04
 3.9100E+02	 3.0698E-04	 4.7209E-04
 3.9200E+02	 3.0716E-04	 4.7487E-04
 3.9300E+02	 3.0734E-04	 4.7767E-04
 3.9400E+02	 3.0753E-04	 4.8046E-04
 3.9500E+02	 3.0771E-04	 4.8325E-04
 3.9600E+02	 3.0789E-04	 4.8605E-04
 3.9700E+02	 3.0807E-04	 4.8885E-04
 3.9800E+02	 3.0825E-04	 4.9165E-04
 3.9900E+02	 3.0843E-04	 4.9445E-04
 4.0000E+02	 3.0862E-04	 4.9726E-04
 4.0100E+02	 3.0880E-04	 5.0006E-04
 4.0200E+02	 3.0898E-04	 5.0287E-04
 4.0300E+02	 3.0916E-04	 5.0568E-04
 4.0400E+02	 3.0935E-04	 5.0849E-04
 4.0500E+02	 3.0953E-04	 5.1130E-04
 4.0600E+02	 3.0971E-04	 5.1411E-04
 4.0700E+02	 3.0989E-04	 5.1692E-04
 4.0800E+02	 3.1007E-04	 5.1974E-04
 4.0900E+02	 3.1026E-04	 5.2256E-04
 4.1000E+02	 3.1044E-04	 5.2537E-04
 4.1100E+02	 3.1062E-04	 5.2819E-04
 4.1200E+02	 3.1080E-04	 5.3101E-04
 4.1300E+02	 3.1099E-04	 5.3383E-04
 4.1400E+02	 3.1117E-04	 5.3666E-04
 4.1500E+02	 3.1135E-04	 5.3948E-04
 4.1600E+02	 3.1153E-04	 5.4230E-04
 4.1700E+02	 3.1172E-04	 5.4513E-04
 4.1800E+02	 3.1190E-04	 5.4795E-04
 4.1900E+02	 3.1208E-04	 5.5078E-04
 4.2000E+02	 3.1226E-04	 5.5361E-04
 4.2100E+02	 3.1245E-04	 5.5644E-04
 4.2200E+02	 3.1263E-04	 5.5927E-04
 4.2300E+02	 3.1281E-04	 5.6210E-04
 4.2400E+02	 3.1300E-04	 5.6493E-04
 4.2500E+02	 3.1318E-04	 5.6776E-04
 4.2600E+02	 3.1336E-04	 5.7059E-04
 4.2700E+02	 3.1354E-04	 5.7342E-04
 4.2800E+02	 3.1373E-04	 5.7626E-04
 4.2900E+02	 3.1391E-04	 5.7909E-04
 4.3000E+02	 3.1409E-04	 5.8193E-04
 4.3100E+02	 3.1428E-04	 5.8476E-04
 4.3200E+02	 3.1446E-04	 5.8760E-04
 4.3300E+02	 3.1464E-04	 5.9043E-04
 4.3400E+02	 3.1482E-04	 5.9327E-04
 4.3500E+02	 3.1501E-04	 5.9611E-04
 4.3600E+02	 3.1519E-04	 5.9894E-04
 4.3700E+02	 3.1537E-04	 6.0178E-04
 4.3800E+02	 3.1556E-04	 6.0462E-04
 4.3900E+02	 3.1574E-04	 6.0745E-04
 4.4000E+02	 3.1592E-04	 6.1029E-04
 4.4100E+02	 3.1611E-04	 6.1313E-04
 4.4200E+02	 3.1629E-04	 6.1597E-04
 4.4300E+02	 3.1647E-04	 6.1881E-04
 4.4400E+02	 3.1666E-04	 6.2164E-04
 4.4500E+02	 3.1684E-04	 6.2448E-04
 4.4600E+02	 3.1702E-04	 6.2732E-04
 4.4700E+02	 3.1721E-04	 6.3016E-04
 4.4800E+02	 3.1739E-04	 6.3300E-04
 4.4900E+02	 3.1757E-04	 6.3584E-04
 4.5000E+02	 3.1776E-04	 6.3867E-04
 4.5100E+02	 3.1794E-04	 6.4151E-04
 4.5200E+02	 3.1812E-04	 6.4435E-04
 4.5300E+02	 3.1831E-04	 6.4719E-04
 4.5400E+02	 3.1849E-04	 6.5003E-04
 4.5500E+02	 3.1867E-04	 6.5286E-04
 4.5600E+02	 3.1886E-04	 6.5570E-04
 4.5700E+02	 3.1904E-04	 6.5854E-04
 4.5800E+02	 3.1922E-04	 6.6137E-04
 4.5900E+02	 3.1941E-04	 6.6421E-04
 4.6000E+02	 3.1959E-04	 6.6705E-04
 4.6100E+02	 3.1977E-04	 6.6988E-04
 4.6200E+02	 3.1996E-04	 6.7272E-04
 4.6300E+02	 3.2014E-04	 6.7555E-04
 4.6400E+02	 3.2033E-04	 6.7839E-04
 4.6500E+02	 3.2051E-04	 6.8122E-04
 4.6600E+02	 3.2069E-04	 6.8405E-04
 4.6700E+02	 3.2088E-04	 6.8689E-04
 4.6800E+02	 3.2106E-04	 6.8972E-04
 4.6900E+02	 3.2124E-04	 6.9255E-04
 4.7000E+02	 3.2143E-04	 6.9538E-04
 4.7100E+02	 3.2161E-04	 6.9821E-04
 4.7200E+02	 3.2180E-04	 7.0104E-04
 4.7300E+02	 3.2198E-04	 7.0387E-04
 4.7400E+02	 3.2216E-04	 7.0670E-04
 4.7500E+02	 3.2235E-04	 7.0953E-04
 4.7600E+02	 3.2253E-04	 7.1236E-04
 4.7700E+02	 3.2272E-04	 7.1518E-04
 4.7800E+02	 3.2290E-04	 7.1801E-04
 4.7900E+02	 3.2308E-04	 7.2084E-04
 4.8000E+02	 3.2327E-04	 7.2366E-04
 4.8100E+02	 3.2345E-04	 7.2648E-04
 4.8200E+02	 3.2364E-04	 7.2931E-04
 4.8300E+02	 3.2382E-04	 7.3213E-04
 4.8400E+02	 3.2400E-04	 7.3495E-04
 4.8500E+02	 3.2419E-04	 7.3777E-04
 4.8600E+02	 3.2437E-04	 7.4059E-04
 4.8700E+02	 3.2456E-04	 7.4341E-04
 4.8800E+02	 3.2474E-04	 7.4622E-04
 4.8900E+02	 3.2492E-04	 7.4904E-04
 4.9000E+02	 3.2511E-04	 7.5186E-04
 4.9100E+02	 3.2529E-04	 7.5467E-04
 4.9200E+02	 3.2548E-04	 7.5749E-04
 4.9300E+02	 3.2566E-04	 7.6030E-04
 4.9400E+02	 3.2584E-04	 7.6311E-04
 4.9500E+02	 3.2603E-04	 7.6592E-04
 4.9600E+02	 3.2621E-04	 7.6873E-04
 4.9700E+02	 3.2640E-04	 7.7154E-04
 4.9800E+02	 3.2658E-04	 7.7434E-04
 4.9900E+02	 3.2676E-04	 7.7715E-04
 5.0000E+02	 3.2695E-04	 7.7995E-04
 5.0100E+02	 3.2713E-04	 7.8276E-04
 5.0200E+02	 3.2732E-04	 7.8556E-04
 5.0300E+02	 3.2750E-04	 7.8836E-04
 5.0400E+02	 3.2769E-04	 7.9116E-04
 5.0500E+02	 3.2787E-04	 7.9396E-04
 5.0600E+02	 3.2805E-04	 7.9676E-04
 5.0700E+02	 3.2824E-04	 7.9955E-04
 5.0800E+02	 3.2842E-04	 8.0235E-04
 5.0900E+02	 3.2861E-04	 8.0514E-04
 5.1000E+02	 3.2879E-04	 8.0794E-04
 5.1100E+02	 3.2865E-04	 8.0992E-04
 5.1200E+02	 3.2883E-04	 8.1270E-04
 5.1300E+02	 3.2901E-04	 8.1548E-04
 5.1400E+02	 3.2920E-04	 8.1827E-04
 5.1500E+02	 3.2938E-04	 8.2105E-04
 5.1600E+02	 3.2956E-04	 8.2383E-04
 5.1700E+02	 3.2975E-04	 8.2661E-04
 5.1800E+02	 3.2993E-04	 8.2938E-04
 5.1900E+02	 3.3011E-04	 8.3216E-04
 5.2000E+02	 3.3030E-04	 8.3493E-04
 5.2100E+02	 3.3048E-04	 8.3770E-04
 5.2200E+02	 3.3066E-04	 8.4047E-04
 5.2300E+02	 3.3085E-04	 8.4324E-04
 5.2400E+02	 3.3103E-04	 8.4601E-04
 5.2500E+02	 3.3121E-04	 8.4878E-04
 5.2600E+02	 3.3140E-04	 8.5154E-04
 5.2700E+02	 3.3158E-04	 8.5431E-04
 5.2800E+02	 3.3176E-04	 8.5707E-04
 5.2900E+02	 3.3195E-04	 8.5983E-04
 5.3000E+02	 3.3213E-04	 8.6259E-04
 5.3100E+02	 3.3231E-04	 8.6534E-04
 5.3200E+02	 3.3250E-04	 8.6810E-04
 5.3300E+02	 3.3268E-04	 8.7085E-04
 5.3400E+02	 3.3286E-04	 8.7360E-04
 5.3500E+02	 3.3305E-04	 8.7635E-04
 5.3600E+02	 3.3323E-04	 8.7910E-04
 5.3700E+02	 3.3341E-04	 8.8185E-04
 5.3800E+02	 3.3360E-04	 8.8460E-04
 5.3900E+02	 3.3378E-04	 8.8734E-04
 5.4000E+02	 3.3396E-04	 8.9008E-04
 5.4100E+02	 3.3415E-04	 8.9282E-04
 5.4200E+02	 3.3433E-04	 8.9556E-04
 5.4300E+02	 3.3451E-04	 8.9830E-04
 5.4400E+02	 3.3470E-04	 9.0104E-04
 5.4500E+02	 3.3488E-04	 9.0377E-04
 5.4600E+02	 3.3506E-04	 9.0650E-04
 5.4700E+02	 3.3525E-04	 9.0923E-04
 5.4800E+02	 3.3543E-04	 9.1196E-04
 5.4900E+02	 3.3561E-04	 9.1469E-04
 5.5000E+02	 3.3580E-04	 9.1741E-04
 5.5100E+02	 3.3598E-04	 9.2014E-04
 5.5200E+02	 3.3616E-04	 9.2286E-04
 5.5300E+02	 3.3635E-04	 9.2558E-04
 5.5400E+02	 3.3653E-04	 9.2829E-04
 5.5500E+02	 3.3671E-04	 9.3101E-04
 5.5600E+02	 3.3690E-04	 9.3373E-04
 5.5700E+02	 3.3708E-04	 9.3644E-04
 5.5800E+02	 3.3727E-04	 9.3915E-04
 5.5900E+02	 3.3745E-04	 9.4186E-04
 5.6000E+02	 3.3763E-04	 9.4456E-04
 5.6100E+02	 3.3782E-04	 9.4727E-04
 5.6200E+02	 3.3800E-04	 9.4997E-04
 5.6300E+02	 3.3818E-04	 9.5267E-04
 5.6400E+02	 3.3837E-04	 9.5537E-04
 5.6500E+02	 3.3855E-04	 9.5807E-04
 5.6600E+02	 3.3873E-04	 9.6077E-04
 5.6700E+02	 3.3892E-04	 9.6346E-04
 5.6800E+02	 3.3910E-04	 9.6615E-04
 5.6900E+02	 3.3928E-04	 9.6884E-04
 5.7000E+02	 3.3947E-04	 9.7153E-04
 5.7100E+02	 3.3965E-04	 9.7422E-04
 5.7200E+02	 3.3983E-04	 9.7690E-04
 5.7300E+02	 3.4002E-04	 9.7958E-04
 5.7400E+02	 3.4020E-04	 9.8226E-04
 5.7500E+02	 3.4038E-04	 9.8494E-04
 5.7600E+02	 3.4057E-04	 9.8762E-04
 5.7700E+02	 3.4075E-04	 9.9029E-04
 5.7800E+02	 3.4093E-04	 9.9296E-04
 5.7900E+02	 3.4112E-04	 9.9563E-04
 5.8000E+02	 3.4130E-04	 9.9830E-04
 5.8100E+02	 3.4149E-04	 1.0010E-03
 5.8200E+02	 3.4167E-04	 1.0036E-03
 5.8300E+02	 3.4185E-04	 1.0063E-03
 5.8400E+02	 3.4204E-04	 1.0090E-03
 5.8500E+02	 3.4222E-04	 1.0116E-03
 5.8600E+02	 3.4240E-04	 1.0143E-03
 5.8700E+02	 3.4259E-04	 1.0169E-03
 5.8800E+02	 3.4277E-04	 1.0196E-03
 5.8900E+02	 3.4295E-04	 1.0222E-03
 5.9000E+02	 3.4314E-04	 1.0249E-03
 5.9100E+02	 3.4332E-04	 1.0275E-03
 5.9200E+02	 3.4350E-04	 1.0302E-03
 5.9300E+02	 3.4369E-04	 1.0328E-03
 5.9400E+02	 3.4387E-04	 1.0354E-03
 5.9500E+02	 3.4405E-04	 1.0381E-03
 5.9600E+02	 3.4424E-04	 1.0407E-03
 5.9700E+02	 3.4442E-04	 1.0434E-03
 5.9800E+02	 3.4460E-04	 1.0460E-03
 5.9900E+02	 3.4479E-04	 1.0486E-03


